# 1: Time step number
# 2: Time (years)
# 3: Time step size (years)
# 4: Number of mesh cells
# 5: Number of Stokes degrees of freedom
# 6: Number of temperature degrees of freedom
# 7: Iterations for temperature solver
# 8: Iterations for Stokes solver
# 9: Velocity iterations in Stokes preconditioner
# 10: Schur complement iterations in Stokes preconditioner
# 11: RMS velocity (m/year)
# 12: Max. velocity (m/year)
# 13: Visualization file name
  0 0.000000000000e+00 0.000000000000e+00 768 7235 3201  0 8 9 9 5.30108465e-06 9.43116042e-06 outputs/V1e24_D10_G8/solution/solution-00000 
  1 1.392571516413e+09 1.392571516413e+09 768 7235 3201 32 8 9 9 6.90316928e-06 1.29441254e-05 outputs/V1e24_D10_G8/solution/solution-00001 
  2 2.785143032825e+09 1.392571516413e+09 768 7235 3201 25 8 9 9 1.14937868e-05 2.36195058e-05 outputs/V1e24_D10_G8/solution/solution-00002 
  3 4.177714549238e+09 1.392571516413e+09 768 7235 3201 24 8 9 9 2.43723480e-05 5.21978342e-05 outputs/V1e24_D10_G8/solution/solution-00003 
  4 5.570286065650e+09 1.392571516413e+09 768 7235 3201 24 8 9 9 6.16434112e-05 1.32591211e-04 outputs/V1e24_D10_G8/solution/solution-00004 
  5 6.277534384635e+09 7.072483189843e+08 768 7235 3201 19 8 9 9 1.11284204e-04 2.39144772e-04 outputs/V1e24_D10_G8/solution/solution-00005 
  6 6.669670490384e+09 3.921361057493e+08 768 7235 3201 14 8 9 9 1.63394256e-04 3.51458906e-04 outputs/V1e24_D10_G8/solution/solution-00006 
  7 6.936527163039e+09 2.668566726545e+08 768 7235 3201 12 7 8 8 2.17913127e-04 4.69688004e-04 outputs/V1e24_D10_G8/solution/solution-00007 
  8 7.136220071134e+09 1.996929080956e+08 768 7235 3201 11 7 8 8 2.74414223e-04 5.93018811e-04 outputs/V1e24_D10_G8/solution/solution-00008 
  9 7.294359936677e+09 1.581398655430e+08 768 7235 3201 10 7 8 8 3.32710182e-04 7.20877116e-04 outputs/V1e24_D10_G8/solution/solution-00009 
 10 7.424409841069e+09 1.300499043920e+08 768 7235 3201 10 7 8 8 3.92727712e-04 8.52614897e-04 outputs/V1e24_D10_G8/solution/solution-00010 
 11 7.534318324957e+09 1.099084838875e+08 768 7235 3201 10 6 7 7 4.54429326e-04 9.88415875e-04 outputs/V1e24_D10_G8/solution/solution-00011 
 12 7.629206643819e+09 9.488831886241e+07 768 7235 3201 10 6 7 7 5.17793983e-04 1.12683652e-03 outputs/V1e24_D10_G8/solution/solution-00012 
 13 7.712404160521e+09 8.319751670227e+07 768 7235 3201 10 6 7 7 5.82654380e-04 1.26729430e-03 outputs/V1e24_D10_G8/solution/solution-00013 
 14 7.786409927465e+09 7.400576694383e+07 768 7235 3201 10 6 7 7 6.48906751e-04 1.40799298e-03                                           "" 
 15 7.852962968214e+09 6.655304074897e+07 768 7235 3201 10 6 7 7 7.16301982e-04 1.54994959e-03 outputs/V1e24_D10_G8/solution/solution-00014 
 16 7.913499634353e+09 6.053666613874e+07 768 7235 3201 10 6 7 7 7.84672349e-04 1.69014360e-03 outputs/V1e24_D10_G8/solution/solution-00015 
 17 7.968968293797e+09 5.546865944429e+07 768 7235 3201 10 6 7 7 8.53600269e-04 1.82833964e-03                                           "" 
 18 8.020244324769e+09 5.127603097133e+07 768 7235 3201 10 6 7 7 9.22782557e-04 1.96293557e-03 outputs/V1e24_D10_G8/solution/solution-00016 
 19 8.068026615503e+09 4.778229073492e+07 768 7235 3201 10 6 7 7 9.91870929e-04 2.09358370e-03                                           "" 
 20 8.112844641568e+09 4.481802606485e+07 768 7235 3201 11 6 7 7 1.06041568e-03 2.27278299e-03 outputs/V1e24_D10_G8/solution/solution-00017 
 21 8.154149531409e+09 4.130488984054e+07 768 7235 3201 11 6 7 7 1.12633929e-03 2.44904847e-03                                           "" 
 22 8.192456968434e+09 3.830743702469e+07 768 7235 3201 11 6 7 7 1.18927495e-03 2.61742630e-03                                           "" 
 23 8.228275538166e+09 3.581856973281e+07 768 7235 3201 11 6 7 7 1.24905601e-03 2.77885137e-03 outputs/V1e24_D10_G8/solution/solution-00018 
 24 8.262012499106e+09 3.373696093985e+07 768 7235 3201 11 6 7 7 1.30552725e-03 2.93104569e-03                                           "" 
 25 8.293997670976e+09 3.198517186942e+07 768 7235 3201 11 6 7 7 1.35854556e-03 3.07333596e-03                                           "" 
 26 8.324501983309e+09 3.050431233372e+07 768 7235 3201 11 6 7 7 1.40798281e-03 3.20524732e-03 outputs/V1e24_D10_G8/solution/solution-00019 
 27 8.353750896264e+09 2.924891295484e+07 768 7235 3201 11 6 7 7 1.45372800e-03 3.32643757e-03                                           "" 
 28 8.381934302986e+09 2.818340672219e+07 768 7235 3201 11 6 7 7 1.49568912e-03 3.43850015e-03                                           "" 
 29 8.409213958073e+09 2.727965508649e+07 768 7235 3201 11 6 7 7 1.53379475e-03 3.53941996e-03 outputs/V1e24_D10_G8/solution/solution-00020 
 30 8.435729130973e+09 2.651517290051e+07 768 7235 3201 11 6 7 7 1.56799544e-03 3.62912289e-03                                           "" 
 31 8.461583362425e+09 2.585423145181e+07 768 7235 3201 12 6 7 7 1.59824535e-03 3.70757563e-03                                           "" 
 32 8.486881406796e+09 2.529804437078e+07 768 7235 3201 12 6 7 7 1.62454748e-03 3.77489486e-03                                           "" 
 33 8.511720121310e+09 2.483871451388e+07 768 7235 3201 12 6 7 7 1.64693425e-03 3.83128696e-03 outputs/V1e24_D10_G8/solution/solution-00021 
 34 8.536185912091e+09 2.446579078157e+07 768 7235 3201 12 6 7 7 1.66546103e-03 3.87702455e-03                                           "" 
 35 8.560356537187e+09 2.417062509523e+07 768 7235 3201 12 6 7 7 1.68020580e-03 3.91244036e-03                                           "" 
 36 8.584302554105e+09 2.394601691842e+07 768 7235 3201 12 6 7 7 1.69126836e-03 3.93792134e-03                                           "" 
 37 8.608088487677e+09 2.378593357158e+07 768 7235 3201 12 6 7 7 1.69876925e-03 3.95538409e-03 outputs/V1e24_D10_G8/solution/solution-00022 
 38 8.631773775447e+09 2.368528777023e+07 768 7235 3201 12 6 7 7 1.70284822e-03 3.96368042e-03                                           "" 
 39 8.655413534270e+09 2.363975882358e+07 768 7235 3201 12 6 7 7 1.70366246e-03 3.96327449e-03                                           "" 
 40 8.679059181724e+09 2.364564745329e+07 768 7235 3201 12 6 7 7 1.70138448e-03 3.95471311e-03                                           "" 
 41 8.702758938460e+09 2.369975673654e+07 768 7235 3201 12 6 7 7 1.69619983e-03 3.93857036e-03 outputs/V1e24_D10_G8/solution/solution-00023 
 42 8.726558232010e+09 2.379929354977e+07 768 7235 3201 12 6 7 7 1.68830460e-03 3.91544102e-03                                           "" 
 43 8.750500018291e+09 2.394178628094e+07 768 7235 3201 11 6 7 7 1.67790293e-03 3.88593401e-03                                           "" 
 44 8.774625033903e+09 2.412501561167e+07 768 7235 3201 11 6 7 7 1.66520438e-03 3.85066585e-03                                           "" 
 45 8.798971989839e+09 2.434695593623e+07 768 7235 3201 11 6 7 7 1.65042143e-03 3.81025431e-03                                           "" 
 46 8.823577715391e+09 2.460572555201e+07 768 7235 3201 11 6 7 7 1.63376706e-03 3.76531226e-03 outputs/V1e24_D10_G8/solution/solution-00024 
 47 8.848477259577e+09 2.489954418594e+07 768 7235 3201 11 6 7 7 1.61545248e-03 3.71644189e-03                                           "" 
 48 8.873703956332e+09 2.522669675492e+07 768 7235 3201 11 6 7 7 1.59568505e-03 3.66422945e-03                                           "" 
 49 8.899289458856e+09 2.558550252398e+07 768 7235 3201 11 6 7 7 1.57466642e-03 3.60924044e-03                                           "" 
 50 8.925263747896e+09 2.597428904072e+07 768 7235 3201 11 6 7 7 1.55259099e-03 3.55201547e-03 outputs/V1e24_D10_G8/solution/solution-00025 
 51 8.951655118291e+09 2.639137039447e+07 768 7235 3201 11 6 7 7 1.52964449e-03 3.49306675e-03                                           "" 
 52 8.978490147771e+09 2.683502948001e+07 768 7235 3201 11 6 7 7 1.50600293e-03 3.43287530e-03                                           "" 
 53 9.005793651813e+09 2.730350404218e+07 768 7235 3201 11 6 7 7 1.48183175e-03 3.37188877e-03 outputs/V1e24_D10_G8/solution/solution-00026 
 54 9.033588628157e+09 2.779497634425e+07 768 7235 3201 11 6 7 7 1.45728512e-03 3.31051997e-03                                           "" 
 55 9.061896194502e+09 2.830756634460e+07 768 7235 3201 10 6 7 7 1.43250562e-03 3.24914600e-03                                           "" 
 56 9.090735522789e+09 2.883932828662e+07 768 7235 3201 10 6 7 7 1.40762393e-03 3.18810799e-03                                           "" 
 57 9.120123773397e+09 2.938825060882e+07 768 7235 3201 10 6 7 7 1.38275883e-03 3.12771129e-03 outputs/V1e24_D10_G8/solution/solution-00027 
 58 9.150076032465e+09 2.995225906770e+07 768 7235 3201 10 6 7 7 1.35801723e-03 3.06828592e-03                                           "" 
 59 9.180605255402e+09 3.052922293663e+07 768 7235 3201 10 6 7 7 1.33349444e-03 3.01073350e-03                                           "" 
 60 9.211722219503e+09 3.111696410135e+07 768 7235 3201 10 6 7 7 1.30927448e-03 2.95453046e-03 outputs/V1e24_D10_G8/solution/solution-00028 
 61 9.243435488323e+09 3.171326881966e+07 768 7235 3201 10 6 7 7 1.28543047e-03 2.89984544e-03                                           "" 
 62 9.275751390175e+09 3.231590185248e+07 768 7235 3201 10 6 7 7 1.26202517e-03 2.84681857e-03                                           "" 
 63 9.308674012785e+09 3.292262261001e+07 768 7235 3201 10 6 7 7 1.23911148e-03 2.79556333e-03 outputs/V1e24_D10_G8/solution/solution-00029 
 64 9.342205215682e+09 3.353120289636e+07 768 7235 3201 10 6 7 7 1.21673304e-03 2.74616848e-03                                           "" 
 65 9.376344661464e+09 3.413944578203e+07 768 7235 3201 10 6 7 7 1.19492490e-03 2.69870006e-03                                           "" 
 66 9.411089866557e+09 3.474520509334e+07 768 7235 3201 10 6 7 7 1.17371412e-03 2.65320341e-03 outputs/V1e24_D10_G8/solution/solution-00030 
 67 9.446436271541e+09 3.534640498366e+07 768 7235 3201 10 6 7 7 1.15312044e-03 2.60970514e-03                                           "" 
 68 9.482377330588e+09 3.594105904752e+07 768 7235 3201 10 6 7 7 1.13315699e-03 2.56821507e-03                                           "" 
 69 9.518904619044e+09 3.652728845572e+07 768 7235 3201 10 6 7 7 1.11383088e-03 2.52872808e-03 outputs/V1e24_D10_G8/solution/solution-00031 
 70 9.556007957672e+09 3.710333862853e+07 768 7235 3201 10 6 7 7 1.09514392e-03 2.49122593e-03                                           "" 
 71 9.593675551694e+09 3.766759402134e+07 768 7235 3201 10 6 7 7 1.07709321e-03 2.45567893e-03                                           "" 
 72 9.631886061002e+09 3.821050930868e+07 768 7235 3201 10 6 7 7 1.05967536e-03 2.42205441e-03 outputs/V1e24_D10_G8/solution/solution-00032 
 73 9.670619810633e+09 3.873374963032e+07 768 7235 3201 10 6 7 7 1.04288151e-03 2.39030706e-03                                           "" 
 74 9.709860828741e+09 3.924101810823e+07 768 7235 3201 10 6 7 7 1.02669755e-03 2.36038006e-03 outputs/V1e24_D10_G8/solution/solution-00033 
 75 9.749592263169e+09 3.973143442817e+07 768 7235 3201  9 6 7 7 1.01110696e-03 2.33221099e-03                                           "" 
 76 9.789796557369e+09 4.020429420017e+07 768 7235 3201  9 6 7 7 9.96091297e-04 2.30575878e-03                                           "" 
 77 9.830455624082e+09 4.065906671290e+07 768 7235 3201  9 6 7 7 9.81630622e-04 2.28127776e-03 outputs/V1e24_D10_G8/solution/solution-00034 
 78 9.871551014339e+09 4.109539025684e+07 768 7235 3201  9 6 7 7 9.67703917e-04 2.25832516e-03                                           "" 
 79 9.913064079638e+09 4.151306529892e+07 768 7235 3201  9 6 7 7 9.54289424e-04 2.23682710e-03 outputs/V1e24_D10_G8/solution/solution-00035 
 80 9.954976125454e+09 4.191204581566e+07 768 7235 3201  9 6 7 7 9.41364953e-04 2.21670881e-03                                           "" 
 81 9.997268554563e+09 4.229242910897e+07 768 7235 3201  9 6 7 7 9.28908159e-04 2.19789523e-03                                           "" 
 82 1.003992299900e+10 4.265444443494e+07 768 7235 3201  9 6 7 7 9.16896766e-04 2.18031162e-03 outputs/V1e24_D10_G8/solution/solution-00036 
 83 1.008292143977e+10 4.299844077043e+07 768 7235 3201  9 5 6 6 9.05308770e-04 2.16388395e-03                                           "" 
 84 1.012624631393e+10 4.332487416056e+07 768 7235 3201  9 5 6 6 8.94122600e-04 2.14853940e-03 outputs/V1e24_D10_G8/solution/solution-00037 
 85 1.016988060806e+10 4.363429412899e+07 768 7235 3201  9 5 6 6 8.83317246e-04 2.13420658e-03                                           "" 
 86 1.021380793949e+10 4.392733143696e+07 768 7235 3201  9 5 6 6 8.72872371e-04 2.12081594e-03 outputs/V1e24_D10_G8/solution/solution-00038 
 87 1.025801262419e+10 4.420468469202e+07 768 7235 3201  9 5 6 6 8.62768391e-04 2.10829991e-03                                           "" 
 88 1.030247973225e+10 4.446710806181e+07 768 7235 3201  9 5 6 6 8.52986538e-04 2.09659315e-03 outputs/V1e24_D10_G8/solution/solution-00039 
 89 1.034719513167e+10 4.471539941770e+07 768 7235 3201  9 5 6 6 8.43508903e-04 2.08563267e-03                                           "" 
 90 1.039214552084e+10 4.495038917485e+07 768 7235 3201  9 5 6 6 8.34318465e-04 2.07535797e-03                                           "" 
 91 1.043731845076e+10 4.517292992274e+07 768 7235 3201  9 5 6 6 8.25399105e-04 2.06571112e-03 outputs/V1e24_D10_G8/solution/solution-00040 
 92 1.048270233768e+10 4.538388691227e+07 768 7235 3201  8 5 6 6 8.16735613e-04 2.05663684e-03                                           "" 
 93 1.052828646712e+10 4.558412944019e+07 768 7235 3201  8 5 6 6 8.08313683e-04 2.04808250e-03 outputs/V1e24_D10_G8/solution/solution-00041 
 94 1.057406099027e+10 4.577452314936e+07 768 7235 3201  8 5 6 6 8.00119899e-04 2.03999818e-03                                           "" 
 95 1.062001691351e+10 4.595592324423e+07 768 7235 3201  8 5 6 6 7.92141719e-04 2.03233665e-03 outputs/V1e24_D10_G8/solution/solution-00042 
 96 1.066614608212e+10 4.612916860551e+07 768 7235 3201  8 5 6 6 7.84367448e-04 2.02505334e-03                                           "" 
 97 1.071244115889e+10 4.629507677474e+07 768 7235 3201  8 5 6 6 7.76786216e-04 2.01810635e-03 outputs/V1e24_D10_G8/solution/solution-00043 
 98 1.075889559866e+10 4.645443976968e+07 768 7235 3201  8 5 6 6 7.69387938e-04 2.01145637e-03                                           "" 
 99 1.080550361934e+10 4.660802068363e+07 768 7235 3201  8 5 6 6 7.62163283e-04 2.00506663e-03 outputs/V1e24_D10_G8/solution/solution-00044 
100 1.085226017036e+10 4.675655101599e+07 768 7235 3201  8 5 6 6 7.55103636e-04 1.99890285e-03                                           "" 
