# 1: Time step number
# 2: Time (years)
# 3: Time step size (years)
# 4: Number of mesh cells
# 5: Number of Stokes degrees of freedom
# 6: Number of temperature degrees of freedom
# 7: Iterations for temperature solver
# 8: Iterations for Stokes solver
# 9: Velocity iterations in Stokes preconditioner
# 10: Schur complement iterations in Stokes preconditioner
# 11: RMS velocity (m/year)
# 12: Max. velocity (m/year)
# 13: Visualization file name
  0 0.000000000000e+00 0.000000000000e+00 768 7235 3201  0 8 9 9 1.20479197e-08 2.14344555e-08 outputs/V3.3e26_D10_G6/solution/solution-00000 
  1 1.392571516413e+09 1.392571516413e+09 768 7235 3201 32 8 9 9 1.14012936e-08 1.92756465e-08 outputs/V3.3e26_D10_G6/solution/solution-00001 
  2 2.785143032825e+09 1.392571516413e+09 768 7235 3201 25 8 9 9 1.08098020e-08 1.82503273e-08 outputs/V3.3e26_D10_G6/solution/solution-00002 
  3 4.177714549238e+09 1.392571516413e+09 768 7235 3201 24 8 9 9 1.02597308e-08 1.73324022e-08 outputs/V3.3e26_D10_G6/solution/solution-00003 
  4 5.570286065650e+09 1.392571516413e+09 768 7235 3201 23 8 9 9 9.74218704e-09 1.64681704e-08 outputs/V3.3e26_D10_G6/solution/solution-00004 
  5 6.962857582063e+09 1.392571516413e+09 768 7235 3201 23 8 9 9 9.25512955e-09 1.56538611e-08 outputs/V3.3e26_D10_G6/solution/solution-00005 
  6 8.355429098476e+09 1.392571516413e+09 768 7235 3201 22 8 9 9 8.79616869e-09 1.48854064e-08 outputs/V3.3e26_D10_G6/solution/solution-00006 
  7 9.748000614888e+09 1.392571516413e+09 768 7235 3201 21 8 9 9 8.36308899e-09 1.41591071e-08 outputs/V3.3e26_D10_G6/solution/solution-00007 
  8 1.114057213130e+10 1.392571516413e+09 768 7235 3201 21 8 9 9 7.95389904e-09 1.34717329e-08 outputs/V3.3e26_D10_G6/solution/solution-00008 
  9 1.253314364771e+10 1.392571516413e+09 768 7235 3201 21 8 9 9 7.56682829e-09 1.28204743e-08 outputs/V3.3e26_D10_G6/solution/solution-00009 
 10 1.392571516413e+10 1.392571516413e+09 768 7235 3201 20 8 9 9 7.20030488e-09 1.22028699e-08 outputs/V3.3e26_D10_G6/solution/solution-00010 
 11 1.531828668054e+10 1.392571516413e+09 768 7235 3201 20 8 9 9 6.85292866e-09 1.16167405e-08 outputs/V3.3e26_D10_G6/solution/solution-00011 
 12 1.671085819695e+10 1.392571516413e+09 768 7235 3201 20 8 9 9 6.52344611e-09 1.10601373e-08 outputs/V3.3e26_D10_G6/solution/solution-00012 
 13 1.810342971336e+10 1.392571516413e+09 768 7235 3201 20 8 9 9 6.21072852e-09 1.05313018e-08 outputs/V3.3e26_D10_G6/solution/solution-00013 
 14 1.949600122978e+10 1.392571516413e+09 768 7235 3201 20 8 9 9 5.91375392e-09 1.00286341e-08 outputs/V3.3e26_D10_G6/solution/solution-00014 
 15 2.088857274619e+10 1.392571516413e+09 768 7235 3201 20 8 9 9 5.63159195e-09 9.55066931e-09 outputs/V3.3e26_D10_G6/solution/solution-00015 
 16 2.228114426260e+10 1.392571516413e+09 768 7235 3201 19 8 9 9 5.36339135e-09 9.09605785e-09 outputs/V3.3e26_D10_G6/solution/solution-00016 
 17 2.367371577901e+10 1.392571516413e+09 768 7235 3201 19 8 9 9 5.10836964e-09 8.66355051e-09 outputs/V3.3e26_D10_G6/solution/solution-00017 
 18 2.506628729543e+10 1.392571516413e+09 768 7235 3201 19 8 9 9 4.86580448e-09 8.25198596e-09 outputs/V3.3e26_D10_G6/solution/solution-00018 
 19 2.645885881184e+10 1.392571516413e+09 768 7235 3201 19 8 9 9 4.63502648e-09 7.86028069e-09 outputs/V3.3e26_D10_G6/solution/solution-00019 
 20 2.785143032825e+10 1.392571516413e+09 768 7235 3201 19 8 9 9 4.41541320e-09 7.48742062e-09 outputs/V3.3e26_D10_G6/solution/solution-00020 
 21 2.924400184466e+10 1.392571516413e+09 768 7235 3201 19 8 9 9 4.20638400e-09 7.13245419e-09 outputs/V3.3e26_D10_G6/solution/solution-00021 
 22 3.063657336108e+10 1.392571516413e+09 768 7235 3201 19 8 9 9 4.00739578e-09 6.79448646e-09 outputs/V3.3e26_D10_G6/solution/solution-00022 
 23 3.202914487749e+10 1.392571516413e+09 768 7235 3201 19 8 9 9 3.81793931e-09 6.47267411e-09 outputs/V3.3e26_D10_G6/solution/solution-00023 
 24 3.342171639390e+10 1.392571516413e+09 768 7235 3201 19 8 9 9 3.63753610e-09 6.16622120e-09 outputs/V3.3e26_D10_G6/solution/solution-00024 
 25 3.481428791032e+10 1.392571516413e+09 768 7235 3201 19 8 9 9 3.46573566e-09 5.87437542e-09 outputs/V3.3e26_D10_G6/solution/solution-00025 
 26 3.620685942673e+10 1.392571516413e+09 768 7235 3201 18 8 9 9 3.30211322e-09 5.59642488e-09 outputs/V3.3e26_D10_G6/solution/solution-00026 
 27 3.759943094314e+10 1.392571516413e+09 768 7235 3201 18 8 9 9 3.14626763e-09 5.33169524e-09 outputs/V3.3e26_D10_G6/solution/solution-00027 
 28 3.899200245955e+10 1.392571516413e+09 768 7235 3201 18 8 9 9 2.99781960e-09 5.07954719e-09 outputs/V3.3e26_D10_G6/solution/solution-00028 
 29 4.038457397597e+10 1.392571516413e+09 768 7235 3201 18 8 9 9 2.85641012e-09 4.83937420e-09 outputs/V3.3e26_D10_G6/solution/solution-00029 
 30 4.177714549238e+10 1.392571516413e+09 768 7235 3201 18 8 9 9 2.72169906e-09 4.61060048e-09 outputs/V3.3e26_D10_G6/solution/solution-00030 
 31 4.316971700879e+10 1.392571516413e+09 768 7235 3201 18 8 9 9 2.59336390e-09 4.39267913e-09 outputs/V3.3e26_D10_G6/solution/solution-00031 
 32 4.456228852520e+10 1.392571516413e+09 768 7235 3201 18 8 9 9 2.47109862e-09 4.18509048e-09 outputs/V3.3e26_D10_G6/solution/solution-00032 
 33 4.595486004162e+10 1.392571516413e+09 768 7235 3201 18 8 9 9 2.35461268e-09 3.98734053e-09 outputs/V3.3e26_D10_G6/solution/solution-00033 
 34 4.734743155803e+10 1.392571516413e+09 768 7235 3201 18 8 9 9 2.24363006e-09 3.79895956e-09 outputs/V3.3e26_D10_G6/solution/solution-00034 
 35 4.874000307444e+10 1.392571516413e+09 768 7235 3201 18 8 9 9 2.13788848e-09 3.61950078e-09 outputs/V3.3e26_D10_G6/solution/solution-00035 
 36 5.013257459085e+10 1.392571516413e+09 768 7235 3201 18 8 9 9 2.03713858e-09 3.44853916e-09 outputs/V3.3e26_D10_G6/solution/solution-00036 
 37 5.152514610727e+10 1.392571516413e+09 768 7235 3201 18 8 9 9 1.94114319e-09 3.28567025e-09 outputs/V3.3e26_D10_G6/solution/solution-00037 
 38 5.291771762368e+10 1.392571516413e+09 768 7235 3201 18 8 9 9 1.84967670e-09 3.13050917e-09 outputs/V3.3e26_D10_G6/solution/solution-00038 
 39 5.431028914009e+10 1.392571516413e+09 768 7235 3201 18 8 9 9 1.76252446e-09 2.98268954e-09 outputs/V3.3e26_D10_G6/solution/solution-00039 
 40 5.570286065650e+10 1.392571516413e+09 768 7235 3201 18 8 9 9 1.67948214e-09 2.84186265e-09 outputs/V3.3e26_D10_G6/solution/solution-00040 
 41 5.709543217292e+10 1.392571516413e+09 768 7235 3201 18 8 9 9 1.60035526e-09 2.70769649e-09 outputs/V3.3e26_D10_G6/solution/solution-00041 
 42 5.848800368933e+10 1.392571516413e+09 768 7235 3201 18 8 9 9 1.52495869e-09 2.57987495e-09 outputs/V3.3e26_D10_G6/solution/solution-00042 
 43 5.988057520574e+10 1.392571516413e+09 768 7235 3201 18 8 9 9 1.45311611e-09 2.45809706e-09 outputs/V3.3e26_D10_G6/solution/solution-00043 
 44 6.127314672215e+10 1.392571516413e+09 768 7235 3201 18 8 9 9 1.38465964e-09 2.34207622e-09 outputs/V3.3e26_D10_G6/solution/solution-00044 
 45 6.266571823857e+10 1.392571516413e+09 768 7235 3201 18 8 9 9 1.31942941e-09 2.23153951e-09 outputs/V3.3e26_D10_G6/solution/solution-00045 
 46 6.405828975498e+10 1.392571516413e+09 768 7235 3201 17 8 9 9 1.25727312e-09 2.12622702e-09 outputs/V3.3e26_D10_G6/solution/solution-00046 
 47 6.545086127139e+10 1.392571516413e+09 768 7235 3201 17 8 9 9 1.19804574e-09 2.02589124e-09 outputs/V3.3e26_D10_G6/solution/solution-00047 
 48 6.684343278781e+10 1.392571516413e+09 768 7235 3201 17 8 9 9 1.14160909e-09 1.93029641e-09 outputs/V3.3e26_D10_G6/solution/solution-00048 
 49 6.823600430422e+10 1.392571516413e+09 768 7235 3201 17 8 9 9 1.08783154e-09 1.83921803e-09 outputs/V3.3e26_D10_G6/solution/solution-00049 
 50 6.962857582063e+10 1.392571516413e+09 768 7235 3201 17 8 9 9 1.03658772e-09 1.75244225e-09 outputs/V3.3e26_D10_G6/solution/solution-00050 
 51 7.102114733704e+10 1.392571516413e+09 768 7235 3201 17 8 9 9 9.87758152e-10 1.66976538e-09 outputs/V3.3e26_D10_G6/solution/solution-00051 
 52 7.241371885346e+10 1.392571516413e+09 768 7235 3201 17 8 9 9 9.41229037e-10 1.59099343e-09 outputs/V3.3e26_D10_G6/solution/solution-00052 
 53 7.380629036987e+10 1.392571516413e+09 768 7235 3201 17 8 9 9 8.96891940e-10 1.51594161e-09 outputs/V3.3e26_D10_G6/solution/solution-00053 
 54 7.519886188628e+10 1.392571516413e+09 768 7235 3201 17 8 9 9 8.54643550e-10 1.44443392e-09 outputs/V3.3e26_D10_G6/solution/solution-00054 
 55 7.659143340269e+10 1.392571516413e+09 768 7235 3201 17 8 9 9 8.14385433e-10 1.37630268e-09 outputs/V3.3e26_D10_G6/solution/solution-00055 
 56 7.798400491911e+10 1.392571516413e+09 768 7235 3201 17 8 9 9 7.76023801e-10 1.31138820e-09 outputs/V3.3e26_D10_G6/solution/solution-00056 
 57 7.937657643552e+10 1.392571516413e+09 768 7235 3201 17 8 9 9 7.39469292e-10 1.24953836e-09 outputs/V3.3e26_D10_G6/solution/solution-00057 
 58 8.076914795193e+10 1.392571516413e+09 768 7235 3201 17 8 9 9 7.04636757e-10 1.19060823e-09 outputs/V3.3e26_D10_G6/solution/solution-00058 
 59 8.216171946834e+10 1.392571516413e+09 768 7235 3201 17 8 9 9 6.71445065e-10 1.13445978e-09 outputs/V3.3e26_D10_G6/solution/solution-00059 
 60 8.355429098476e+10 1.392571516413e+09 768 7235 3201 17 8 9 9 6.39816909e-10 1.08096151e-09 outputs/V3.3e26_D10_G6/solution/solution-00060 
 61 8.494686250117e+10 1.392571516413e+09 768 7235 3201 17 8 9 9 6.09678627e-10 1.02998815e-09 outputs/V3.3e26_D10_G6/solution/solution-00061 
 62 8.633943401758e+10 1.392571516413e+09 768 7235 3201 17 8 9 9 5.80960030e-10 9.81420366e-10 outputs/V3.3e26_D10_G6/solution/solution-00062 
 63 8.773200553399e+10 1.392571516413e+09 768 7235 3201 17 8 9 9 5.53594236e-10 9.35144484e-10 outputs/V3.3e26_D10_G6/solution/solution-00063 
 64 8.912457705041e+10 1.392571516413e+09 768 7235 3201 17 8 9 9 5.27517515e-10 8.91052207e-10 outputs/V3.3e26_D10_G6/solution/solution-00064 
 65 9.051714856682e+10 1.392571516413e+09 768 7235 3201 17 8 9 9 5.02669142e-10 8.49040371e-10 outputs/V3.3e26_D10_G6/solution/solution-00065 
 66 9.190972008323e+10 1.392571516413e+09 768 7235 3201 17 8 9 9 4.78991251e-10 8.09010690e-10 outputs/V3.3e26_D10_G6/solution/solution-00066 
 67 9.330229159964e+10 1.392571516413e+09 768 7235 3201 17 8 9 9 4.56428705e-10 7.70869539e-10 outputs/V3.3e26_D10_G6/solution/solution-00067 
 68 9.469486311606e+10 1.392571516413e+09 768 7235 3201 17 8 9 9 4.34928963e-10 7.34527716e-10 outputs/V3.3e26_D10_G6/solution/solution-00068 
 69 9.608743463247e+10 1.392571516413e+09 768 7235 3201 17 8 9 9 4.14441961e-10 6.99900246e-10 outputs/V3.3e26_D10_G6/solution/solution-00069 
 70 9.748000614888e+10 1.392571516413e+09 768 7235 3201 17 8 9 9 3.94919992e-10 6.66906171e-10 outputs/V3.3e26_D10_G6/solution/solution-00070 
 71 9.887257766530e+10 1.392571516413e+09 768 7235 3201 17 8 9 9 3.76317598e-10 6.35468365e-10 outputs/V3.3e26_D10_G6/solution/solution-00071 
 72 1.002651491817e+11 1.392571516413e+09 768 7235 3201 16 8 9 9 3.58591464e-10 6.05513355e-10 outputs/V3.3e26_D10_G6/solution/solution-00072 
 73 1.016577206981e+11 1.392571516413e+09 768 7235 3201 16 8 9 9 3.41700312e-10 5.76971132e-10 outputs/V3.3e26_D10_G6/solution/solution-00073 
 74 1.030502922145e+11 1.392571516413e+09 768 7235 3201 16 8 9 9 3.25604809e-10 5.49775003e-10 outputs/V3.3e26_D10_G6/solution/solution-00074 
 75 1.044428637309e+11 1.392571516413e+09 768 7235 3201 16 8 9 9 3.10267477e-10 5.23861426e-10 outputs/V3.3e26_D10_G6/solution/solution-00075 
 76 1.058354352474e+11 1.392571516413e+09 768 7235 3201 16 8 9 9 2.95652601e-10 4.99169866e-10 outputs/V3.3e26_D10_G6/solution/solution-00076 
 77 1.072280067638e+11 1.392571516413e+09 768 7235 3201 16 8 9 9 2.81726151e-10 4.75642646e-10 outputs/V3.3e26_D10_G6/solution/solution-00077 
 78 1.086205782802e+11 1.392571516413e+09 768 7235 3201 16 8 9 9 2.68455697e-10 4.53224820e-10 outputs/V3.3e26_D10_G6/solution/solution-00078 
 79 1.100131497966e+11 1.392571516413e+09 768 7235 3201 16 8 9 9 2.55810340e-10 4.31864034e-10 outputs/V3.3e26_D10_G6/solution/solution-00079 
 80 1.114057213130e+11 1.392571516413e+09 768 7235 3201 16 8 9 9 2.43760635e-10 4.11510410e-10 outputs/V3.3e26_D10_G6/solution/solution-00080 
 81 1.127982928294e+11 1.392571516413e+09 768 7235 3201 16 8 9 9 2.32278524e-10 3.92116428e-10 outputs/V3.3e26_D10_G6/solution/solution-00081 
 82 1.141908643458e+11 1.392571516413e+09 768 7235 3201 16 8 9 9 2.21337269e-10 3.73636808e-10 outputs/V3.3e26_D10_G6/solution/solution-00082 
 83 1.155834358622e+11 1.392571516413e+09 768 7235 3201 16 8 9 9 2.10911396e-10 3.56028415e-10 outputs/V3.3e26_D10_G6/solution/solution-00083 
 84 1.169760073787e+11 1.392571516413e+09 768 7235 3201 16 8 9 9 2.00976626e-10 3.39250147e-10 outputs/V3.3e26_D10_G6/solution/solution-00084 
 85 1.183685788951e+11 1.392571516413e+09 768 7235 3201 16 8 9 9 1.91509827e-10 3.23262845e-10 outputs/V3.3e26_D10_G6/solution/solution-00085 
 86 1.197611504115e+11 1.392571516413e+09 768 7235 3201 16 8 9 9 1.82488955e-10 3.08029199e-10 outputs/V3.3e26_D10_G6/solution/solution-00086 
 87 1.211537219279e+11 1.392571516413e+09 768 7235 3201 16 8 9 9 1.73893005e-10 2.93513661e-10 outputs/V3.3e26_D10_G6/solution/solution-00087 
 88 1.225462934443e+11 1.392571516413e+09 768 7235 3201 16 8 9 9 1.65701962e-10 2.79682359e-10 outputs/V3.3e26_D10_G6/solution/solution-00088 
 89 1.239388649607e+11 1.392571516413e+09 768 7235 3201 16 8 9 9 1.57896751e-10 2.66503025e-10 outputs/V3.3e26_D10_G6/solution/solution-00089 
 90 1.253314364771e+11 1.392571516413e+09 768 7235 3201 16 8 9 9 1.50459200e-10 2.53944909e-10 outputs/V3.3e26_D10_G6/solution/solution-00090 
 91 1.267240079935e+11 1.392571516413e+09 768 7235 3201 16 8 9 9 1.43371989e-10 2.41978716e-10 outputs/V3.3e26_D10_G6/solution/solution-00091 
 92 1.281165795100e+11 1.392571516413e+09 768 7235 3201 16 8 9 9 1.36618616e-10 2.30576532e-10 outputs/V3.3e26_D10_G6/solution/solution-00092 
 93 1.295091510264e+11 1.392571516413e+09 768 7235 3201 16 8 9 9 1.30183355e-10 2.19711762e-10 outputs/V3.3e26_D10_G6/solution/solution-00093 
 94 1.309017225428e+11 1.392571516413e+09 768 7235 3201 16 8 9 9 1.24051223e-10 2.09359065e-10 outputs/V3.3e26_D10_G6/solution/solution-00094 
 95 1.322942940592e+11 1.392571516413e+09 768 7235 3201 16 8 9 9 1.18207940e-10 1.99494295e-10 outputs/V3.3e26_D10_G6/solution/solution-00095 
 96 1.336868655756e+11 1.392571516413e+09 768 7235 3201 16 8 9 9 1.12639900e-10 1.90094446e-10 outputs/V3.3e26_D10_G6/solution/solution-00096 
 97 1.350794370920e+11 1.392571516413e+09 768 7235 3201 15 8 9 9 1.07334141e-10 1.81137606e-10 outputs/V3.3e26_D10_G6/solution/solution-00097 
 98 1.364720086084e+11 1.392571516413e+09 768 7235 3201 15 8 9 9 1.02278307e-10 1.72602883e-10 outputs/V3.3e26_D10_G6/solution/solution-00098 
 99 1.378645801248e+11 1.392571516413e+09 768 7235 3201 15 8 9 9 9.74606233e-11 1.64470374e-10 outputs/V3.3e26_D10_G6/solution/solution-00099 
100 1.392571516413e+11 1.392571516413e+09 768 7235 3201 15 8 9 9 9.28698729e-11 1.56721118e-10 outputs/V3.3e26_D10_G6/solution/solution-00100 
