# 1: Time step number
# 2: Time (years)
# 3: Time step size (years)
# 4: Number of mesh cells
# 5: Number of Stokes degrees of freedom
# 6: Number of temperature degrees of freedom
# 7: Iterations for temperature solver
# 8: Iterations for Stokes solver
# 9: Velocity iterations in Stokes preconditioner
# 10: Schur complement iterations in Stokes preconditioner
# 11: RMS velocity (m/year)
# 12: Max. velocity (m/year)
# 13: Visualization file name
  0 0.000000000000e+00 0.000000000000e+00 768 7235 3201  0 8 9 9 2.79920410e-08 4.72263258e-08 outputs/V3.3e26_D1000_G14/solution/solution-00000 
  1 1.392571516413e+09 1.392571516413e+09 768 7235 3201 19 6 7 7 2.69240015e-08 4.54244001e-08 outputs/V3.3e26_D1000_G14/solution/solution-00001 
  2 2.785143032825e+09 1.392571516413e+09 768 7235 3201 12 5 6 6 2.58740124e-08 4.36529276e-08 outputs/V3.3e26_D1000_G14/solution/solution-00002 
  3 4.177714549238e+09 1.392571516413e+09 768 7235 3201 13 5 6 6 2.48571662e-08 4.19373717e-08 outputs/V3.3e26_D1000_G14/solution/solution-00003 
  4 5.570286065650e+09 1.392571516413e+09 768 7235 3201 13 5 6 6 2.38775962e-08 4.02847059e-08 outputs/V3.3e26_D1000_G14/solution/solution-00004 
  5 6.962857582063e+09 1.392571516413e+09 768 7235 3201 13 5 6 6 2.29357046e-08 3.86956085e-08 outputs/V3.3e26_D1000_G14/solution/solution-00005 
  6 8.355429098476e+09 1.392571516413e+09 768 7235 3201 13 5 6 6 2.20306492e-08 3.71686587e-08 outputs/V3.3e26_D1000_G14/solution/solution-00006 
  7 9.748000614888e+09 1.392571516413e+09 768 7235 3201 13 5 6 6 2.11611982e-08 3.57017783e-08 outputs/V3.3e26_D1000_G14/solution/solution-00007 
  8 1.114057213130e+10 1.392571516413e+09 768 7235 3201 13 5 6 6 2.03260229e-08 3.42927255e-08 outputs/V3.3e26_D1000_G14/solution/solution-00008 
  9 1.253314364771e+10 1.392571516413e+09 768 7235 3201 13 5 6 6 1.95237966e-08 3.29392623e-08 outputs/V3.3e26_D1000_G14/solution/solution-00009 
 10 1.392571516413e+10 1.392571516413e+09 768 7235 3201 12 5 6 6 1.87532281e-08 3.16392100e-08 outputs/V3.3e26_D1000_G14/solution/solution-00010 
 11 1.531828668054e+10 1.392571516413e+09 768 7235 3201 12 5 6 6 1.80130710e-08 3.03904657e-08 outputs/V3.3e26_D1000_G14/solution/solution-00011 
 12 1.671085819695e+10 1.392571516413e+09 768 7235 3201 12 5 6 6 1.73021261e-08 2.91910063e-08 outputs/V3.3e26_D1000_G14/solution/solution-00012 
 13 1.810342971336e+10 1.392571516413e+09 768 7235 3201 12 5 6 6 1.66192408e-08 2.80388872e-08 outputs/V3.3e26_D1000_G14/solution/solution-00013 
 14 1.949600122978e+10 1.392571516413e+09 768 7235 3201 12 5 6 6 1.59633077e-08 2.69322401e-08 outputs/V3.3e26_D1000_G14/solution/solution-00014 
 15 2.088857274619e+10 1.392571516413e+09 768 7235 3201 12 5 6 6 1.53332631e-08 2.58692705e-08 outputs/V3.3e26_D1000_G14/solution/solution-00015 
 16 2.228114426260e+10 1.392571516413e+09 768 7235 3201 12 5 6 6 1.47280854e-08 2.48482545e-08 outputs/V3.3e26_D1000_G14/solution/solution-00016 
 17 2.367371577901e+10 1.392571516413e+09 768 7235 3201 12 5 6 6 1.41467929e-08 2.38675363e-08 outputs/V3.3e26_D1000_G14/solution/solution-00017 
 18 2.506628729543e+10 1.392571516413e+09 768 7235 3201 12 5 6 6 1.35884431e-08 2.29255253e-08 outputs/V3.3e26_D1000_G14/solution/solution-00018 
 19 2.645885881184e+10 1.392571516413e+09 768 7235 3201 12 5 6 6 1.30521304e-08 2.20206939e-08 outputs/V3.3e26_D1000_G14/solution/solution-00019 
 20 2.785143032825e+10 1.392571516413e+09 768 7235 3201 12 5 6 6 1.25369851e-08 2.11515746e-08 outputs/V3.3e26_D1000_G14/solution/solution-00020 
 21 2.924400184466e+10 1.392571516413e+09 768 7235 3201 12 5 6 6 1.20421717e-08 2.03167580e-08 outputs/V3.3e26_D1000_G14/solution/solution-00021 
 22 3.063657336108e+10 1.392571516413e+09 768 7235 3201 12 5 6 6 1.15668877e-08 1.95148902e-08 outputs/V3.3e26_D1000_G14/solution/solution-00022 
 23 3.202914487749e+10 1.392571516413e+09 768 7235 3201 12 5 6 6 1.11103624e-08 1.87446708e-08 outputs/V3.3e26_D1000_G14/solution/solution-00023 
 24 3.342171639390e+10 1.392571516413e+09 768 7235 3201 12 5 6 6 1.06718553e-08 1.80048506e-08 outputs/V3.3e26_D1000_G14/solution/solution-00024 
 25 3.481428791032e+10 1.392571516413e+09 768 7235 3201 12 5 6 6 1.02506554e-08 1.72942298e-08 outputs/V3.3e26_D1000_G14/solution/solution-00025 
 26 3.620685942673e+10 1.392571516413e+09 768 7235 3201 12 5 6 6 9.84607947e-09 1.66116561e-08 outputs/V3.3e26_D1000_G14/solution/solution-00026 
 27 3.759943094314e+10 1.392571516413e+09 768 7235 3201 12 5 6 6 9.45747151e-09 1.59560223e-08 outputs/V3.3e26_D1000_G14/solution/solution-00027 
 28 3.899200245955e+10 1.392571516413e+09 768 7235 3201 12 5 6 6 9.08420124e-09 1.53262654e-08 outputs/V3.3e26_D1000_G14/solution/solution-00028 
 29 4.038457397597e+10 1.392571516413e+09 768 7235 3201 12 5 6 6 8.72566331e-09 1.47213638e-08 outputs/V3.3e26_D1000_G14/solution/solution-00029 
 30 4.177714549238e+10 1.392571516413e+09 768 7235 3201 12 5 6 6 8.38127626e-09 1.41403367e-08 outputs/V3.3e26_D1000_G14/solution/solution-00030 
 31 4.316971700879e+10 1.392571516413e+09 768 7235 3201 12 5 6 6 8.05048158e-09 1.35822417e-08 outputs/V3.3e26_D1000_G14/solution/solution-00031 
 32 4.456228852520e+10 1.392571516413e+09 768 7235 3201 12 5 6 6 7.73274280e-09 1.30461738e-08 outputs/V3.3e26_D1000_G14/solution/solution-00032 
 33 4.595486004162e+10 1.392571516413e+09 768 7235 3201 12 5 6 6 7.42754463e-09 1.25312636e-08 outputs/V3.3e26_D1000_G14/solution/solution-00033 
 34 4.734743155803e+10 1.392571516413e+09 768 7235 3201 12 5 6 6 7.13439212e-09 1.20366760e-08 outputs/V3.3e26_D1000_G14/solution/solution-00034 
 35 4.874000307444e+10 1.392571516413e+09 768 7235 3201 12 5 6 6 6.85280983e-09 1.15616089e-08 outputs/V3.3e26_D1000_G14/solution/solution-00035 
 36 5.013257459085e+10 1.392571516413e+09 768 7235 3201 11 5 6 6 6.58234111e-09 1.11052919e-08 outputs/V3.3e26_D1000_G14/solution/solution-00036 
 37 5.152514610727e+10 1.392571516413e+09 768 7235 3201 11 5 6 6 6.32254734e-09 1.06669850e-08 outputs/V3.3e26_D1000_G14/solution/solution-00037 
 38 5.291771762368e+10 1.392571516413e+09 768 7235 3201 11 5 6 6 6.07300718e-09 1.02459773e-08 outputs/V3.3e26_D1000_G14/solution/solution-00038 
 39 5.431028914009e+10 1.392571516413e+09 768 7235 3201 11 5 6 6 5.83331594e-09 9.84158605e-09 outputs/V3.3e26_D1000_G14/solution/solution-00039 
 40 5.570286065650e+10 1.392571516413e+09 768 7235 3201 11 5 6 6 5.60308491e-09 9.45315544e-09 outputs/V3.3e26_D1000_G14/solution/solution-00040 
 41 5.709543217292e+10 1.392571516413e+09 768 7235 3201 11 5 6 6 5.38194071e-09 9.08005552e-09 outputs/V3.3e26_D1000_G14/solution/solution-00041 
 42 5.848800368933e+10 1.392571516413e+09 768 7235 3201 11 5 6 6 5.16952469e-09 8.72168122e-09 outputs/V3.3e26_D1000_G14/solution/solution-00042 
 43 5.988057520574e+10 1.392571516413e+09 768 7235 3201 11 5 6 6 4.96549237e-09 8.37745134e-09 outputs/V3.3e26_D1000_G14/solution/solution-00043 
 44 6.127314672215e+10 1.392571516413e+09 768 7235 3201 11 5 6 6 4.76951286e-09 8.04680763e-09 outputs/V3.3e26_D1000_G14/solution/solution-00044 
 45 6.266571823857e+10 1.392571516413e+09 768 7235 3201 11 5 6 6 4.58126832e-09 7.72921386e-09 outputs/V3.3e26_D1000_G14/solution/solution-00045 
 46 6.405828975498e+10 1.392571516413e+09 768 7235 3201 11 5 6 6 4.40045347e-09 7.42415497e-09 outputs/V3.3e26_D1000_G14/solution/solution-00046 
 47 6.545086127139e+10 1.392571516413e+09 768 7235 3201 11 5 6 6 4.22677508e-09 7.13113624e-09 outputs/V3.3e26_D1000_G14/solution/solution-00047 
 48 6.684343278781e+10 1.392571516413e+09 768 7235 3201 11 5 6 6 4.05995148e-09 6.84968246e-09 outputs/V3.3e26_D1000_G14/solution/solution-00048 
 49 6.823600430422e+10 1.392571516413e+09 768 7235 3201 11 5 6 6 3.89971212e-09 6.57933718e-09 outputs/V3.3e26_D1000_G14/solution/solution-00049 
 50 6.962857582063e+10 1.392571516413e+09 768 7235 3201 11 5 6 6 3.74579714e-09 6.31966196e-09 outputs/V3.3e26_D1000_G14/solution/solution-00050 
 51 7.102114733704e+10 1.392571516413e+09 768 7235 3201 11 5 6 6 3.59795691e-09 6.07023569e-09 outputs/V3.3e26_D1000_G14/solution/solution-00051 
 52 7.241371885346e+10 1.392571516413e+09 768 7235 3201 11 5 6 6 3.45595169e-09 5.83065384e-09 outputs/V3.3e26_D1000_G14/solution/solution-00052 
 53 7.380629036987e+10 1.392571516413e+09 768 7235 3201 11 5 6 6 3.31955118e-09 5.60052788e-09 outputs/V3.3e26_D1000_G14/solution/solution-00053 
 54 7.519886188628e+10 1.392571516413e+09 768 7235 3201 11 5 6 6 3.18853415e-09 5.37948460e-09 outputs/V3.3e26_D1000_G14/solution/solution-00054 
 55 7.659143340269e+10 1.392571516413e+09 768 7235 3201 11 5 6 6 3.06268815e-09 5.16716552e-09 outputs/V3.3e26_D1000_G14/solution/solution-00055 
 56 7.798400491911e+10 1.392571516413e+09 768 7235 3201 11 5 6 6 2.94180908e-09 4.96322632e-09 outputs/V3.3e26_D1000_G14/solution/solution-00056 
 57 7.937657643552e+10 1.392571516413e+09 768 7235 3201 11 5 6 6 2.82570089e-09 4.76733624e-09 outputs/V3.3e26_D1000_G14/solution/solution-00057 
 58 8.076914795193e+10 1.392571516413e+09 768 7235 3201 11 5 6 6 2.71417530e-09 4.57917761e-09 outputs/V3.3e26_D1000_G14/solution/solution-00058 
 59 8.216171946834e+10 1.392571516413e+09 768 7235 3201 11 5 6 6 2.60705143e-09 4.39844529e-09 outputs/V3.3e26_D1000_G14/solution/solution-00059 
 60 8.355429098476e+10 1.392571516413e+09 768 7235 3201 10 5 6 6 2.50415556e-09 4.22484615e-09 outputs/V3.3e26_D1000_G14/solution/solution-00060 
 61 8.494686250117e+10 1.392571516413e+09 768 7235 3201 10 5 6 6 2.40532081e-09 4.05809868e-09 outputs/V3.3e26_D1000_G14/solution/solution-00061 
 62 8.633943401758e+10 1.392571516413e+09 768 7235 3201 10 5 6 6 2.31038690e-09 3.89793245e-09 outputs/V3.3e26_D1000_G14/solution/solution-00062 
 63 8.773200553399e+10 1.392571516413e+09 768 7235 3201 10 5 6 6 2.21919987e-09 3.74408771e-09 outputs/V3.3e26_D1000_G14/solution/solution-00063 
 64 8.912457705041e+10 1.392571516413e+09 768 7235 3201 10 5 6 6 2.13161183e-09 3.59631496e-09 outputs/V3.3e26_D1000_G14/solution/solution-00064 
 65 9.051714856682e+10 1.392571516413e+09 768 7235 3201 10 5 6 6 2.04748075e-09 3.45437454e-09 outputs/V3.3e26_D1000_G14/solution/solution-00065 
 66 9.190972008323e+10 1.392571516413e+09 768 7235 3201 10 5 6 6 1.96667018e-09 3.31803627e-09 outputs/V3.3e26_D1000_G14/solution/solution-00066 
 67 9.330229159964e+10 1.392571516413e+09 768 7235 3201 10 5 6 6 1.88904906e-09 3.18707904e-09 outputs/V3.3e26_D1000_G14/solution/solution-00067 
 68 9.469486311606e+10 1.392571516413e+09 768 7235 3201 10 5 6 6 1.81449152e-09 3.06129047e-09 outputs/V3.3e26_D1000_G14/solution/solution-00068 
 69 9.608743463247e+10 1.392571516413e+09 768 7235 3201 10 5 6 6 1.74287663e-09 2.94046655e-09 outputs/V3.3e26_D1000_G14/solution/solution-00069 
 70 9.748000614888e+10 1.392571516413e+09 768 7235 3201 10 5 6 6 1.67408826e-09 2.82441136e-09 outputs/V3.3e26_D1000_G14/solution/solution-00070 
 71 9.887257766530e+10 1.392571516413e+09 768 7235 3201 10 5 6 6 1.60801486e-09 2.71293666e-09 outputs/V3.3e26_D1000_G14/solution/solution-00071 
 72 1.002651491817e+11 1.392571516413e+09 768 7235 3201 10 5 6 6 1.54454925e-09 2.60586167e-09 outputs/V3.3e26_D1000_G14/solution/solution-00072 
 73 1.016577206981e+11 1.392571516413e+09 768 7235 3201 10 5 6 6 1.48358853e-09 2.50301276e-09 outputs/V3.3e26_D1000_G14/solution/solution-00073 
 74 1.030502922145e+11 1.392571516413e+09 768 7235 3201 10 5 6 6 1.42503382e-09 2.40422312e-09 outputs/V3.3e26_D1000_G14/solution/solution-00074 
 75 1.044428637309e+11 1.392571516413e+09 768 7235 3201 10 5 6 6 1.36879017e-09 2.30933253e-09 outputs/V3.3e26_D1000_G14/solution/solution-00075 
 76 1.058354352474e+11 1.392571516413e+09 768 7235 3201 10 5 6 6 1.31476635e-09 2.21818712e-09 outputs/V3.3e26_D1000_G14/solution/solution-00076 
 77 1.072280067638e+11 1.392571516413e+09 768 7235 3201 10 5 6 6 1.26287477e-09 2.13063906e-09 outputs/V3.3e26_D1000_G14/solution/solution-00077 
 78 1.086205782802e+11 1.392571516413e+09 768 7235 3201 10 5 6 6 1.21303125e-09 2.04654637e-09 outputs/V3.3e26_D1000_G14/solution/solution-00078 
 79 1.100131497966e+11 1.392571516413e+09 768 7235 3201 10 5 6 6 1.16515498e-09 1.96577267e-09 outputs/V3.3e26_D1000_G14/solution/solution-00079 
 80 1.114057213130e+11 1.392571516413e+09 768 7235 3201 10 5 6 6 1.11916830e-09 1.88818698e-09 outputs/V3.3e26_D1000_G14/solution/solution-00080 
 81 1.127982928294e+11 1.392571516413e+09 768 7235 3201 10 5 6 6 1.07499664e-09 1.81366346e-09 outputs/V3.3e26_D1000_G14/solution/solution-00081 
 82 1.141908643458e+11 1.392571516413e+09 768 7235 3201 10 5 6 6 1.03256835e-09 1.74208126e-09 outputs/V3.3e26_D1000_G14/solution/solution-00082 
 83 1.155834358622e+11 1.392571516413e+09 768 7235 3201 10 5 6 6 9.91814642e-10 1.67332428e-09 outputs/V3.3e26_D1000_G14/solution/solution-00083 
 84 1.169760073787e+11 1.392571516413e+09 768 7235 3201 10 5 6 6 9.52669409e-10 1.60728102e-09 outputs/V3.3e26_D1000_G14/solution/solution-00084 
 85 1.183685788951e+11 1.392571516413e+09 768 7235 3201 10 5 6 6 9.15069173e-10 1.54384438e-09 outputs/V3.3e26_D1000_G14/solution/solution-00085 
 86 1.197611504115e+11 1.392571516413e+09 768 7235 3201 10 5 6 6 8.78952954e-10 1.48291148e-09 outputs/V3.3e26_D1000_G14/solution/solution-00086 
 87 1.211537219279e+11 1.392571516413e+09 768 7235 3201  9 5 6 6 8.44262183e-10 1.42438350e-09 outputs/V3.3e26_D1000_G14/solution/solution-00087 
 88 1.225462934443e+11 1.392571516413e+09 768 7235 3201  9 5 6 6 8.10940597e-10 1.36816552e-09 outputs/V3.3e26_D1000_G14/solution/solution-00088 
 89 1.239388649607e+11 1.392571516413e+09 768 7235 3201  9 5 6 6 7.78934158e-10 1.31416636e-09 outputs/V3.3e26_D1000_G14/solution/solution-00089 
 90 1.253314364771e+11 1.392571516413e+09 768 7235 3201  9 5 6 6 7.48190959e-10 1.26229846e-09 outputs/V3.3e26_D1000_G14/solution/solution-00090 
 91 1.267240079935e+11 1.392571516413e+09 768 7235 3201  9 5 6 6 7.18661141e-10 1.21247770e-09 outputs/V3.3e26_D1000_G14/solution/solution-00091 
 92 1.281165795100e+11 1.392571516413e+09 768 7235 3201  9 5 6 6 6.90296815e-10 1.16462328e-09 outputs/V3.3e26_D1000_G14/solution/solution-00092 
 93 1.295091510264e+11 1.392571516413e+09 768 7235 3201  9 5 6 6 6.63051981e-10 1.11865759e-09 outputs/V3.3e26_D1000_G14/solution/solution-00093 
 94 1.309017225428e+11 1.392571516413e+09 768 7235 3201  9 5 6 6 6.36882453e-10 1.07450609e-09 outputs/V3.3e26_D1000_G14/solution/solution-00094 
 95 1.322942940592e+11 1.392571516413e+09 768 7235 3201  9 5 6 6 6.11745792e-10 1.03209717e-09 outputs/V3.3e26_D1000_G14/solution/solution-00095 
 96 1.336868655756e+11 1.392571516413e+09 768 7235 3201  9 5 6 6 5.87601231e-10 9.91362064e-10 outputs/V3.3e26_D1000_G14/solution/solution-00096 
 97 1.350794370920e+11 1.392571516413e+09 768 7235 3201  9 5 6 6 5.64409616e-10 9.52234698e-10 outputs/V3.3e26_D1000_G14/solution/solution-00097 
 98 1.364720086084e+11 1.392571516413e+09 768 7235 3201  9 5 6 6 5.42133333e-10 9.14651624e-10 outputs/V3.3e26_D1000_G14/solution/solution-00098 
 99 1.378645801248e+11 1.392571516413e+09 768 7235 3201  9 5 6 6 5.20736258e-10 8.78551889e-10 outputs/V3.3e26_D1000_G14/solution/solution-00099 
100 1.392571516413e+11 1.392571516413e+09 768 7235 3201  9 5 6 6 5.00183688e-10 8.43876948e-10 outputs/V3.3e26_D1000_G14/solution/solution-00100 
