# 1: Time step number
# 2: Time (years)
# 3: Time step size (years)
# 4: Number of mesh cells
# 5: Number of Stokes degrees of freedom
# 6: Number of temperature degrees of freedom
# 7: Iterations for temperature solver
# 8: Iterations for Stokes solver
# 9: Velocity iterations in Stokes preconditioner
# 10: Schur complement iterations in Stokes preconditioner
# 11: RMS velocity (m/year)
# 12: Max. velocity (m/year)
# 13: Visualization file name
  0 0.000000000000e+00 0.000000000000e+00 768 7235 3201  0 8 9 9 2.65009159e-07 4.70218698e-07 outputs/V1e25_D30_G4/solution/solution-00000 
  1 1.392571516413e+09 1.392571516413e+09 768 7235 3201 32 8 9 9 2.55862941e-07 4.34747174e-07 outputs/V1e25_D30_G4/solution/solution-00001 
  2 2.785143032825e+09 1.392571516413e+09 768 7235 3201 25 8 9 9 2.49940378e-07 4.29013477e-07 outputs/V1e25_D30_G4/solution/solution-00002 
  3 4.177714549238e+09 1.392571516413e+09 768 7235 3201 24 8 9 9 2.47383695e-07 4.29361588e-07 outputs/V1e25_D30_G4/solution/solution-00003 
  4 5.570286065650e+09 1.392571516413e+09 768 7235 3201 23 8 9 9 2.47907419e-07 4.34961565e-07 outputs/V1e25_D30_G4/solution/solution-00004 
  5 6.962857582063e+09 1.392571516413e+09 768 7235 3201 23 8 9 9 2.51250930e-07 4.45092938e-07 outputs/V1e25_D30_G4/solution/solution-00005 
  6 8.355429098476e+09 1.392571516413e+09 768 7235 3201 22 8 9 9 2.57163240e-07 4.59204661e-07 outputs/V1e25_D30_G4/solution/solution-00006 
  7 9.748000614888e+09 1.392571516413e+09 768 7235 3201 21 8 9 9 2.65449224e-07 4.76935895e-07 outputs/V1e25_D30_G4/solution/solution-00007 
  8 1.114057213130e+10 1.392571516413e+09 768 7235 3201 21 8 9 9 2.75974255e-07 4.98079893e-07 outputs/V1e25_D30_G4/solution/solution-00008 
  9 1.253314364771e+10 1.392571516413e+09 768 7235 3201 21 8 9 9 2.88658197e-07 5.22545295e-07 outputs/V1e25_D30_G4/solution/solution-00009 
 10 1.392571516413e+10 1.392571516413e+09 768 7235 3201 20 8 9 9 3.03467205e-07 5.50326396e-07 outputs/V1e25_D30_G4/solution/solution-00010 
 11 1.531828668054e+10 1.392571516413e+09 768 7235 3201 20 8 9 9 3.20406170e-07 5.81482478e-07 outputs/V1e25_D30_G4/solution/solution-00011 
 12 1.671085819695e+10 1.392571516413e+09 768 7235 3201 20 8 9 9 3.39512609e-07 6.16123994e-07 outputs/V1e25_D30_G4/solution/solution-00012 
 13 1.810342971336e+10 1.392571516413e+09 768 7235 3201 20 8 9 9 3.60852033e-07 6.54403518e-07 outputs/V1e25_D30_G4/solution/solution-00013 
 14 1.949600122978e+10 1.392571516413e+09 768 7235 3201 20 8 9 9 3.84514600e-07 6.96509979e-07 outputs/V1e25_D30_G4/solution/solution-00014 
 15 2.088857274619e+10 1.392571516413e+09 768 7235 3201 20 8 9 9 4.10612820e-07 7.42665131e-07 outputs/V1e25_D30_G4/solution/solution-00015 
 16 2.228114426260e+10 1.392571516413e+09 768 7235 3201 19 8 9 9 4.39280087e-07 7.93121618e-07 outputs/V1e25_D30_G4/solution/solution-00016 
 17 2.367371577901e+10 1.392571516413e+09 768 7235 3201 19 8 9 9 4.70669877e-07 8.48162160e-07 outputs/V1e25_D30_G4/solution/solution-00017 
 18 2.506628729543e+10 1.392571516413e+09 768 7235 3201 19 8 9 9 5.04955448e-07 9.08099596e-07 outputs/V1e25_D30_G4/solution/solution-00018 
 19 2.645885881184e+10 1.392571516413e+09 768 7235 3201 19 8 9 9 5.42329975e-07 9.73277574e-07 outputs/V1e25_D30_G4/solution/solution-00019 
 20 2.785143032825e+10 1.392571516413e+09 768 7235 3201 19 8 9 9 5.83007009e-07 1.04407175e-06 outputs/V1e25_D30_G4/solution/solution-00020 
 21 2.924400184466e+10 1.392571516413e+09 768 7235 3201 19 8 9 9 6.27221229e-07 1.12089142e-06 outputs/V1e25_D30_G4/solution/solution-00021 
 22 3.063657336108e+10 1.392571516413e+09 768 7235 3201 19 8 9 9 6.75229443e-07 1.20418153e-06 outputs/V1e25_D30_G4/solution/solution-00022 
 23 3.202914487749e+10 1.392571516413e+09 768 7235 3201 19 8 9 9 7.27311810e-07 1.29442502e-06 outputs/V1e25_D30_G4/solution/solution-00023 
 24 3.342171639390e+10 1.392571516413e+09 768 7235 3201 19 8 9 9 7.83773269e-07 1.39214546e-06 outputs/V1e25_D30_G4/solution/solution-00024 
 25 3.481428791032e+10 1.392571516413e+09 768 7235 3201 19 8 9 9 8.44945162e-07 1.49791002e-06 outputs/V1e25_D30_G4/solution/solution-00025 
 26 3.620685942673e+10 1.392571516413e+09 768 7235 3201 18 8 9 9 9.11187062e-07 1.61233268e-06 outputs/V1e25_D30_G4/solution/solution-00026 
 27 3.759943094314e+10 1.392571516413e+09 768 7235 3201 18 8 9 9 9.82888783e-07 1.73607786e-06 outputs/V1e25_D30_G4/solution/solution-00027 
 28 3.899200245955e+10 1.392571516413e+09 768 7235 3201 18 7 8 8 1.06047260e-06 1.86986422e-06 outputs/V1e25_D30_G4/solution/solution-00028 
 29 4.038457397597e+10 1.392571516413e+09 768 7235 3201 18 7 8 8 1.14439567e-06 2.01446891e-06 outputs/V1e25_D30_G4/solution/solution-00029 
 30 4.177714549238e+10 1.392571516413e+09 768 7235 3201 18 7 8 8 1.23515267e-06 2.17073211e-06 outputs/V1e25_D30_G4/solution/solution-00030 
 31 4.316971700879e+10 1.392571516413e+09 768 7235 3201 18 7 8 8 1.33327867e-06 2.33956192e-06 outputs/V1e25_D30_G4/solution/solution-00031 
 32 4.456228852520e+10 1.392571516413e+09 768 7235 3201 18 7 8 8 1.43935223e-06 2.52193973e-06 outputs/V1e25_D30_G4/solution/solution-00032 
 33 4.595486004162e+10 1.392571516413e+09 768 7235 3201 18 7 8 8 1.55399878e-06 2.71892592e-06 outputs/V1e25_D30_G4/solution/solution-00033 
 34 4.734743155803e+10 1.392571516413e+09 768 7235 3201 18 7 8 8 1.67789425e-06 2.93166605e-06 outputs/V1e25_D30_G4/solution/solution-00034 
 35 4.874000307444e+10 1.392571516413e+09 768 7235 3201 18 7 8 8 1.81176900e-06 3.16139755e-06 outputs/V1e25_D30_G4/solution/solution-00035 
 36 5.013257459085e+10 1.392571516413e+09 768 7235 3201 18 7 8 8 1.95641206e-06 3.40945691e-06 outputs/V1e25_D30_G4/solution/solution-00036 
 37 5.152514610727e+10 1.392571516413e+09 768 7235 3201 18 7 8 8 2.11267573e-06 3.67728738e-06 outputs/V1e25_D30_G4/solution/solution-00037 
 38 5.291771762368e+10 1.392571516413e+09 768 7235 3201 18 7 8 8 2.28148047e-06 3.96644738e-06 outputs/V1e25_D30_G4/solution/solution-00038 
 39 5.431028914009e+10 1.392571516413e+09 768 7235 3201 18 7 8 8 2.46382023e-06 4.27861942e-06 outputs/V1e25_D30_G4/solution/solution-00039 
 40 5.570286065650e+10 1.392571516413e+09 768 7235 3201 18 7 8 8 2.66076818e-06 4.61561975e-06 outputs/V1e25_D30_G4/solution/solution-00040 
 41 5.709543217292e+10 1.392571516413e+09 768 7235 3201 18 7 8 8 2.87348280e-06 4.97940872e-06 outputs/V1e25_D30_G4/solution/solution-00041 
 42 5.848800368933e+10 1.392571516413e+09 768 7235 3201 18 7 8 8 3.10321452e-06 5.37210192e-06 outputs/V1e25_D30_G4/solution/solution-00042 
 43 5.988057520574e+10 1.392571516413e+09 768 7235 3201 18 6 7 7 3.35131278e-06 5.79598206e-06 outputs/V1e25_D30_G4/solution/solution-00043 
 44 6.127314672215e+10 1.392571516413e+09 768 7235 3201 18 6 7 7 3.61923359e-06 6.25351177e-06 outputs/V1e25_D30_G4/solution/solution-00044 
 45 6.266571823857e+10 1.392571516413e+09 768 7235 3201 18 6 7 7 3.90854766e-06 6.74734726e-06 outputs/V1e25_D30_G4/solution/solution-00045 
 46 6.405828975498e+10 1.392571516413e+09 768 7235 3201 18 6 7 7 4.22094901e-06 7.28035281e-06 outputs/V1e25_D30_G4/solution/solution-00046 
 47 6.545086127139e+10 1.392571516413e+09 768 7235 3201 18 6 7 7 4.55826424e-06 7.85561641e-06 outputs/V1e25_D30_G4/solution/solution-00047 
 48 6.684343278781e+10 1.392571516413e+09 768 7235 3201 18 6 7 7 4.92246231e-06 8.47646610e-06 outputs/V1e25_D30_G4/solution/solution-00048 
 49 6.823600430422e+10 1.392571516413e+09 768 7235 3201 18 6 7 7 5.31566491e-06 9.14648756e-06 outputs/V1e25_D30_G4/solution/solution-00049 
 50 6.962857582063e+10 1.392571516413e+09 768 7235 3201 18 6 7 7 5.74015746e-06 9.86954246e-06 outputs/V1e25_D30_G4/solution/solution-00050 
 51 7.102114733704e+10 1.392571516413e+09 768 7235 3201 18 6 7 7 6.19840058e-06 1.06497878e-05 outputs/V1e25_D30_G4/solution/solution-00051 
 52 7.241371885346e+10 1.392571516413e+09 768 7235 3201 18 6 7 7 6.69304222e-06 1.14916963e-05 outputs/V1e25_D30_G4/solution/solution-00052 
 53 7.380629036987e+10 1.392571516413e+09 768 7235 3201 18 6 7 7 7.22693013e-06 1.24000771e-05 outputs/V1e25_D30_G4/solution/solution-00053 
 54 7.519886188628e+10 1.392571516413e+09 768 7235 3201 18 6 7 7 7.80312480e-06 1.33800978e-05 outputs/V1e25_D30_G4/solution/solution-00054 
 55 7.659143340269e+10 1.392571516413e+09 768 7235 3201 18 6 7 7 8.42491259e-06 1.44373061e-05 outputs/V1e25_D30_G4/solution/solution-00055 
 56 7.798400491911e+10 1.392571516413e+09 768 7235 3201 18 6 7 7 9.09581899e-06 1.55776522e-05 outputs/V1e25_D30_G4/solution/solution-00056 
 57 7.937657643552e+10 1.392571516413e+09 768 7235 3201 18 6 7 7 9.81962170e-06 1.68075105e-05 outputs/V1e25_D30_G4/solution/solution-00057 
 58 8.076914795193e+10 1.392571516413e+09 768 7235 3201 18 6 7 7 1.06003632e-05 1.81337008e-05 outputs/V1e25_D30_G4/solution/solution-00058 
 59 8.216171946834e+10 1.392571516413e+09 768 7235 3201 18 6 7 7 1.14423626e-05 1.95635073e-05 outputs/V1e25_D30_G4/solution/solution-00059 
 60 8.355429098476e+10 1.392571516413e+09 768 7235 3201 18 6 7 7 1.23502257e-05 2.11046963e-05 outputs/V1e25_D30_G4/solution/solution-00060 
 61 8.494686250117e+10 1.392571516413e+09 768 7235 3201 18 6 7 7 1.33288533e-05 2.27655292e-05 outputs/V1e25_D30_G4/solution/solution-00061 
 62 8.633943401758e+10 1.392571516413e+09 768 7235 3201 18 6 7 7 1.43834467e-05 2.45547709e-05 outputs/V1e25_D30_G4/solution/solution-00062 
 63 8.773200553399e+10 1.392571516413e+09 768 7235 3201 18 6 7 7 1.55195081e-05 2.64816916e-05 outputs/V1e25_D30_G4/solution/solution-00063 
 64 8.912457705041e+10 1.392571516413e+09 768 7235 3201 18 6 7 7 1.67428372e-05 2.85560584e-05 outputs/V1e25_D30_G4/solution/solution-00064 
 65 9.051714856682e+10 1.392571516413e+09 768 7235 3201 18 6 7 7 1.80595191e-05 3.07881165e-05 outputs/V1e25_D30_G4/solution/solution-00065 
 66 9.190972008323e+10 1.392571516413e+09 768 7235 3201 18 6 7 7 1.94759038e-05 3.31885528e-05 outputs/V1e25_D30_G4/solution/solution-00066 
 67 9.330229159964e+10 1.392571516413e+09 768 7235 3201 18 6 7 7 2.09985744e-05 3.57691466e-05 outputs/V1e25_D30_G4/solution/solution-00067 
 68 9.469486311606e+10 1.392571516413e+09 768 7235 3201 18 6 7 7 2.26342992e-05 3.85409067e-05 outputs/V1e25_D30_G4/solution/solution-00068 
 69 9.608743463247e+10 1.392571516413e+09 768 7235 3201 19 6 7 7 2.43899673e-05 4.15152667e-05 outputs/V1e25_D30_G4/solution/solution-00069 
 70 9.748000614888e+10 1.392571516413e+09 768 7235 3201 19 6 7 7 2.62725004e-05 4.47038772e-05 outputs/V1e25_D30_G4/solution/solution-00070 
 71 9.887257766530e+10 1.392571516413e+09 768 7235 3201 19 6 7 7 2.82887382e-05 4.81182454e-05 outputs/V1e25_D30_G4/solution/solution-00071 
 72 1.002651491817e+11 1.392571516413e+09 768 7235 3201 19 6 7 7 3.04452917e-05 5.17694865e-05 outputs/V1e25_D30_G4/solution/solution-00072 
 73 1.016577206981e+11 1.392571516413e+09 768 7235 3201 19 6 7 7 3.27483580e-05 5.56680118e-05 outputs/V1e25_D30_G4/solution/solution-00073 
 74 1.030502922145e+11 1.392571516413e+09 768 7235 3201 19 6 7 7 3.52034922e-05 5.98231428e-05 outputs/V1e25_D30_G4/solution/solution-00074 
 75 1.044428637309e+11 1.392571516413e+09 768 7235 3201 19 6 7 7 3.78153302e-05 6.42426429e-05 outputs/V1e25_D30_G4/solution/solution-00075 
 76 1.058354352474e+11 1.392571516413e+09 768 7235 3201 19 6 7 7 4.05872592e-05 6.89321597e-05 outputs/V1e25_D30_G4/solution/solution-00076 
 77 1.071958422692e+11 1.360407021870e+09 768 7235 3201 19 6 7 7 4.34518663e-05 7.37775961e-05 outputs/V1e25_D30_G4/solution/solution-00077 
 78 1.084669421397e+11 1.271099870504e+09 768 7235 3201 19 6 7 7 4.62692180e-05 7.85422988e-05 outputs/V1e25_D30_G4/solution/solution-00078 
 79 1.096609668625e+11 1.194024722814e+09 768 7235 3201 18 6 7 7 4.90383688e-05 8.32247467e-05 outputs/V1e25_D30_G4/solution/solution-00079 
 80 1.107878440728e+11 1.126877210274e+09 768 7235 3201 17 6 7 7 5.17578154e-05 8.78224522e-05 outputs/V1e25_D30_G4/solution/solution-00080 
 81 1.118557552221e+11 1.067911149260e+09 768 7235 3201 17 6 7 7 5.44259235e-05 9.23326917e-05 outputs/V1e25_D30_G4/solution/solution-00081 
 82 1.128715273306e+11 1.015772108482e+09 768 7235 3201 16 6 7 7 5.70410755e-05 9.67527558e-05 outputs/V1e25_D30_G4/solution/solution-00082 
 83 1.138409185286e+11 9.693911980663e+08 768 7235 3201 16 6 7 7 5.96017222e-05 1.01080040e-04 outputs/V1e25_D30_G4/solution/solution-00083 
 84 1.147688314406e+11 9.279129119530e+08 768 7235 3201 16 6 7 7 6.21064039e-05 1.05312080e-04 outputs/V1e25_D30_G4/solution/solution-00084 
 85 1.156594756371e+11 8.906441965678e+08 768 7235 3201 15 5 6 6 6.45537601e-05 1.09446568e-04 outputs/V1e25_D30_G4/solution/solution-00085 
 86 1.165164932033e+11 8.570175661899e+08 768 7235 3201 15 5 6 6 6.69425347e-05 1.13481365e-04 outputs/V1e25_D30_G4/solution/solution-00086 
 87 1.173430570714e+11 8.265638680346e+08 768 7235 3201 15 5 6 6 6.92715797e-05 1.17414504e-04 outputs/V1e25_D30_G4/solution/solution-00087 
 88 1.181419220042e+11 7.988649328685e+08 768 7235 3201 14 5 6 6 7.15397816e-05 1.21244069e-04 outputs/V1e25_D30_G4/solution/solution-00088 
 89 1.189155416715e+11 7.736196672397e+08 768 7235 3201 14 5 6 6 7.37462182e-05 1.24968460e-04 outputs/V1e25_D30_G4/solution/solution-00089 
 90 1.196660934996e+11 7.505518280989e+08 768 7235 3201 14 5 6 6 7.58900891e-05 1.28586278e-04 outputs/V1e25_D30_G4/solution/solution-00090 
 91 1.203955170305e+11 7.294235309328e+08 768 7235 3201 14 5 6 6 7.79707086e-05 1.32096311e-04 outputs/V1e25_D30_G4/solution/solution-00091 
 92 1.211055478013e+11 7.100307708068e+08 768 7235 3201 13 5 6 6 7.99875058e-05 1.35497539e-04 outputs/V1e25_D30_G4/solution/solution-00092 
 93 1.217977453935e+11 6.921975921468e+08 768 7235 3201 13 5 6 6 8.19400247e-05 1.38789131e-04 outputs/V1e25_D30_G4/solution/solution-00093 
 94 1.224735168152e+11 6.757714217563e+08 768 7235 3201 13 5 6 6 8.38279231e-05 1.41970447e-04 outputs/V1e25_D30_G4/solution/solution-00094 
 95 1.231341361180e+11 6.606193027372e+08 768 7235 3201 13 5 6 6 8.56509715e-05 1.45041039e-04 outputs/V1e25_D30_G4/solution/solution-00095 
 96 1.237807609505e+11 6.466248325419e+08 768 7235 3201 13 5 6 6 8.74090518e-05 1.48000647e-04 outputs/V1e25_D30_G4/solution/solution-00096 
 97 1.244144466065e+11 6.336856560325e+08 768 7235 3201 13 5 6 6 8.91021554e-05 1.50849195e-04 outputs/V1e25_D30_G4/solution/solution-00097 
 98 1.250361580060e+11 6.217113994736e+08 768 7235 3201 12 5 6 6 9.07303807e-05 1.53586794e-04 outputs/V1e25_D30_G4/solution/solution-00098 
 99 1.256467799634e+11 6.106219574227e+08 768 7235 3201 12 5 6 6 9.22939308e-05 1.56213733e-04 outputs/V1e25_D30_G4/solution/solution-00099 
100 1.262471260275e+11 6.003460640198e+08 768 7235 3201 12 5 6 6 9.37931106e-05 1.58730479e-04 outputs/V1e25_D30_G4/solution/solution-00100 
