# 1: Time step number
# 2: Time (years)
# 3: Time step size (years)
# 4: Number of mesh cells
# 5: Number of Stokes degrees of freedom
# 6: Number of temperature degrees of freedom
# 7: Iterations for temperature solver
# 8: Iterations for Stokes solver
# 9: Velocity iterations in Stokes preconditioner
# 10: Schur complement iterations in Stokes preconditioner
# 11: RMS velocity (m/year)
# 12: Max. velocity (m/year)
# 13: Visualization file name
  0 0.000000000000e+00 0.000000000000e+00 768 7235 3201  0 8 9 9 5.30018317e-06 9.40437396e-06 outputs/V1e24_D30_G8/solution/solution-00000 
  1 1.392571516413e+09 1.392571516413e+09 768 7235 3201 31 8 9 9 7.13000757e-06 1.33024466e-05 outputs/V1e24_D30_G8/solution/solution-00001 
  2 2.785143032825e+09 1.392571516413e+09 768 7235 3201 25 8 9 9 1.21934812e-05 2.48525282e-05 outputs/V1e24_D30_G8/solution/solution-00002 
  3 4.177714549238e+09 1.392571516413e+09 768 7235 3201 24 8 9 9 2.62949073e-05 5.58330046e-05 outputs/V1e24_D30_G8/solution/solution-00003 
  4 5.570286065650e+09 1.392571516413e+09 768 7235 3201 24 8 9 9 6.71795833e-05 1.43408078e-04 outputs/V1e24_D30_G8/solution/solution-00004 
  5 6.224215102693e+09 6.539290370422e+08 768 7235 3201 18 8 9 9 1.17142067e-04 2.50105769e-04 outputs/V1e24_D30_G8/solution/solution-00005 
  6 6.599156289184e+09 3.749411864911e+08 768 7235 3201 14 8 9 9 1.69733486e-04 3.62881797e-04 outputs/V1e24_D30_G8/solution/solution-00006 
  7 6.857593564924e+09 2.584372757406e+08 768 7235 3201 12 7 8 8 2.24619611e-04 4.81231435e-04 outputs/V1e24_D30_G8/solution/solution-00007 
  8 7.052464800587e+09 1.948712356628e+08 768 7235 3201 11 7 8 8 2.81392765e-04 6.04402716e-04 outputs/V1e24_D30_G8/solution/solution-00008 
  9 7.207597682965e+09 1.551328823784e+08 768 7235 3201 10 7 8 8 3.39882089e-04 7.31953131e-04 outputs/V1e24_D30_G8/solution/solution-00009 
 10 7.335679654311e+09 1.280819713453e+08 768 7235 3201 10 7 8 8 4.00025272e-04 8.63211026e-04 outputs/V1e24_D30_G8/solution/solution-00010 
 11 7.444268243096e+09 1.085885887856e+08 768 7235 3201 10 6 7 7 4.61794461e-04 9.98156697e-04 outputs/V1e24_D30_G8/solution/solution-00011 
 12 7.538258801245e+09 9.399055814852e+07 768 7235 3201 10 6 7 7 5.25173816e-04 1.13574690e-03 outputs/V1e24_D30_G8/solution/solution-00012 
 13 7.620803600359e+09 8.254479911382e+07 768 7235 3201  9 6 7 7 5.89966537e-04 1.27516087e-03 outputs/V1e24_D30_G8/solution/solution-00013 
 14 7.694378076487e+09 7.357447612790e+07 768 7235 3201 10 6 7 7 6.56121049e-04 1.41455129e-03                                           "" 
 15 7.760609339919e+09 6.623126343207e+07 768 7235 3201 10 6 7 7 7.23343729e-04 1.55560975e-03 outputs/V1e24_D30_G8/solution/solution-00014 
 16 7.820903001857e+09 6.029366193817e+07 768 7235 3201 10 6 7 7 7.91473070e-04 1.69436712e-03 outputs/V1e24_D30_G8/solution/solution-00015 
 17 7.876234882960e+09 5.533188110289e+07 768 7235 3201 10 6 7 7 8.60161976e-04 1.83189022e-03                                           "" 
 18 7.927411530338e+09 5.117664737877e+07 768 7235 3201 10 6 7 7 9.29056751e-04 1.96497960e-03 outputs/V1e24_D30_G8/solution/solution-00016 
 19 7.975121949350e+09 4.771041901111e+07 768 7235 3201 10 6 7 7 9.97819000e-04 2.09495956e-03                                           "" 
 20 8.019919645685e+09 4.479769633530e+07 768 7235 3201 11 6 7 7 1.06605870e-03 2.26491400e-03 outputs/V1e24_D30_G8/solution/solution-00017 
 21 8.061361237954e+09 4.144159226935e+07 768 7235 3201 11 6 7 7 1.13190144e-03 2.43995855e-03                                           "" 
 22 8.099803751259e+09 3.844251330468e+07 768 7235 3201 11 6 7 7 1.19475297e-03 2.60759270e-03                                           "" 
 23 8.135756451942e+09 3.595270068276e+07 768 7235 3201 11 6 7 7 1.25445365e-03 2.76800726e-03 outputs/V1e24_D30_G8/solution/solution-00018 
 24 8.169625582740e+09 3.386913079823e+07 768 7235 3201 11 6 7 7 1.31085080e-03 2.91921438e-03                                           "" 
 25 8.201740387590e+09 3.211480485044e+07 768 7235 3201 11 6 7 7 1.36380346e-03 3.06061363e-03 outputs/V1e24_D30_G8/solution/solution-00019 
 26 8.232371499904e+09 3.063111231378e+07 768 7235 3201 11 6 7 7 1.41318544e-03 3.19173285e-03                                           "" 
 27 8.261744258995e+09 2.937275909092e+07 768 7235 3201 11 6 7 7 1.45888751e-03 3.31260209e-03                                           "" 
 28 8.290048544562e+09 2.830428556694e+07 768 7235 3201 11 6 7 7 1.50081937e-03 3.42403734e-03                                           "" 
 29 8.317446160734e+09 2.739761617162e+07 768 7235 3201 11 6 7 7 1.53891115e-03 3.52443057e-03 outputs/V1e24_D30_G8/solution/solution-00020 
 30 8.344076460190e+09 2.663029945643e+07 768 7235 3201 11 6 7 7 1.57311490e-03 3.61370777e-03                                           "" 
 31 8.370039365647e+09 2.596290545651e+07 768 7235 3201 12 6 7 7 1.60338212e-03 3.69182513e-03                                           "" 
 32 8.395443972902e+09 2.540460725514e+07 768 7235 3201 12 6 7 7 1.62972258e-03 3.75891264e-03                                           "" 
 33 8.420387148809e+09 2.494317590753e+07 768 7235 3201 12 6 7 7 1.65216947e-03 3.81517416e-03 outputs/V1e24_D30_G8/solution/solution-00021 
 34 8.444955313008e+09 2.456816419862e+07 768 7235 3201 12 6 7 7 1.67077877e-03 3.86087935e-03                                           "" 
 35 8.469226232993e+09 2.427091998471e+07 768 7235 3201 12 6 7 7 1.68562884e-03 3.89635754e-03                                           "" 
 36 8.493270466034e+09 2.404423304102e+07 768 7235 3201 12 6 7 7 1.69681970e-03 3.92209342e-03                                           "" 
 37 8.517152523008e+09 2.388205697489e+07 768 7235 3201 12 6 7 7 1.70447179e-03 3.93979803e-03 outputs/V1e24_D30_G8/solution/solution-00022 
 38 8.540931810891e+09 2.377928788268e+07 768 7235 3201 12 6 7 7 1.70872456e-03 3.94837369e-03                                           "" 
 39 8.564663397236e+09 2.373158634495e+07 768 7235 3201 12 6 7 7 1.70973458e-03 3.94832865e-03                                           "" 
 40 8.588398630063e+09 2.373523282648e+07 768 7235 3201 12 6 7 7 1.70767351e-03 3.94020446e-03                                           "" 
 41 8.612185639121e+09 2.378700905850e+07 768 7235 3201 12 6 7 7 1.70272575e-03 3.92456950e-03 outputs/V1e24_D30_G8/solution/solution-00023 
 42 8.636069738951e+09 2.388409982992e+07 768 7235 3201 11 6 7 7 1.69508607e-03 3.90201251e-03                                           "" 
 43 8.660093749940e+09 2.402401098873e+07 768 7235 3201 11 6 7 7 1.68495700e-03 3.87313607e-03                                           "" 
 44 8.684298250417e+09 2.420450047750e+07 768 7235 3201 11 6 7 7 1.67254634e-03 3.83855015e-03                                           "" 
 45 8.708721770402e+09 2.442351998502e+07 768 7235 3201 11 6 7 7 1.65806466e-03 3.79886581e-03 outputs/V1e24_D30_G8/solution/solution-00024 
 46 8.733400935763e+09 2.467916536084e+07 768 7235 3201 11 6 7 7 1.64172291e-03 3.75468920e-03                                           "" 
 47 8.758370570130e+09 2.496963436709e+07 768 7235 3201 11 6 7 7 1.62373016e-03 3.70661584e-03                                           "" 
 48 8.783663760804e+09 2.529319067339e+07 768 7235 3201 11 6 7 7 1.60429161e-03 3.65522543e-03                                           "" 
 49 8.809311894068e+09 2.564813326488e+07 768 7235 3201 11 6 7 7 1.58360676e-03 3.60107713e-03 outputs/V1e24_D30_G8/solution/solution-00025 
 50 8.835344664714e+09 2.603277064516e+07 768 7235 3201 11 6 7 7 1.56186781e-03 3.54470550e-03                                           "" 
 51 8.861790064097e+09 2.644539938356e+07 768 7235 3201 11 6 7 7 1.53925838e-03 3.48661707e-03                                           "" 
 52 8.888674350783e+09 2.688428668539e+07 768 7235 3201 11 6 7 7 1.51595240e-03 3.42728751e-03                                           "" 
 53 8.916022007541e+09 2.734765675820e+07 768 7235 3201 11 6 7 7 1.49211330e-03 3.36715962e-03 outputs/V1e24_D30_G8/solution/solution-00026 
 54 8.943855688353e+09 2.783368081209e+07 768 7235 3201 11 6 7 7 1.46789335e-03 3.30664175e-03                                           "" 
 55 8.972196158925e+09 2.834047057213e+07 768 7235 3201 10 6 7 7 1.44343330e-03 3.24610704e-03                                           "" 
 56 9.001062234125e+09 2.886607519987e+07 768 7235 3201 10 6 7 7 1.41886211e-03 3.18589308e-03 outputs/V1e24_D30_G8/solution/solution-00027 
 57 9.030470715646e+09 2.940848152125e+07 768 7235 3201 10 6 7 7 1.39429695e-03 3.12630218e-03                                           "" 
 58 9.060436333088e+09 2.996561744236e+07 768 7235 3201 10 6 7 7 1.36984322e-03 3.06766406e-03                                           "" 
 59 9.090971691493e+09 3.053535840411e+07 768 7235 3201 10 6 7 7 1.34559485e-03 3.01085918e-03                                           "" 
 60 9.122087228176e+09 3.111553668354e+07 768 7235 3201 10 6 7 7 1.32163454e-03 2.95537904e-03 outputs/V1e24_D30_G8/solution/solution-00028 
 61 9.153791181472e+09 3.170395329629e+07 768 7235 3201 10 6 7 7 1.29803427e-03 2.90139089e-03                                           "" 
 62 9.186089573668e+09 3.229839219536e+07 768 7235 3201 10 6 7 7 1.27485570e-03 2.84903377e-03                                           "" 
 63 9.218986210068e+09 3.289663639990e+07 768 7235 3201 10 6 7 7 1.25215077e-03 2.79842030e-03 outputs/V1e24_D30_G8/solution/solution-00029 
 64 9.252482695697e+09 3.349648562921e+07 768 7235 3201 10 6 7 7 1.22996229e-03 2.74963865e-03                                           "" 
 65 9.286578470664e+09 3.409577496739e+07 768 7235 3201 10 6 7 7 1.20832453e-03 2.70275445e-03                                           "" 
 66 9.321270864711e+09 3.469239404727e+07 768 7235 3201 10 6 7 7 1.18726391e-03 2.65781282e-03 outputs/V1e24_D30_G8/solution/solution-00030 
 67 9.356555170934e+09 3.528430622226e+07 768 7235 3201 10 6 7 7 1.16679965e-03 2.61484029e-03                                           "" 
 68 9.392424738129e+09 3.586956719547e+07 768 7235 3201 10 6 7 7 1.14694442e-03 2.57384675e-03                                           "" 
 69 9.428871080726e+09 3.644634259633e+07 768 7235 3201 10 6 7 7 1.12770501e-03 2.53482727e-03 outputs/V1e24_D30_G8/solution/solution-00031 
 70 9.465884004763e+09 3.701292403710e+07 768 7235 3201 10 6 7 7 1.10908299e-03 2.49776388e-03                                           "" 
 71 9.503451748005e+09 3.756774324229e+07 768 7235 3201 10 6 7 7 1.09107534e-03 2.46262725e-03 outputs/V1e24_D30_G8/solution/solution-00032 
 72 9.541556392732e+09 3.810464472694e+07 768 7235 3201 10 6 7 7 1.07367715e-03 2.42938225e-03                                           "" 
 73 9.580175402196e+09 3.861900946382e+07 768 7235 3201 10 6 7 7 1.05688112e-03 2.39798698e-03                                           "" 
 74 9.619292985171e+09 3.911758297491e+07 768 7235 3201 10 6 7 7 1.04067334e-03 2.36838518e-03 outputs/V1e24_D30_G8/solution/solution-00033 
 75 9.658892512287e+09 3.959952711675e+07 768 7235 3201 10 6 7 7 1.02503755e-03 2.34051503e-03                                           "" 
 76 9.698956689709e+09 4.006417742206e+07 768 7235 3201  9 6 7 7 1.00995568e-03 2.31431028e-03                                           "" 
 77 9.739467730126e+09 4.051104041616e+07 768 7235 3201  9 6 7 7 9.95408233e-04 2.28994832e-03 outputs/V1e24_D30_G8/solution/solution-00034 
 78 9.780407518701e+09 4.093978857553e+07 768 7235 3201  9 6 7 7 9.81374714e-04 2.26721707e-03                                           "" 
 79 9.821757771921e+09 4.135025321976e+07 768 7235 3201  9 6 7 7 9.67833962e-04 2.24591698e-03 outputs/V1e24_D30_G8/solution/solution-00035 
 80 9.863500187567e+09 4.174241564614e+07 768 7235 3201  9 6 7 7 9.54764451e-04 2.22597390e-03                                           "" 
 81 9.905616584397e+09 4.211639682999e+07 768 7235 3201  9 6 7 7 9.42144567e-04 2.20731342e-03 outputs/V1e24_D30_G8/solution/solution-00036 
 82 9.948089030413e+09 4.247244601645e+07 768 7235 3201  9 6 7 7 9.29952822e-04 2.18986140e-03                                           "" 
 83 9.990899958936e+09 4.281092852219e+07 768 7235 3201  9 5 6 6 9.18168053e-04 2.17354445e-03                                           "" 
 84 1.003403227212e+10 4.313231317956e+07 768 7235 3201  9 5 6 6 9.06769577e-04 2.15829033e-03 outputs/V1e24_D30_G8/solution/solution-00037 
 85 1.007746943103e+10 4.343715891140e+07 768 7235 3201  9 5 6 6 8.95737315e-04 2.14402826e-03                                           "" 
 86 1.012119553370e+10 4.372610267293e+07 768 7235 3201  9 5 6 6 8.85051896e-04 2.13068926e-03 outputs/V1e24_D30_G8/solution/solution-00038 
 87 1.016519538001e+10 4.399984630688e+07 768 7235 3201  9 5 6 6 8.74694731e-04 2.11820633e-03                                           "" 
 88 1.020945452452e+10 4.425914451593e+07 768 7235 3201  9 5 6 6 8.64648071e-04 2.10651467e-03 outputs/V1e24_D30_G8/solution/solution-00039 
 89 1.025395931781e+10 4.450479328573e+07 768 7235 3201  9 5 6 6 8.54895045e-04 2.09555184e-03                                           "" 
 90 1.029869693682e+10 4.473761901410e+07 768 7235 3201  9 5 6 6 8.45419678e-04 2.08525787e-03                                           "" 
 91 1.034365540526e+10 4.495846843427e+07 768 7235 3201  9 5 6 6 8.36206909e-04 2.07557532e-03 outputs/V1e24_D30_G8/solution/solution-00040 
 92 1.038882360465e+10 4.516819939256e+07 768 7235 3201  9 5 6 6 8.27242580e-04 2.06644941e-03                                           "" 
 93 1.043419127717e+10 4.536767251689e+07 768 7235 3201  8 5 6 6 8.18513434e-04 2.05782798e-03 outputs/V1e24_D30_G8/solution/solution-00041 
 94 1.047974902096e+10 4.555774379119e+07 768 7235 3201  8 5 6 6 8.10007092e-04 2.04966158e-03                                           "" 
 95 1.052548827899e+10 4.573925803281e+07 768 7235 3201  8 5 6 6 8.01712031e-04 2.04190342e-03 outputs/V1e24_D30_G8/solution/solution-00042 
 96 1.057140132225e+10 4.591304325525e+07 768 7235 3201  8 5 6 6 7.93617552e-04 2.03450936e-03                                           "" 
 97 1.061748122813e+10 4.607990588613e+07 768 7235 3201  8 5 6 6 7.85713749e-04 2.02743792e-03 outputs/V1e24_D30_G8/solution/solution-00043 
 98 1.066372185493e+10 4.624062680083e+07 768 7235 3201  8 5 6 6 7.77991468e-04 2.02065016e-03                                           "" 
 99 1.071011781306e+10 4.639595812483e+07 768 7235 3201  8 5 6 6 7.70442268e-04 2.01410969e-03 outputs/V1e24_D30_G8/solution/solution-00044 
100 1.075666443381e+10 4.654662075206e+07 768 7235 3201  8 5 6 6 7.63058373e-04 2.00778259e-03                                           "" 
