# 1: Time step number
# 2: Time (years)
# 3: Time step size (years)
# 4: Number of mesh cells
# 5: Number of Stokes degrees of freedom
# 6: Number of temperature degrees of freedom
# 7: Iterations for temperature solver
# 8: Iterations for Stokes solver
# 9: Velocity iterations in Stokes preconditioner
# 10: Schur complement iterations in Stokes preconditioner
# 11: RMS velocity (m/year)
# 12: Max. velocity (m/year)
# 13: Visualization file name
  0 0.000000000000e+00 0.000000000000e+00 768 7235 3201  0 8 9 9 9.27689814e-08 1.65045307e-07 outputs/V1e26_D10_G14/solution/solution-00000 
  1 1.392571516413e+09 1.392571516413e+09 768 7235 3201 32 8 9 9 8.82893935e-08 1.49532494e-07 outputs/V1e26_D10_G14/solution/solution-00001 
  2 2.785143032825e+09 1.392571516413e+09 768 7235 3201 25 8 9 9 8.44507575e-08 1.43368863e-07 outputs/V1e26_D10_G14/solution/solution-00002 
  3 4.177714549238e+09 1.392571516413e+09 768 7235 3201 24 8 9 9 8.11762983e-08 1.38396331e-07 outputs/V1e26_D10_G14/solution/solution-00003 
  4 5.570286065650e+09 1.392571516413e+09 768 7235 3201 23 8 9 9 7.83606702e-08 1.34173672e-07 outputs/V1e26_D10_G14/solution/solution-00004 
  5 6.962857582063e+09 1.392571516413e+09 768 7235 3201 23 8 9 9 7.59375811e-08 1.30552683e-07 outputs/V1e26_D10_G14/solution/solution-00005 
  6 8.355429098476e+09 1.392571516413e+09 768 7235 3201 22 8 9 9 7.38415052e-08 1.27407521e-07 outputs/V1e26_D10_G14/solution/solution-00006 
  7 9.748000614888e+09 1.392571516413e+09 768 7235 3201 21 8 9 9 7.20158966e-08 1.24640181e-07 outputs/V1e26_D10_G14/solution/solution-00007 
  8 1.114057213130e+10 1.392571516413e+09 768 7235 3201 21 8 9 9 7.04137172e-08 1.22175905e-07 outputs/V1e26_D10_G14/solution/solution-00008 
  9 1.253314364771e+10 1.392571516413e+09 768 7235 3201 21 8 9 9 6.89963869e-08 1.19957530e-07 outputs/V1e26_D10_G14/solution/solution-00009 
 10 1.392571516413e+10 1.392571516413e+09 768 7235 3201 20 8 9 9 6.77323991e-08 1.17940886e-07 outputs/V1e26_D10_G14/solution/solution-00010 
 11 1.531828668054e+10 1.392571516413e+09 768 7235 3201 20 8 9 9 6.65960181e-08 1.16091404e-07 outputs/V1e26_D10_G14/solution/solution-00011 
 12 1.671085819695e+10 1.392571516413e+09 768 7235 3201 20 8 9 9 6.55661748e-08 1.14381692e-07 outputs/V1e26_D10_G14/solution/solution-00012 
 13 1.810342971336e+10 1.392571516413e+09 768 7235 3201 20 8 9 9 6.46255689e-08 1.12789801e-07 outputs/V1e26_D10_G14/solution/solution-00013 
 14 1.949600122978e+10 1.392571516413e+09 768 7235 3201 20 8 9 9 6.37599485e-08 1.11297958e-07 outputs/V1e26_D10_G14/solution/solution-00014 
 15 2.088857274619e+10 1.392571516413e+09 768 7235 3201 20 8 9 9 6.29575361e-08 1.09891652e-07 outputs/V1e26_D10_G14/solution/solution-00015 
 16 2.228114426260e+10 1.392571516413e+09 768 7235 3201 19 8 9 9 6.22085699e-08 1.08558936e-07 outputs/V1e26_D10_G14/solution/solution-00016 
 17 2.367371577901e+10 1.392571516413e+09 768 7235 3201 19 8 9 9 6.15049366e-08 1.07289912e-07 outputs/V1e26_D10_G14/solution/solution-00017 
 18 2.506628729543e+10 1.392571516413e+09 768 7235 3201 19 8 9 9 6.08398768e-08 1.06076328e-07 outputs/V1e26_D10_G14/solution/solution-00018 
 19 2.645885881184e+10 1.392571516413e+09 768 7235 3201 19 8 9 9 6.02077464e-08 1.04911268e-07 outputs/V1e26_D10_G14/solution/solution-00019 
 20 2.785143032825e+10 1.392571516413e+09 768 7235 3201 19 8 9 9 5.96038241e-08 1.03788912e-07 outputs/V1e26_D10_G14/solution/solution-00020 
 21 2.924400184466e+10 1.392571516413e+09 768 7235 3201 19 8 9 9 5.90241536e-08 1.02704338e-07 outputs/V1e26_D10_G14/solution/solution-00021 
 22 3.063657336108e+10 1.392571516413e+09 768 7235 3201 19 8 9 9 5.84654149e-08 1.01653372e-07 outputs/V1e26_D10_G14/solution/solution-00022 
 23 3.202914487749e+10 1.392571516413e+09 768 7235 3201 19 8 9 9 5.79248186e-08 1.00632459e-07 outputs/V1e26_D10_G14/solution/solution-00023 
 24 3.342171639390e+10 1.392571516413e+09 768 7235 3201 19 8 9 9 5.74000183e-08 9.96385655e-08 outputs/V1e26_D10_G14/solution/solution-00024 
 25 3.481428791032e+10 1.392571516413e+09 768 7235 3201 19 8 9 9 5.68890387e-08 9.86690922e-08 outputs/V1e26_D10_G14/solution/solution-00025 
 26 3.620685942673e+10 1.392571516413e+09 768 7235 3201 18 8 9 9 5.63902152e-08 9.77218087e-08 outputs/V1e26_D10_G14/solution/solution-00026 
 27 3.759943094314e+10 1.392571516413e+09 768 7235 3201 18 8 9 9 5.59021443e-08 9.67947945e-08 outputs/V1e26_D10_G14/solution/solution-00027 
 28 3.899200245955e+10 1.392571516413e+09 768 7235 3201 18 8 9 9 5.54236415e-08 9.58863923e-08 outputs/V1e26_D10_G14/solution/solution-00028 
 29 4.038457397597e+10 1.392571516413e+09 768 7235 3201 18 8 9 9 5.49537066e-08 9.49951678e-08 outputs/V1e26_D10_G14/solution/solution-00029 
 30 4.177714549238e+10 1.392571516413e+09 768 7235 3201 18 8 9 9 5.44914948e-08 9.41198768e-08 outputs/V1e26_D10_G14/solution/solution-00030 
 31 4.316971700879e+10 1.392571516413e+09 768 7235 3201 18 8 9 9 5.40362915e-08 9.32594367e-08 outputs/V1e26_D10_G14/solution/solution-00031 
 32 4.456228852520e+10 1.392571516413e+09 768 7235 3201 18 8 9 9 5.35874922e-08 9.24129029e-08 outputs/V1e26_D10_G14/solution/solution-00032 
 33 4.595486004162e+10 1.392571516413e+09 768 7235 3201 18 8 9 9 5.31445853e-08 9.15794488e-08 outputs/V1e26_D10_G14/solution/solution-00033 
 34 4.734743155803e+10 1.392571516413e+09 768 7235 3201 18 8 9 9 5.27071368e-08 9.07583485e-08 outputs/V1e26_D10_G14/solution/solution-00034 
 35 4.874000307444e+10 1.392571516413e+09 768 7235 3201 18 8 9 9 5.22747789e-08 8.99489626e-08 outputs/V1e26_D10_G14/solution/solution-00035 
 36 5.013257459085e+10 1.392571516413e+09 768 7235 3201 18 8 9 9 5.18471991e-08 8.91507257e-08 outputs/V1e26_D10_G14/solution/solution-00036 
 37 5.152514610727e+10 1.392571516413e+09 768 7235 3201 18 8 9 9 5.14241315e-08 8.83631361e-08 outputs/V1e26_D10_G14/solution/solution-00037 
 38 5.291771762368e+10 1.392571516413e+09 768 7235 3201 18 8 9 9 5.10053498e-08 8.75857467e-08 outputs/V1e26_D10_G14/solution/solution-00038 
 39 5.431028914009e+10 1.392571516413e+09 768 7235 3201 18 8 9 9 5.05906606e-08 8.68181574e-08 outputs/V1e26_D10_G14/solution/solution-00039 
 40 5.570286065650e+10 1.392571516413e+09 768 7235 3201 18 8 9 9 5.01798985e-08 8.60600090e-08 outputs/V1e26_D10_G14/solution/solution-00040 
 41 5.709543217292e+10 1.392571516413e+09 768 7235 3201 18 8 9 9 4.97729218e-08 8.53109770e-08 outputs/V1e26_D10_G14/solution/solution-00041 
 42 5.848800368933e+10 1.392571516413e+09 768 7235 3201 18 8 9 9 4.93696082e-08 8.45707673e-08 outputs/V1e26_D10_G14/solution/solution-00042 
 43 5.988057520574e+10 1.392571516413e+09 768 7235 3201 18 8 9 9 4.89698523e-08 8.38391124e-08 outputs/V1e26_D10_G14/solution/solution-00043 
 44 6.127314672215e+10 1.392571516413e+09 768 7235 3201 18 8 9 9 4.85735626e-08 8.31157671e-08 outputs/V1e26_D10_G14/solution/solution-00044 
 45 6.266571823857e+10 1.392571516413e+09 768 7235 3201 18 8 9 9 4.81806592e-08 8.24005066e-08 outputs/V1e26_D10_G14/solution/solution-00045 
 46 6.405828975498e+10 1.392571516413e+09 768 7235 3201 17 8 9 9 4.77910722e-08 8.16931232e-08 outputs/V1e26_D10_G14/solution/solution-00046 
 47 6.545086127139e+10 1.392571516413e+09 768 7235 3201 17 8 9 9 4.74047401e-08 8.09934242e-08 outputs/V1e26_D10_G14/solution/solution-00047 
 48 6.684343278781e+10 1.392571516413e+09 768 7235 3201 17 8 9 9 4.70216079e-08 8.03012307e-08 outputs/V1e26_D10_G14/solution/solution-00048 
 49 6.823600430422e+10 1.392571516413e+09 768 7235 3201 17 8 9 9 4.66416269e-08 7.96163751e-08 outputs/V1e26_D10_G14/solution/solution-00049 
 50 6.962857582063e+10 1.392571516413e+09 768 7235 3201 17 8 9 9 4.62647528e-08 7.89387004e-08 outputs/V1e26_D10_G14/solution/solution-00050 
 51 7.102114733704e+10 1.392571516413e+09 768 7235 3201 17 8 9 9 4.58909458e-08 7.82680587e-08 outputs/V1e26_D10_G14/solution/solution-00051 
 52 7.241371885346e+10 1.392571516413e+09 768 7235 3201 17 8 9 9 4.55201691e-08 7.76043103e-08 outputs/V1e26_D10_G14/solution/solution-00052 
 53 7.380629036987e+10 1.392571516413e+09 768 7235 3201 17 8 9 9 4.51523890e-08 7.69473230e-08 outputs/V1e26_D10_G14/solution/solution-00053 
 54 7.519886188628e+10 1.392571516413e+09 768 7235 3201 17 8 9 9 4.47875742e-08 7.62969710e-08 outputs/V1e26_D10_G14/solution/solution-00054 
 55 7.659143340269e+10 1.392571516413e+09 768 7235 3201 17 8 9 9 4.44256951e-08 7.56531345e-08 outputs/V1e26_D10_G14/solution/solution-00055 
 56 7.798400491911e+10 1.392571516413e+09 768 7235 3201 17 8 9 9 4.40667240e-08 7.50156989e-08 outputs/V1e26_D10_G14/solution/solution-00056 
 57 7.937657643552e+10 1.392571516413e+09 768 7235 3201 17 8 9 9 4.37106345e-08 7.43845547e-08 outputs/V1e26_D10_G14/solution/solution-00057 
 58 8.076914795193e+10 1.392571516413e+09 768 7235 3201 17 8 9 9 4.33574013e-08 7.37595967e-08 outputs/V1e26_D10_G14/solution/solution-00058 
 59 8.216171946834e+10 1.392571516413e+09 768 7235 3201 17 8 9 9 4.30070001e-08 7.31407240e-08 outputs/V1e26_D10_G14/solution/solution-00059 
 60 8.355429098476e+10 1.392571516413e+09 768 7235 3201 17 8 9 9 4.26594074e-08 7.25278390e-08 outputs/V1e26_D10_G14/solution/solution-00060 
 61 8.494686250117e+10 1.392571516413e+09 768 7235 3201 17 8 9 9 4.23146002e-08 7.19208482e-08 outputs/V1e26_D10_G14/solution/solution-00061 
 62 8.633943401758e+10 1.392571516413e+09 768 7235 3201 17 8 9 9 4.19725564e-08 7.13196607e-08 outputs/V1e26_D10_G14/solution/solution-00062 
 63 8.773200553399e+10 1.392571516413e+09 768 7235 3201 17 8 9 9 4.16332541e-08 7.07241891e-08 outputs/V1e26_D10_G14/solution/solution-00063 
 64 8.912457705041e+10 1.392571516413e+09 768 7235 3201 17 8 9 9 4.12966717e-08 7.01343486e-08 outputs/V1e26_D10_G14/solution/solution-00064 
 65 9.051714856682e+10 1.392571516413e+09 768 7235 3201 17 8 9 9 4.09627884e-08 6.95500570e-08 outputs/V1e26_D10_G14/solution/solution-00065 
 66 9.190972008323e+10 1.392571516413e+09 768 7235 3201 17 8 9 9 4.06315831e-08 6.89712345e-08 outputs/V1e26_D10_G14/solution/solution-00066 
 67 9.330229159964e+10 1.392571516413e+09 768 7235 3201 17 8 9 9 4.03030353e-08 6.83978039e-08 outputs/V1e26_D10_G14/solution/solution-00067 
 68 9.469486311606e+10 1.392571516413e+09 768 7235 3201 17 8 9 9 3.99771247e-08 6.78296901e-08 outputs/V1e26_D10_G14/solution/solution-00068 
 69 9.608743463247e+10 1.392571516413e+09 768 7235 3201 17 8 9 9 3.96538311e-08 6.72668199e-08 outputs/V1e26_D10_G14/solution/solution-00069 
 70 9.748000614888e+10 1.392571516413e+09 768 7235 3201 17 8 9 9 3.93331344e-08 6.67091223e-08 outputs/V1e26_D10_G14/solution/solution-00070 
 71 9.887257766530e+10 1.392571516413e+09 768 7235 3201 16 8 9 9 3.90150149e-08 6.61565282e-08 outputs/V1e26_D10_G14/solution/solution-00071 
 72 1.002651491817e+11 1.392571516413e+09 768 7235 3201 16 8 9 9 3.86994527e-08 6.56089701e-08 outputs/V1e26_D10_G14/solution/solution-00072 
 73 1.016577206981e+11 1.392571516413e+09 768 7235 3201 16 8 9 9 3.83864283e-08 6.50663825e-08 outputs/V1e26_D10_G14/solution/solution-00073 
 74 1.030502922145e+11 1.392571516413e+09 768 7235 3201 16 8 9 9 3.80759221e-08 6.45287013e-08 outputs/V1e26_D10_G14/solution/solution-00074 
 75 1.044428637309e+11 1.392571516413e+09 768 7235 3201 16 8 9 9 3.77679149e-08 6.39958641e-08 outputs/V1e26_D10_G14/solution/solution-00075 
 76 1.058354352474e+11 1.392571516413e+09 768 7235 3201 16 8 9 9 3.74623873e-08 6.34678100e-08 outputs/V1e26_D10_G14/solution/solution-00076 
 77 1.072280067638e+11 1.392571516413e+09 768 7235 3201 16 8 9 9 3.71593201e-08 6.29444796e-08 outputs/V1e26_D10_G14/solution/solution-00077 
 78 1.086205782802e+11 1.392571516413e+09 768 7235 3201 16 8 9 9 3.68586945e-08 6.24258147e-08 outputs/V1e26_D10_G14/solution/solution-00078 
 79 1.100131497966e+11 1.392571516413e+09 768 7235 3201 16 8 9 9 3.65604913e-08 6.19117587e-08 outputs/V1e26_D10_G14/solution/solution-00079 
 80 1.114057213130e+11 1.392571516413e+09 768 7235 3201 16 8 9 9 3.62646918e-08 6.14022562e-08 outputs/V1e26_D10_G14/solution/solution-00080 
 81 1.127982928294e+11 1.392571516413e+09 768 7235 3201 16 8 9 9 3.59712773e-08 6.08972528e-08 outputs/V1e26_D10_G14/solution/solution-00081 
 82 1.141908643458e+11 1.392571516413e+09 768 7235 3201 16 8 9 9 3.56802290e-08 6.03966958e-08 outputs/V1e26_D10_G14/solution/solution-00082 
 83 1.155834358622e+11 1.392571516413e+09 768 7235 3201 16 8 9 9 3.53915286e-08 5.99005331e-08 outputs/V1e26_D10_G14/solution/solution-00083 
 84 1.169760073787e+11 1.392571516413e+09 768 7235 3201 16 8 9 9 3.51051575e-08 5.94087140e-08 outputs/V1e26_D10_G14/solution/solution-00084 
 85 1.183685788951e+11 1.392571516413e+09 768 7235 3201 16 8 9 9 3.48210976e-08 5.89211890e-08 outputs/V1e26_D10_G14/solution/solution-00085 
 86 1.197611504115e+11 1.392571516413e+09 768 7235 3201 16 7 8 8 3.45393305e-08 5.84379094e-08 outputs/V1e26_D10_G14/solution/solution-00086 
 87 1.211537219279e+11 1.392571516413e+09 768 7235 3201 16 7 8 8 3.42598383e-08 5.79588274e-08 outputs/V1e26_D10_G14/solution/solution-00087 
 88 1.225462934443e+11 1.392571516413e+09 768 7235 3201 16 7 8 8 3.39826029e-08 5.74838966e-08 outputs/V1e26_D10_G14/solution/solution-00088 
 89 1.239388649607e+11 1.392571516413e+09 768 7235 3201 16 7 8 8 3.37076065e-08 5.70130711e-08 outputs/V1e26_D10_G14/solution/solution-00089 
 90 1.253314364771e+11 1.392571516413e+09 768 7235 3201 16 7 8 8 3.34348314e-08 5.65463061e-08 outputs/V1e26_D10_G14/solution/solution-00090 
 91 1.267240079935e+11 1.392571516413e+09 768 7235 3201 16 7 8 8 3.31642599e-08 5.60835576e-08 outputs/V1e26_D10_G14/solution/solution-00091 
 92 1.281165795100e+11 1.392571516413e+09 768 7235 3201 16 7 8 8 3.28958745e-08 5.56247825e-08 outputs/V1e26_D10_G14/solution/solution-00092 
 93 1.295091510264e+11 1.392571516413e+09 768 7235 3201 16 7 8 8 3.26296579e-08 5.51699386e-08 outputs/V1e26_D10_G14/solution/solution-00093 
 94 1.309017225428e+11 1.392571516413e+09 768 7235 3201 16 7 8 8 3.23655927e-08 5.47189842e-08 outputs/V1e26_D10_G14/solution/solution-00094 
 95 1.322942940592e+11 1.392571516413e+09 768 7235 3201 16 7 8 8 3.21036619e-08 5.42718786e-08 outputs/V1e26_D10_G14/solution/solution-00095 
 96 1.336868655756e+11 1.392571516413e+09 768 7235 3201 16 7 8 8 3.18438483e-08 5.38285818e-08 outputs/V1e26_D10_G14/solution/solution-00096 
 97 1.350794370920e+11 1.392571516413e+09 768 7235 3201 15 7 8 8 3.15861351e-08 5.33890545e-08 outputs/V1e26_D10_G14/solution/solution-00097 
 98 1.364720086084e+11 1.392571516413e+09 768 7235 3201 15 7 8 8 3.13305054e-08 5.29532581e-08 outputs/V1e26_D10_G14/solution/solution-00098 
 99 1.378645801248e+11 1.392571516413e+09 768 7235 3201 15 7 8 8 3.10769427e-08 5.25211545e-08 outputs/V1e26_D10_G14/solution/solution-00099 
100 1.392571516413e+11 1.392571516413e+09 768 7235 3201 15 7 8 8 3.08254303e-08 5.20927066e-08 outputs/V1e26_D10_G14/solution/solution-00100 
