# 1: Time step number
# 2: Time (years)
# 3: Time step size (years)
# 4: Number of mesh cells
# 5: Number of Stokes degrees of freedom
# 6: Number of temperature degrees of freedom
# 7: Iterations for temperature solver
# 8: Iterations for Stokes solver
# 9: Velocity iterations in Stokes preconditioner
# 10: Schur complement iterations in Stokes preconditioner
# 11: RMS velocity (m/year)
# 12: Max. velocity (m/year)
# 13: Visualization file name
  0 0.000000000000e+00 0.000000000000e+00 768 7235 3201  0 8 9 9 2.81118125e-08 5.00137295e-08 outputs/V3.3e26_D10_G14/solution/solution-00000 
  1 1.392571516413e+09 1.392571516413e+09 768 7235 3201 32 8 9 9 2.66331318e-08 4.50434393e-08 outputs/V3.3e26_D10_G14/solution/solution-00001 
  2 2.785143032825e+09 1.392571516413e+09 768 7235 3201 25 8 9 9 2.52957190e-08 4.27544517e-08 outputs/V3.3e26_D10_G14/solution/solution-00002 
  3 4.177714549238e+09 1.392571516413e+09 768 7235 3201 24 8 9 9 2.40689256e-08 4.07362447e-08 outputs/V3.3e26_D10_G14/solution/solution-00003 
  4 5.570286065650e+09 1.392571516413e+09 768 7235 3201 23 8 9 9 2.29293047e-08 3.88609609e-08 outputs/V3.3e26_D10_G14/solution/solution-00004 
  5 6.962857582063e+09 1.392571516413e+09 768 7235 3201 23 8 9 9 2.18686195e-08 3.71118747e-08 outputs/V3.3e26_D10_G14/solution/solution-00005 
  6 8.355429098476e+09 1.392571516413e+09 768 7235 3201 22 8 9 9 2.08781212e-08 3.54732697e-08 outputs/V3.3e26_D10_G14/solution/solution-00006 
  7 9.748000614888e+09 1.392571516413e+09 768 7235 3201 21 8 9 9 1.99500267e-08 3.39319973e-08 outputs/V3.3e26_D10_G14/solution/solution-00007 
  8 1.114057213130e+10 1.392571516413e+09 768 7235 3201 21 8 9 9 1.90776350e-08 3.24773555e-08 outputs/V3.3e26_D10_G14/solution/solution-00008 
  9 1.253314364771e+10 1.392571516413e+09 768 7235 3201 21 8 9 9 1.82552445e-08 3.11006243e-08 outputs/V3.3e26_D10_G14/solution/solution-00009 
 10 1.392571516413e+10 1.392571516413e+09 768 7235 3201 20 8 9 9 1.74780152e-08 2.97946216e-08 outputs/V3.3e26_D10_G14/solution/solution-00010 
 11 1.531828668054e+10 1.392571516413e+09 768 7235 3201 20 8 9 9 1.67418277e-08 2.85533521e-08 outputs/V3.3e26_D10_G14/solution/solution-00011 
 12 1.671085819695e+10 1.392571516413e+09 768 7235 3201 20 8 9 9 1.60431587e-08 2.73717429e-08 outputs/V3.3e26_D10_G14/solution/solution-00012 
 13 1.810342971336e+10 1.392571516413e+09 768 7235 3201 20 8 9 9 1.53789769e-08 2.62454464e-08 outputs/V3.3e26_D10_G14/solution/solution-00013 
 14 1.949600122978e+10 1.392571516413e+09 768 7235 3201 20 8 9 9 1.47466572e-08 2.51706925e-08 outputs/V3.3e26_D10_G14/solution/solution-00014 
 15 2.088857274619e+10 1.392571516413e+09 768 7235 3201 20 8 9 9 1.41439114e-08 2.41441765e-08 outputs/V3.3e26_D10_G14/solution/solution-00015 
 16 2.228114426260e+10 1.392571516413e+09 768 7235 3201 19 8 9 9 1.35687307e-08 2.31629727e-08 outputs/V3.3e26_D10_G14/solution/solution-00016 
 17 2.367371577901e+10 1.392571516413e+09 768 7235 3201 19 8 9 9 1.30193399e-08 2.22244675e-08 outputs/V3.3e26_D10_G14/solution/solution-00017 
 18 2.506628729543e+10 1.392571516413e+09 768 7235 3201 19 8 9 9 1.24941596e-08 2.13263066e-08 outputs/V3.3e26_D10_G14/solution/solution-00018 
 19 2.645885881184e+10 1.392571516413e+09 768 7235 3201 19 8 9 9 1.19917749e-08 2.04663536e-08 outputs/V3.3e26_D10_G14/solution/solution-00019 
 20 2.785143032825e+10 1.392571516413e+09 768 7235 3201 19 8 9 9 1.15109104e-08 1.96426565e-08 outputs/V3.3e26_D10_G14/solution/solution-00020 
 21 2.924400184466e+10 1.392571516413e+09 768 7235 3201 19 8 9 9 1.10504096e-08 1.88534208e-08 outputs/V3.3e26_D10_G14/solution/solution-00021 
 22 3.063657336108e+10 1.392571516413e+09 768 7235 3201 19 8 9 9 1.06092170e-08 1.80969880e-08 outputs/V3.3e26_D10_G14/solution/solution-00022 
 23 3.202914487749e+10 1.392571516413e+09 768 7235 3201 19 8 9 9 1.01863648e-08 1.73718172e-08 outputs/V3.3e26_D10_G14/solution/solution-00023 
 24 3.342171639390e+10 1.392571516413e+09 768 7235 3201 19 8 9 9 9.78096031e-09 1.66764715e-08 outputs/V3.3e26_D10_G14/solution/solution-00024 
 25 3.481428791032e+10 1.392571516413e+09 768 7235 3201 19 8 9 9 9.39217700e-09 1.60096049e-08 outputs/V3.3e26_D10_G14/solution/solution-00025 
 26 3.620685942673e+10 1.392571516413e+09 768 7235 3201 18 8 9 9 9.01924576e-09 1.53699531e-08 outputs/V3.3e26_D10_G14/solution/solution-00026 
 27 3.759943094314e+10 1.392571516413e+09 768 7235 3201 18 8 9 9 8.66144838e-09 1.47563245e-08 outputs/V3.3e26_D10_G14/solution/solution-00027 
 28 3.899200245955e+10 1.392571516413e+09 768 7235 3201 18 8 9 9 8.31811174e-09 1.41675935e-08 outputs/V3.3e26_D10_G14/solution/solution-00028 
 29 4.038457397597e+10 1.392571516413e+09 768 7235 3201 18 8 9 9 7.98860306e-09 1.36026944e-08 outputs/V3.3e26_D10_G14/solution/solution-00029 
 30 4.177714549238e+10 1.392571516413e+09 768 7235 3201 18 8 9 9 7.67232578e-09 1.30606164e-08 outputs/V3.3e26_D10_G14/solution/solution-00030 
 31 4.316971700879e+10 1.392571516413e+09 768 7235 3201 18 8 9 9 7.36871609e-09 1.25403987e-08 outputs/V3.3e26_D10_G14/solution/solution-00031 
 32 4.456228852520e+10 1.392571516413e+09 768 7235 3201 18 8 9 9 7.07724003e-09 1.20411275e-08 outputs/V3.3e26_D10_G14/solution/solution-00032 
 33 4.595486004162e+10 1.392571516413e+09 768 7235 3201 18 8 9 9 6.79739086e-09 1.15619321e-08 outputs/V3.3e26_D10_G14/solution/solution-00033 
 34 4.734743155803e+10 1.392571516413e+09 768 7235 3201 18 8 9 9 6.52868693e-09 1.11019820e-08 outputs/V3.3e26_D10_G14/solution/solution-00034 
 35 4.874000307444e+10 1.392571516413e+09 768 7235 3201 18 8 9 9 6.27066977e-09 1.06604847e-08 outputs/V3.3e26_D10_G14/solution/solution-00035 
 36 5.013257459085e+10 1.392571516413e+09 768 7235 3201 18 8 9 9 6.02290238e-09 1.02366830e-08 outputs/V3.3e26_D10_G14/solution/solution-00036 
 37 5.152514610727e+10 1.392571516413e+09 768 7235 3201 18 8 9 9 5.78496781e-09 9.82985322e-09 outputs/V3.3e26_D10_G14/solution/solution-00037 
 38 5.291771762368e+10 1.392571516413e+09 768 7235 3201 18 8 9 9 5.55646783e-09 9.43930320e-09 outputs/V3.3e26_D10_G14/solution/solution-00038 
 39 5.431028914009e+10 1.392571516413e+09 768 7235 3201 18 8 9 9 5.33702181e-09 9.06437060e-09 outputs/V3.3e26_D10_G14/solution/solution-00039 
 40 5.570286065650e+10 1.392571516413e+09 768 7235 3201 18 8 9 9 5.12626566e-09 8.70442143e-09 outputs/V3.3e26_D10_G14/solution/solution-00040 
 41 5.709543217292e+10 1.392571516413e+09 768 7235 3201 18 8 9 9 4.92385092e-09 8.35884855e-09 outputs/V3.3e26_D10_G14/solution/solution-00041 
 42 5.848800368933e+10 1.392571516413e+09 768 7235 3201 18 8 9 9 4.72944387e-09 8.02707041e-09 outputs/V3.3e26_D10_G14/solution/solution-00042 
 43 5.988057520574e+10 1.392571516413e+09 768 7235 3201 18 8 9 9 4.54272485e-09 7.70852981e-09 outputs/V3.3e26_D10_G14/solution/solution-00043 
 44 6.127314672215e+10 1.392571516413e+09 768 7235 3201 18 8 9 9 4.36338744e-09 7.40269275e-09 outputs/V3.3e26_D10_G14/solution/solution-00044 
 45 6.266571823857e+10 1.392571516413e+09 768 7235 3201 18 8 9 9 4.19113792e-09 7.10904739e-09 outputs/V3.3e26_D10_G14/solution/solution-00045 
 46 6.405828975498e+10 1.392571516413e+09 768 7235 3201 17 8 9 9 4.02569460e-09 6.82710303e-09 outputs/V3.3e26_D10_G14/solution/solution-00046 
 47 6.545086127139e+10 1.392571516413e+09 768 7235 3201 17 8 9 9 3.86678726e-09 6.55638917e-09 outputs/V3.3e26_D10_G14/solution/solution-00047 
 48 6.684343278781e+10 1.392571516413e+09 768 7235 3201 17 8 9 9 3.71415667e-09 6.29645461e-09 outputs/V3.3e26_D10_G14/solution/solution-00048 
 49 6.823600430422e+10 1.392571516413e+09 768 7235 3201 17 8 9 9 3.56755405e-09 6.04686665e-09 outputs/V3.3e26_D10_G14/solution/solution-00049 
 50 6.962857582063e+10 1.392571516413e+09 768 7235 3201 17 8 9 9 3.42674067e-09 5.80721026e-09 outputs/V3.3e26_D10_G14/solution/solution-00050 
 51 7.102114733704e+10 1.392571516413e+09 768 7235 3201 17 8 9 9 3.29148737e-09 5.57708732e-09 outputs/V3.3e26_D10_G14/solution/solution-00051 
 52 7.241371885346e+10 1.392571516413e+09 768 7235 3201 17 8 9 9 3.16157417e-09 5.35611593e-09 outputs/V3.3e26_D10_G14/solution/solution-00052 
 53 7.380629036987e+10 1.392571516413e+09 768 7235 3201 17 8 9 9 3.03678987e-09 5.14392969e-09 outputs/V3.3e26_D10_G14/solution/solution-00053 
 54 7.519886188628e+10 1.392571516413e+09 768 7235 3201 17 8 9 9 2.91693170e-09 4.94017709e-09 outputs/V3.3e26_D10_G14/solution/solution-00054 
 55 7.659143340269e+10 1.392571516413e+09 768 7235 3201 17 8 9 9 2.80180496e-09 4.74452084e-09 outputs/V3.3e26_D10_G14/solution/solution-00055 
 56 7.798400491911e+10 1.392571516413e+09 768 7235 3201 17 8 9 9 2.69122270e-09 4.55663732e-09 outputs/V3.3e26_D10_G14/solution/solution-00056 
 57 7.937657643552e+10 1.392571516413e+09 768 7235 3201 17 8 9 9 2.58500539e-09 4.37621597e-09 outputs/V3.3e26_D10_G14/solution/solution-00057 
 58 8.076914795193e+10 1.392571516413e+09 768 7235 3201 17 8 9 9 2.48298061e-09 4.20295879e-09 outputs/V3.3e26_D10_G14/solution/solution-00058 
 59 8.216171946834e+10 1.392571516413e+09 768 7235 3201 17 8 9 9 2.38498279e-09 4.03657980e-09 outputs/V3.3e26_D10_G14/solution/solution-00059 
 60 8.355429098476e+10 1.392571516413e+09 768 7235 3201 17 8 9 9 2.29085291e-09 3.87680456e-09 outputs/V3.3e26_D10_G14/solution/solution-00060 
 61 8.494686250117e+10 1.392571516413e+09 768 7235 3201 17 8 9 9 2.20043825e-09 3.72336966e-09 outputs/V3.3e26_D10_G14/solution/solution-00061 
 62 8.633943401758e+10 1.392571516413e+09 768 7235 3201 17 8 9 9 2.11359213e-09 3.57602230e-09 outputs/V3.3e26_D10_G14/solution/solution-00062 
 63 8.773200553399e+10 1.392571516413e+09 768 7235 3201 17 8 9 9 2.03017367e-09 3.43451986e-09 outputs/V3.3e26_D10_G14/solution/solution-00063 
 64 8.912457705041e+10 1.392571516413e+09 768 7235 3201 17 8 9 9 1.95004757e-09 3.29862947e-09 outputs/V3.3e26_D10_G14/solution/solution-00064 
 65 9.051714856682e+10 1.392571516413e+09 768 7235 3201 17 8 9 9 1.87308385e-09 3.16812760e-09 outputs/V3.3e26_D10_G14/solution/solution-00065 
 66 9.190972008323e+10 1.392571516413e+09 768 7235 3201 17 8 9 9 1.79915770e-09 3.04279969e-09 outputs/V3.3e26_D10_G14/solution/solution-00066 
 67 9.330229159964e+10 1.392571516413e+09 768 7235 3201 17 8 9 9 1.72814923e-09 2.92243981e-09 outputs/V3.3e26_D10_G14/solution/solution-00067 
 68 9.469486311606e+10 1.392571516413e+09 768 7235 3201 17 8 9 9 1.65994326e-09 2.80685028e-09 outputs/V3.3e26_D10_G14/solution/solution-00068 
 69 9.608743463247e+10 1.392571516413e+09 768 7235 3201 17 8 9 9 1.59442919e-09 2.69584131e-09 outputs/V3.3e26_D10_G14/solution/solution-00069 
 70 9.748000614888e+10 1.392571516413e+09 768 7235 3201 17 8 9 9 1.53150077e-09 2.58923075e-09 outputs/V3.3e26_D10_G14/solution/solution-00070 
 71 9.887257766530e+10 1.392571516413e+09 768 7235 3201 17 8 9 9 1.47105596e-09 2.48684373e-09 outputs/V3.3e26_D10_G14/solution/solution-00071 
 72 1.002651491817e+11 1.392571516413e+09 768 7235 3201 16 8 9 9 1.41299673e-09 2.38851239e-09 outputs/V3.3e26_D10_G14/solution/solution-00072 
 73 1.016577206981e+11 1.392571516413e+09 768 7235 3201 16 8 9 9 1.35722894e-09 2.29407554e-09 outputs/V3.3e26_D10_G14/solution/solution-00073 
 74 1.030502922145e+11 1.392571516413e+09 768 7235 3201 16 8 9 9 1.30366215e-09 2.20337846e-09 outputs/V3.3e26_D10_G14/solution/solution-00074 
 75 1.044428637309e+11 1.392571516413e+09 768 7235 3201 16 8 9 9 1.25220949e-09 2.11627262e-09 outputs/V3.3e26_D10_G14/solution/solution-00075 
 76 1.058354352474e+11 1.392571516413e+09 768 7235 3201 16 8 9 9 1.20278751e-09 2.03261541e-09 outputs/V3.3e26_D10_G14/solution/solution-00076 
 77 1.072280067638e+11 1.392571516413e+09 768 7235 3201 16 8 9 9 1.15531609e-09 1.95226990e-09 outputs/V3.3e26_D10_G14/solution/solution-00077 
 78 1.086205782802e+11 1.392571516413e+09 768 7235 3201 16 8 9 9 1.10971824e-09 1.87510466e-09 outputs/V3.3e26_D10_G14/solution/solution-00078 
 79 1.100131497966e+11 1.392571516413e+09 768 7235 3201 16 8 9 9 1.06592001e-09 1.80099348e-09 outputs/V3.3e26_D10_G14/solution/solution-00079 
 80 1.114057213130e+11 1.392571516413e+09 768 7235 3201 16 8 9 9 1.02385038e-09 1.72981517e-09 outputs/V3.3e26_D10_G14/solution/solution-00080 
 81 1.127982928294e+11 1.392571516413e+09 768 7235 3201 16 8 9 9 9.83441132e-10 1.66145340e-09 outputs/V3.3e26_D10_G14/solution/solution-00081 
 82 1.141908643458e+11 1.392571516413e+09 768 7235 3201 16 8 9 9 9.44626733e-10 1.59579646e-09 outputs/V3.3e26_D10_G14/solution/solution-00082 
 83 1.155834358622e+11 1.392571516413e+09 768 7235 3201 16 8 9 9 9.07344241e-10 1.53273709e-09 outputs/V3.3e26_D10_G14/solution/solution-00083 
 84 1.169760073787e+11 1.392571516413e+09 768 7235 3201 16 8 9 9 8.71533197e-10 1.47217230e-09 outputs/V3.3e26_D10_G14/solution/solution-00084 
 85 1.183685788951e+11 1.392571516413e+09 768 7235 3201 16 8 9 9 8.37135528e-10 1.41400320e-09 outputs/V3.3e26_D10_G14/solution/solution-00085 
 86 1.197611504115e+11 1.392571516413e+09 768 7235 3201 16 8 9 9 8.04095453e-10 1.35813484e-09 outputs/V3.3e26_D10_G14/solution/solution-00086 
 87 1.211537219279e+11 1.392571516413e+09 768 7235 3201 16 8 9 9 7.72359393e-10 1.30447604e-09 outputs/V3.3e26_D10_G14/solution/solution-00087 
 88 1.225462934443e+11 1.392571516413e+09 768 7235 3201 16 8 9 9 7.41875881e-10 1.25293926e-09 outputs/V3.3e26_D10_G14/solution/solution-00088 
 89 1.239388649607e+11 1.392571516413e+09 768 7235 3201 16 8 9 9 7.12595484e-10 1.20344043e-09 outputs/V3.3e26_D10_G14/solution/solution-00089 
 90 1.253314364771e+11 1.392571516413e+09 768 7235 3201 16 8 9 9 6.84470718e-10 1.15589881e-09 outputs/V3.3e26_D10_G14/solution/solution-00090 
 91 1.267240079935e+11 1.392571516413e+09 768 7235 3201 16 8 9 9 6.57455975e-10 1.11023690e-09 outputs/V3.3e26_D10_G14/solution/solution-00091 
 92 1.281165795100e+11 1.392571516413e+09 768 7235 3201 16 8 9 9 6.31507445e-10 1.06638025e-09 outputs/V3.3e26_D10_G14/solution/solution-00092 
 93 1.295091510264e+11 1.392571516413e+09 768 7235 3201 16 8 9 9 6.06583048e-10 1.02425738e-09 outputs/V3.3e26_D10_G14/solution/solution-00093 
 94 1.309017225428e+11 1.392571516413e+09 768 7235 3201 16 8 9 9 5.82642362e-10 9.83799648e-10 outputs/V3.3e26_D10_G14/solution/solution-00094 
 95 1.322942940592e+11 1.392571516413e+09 768 7235 3201 16 8 9 9 5.59646566e-10 9.44941136e-10 outputs/V3.3e26_D10_G14/solution/solution-00095 
 96 1.336868655756e+11 1.392571516413e+09 768 7235 3201 16 8 9 9 5.37558366e-10 9.07618545e-10 outputs/V3.3e26_D10_G14/solution/solution-00096 
 97 1.350794370920e+11 1.392571516413e+09 768 7235 3201 15 8 9 9 5.16341948e-10 8.71771097e-10 outputs/V3.3e26_D10_G14/solution/solution-00097 
 98 1.364720086084e+11 1.392571516413e+09 768 7235 3201 15 8 9 9 4.95962901e-10 8.37340406e-10 outputs/V3.3e26_D10_G14/solution/solution-00098 
 99 1.378645801248e+11 1.392571516413e+09 768 7235 3201 15 8 9 9 4.76388173e-10 8.04270403e-10 outputs/V3.3e26_D10_G14/solution/solution-00099 
100 1.392571516413e+11 1.392571516413e+09 768 7235 3201 15 8 9 9 4.57586021e-10 7.72507253e-10 outputs/V3.3e26_D10_G14/solution/solution-00100 
