# 1: Time step number
# 2: Time (years)
# 3: Time step size (years)
# 4: Number of mesh cells
# 5: Number of Stokes degrees of freedom
# 6: Number of temperature degrees of freedom
# 7: Iterations for temperature solver
# 8: Iterations for Stokes solver
# 9: Velocity iterations in Stokes preconditioner
# 10: Schur complement iterations in Stokes preconditioner
# 11: RMS velocity (m/year)
# 12: Max. velocity (m/year)
# 13: Visualization file name
  0 0.000000000000e+00 0.000000000000e+00 768 7235 3201  0 8 9 9 2.65054232e-09 4.71558021e-09 outputs/V1e27_D10_G4/solution/solution-00000 
  1 1.392571516413e+09 1.392571516413e+09 768 7235 3201 32 8 9 9 2.50662371e-09 4.23695069e-09 outputs/V1e27_D10_G4/solution/solution-00001 
  2 2.785143032825e+09 1.392571516413e+09 768 7235 3201 25 8 9 9 2.37414792e-09 4.00569727e-09 outputs/V1e27_D10_G4/solution/solution-00002 
  3 4.177714549238e+09 1.392571516413e+09 768 7235 3201 24 8 9 9 2.25003147e-09 3.79699447e-09 outputs/V1e27_D10_G4/solution/solution-00003 
  4 5.570286065650e+09 1.392571516413e+09 768 7235 3201 23 8 9 9 2.13247633e-09 3.59918713e-09 outputs/V1e27_D10_G4/solution/solution-00004 
  5 6.962857582063e+09 1.392571516413e+09 768 7235 3201 23 8 9 9 2.02123332e-09 3.41189684e-09 outputs/V1e27_D10_G4/solution/solution-00005 
  6 8.355429098476e+09 1.392571516413e+09 768 7235 3201 22 8 9 9 1.91595748e-09 3.23458072e-09 outputs/V1e27_D10_G4/solution/solution-00006 
  7 9.748000614888e+09 1.392571516413e+09 768 7235 3201 21 8 9 9 1.81630884e-09 3.06667775e-09 outputs/V1e27_D10_G4/solution/solution-00007 
  8 1.114057213130e+10 1.392571516413e+09 768 7235 3201 21 8 9 9 1.72196373e-09 2.90765163e-09 outputs/V1e27_D10_G4/solution/solution-00008 
  9 1.253314364771e+10 1.392571516413e+09 768 7235 3201 21 8 9 9 1.63261859e-09 2.75700049e-09 outputs/V1e27_D10_G4/solution/solution-00009 
 10 1.392571516413e+10 1.392571516413e+09 768 7235 3201 20 8 9 9 1.54799020e-09 2.61425670e-09 outputs/V1e27_D10_G4/solution/solution-00010 
 11 1.531828668054e+10 1.392571516413e+09 768 7235 3201 20 8 9 9 1.46781446e-09 2.47898418e-09 outputs/V1e27_D10_G4/solution/solution-00011 
 12 1.671085819695e+10 1.392571516413e+09 768 7235 3201 20 8 9 9 1.39184476e-09 2.35077529e-09 outputs/V1e27_D10_G4/solution/solution-00012 
 13 1.810342971336e+10 1.392571516413e+09 768 7235 3201 20 8 9 9 1.31985039e-09 2.22924818e-09 outputs/V1e27_D10_G4/solution/solution-00013 
 14 1.949600122978e+10 1.392571516413e+09 768 7235 3201 20 8 9 9 1.25161518e-09 2.11404435e-09 outputs/V1e27_D10_G4/solution/solution-00014 
 15 2.088857274619e+10 1.392571516413e+09 768 7235 3201 20 8 9 9 1.18693623e-09 2.00482669e-09 outputs/V1e27_D10_G4/solution/solution-00015 
 16 2.228114426260e+10 1.392571516413e+09 768 7235 3201 19 8 9 9 1.12562281e-09 1.90127771e-09 outputs/V1e27_D10_G4/solution/solution-00016 
 17 2.367371577901e+10 1.392571516413e+09 768 7235 3201 19 8 9 9 1.06749544e-09 1.80309812e-09 outputs/V1e27_D10_G4/solution/solution-00017 
 18 2.506628729543e+10 1.392571516413e+09 768 7235 3201 19 8 9 9 1.01238503e-09 1.71000541e-09 outputs/V1e27_D10_G4/solution/solution-00018 
 19 2.645885881184e+10 1.392571516413e+09 768 7235 3201 19 8 9 9 9.60132122e-10 1.62173281e-09 outputs/V1e27_D10_G4/solution/solution-00019 
 20 2.785143032825e+10 1.392571516413e+09 768 7235 3201 19 8 9 9 9.10586218e-10 1.53802816e-09 outputs/V1e27_D10_G4/solution/solution-00020 
 21 2.924400184466e+10 1.392571516413e+09 768 7235 3201 19 8 9 9 8.63605191e-10 1.45865300e-09 outputs/V1e27_D10_G4/solution/solution-00021 
 22 3.063657336108e+10 1.392571516413e+09 768 7235 3201 19 8 9 9 8.19054730e-10 1.38338175e-09 outputs/V1e27_D10_G4/solution/solution-00022 
 23 3.202914487749e+10 1.392571516413e+09 768 7235 3201 19 8 9 9 7.76807843e-10 1.31200089e-09 outputs/V1e27_D10_G4/solution/solution-00023 
 24 3.342171639390e+10 1.392571516413e+09 768 7235 3201 19 8 9 9 7.36744411e-10 1.24430829e-09 outputs/V1e27_D10_G4/solution/solution-00024 
 25 3.481428791032e+10 1.392571516413e+09 768 7235 3201 19 8 9 9 6.98750765e-10 1.18011250e-09 outputs/V1e27_D10_G4/solution/solution-00025 
 26 3.620685942673e+10 1.392571516413e+09 768 7235 3201 18 8 9 9 6.62719311e-10 1.11923221e-09 outputs/V1e27_D10_G4/solution/solution-00026 
 27 3.759943094314e+10 1.392571516413e+09 768 7235 3201 18 8 9 9 6.28548169e-10 1.06149560e-09 outputs/V1e27_D10_G4/solution/solution-00027 
 28 3.899200245955e+10 1.392571516413e+09 768 7235 3201 18 8 9 9 5.96140853e-10 1.00673989e-09 outputs/V1e27_D10_G4/solution/solution-00028 
 29 4.038457397597e+10 1.392571516413e+09 768 7235 3201 18 8 9 9 5.65405963e-10 9.54810813e-10 outputs/V1e27_D10_G4/solution/solution-00029 
 30 4.177714549238e+10 1.392571516413e+09 768 7235 3201 18 8 9 9 5.36256904e-10 9.05562132e-10 outputs/V1e27_D10_G4/solution/solution-00030 
 31 4.316971700879e+10 1.392571516413e+09 768 7235 3201 18 8 9 9 5.08611616e-10 8.58855248e-10 outputs/V1e27_D10_G4/solution/solution-00031 
 32 4.456228852520e+10 1.392571516413e+09 768 7235 3201 18 8 9 9 4.82392331e-10 8.14558765e-10 outputs/V1e27_D10_G4/solution/solution-00032 
 33 4.595486004162e+10 1.392571516413e+09 768 7235 3201 18 8 9 9 4.57525340e-10 7.72548116e-10 outputs/V1e27_D10_G4/solution/solution-00033 
 34 4.734743155803e+10 1.392571516413e+09 768 7235 3201 18 8 9 9 4.33940770e-10 7.32705200e-10 outputs/V1e27_D10_G4/solution/solution-00034 
 35 4.874000307444e+10 1.392571516413e+09 768 7235 3201 18 8 9 9 4.11572384e-10 6.94918041e-10 outputs/V1e27_D10_G4/solution/solution-00035 
 36 5.013257459085e+10 1.392571516413e+09 768 7235 3201 18 8 9 9 3.90357384e-10 6.59080464e-10 outputs/V1e27_D10_G4/solution/solution-00036 
 37 5.152514610727e+10 1.392571516413e+09 768 7235 3201 18 8 9 9 3.70236233e-10 6.25091794e-10 outputs/V1e27_D10_G4/solution/solution-00037 
 38 5.291771762368e+10 1.392571516413e+09 768 7235 3201 18 8 9 9 3.51152475e-10 5.92856569e-10 outputs/V1e27_D10_G4/solution/solution-00038 
 39 5.431028914009e+10 1.392571516413e+09 768 7235 3201 18 8 9 9 3.33052582e-10 5.62284263e-10 outputs/V1e27_D10_G4/solution/solution-00039 
 40 5.570286065650e+10 1.392571516413e+09 768 7235 3201 18 8 9 9 3.15885794e-10 5.33289033e-10 outputs/V1e27_D10_G4/solution/solution-00040 
 41 5.709543217292e+10 1.392571516413e+09 768 7235 3201 18 8 9 9 2.99603979e-10 5.05789475e-10 outputs/V1e27_D10_G4/solution/solution-00041 
 42 5.848800368933e+10 1.392571516413e+09 768 7235 3201 18 8 9 9 2.84161491e-10 4.79708394e-10 outputs/V1e27_D10_G4/solution/solution-00042 
 43 5.988057520574e+10 1.392571516413e+09 768 7235 3201 18 8 9 9 2.69515044e-10 4.54972582e-10 outputs/V1e27_D10_G4/solution/solution-00043 
 44 6.127314672215e+10 1.392571516413e+09 768 7235 3201 18 8 9 9 2.55623586e-10 4.31512613e-10 outputs/V1e27_D10_G4/solution/solution-00044 
 45 6.266571823857e+10 1.392571516413e+09 768 7235 3201 18 8 9 9 2.42448188e-10 4.09262651e-10 outputs/V1e27_D10_G4/solution/solution-00045 
 46 6.405828975498e+10 1.392571516413e+09 768 7235 3201 17 8 9 9 2.29951929e-10 3.88160259e-10 outputs/V1e27_D10_G4/solution/solution-00046 
 47 6.545086127139e+10 1.392571516413e+09 768 7235 3201 17 8 9 9 2.18099794e-10 3.68146222e-10 outputs/V1e27_D10_G4/solution/solution-00047 
 48 6.684343278781e+10 1.392571516413e+09 768 7235 3201 17 8 9 9 2.06858573e-10 3.49164386e-10 outputs/V1e27_D10_G4/solution/solution-00048 
 49 6.823600430422e+10 1.392571516413e+09 768 7235 3201 17 8 9 9 1.96196773e-10 3.31161495e-10 outputs/V1e27_D10_G4/solution/solution-00049 
 50 6.962857582063e+10 1.392571516413e+09 768 7235 3201 17 8 9 9 1.86084523e-10 3.14087042e-10 outputs/V1e27_D10_G4/solution/solution-00050 
 51 7.102114733704e+10 1.392571516413e+09 768 7235 3201 17 8 9 9 1.76493492e-10 2.97893128e-10 outputs/V1e27_D10_G4/solution/solution-00051 
 52 7.241371885346e+10 1.392571516413e+09 768 7235 3201 17 8 9 9 1.67396814e-10 2.82534329e-10 outputs/V1e27_D10_G4/solution/solution-00052 
 53 7.380629036987e+10 1.392571516413e+09 768 7235 3201 17 8 9 9 1.58769004e-10 2.67967562e-10 outputs/V1e27_D10_G4/solution/solution-00053 
 54 7.519886188628e+10 1.392571516413e+09 768 7235 3201 17 8 9 9 1.50585894e-10 2.54151970e-10 outputs/V1e27_D10_G4/solution/solution-00054 
 55 7.659143340269e+10 1.392571516413e+09 768 7235 3201 17 8 9 9 1.42824561e-10 2.41048804e-10 outputs/V1e27_D10_G4/solution/solution-00055 
 56 7.798400491911e+10 1.392571516413e+09 768 7235 3201 17 8 9 9 1.35463265e-10 2.28621316e-10 outputs/V1e27_D10_G4/solution/solution-00056 
 57 7.937657643552e+10 1.392571516413e+09 768 7235 3201 17 8 9 9 1.28481385e-10 2.16834653e-10 outputs/V1e27_D10_G4/solution/solution-00057 
 58 8.076914795193e+10 1.392571516413e+09 768 7235 3201 17 8 9 9 1.21859365e-10 2.05655761e-10 outputs/V1e27_D10_G4/solution/solution-00058 
 59 8.216171946834e+10 1.392571516413e+09 768 7235 3201 17 8 9 9 1.15578656e-10 1.95053292e-10 outputs/V1e27_D10_G4/solution/solution-00059 
 60 8.355429098476e+10 1.392571516413e+09 768 7235 3201 17 8 9 9 1.09621666e-10 1.84997516e-10 outputs/V1e27_D10_G4/solution/solution-00060 
 61 8.494686250117e+10 1.392571516413e+09 768 7235 3201 17 8 9 9 1.03971709e-10 1.75460237e-10 outputs/V1e27_D10_G4/solution/solution-00061 
 62 8.633943401758e+10 1.392571516413e+09 768 7235 3201 17 8 9 9 9.86129589e-11 1.66414712e-10 outputs/V1e27_D10_G4/solution/solution-00062 
 63 8.773200553399e+10 1.392571516413e+09 768 7235 3201 17 8 9 9 9.35304072e-11 1.57835581e-10 outputs/V1e27_D10_G4/solution/solution-00063 
 64 8.912457705041e+10 1.392571516413e+09 768 7235 3201 17 8 9 9 8.87098176e-11 1.49698789e-10 outputs/V1e27_D10_G4/solution/solution-00064 
 65 9.051714856682e+10 1.392571516413e+09 768 7235 3201 17 8 9 9 8.41376876e-11 1.41981525e-10 outputs/V1e27_D10_G4/solution/solution-00065 
 66 9.190972008323e+10 1.392571516413e+09 768 7235 3201 17 8 9 9 7.98012113e-11 1.34662153e-10 outputs/V1e27_D10_G4/solution/solution-00066 
 67 9.330229159964e+10 1.392571516413e+09 768 7235 3201 17 8 9 9 7.56882424e-11 1.27720154e-10 outputs/V1e27_D10_G4/solution/solution-00067 
 68 9.469486311606e+10 1.392571516413e+09 768 7235 3201 17 8 9 9 7.17872609e-11 1.21136068e-10 outputs/V1e27_D10_G4/solution/solution-00068 
 69 9.608743463247e+10 1.392571516413e+09 768 7235 3201 17 8 9 9 6.80873406e-11 1.14891437e-10 outputs/V1e27_D10_G4/solution/solution-00069 
 70 9.748000614888e+10 1.392571516413e+09 768 7235 3201 17 8 9 9 6.45781183e-11 1.08968756e-10 outputs/V1e27_D10_G4/solution/solution-00070 
 71 9.887257766530e+10 1.392571516413e+09 768 7235 3201 17 8 9 9 6.12497653e-11 1.03351425e-10 outputs/V1e27_D10_G4/solution/solution-00071 
 72 1.002651491817e+11 1.392571516413e+09 768 7235 3201 16 8 9 9 5.80929595e-11 9.80236993e-11 outputs/V1e27_D10_G4/solution/solution-00072 
 73 1.016577206981e+11 1.392571516413e+09 768 7235 3201 16 8 9 9 5.50988590e-11 9.29706440e-11 outputs/V1e27_D10_G4/solution/solution-00073 
 74 1.030502922145e+11 1.392571516413e+09 768 7235 3201 16 8 9 9 5.22590774e-11 8.81780959e-11 outputs/V1e27_D10_G4/solution/solution-00074 
 75 1.044428637309e+11 1.392571516413e+09 768 7235 3201 16 8 9 9 4.95656607e-11 8.36326226e-11 outputs/V1e27_D10_G4/solution/solution-00075 
 76 1.058354352474e+11 1.392571516413e+09 768 7235 3201 16 8 9 9 4.70110652e-11 7.93214844e-11 outputs/V1e27_D10_G4/solution/solution-00076 
 77 1.072280067638e+11 1.392571516413e+09 768 7235 3201 16 8 9 9 4.45881358e-11 7.52325986e-11 outputs/V1e27_D10_G4/solution/solution-00077 
 78 1.086205782802e+11 1.392571516413e+09 768 7235 3201 16 8 9 9 4.22900862e-11 7.13545059e-11 outputs/V1e27_D10_G4/solution/solution-00078 
 79 1.100131497966e+11 1.392571516413e+09 768 7235 3201 16 8 9 9 4.01104798e-11 6.76763376e-11 outputs/V1e27_D10_G4/solution/solution-00079 
 80 1.114057213130e+11 1.392571516413e+09 768 7235 3201 16 8 9 9 3.80432120e-11 6.41877858e-11 outputs/V1e27_D10_G4/solution/solution-00080 
 81 1.127982928294e+11 1.392571516413e+09 768 7235 3201 16 8 9 9 3.60824927e-11 6.08790741e-11 outputs/V1e27_D10_G4/solution/solution-00081 
 82 1.141908643458e+11 1.392571516413e+09 768 7235 3201 16 8 9 9 3.42228302e-11 5.77409301e-11 outputs/V1e27_D10_G4/solution/solution-00082 
 83 1.155834358622e+11 1.392571516413e+09 768 7235 3201 16 8 9 9 3.24590159e-11 5.47645603e-11 outputs/V1e27_D10_G4/solution/solution-00083 
 84 1.169760073787e+11 1.392571516413e+09 768 7235 3201 16 8 9 9 3.07861097e-11 5.19416237e-11 outputs/V1e27_D10_G4/solution/solution-00084 
 85 1.183685788951e+11 1.392571516413e+09 768 7235 3201 16 8 9 9 2.91994260e-11 4.92642100e-11 outputs/V1e27_D10_G4/solution/solution-00085 
 86 1.197611504115e+11 1.392571516413e+09 768 7235 3201 16 8 9 9 2.76945208e-11 4.67248164e-11 outputs/V1e27_D10_G4/solution/solution-00086 
 87 1.211537219279e+11 1.392571516413e+09 768 7235 3201 16 8 9 9 2.62671791e-11 4.43163276e-11 outputs/V1e27_D10_G4/solution/solution-00087 
 88 1.225462934443e+11 1.392571516413e+09 768 7235 3201 16 8 9 9 2.49134033e-11 4.20319945e-11 outputs/V1e27_D10_G4/solution/solution-00088 
 89 1.239388649607e+11 1.392571516413e+09 768 7235 3201 16 8 9 9 2.36294017e-11 3.98654165e-11 outputs/V1e27_D10_G4/solution/solution-00089 
 90 1.253314364771e+11 1.392571516413e+09 768 7235 3201 16 8 9 9 2.24115779e-11 3.78105230e-11 outputs/V1e27_D10_G4/solution/solution-00090 
 91 1.267240079935e+11 1.392571516413e+09 768 7235 3201 16 8 9 9 2.12565211e-11 3.58615558e-11 outputs/V1e27_D10_G4/solution/solution-00091 
 92 1.281165795100e+11 1.392571516413e+09 768 7235 3201 16 8 9 9 2.01609964e-11 3.40130548e-11 outputs/V1e27_D10_G4/solution/solution-00092 
 93 1.295091510264e+11 1.392571516413e+09 768 7235 3201 16 8 9 9 1.91219351e-11 3.22598400e-11 outputs/V1e27_D10_G4/solution/solution-00093 
 94 1.309017225428e+11 1.392571516413e+09 768 7235 3201 16 8 9 9 1.81364273e-11 3.05969995e-11 outputs/V1e27_D10_G4/solution/solution-00094 
 95 1.322942940592e+11 1.392571516413e+09 768 7235 3201 16 8 9 9 1.72017127e-11 2.90198745e-11 outputs/V1e27_D10_G4/solution/solution-00095 
 96 1.336868655756e+11 1.392571516413e+09 768 7235 3201 16 8 9 9 1.63151733e-11 2.75240459e-11 outputs/V1e27_D10_G4/solution/solution-00096 
 97 1.350794370920e+11 1.392571516413e+09 768 7235 3201 15 8 9 9 1.54743267e-11 2.61053246e-11 outputs/V1e27_D10_G4/solution/solution-00097 
 98 1.364720086084e+11 1.392571516413e+09 768 7235 3201 15 8 9 9 1.46768176e-11 2.47597341e-11 outputs/V1e27_D10_G4/solution/solution-00098 
 99 1.378645801248e+11 1.392571516413e+09 768 7235 3201 15 8 9 9 1.39204120e-11 2.34835046e-11 outputs/V1e27_D10_G4/solution/solution-00099 
100 1.392571516413e+11 1.392571516413e+09 768 7235 3201 15 8 9 9 1.32029914e-11 2.22730601e-11 outputs/V1e27_D10_G4/solution/solution-00100 
