# 1: Time step number
# 2: Time (years)
# 3: Time step size (years)
# 4: Number of mesh cells
# 5: Number of Stokes degrees of freedom
# 6: Number of temperature degrees of freedom
# 7: Iterations for temperature solver
# 8: Iterations for Stokes solver
# 9: Velocity iterations in Stokes preconditioner
# 10: Schur complement iterations in Stokes preconditioner
# 11: RMS velocity (m/year)
# 12: Max. velocity (m/year)
# 13: Visualization file name
  0 0.000000000000e+00 0.000000000000e+00 768 7235 3201  0 8 9 9 6.62146470e-06 1.16428987e-05 outputs/V1e24_D100_G10/solution/solution-00000 
  1 1.392571516413e+09 1.392571516413e+09 768 7235 3201 31 8 9 9 1.08190514e-05 2.01038017e-05 outputs/V1e24_D100_G10/solution/solution-00001 
  2 2.785143032825e+09 1.392571516413e+09 768 7235 3201 25 8 9 9 2.31262420e-05 4.66093220e-05 outputs/V1e24_D100_G10/solution/solution-00002 
  3 4.177714549238e+09 1.392571516413e+09 768 7235 3201 25 8 9 9 6.19020812e-05 1.29107795e-04 outputs/V1e24_D100_G10/solution/solution-00003 
  4 4.903687828933e+09 7.259732796955e+08 768 7235 3201 19 8 9 9 1.20151044e-04 2.52815107e-04 outputs/V1e24_D100_G10/solution/solution-00004 
  5 5.274512187463e+09 3.708243585294e+08 768 7235 3201 14 8 9 9 1.80745402e-04 3.81914548e-04 outputs/V1e24_D100_G10/solution/solution-00005 
  6 5.519970626952e+09 2.454584394895e+08 768 7235 3201 12 7 8 8 2.44113002e-04 5.17670161e-04 outputs/V1e24_D100_G10/solution/solution-00006 
  7 5.701070499128e+09 1.810998721758e+08 768 7235 3201 11 7 8 8 3.09672124e-04 6.59005107e-04 outputs/V1e24_D100_G10/solution/solution-00007 
  8 5.843339644533e+09 1.422691454046e+08 768 7235 3201 10 7 8 8 3.77200799e-04 8.05453162e-04 outputs/V1e24_D100_G10/solution/solution-00008 
  9 5.959762253776e+09 1.164226092433e+08 768 7235 3201 10 7 8 8 4.46657654e-04 9.56880621e-04 outputs/V1e24_D100_G10/solution/solution-00009 
 10 6.057787253476e+09 9.802499969979e+07 768 7235 3201 10 6 7 7 5.18035170e-04 1.11233753e-03 outputs/V1e24_D100_G10/solution/solution-00010 
 11 6.142048896631e+09 8.426164315529e+07 768 7235 3201 10 6 7 7 5.91268416e-04 1.27196995e-03 outputs/V1e24_D100_G10/solution/solution-00011 
 12 6.215753467965e+09 7.370457133377e+07 768 7235 3201 10 6 7 7 6.66344522e-04 1.43453103e-03 outputs/V1e24_D100_G10/solution/solution-00012 
 13 6.281123439007e+09 6.536997104197e+07 768 7235 3201 10 6 7 7 7.43163272e-04 1.59893368e-03                                             "" 
 14 6.339749680485e+09 5.862624147835e+07 768 7235 3201 10 6 7 7 8.21513657e-04 1.76439016e-03 outputs/V1e24_D100_G10/solution/solution-00013 
 15 6.392886887617e+09 5.313720713158e+07 768 7235 3201 10 6 7 7 9.01196934e-04 1.92951338e-03                                             "" 
 16 6.441491587427e+09 4.860469981004e+07 768 7235 3201 10 6 7 7 9.81932666e-04 2.09344139e-03 outputs/V1e24_D100_G10/solution/solution-00014 
 17 6.486274307610e+09 4.478272018359e+07 768 7235 3201 10 6 7 7 1.06329526e-03 2.25344666e-03                                             "" 
 18 6.527877244860e+09 4.160293724959e+07 768 7235 3201 11 6 7 7 1.14493712e-03 2.41049820e-03 outputs/V1e24_D100_G10/solution/solution-00015 
 19 6.566812814854e+09 3.893556999452e+07 768 7235 3201 11 6 7 7 1.22643708e-03 2.58451283e-03                                             "" 
 20 6.603102533028e+09 3.628971817371e+07 768 7235 3201 11 6 7 7 1.30642327e-03 2.80064357e-03 outputs/V1e24_D100_G10/solution/solution-00016 
 21 6.636609762665e+09 3.350722963647e+07 768 7235 3201 11 6 7 7 1.38315620e-03 3.00855198e-03                                             "" 
 22 6.667806640816e+09 3.119687815118e+07 768 7235 3201 11 6 7 7 1.45640252e-03 3.20694930e-03                                             "" 
 23 6.697052960789e+09 2.924631997309e+07 768 7235 3201 11 6 7 7 1.52590159e-03 3.39548101e-03                                             "" 
 24 6.724663187329e+09 2.761022653986e+07 768 7235 3201 11 6 7 7 1.59147438e-03 3.57406753e-03 outputs/V1e24_D100_G10/solution/solution-00017 
 25 6.750893805304e+09 2.623061797512e+07 768 7235 3201 11 6 7 7 1.65295678e-03 3.74057232e-03                                             "" 
 26 6.775956814940e+09 2.506300963596e+07 768 7235 3201 12 6 7 7 1.71020259e-03 3.89443730e-03                                             "" 
 27 6.800029612316e+09 2.407279737574e+07 768 7235 3201 12 6 7 7 1.76308594e-03 4.03525339e-03 outputs/V1e24_D100_G10/solution/solution-00018 
 28 6.823262354110e+09 2.323274179489e+07 768 7235 3201 12 6 7 7 1.81150340e-03 4.16422367e-03                                             "" 
 29 6.845783531253e+09 2.252117714214e+07 768 7235 3201 12 6 7 7 1.85537582e-03 4.28062759e-03                                             "" 
 30 6.867704243007e+09 2.192071175434e+07 768 7235 3201 12 6 7 7 1.89465002e-03 4.38347931e-03                                             "" 
 31 6.889110806186e+09 2.140656317952e+07 768 7235 3201 12 6 7 7 1.92928380e-03 4.47278206e-03                                             "" 
 32 6.910081697544e+09 2.097089135805e+07 768 7235 3201 12 6 7 7 1.95927641e-03 4.54867793e-03 outputs/V1e24_D100_G10/solution/solution-00019 
 33 6.930695186706e+09 2.061348916154e+07 768 7235 3201 12 6 7 7 1.98467272e-03 4.61144613e-03                                             "" 
 34 6.951021317792e+09 2.032613108577e+07 768 7235 3201 12 6 7 7 2.00554498e-03 4.66144680e-03                                             "" 
 35 6.971123309493e+09 2.010199170111e+07 768 7235 3201 12 6 7 7 2.02199242e-03 4.69911345e-03                                             "" 
 36 6.991058680425e+09 1.993537093165e+07 768 7235 3201 12 6 7 7 2.03414037e-03 4.72611155e-03                                             "" 
 37 7.010880156863e+09 1.982147643895e+07 768 7235 3201 12 6 7 7 2.04213893e-03 4.74279346e-03 outputs/V1e24_D100_G10/solution/solution-00020 
 38 7.030636406244e+09 1.975624938020e+07 768 7235 3201 12 6 7 7 2.04616115e-03 4.74855670e-03                                             "" 
 39 7.050372629708e+09 1.973622346443e+07 768 7235 3201 12 6 7 7 2.04640078e-03 4.74405033e-03                                             "" 
 40 7.070131039519e+09 1.975840981052e+07 768 7235 3201 12 6 7 7 2.04306973e-03 4.72996383e-03                                             "" 
 41 7.089951241509e+09 1.982020199021e+07 768 7235 3201 12 6 7 7 2.03639513e-03 4.70701888e-03                                             "" 
 42 7.109870538550e+09 1.991929704080e+07 768 7235 3201 12 6 7 7 2.02661625e-03 4.67596088e-03 outputs/V1e24_D100_G10/solution/solution-00021 
 43 7.129924167839e+09 2.005362928903e+07 768 7235 3201 12 6 7 7 2.01398128e-03 4.63755053e-03                                             "" 
 44 7.150145482456e+09 2.022131461733e+07 768 7235 3201 12 6 7 7 1.99874407e-03 4.59255533e-03                                             "" 
 45 7.170566085843e+09 2.042060338661e+07 768 7235 3201 12 6 7 7 1.98116092e-03 4.54174132e-03                                             "" 
 46 7.191215926497e+09 2.064984065461e+07 768 7235 3201 11 6 7 7 1.96148752e-03 4.48586518e-03                                             "" 
 47 7.212123359141e+09 2.090743264402e+07 768 7235 3201 11 6 7 7 1.93997606e-03 4.42566678e-03 outputs/V1e24_D100_G10/solution/solution-00022 
 48 7.233315177798e+09 2.119181865719e+07 768 7235 3201 11 6 7 7 1.91687269e-03 4.36186239e-03                                             "" 
 49 7.254816625625e+09 2.150144782690e+07 768 7235 3201 11 6 7 7 1.89241519e-03 4.29513867e-03                                             "" 
 50 7.276651385874e+09 2.183476024849e+07 768 7235 3201 11 6 7 7 1.86683108e-03 4.22614750e-03                                             "" 
 51 7.298841558032e+09 2.219017215858e+07 768 7235 3201 11 6 7 7 1.84033598e-03 4.15550174e-03                                             "" 
 52 7.321407622944e+09 2.256606491183e+07 768 7235 3201 11 6 7 7 1.81313242e-03 4.08377192e-03 outputs/V1e24_D100_G10/solution/solution-00023 
 53 7.344368400505e+09 2.296077756103e+07 768 7235 3201 11 6 7 7 1.78540886e-03 4.01148386e-03                                             "" 
 54 7.367741003377e+09 2.337260287138e+07 768 7235 3201 11 6 7 7 1.75733909e-03 3.93911719e-03                                             "" 
 55 7.391540789980e+09 2.379978660324e+07 768 7235 3201 11 6 7 7 1.72908191e-03 3.86710470e-03                                             "" 
 56 7.415781319864e+09 2.424052988370e+07 768 7235 3201 11 6 7 7 1.70078104e-03 3.79583249e-03 outputs/V1e24_D100_G10/solution/solution-00024 
 57 7.440474314324e+09 2.469299446034e+07 768 7235 3201 11 6 7 7 1.67256521e-03 3.72564071e-03                                             "" 
 58 7.465629624919e+09 2.515531059512e+07 768 7235 3201 11 6 7 7 1.64454852e-03 3.65682499e-03                                             "" 
 59 7.491255212233e+09 2.562558731357e+07 768 7235 3201 11 6 7 7 1.61683085e-03 3.58963821e-03                                             "" 
 60 7.517357136912e+09 2.610192467890e+07 768 7235 3201 11 6 7 7 1.58949848e-03 3.52429275e-03 outputs/V1e24_D100_G10/solution/solution-00025 
 61 7.543939564626e+09 2.658242771498e+07 768 7235 3201 11 6 7 7 1.56262477e-03 3.46113169e-03                                             "" 
 62 7.571004786186e+09 2.706522155976e+07 768 7235 3201 11 6 7 7 1.53627091e-03 3.40090217e-03                                             "" 
 63 7.598553253583e+09 2.754846739718e+07 768 7235 3201 11 6 7 7 1.51048671e-03 3.34291439e-03                                             "" 
 64 7.626583632277e+09 2.803037869326e+07 768 7235 3201 11 6 7 7 1.48531150e-03 3.28724257e-03 outputs/V1e24_D100_G10/solution/solution-00026 
 65 7.655092869533e+09 2.850923725591e+07 768 7235 3201 11 6 7 7 1.46077495e-03 3.23393481e-03                                             "" 
 66 7.684076278181e+09 2.898340864887e+07 768 7235 3201 11 6 7 7 1.43689796e-03 3.18301579e-03                                             "" 
 67 7.713527634702e+09 2.945135652042e+07 768 7235 3201 10 6 7 7 1.41369355e-03 3.13448942e-03 outputs/V1e24_D100_G10/solution/solution-00027 
 68 7.743439290157e+09 2.991165545473e+07 768 7235 3201 10 6 7 7 1.39116769e-03 3.08834134e-03                                             "" 
 69 7.773802292174e+09 3.036300201723e+07 768 7235 3201 10 6 7 7 1.36932015e-03 3.04454135e-03                                             "" 
 70 7.804606515914e+09 3.080422374034e+07 768 7235 3201 10 6 7 7 1.34814533e-03 3.00304563e-03 outputs/V1e24_D100_G10/solution/solution-00028 
 71 7.835840801793e+09 3.123428587872e+07 768 7235 3201 10 6 7 7 1.32763298e-03 2.96379888e-03                                             "" 
 72 7.867493097641e+09 3.165229584840e+07 768 7235 3201 10 6 7 7 1.30776897e-03 2.92673618e-03                                             "" 
 73 7.899550602989e+09 3.205750534720e+07 768 7235 3201 10 6 7 7 1.28853596e-03 2.89178482e-03                                             "" 
 74 7.931999913219e+09 3.244931023048e+07 768 7235 3201 10 6 7 7 1.26991403e-03 2.85886587e-03 outputs/V1e24_D100_G10/solution/solution-00029 
 75 7.964821129992e+09 3.282121677251e+07 768 7235 3201 10 6 7 7 1.25188452e-03 2.82790108e-03                                             "" 
 76 7.997996433405e+09 3.317530341349e+07 768 7235 3201 10 6 7 7 1.23442551e-03 2.79880513e-03                                             "" 
 77 8.031511432852e+09 3.351499944729e+07 768 7235 3201 10 6 7 7 1.21751207e-03 2.77148674e-03 outputs/V1e24_D100_G10/solution/solution-00030 
 78 8.065351717503e+09 3.384028465093e+07 768 7235 3201 10 6 7 7 1.20111874e-03 2.74585345e-03                                             "" 
 79 8.099502969164e+09 3.415125166045e+07 768 7235 3201 10 6 7 7 1.18521994e-03 2.72181245e-03                                             "" 
 80 8.133951065365e+09 3.444809620128e+07 768 7235 3201 10 6 7 7 1.16979025e-03 2.69930931e-03 outputs/V1e24_D100_G10/solution/solution-00031 
 81 8.168682172191e+09 3.473110682573e+07 768 7235 3201 10 6 7 7 1.15480470e-03 2.67852135e-03                                             "" 
 82 8.203682826603e+09 3.500065441185e+07 768 7235 3201 10 6 7 7 1.14023899e-03 2.65903273e-03 outputs/V1e24_D100_G10/solution/solution-00032 
 83 8.238940008247e+09 3.525718164485e+07 768 7235 3201 10 6 7 7 1.12606965e-03 2.64075635e-03                                             "" 
 84 8.274441200916e+09 3.550119266897e+07 768 7235 3201 10 5 6 6 1.11227422e-03 2.62360737e-03                                             "" 
 85 8.310174444086e+09 3.573324316921e+07 768 7235 3201 10 5 6 6 1.09883131e-03 2.60750352e-03 outputs/V1e24_D100_G10/solution/solution-00033 
 86 8.346128374476e+09 3.595393039037e+07 768 7235 3201  9 5 6 6 1.08572072e-03 2.59236530e-03                                             "" 
 87 8.382292259222e+09 3.616388474594e+07 768 7235 3201  9 5 6 6 1.07292348e-03 2.57811616e-03                                             "" 
 88 8.418656020220e+09 3.636376099784e+07 768 7235 3201  9 5 6 6 1.06042183e-03 2.56468262e-03 outputs/V1e24_D100_G10/solution/solution-00034 
 89 8.455210250855e+09 3.655423063546e+07 768 7235 3201  9 5 6 6 1.04819932e-03 2.55199434e-03                                             "" 
 90 8.491946225697e+09 3.673597484170e+07 768 7235 3201  9 5 6 6 1.03624071e-03 2.53998422e-03                                             "" 
 91 8.528855903862e+09 3.690967816479e+07 768 7235 3201  9 5 6 6 1.02453200e-03 2.52858836e-03 outputs/V1e24_D100_G10/solution/solution-00035 
 92 8.565931926754e+09 3.707602289258e+07 768 7235 3201  9 5 6 6 1.01306039e-03 2.51774614e-03                                             "" 
 93 8.603167610869e+09 3.723568411515e+07 768 7235 3201  9 5 6 6 1.00181423e-03 2.50740014e-03 outputs/V1e24_D100_G10/solution/solution-00036 
 94 8.640556936322e+09 3.738932545308e+07 768 7235 3201  9 5 6 6 9.90782943e-04 2.49749615e-03                                             "" 
 95 8.678094531745e+09 3.753759542237e+07 768 7235 3201  9 5 6 6 9.79957028e-04 2.48798308e-03                                             "" 
 96 8.715775656147e+09 3.768112440266e+07 768 7235 3201  9 5 6 6 9.69327945e-04 2.47881295e-03 outputs/V1e24_D100_G10/solution/solution-00037 
 97 8.753596178320e+09 3.782052217204e+07 768 7235 3201  9 5 6 6 9.58888065e-04 2.46994076e-03                                             "" 
 98 8.791552554289e+09 3.795637596983e+07 768 7235 3201  9 5 6 6 9.48630600e-04 2.46132445e-03                                             "" 
 99 8.829641803336e+09 3.808924904699e+07 768 7235 3201  9 5 6 6 9.38549524e-04 2.45292480e-03 outputs/V1e24_D100_G10/solution/solution-00038 
100 8.867861483000e+09 3.821967966354e+07 768 7235 3201  9 5 6 6 9.28639497e-04 2.44470530e-03                                             "" 
