# 1: Time step number
# 2: Time (years)
# 3: Time step size (years)
# 4: Number of mesh cells
# 5: Number of Stokes degrees of freedom
# 6: Number of temperature degrees of freedom
# 7: Iterations for temperature solver
# 8: Iterations for Stokes solver
# 9: Velocity iterations in Stokes preconditioner
# 10: Schur complement iterations in Stokes preconditioner
# 11: RMS velocity (m/year)
# 12: Max. velocity (m/year)
# 13: Visualization file name
  0 0.000000000000e+00 0.000000000000e+00 768 7235 3201  0 8 9 9 1.56818295e-06 7.61896923e-06 outputs/V3.3e24_D10000_G6/solution/solution-00000 
  1 1.392571516413e+09 1.392571516413e+09 768 7235 3201 32 8 9 9 7.14364660e-06 1.23399603e-05 outputs/V3.3e24_D10000_G6/solution/solution-00001 
  2 2.785143032825e+09 1.392571516413e+09 768 7235 3201 26 8 9 9 4.80238840e-05 8.57172944e-05 outputs/V3.3e24_D10000_G6/solution/solution-00002 
  3 3.878854641588e+09 1.093711608763e+09 768 7235 3201 24 8 9 9 2.37824777e-04 4.34287928e-04 outputs/V3.3e24_D10000_G6/solution/solution-00003 
  4 4.094734307563e+09 2.158796659750e+08 768 7235 3201 13 8 9 9 3.94870640e-04 7.24945095e-04 outputs/V3.3e24_D10000_G6/solution/solution-00004 
  5 4.224106387658e+09 1.293720800949e+08 768 7235 3201 11 7 8 8 5.56041255e-04 1.02369972e-03 outputs/V3.3e24_D10000_G6/solution/solution-00005 
  6 4.315668933018e+09 9.156254536003e+07 768 7235 3201 11 7 8 8 7.15641285e-04 1.32028076e-03 outputs/V3.3e24_D10000_G6/solution/solution-00006 
  7 4.386671194187e+09 7.100226116945e+07 768 7235 3201 10 7 8 8 8.72378639e-04 1.61201958e-03                                                "" 
  8 4.444859398597e+09 5.818820440939e+07 768 7235 3201 10 6 7 7 1.02599923e-03 1.89784522e-03 outputs/V3.3e24_D10000_G6/solution/solution-00007 
  9 4.494257525948e+09 4.939812735160e+07 768 7235 3201 10 6 7 7 1.17630669e-03 2.17778531e-03                                                "" 
 10 4.537305846524e+09 4.304832057521e+07 768 7235 3201 10 6 7 7 1.32337775e-03 2.45162531e-03 outputs/V3.3e24_D10000_G6/solution/solution-00008 
 11 4.575560446568e+09 3.825460004489e+07 768 7235 3201 11 6 7 7 1.46724750e-03 2.71933541e-03                                                "" 
 12 4.610040818118e+09 3.448037154923e+07 768 7235 3201 11 6 7 7 1.60774997e-03 2.97945158e-03 outputs/V3.3e24_D10000_G6/solution/solution-00009 
 13 4.641492310550e+09 3.145149243248e+07 768 7235 3201 11 6 7 7 1.74476911e-03 3.23500134e-03                                                "" 
 14 4.670473884652e+09 2.898157410208e+07 768 7235 3201 11 6 7 7 1.87819266e-03 3.48276171e-03                                                "" 
 15 4.697407835201e+09 2.693395054910e+07 768 7235 3201 11 6 7 7 2.00785916e-03 3.72237132e-03                                                "" 
 16 4.722593393504e+09 2.518555830245e+07 768 7235 3201 11 6 7 7 2.13342618e-03 3.95496880e-03 outputs/V3.3e24_D10000_G6/solution/solution-00010 
 17 4.746297752408e+09 2.370435890384e+07 768 7235 3201 11 6 7 7 2.25469378e-03 4.17802095e-03                                                "" 
 18 4.768736605894e+09 2.243885348683e+07 768 7235 3201 12 6 7 7 2.37144045e-03 4.39301322e-03                                                "" 
 19 4.790086984683e+09 2.135037878835e+07 768 7235 3201 12 6 7 7 2.48342972e-03 4.59838187e-03                                                "" 
 20 4.810482251911e+09 2.039526722771e+07 768 7235 3201 12 6 7 7 2.59034262e-03 4.79276705e-03 outputs/V3.3e24_D10000_G6/solution/solution-00011 
 21 4.830041039601e+09 1.955878769098e+07 768 7235 3201 12 6 7 7 2.69190309e-03 4.97566487e-03                                                "" 
 22 4.848872210390e+09 1.883117078818e+07 768 7235 3201 12 6 7 7 2.78788477e-03 5.15126961e-03                                                "" 
 23 4.867069571752e+09 1.819736136256e+07 768 7235 3201 12 6 7 7 2.87806766e-03 5.31477230e-03                                                "" 
 24 4.884714820406e+09 1.764524865334e+07 768 7235 3201 12 6 7 7 2.96224202e-03 5.46579901e-03                                                "" 
 25 4.901877856359e+09 1.716303595310e+07 768 7235 3201 12 6 7 7 3.04020319e-03 5.60400296e-03 outputs/V3.3e24_D10000_G6/solution/solution-00012 
 26 4.918609047846e+09 1.673119148768e+07 768 7235 3201 12 6 7 7 3.11171795e-03 5.73115715e-03                                                "" 
 27 4.934967000961e+09 1.635795311432e+07 768 7235 3201 12 6 7 7 3.17664619e-03 5.84564647e-03                                                "" 
 28 4.951004577044e+09 1.603757608352e+07 768 7235 3201 12 6 7 7 3.23486851e-03 5.94659837e-03                                                "" 
 29 4.966769892646e+09 1.576531560143e+07 768 7235 3201 12 6 7 7 3.28628751e-03 6.03388557e-03                                                "" 
 30 4.982307144543e+09 1.553725189692e+07 768 7235 3201 12 6 7 7 3.33082856e-03 6.11009619e-03 outputs/V3.3e24_D10000_G6/solution/solution-00013 
 31 4.997657299352e+09 1.535015480917e+07 768 7235 3201 12 6 7 7 3.36844021e-03 6.17261271e-03                                                "" 
 32 5.012855813959e+09 1.519851460679e+07 768 7235 3201 12 6 7 7 3.39908912e-03 6.22132725e-03 outputs/V3.3e24_D10000_G6/solution/solution-00014 
 33 5.027930000238e+09 1.507418627973e+07 768 7235 3201 12 6 7 7 3.42276204e-03 6.25627702e-03                                                "" 
 34 5.042914823239e+09 1.498482300042e+07 768 7235 3201 12 6 7 7 3.43949276e-03 6.27758788e-03                                                "" 
 35 5.057843780136e+09 1.492895689769e+07 768 7235 3201 12 6 7 7 3.44933595e-03 6.28621183e-03                                                "" 
 36 5.072749263814e+09 1.490548367737e+07 768 7235 3201 12 6 7 7 3.45236609e-03 6.28484852e-03                                                "" 
 37 5.087662894187e+09 1.491363037301e+07 768 7235 3201 12 6 7 7 3.44867636e-03 6.27034408e-03 outputs/V3.3e24_D10000_G6/solution/solution-00015 
 38 5.102615826226e+09 1.495293203890e+07 768 7235 3201 12 6 7 7 3.43837746e-03 6.24296302e-03 outputs/V3.3e24_D10000_G6/solution/solution-00016 
 39 5.117639042401e+09 1.502321617565e+07 768 7235 3201 12 6 7 7 3.42159635e-03 6.20300741e-03                                                "" 
 40 5.132763056206e+09 1.512401380461e+07 768 7235 3201 12 6 7 7 3.39847602e-03 6.15081644e-03                                                "" 
 41 5.148009371321e+09 1.524631511547e+07 768 7235 3201 12 6 7 7 3.36919388e-03 6.08739010e-03                                                "" 
 42 5.163410060046e+09 1.540068872457e+07 768 7235 3201 12 6 7 7 3.33392968e-03 6.01425129e-03                                                "" 
 43 5.178998035243e+09 1.558797519672e+07 768 7235 3201 12 6 7 7 3.29287340e-03 5.93004652e-03 outputs/V3.3e24_D10000_G6/solution/solution-00017 
 44 5.194807354731e+09 1.580931948859e+07 768 7235 3201 12 6 7 7 3.24622410e-03 5.83523511e-03                                                "" 
 45 5.210873545427e+09 1.606619069534e+07 768 7235 3201 12 6 7 7 3.19418891e-03 5.73029681e-03 outputs/V3.3e24_D10000_G6/solution/solution-00018 
 46 5.227233954510e+09 1.636040908361e+07 768 7235 3201 12 6 7 7 3.13698209e-03 5.66337447e-03                                                "" 
 47 5.243802641395e+09 1.656868688505e+07 768 7235 3201 12 6 7 7 3.07530330e-03 5.60916977e-03                                                "" 
 48 5.260526107500e+09 1.672346610498e+07 768 7235 3201 12 6 7 7 3.00982707e-03 5.54773792e-03                                                "" 
 49 5.277429482865e+09 1.690337536482e+07 768 7235 3201 12 6 7 7 2.94095137e-03 5.47972379e-03                                                "" 
 50 5.294538009440e+09 1.710852657476e+07 768 7235 3201 12 6 7 7 2.86906152e-03 5.40682542e-03 outputs/V3.3e24_D10000_G6/solution/solution-00019 
 51 5.311877204390e+09 1.733919494984e+07 768 7235 3201 12 6 7 7 2.79452906e-03 5.32797176e-03 outputs/V3.3e24_D10000_G6/solution/solution-00020 
 52 5.329473018374e+09 1.759581398464e+07 768 7235 3201 12 6 7 7 2.71771104e-03 5.24359011e-03                                                "" 
 53 5.347351990217e+09 1.787897184319e+07 768 7235 3201 11 6 7 7 2.63894961e-03 5.15409808e-03                                                "" 
 54 5.365541399606e+09 1.818940938876e+07 768 7235 3201 11 6 7 7 2.55857188e-03 5.05990392e-03                                                "" 
 55 5.384069419412e+09 1.852801980592e+07 768 7235 3201 11 6 7 7 2.47688995e-03 4.96140695e-03                                                "" 
 56 5.402965269106e+09 1.889584969356e+07 768 7235 3201 11 6 7 7 2.39420115e-03 4.85899797e-03 outputs/V3.3e24_D10000_G6/solution/solution-00021 
 57 5.422259370602e+09 1.929410149621e+07 768 7235 3201 11 6 7 7 2.31078838e-03 4.75305963e-03                                                "" 
 58 5.441983507747e+09 1.972413714508e+07 768 7235 3201 11 6 7 7 2.22692056e-03 4.64396681e-03                                                "" 
 59 5.462170990532e+09 2.018748278541e+07 768 7235 3201 11 6 7 7 2.14285315e-03 4.53208693e-03                                                "" 
 60 5.482856825000e+09 2.068583446748e+07 768 7235 3201 11 6 7 7 2.05882874e-03 4.41832887e-03                                                "" 
 61 5.504077889673e+09 2.122106467288e+07 768 7235 3201 11 6 7 7 1.97507766e-03 4.30306086e-03 outputs/V3.3e24_D10000_G6/solution/solution-00022 
 62 5.525873119207e+09 2.179522953465e+07 768 7235 3201 10 6 7 7 1.89181859e-03 4.18601934e-03                                                "" 
 63 5.548283695796e+09 2.241057658878e+07 768 7235 3201 10 6 7 7 1.80925917e-03 4.06754958e-03                                                "" 
 64 5.571353248661e+09 2.306955286433e+07 768 7235 3201 10 6 7 7 1.72759660e-03 3.94799008e-03                                                "" 
 65 5.595128061739e+09 2.377481307844e+07 768 7235 3201 10 6 7 7 1.64701813e-03 3.82767242e-03                                                "" 
 66 5.619644599594e+09 2.451653785513e+07 768 7235 3201 10 6 7 7 1.56774153e-03 3.70698228e-03 outputs/V3.3e24_D10000_G6/solution/solution-00023 
 67 5.644952849341e+09 2.530824974702e+07 768 7235 3201 10 6 7 7 1.48993618e-03 3.58624088e-03                                                "" 
 68 5.671106150592e+09 2.615330125066e+07 768 7235 3201 10 6 7 7 1.41376110e-03 3.46575905e-03                                                "" 
 69 5.698160974880e+09 2.705482428822e+07 768 7235 3201 10 6 7 7 1.33936658e-03 3.34583874e-03                                                "" 
 70 5.726177098499e+09 2.801612361866e+07 768 7235 3201  9 6 7 7 1.26689423e-03 3.22677245e-03 outputs/V3.3e24_D10000_G6/solution/solution-00024 
 71 5.755217766881e+09 2.904066838199e+07 768 7235 3201  9 6 7 7 1.19647691e-03 3.10884258e-03                                                "" 
 72 5.785349846038e+09 3.013207915699e+07 768 7235 3201  9 6 7 7 1.12823868e-03 2.99365968e-03                                                "" 
 73 5.816643955706e+09 3.129410966801e+07 768 7235 3201  9 6 7 7 1.06229437e-03 2.88102299e-03 outputs/V3.3e24_D10000_G6/solution/solution-00025 
 74 5.849174577897e+09 3.253062219183e+07 768 7235 3201  9 6 7 7 9.98749254e-04 2.77027705e-03                                                "" 
 75 5.883020133584e+09 3.384555568622e+07 768 7235 3201  9 6 7 7 9.37698402e-04 2.66165461e-03                                                "" 
 76 5.918263019277e+09 3.524288569364e+07 768 7235 3201  9 6 7 7 8.79225982e-04 2.55537361e-03 outputs/V3.3e24_D10000_G6/solution/solution-00026 
 77 5.954989594459e+09 3.672657518208e+07 768 7235 3201  9 6 7 7 8.23404412e-04 2.45163631e-03                                                "" 
 78 5.993248707103e+09 3.825911264314e+07 768 7235 3201  9 6 7 7 7.70347847e-04 2.35119432e-03                                                "" 
 79 6.033122059618e+09 3.987335251592e+07 768 7235 3201  8 6 7 7 7.20101469e-04 2.25495607e-03 outputs/V3.3e24_D10000_G6/solution/solution-00027 
 80 6.074697149019e+09 4.157508940096e+07 768 7235 3201  8 6 7 7 6.72689389e-04 2.16182366e-03                                                "" 
 81 6.118063313260e+09 4.336616424093e+07 768 7235 3201  8 6 7 7 6.28119262e-04 2.07191850e-03 outputs/V3.3e24_D10000_G6/solution/solution-00028 
 82 6.163311232030e+09 4.524791876994e+07 768 7235 3201  8 6 7 7 5.86381474e-04 1.98661135e-03                                                "" 
 83 6.210532341086e+09 4.722110905543e+07 768 7235 3201  8 6 7 7 5.47448565e-04 1.90513554e-03 outputs/V3.3e24_D10000_G6/solution/solution-00029 
 84 6.259800803105e+09 4.926846201956e+07 768 7235 3201  8 6 7 7 5.11286875e-04 1.82707717e-03                                                "" 
 85 6.311134937424e+09 5.133413431891e+07 768 7235 3201  8 6 7 7 4.77872708e-04 1.75256420e-03 outputs/V3.3e24_D10000_G6/solution/solution-00030 
 86 6.364609400844e+09 5.347446342022e+07 768 7235 3201  8 6 7 7 4.47113879e-04 1.68174553e-03                                                "" 
 87 6.420295319129e+09 5.568591828481e+07 768 7235 3201  8 6 7 7 4.18902700e-04 1.61697511e-03 outputs/V3.3e24_D10000_G6/solution/solution-00031 
 88 6.478259457606e+09 5.796413847728e+07 768 7235 3201  7 6 7 7 3.93117836e-04 1.55553999e-03                                                "" 
 89 6.538563405596e+09 6.030394798929e+07 768 7235 3201  7 5 6 6 3.69626739e-04 1.49738692e-03 outputs/V3.3e24_D10000_G6/solution/solution-00032 
 90 6.601257578433e+09 6.269417283762e+07 768 7235 3201  7 5 6 6 3.48290194e-04 1.44245263e-03 outputs/V3.3e24_D10000_G6/solution/solution-00033 
 91 6.666271428385e+09 6.501384995175e+07 768 7235 3201  7 5 6 6 3.28994167e-04 1.39176999e-03                                                "" 
 92 6.733631696951e+09 6.736026856593e+07 768 7235 3201  7 5 6 6 3.11580690e-04 1.34456197e-03 outputs/V3.3e24_D10000_G6/solution/solution-00034 
 93 6.803357007003e+09 6.972531005216e+07 768 7235 3201  7 5 6 6 2.95894617e-04 1.30026967e-03 outputs/V3.3e24_D10000_G6/solution/solution-00035 
 94 6.875457435087e+09 7.210042808345e+07 768 7235 3201  7 5 6 6 2.81786196e-04 1.25878298e-03                                                "" 
 95 6.949934133489e+09 7.447669840226e+07 768 7235 3201  7 5 6 6 2.69113289e-04 1.22109714e-03 outputs/V3.3e24_D10000_G6/solution/solution-00036 
 96 7.026778986418e+09 7.684485292890e+07 768 7235 3201  7 5 6 6 2.57743038e-04 1.18600771e-03 outputs/V3.3e24_D10000_G6/solution/solution-00037 
 97 7.105974291353e+09 7.919530493521e+07 768 7235 3201  7 5 6 6 2.47552964e-04 1.15331135e-03 outputs/V3.3e24_D10000_G6/solution/solution-00038 
 98 7.187393451213e+09 8.141915985988e+07 768 7235 3201  7 5 6 6 2.38441708e-04 1.12294431e-03                                                "" 
 99 7.270955945228e+09 8.356249401458e+07 768 7235 3201  8 5 6 6 2.30308442e-04 1.09481557e-03 outputs/V3.3e24_D10000_G6/solution/solution-00039 
100 7.356607418797e+09 8.565147356944e+07 768 7235 3201  8 5 6 6 2.23059146e-04 1.06882485e-03 outputs/V3.3e24_D10000_G6/solution/solution-00040 
