# 1: Time step number
# 2: Time (years)
# 3: Time step size (years)
# 4: Number of mesh cells
# 5: Number of Stokes degrees of freedom
# 6: Number of temperature degrees of freedom
# 7: Iterations for temperature solver
# 8: Iterations for Stokes solver
# 9: Velocity iterations in Stokes preconditioner
# 10: Schur complement iterations in Stokes preconditioner
# 11: RMS velocity (m/year)
# 12: Max. velocity (m/year)
# 13: Visualization file name
  0 0.000000000000e+00 0.000000000000e+00 768 7235 3201  0 8 9 9 1.56818295e-08 7.61896923e-08 outputs/V3.3e26_D10000_G6/solution/solution-00000 
  1 1.392571516413e+09 1.392571516413e+09 768 7235 3201 32 8 9 9 1.28558979e-08 4.15359835e-08 outputs/V3.3e26_D10000_G6/solution/solution-00001 
  2 2.785143032825e+09 1.392571516413e+09 768 7235 3201 26 8 9 9 1.20200922e-08 2.16685718e-08 outputs/V3.3e26_D10000_G6/solution/solution-00002 
  3 4.177714549238e+09 1.392571516413e+09 768 7235 3201 25 8 9 9 1.18357304e-08 2.00195752e-08 outputs/V3.3e26_D10000_G6/solution/solution-00003 
  4 5.570286065650e+09 1.392571516413e+09 768 7235 3201 24 8 9 9 1.16274257e-08 1.97780792e-08 outputs/V3.3e26_D10000_G6/solution/solution-00004 
  5 6.962857582063e+09 1.392571516413e+09 768 7235 3201 23 8 9 9 1.13868685e-08 1.94578911e-08 outputs/V3.3e26_D10000_G6/solution/solution-00005 
  6 8.355429098476e+09 1.392571516413e+09 768 7235 3201 23 8 9 9 1.11126736e-08 1.90695110e-08 outputs/V3.3e26_D10000_G6/solution/solution-00006 
  7 9.748000614888e+09 1.392571516413e+09 768 7235 3201 22 8 9 9 1.08107312e-08 1.86240152e-08 outputs/V3.3e26_D10000_G6/solution/solution-00007 
  8 1.114057213130e+10 1.392571516413e+09 768 7235 3201 22 8 9 9 1.04877692e-08 1.81322011e-08 outputs/V3.3e26_D10000_G6/solution/solution-00008 
  9 1.253314364771e+10 1.392571516413e+09 768 7235 3201 21 8 9 9 1.01499078e-08 1.76041785e-08 outputs/V3.3e26_D10000_G6/solution/solution-00009 
 10 1.392571516413e+10 1.392571516413e+09 768 7235 3201 21 8 9 9 9.80242832e-09 1.70491653e-08 outputs/V3.3e26_D10000_G6/solution/solution-00010 
 11 1.531828668054e+10 1.392571516413e+09 768 7235 3201 21 8 9 9 9.44977588e-09 1.64753916e-08 outputs/V3.3e26_D10000_G6/solution/solution-00011 
 12 1.671085819695e+10 1.392571516413e+09 768 7235 3201 21 8 9 9 9.09562976e-09 1.58900704e-08 outputs/V3.3e26_D10000_G6/solution/solution-00012 
 13 1.810342971336e+10 1.392571516413e+09 768 7235 3201 21 8 9 9 8.74299223e-09 1.52994147e-08 outputs/V3.3e26_D10000_G6/solution/solution-00013 
 14 1.949600122978e+10 1.392571516413e+09 768 7235 3201 21 8 9 9 8.39427893e-09 1.47086871e-08 outputs/V3.3e26_D10000_G6/solution/solution-00014 
 15 2.088857274619e+10 1.392571516413e+09 768 7235 3201 21 8 9 9 8.05140409e-09 1.41222705e-08 outputs/V3.3e26_D10000_G6/solution/solution-00015 
 16 2.228114426260e+10 1.392571516413e+09 768 7235 3201 20 8 9 9 7.71585771e-09 1.35437524e-08 outputs/V3.3e26_D10000_G6/solution/solution-00016 
 17 2.367371577901e+10 1.392571516413e+09 768 7235 3201 20 8 9 9 7.38877409e-09 1.29760145e-08 outputs/V3.3e26_D10000_G6/solution/solution-00017 
 18 2.506628729543e+10 1.392571516413e+09 768 7235 3201 20 8 9 9 7.07099156e-09 1.24213224e-08 outputs/V3.3e26_D10000_G6/solution/solution-00018 
 19 2.645885881184e+10 1.392571516413e+09 768 7235 3201 20 8 9 9 6.76310395e-09 1.18814118e-08 outputs/V3.3e26_D10000_G6/solution/solution-00019 
 20 2.785143032825e+10 1.392571516413e+09 768 7235 3201 20 8 9 9 6.46550462e-09 1.13575678e-08 outputs/V3.3e26_D10000_G6/solution/solution-00020 
 21 2.924400184466e+10 1.392571516413e+09 768 7235 3201 20 8 9 9 6.17842374e-09 1.08506973e-08 outputs/V3.3e26_D10000_G6/solution/solution-00021 
 22 3.063657336108e+10 1.392571516413e+09 768 7235 3201 20 8 9 9 5.90195965e-09 1.03613922e-08 outputs/V3.3e26_D10000_G6/solution/solution-00022 
 23 3.202914487749e+10 1.392571516413e+09 768 7235 3201 20 8 9 9 5.63610515e-09 9.88998528e-09 outputs/V3.3e26_D10000_G6/solution/solution-00023 
 24 3.342171639390e+10 1.392571516413e+09 768 7235 3201 20 8 9 9 5.38076935e-09 9.43659787e-09 outputs/V3.3e26_D10000_G6/solution/solution-00024 
 25 3.481428791032e+10 1.392571516413e+09 768 7235 3201 20 8 9 9 5.13579579e-09 9.00118073e-09 outputs/V3.3e26_D10000_G6/solution/solution-00025 
 26 3.620685942673e+10 1.392571516413e+09 768 7235 3201 20 8 9 9 4.90097741e-09 8.58354851e-09 outputs/V3.3e26_D10000_G6/solution/solution-00026 
 27 3.759943094314e+10 1.392571516413e+09 768 7235 3201 20 8 9 9 4.67606879e-09 8.18340875e-09 outputs/V3.3e26_D10000_G6/solution/solution-00027 
 28 3.899200245955e+10 1.392571516413e+09 768 7235 3201 20 8 9 9 4.46079624e-09 7.80038603e-09 outputs/V3.3e26_D10000_G6/solution/solution-00028 
 29 4.038457397597e+10 1.392571516413e+09 768 7235 3201 20 8 9 9 4.25486596e-09 7.43404209e-09 outputs/V3.3e26_D10000_G6/solution/solution-00029 
 30 4.177714549238e+10 1.392571516413e+09 768 7235 3201 20 8 9 9 4.05797064e-09 7.08389233e-09 outputs/V3.3e26_D10000_G6/solution/solution-00030 
 31 4.316971700879e+10 1.392571516413e+09 768 7235 3201 20 8 9 9 3.86979485e-09 6.74941945e-09 outputs/V3.3e26_D10000_G6/solution/solution-00031 
 32 4.456228852520e+10 1.392571516413e+09 768 7235 3201 19 8 9 9 3.69001930e-09 6.43008451e-09 outputs/V3.3e26_D10000_G6/solution/solution-00032 
 33 4.595486004162e+10 1.392571516413e+09 768 7235 3201 19 8 9 9 3.51832423e-09 6.12533596e-09 outputs/V3.3e26_D10000_G6/solution/solution-00033 
 34 4.734743155803e+10 1.392571516413e+09 768 7235 3201 19 8 9 9 3.35439216e-09 5.83461683e-09 outputs/V3.3e26_D10000_G6/solution/solution-00034 
 35 4.874000307444e+10 1.392571516413e+09 768 7235 3201 19 8 9 9 3.19790992e-09 5.55737059e-09 outputs/V3.3e26_D10000_G6/solution/solution-00035 
 36 5.013257459085e+10 1.392571516413e+09 768 7235 3201 19 8 9 9 3.04857029e-09 5.29304567e-09 outputs/V3.3e26_D10000_G6/solution/solution-00036 
 37 5.152514610727e+10 1.392571516413e+09 768 7235 3201 19 8 9 9 2.90607325e-09 5.04109908e-09 outputs/V3.3e26_D10000_G6/solution/solution-00037 
 38 5.291771762368e+10 1.392571516413e+09 768 7235 3201 19 8 9 9 2.77012688e-09 4.80099915e-09 outputs/V3.3e26_D10000_G6/solution/solution-00038 
 39 5.431028914009e+10 1.392571516413e+09 768 7235 3201 19 8 9 9 2.64044797e-09 4.57222765e-09 outputs/V3.3e26_D10000_G6/solution/solution-00039 
 40 5.570286065650e+10 1.392571516413e+09 768 7235 3201 19 8 9 9 2.51676252e-09 4.35428130e-09 outputs/V3.3e26_D10000_G6/solution/solution-00040 
 41 5.709543217292e+10 1.392571516413e+09 768 7235 3201 19 8 9 9 2.39880596e-09 4.14667286e-09 outputs/V3.3e26_D10000_G6/solution/solution-00041 
 42 5.848800368933e+10 1.392571516413e+09 768 7235 3201 19 8 9 9 2.28632330e-09 3.94893185e-09 outputs/V3.3e26_D10000_G6/solution/solution-00042 
 43 5.988057520574e+10 1.392571516413e+09 768 7235 3201 19 8 9 9 2.17906919e-09 3.76060498e-09 outputs/V3.3e26_D10000_G6/solution/solution-00043 
 44 6.127314672215e+10 1.392571516413e+09 768 7235 3201 19 8 9 9 2.07680782e-09 3.58125634e-09 outputs/V3.3e26_D10000_G6/solution/solution-00044 
 45 6.266571823857e+10 1.392571516413e+09 768 7235 3201 19 8 9 9 1.97931285e-09 3.41046742e-09 outputs/V3.3e26_D10000_G6/solution/solution-00045 
 46 6.405828975498e+10 1.392571516413e+09 768 7235 3201 19 8 9 9 1.88636720e-09 3.24783690e-09 outputs/V3.3e26_D10000_G6/solution/solution-00046 
 47 6.545086127139e+10 1.392571516413e+09 768 7235 3201 19 8 9 9 1.79776285e-09 3.09298048e-09 outputs/V3.3e26_D10000_G6/solution/solution-00047 
 48 6.684343278781e+10 1.392571516413e+09 768 7235 3201 19 8 9 9 1.71330060e-09 2.94553044e-09 outputs/V3.3e26_D10000_G6/solution/solution-00048 
 49 6.823600430422e+10 1.392571516413e+09 768 7235 3201 19 8 9 9 1.63278984e-09 2.80513527e-09 outputs/V3.3e26_D10000_G6/solution/solution-00049 
 50 6.962857582063e+10 1.392571516413e+09 768 7235 3201 19 8 9 9 1.55604825e-09 2.67145920e-09 outputs/V3.3e26_D10000_G6/solution/solution-00050 
 51 7.102114733704e+10 1.392571516413e+09 768 7235 3201 19 8 9 9 1.48290151e-09 2.54418166e-09 outputs/V3.3e26_D10000_G6/solution/solution-00051 
 52 7.241371885346e+10 1.392571516413e+09 768 7235 3201 19 8 9 9 1.41318304e-09 2.42299680e-09 outputs/V3.3e26_D10000_G6/solution/solution-00052 
 53 7.380629036987e+10 1.392571516413e+09 768 7235 3201 19 8 9 9 1.34673370e-09 2.30761292e-09 outputs/V3.3e26_D10000_G6/solution/solution-00053 
 54 7.519886188628e+10 1.392571516413e+09 768 7235 3201 19 8 9 9 1.28340149e-09 2.19775191e-09 outputs/V3.3e26_D10000_G6/solution/solution-00054 
 55 7.659143340269e+10 1.392571516413e+09 768 7235 3201 19 8 9 9 1.22304130e-09 2.09314875e-09 outputs/V3.3e26_D10000_G6/solution/solution-00055 
 56 7.798400491911e+10 1.392571516413e+09 768 7235 3201 19 8 9 9 1.16551459e-09 1.99355093e-09 outputs/V3.3e26_D10000_G6/solution/solution-00056 
 57 7.937657643552e+10 1.392571516413e+09 768 7235 3201 19 8 9 9 1.11068914e-09 1.89871790e-09 outputs/V3.3e26_D10000_G6/solution/solution-00057 
 58 8.076914795193e+10 1.392571516413e+09 768 7235 3201 19 8 9 9 1.05843880e-09 1.80842061e-09 outputs/V3.3e26_D10000_G6/solution/solution-00058 
 59 8.216171946834e+10 1.392571516413e+09 768 7235 3201 19 8 9 9 1.00864319e-09 1.72244093e-09 outputs/V3.3e26_D10000_G6/solution/solution-00059 
 60 8.355429098476e+10 1.392571516413e+09 768 7235 3201 19 8 9 9 9.61187482e-10 1.64057121e-09 outputs/V3.3e26_D10000_G6/solution/solution-00060 
 61 8.494686250117e+10 1.392571516413e+09 768 7235 3201 19 8 9 9 9.15962147e-10 1.56261376e-09 outputs/V3.3e26_D10000_G6/solution/solution-00061 
 62 8.633943401758e+10 1.392571516413e+09 768 7235 3201 19 8 9 9 8.72862720e-10 1.48838043e-09 outputs/V3.3e26_D10000_G6/solution/solution-00062 
 63 8.773200553399e+10 1.392571516413e+09 768 7235 3201 19 8 9 9 8.31789577e-10 1.41769211e-09 outputs/V3.3e26_D10000_G6/solution/solution-00063 
 64 8.912457705041e+10 1.392571516413e+09 768 7235 3201 19 8 9 9 7.92647720e-10 1.35037836e-09 outputs/V3.3e26_D10000_G6/solution/solution-00064 
 65 9.051714856682e+10 1.392571516413e+09 768 7235 3201 19 8 9 9 7.55346566e-10 1.28627696e-09 outputs/V3.3e26_D10000_G6/solution/solution-00065 
 66 9.190972008323e+10 1.392571516413e+09 768 7235 3201 19 8 9 9 7.19799749e-10 1.22523355e-09 outputs/V3.3e26_D10000_G6/solution/solution-00066 
 67 9.330229159964e+10 1.392571516413e+09 768 7235 3201 19 8 9 9 6.85924925e-10 1.16710122e-09 outputs/V3.3e26_D10000_G6/solution/solution-00067 
 68 9.469486311606e+10 1.392571516413e+09 768 7235 3201 19 8 9 9 6.53643595e-10 1.11174017e-09 outputs/V3.3e26_D10000_G6/solution/solution-00068 
 69 9.608743463247e+10 1.392571516413e+09 768 7235 3201 19 8 9 9 6.22880922e-10 1.05901738e-09 outputs/V3.3e26_D10000_G6/solution/solution-00069 
 70 9.748000614888e+10 1.392571516413e+09 768 7235 3201 18 8 9 9 5.93565567e-10 1.00880624e-09 outputs/V3.3e26_D10000_G6/solution/solution-00070 
 71 9.887257766530e+10 1.392571516413e+09 768 7235 3201 18 8 9 9 5.65629529e-10 9.60986283e-10 outputs/V3.3e26_D10000_G6/solution/solution-00071 
 72 1.002651491817e+11 1.392571516413e+09 768 7235 3201 18 8 9 9 5.39007988e-10 9.15442873e-10 outputs/V3.3e26_D10000_G6/solution/solution-00072 
 73 1.016577206981e+11 1.392571516413e+09 768 7235 3201 18 8 9 9 5.13639160e-10 8.72066913e-10 outputs/V3.3e26_D10000_G6/solution/solution-00073 
 74 1.030502922145e+11 1.392571516413e+09 768 7235 3201 18 8 9 9 4.89464154e-10 8.30754580e-10 outputs/V3.3e26_D10000_G6/solution/solution-00074 
 75 1.044428637309e+11 1.392571516413e+09 768 7235 3201 18 8 9 9 4.66426840e-10 7.91407069e-10 outputs/V3.3e26_D10000_G6/solution/solution-00075 
 76 1.058354352474e+11 1.392571516413e+09 768 7235 3201 18 8 9 9 4.44473720e-10 7.53930349e-10 outputs/V3.3e26_D10000_G6/solution/solution-00076 
 77 1.072280067638e+11 1.392571516413e+09 768 7235 3201 18 8 9 9 4.23553805e-10 7.18234929e-10 outputs/V3.3e26_D10000_G6/solution/solution-00077 
 78 1.086205782802e+11 1.392571516413e+09 768 7235 3201 18 8 9 9 4.03618499e-10 6.84235636e-10 outputs/V3.3e26_D10000_G6/solution/solution-00078 
 79 1.100131497966e+11 1.392571516413e+09 768 7235 3201 18 8 9 9 3.84621487e-10 6.51851406e-10 outputs/V3.3e26_D10000_G6/solution/solution-00079 
 80 1.114057213130e+11 1.392571516413e+09 768 7235 3201 18 8 9 9 3.66518628e-10 6.21005084e-10 outputs/V3.3e26_D10000_G6/solution/solution-00080 
 81 1.127982928294e+11 1.392571516413e+09 768 7235 3201 18 8 9 9 3.49267855e-10 5.91623231e-10 outputs/V3.3e26_D10000_G6/solution/solution-00081 
 82 1.141908643458e+11 1.392571516413e+09 768 7235 3201 18 8 9 9 3.32829078e-10 5.63635946e-10 outputs/V3.3e26_D10000_G6/solution/solution-00082 
 83 1.155834358622e+11 1.392571516413e+09 768 7235 3201 18 8 9 9 3.17164088e-10 5.36976691e-10 outputs/V3.3e26_D10000_G6/solution/solution-00083 
 84 1.169760073787e+11 1.392571516413e+09 768 7235 3201 18 8 9 9 3.02236474e-10 5.11582131e-10 outputs/V3.3e26_D10000_G6/solution/solution-00084 
 85 1.183685788951e+11 1.392571516413e+09 768 7235 3201 18 8 9 9 2.88011535e-10 4.87391972e-10 outputs/V3.3e26_D10000_G6/solution/solution-00085 
 86 1.197611504115e+11 1.392571516413e+09 768 7235 3201 18 8 9 9 2.74456202e-10 4.64348820e-10 outputs/V3.3e26_D10000_G6/solution/solution-00086 
 87 1.211537219279e+11 1.392571516413e+09 768 7235 3201 18 8 9 9 2.61538961e-10 4.42398037e-10 outputs/V3.3e26_D10000_G6/solution/solution-00087 
 88 1.225462934443e+11 1.392571516413e+09 768 7235 3201 18 8 9 9 2.49229779e-10 4.21487603e-10 outputs/V3.3e26_D10000_G6/solution/solution-00088 
 89 1.239388649607e+11 1.392571516413e+09 768 7235 3201 18 8 9 9 2.37500038e-10 4.01567998e-10 outputs/V3.3e26_D10000_G6/solution/solution-00089 
 90 1.253314364771e+11 1.392571516413e+09 768 7235 3201 18 8 9 9 2.26322462e-10 3.82592074e-10 outputs/V3.3e26_D10000_G6/solution/solution-00090 
 91 1.267240079935e+11 1.392571516413e+09 768 7235 3201 18 8 9 9 2.15671061e-10 3.64514942e-10 outputs/V3.3e26_D10000_G6/solution/solution-00091 
 92 1.281165795100e+11 1.392571516413e+09 768 7235 3201 18 8 9 9 2.05521068e-10 3.47293863e-10 outputs/V3.3e26_D10000_G6/solution/solution-00092 
 93 1.295091510264e+11 1.392571516413e+09 768 7235 3201 18 8 9 9 1.95848879e-10 3.30888142e-10 outputs/V3.3e26_D10000_G6/solution/solution-00093 
 94 1.309017225428e+11 1.392571516413e+09 768 7235 3201 18 8 9 9 1.86632001e-10 3.15259032e-10 outputs/V3.3e26_D10000_G6/solution/solution-00094 
 95 1.322942940592e+11 1.392571516413e+09 768 7235 3201 18 8 9 9 1.77849002e-10 3.00369639e-10 outputs/V3.3e26_D10000_G6/solution/solution-00095 
 96 1.336868655756e+11 1.392571516413e+09 768 7235 3201 18 8 9 9 1.69479456e-10 2.86184832e-10 outputs/V3.3e26_D10000_G6/solution/solution-00096 
 97 1.350794370920e+11 1.392571516413e+09 768 7235 3201 18 8 9 9 1.61503899e-10 2.72671157e-10 outputs/V3.3e26_D10000_G6/solution/solution-00097 
 98 1.364720086084e+11 1.392571516413e+09 768 7235 3201 18 8 9 9 1.53903782e-10 2.59796758e-10 outputs/V3.3e26_D10000_G6/solution/solution-00098 
 99 1.378645801248e+11 1.392571516413e+09 768 7235 3201 18 8 9 9 1.46661432e-10 2.47531299e-10 outputs/V3.3e26_D10000_G6/solution/solution-00099 
100 1.392571516413e+11 1.392571516413e+09 768 7235 3201 17 8 9 9 1.39760002e-10 2.35845887e-10 outputs/V3.3e26_D10000_G6/solution/solution-00100 
