# 1: Time step number
# 2: Time (years)
# 3: Time step size (years)
# 4: Number of mesh cells
# 5: Number of Stokes degrees of freedom
# 6: Number of temperature degrees of freedom
# 7: Iterations for temperature solver
# 8: Iterations for Stokes solver
# 9: Velocity iterations in Stokes preconditioner
# 10: Schur complement iterations in Stokes preconditioner
# 11: RMS velocity (m/year)
# 12: Max. velocity (m/year)
# 13: Visualization file name
  0 0.000000000000e+00 0.000000000000e+00 768 7235 3201  0 8 9 9 3.97287882e-08 6.98573922e-08 outputs/V1e26_D100_G6/solution/solution-00000 
  1 1.392571516413e+09 1.392571516413e+09 768 7235 3201 32 8 9 9 3.77488711e-08 6.37250904e-08 outputs/V1e26_D100_G6/solution/solution-00001 
  2 2.785143032825e+09 1.392571516413e+09 768 7235 3201 25 8 9 9 3.59546619e-08 6.08048348e-08 outputs/V1e26_D100_G6/solution/solution-00002 
  3 4.177714549238e+09 1.392571516413e+09 768 7235 3201 24 8 9 9 3.43159269e-08 5.81327539e-08 outputs/V1e26_D100_G6/solution/solution-00003 
  4 5.570286065650e+09 1.392571516413e+09 768 7235 3201 23 8 9 9 3.28035231e-08 5.56676748e-08 outputs/V1e26_D100_G6/solution/solution-00004 
  5 6.962857582063e+09 1.392571516413e+09 768 7235 3201 23 8 9 9 3.14041160e-08 5.33813864e-08 outputs/V1e26_D100_G6/solution/solution-00005 
  6 8.355429098476e+09 1.392571516413e+09 768 7235 3201 22 8 9 9 3.01037076e-08 5.12480929e-08 outputs/V1e26_D100_G6/solution/solution-00006 
  7 9.748000614888e+09 1.392571516413e+09 768 7235 3201 21 8 9 9 2.88898940e-08 4.92466587e-08 outputs/V1e26_D100_G6/solution/solution-00007 
  8 1.114057213130e+10 1.392571516413e+09 768 7235 3201 21 8 9 9 2.77520941e-08 4.73602233e-08 outputs/V1e26_D100_G6/solution/solution-00008 
  9 1.253314364771e+10 1.392571516413e+09 768 7235 3201 21 8 9 9 2.66814092e-08 4.55753285e-08 outputs/V1e26_D100_G6/solution/solution-00009 
 10 1.392571516413e+10 1.392571516413e+09 768 7235 3201 20 8 9 9 2.56703838e-08 4.38811224e-08 outputs/V1e26_D100_G6/solution/solution-00010 
 11 1.531828668054e+10 1.392571516413e+09 768 7235 3201 20 8 9 9 2.47127637e-08 4.22687411e-08 outputs/V1e26_D100_G6/solution/solution-00011 
 12 1.671085819695e+10 1.392571516413e+09 768 7235 3201 20 8 9 9 2.38032832e-08 4.07308494e-08 outputs/V1e26_D100_G6/solution/solution-00012 
 13 1.810342971336e+10 1.392571516413e+09 768 7235 3201 20 8 9 9 2.29374878e-08 3.92613005e-08 outputs/V1e26_D100_G6/solution/solution-00013 
 14 1.949600122978e+10 1.392571516413e+09 768 7235 3201 20 8 9 9 2.21115887e-08 3.78548827e-08 outputs/V1e26_D100_G6/solution/solution-00014 
 15 2.088857274619e+10 1.392571516413e+09 768 7235 3201 20 8 9 9 2.13223446e-08 3.65071285e-08 outputs/V1e26_D100_G6/solution/solution-00015 
 16 2.228114426260e+10 1.392571516413e+09 768 7235 3201 19 8 9 9 2.05669654e-08 3.52141686e-08 outputs/V1e26_D100_G6/solution/solution-00016 
 17 2.367371577901e+10 1.392571516413e+09 768 7235 3201 19 8 9 9 1.98430344e-08 3.39726191e-08 outputs/V1e26_D100_G6/solution/solution-00017 
 18 2.506628729543e+10 1.392571516413e+09 768 7235 3201 19 8 9 9 1.91484443e-08 3.27794932e-08 outputs/V1e26_D100_G6/solution/solution-00018 
 19 2.645885881184e+10 1.392571516413e+09 768 7235 3201 19 8 9 9 1.84813455e-08 3.16321321e-08 outputs/V1e26_D100_G6/solution/solution-00019 
 20 2.785143032825e+10 1.392571516413e+09 768 7235 3201 19 8 9 9 1.78401038e-08 3.05281494e-08 outputs/V1e26_D100_G6/solution/solution-00020 
 21 2.924400184466e+10 1.392571516413e+09 768 7235 3201 19 8 9 9 1.72232653e-08 2.94653874e-08 outputs/V1e26_D100_G6/solution/solution-00021 
 22 3.063657336108e+10 1.392571516413e+09 768 7235 3201 19 8 9 9 1.66295282e-08 2.84418809e-08 outputs/V1e26_D100_G6/solution/solution-00022 
 23 3.202914487749e+10 1.392571516413e+09 768 7235 3201 19 8 9 9 1.60577187e-08 2.74558291e-08 outputs/V1e26_D100_G6/solution/solution-00023 
 24 3.342171639390e+10 1.392571516413e+09 768 7235 3201 19 8 9 9 1.55067726e-08 2.65055712e-08 outputs/V1e26_D100_G6/solution/solution-00024 
 25 3.481428791032e+10 1.392571516413e+09 768 7235 3201 18 8 9 9 1.49757182e-08 2.55895682e-08 outputs/V1e26_D100_G6/solution/solution-00025 
 26 3.620685942673e+10 1.392571516413e+09 768 7235 3201 18 8 9 9 1.44636640e-08 2.47063860e-08 outputs/V1e26_D100_G6/solution/solution-00026 
 27 3.759943094314e+10 1.392571516413e+09 768 7235 3201 18 8 9 9 1.39697868e-08 2.38546833e-08 outputs/V1e26_D100_G6/solution/solution-00027 
 28 3.899200245955e+10 1.392571516413e+09 768 7235 3201 18 8 9 9 1.34933234e-08 2.30332000e-08 outputs/V1e26_D100_G6/solution/solution-00028 
 29 4.038457397597e+10 1.392571516413e+09 768 7235 3201 18 8 9 9 1.30335623e-08 2.22407485e-08 outputs/V1e26_D100_G6/solution/solution-00029 
 30 4.177714549238e+10 1.392571516413e+09 768 7235 3201 18 8 9 9 1.25898379e-08 2.14762062e-08 outputs/V1e26_D100_G6/solution/solution-00030 
 31 4.316971700879e+10 1.392571516413e+09 768 7235 3201 18 8 9 9 1.21615246e-08 2.07385087e-08 outputs/V1e26_D100_G6/solution/solution-00031 
 32 4.456228852520e+10 1.392571516413e+09 768 7235 3201 18 8 9 9 1.17480328e-08 2.00266447e-08 outputs/V1e26_D100_G6/solution/solution-00032 
 33 4.595486004162e+10 1.392571516413e+09 768 7235 3201 18 8 9 9 1.13488046e-08 1.93396514e-08 outputs/V1e26_D100_G6/solution/solution-00033 
 34 4.734743155803e+10 1.392571516413e+09 768 7235 3201 18 8 9 9 1.09633111e-08 1.86766102e-08 outputs/V1e26_D100_G6/solution/solution-00034 
 35 4.874000307444e+10 1.392571516413e+09 768 7235 3201 18 8 9 9 1.05910495e-08 1.80366437e-08 outputs/V1e26_D100_G6/solution/solution-00035 
 36 5.013257459085e+10 1.392571516413e+09 768 7235 3201 18 8 9 9 1.02315406e-08 1.74189126e-08 outputs/V1e26_D100_G6/solution/solution-00036 
 37 5.152514610727e+10 1.392571516413e+09 768 7235 3201 18 8 9 9 9.88432696e-09 1.68226129e-08 outputs/V1e26_D100_G6/solution/solution-00037 
 38 5.291771762368e+10 1.392571516413e+09 768 7235 3201 18 8 9 9 9.54897129e-09 1.62469739e-08 outputs/V1e26_D100_G6/solution/solution-00038 
 39 5.431028914009e+10 1.392571516413e+09 768 7235 3201 18 8 9 9 9.22505477e-09 1.56912561e-08 outputs/V1e26_D100_G6/solution/solution-00039 
 40 5.570286065650e+10 1.392571516413e+09 768 7235 3201 18 8 9 9 8.91217585e-09 1.51547493e-08 outputs/V1e26_D100_G6/solution/solution-00040 
 41 5.709543217292e+10 1.392571516413e+09 768 7235 3201 18 8 9 9 8.60994911e-09 1.46367712e-08 outputs/V1e26_D100_G6/solution/solution-00041 
 42 5.848800368933e+10 1.392571516413e+09 768 7235 3201 18 8 9 9 8.31800427e-09 1.41366658e-08 outputs/V1e26_D100_G6/solution/solution-00042 
 43 5.988057520574e+10 1.392571516413e+09 768 7235 3201 17 8 9 9 8.03598531e-09 1.36538022e-08 outputs/V1e26_D100_G6/solution/solution-00043 
 44 6.127314672215e+10 1.392571516413e+09 768 7235 3201 17 8 9 9 7.76354964e-09 1.31875731e-08 outputs/V1e26_D100_G6/solution/solution-00044 
 45 6.266571823857e+10 1.392571516413e+09 768 7235 3201 17 8 9 9 7.50036746e-09 1.27373940e-08 outputs/V1e26_D100_G6/solution/solution-00045 
 46 6.405828975498e+10 1.392571516413e+09 768 7235 3201 17 8 9 9 7.24612107e-09 1.23027021e-08 outputs/V1e26_D100_G6/solution/solution-00046 
 47 6.545086127139e+10 1.392571516413e+09 768 7235 3201 17 8 9 9 7.00050429e-09 1.18829553e-08 outputs/V1e26_D100_G6/solution/solution-00047 
 48 6.684343278781e+10 1.392571516413e+09 768 7235 3201 17 8 9 9 6.76322197e-09 1.14776315e-08 outputs/V1e26_D100_G6/solution/solution-00048 
 49 6.823600430422e+10 1.392571516413e+09 768 7235 3201 17 8 9 9 6.53398947e-09 1.10862272e-08 outputs/V1e26_D100_G6/solution/solution-00049 
 50 6.962857582063e+10 1.392571516413e+09 768 7235 3201 17 8 9 9 6.31253222e-09 1.07082577e-08 outputs/V1e26_D100_G6/solution/solution-00050 
 51 7.102114733704e+10 1.392571516413e+09 768 7235 3201 17 8 9 9 6.09858529e-09 1.03432552e-08 outputs/V1e26_D100_G6/solution/solution-00051 
 52 7.241371885346e+10 1.392571516413e+09 768 7235 3201 17 8 9 9 5.89189302e-09 9.99076905e-09 outputs/V1e26_D100_G6/solution/solution-00052 
 53 7.380629036987e+10 1.392571516413e+09 768 7235 3201 17 8 9 9 5.69220862e-09 9.65036474e-09 outputs/V1e26_D100_G6/solution/solution-00053 
 54 7.519886188628e+10 1.392571516413e+09 768 7235 3201 17 8 9 9 5.49929388e-09 9.32162314e-09 outputs/V1e26_D100_G6/solution/solution-00054 
 55 7.659143340269e+10 1.392571516413e+09 768 7235 3201 17 8 9 9 5.31291878e-09 9.00414011e-09 outputs/V1e26_D100_G6/solution/solution-00055 
 56 7.798400491911e+10 1.392571516413e+09 768 7235 3201 17 8 9 9 5.13286124e-09 8.69752585e-09 outputs/V1e26_D100_G6/solution/solution-00056 
 57 7.937657643552e+10 1.392571516413e+09 768 7235 3201 17 8 9 9 4.95890680e-09 8.40140436e-09 outputs/V1e26_D100_G6/solution/solution-00057 
 58 8.076914795193e+10 1.392571516413e+09 768 7235 3201 17 8 9 9 4.79084834e-09 8.11541295e-09 outputs/V1e26_D100_G6/solution/solution-00058 
 59 8.216171946834e+10 1.392571516413e+09 768 7235 3201 17 8 9 9 4.62848583e-09 7.83920173e-09 outputs/V1e26_D100_G6/solution/solution-00059 
 60 8.355429098476e+10 1.392571516413e+09 768 7235 3201 17 8 9 9 4.47162606e-09 7.57243312e-09 outputs/V1e26_D100_G6/solution/solution-00060 
 61 8.494686250117e+10 1.392571516413e+09 768 7235 3201 17 8 9 9 4.32008243e-09 7.31478143e-09 outputs/V1e26_D100_G6/solution/solution-00061 
 62 8.633943401758e+10 1.392571516413e+09 768 7235 3201 17 8 9 9 4.17367466e-09 7.06593240e-09 outputs/V1e26_D100_G6/solution/solution-00062 
 63 8.773200553399e+10 1.392571516413e+09 768 7235 3201 17 8 9 9 4.03222865e-09 6.82558279e-09 outputs/V1e26_D100_G6/solution/solution-00063 
 64 8.912457705041e+10 1.392571516413e+09 768 7235 3201 17 8 9 9 3.89557618e-09 6.59343999e-09 outputs/V1e26_D100_G6/solution/solution-00064 
 65 9.051714856682e+10 1.392571516413e+09 768 7235 3201 17 8 9 9 3.76355478e-09 6.36922162e-09 outputs/V1e26_D100_G6/solution/solution-00065 
 66 9.190972008323e+10 1.392571516413e+09 768 7235 3201 17 8 9 9 3.63600746e-09 6.15265516e-09 outputs/V1e26_D100_G6/solution/solution-00066 
 67 9.330229159964e+10 1.392571516413e+09 768 7235 3201 17 8 9 9 3.51278260e-09 5.94347761e-09 outputs/V1e26_D100_G6/solution/solution-00067 
 68 9.469486311606e+10 1.392571516413e+09 768 7235 3201 17 8 9 9 3.39373370e-09 5.74143513e-09 outputs/V1e26_D100_G6/solution/solution-00068 
 69 9.608743463247e+10 1.392571516413e+09 768 7235 3201 16 8 9 9 3.27871925e-09 5.54628274e-09 outputs/V1e26_D100_G6/solution/solution-00069 
 70 9.748000614888e+10 1.392571516413e+09 768 7235 3201 16 8 9 9 3.16760251e-09 5.35778395e-09 outputs/V1e26_D100_G6/solution/solution-00070 
 71 9.887257766530e+10 1.392571516413e+09 768 7235 3201 16 8 9 9 3.06025141e-09 5.17571051e-09 outputs/V1e26_D100_G6/solution/solution-00071 
 72 1.002651491817e+11 1.392571516413e+09 768 7235 3201 16 8 9 9 2.95653832e-09 4.99984209e-09 outputs/V1e26_D100_G6/solution/solution-00072 
 73 1.016577206981e+11 1.392571516413e+09 768 7235 3201 16 8 9 9 2.85633997e-09 4.82996600e-09 outputs/V1e26_D100_G6/solution/solution-00073 
 74 1.030502922145e+11 1.392571516413e+09 768 7235 3201 16 8 9 9 2.75953726e-09 4.66587693e-09 outputs/V1e26_D100_G6/solution/solution-00074 
 75 1.044428637309e+11 1.392571516413e+09 768 7235 3201 16 8 9 9 2.66601511e-09 4.50737669e-09 outputs/V1e26_D100_G6/solution/solution-00075 
 76 1.058354352474e+11 1.392571516413e+09 768 7235 3201 16 8 9 9 2.57566235e-09 4.35427395e-09 outputs/V1e26_D100_G6/solution/solution-00076 
 77 1.072280067638e+11 1.392571516413e+09 768 7235 3201 16 8 9 9 2.48837160e-09 4.20638397e-09 outputs/V1e26_D100_G6/solution/solution-00077 
 78 1.086205782802e+11 1.392571516413e+09 768 7235 3201 16 8 9 9 2.40403908e-09 4.06352843e-09 outputs/V1e26_D100_G6/solution/solution-00078 
 79 1.100131497966e+11 1.392571516413e+09 768 7235 3201 16 8 9 9 2.32256455e-09 3.92553516e-09 outputs/V1e26_D100_G6/solution/solution-00079 
 80 1.114057213130e+11 1.392571516413e+09 768 7235 3201 16 8 9 9 2.24385117e-09 3.79223792e-09 outputs/V1e26_D100_G6/solution/solution-00080 
 81 1.127982928294e+11 1.392571516413e+09 768 7235 3201 16 8 9 9 2.16780536e-09 3.66347621e-09 outputs/V1e26_D100_G6/solution/solution-00081 
 82 1.141908643458e+11 1.392571516413e+09 768 7235 3201 16 8 9 9 2.09433672e-09 3.53909506e-09 outputs/V1e26_D100_G6/solution/solution-00082 
 83 1.155834358622e+11 1.392571516413e+09 768 7235 3201 16 8 9 9 2.02335794e-09 3.41894486e-09 outputs/V1e26_D100_G6/solution/solution-00083 
 84 1.169760073787e+11 1.392571516413e+09 768 7235 3201 16 8 9 9 1.95478462e-09 3.30288112e-09 outputs/V1e26_D100_G6/solution/solution-00084 
 85 1.183685788951e+11 1.392571516413e+09 768 7235 3201 16 8 9 9 1.88853525e-09 3.19076434e-09 outputs/V1e26_D100_G6/solution/solution-00085 
 86 1.197611504115e+11 1.392571516413e+09 768 7235 3201 16 8 9 9 1.82453109e-09 3.08245982e-09 outputs/V1e26_D100_G6/solution/solution-00086 
 87 1.211537219279e+11 1.392571516413e+09 768 7235 3201 16 8 9 9 1.76269604e-09 2.97783748e-09 outputs/V1e26_D100_G6/solution/solution-00087 
 88 1.225462934443e+11 1.392571516413e+09 768 7235 3201 16 8 9 9 1.70295660e-09 2.87677173e-09 outputs/V1e26_D100_G6/solution/solution-00088 
 89 1.239388649607e+11 1.392571516413e+09 768 7235 3201 16 8 9 9 1.64524175e-09 2.77914125e-09 outputs/V1e26_D100_G6/solution/solution-00089 
 90 1.253314364771e+11 1.392571516413e+09 768 7235 3201 16 8 9 9 1.58948287e-09 2.68482894e-09 outputs/V1e26_D100_G6/solution/solution-00090 
 91 1.267240079935e+11 1.392571516413e+09 768 7235 3201 16 8 9 9 1.53561369e-09 2.59372166e-09 outputs/V1e26_D100_G6/solution/solution-00091 
 92 1.281165795100e+11 1.392571516413e+09 768 7235 3201 16 8 9 9 1.48357017e-09 2.50571021e-09 outputs/V1e26_D100_G6/solution/solution-00092 
 93 1.295091510264e+11 1.392571516413e+09 768 7235 3201 16 8 9 9 1.43329043e-09 2.42068908e-09 outputs/V1e26_D100_G6/solution/solution-00093 
 94 1.309017225428e+11 1.392571516413e+09 768 7235 3201 15 8 9 9 1.38471470e-09 2.33855644e-09 outputs/V1e26_D100_G6/solution/solution-00094 
 95 1.322942940592e+11 1.392571516413e+09 768 7235 3201 15 8 9 9 1.33778525e-09 2.25921387e-09 outputs/V1e26_D100_G6/solution/solution-00095 
 96 1.336868655756e+11 1.392571516413e+09 768 7235 3201 15 8 9 9 1.29244627e-09 2.18256636e-09 outputs/V1e26_D100_G6/solution/solution-00096 
 97 1.350794370920e+11 1.392571516413e+09 768 7235 3201 15 8 9 9 1.24864386e-09 2.10852214e-09 outputs/V1e26_D100_G6/solution/solution-00097 
 98 1.364720086084e+11 1.392571516413e+09 768 7235 3201 15 8 9 9 1.20632594e-09 2.03699260e-09 outputs/V1e26_D100_G6/solution/solution-00098 
 99 1.378645801248e+11 1.392571516413e+09 768 7235 3201 15 8 9 9 1.16544222e-09 1.96789214e-09 outputs/V1e26_D100_G6/solution/solution-00099 
100 1.392571516413e+11 1.392571516413e+09 768 7235 3201 15 8 9 9 1.12594407e-09 1.90113810e-09 outputs/V1e26_D100_G6/solution/solution-00100 
