# 1: Time step number
# 2: Time (years)
# 3: Time step size (years)
# 4: Number of mesh cells
# 5: Number of Stokes degrees of freedom
# 6: Number of temperature degrees of freedom
# 7: Iterations for temperature solver
# 8: Iterations for Stokes solver
# 9: Velocity iterations in Stokes preconditioner
# 10: Schur complement iterations in Stokes preconditioner
# 11: RMS velocity (m/year)
# 12: Max. velocity (m/year)
# 13: Visualization file name
  0 0.000000000000e+00 0.000000000000e+00 768 7235 3201  0 8 9 9 5.29717176e-07 9.31431896e-07 outputs/V1e25_D100_G8/solution/solution-00000 
  1 1.392571516413e+09 1.392571516413e+09 768 7235 3201 32 8 9 9 5.30168386e-07 9.05894841e-07 outputs/V1e25_D100_G8/solution/solution-00001 
  2 2.785143032825e+09 1.392571516413e+09 768 7235 3201 25 8 9 9 5.42068023e-07 9.42946904e-07 outputs/V1e25_D100_G8/solution/solution-00002 
  3 4.177714549238e+09 1.392571516413e+09 768 7235 3201 24 8 9 9 5.68040157e-07 1.00660230e-06 outputs/V1e25_D100_G8/solution/solution-00003 
  4 5.570286065650e+09 1.392571516413e+09 768 7235 3201 23 8 9 9 6.09493482e-07 1.09847368e-06 outputs/V1e25_D100_G8/solution/solution-00004 
  5 6.962857582063e+09 1.392571516413e+09 768 7235 3201 23 8 9 9 6.68023558e-07 1.22053806e-06 outputs/V1e25_D100_G8/solution/solution-00005 
  6 8.355429098476e+09 1.392571516413e+09 768 7235 3201 22 8 9 9 7.45700693e-07 1.37612707e-06 outputs/V1e25_D100_G8/solution/solution-00006 
  7 9.748000614888e+09 1.392571516413e+09 768 7235 3201 21 8 9 9 8.45341066e-07 1.57020858e-06 outputs/V1e25_D100_G8/solution/solution-00007 
  8 1.114057213130e+10 1.392571516413e+09 768 7235 3201 21 8 9 9 9.70683080e-07 1.80954358e-06 outputs/V1e25_D100_G8/solution/solution-00008 
  9 1.253314364771e+10 1.392571516413e+09 768 7235 3201 21 8 9 9 1.12655755e-06 2.10289043e-06 outputs/V1e25_D100_G8/solution/solution-00009 
 10 1.392571516413e+10 1.392571516413e+09 768 7235 3201 20 8 9 9 1.31908669e-06 2.46130446e-06 outputs/V1e25_D100_G8/solution/solution-00010 
 11 1.531828668054e+10 1.392571516413e+09 768 7235 3201 20 8 9 9 1.55593168e-06 2.89854906e-06 outputs/V1e25_D100_G8/solution/solution-00011 
 12 1.671085819695e+10 1.392571516413e+09 768 7235 3201 20 8 9 9 1.84660379e-06 3.43163110e-06 outputs/V1e25_D100_G8/solution/solution-00012 
 13 1.810342971336e+10 1.392571516413e+09 768 7235 3201 20 8 9 9 2.20285338e-06 4.08147763e-06 outputs/V1e25_D100_G8/solution/solution-00013 
 14 1.949600122978e+10 1.392571516413e+09 768 7235 3201 20 8 9 9 2.63915298e-06 4.87377779e-06 outputs/V1e25_D100_G8/solution/solution-00014 
 15 2.088857274619e+10 1.392571516413e+09 768 7235 3201 20 8 9 9 3.17329412e-06 5.84002109e-06 outputs/V1e25_D100_G8/solution/solution-00015 
 16 2.228114426260e+10 1.392571516413e+09 768 7235 3201 20 8 9 9 3.82712135e-06 7.01877141e-06 outputs/V1e25_D100_G8/solution/solution-00016 
 17 2.367371577901e+10 1.392571516413e+09 768 7235 3201 20 7 8 8 4.62743269e-06 8.45722466e-06 outputs/V1e25_D100_G8/solution/solution-00017 
 18 2.506628729543e+10 1.392571516413e+09 768 7235 3201 19 7 8 8 5.60708096e-06 1.02131074e-05 outputs/V1e25_D100_G8/solution/solution-00018 
 19 2.645885881184e+10 1.392571516413e+09 768 7235 3201 19 7 8 8 6.80631750e-06 1.23569835e-05 outputs/V1e25_D100_G8/solution/solution-00019 
 20 2.785143032825e+10 1.392571516413e+09 768 7235 3201 19 7 8 8 8.27442578e-06 1.49765351e-05 outputs/V1e25_D100_G8/solution/solution-00020 
 21 2.924400184466e+10 1.392571516413e+09 768 7235 3201 19 7 8 8 1.00716980e-05 1.81765887e-05 outputs/V1e25_D100_G8/solution/solution-00021 
 22 3.063657336108e+10 1.392571516413e+09 768 7235 3201 19 7 8 8 1.22718095e-05 2.20856489e-05 outputs/V1e25_D100_G8/solution/solution-00022 
 23 3.202914487749e+10 1.392571516413e+09 768 7235 3201 20 7 8 8 1.49646381e-05 2.68602137e-05 outputs/V1e25_D100_G8/solution/solution-00023 
 24 3.342171639390e+10 1.392571516413e+09 768 7235 3201 20 7 8 8 1.82595521e-05 3.26900749e-05 outputs/V1e25_D100_G8/solution/solution-00024 
 25 3.481428791032e+10 1.392571516413e+09 768 7235 3201 20 7 8 8 2.22891275e-05 3.98042924e-05 outputs/V1e25_D100_G8/solution/solution-00025 
 26 3.620685942673e+10 1.392571516413e+09 768 7235 3201 20 6 7 7 2.72131265e-05 4.84772786e-05 outputs/V1e25_D100_G8/solution/solution-00026 
 27 3.759943094314e+10 1.392571516413e+09 768 7235 3201 20 6 7 7 3.32223074e-05 5.90340279e-05 outputs/V1e25_D100_G8/solution/solution-00027 
 28 3.899200245955e+10 1.392571516413e+09 768 7235 3201 21 6 7 7 4.05411426e-05 7.18762285e-05 outputs/V1e25_D100_G8/solution/solution-00028 
 29 4.029597843727e+10 1.303975977720e+09 768 7235 3201 20 6 7 7 4.88262732e-05 8.63967147e-05 outputs/V1e25_D100_G8/solution/solution-00029 
 30 4.138114333124e+10 1.085164893966e+09 768 7235 3201 19 6 7 7 5.69883059e-05 1.00665645e-04 outputs/V1e25_D100_G8/solution/solution-00030 
 31 4.231277270785e+10 9.316293766090e+08 768 7235 3201 17 6 7 7 6.50531662e-05 1.14726913e-04 outputs/V1e25_D100_G8/solution/solution-00031 
 32 4.313025759818e+10 8.174848903360e+08 768 7235 3201 16 6 7 7 7.30186820e-05 1.28574086e-04 outputs/V1e25_D100_G8/solution/solution-00032 
 33 4.385944878144e+10 7.291911832611e+08 768 7235 3201 15 6 7 7 8.08755585e-05 1.42228052e-04 outputs/V1e25_D100_G8/solution/solution-00033 
 34 4.451860144848e+10 6.591526670383e+08 768 7235 3201 15 6 7 7 8.86164859e-05 1.55648521e-04 outputs/V1e25_D100_G8/solution/solution-00034 
 35 4.512092005317e+10 6.023186046894e+08 768 7235 3201 14 6 7 7 9.62336955e-05 1.68812980e-04 outputs/V1e25_D100_G8/solution/solution-00035 
 36 4.567626834448e+10 5.553482913082e+08 768 7235 3201 13 6 7 7 1.03719214e-04 1.81706135e-04 outputs/V1e25_D100_G8/solution/solution-00036 
 37 4.619221129874e+10 5.159429542642e+08 768 7235 3201 13 6 7 7 1.11064934e-04 1.94336367e-04 outputs/V1e25_D100_G8/solution/solution-00037 
 38 4.667468023292e+10 4.824689341708e+08 768 7235 3201 12 6 7 7 1.18262673e-04 2.06698447e-04 outputs/V1e25_D100_G8/solution/solution-00038 
 39 4.712841367804e+10 4.537334451241e+08 768 7235 3201 12 6 7 7 1.25304229e-04 2.18749100e-04 outputs/V1e25_D100_G8/solution/solution-00039 
 40 4.755720422027e+10 4.287905422305e+08 768 7235 3201 12 6 7 7 1.32180572e-04 2.30472621e-04 outputs/V1e25_D100_G8/solution/solution-00040 
 41 4.796410521931e+10 4.069009990428e+08 768 7235 3201 11 6 7 7 1.38881720e-04 2.41852175e-04 outputs/V1e25_D100_G8/solution/solution-00041 
 42 4.835179033162e+10 3.876851123099e+08 768 7235 3201 11 6 7 7 1.45400274e-04 2.52875769e-04 outputs/V1e25_D100_G8/solution/solution-00042 
 43 4.872251141044e+10 3.707210788179e+08 768 7235 3201 11 6 7 7 1.51729106e-04 2.63532246e-04 outputs/V1e25_D100_G8/solution/solution-00043 
 44 4.907818401457e+10 3.556726041281e+08 768 7235 3201 11 6 7 7 1.57861425e-04 2.73811357e-04 outputs/V1e25_D100_G8/solution/solution-00044 
 45 4.942045229646e+10 3.422682818955e+08 768 7235 3201 11 6 7 7 1.63790841e-04 2.83726732e-04 outputs/V1e25_D100_G8/solution/solution-00045 
 46 4.975073896918e+10 3.302866727196e+08 768 7235 3201 11 6 7 7 1.69511417e-04 2.93303532e-04 outputs/V1e25_D100_G8/solution/solution-00046 
 47 5.007028429186e+10 3.195453226722e+08 768 7235 3201 10 6 7 7 1.75017723e-04 3.02477513e-04 outputs/V1e25_D100_G8/solution/solution-00047 
 48 5.038017684986e+10 3.098925580014e+08 768 7235 3201 10 5 6 6 1.80304872e-04 3.11241874e-04 outputs/V1e25_D100_G8/solution/solution-00048 
 49 5.068137811984e+10 3.012012699806e+08 768 7235 3201 10 5 6 6 1.85368561e-04 3.19590989e-04 outputs/V1e25_D100_G8/solution/solution-00049 
 50 5.097474226704e+10 2.933641471989e+08 768 7235 3201 10 5 6 6 1.90205097e-04 3.27520426e-04 outputs/V1e25_D100_G8/solution/solution-00050 
 51 5.126103224614e+10 2.862899791010e+08 768 7235 3201 10 5 6 6 1.94811422e-04 3.35026953e-04 outputs/V1e25_D100_G8/solution/solution-00051 
 52 5.154093300262e+10 2.799007564863e+08 768 7235 3201 10 5 6 6 1.99185127e-04 3.42108536e-04 outputs/V1e25_D100_G8/solution/solution-00052 
 53 5.181506238027e+10 2.741293776414e+08 768 7235 3201 10 5 6 6 2.03324464e-04 3.48764326e-04 outputs/V1e25_D100_G8/solution/solution-00053 
 54 5.208398019664e+10 2.689178163746e+08 768 7235 3201 10 5 6 6 2.07228345e-04 3.54994646e-04 outputs/V1e25_D100_G8/solution/solution-00054 
 55 5.234819584354e+10 2.642156468981e+08 768 7235 3201 10 5 6 6 2.10896342e-04 3.60800960e-04 outputs/V1e25_D100_G8/solution/solution-00055 
 56 5.260817469035e+10 2.599788468101e+08 768 7235 3201 10 5 6 6 2.14328681e-04 3.66185841e-04 outputs/V1e25_D100_G8/solution/solution-00056 
 57 5.286431404331e+10 2.561393529605e+08 768 7235 3201  9 5 6 6 2.17525865e-04 3.71152388e-04 outputs/V1e25_D100_G8/solution/solution-00057 
 58 5.311701042790e+10 2.526963845920e+08 768 7235 3201  9 5 6 6 2.20489487e-04 3.75705466e-04 outputs/V1e25_D100_G8/solution/solution-00058 
 59 5.336663123554e+10 2.496208076422e+08 768 7235 3201  9 5 6 6 2.23221736e-04 3.79850922e-04 outputs/V1e25_D100_G8/solution/solution-00059 
 60 5.361351672214e+10 2.468854865926e+08 768 7235 3201  9 5 6 6 2.25725356e-04 3.84185329e-04 outputs/V1e25_D100_G8/solution/solution-00060 
 61 5.385765276742e+10 2.441360452834e+08 768 7235 3201  9 5 6 6 2.28000672e-04 3.88274526e-04 outputs/V1e25_D100_G8/solution/solution-00061 
 62 5.409923258782e+10 2.415798204037e+08 768 7235 3201  9 5 6 6 2.30051452e-04 3.91930979e-04 outputs/V1e25_D100_G8/solution/solution-00062 
 63 5.433852539428e+10 2.392928064584e+08 768 7235 3201  9 5 6 6 2.31882958e-04 3.95160600e-04 outputs/V1e25_D100_G8/solution/solution-00063 
 64 5.457582768503e+10 2.373022907507e+08 768 7235 3201  9 5 6 6 2.33501175e-04 3.97971156e-04 outputs/V1e25_D100_G8/solution/solution-00064 
 65 5.481141798405e+10 2.355902990143e+08 768 7235 3201  9 5 6 6 2.34912310e-04 4.00400233e-04 outputs/V1e25_D100_G8/solution/solution-00065 
 66 5.504555870697e+10 2.341407229243e+08 768 7235 3201  9 5 6 6 2.36122750e-04 4.02465746e-04 outputs/V1e25_D100_G8/solution/solution-00066 
 67 5.527849778532e+10 2.329390783530e+08 768 7235 3201  9 5 6 6 2.37139035e-04 4.04143087e-04 outputs/V1e25_D100_G8/solution/solution-00067 
 68 5.551047008181e+10 2.319722964819e+08 768 7235 3201  9 5 6 6 2.37967824e-04 4.05443026e-04 outputs/V1e25_D100_G8/solution/solution-00068 
 69 5.574169862421e+10 2.312285424045e+08 768 7235 3201  9 5 6 6 2.38615864e-04 4.06377096e-04 outputs/V1e25_D100_G8/solution/solution-00069 
 70 5.597239568101e+10 2.306970567982e+08 768 7235 3201  9 5 6 6 2.39089971e-04 4.06957533e-04 outputs/V1e25_D100_G8/solution/solution-00070 
 71 5.620276369803e+10 2.303680170188e+08 768 7235 3201  9 5 6 6 2.39397002e-04 4.07197224e-04 outputs/V1e25_D100_G8/solution/solution-00071 
 72 5.643299611263e+10 2.302324146021e+08 768 7235 3201  9 5 6 6 2.39543839e-04 4.07134815e-04 outputs/V1e25_D100_G8/solution/solution-00072 
 73 5.666327805929e+10 2.302819466656e+08 768 7235 3201  9 5 6 6 2.39537371e-04 4.06807342e-04 outputs/V1e25_D100_G8/solution/solution-00073 
 74 5.689378697841e+10 2.305089191188e+08 768 7235 3201  9 5 6 6 2.39384480e-04 4.06179652e-04 outputs/V1e25_D100_G8/solution/solution-00074 
 75 5.712469313835e+10 2.309061599317e+08 768 7235 3201  9 5 6 6 2.39092028e-04 4.05266115e-04 outputs/V1e25_D100_G8/solution/solution-00075 
 76 5.735610429721e+10 2.314111588680e+08 768 7235 3201  9 5 6 6 2.38666964e-04 4.04081788e-04 outputs/V1e25_D100_G8/solution/solution-00076 
 77 5.758815954993e+10 2.320552527175e+08 768 7235 3201  9 5 6 6 2.38116220e-04 4.02642016e-04 outputs/V1e25_D100_G8/solution/solution-00077 
 78 5.782101124522e+10 2.328516952926e+08 768 7235 3201  9 5 6 6 2.37446646e-04 4.00962294e-04 outputs/V1e25_D100_G8/solution/solution-00078 
 79 5.805480599583e+10 2.337947506019e+08 768 7235 3201  9 5 6 6 2.36665025e-04 3.99058260e-04 outputs/V1e25_D100_G8/solution/solution-00079 
 80 5.828968488513e+10 2.348788892996e+08 768 7235 3201  9 5 6 6 2.35778074e-04 3.96945640e-04 outputs/V1e25_D100_G8/solution/solution-00080 
 81 5.852578362317e+10 2.360987380500e+08 768 7235 3201  9 5 6 6 2.34792436e-04 3.94731231e-04 outputs/V1e25_D100_G8/solution/solution-00081 
 82 5.876323265558e+10 2.374490324082e+08 768 7235 3201  9 5 6 6 2.33714683e-04 3.92342746e-04 outputs/V1e25_D100_G8/solution/solution-00082 
 83 5.900215722848e+10 2.389245728956e+08 768 7235 3201  9 5 6 6 2.32551312e-04 3.89786293e-04 outputs/V1e25_D100_G8/solution/solution-00083 
 84 5.924267741246e+10 2.405201839775e+08 768 7235 3201  9 5 6 6 2.31308748e-04 3.87077167e-04 outputs/V1e25_D100_G8/solution/solution-00084 
 85 5.948490808818e+10 2.422306757200e+08 768 7235 3201  9 5 6 6 2.29993343e-04 3.84230556e-04 outputs/V1e25_D100_G8/solution/solution-00085 
 86 5.972895889615e+10 2.440508079734e+08 768 7235 3201  9 5 6 6 2.28611375e-04 3.81261490e-04 outputs/V1e25_D100_G8/solution/solution-00086 
 87 5.997493415315e+10 2.459752570004e+08 768 7235 3201  9 5 6 6 2.27169051e-04 3.78184801e-04 outputs/V1e25_D100_G8/solution/solution-00087 
 88 6.022291578546e+10 2.479816323093e+08 768 7235 3201  9 5 6 6 2.25672607e-04 3.75015297e-04 outputs/V1e25_D100_G8/solution/solution-00088 
 89 6.047296466271e+10 2.500488772486e+08 768 7235 3201  9 5 6 6 2.24128311e-04 3.71767718e-04 outputs/V1e25_D100_G8/solution/solution-00089 
 90 6.072517148694e+10 2.522068242368e+08 768 7235 3201  9 5 6 6 2.22542141e-04 3.68456025e-04 outputs/V1e25_D100_G8/solution/solution-00090 
 91 6.097962109746e+10 2.544496105147e+08 768 7235 3201  9 5 6 6 2.20919988e-04 3.65111096e-04 outputs/V1e25_D100_G8/solution/solution-00091 
 92 6.123639225868e+10 2.567711612206e+08 768 7235 3201  9 5 6 6 2.19267654e-04 3.61738422e-04 outputs/V1e25_D100_G8/solution/solution-00092 
 93 6.149555742978e+10 2.591651710962e+08 768 7235 3201  9 5 6 6 2.17590851e-04 3.58337192e-04 outputs/V1e25_D100_G8/solution/solution-00093 
 94 6.175718251938e+10 2.616250896029e+08 768 7235 3201  9 5 6 6 2.15895195e-04 3.54919896e-04 outputs/V1e25_D100_G8/solution/solution-00094 
 95 6.202132662928e+10 2.641441099017e+08 768 7235 3201  9 5 6 6 2.14186202e-04 3.51498577e-04 outputs/V1e25_D100_G8/solution/solution-00095 
 96 6.228804179139e+10 2.667151621093e+08 768 7235 3201  9 5 6 6 2.12469281e-04 3.48084813e-04 outputs/V1e25_D100_G8/solution/solution-00096 
 97 6.255737270263e+10 2.693309112354e+08 768 7235 3201  9 5 6 6 2.10749726e-04 3.44689697e-04 outputs/V1e25_D100_G8/solution/solution-00097 
 98 6.282935646282e+10 2.719837601912e+08 768 7235 3201  9 5 6 6 2.09032712e-04 3.41505909e-04 outputs/V1e25_D100_G8/solution/solution-00098 
 99 6.310384796705e+10 2.744915042360e+08 768 7235 3201  9 5 6 6 2.07324353e-04 3.38561857e-04 outputs/V1e25_D100_G8/solution/solution-00099 
100 6.338072377090e+10 2.768758038503e+08 768 7235 3201  9 5 6 6 2.05630363e-04 3.35655097e-04 outputs/V1e25_D100_G8/solution/solution-00100 
