# 1: Time step number
# 2: Time (years)
# 3: Time step size (years)
# 4: Number of mesh cells
# 5: Number of Stokes degrees of freedom
# 6: Number of temperature degrees of freedom
# 7: Iterations for temperature solver
# 8: Iterations for Stokes solver
# 9: Velocity iterations in Stokes preconditioner
# 10: Schur complement iterations in Stokes preconditioner
# 11: RMS velocity (m/year)
# 12: Max. velocity (m/year)
# 13: Visualization file name
  0 0.000000000000e+00 0.000000000000e+00 768 7235 3201  0 8 9 9 1.20222791e-07 2.06590003e-07 outputs/V3.3e25_D300_G6/solution/solution-00000 
  1 1.392571516413e+09 1.392571516413e+09 768 7235 3201 31 8 9 9 1.16535927e-07 1.97003333e-07 outputs/V3.3e25_D300_G6/solution/solution-00001 
  2 2.785143032825e+09 1.392571516413e+09 768 7235 3201 25 8 9 9 1.13387601e-07 1.92390466e-07 outputs/V3.3e25_D300_G6/solution/solution-00002 
  3 4.177714549238e+09 1.392571516413e+09 768 7235 3201 24 8 9 9 1.10787501e-07 1.88693780e-07 outputs/V3.3e25_D300_G6/solution/solution-00003 
  4 5.570286065650e+09 1.392571516413e+09 768 7235 3201 23 8 9 9 1.08668874e-07 1.85797605e-07 outputs/V3.3e25_D300_G6/solution/solution-00004 
  5 6.962857582063e+09 1.392571516413e+09 768 7235 3201 22 8 9 9 1.06970930e-07 1.83550596e-07 outputs/V3.3e25_D300_G6/solution/solution-00005 
  6 8.355429098476e+09 1.392571516413e+09 768 7235 3201 22 8 9 9 1.05629538e-07 1.81821489e-07 outputs/V3.3e25_D300_G6/solution/solution-00006 
  7 9.748000614888e+09 1.392571516413e+09 768 7235 3201 21 8 9 9 1.04587467e-07 1.80507126e-07 outputs/V3.3e25_D300_G6/solution/solution-00007 
  8 1.114057213130e+10 1.392571516413e+09 768 7235 3201 21 8 9 9 1.03796113e-07 1.79528376e-07 outputs/V3.3e25_D300_G6/solution/solution-00008 
  9 1.253314364771e+10 1.392571516413e+09 768 7235 3201 20 8 9 9 1.03214972e-07 1.78824435e-07 outputs/V3.3e25_D300_G6/solution/solution-00009 
 10 1.392571516413e+10 1.392571516413e+09 768 7235 3201 20 8 9 9 1.02810497e-07 1.78348057e-07 outputs/V3.3e25_D300_G6/solution/solution-00010 
 11 1.531828668054e+10 1.392571516413e+09 768 7235 3201 20 8 9 9 1.02554918e-07 1.78062034e-07 outputs/V3.3e25_D300_G6/solution/solution-00011 
 12 1.671085819695e+10 1.392571516413e+09 768 7235 3201 20 8 9 9 1.02425205e-07 1.77936659e-07 outputs/V3.3e25_D300_G6/solution/solution-00012 
 13 1.810342971336e+10 1.392571516413e+09 768 7235 3201 20 8 9 9 1.02402200e-07 1.77947920e-07 outputs/V3.3e25_D300_G6/solution/solution-00013 
 14 1.949600122978e+10 1.392571516413e+09 768 7235 3201 19 8 9 9 1.02469917e-07 1.78076194e-07 outputs/V3.3e25_D300_G6/solution/solution-00014 
 15 2.088857274619e+10 1.392571516413e+09 768 7235 3201 19 8 9 9 1.02614974e-07 1.78305287e-07 outputs/V3.3e25_D300_G6/solution/solution-00015 
 16 2.228114426260e+10 1.392571516413e+09 768 7235 3201 19 8 9 9 1.02826134e-07 1.78621724e-07 outputs/V3.3e25_D300_G6/solution/solution-00016 
 17 2.367371577901e+10 1.392571516413e+09 768 7235 3201 19 8 9 9 1.03093937e-07 1.79014211e-07 outputs/V3.3e25_D300_G6/solution/solution-00017 
 18 2.506628729543e+10 1.392571516413e+09 768 7235 3201 19 8 9 9 1.03410398e-07 1.79473221e-07 outputs/V3.3e25_D300_G6/solution/solution-00018 
 19 2.645885881184e+10 1.392571516413e+09 768 7235 3201 19 8 9 9 1.03768762e-07 1.79990677e-07 outputs/V3.3e25_D300_G6/solution/solution-00019 
 20 2.785143032825e+10 1.392571516413e+09 768 7235 3201 19 8 9 9 1.04163308e-07 1.80559699e-07 outputs/V3.3e25_D300_G6/solution/solution-00020 
 21 2.924400184466e+10 1.392571516413e+09 768 7235 3201 19 8 9 9 1.04589177e-07 1.81174406e-07 outputs/V3.3e25_D300_G6/solution/solution-00021 
 22 3.063657336108e+10 1.392571516413e+09 768 7235 3201 18 8 9 9 1.05042241e-07 1.81829751e-07 outputs/V3.3e25_D300_G6/solution/solution-00022 
 23 3.202914487749e+10 1.392571516413e+09 768 7235 3201 18 8 9 9 1.05518990e-07 1.82521398e-07 outputs/V3.3e25_D300_G6/solution/solution-00023 
 24 3.342171639390e+10 1.392571516413e+09 768 7235 3201 18 8 9 9 1.06016432e-07 1.83245607e-07 outputs/V3.3e25_D300_G6/solution/solution-00024 
 25 3.481428791032e+10 1.392571516413e+09 768 7235 3201 18 8 9 9 1.06532023e-07 1.83999150e-07 outputs/V3.3e25_D300_G6/solution/solution-00025 
 26 3.620685942673e+10 1.392571516413e+09 768 7235 3201 18 8 9 9 1.07063590e-07 1.84779238e-07 outputs/V3.3e25_D300_G6/solution/solution-00026 
 27 3.759943094314e+10 1.392571516413e+09 768 7235 3201 18 8 9 9 1.07609283e-07 1.85583455e-07 outputs/V3.3e25_D300_G6/solution/solution-00027 
 28 3.899200245955e+10 1.392571516413e+09 768 7235 3201 18 8 9 9 1.08167524e-07 1.86409707e-07 outputs/V3.3e25_D300_G6/solution/solution-00028 
 29 4.038457397597e+10 1.392571516413e+09 768 7235 3201 18 8 9 9 1.08736970e-07 1.87256181e-07 outputs/V3.3e25_D300_G6/solution/solution-00029 
 30 4.177714549238e+10 1.392571516413e+09 768 7235 3201 18 8 9 9 1.09316474e-07 1.88121303e-07 outputs/V3.3e25_D300_G6/solution/solution-00030 
 31 4.316971700879e+10 1.392571516413e+09 768 7235 3201 18 8 9 9 1.09905059e-07 1.89003707e-07 outputs/V3.3e25_D300_G6/solution/solution-00031 
 32 4.456228852520e+10 1.392571516413e+09 768 7235 3201 18 8 9 9 1.10501896e-07 1.89902206e-07 outputs/V3.3e25_D300_G6/solution/solution-00032 
 33 4.595486004162e+10 1.392571516413e+09 768 7235 3201 18 8 9 9 1.11106278e-07 1.90815769e-07 outputs/V3.3e25_D300_G6/solution/solution-00033 
 34 4.734743155803e+10 1.392571516413e+09 768 7235 3201 18 8 9 9 1.11717603e-07 1.91743503e-07 outputs/V3.3e25_D300_G6/solution/solution-00034 
 35 4.874000307444e+10 1.392571516413e+09 768 7235 3201 18 8 9 9 1.12335364e-07 1.92684628e-07 outputs/V3.3e25_D300_G6/solution/solution-00035 
 36 5.013257459085e+10 1.392571516413e+09 768 7235 3201 18 8 9 9 1.12959127e-07 1.93638469e-07 outputs/V3.3e25_D300_G6/solution/solution-00036 
 37 5.152514610727e+10 1.392571516413e+09 768 7235 3201 18 8 9 9 1.13588529e-07 1.94604437e-07 outputs/V3.3e25_D300_G6/solution/solution-00037 
 38 5.291771762368e+10 1.392571516413e+09 768 7235 3201 17 8 9 9 1.14223262e-07 1.95582022e-07 outputs/V3.3e25_D300_G6/solution/solution-00038 
 39 5.431028914009e+10 1.392571516413e+09 768 7235 3201 17 8 9 9 1.14863066e-07 1.96570780e-07 outputs/V3.3e25_D300_G6/solution/solution-00039 
 40 5.570286065650e+10 1.392571516413e+09 768 7235 3201 17 8 9 9 1.15507725e-07 1.97570323e-07 outputs/V3.3e25_D300_G6/solution/solution-00040 
 41 5.709543217292e+10 1.392571516413e+09 768 7235 3201 17 8 9 9 1.16157056e-07 1.98580316e-07 outputs/V3.3e25_D300_G6/solution/solution-00041 
 42 5.848800368933e+10 1.392571516413e+09 768 7235 3201 17 8 9 9 1.16810909e-07 1.99600465e-07 outputs/V3.3e25_D300_G6/solution/solution-00042 
 43 5.988057520574e+10 1.392571516413e+09 768 7235 3201 17 8 9 9 1.17469160e-07 2.00630516e-07 outputs/V3.3e25_D300_G6/solution/solution-00043 
 44 6.127314672215e+10 1.392571516413e+09 768 7235 3201 17 8 9 9 1.18131706e-07 2.01670248e-07 outputs/V3.3e25_D300_G6/solution/solution-00044 
 45 6.266571823857e+10 1.392571516413e+09 768 7235 3201 17 8 9 9 1.18798464e-07 2.02719468e-07 outputs/V3.3e25_D300_G6/solution/solution-00045 
 46 6.405828975498e+10 1.392571516413e+09 768 7235 3201 17 8 9 9 1.19469367e-07 2.03778009e-07 outputs/V3.3e25_D300_G6/solution/solution-00046 
 47 6.545086127139e+10 1.392571516413e+09 768 7235 3201 17 8 9 9 1.20144362e-07 2.04845723e-07 outputs/V3.3e25_D300_G6/solution/solution-00047 
 48 6.684343278781e+10 1.392571516413e+09 768 7235 3201 17 8 9 9 1.20823410e-07 2.05922485e-07 outputs/V3.3e25_D300_G6/solution/solution-00048 
 49 6.823600430422e+10 1.392571516413e+09 768 7235 3201 17 8 9 9 1.21506478e-07 2.07008183e-07 outputs/V3.3e25_D300_G6/solution/solution-00049 
 50 6.962857582063e+10 1.392571516413e+09 768 7235 3201 17 8 9 9 1.22193545e-07 2.08102723e-07 outputs/V3.3e25_D300_G6/solution/solution-00050 
 51 7.102114733704e+10 1.392571516413e+09 768 7235 3201 17 7 8 8 1.22884596e-07 2.09206021e-07 outputs/V3.3e25_D300_G6/solution/solution-00051 
 52 7.241371885346e+10 1.392571516413e+09 768 7235 3201 17 7 8 8 1.23579624e-07 2.10318005e-07 outputs/V3.3e25_D300_G6/solution/solution-00052 
 53 7.380629036987e+10 1.392571516413e+09 768 7235 3201 17 7 8 8 1.24278624e-07 2.11438612e-07 outputs/V3.3e25_D300_G6/solution/solution-00053 
 54 7.519886188628e+10 1.392571516413e+09 768 7235 3201 17 7 8 8 1.24981600e-07 2.12567789e-07 outputs/V3.3e25_D300_G6/solution/solution-00054 
 55 7.659143340269e+10 1.392571516413e+09 768 7235 3201 17 7 8 8 1.25688555e-07 2.13705490e-07 outputs/V3.3e25_D300_G6/solution/solution-00055 
 56 7.798400491911e+10 1.392571516413e+09 768 7235 3201 17 7 8 8 1.26399500e-07 2.14851674e-07 outputs/V3.3e25_D300_G6/solution/solution-00056 
 57 7.937657643552e+10 1.392571516413e+09 768 7235 3201 17 7 8 8 1.27114445e-07 2.16006309e-07 outputs/V3.3e25_D300_G6/solution/solution-00057 
 58 8.076914795193e+10 1.392571516413e+09 768 7235 3201 17 7 8 8 1.27833405e-07 2.17169365e-07 outputs/V3.3e25_D300_G6/solution/solution-00058 
 59 8.216171946834e+10 1.392571516413e+09 768 7235 3201 17 7 8 8 1.28556395e-07 2.18340819e-07 outputs/V3.3e25_D300_G6/solution/solution-00059 
 60 8.355429098476e+10 1.392571516413e+09 768 7235 3201 17 7 8 8 1.29283434e-07 2.19520651e-07 outputs/V3.3e25_D300_G6/solution/solution-00060 
 61 8.494686250117e+10 1.392571516413e+09 768 7235 3201 17 7 8 8 1.30014540e-07 2.20708846e-07 outputs/V3.3e25_D300_G6/solution/solution-00061 
 62 8.633943401758e+10 1.392571516413e+09 768 7235 3201 17 7 8 8 1.30749734e-07 2.21905389e-07 outputs/V3.3e25_D300_G6/solution/solution-00062 
 63 8.773200553399e+10 1.392571516413e+09 768 7235 3201 16 7 8 8 1.31489036e-07 2.23110273e-07 outputs/V3.3e25_D300_G6/solution/solution-00063 
 64 8.912457705041e+10 1.392571516413e+09 768 7235 3201 16 7 8 8 1.32232470e-07 2.24323490e-07 outputs/V3.3e25_D300_G6/solution/solution-00064 
 65 9.051714856682e+10 1.392571516413e+09 768 7235 3201 16 7 8 8 1.32980059e-07 2.25545037e-07 outputs/V3.3e25_D300_G6/solution/solution-00065 
 66 9.190972008323e+10 1.392571516413e+09 768 7235 3201 16 7 8 8 1.33731825e-07 2.26774910e-07 outputs/V3.3e25_D300_G6/solution/solution-00066 
 67 9.330229159964e+10 1.392571516413e+09 768 7235 3201 16 7 8 8 1.34487793e-07 2.28013110e-07 outputs/V3.3e25_D300_G6/solution/solution-00067 
 68 9.469486311606e+10 1.392571516413e+09 768 7235 3201 16 7 8 8 1.35247987e-07 2.29259639e-07 outputs/V3.3e25_D300_G6/solution/solution-00068 
 69 9.608743463247e+10 1.392571516413e+09 768 7235 3201 16 7 8 8 1.36012433e-07 2.30514501e-07 outputs/V3.3e25_D300_G6/solution/solution-00069 
 70 9.748000614888e+10 1.392571516413e+09 768 7235 3201 16 7 8 8 1.36781155e-07 2.31777702e-07 outputs/V3.3e25_D300_G6/solution/solution-00070 
 71 9.887257766530e+10 1.392571516413e+09 768 7235 3201 16 7 8 8 1.37554180e-07 2.33049249e-07 outputs/V3.3e25_D300_G6/solution/solution-00071 
 72 1.002651491817e+11 1.392571516413e+09 768 7235 3201 16 7 8 8 1.38331533e-07 2.34329150e-07 outputs/V3.3e25_D300_G6/solution/solution-00072 
 73 1.016577206981e+11 1.392571516413e+09 768 7235 3201 16 7 8 8 1.39113239e-07 2.35617417e-07 outputs/V3.3e25_D300_G6/solution/solution-00073 
 74 1.030502922145e+11 1.392571516413e+09 768 7235 3201 16 7 8 8 1.39899326e-07 2.36914060e-07 outputs/V3.3e25_D300_G6/solution/solution-00074 
 75 1.044428637309e+11 1.392571516413e+09 768 7235 3201 16 7 8 8 1.40689819e-07 2.38219092e-07 outputs/V3.3e25_D300_G6/solution/solution-00075 
 76 1.058354352474e+11 1.392571516413e+09 768 7235 3201 16 7 8 8 1.41484745e-07 2.39532527e-07 outputs/V3.3e25_D300_G6/solution/solution-00076 
 77 1.072280067638e+11 1.392571516413e+09 768 7235 3201 16 7 8 8 1.42284131e-07 2.40854380e-07 outputs/V3.3e25_D300_G6/solution/solution-00077 
 78 1.086205782802e+11 1.392571516413e+09 768 7235 3201 16 7 8 8 1.43088002e-07 2.42184669e-07 outputs/V3.3e25_D300_G6/solution/solution-00078 
 79 1.100131497966e+11 1.392571516413e+09 768 7235 3201 16 7 8 8 1.43896387e-07 2.43523409e-07 outputs/V3.3e25_D300_G6/solution/solution-00079 
 80 1.114057213130e+11 1.392571516413e+09 768 7235 3201 16 7 8 8 1.44709311e-07 2.44870620e-07 outputs/V3.3e25_D300_G6/solution/solution-00080 
 81 1.127982928294e+11 1.392571516413e+09 768 7235 3201 16 7 8 8 1.45526803e-07 2.46226322e-07 outputs/V3.3e25_D300_G6/solution/solution-00081 
 82 1.141908643458e+11 1.392571516413e+09 768 7235 3201 16 7 8 8 1.46348889e-07 2.47590534e-07 outputs/V3.3e25_D300_G6/solution/solution-00082 
 83 1.155834358622e+11 1.392571516413e+09 768 7235 3201 16 7 8 8 1.47175595e-07 2.48963278e-07 outputs/V3.3e25_D300_G6/solution/solution-00083 
 84 1.169760073787e+11 1.392571516413e+09 768 7235 3201 16 7 8 8 1.48006951e-07 2.50344576e-07 outputs/V3.3e25_D300_G6/solution/solution-00084 
 85 1.183685788951e+11 1.392571516413e+09 768 7235 3201 16 7 8 8 1.48842983e-07 2.51734453e-07 outputs/V3.3e25_D300_G6/solution/solution-00085 
 86 1.197611504115e+11 1.392571516413e+09 768 7235 3201 16 7 8 8 1.49683718e-07 2.53132932e-07 outputs/V3.3e25_D300_G6/solution/solution-00086 
 87 1.211537219279e+11 1.392571516413e+09 768 7235 3201 16 7 8 8 1.50529184e-07 2.54540038e-07 outputs/V3.3e25_D300_G6/solution/solution-00087 
 88 1.225462934443e+11 1.392571516413e+09 768 7235 3201 15 7 8 8 1.51379409e-07 2.55955797e-07 outputs/V3.3e25_D300_G6/solution/solution-00088 
 89 1.239388649607e+11 1.392571516413e+09 768 7235 3201 15 7 8 8 1.52234421e-07 2.57380237e-07 outputs/V3.3e25_D300_G6/solution/solution-00089 
 90 1.253314364771e+11 1.392571516413e+09 768 7235 3201 15 7 8 8 1.53094248e-07 2.58813384e-07 outputs/V3.3e25_D300_G6/solution/solution-00090 
 91 1.267240079935e+11 1.392571516413e+09 768 7235 3201 15 7 8 8 1.53958917e-07 2.60255267e-07 outputs/V3.3e25_D300_G6/solution/solution-00091 
 92 1.281165795100e+11 1.392571516413e+09 768 7235 3201 15 7 8 8 1.54828456e-07 2.61705915e-07 outputs/V3.3e25_D300_G6/solution/solution-00092 
 93 1.295091510264e+11 1.392571516413e+09 768 7235 3201 15 6 7 7 1.55702895e-07 2.63165359e-07 outputs/V3.3e25_D300_G6/solution/solution-00093 
 94 1.309017225428e+11 1.392571516413e+09 768 7235 3201 15 6 7 7 1.56582262e-07 2.64633628e-07 outputs/V3.3e25_D300_G6/solution/solution-00094 
 95 1.322942940592e+11 1.392571516413e+09 768 7235 3201 15 6 7 7 1.57466584e-07 2.66110755e-07 outputs/V3.3e25_D300_G6/solution/solution-00095 
 96 1.336868655756e+11 1.392571516413e+09 768 7235 3201 15 6 7 7 1.58355890e-07 2.67596772e-07 outputs/V3.3e25_D300_G6/solution/solution-00096 
 97 1.350794370920e+11 1.392571516413e+09 768 7235 3201 15 6 7 7 1.59250210e-07 2.69091711e-07 outputs/V3.3e25_D300_G6/solution/solution-00097 
 98 1.364720086084e+11 1.392571516413e+09 768 7235 3201 15 6 7 7 1.60149572e-07 2.70595607e-07 outputs/V3.3e25_D300_G6/solution/solution-00098 
 99 1.378645801248e+11 1.392571516413e+09 768 7235 3201 15 6 7 7 1.61054004e-07 2.72108493e-07 outputs/V3.3e25_D300_G6/solution/solution-00099 
100 1.392571516413e+11 1.392571516413e+09 768 7235 3201 15 6 7 7 1.61963537e-07 2.73630405e-07 outputs/V3.3e25_D300_G6/solution/solution-00100 
