# 1: Time step number
# 2: Time (years)
# 3: Time step size (years)
# 4: Number of mesh cells
# 5: Number of Stokes degrees of freedom
# 6: Number of temperature degrees of freedom
# 7: Iterations for temperature solver
# 8: Iterations for Stokes solver
# 9: Velocity iterations in Stokes preconditioner
# 10: Schur complement iterations in Stokes preconditioner
# 11: RMS velocity (m/year)
# 12: Max. velocity (m/year)
# 13: Visualization file name
  0 0.000000000000e+00 0.000000000000e+00 768 7235 3201  0 8 9 9 1.32429294e-06 2.32857974e-06 outputs/V1e24_D100_G2/solution/solution-00000 
  1 1.392571516413e+09 1.392571516413e+09 768 7235 3201 32 8 9 9 1.43442496e-06 2.49385146e-06 outputs/V1e24_D100_G2/solution/solution-00001 
  2 2.785143032825e+09 1.392571516413e+09 768 7235 3201 25 8 9 9 1.64301596e-06 2.96614430e-06 outputs/V1e24_D100_G2/solution/solution-00002 
  3 4.177714549238e+09 1.392571516413e+09 768 7235 3201 24 8 9 9 2.00475978e-06 3.74631369e-06 outputs/V1e24_D100_G2/solution/solution-00003 
  4 5.570286065650e+09 1.392571516413e+09 768 7235 3201 23 8 9 9 2.59521704e-06 4.97436907e-06 outputs/V1e24_D100_G2/solution/solution-00004 
  5 6.962857582063e+09 1.392571516413e+09 768 7235 3201 23 8 9 9 3.53303107e-06 6.87384204e-06 outputs/V1e24_D100_G2/solution/solution-00005 
  6 8.355429098476e+09 1.392571516413e+09 768 7235 3201 22 8 9 9 5.00977088e-06 9.80821066e-06 outputs/V1e24_D100_G2/solution/solution-00006 
  7 9.748000614888e+09 1.392571516413e+09 768 7235 3201 21 8 9 9 7.33784972e-06 1.43685921e-05 outputs/V1e24_D100_G2/solution/solution-00007 
  8 1.114057213130e+10 1.392571516413e+09 768 7235 3201 21 8 9 9 1.10290406e-05 2.15221489e-05 outputs/V1e24_D100_G2/solution/solution-00008 
  9 1.253314364771e+10 1.392571516413e+09 768 7235 3201 21 8 9 9 1.69250016e-05 3.28468467e-05 outputs/V1e24_D100_G2/solution/solution-00009 
 10 1.392571516413e+10 1.392571516413e+09 768 7235 3201 21 8 9 9 2.64153962e-05 5.09251710e-05 outputs/V1e24_D100_G2/solution/solution-00010 
 11 1.531828668054e+10 1.392571516413e+09 768 7235 3201 22 8 9 9 4.18021364e-05 8.00417533e-05 outputs/V1e24_D100_G2/solution/solution-00011 
 12 1.648947882614e+10 1.171192145603e+09 768 7235 3201 21 7 8 8 6.24046004e-05 1.18833700e-04 outputs/V1e24_D100_G2/solution/solution-00012 
 13 1.727850039154e+10 7.890215653982e+08 768 7235 3201 18 7 8 8 8.28244345e-05 1.57190494e-04 outputs/V1e24_D100_G2/solution/solution-00013 
 14 1.787491050303e+10 5.964101114882e+08 768 7235 3201 15 7 8 8 1.03352799e-04 1.95676282e-04 outputs/V1e24_D100_G2/solution/solution-00014 
 15 1.835423417439e+10 4.793236713597e+08 768 7235 3201 14 6 7 7 1.23964563e-04 2.34136968e-04 outputs/V1e24_D100_G2/solution/solution-00015 
 16 1.875448233180e+10 4.002481574131e+08 768 7235 3201 13 6 7 7 1.44589464e-04 2.72709695e-04 outputs/V1e24_D100_G2/solution/solution-00016 
 17 1.909835508012e+10 3.438727483236e+08 768 7235 3201 12 6 7 7 1.65203745e-04 3.11022541e-04 outputs/V1e24_D100_G2/solution/solution-00017 
 18 1.939978017866e+10 3.014250985351e+08 768 7235 3201 11 6 7 7 1.85762080e-04 3.49183592e-04 outputs/V1e24_D100_G2/solution/solution-00018 
 19 1.966826358427e+10 2.684834056059e+08 768 7235 3201 11 6 7 7 2.06231017e-04 3.86977257e-04 outputs/V1e24_D100_G2/solution/solution-00019 
 20 1.991062462028e+10 2.423610360176e+08 768 7235 3201 10 6 7 7 2.26586346e-04 4.24367541e-04 outputs/V1e24_D100_G2/solution/solution-00020 
 21 2.013157230620e+10 2.209476859145e+08 768 7235 3201 10 6 7 7 2.46775153e-04 4.61043991e-04 outputs/V1e24_D100_G2/solution/solution-00021 
 22 2.033481210564e+10 2.032397994381e+08 768 7235 3201 10 6 7 7 2.66756198e-04 4.97494284e-04 outputs/V1e24_D100_G2/solution/solution-00022 
 23 2.052327169226e+10 1.884595866242e+08 768 7235 3201 10 6 7 7 2.86491640e-04 5.33091113e-04 outputs/V1e24_D100_G2/solution/solution-00023 
 24 2.069924221695e+10 1.759705246887e+08 768 7235 3201  9 6 7 7 3.05938056e-04 5.67751746e-04 outputs/V1e24_D100_G2/solution/solution-00024 
 25 2.086436720456e+10 1.651249876121e+08 768 7235 3201  9 6 7 7 3.25025645e-04 6.01661862e-04 outputs/V1e24_D100_G2/solution/solution-00025 
 26 2.102018562350e+10 1.558184189367e+08 768 7235 3201  9 6 7 7 3.43707124e-04 6.34396044e-04 outputs/V1e24_D100_G2/solution/solution-00026 
 27 2.116796397242e+10 1.477783489183e+08 768 7235 3201  9 6 7 7 3.61932673e-04 6.65958730e-04 outputs/V1e24_D100_G2/solution/solution-00027 
 28 2.130875835734e+10 1.407943849199e+08 768 7235 3201  9 6 7 7 3.79650828e-04 6.96441641e-04 outputs/V1e24_D100_G2/solution/solution-00028 
 29 2.144345988101e+10 1.347015236771e+08 768 7235 3201  9 6 7 7 3.96809364e-04 7.25499047e-04 outputs/V1e24_D100_G2/solution/solution-00029 
 30 2.157273534124e+10 1.292754602303e+08 768 7235 3201  9 6 7 7 4.13344325e-04 7.53035161e-04 outputs/V1e24_D100_G2/solution/solution-00030 
 31 2.169723881755e+10 1.245034763094e+08 768 7235 3201  9 6 7 7 4.29204923e-04 7.78983337e-04 outputs/V1e24_D100_G2/solution/solution-00031 
 32 2.181755516108e+10 1.203163435286e+08 768 7235 3201  9 6 7 7 4.44344905e-04 8.03289899e-04 outputs/V1e24_D100_G2/solution/solution-00032 
 33 2.193419544680e+10 1.166402857190e+08 768 7235 3201  9 6 7 7 4.58720713e-04 8.26342643e-04 outputs/V1e24_D100_G2/solution/solution-00033 
 34 2.204760978164e+10 1.134143348417e+08 768 7235 3201  9 6 7 7 4.72292221e-04 8.47681516e-04 outputs/V1e24_D100_G2/solution/solution-00034 
 35 2.215819748229e+10 1.105877006479e+08 768 7235 3201  9 6 7 7 4.85023394e-04 8.67247480e-04 outputs/V1e24_D100_G2/solution/solution-00035 
 36 2.226631524670e+10 1.081177644066e+08 768 7235 3201  9 6 7 7 4.96882866e-04 8.85020143e-04 outputs/V1e24_D100_G2/solution/solution-00036 
 37 2.237228377664e+10 1.059685299408e+08 768 7235 3201  9 6 7 7 5.07844421e-04 9.00989434e-04 outputs/V1e24_D100_G2/solution/solution-00037 
 38 2.247639319125e+10 1.041094146084e+08 768 7235 3201  9 6 7 7 5.17887363e-04 9.15155459e-04 outputs/V1e24_D100_G2/solution/solution-00038 
 39 2.257890621944e+10 1.025130281923e+08 768 7235 3201  9 6 7 7 5.26996682e-04 9.27528083e-04 outputs/V1e24_D100_G2/solution/solution-00039 
 40 2.268003295116e+10 1.011267317255e+08 768 7235 3201  9 6 7 7 5.35161040e-04 9.38123847e-04 outputs/V1e24_D100_G2/solution/solution-00040 
 41 2.278000144831e+10 9.996849714683e+07 768 7235 3201  9 5 6 6 5.42378714e-04 9.46973373e-04 outputs/V1e24_D100_G2/solution/solution-00041 
 42 2.287902229545e+10 9.902084713768e+07 768 7235 3201  9 5 6 6 5.48653683e-04 9.55027009e-04 outputs/V1e24_D100_G2/solution/solution-00042 
 43 2.297718848849e+10 9.816619303862e+07 768 7235 3201  9 5 6 6 5.53990371e-04 9.68088428e-04 outputs/V1e24_D100_G2/solution/solution-00043 
 44 2.307402881557e+10 9.684032708422e+07 768 7235 3201  9 5 6 6 5.58379683e-04 9.79167231e-04 outputs/V1e24_D100_G2/solution/solution-00044 
 45 2.316977344120e+10 9.574462562642e+07 768 7235 3201  9 5 6 6 5.61863437e-04 9.88261863e-04 outputs/V1e24_D100_G2/solution/solution-00045 
 46 2.326463696221e+10 9.486352101549e+07 768 7235 3201  9 5 6 6 5.64484866e-04 9.95393091e-04 outputs/V1e24_D100_G2/solution/solution-00046 
 47 2.335882085883e+10 9.418389661735e+07 768 7235 3201  9 5 6 6 5.66288007e-04 1.00059005e-03 outputs/V1e24_D100_G2/solution/solution-00047 
 48 2.345251557467e+10 9.369471583733e+07 768 7235 3201  9 5 6 6 5.67317165e-04 1.00415747e-03 outputs/V1e24_D100_G2/solution/solution-00048 
 49 2.354590228740e+10 9.338671272774e+07 768 7235 3201  9 5 6 6 5.67616452e-04 1.00605056e-03 outputs/V1e24_D100_G2/solution/solution-00049 
 50 2.363914249677e+10 9.324020937625e+07 768 7235 3201  9 5 6 6 5.67229486e-04 1.00616322e-03 outputs/V1e24_D100_G2/solution/solution-00050 
 51 2.373233641512e+10 9.319391834947e+07 768 7235 3201  9 5 6 6 5.66200087e-04 1.00455167e-03 outputs/V1e24_D100_G2/solution/solution-00051 
 52 2.382564281156e+10 9.330639643824e+07 768 7235 3201  9 5 6 6 5.64571229e-04 1.00150836e-03 outputs/V1e24_D100_G2/solution/solution-00052 
 53 2.391921609098e+10 9.357327941989e+07 768 7235 3201  9 6 7 7 5.62384383e-04 9.97484276e-04 outputs/V1e24_D100_G2/solution/solution-00053 
 54 2.401320709476e+10 9.399100378608e+07 768 7235 3201  9 6 7 7 5.59679358e-04 9.91942888e-04 outputs/V1e24_D100_G2/solution/solution-00054 
 55 2.410776377442e+10 9.455667965460e+07 768 7235 3201  9 6 7 7 5.56494196e-04 9.84956878e-04 outputs/V1e24_D100_G2/solution/solution-00055 
 56 2.420295987092e+10 9.519609649847e+07 768 7235 3201  9 6 7 7 5.52867996e-04 9.77007878e-04 outputs/V1e24_D100_G2/solution/solution-00056 
 57 2.429891610844e+10 9.595623752228e+07 768 7235 3201  9 6 7 7 5.48836940e-04 9.67914544e-04                                            "" 
 58 2.439577383273e+10 9.685772429004e+07 768 7235 3201  9 6 7 7 5.44434445e-04 9.57847423e-04 outputs/V1e24_D100_G2/solution/solution-00057 
 59 2.449367333187e+10 9.789949913589e+07 768 7235 3201  9 6 7 7 5.39691907e-04 9.46947934e-04 outputs/V1e24_D100_G2/solution/solution-00058 
 60 2.459269829847e+10 9.902496660758e+07 768 7235 3201  9 6 7 7 5.34641664e-04 9.34995301e-04 outputs/V1e24_D100_G2/solution/solution-00059 
 61 2.469294338034e+10 1.002450818613e+08 768 7235 3201  9 6 7 7 5.29313991e-04 9.22647300e-04 outputs/V1e24_D100_G2/solution/solution-00060 
 62 2.479454750566e+10 1.016041253257e+08 768 7235 3201  9 6 7 7 5.23735065e-04 9.09646931e-04 outputs/V1e24_D100_G2/solution/solution-00061 
 63 2.489764937454e+10 1.031018688828e+08 768 7235 3201  9 6 7 7 5.17929188e-04 8.95891464e-04 outputs/V1e24_D100_G2/solution/solution-00062 
 64 2.500229374700e+10 1.046443724541e+08 768 7235 3201  9 6 7 7 5.11924331e-04 8.81782734e-04 outputs/V1e24_D100_G2/solution/solution-00063 
 65 2.510861245389e+10 1.063187068959e+08 768 7235 3201  9 6 7 7 5.05742010e-04 8.67677469e-04 outputs/V1e24_D100_G2/solution/solution-00064 
 66 2.521669695422e+10 1.080845003225e+08 768 7235 3201  9 6 7 7 4.99404498e-04 8.57112552e-04 outputs/V1e24_D100_G2/solution/solution-00065 
 67 2.532612525437e+10 1.094283001579e+08 768 7235 3201  9 6 7 7 4.92962809e-04 8.46488343e-04 outputs/V1e24_D100_G2/solution/solution-00066 
 68 2.543693854010e+10 1.108132857236e+08 768 7235 3201  9 6 7 7 4.86439134e-04 8.35850961e-04 outputs/V1e24_D100_G2/solution/solution-00067 
 69 2.554917367150e+10 1.122351314002e+08 768 7235 3201  8 5 6 6 4.79853962e-04 8.25242544e-04 outputs/V1e24_D100_G2/solution/solution-00068 
 70 2.566286319803e+10 1.136895265273e+08 768 7235 3201  8 5 6 6 4.73226167e-04 8.14701321e-04 outputs/V1e24_D100_G2/solution/solution-00069 
 71 2.577803538133e+10 1.151721833069e+08 768 7235 3201  8 5 6 6 4.66573110e-04 8.04261707e-04 outputs/V1e24_D100_G2/solution/solution-00070 
 72 2.589471422785e+10 1.166788465136e+08 768 7235 3201  8 5 6 6 4.59910754e-04 7.93954442e-04 outputs/V1e24_D100_G2/solution/solution-00071 
 73 2.601291953182e+10 1.182053039769e+08 768 7235 3201  8 5 6 6 4.53253785e-04 7.83806737e-04 outputs/V1e24_D100_G2/solution/solution-00072 
 74 2.613266693156e+10 1.197473997361e+08 768 7235 3201  8 5 6 6 4.46615731e-04 7.73842435e-04 outputs/V1e24_D100_G2/solution/solution-00073 
 75 2.625394506561e+10 1.212781340512e+08 768 7235 3201  8 5 6 6 4.40010314e-04 7.64083987e-04 outputs/V1e24_D100_G2/solution/solution-00074 
 76 2.637675757434e+10 1.228125087280e+08 768 7235 3201  8 5 6 6 4.33449229e-04 7.54549114e-04 outputs/V1e24_D100_G2/solution/solution-00075 
 77 2.650110752566e+10 1.243499513251e+08 768 7235 3201  8 5 6 6 4.26943151e-04 7.45252407e-04 outputs/V1e24_D100_G2/solution/solution-00076 
 78 2.662699427742e+10 1.258867517606e+08 768 7235 3201  8 5 6 6 4.20502021e-04 7.36205793e-04 outputs/V1e24_D100_G2/solution/solution-00077 
 79 2.675441363050e+10 1.274193530744e+08 768 7235 3201  8 5 6 6 4.14135129e-04 7.27418728e-04 outputs/V1e24_D100_G2/solution/solution-00078 
 80 2.688335799748e+10 1.289443669801e+08 768 7235 3201  8 5 6 6 4.07851191e-04 7.18898394e-04 outputs/V1e24_D100_G2/solution/solution-00079 
 81 2.701381658555e+10 1.304585880726e+08 768 7235 3201  8 5 6 6 4.01658412e-04 7.10649885e-04 outputs/V1e24_D100_G2/solution/solution-00080 
 82 2.714577559193e+10 1.319590063837e+08 768 7235 3201  8 5 6 6 3.95564533e-04 7.02676398e-04 outputs/V1e24_D100_G2/solution/solution-00081 
 83 2.727921840997e+10 1.334428180388e+08 768 7235 3201  8 5 6 6 3.89576871e-04 6.94979415e-04 outputs/V1e24_D100_G2/solution/solution-00082 
 84 2.741412584381e+10 1.349074338381e+08 768 7235 3201  8 5 6 6 3.83702341e-04 6.87566308e-04 outputs/V1e24_D100_G2/solution/solution-00083 
 85 2.755047632947e+10 1.363504856607e+08 768 7235 3201  8 5 6 6 3.77947471e-04 6.80482799e-04 outputs/V1e24_D100_G2/solution/solution-00084 
 86 2.768824616013e+10 1.377698306574e+08 768 7235 3201  8 5 6 6 3.72318401e-04 6.73667766e-04 outputs/V1e24_D100_G2/solution/solution-00085 
 87 2.782740971339e+10 1.391635532609e+08 768 7235 3201  8 5 6 6 3.66820880e-04 6.67117507e-04 outputs/V1e24_D100_G2/solution/solution-00086 
 88 2.796793967848e+10 1.405299650931e+08 768 7235 3201  8 5 6 6 3.61460252e-04 6.60827406e-04 outputs/V1e24_D100_G2/solution/solution-00087 
 89 2.810980728137e+10 1.418676028845e+08 768 7235 3201  8 5 6 6 3.56241437e-04 6.54792058e-04 outputs/V1e24_D100_G2/solution/solution-00088 
 90 2.825298250592e+10 1.431752245501e+08 768 7235 3201  8 5 6 6 3.51168912e-04 6.49005396e-04 outputs/V1e24_D100_G2/solution/solution-00089 
 91 2.839743430950e+10 1.444518035773e+08 768 7235 3201  8 5 6 6 3.46246689e-04 6.43460796e-04 outputs/V1e24_D100_G2/solution/solution-00090 
 92 2.854313083138e+10 1.456965218861e+08 768 7235 3201  8 5 6 6 3.41478294e-04 6.38151184e-04 outputs/V1e24_D100_G2/solution/solution-00091 
 93 2.869003959270e+10 1.469087613182e+08 768 7235 3201  8 5 6 6 3.36866746e-04 6.33069125e-04 outputs/V1e24_D100_G2/solution/solution-00092 
 94 2.883812768660e+10 1.480880939037e+08 768 7235 3201  8 5 6 6 3.32414548e-04 6.28206908e-04 outputs/V1e24_D100_G2/solution/solution-00093 
 95 2.898736195764e+10 1.492342710410e+08 768 7235 3201  8 5 6 6 3.28123677e-04 6.23556626e-04 outputs/V1e24_D100_G2/solution/solution-00094 
 96 2.913770916936e+10 1.503472117183e+08 768 7235 3201  8 5 6 6 3.23995581e-04 6.19110240e-04 outputs/V1e24_D100_G2/solution/solution-00095 
 97 2.928913615926e+10 1.514269898922e+08 768 7235 3201  8 5 6 6 3.20031186e-04 6.14859648e-04 outputs/V1e24_D100_G2/solution/solution-00096 
 98 2.944160998039e+10 1.524738211381e+08 768 7235 3201  8 5 6 6 3.16230908e-04 6.10796742e-04 outputs/V1e24_D100_G2/solution/solution-00097 
 99 2.959509802907e+10 1.534880486807e+08 768 7235 3201  8 5 6 6 3.12594672e-04 6.06913457e-04 outputs/V1e24_D100_G2/solution/solution-00098 
100 2.974956815799e+10 1.544701289181e+08 768 7235 3201  8 5 6 6 3.09121939e-04 6.03201828e-04 outputs/V1e24_D100_G2/solution/solution-00099 
