# 1: Time step number
# 2: Time (years)
# 3: Time step size (years)
# 4: Number of mesh cells
# 5: Number of Stokes degrees of freedom
# 6: Number of temperature degrees of freedom
# 7: Iterations for temperature solver
# 8: Iterations for Stokes solver
# 9: Velocity iterations in Stokes preconditioner
# 10: Schur complement iterations in Stokes preconditioner
# 11: RMS velocity (m/year)
# 12: Max. velocity (m/year)
# 13: Visualization file name
  0 0.000000000000e+00 0.000000000000e+00 768 7235 3201  0 8 9 9 1.99943150e-08 3.37330898e-08 outputs/V3.3e26_D1000_G10/solution/solution-00000 
  1 1.392571516413e+09 1.392571516413e+09 768 7235 3201 19 6 7 7 1.91558015e-08 3.23184052e-08 outputs/V3.3e26_D1000_G10/solution/solution-00001 
  2 2.785143032825e+09 1.392571516413e+09 768 7235 3201 12 5 6 6 1.83357618e-08 3.09348884e-08 outputs/V3.3e26_D1000_G10/solution/solution-00002 
  3 4.177714549238e+09 1.392571516413e+09 768 7235 3201 13 5 6 6 1.75451106e-08 2.96009537e-08 outputs/V3.3e26_D1000_G10/solution/solution-00003 
  4 5.570286065650e+09 1.392571516413e+09 768 7235 3201 13 5 6 6 1.67865931e-08 2.83212330e-08 outputs/V3.3e26_D1000_G10/solution/solution-00004 
  5 6.962857582063e+09 1.392571516413e+09 768 7235 3201 13 5 6 6 1.60601962e-08 2.70957040e-08 outputs/V3.3e26_D1000_G10/solution/solution-00005 
  6 8.355429098476e+09 1.392571516413e+09 768 7235 3201 13 5 6 6 1.53650017e-08 2.59228178e-08 outputs/V3.3e26_D1000_G10/solution/solution-00006 
  7 9.748000614888e+09 1.392571516413e+09 768 7235 3201 13 5 6 6 1.46998210e-08 2.48005687e-08 outputs/V3.3e26_D1000_G10/solution/solution-00007 
  8 1.114057213130e+10 1.392571516413e+09 768 7235 3201 13 5 6 6 1.40634101e-08 2.37268582e-08 outputs/V3.3e26_D1000_G10/solution/solution-00008 
  9 1.253314364771e+10 1.392571516413e+09 768 7235 3201 13 5 6 6 1.34545426e-08 2.26996171e-08 outputs/V3.3e26_D1000_G10/solution/solution-00009 
 10 1.392571516413e+10 1.392571516413e+09 768 7235 3201 13 5 6 6 1.28720324e-08 2.17168443e-08 outputs/V3.3e26_D1000_G10/solution/solution-00010 
 11 1.531828668054e+10 1.392571516413e+09 768 7235 3201 13 5 6 6 1.23147408e-08 2.07766186e-08 outputs/V3.3e26_D1000_G10/solution/solution-00011 
 12 1.671085819695e+10 1.392571516413e+09 768 7235 3201 13 5 6 6 1.17815766e-08 1.98770991e-08 outputs/V3.3e26_D1000_G10/solution/solution-00012 
 13 1.810342971336e+10 1.392571516413e+09 768 7235 3201 12 5 6 6 1.12714954e-08 1.90165239e-08 outputs/V3.3e26_D1000_G10/solution/solution-00013 
 14 1.949600122978e+10 1.392571516413e+09 768 7235 3201 12 5 6 6 1.07834982e-08 1.81932071e-08 outputs/V3.3e26_D1000_G10/solution/solution-00014 
 15 2.088857274619e+10 1.392571516413e+09 768 7235 3201 12 5 6 6 1.03166286e-08 1.74055356e-08 outputs/V3.3e26_D1000_G10/solution/solution-00015 
 16 2.228114426260e+10 1.392571516413e+09 768 7235 3201 12 5 6 6 9.86997210e-09 1.66519661e-08 outputs/V3.3e26_D1000_G10/solution/solution-00016 
 17 2.367371577901e+10 1.392571516413e+09 768 7235 3201 12 5 6 6 9.44265349e-09 1.59310224e-08 outputs/V3.3e26_D1000_G10/solution/solution-00017 
 18 2.506628729543e+10 1.392571516413e+09 768 7235 3201 12 5 6 6 9.03383556e-09 1.52412917e-08 outputs/V3.3e26_D1000_G10/solution/solution-00018 
 19 2.645885881184e+10 1.392571516413e+09 768 7235 3201 12 5 6 6 8.64271732e-09 1.45814228e-08 outputs/V3.3e26_D1000_G10/solution/solution-00019 
 20 2.785143032825e+10 1.392571516413e+09 768 7235 3201 12 5 6 6 8.26853248e-09 1.39501228e-08 outputs/V3.3e26_D1000_G10/solution/solution-00020 
 21 2.924400184466e+10 1.392571516413e+09 768 7235 3201 12 5 6 6 7.91054790e-09 1.33461548e-08 outputs/V3.3e26_D1000_G10/solution/solution-00021 
 22 3.063657336108e+10 1.392571516413e+09 768 7235 3201 12 5 6 6 7.56806220e-09 1.27683355e-08 outputs/V3.3e26_D1000_G10/solution/solution-00022 
 23 3.202914487749e+10 1.392571516413e+09 768 7235 3201 12 5 6 6 7.24040435e-09 1.22155328e-08 outputs/V3.3e26_D1000_G10/solution/solution-00023 
 24 3.342171639390e+10 1.392571516413e+09 768 7235 3201 12 5 6 6 6.92693239e-09 1.16866636e-08 outputs/V3.3e26_D1000_G10/solution/solution-00024 
 25 3.481428791032e+10 1.392571516413e+09 768 7235 3201 12 5 6 6 6.62703214e-09 1.11806917e-08 outputs/V3.3e26_D1000_G10/solution/solution-00025 
 26 3.620685942673e+10 1.392571516413e+09 768 7235 3201 12 5 6 6 6.34011602e-09 1.06966257e-08 outputs/V3.3e26_D1000_G10/solution/solution-00026 
 27 3.759943094314e+10 1.392571516413e+09 768 7235 3201 12 5 6 6 6.06562187e-09 1.02335173e-08 outputs/V3.3e26_D1000_G10/solution/solution-00027 
 28 3.899200245955e+10 1.392571516413e+09 768 7235 3201 12 5 6 6 5.80301190e-09 9.79045906e-09 outputs/V3.3e26_D1000_G10/solution/solution-00028 
 29 4.038457397597e+10 1.392571516413e+09 768 7235 3201 12 5 6 6 5.55177158e-09 9.36658296e-09 outputs/V3.3e26_D1000_G10/solution/solution-00029 
 30 4.177714549238e+10 1.392571516413e+09 768 7235 3201 12 5 6 6 5.31140867e-09 8.96105849e-09 outputs/V3.3e26_D1000_G10/solution/solution-00030 
 31 4.316971700879e+10 1.392571516413e+09 768 7235 3201 12 5 6 6 5.08145222e-09 8.57309113e-09 outputs/V3.3e26_D1000_G10/solution/solution-00031 
 32 4.456228852520e+10 1.392571516413e+09 768 7235 3201 12 5 6 6 4.86145169e-09 8.20192075e-09 outputs/V3.3e26_D1000_G10/solution/solution-00032 
 33 4.595486004162e+10 1.392571516413e+09 768 7235 3201 12 5 6 6 4.65097604e-09 7.84682012e-09 outputs/V3.3e26_D1000_G10/solution/solution-00033 
 34 4.734743155803e+10 1.392571516413e+09 768 7235 3201 12 5 6 6 4.44961290e-09 7.50709350e-09 outputs/V3.3e26_D1000_G10/solution/solution-00034 
 35 4.874000307444e+10 1.392571516413e+09 768 7235 3201 12 5 6 6 4.25696774e-09 7.18207529e-09 outputs/V3.3e26_D1000_G10/solution/solution-00035 
 36 5.013257459085e+10 1.392571516413e+09 768 7235 3201 12 5 6 6 4.07266311e-09 6.87112868e-09 outputs/V3.3e26_D1000_G10/solution/solution-00036 
 37 5.152514610727e+10 1.392571516413e+09 768 7235 3201 11 5 6 6 3.89633792e-09 6.57364444e-09 outputs/V3.3e26_D1000_G10/solution/solution-00037 
 38 5.291771762368e+10 1.392571516413e+09 768 7235 3201 11 5 6 6 3.72764670e-09 6.28903973e-09 outputs/V3.3e26_D1000_G10/solution/solution-00038 
 39 5.431028914009e+10 1.392571516413e+09 768 7235 3201 11 5 6 6 3.56625893e-09 6.01675692e-09 outputs/V3.3e26_D1000_G10/solution/solution-00039 
 40 5.570286065650e+10 1.392571516413e+09 768 7235 3201 11 5 6 6 3.41185841e-09 5.75626255e-09 outputs/V3.3e26_D1000_G10/solution/solution-00040 
 41 5.709543217292e+10 1.392571516413e+09 768 7235 3201 11 5 6 6 3.26414263e-09 5.50704624e-09 outputs/V3.3e26_D1000_G10/solution/solution-00041 
 42 5.848800368933e+10 1.392571516413e+09 768 7235 3201 11 5 6 6 3.12282219e-09 5.26861970e-09 outputs/V3.3e26_D1000_G10/solution/solution-00042 
 43 5.988057520574e+10 1.392571516413e+09 768 7235 3201 11 5 6 6 2.98762018e-09 5.04051579e-09 outputs/V3.3e26_D1000_G10/solution/solution-00043 
 44 6.127314672215e+10 1.392571516413e+09 768 7235 3201 11 5 6 6 2.85827172e-09 4.82228760e-09 outputs/V3.3e26_D1000_G10/solution/solution-00044 
 45 6.266571823857e+10 1.392571516413e+09 768 7235 3201 11 5 6 6 2.73452338e-09 4.61350755e-09 outputs/V3.3e26_D1000_G10/solution/solution-00045 
 46 6.405828975498e+10 1.392571516413e+09 768 7235 3201 11 5 6 6 2.61613270e-09 4.41376660e-09 outputs/V3.3e26_D1000_G10/solution/solution-00046 
 47 6.545086127139e+10 1.392571516413e+09 768 7235 3201 11 5 6 6 2.50286772e-09 4.22267340e-09 outputs/V3.3e26_D1000_G10/solution/solution-00047 
 48 6.684343278781e+10 1.392571516413e+09 768 7235 3201 11 5 6 6 2.39450653e-09 4.03985354e-09 outputs/V3.3e26_D1000_G10/solution/solution-00048 
 49 6.823600430422e+10 1.392571516413e+09 768 7235 3201 11 5 6 6 2.29083681e-09 3.86494883e-09 outputs/V3.3e26_D1000_G10/solution/solution-00049 
 50 6.962857582063e+10 1.392571516413e+09 768 7235 3201 11 5 6 6 2.19165546e-09 3.69761659e-09 outputs/V3.3e26_D1000_G10/solution/solution-00050 
 51 7.102114733704e+10 1.392571516413e+09 768 7235 3201 11 5 6 6 2.09676814e-09 3.53752897e-09 outputs/V3.3e26_D1000_G10/solution/solution-00051 
 52 7.241371885346e+10 1.392571516413e+09 768 7235 3201 11 5 6 6 2.00598896e-09 3.38437231e-09 outputs/V3.3e26_D1000_G10/solution/solution-00052 
 53 7.380629036987e+10 1.392571516413e+09 768 7235 3201 11 5 6 6 1.91914004e-09 3.23784654e-09 outputs/V3.3e26_D1000_G10/solution/solution-00053 
 54 7.519886188628e+10 1.392571516413e+09 768 7235 3201 11 5 6 6 1.83605123e-09 3.09766458e-09 outputs/V3.3e26_D1000_G10/solution/solution-00054 
 55 7.659143340269e+10 1.392571516413e+09 768 7235 3201 11 5 6 6 1.75655973e-09 2.96355177e-09 outputs/V3.3e26_D1000_G10/solution/solution-00055 
 56 7.798400491911e+10 1.392571516413e+09 768 7235 3201 11 5 6 6 1.68050980e-09 2.83524535e-09 outputs/V3.3e26_D1000_G10/solution/solution-00056 
 57 7.937657643552e+10 1.392571516413e+09 768 7235 3201 11 5 6 6 1.60775244e-09 2.71249393e-09 outputs/V3.3e26_D1000_G10/solution/solution-00057 
 58 8.076914795193e+10 1.392571516413e+09 768 7235 3201 11 5 6 6 1.53814510e-09 2.59505701e-09 outputs/V3.3e26_D1000_G10/solution/solution-00058 
 59 8.216171946834e+10 1.392571516413e+09 768 7235 3201 10 5 6 6 1.47155140e-09 2.48270450e-09 outputs/V3.3e26_D1000_G10/solution/solution-00059 
 60 8.355429098476e+10 1.392571516413e+09 768 7235 3201 10 5 6 6 1.40784085e-09 2.37521627e-09 outputs/V3.3e26_D1000_G10/solution/solution-00060 
 61 8.494686250117e+10 1.392571516413e+09 768 7235 3201 10 5 6 6 1.34688864e-09 2.27238172e-09 outputs/V3.3e26_D1000_G10/solution/solution-00061 
 62 8.633943401758e+10 1.392571516413e+09 768 7235 3201 10 5 6 6 1.28857535e-09 2.17399938e-09 outputs/V3.3e26_D1000_G10/solution/solution-00062 
 63 8.773200553399e+10 1.392571516413e+09 768 7235 3201 10 5 6 6 1.23278672e-09 2.07987648e-09 outputs/V3.3e26_D1000_G10/solution/solution-00063 
 64 8.912457705041e+10 1.392571516413e+09 768 7235 3201 10 5 6 6 1.17941345e-09 1.98982861e-09 outputs/V3.3e26_D1000_G10/solution/solution-00064 
 65 9.051714856682e+10 1.392571516413e+09 768 7235 3201 10 5 6 6 1.12835096e-09 1.90367935e-09 outputs/V3.3e26_D1000_G10/solution/solution-00065 
 66 9.190972008323e+10 1.392571516413e+09 768 7235 3201 10 5 6 6 1.07949921e-09 1.82125991e-09 outputs/V3.3e26_D1000_G10/solution/solution-00066 
 67 9.330229159964e+10 1.392571516413e+09 768 7235 3201 10 5 6 6 1.03276250e-09 1.74240880e-09 outputs/V3.3e26_D1000_G10/solution/solution-00067 
 68 9.469486311606e+10 1.392571516413e+09 768 7235 3201 10 5 6 6 9.88049236e-10 1.66697154e-09 outputs/V3.3e26_D1000_G10/solution/solution-00068 
 69 9.608743463247e+10 1.392571516413e+09 768 7235 3201 10 5 6 6 9.45271827e-10 1.59480031e-09 outputs/V3.3e26_D1000_G10/solution/solution-00069 
 70 9.748000614888e+10 1.392571516413e+09 768 7235 3201 10 5 6 6 9.04346459e-10 1.52575373e-09 outputs/V3.3e26_D1000_G10/solution/solution-00070 
 71 9.887257766530e+10 1.392571516413e+09 768 7235 3201 10 5 6 6 8.65192947e-10 1.45969651e-09 outputs/V3.3e26_D1000_G10/solution/solution-00071 
 72 1.002651491817e+11 1.392571516413e+09 768 7235 3201 10 5 6 6 8.27734579e-10 1.39649922e-09 outputs/V3.3e26_D1000_G10/solution/solution-00072 
 73 1.016577206981e+11 1.392571516413e+09 768 7235 3201 10 5 6 6 7.91897964e-10 1.33603804e-09 outputs/V3.3e26_D1000_G10/solution/solution-00073 
 74 1.030502922145e+11 1.392571516413e+09 768 7235 3201 10 5 6 6 7.57612889e-10 1.27819452e-09 outputs/V3.3e26_D1000_G10/solution/solution-00074 
 75 1.044428637309e+11 1.392571516413e+09 768 7235 3201 10 5 6 6 7.24812179e-10 1.22285533e-09 outputs/V3.3e26_D1000_G10/solution/solution-00075 
 76 1.058354352474e+11 1.392571516413e+09 768 7235 3201 10 5 6 6 6.93431570e-10 1.16991203e-09 outputs/V3.3e26_D1000_G10/solution/solution-00076 
 77 1.072280067638e+11 1.392571516413e+09 768 7235 3201 10 5 6 6 6.63409579e-10 1.11926091e-09 outputs/V3.3e26_D1000_G10/solution/solution-00077 
 78 1.086205782802e+11 1.392571516413e+09 768 7235 3201 10 5 6 6 6.34687385e-10 1.07080272e-09 outputs/V3.3e26_D1000_G10/solution/solution-00078 
 79 1.100131497966e+11 1.392571516413e+09 768 7235 3201 10 5 6 6 6.07208712e-10 1.02444251e-09 outputs/V3.3e26_D1000_G10/solution/solution-00079 
 80 1.114057213130e+11 1.392571516413e+09 768 7235 3201 10 5 6 6 5.80919724e-10 9.80089465e-10 outputs/V3.3e26_D1000_G10/solution/solution-00080 
 81 1.127982928294e+11 1.392571516413e+09 768 7235 3201 10 5 6 6 5.55768912e-10 9.37656674e-10 outputs/V3.3e26_D1000_G10/solution/solution-00081 
 82 1.141908643458e+11 1.392571516413e+09 768 7235 3201 10 5 6 6 5.31707000e-10 8.97061001e-10 outputs/V3.3e26_D1000_G10/solution/solution-00082 
 83 1.155834358622e+11 1.392571516413e+09 768 7235 3201 10 5 6 6 5.08686844e-10 8.58222912e-10 outputs/V3.3e26_D1000_G10/solution/solution-00083 
 84 1.169760073787e+11 1.392571516413e+09 768 7235 3201  9 5 6 6 4.86663344e-10 8.21066313e-10 outputs/V3.3e26_D1000_G10/solution/solution-00084 
 85 1.183685788951e+11 1.392571516413e+09 768 7235 3201  9 5 6 6 4.65593347e-10 7.85518403e-10 outputs/V3.3e26_D1000_G10/solution/solution-00085 
 86 1.197611504115e+11 1.392571516413e+09 768 7235 3201  9 5 6 6 4.45435571e-10 7.51509534e-10 outputs/V3.3e26_D1000_G10/solution/solution-00086 
 87 1.211537219279e+11 1.392571516413e+09 768 7235 3201  9 5 6 6 4.26150523e-10 7.18973072e-10 outputs/V3.3e26_D1000_G10/solution/solution-00087 
 88 1.225462934443e+11 1.392571516413e+09 768 7235 3201  9 5 6 6 4.07700418e-10 6.87845271e-10 outputs/V3.3e26_D1000_G10/solution/solution-00088 
 89 1.239388649607e+11 1.392571516413e+09 768 7235 3201  9 5 6 6 3.90049106e-10 6.58065141e-10 outputs/V3.3e26_D1000_G10/solution/solution-00089 
 90 1.253314364771e+11 1.392571516413e+09 768 7235 3201  9 5 6 6 3.73162004e-10 6.29574336e-10 outputs/V3.3e26_D1000_G10/solution/solution-00090 
 91 1.267240079935e+11 1.392571516413e+09 768 7235 3201  9 5 6 6 3.57006027e-10 6.02317036e-10 outputs/V3.3e26_D1000_G10/solution/solution-00091 
 92 1.281165795100e+11 1.392571516413e+09 768 7235 3201  9 5 6 6 3.41549519e-10 5.76239835e-10 outputs/V3.3e26_D1000_G10/solution/solution-00092 
 93 1.295091510264e+11 1.392571516413e+09 768 7235 3201  9 5 6 6 3.26762198e-10 5.51291642e-10 outputs/V3.3e26_D1000_G10/solution/solution-00093 
 94 1.309017225428e+11 1.392571516413e+09 768 7235 3201  9 5 6 6 3.12615091e-10 5.27423576e-10 outputs/V3.3e26_D1000_G10/solution/solution-00094 
 95 1.322942940592e+11 1.392571516413e+09 768 7235 3201  9 5 6 6 2.99080480e-10 5.04588873e-10 outputs/V3.3e26_D1000_G10/solution/solution-00095 
 96 1.336868655756e+11 1.392571516413e+09 768 7235 3201  9 5 6 6 2.86131848e-10 4.82742794e-10 outputs/V3.3e26_D1000_G10/solution/solution-00096 
 97 1.350794370920e+11 1.392571516413e+09 768 7235 3201  9 5 6 6 2.73743824e-10 4.61842537e-10 outputs/V3.3e26_D1000_G10/solution/solution-00097 
 98 1.364720086084e+11 1.392571516413e+09 768 7235 3201  9 5 6 6 2.61892137e-10 4.41847152e-10 outputs/V3.3e26_D1000_G10/solution/solution-00098 
 99 1.378645801248e+11 1.392571516413e+09 768 7235 3201  9 5 6 6 2.50553567e-10 4.22717464e-10 outputs/V3.3e26_D1000_G10/solution/solution-00099 
100 1.392571516413e+11 1.392571516413e+09 768 7235 3201  9 5 6 6 2.39705898e-10 4.04415992e-10 outputs/V3.3e26_D1000_G10/solution/solution-00100 
