# 1: Time step number
# 2: Time (years)
# 3: Time step size (years)
# 4: Number of mesh cells
# 5: Number of Stokes degrees of freedom
# 6: Number of temperature degrees of freedom
# 7: Iterations for temperature solver
# 8: Iterations for Stokes solver
# 9: Velocity iterations in Stokes preconditioner
# 10: Schur complement iterations in Stokes preconditioner
# 11: RMS velocity (m/year)
# 12: Max. velocity (m/year)
# 13: Visualization file name
  0 0.000000000000e+00 0.000000000000e+00 768 7235 3201  0 8 9 9 8.02601782e-07 1.41126045e-06 outputs/V3.3e24_D100_G4/solution/solution-00000 
  1 1.392571516413e+09 1.392571516413e+09 768 7235 3201 32 8 9 9 8.25961920e-07 1.42025272e-06 outputs/V3.3e24_D100_G4/solution/solution-00001 
  2 2.785143032825e+09 1.392571516413e+09 768 7235 3201 25 8 9 9 8.78374407e-07 1.54926917e-06 outputs/V3.3e24_D100_G4/solution/solution-00002 
  3 4.177714549238e+09 1.392571516413e+09 768 7235 3201 24 8 9 9 9.70134032e-07 1.75506120e-06 outputs/V3.3e24_D100_G4/solution/solution-00003 
  4 5.570286065650e+09 1.392571516413e+09 768 7235 3201 23 8 9 9 1.11103571e-06 2.05366401e-06 outputs/V3.3e24_D100_G4/solution/solution-00004 
  5 6.962857582063e+09 1.392571516413e+09 768 7235 3201 23 8 9 9 1.31389135e-06 2.46706586e-06 outputs/V3.3e24_D100_G4/solution/solution-00005 
  6 8.355429098476e+09 1.392571516413e+09 768 7235 3201 22 8 9 9 1.59642524e-06 3.02730696e-06 outputs/V3.3e24_D100_G4/solution/solution-00006 
  7 9.748000614888e+09 1.392571516413e+09 768 7235 3201 21 8 9 9 1.98350077e-06 3.78006352e-06 outputs/V3.3e24_D100_G4/solution/solution-00007 
  8 1.114057213130e+10 1.392571516413e+09 768 7235 3201 21 8 9 9 2.50982825e-06 4.78919233e-06 outputs/V3.3e24_D100_G4/solution/solution-00008 
  9 1.253314364771e+10 1.392571516413e+09 768 7235 3201 21 8 9 9 3.22358167e-06 6.14303417e-06 outputs/V3.3e24_D100_G4/solution/solution-00009 
 10 1.392571516413e+10 1.392571516413e+09 768 7235 3201 20 8 9 9 4.19136470e-06 7.96321339e-06 outputs/V3.3e24_D100_G4/solution/solution-00010 
 11 1.531828668054e+10 1.392571516413e+09 768 7235 3201 20 8 9 9 5.50507831e-06 1.04168494e-05 outputs/V3.3e24_D100_G4/solution/solution-00011 
 12 1.671085819695e+10 1.392571516413e+09 768 7235 3201 20 8 9 9 7.29142304e-06 1.37337047e-05 outputs/V3.3e24_D100_G4/solution/solution-00012 
 13 1.810342971336e+10 1.392571516413e+09 768 7235 3201 20 8 9 9 9.72502713e-06 1.82318408e-05 outputs/V3.3e24_D100_G4/solution/solution-00013 
 14 1.949600122978e+10 1.392571516413e+09 768 7235 3201 20 7 8 8 1.30465329e-05 2.43435822e-05 outputs/V3.3e24_D100_G4/solution/solution-00014 
 15 2.088857274619e+10 1.392571516413e+09 768 7235 3201 20 7 8 8 1.75873892e-05 3.26636822e-05 outputs/V3.3e24_D100_G4/solution/solution-00015 
 16 2.228114426260e+10 1.392571516413e+09 768 7235 3201 20 7 8 8 2.38035017e-05 4.40053145e-05 outputs/V3.3e24_D100_G4/solution/solution-00016 
 17 2.367371577901e+10 1.392571516413e+09 768 7235 3201 21 7 8 8 3.23199707e-05 5.94734419e-05 outputs/V3.3e24_D100_G4/solution/solution-00017 
 18 2.506628729543e+10 1.392571516413e+09 768 7235 3201 21 7 8 8 4.39879164e-05 8.06358881e-05 outputs/V3.3e24_D100_G4/solution/solution-00018 
 19 2.622903074192e+10 1.162743446492e+09 768 7235 3201 20 7 8 8 5.70895823e-05 1.04304808e-04 outputs/V3.3e24_D100_G4/solution/solution-00019 
 20 2.712817044840e+10 8.991397064858e+08 768 7235 3201 18 7 8 8 7.00551332e-05 1.27665891e-04 outputs/V3.3e24_D100_G4/solution/solution-00020 
 21 2.786250911560e+10 7.343386672004e+08 768 7235 3201 16 6 7 7 8.29375761e-05 1.50826210e-04 outputs/V3.3e24_D100_G4/solution/solution-00021 
 22 2.848408543383e+10 6.215763182250e+08 768 7235 3201 15 6 7 7 9.57333549e-05 1.73767760e-04 outputs/V3.3e24_D100_G4/solution/solution-00022 
 23 2.902374400261e+10 5.396585687834e+08 768 7235 3201 14 6 7 7 1.08428730e-04 1.96481575e-04 outputs/V3.3e24_D100_G4/solution/solution-00023 
 24 2.950103573433e+10 4.772917317163e+08 768 7235 3201 13 6 7 7 1.21001517e-04 2.18855342e-04 outputs/V3.3e24_D100_G4/solution/solution-00024 
 25 2.992932983457e+10 4.282941002376e+08 768 7235 3201 12 6 7 7 1.33430786e-04 2.40915634e-04 outputs/V3.3e24_D100_G4/solution/solution-00025 
 26 3.031835350440e+10 3.890236698323e+08 768 7235 3201 12 6 7 7 1.45701985e-04 2.62706702e-04 outputs/V3.3e24_D100_G4/solution/solution-00026 
 27 3.067526365491e+10 3.569101505100e+08 768 7235 3201 11 6 7 7 1.57799412e-04 2.84060443e-04 outputs/V3.3e24_D100_G4/solution/solution-00027 
 28 3.100548106169e+10 3.302174067793e+08 768 7235 3201 11 6 7 7 1.69706164e-04 3.04938229e-04 outputs/V3.3e24_D100_G4/solution/solution-00028 
 29 3.131295203850e+10 3.074709768090e+08 768 7235 3201 11 6 7 7 1.81394155e-04 3.25403154e-04 outputs/V3.3e24_D100_G4/solution/solution-00029 
 30 3.160105619133e+10 2.881041528297e+08 768 7235 3201 10 6 7 7 1.92845121e-04 3.45343258e-04 outputs/V3.3e24_D100_G4/solution/solution-00030 
 31 3.187252522352e+10 2.714690321938e+08 768 7235 3201 10 6 7 7 2.04040591e-04 3.64691761e-04 outputs/V3.3e24_D100_G4/solution/solution-00031 
 32 3.212959162839e+10 2.570664048714e+08 768 7235 3201 10 6 7 7 2.14961621e-04 3.83472292e-04 outputs/V3.3e24_D100_G4/solution/solution-00032 
 33 3.237410488359e+10 2.445132551973e+08 768 7235 3201 10 6 7 7 2.25589052e-04 4.01690229e-04 outputs/V3.3e24_D100_G4/solution/solution-00033 
 34 3.260761572212e+10 2.335108385349e+08 768 7235 3201 10 6 7 7 2.35903768e-04 4.19223989e-04 outputs/V3.3e24_D100_G4/solution/solution-00034 
 35 3.283134045216e+10 2.237247300334e+08 768 7235 3201 10 6 7 7 2.45882579e-04 4.36036675e-04 outputs/V3.3e24_D100_G4/solution/solution-00035 
 36 3.304638180844e+10 2.150413562775e+08 768 7235 3201 10 6 7 7 2.55506236e-04 4.52099920e-04 outputs/V3.3e24_D100_G4/solution/solution-00036 
 37 3.325373136818e+10 2.073495597486e+08 768 7235 3201 10 6 7 7 2.64758348e-04 4.67391672e-04 outputs/V3.3e24_D100_G4/solution/solution-00037 
 38 3.345425089338e+10 2.005195251923e+08 768 7235 3201 10 6 7 7 2.73623520e-04 4.81905962e-04 outputs/V3.3e24_D100_G4/solution/solution-00038 
 39 3.364869498139e+10 1.944440880101e+08 768 7235 3201  9 6 7 7 2.82087547e-04 4.95796711e-04 outputs/V3.3e24_D100_G4/solution/solution-00039 
 40 3.383772900306e+10 1.890340216713e+08 768 7235 3201  9 6 7 7 2.90137595e-04 5.08861386e-04 outputs/V3.3e24_D100_G4/solution/solution-00040 
 41 3.402194345992e+10 1.842144568625e+08 768 7235 3201  9 6 7 7 2.97762355e-04 5.21088352e-04 outputs/V3.3e24_D100_G4/solution/solution-00041 
 42 3.420186558650e+10 1.799221265810e+08 768 7235 3201  9 6 7 7 3.04952168e-04 5.32469392e-04 outputs/V3.3e24_D100_G4/solution/solution-00042 
 43 3.437796880929e+10 1.761032227873e+08 768 7235 3201  9 5 6 6 3.11699128e-04 5.42999705e-04 outputs/V3.3e24_D100_G4/solution/solution-00043 
 44 3.455068052077e+10 1.727117114805e+08 768 7235 3201  9 5 6 6 3.17997154e-04 5.52677872e-04 outputs/V3.3e24_D100_G4/solution/solution-00044 
 45 3.472038851734e+10 1.697079965670e+08 768 7235 3201  9 5 6 6 3.23842041e-04 5.61505789e-04 outputs/V3.3e24_D100_G4/solution/solution-00045 
 46 3.488744636619e+10 1.670578488568e+08 768 7235 3201  9 5 6 6 3.29231474e-04 5.69488567e-04 outputs/V3.3e24_D100_G4/solution/solution-00046 
 47 3.505215212150e+10 1.647057553104e+08 768 7235 3201  9 5 6 6 3.34164285e-04 5.76633358e-04 outputs/V3.3e24_D100_G4/solution/solution-00047 
 48 3.521479917279e+10 1.626470512832e+08 768 7235 3201  9 5 6 6 3.38641974e-04 5.82951510e-04 outputs/V3.3e24_D100_G4/solution/solution-00048 
 49 3.537566820570e+10 1.608690329184e+08 768 7235 3201  9 5 6 6 3.42668140e-04 5.88480310e-04 outputs/V3.3e24_D100_G4/solution/solution-00049 
 50 3.553501933341e+10 1.593511277038e+08 768 7235 3201  9 5 6 6 3.46248045e-04 5.95628404e-04 outputs/V3.3e24_D100_G4/solution/solution-00050 
 51 3.569243248975e+10 1.574131563422e+08 768 7235 3201  9 5 6 6 3.49376226e-04 6.01911680e-04 outputs/V3.3e24_D100_G4/solution/solution-00051 
 52 3.584818623753e+10 1.557537477818e+08 768 7235 3201  9 5 6 6 3.52066992e-04 6.07361041e-04 outputs/V3.3e24_D100_G4/solution/solution-00052 
 53 3.600254253261e+10 1.543562950781e+08 768 7235 3201  9 5 6 6 3.54335352e-04 6.11926271e-04 outputs/V3.3e24_D100_G4/solution/solution-00053 
 54 3.615574726410e+10 1.532047314926e+08 768 7235 3201  9 5 6 6 3.56196816e-04 6.15621933e-04 outputs/V3.3e24_D100_G4/solution/solution-00054 
 55 3.630803228669e+10 1.522850225836e+08 768 7235 3201  9 5 6 6 3.57667245e-04 6.18465364e-04 outputs/V3.3e24_D100_G4/solution/solution-00055 
 56 3.645961716988e+10 1.515848831913e+08 768 7235 3201  9 5 6 6 3.58762720e-04 6.20476576e-04 outputs/V3.3e24_D100_G4/solution/solution-00056 
 57 3.661071070617e+10 1.510935362946e+08 768 7235 3201  9 5 6 6 3.59499421e-04 6.21802605e-04 outputs/V3.3e24_D100_G4/solution/solution-00057 
 58 3.676151221229e+10 1.508015061195e+08 768 7235 3201  9 5 6 6 3.59893529e-04 6.22404371e-04 outputs/V3.3e24_D100_G4/solution/solution-00058 
 59 3.691221265178e+10 1.507004394902e+08 768 7235 3201  9 5 6 6 3.59961130e-04 6.22250954e-04 outputs/V3.3e24_D100_G4/solution/solution-00059 
 60 3.706292166148e+10 1.507090096941e+08 768 7235 3201  9 5 6 6 3.59718333e-04 6.21370235e-04 outputs/V3.3e24_D100_G4/solution/solution-00060 
 61 3.721380538828e+10 1.508837267992e+08 768 7235 3201  9 5 6 6 3.59181295e-04 6.19792634e-04 outputs/V3.3e24_D100_G4/solution/solution-00061 
 62 3.736503414658e+10 1.512287583027e+08 768 7235 3201  9 5 6 6 3.58365857e-04 6.17622304e-04 outputs/V3.3e24_D100_G4/solution/solution-00062 
 63 3.751677310252e+10 1.517389559417e+08 768 7235 3201  9 5 6 6 3.57287488e-04 6.15069003e-04 outputs/V3.3e24_D100_G4/solution/solution-00063 
 64 3.766918280241e+10 1.524096998905e+08 768 7235 3201  9 5 6 6 3.55961253e-04 6.11910352e-04 outputs/V3.3e24_D100_G4/solution/solution-00064 
 65 3.782241961702e+10 1.532368146093e+08 768 7235 3201  9 5 6 6 3.54401790e-04 6.08179676e-04 outputs/V3.3e24_D100_G4/solution/solution-00065 
 66 3.797663610974e+10 1.542164927197e+08 768 7235 3201  9 5 6 6 3.52623305e-04 6.03911458e-04 outputs/V3.3e24_D100_G4/solution/solution-00066 
 67 3.813190195070e+10 1.552658409618e+08 768 7235 3201  9 5 6 6 3.50640623e-04 5.99229009e-04 outputs/V3.3e24_D100_G4/solution/solution-00067 
 68 3.828835298795e+10 1.564510372502e+08 768 7235 3201  9 5 6 6 3.48467471e-04 5.94181617e-04 outputs/V3.3e24_D100_G4/solution/solution-00068 
 69 3.844613302925e+10 1.577800412945e+08 768 7235 3201  9 5 6 6 3.46116972e-04 5.88696959e-04 outputs/V3.3e24_D100_G4/solution/solution-00069 
 70 3.860538304510e+10 1.592500158505e+08 768 7235 3201  9 5 6 6 3.43601783e-04 5.82822874e-04 outputs/V3.3e24_D100_G4/solution/solution-00070 
 71 3.876624125968e+10 1.608582145823e+08 768 7235 3201  9 5 6 6 3.40934112e-04 5.76739612e-04 outputs/V3.3e24_D100_G4/solution/solution-00071 
 72 3.892884319166e+10 1.626019319767e+08 768 7235 3201  9 5 6 6 3.38125754e-04 5.70314230e-04 outputs/V3.3e24_D100_G4/solution/solution-00072 
 73 3.909326393794e+10 1.644207462818e+08 768 7235 3201  9 5 6 6 3.35189163e-04 5.63584805e-04 outputs/V3.3e24_D100_G4/solution/solution-00073 
 74 3.925961066405e+10 1.663467261075e+08 768 7235 3201  9 5 6 6 3.32135897e-04 5.56587939e-04 outputs/V3.3e24_D100_G4/solution/solution-00074 
 75 3.942801355630e+10 1.684028922590e+08 768 7235 3201  9 5 6 6 3.28976712e-04 5.49478014e-04 outputs/V3.3e24_D100_G4/solution/solution-00075 
 76 3.959860000575e+10 1.705864494502e+08 768 7235 3201  9 5 6 6 3.25722040e-04 5.42246875e-04 outputs/V3.3e24_D100_G4/solution/solution-00076 
 77 3.977149443629e+10 1.728944305311e+08 768 7235 3201  9 5 6 6 3.22382029e-04 5.34826419e-04 outputs/V3.3e24_D100_G4/solution/solution-00077 
 78 3.994681808507e+10 1.753236487852e+08 768 7235 3201  9 5 6 6 3.18966584e-04 5.27249610e-04 outputs/V3.3e24_D100_G4/solution/solution-00078 
 79 4.012467830435e+10 1.778602192751e+08 768 7235 3201  9 5 6 6 3.15485610e-04 5.19549070e-04 outputs/V3.3e24_D100_G4/solution/solution-00079 
 80 4.030513993753e+10 1.804616331827e+08 768 7235 3201  9 5 6 6 3.11949607e-04 5.11796993e-04 outputs/V3.3e24_D100_G4/solution/solution-00080 
 81 4.048831803592e+10 1.831780983942e+08 768 7235 3201  9 5 6 6 3.08367867e-04 5.04017750e-04 outputs/V3.3e24_D100_G4/solution/solution-00081 
 82 4.067432338974e+10 1.860053538164e+08 768 7235 3201  9 5 6 6 3.04749565e-04 4.96192735e-04 outputs/V3.3e24_D100_G4/solution/solution-00082 
 83 4.086326206882e+10 1.889386790793e+08 768 7235 3201  9 5 6 6 3.01103791e-04 4.88350334e-04 outputs/V3.3e24_D100_G4/solution/solution-00083 
 84 4.105523490788e+10 1.919728390664e+08 768 7235 3201  9 5 6 6 2.97439578e-04 4.80517814e-04 outputs/V3.3e24_D100_G4/solution/solution-00084 
 85 4.125033693606e+10 1.951020281728e+08 768 7235 3201  9 5 6 6 2.93765927e-04 4.72721295e-04 outputs/V3.3e24_D100_G4/solution/solution-00085 
 86 4.144865675145e+10 1.983198153924e+08 768 7235 3201  9 5 6 6 2.90091821e-04 4.66537554e-04 outputs/V3.3e24_D100_G4/solution/solution-00086 
 87 4.164960867110e+10 2.009519196496e+08 768 7235 3201  9 5 6 6 2.86438234e-04 4.60496521e-04 outputs/V3.3e24_D100_G4/solution/solution-00087 
 88 4.185320372111e+10 2.035950500061e+08 768 7235 3201  9 5 6 6 2.82814435e-04 4.54553650e-04 outputs/V3.3e24_D100_G4/solution/solution-00088 
 89 4.205946888373e+10 2.062651626272e+08 768 7235 3201  9 5 6 6 2.79229029e-04 4.48718526e-04 outputs/V3.3e24_D100_G4/solution/solution-00089 
 90 4.226842594437e+10 2.089570606393e+08 768 7235 3201  9 5 6 6 2.75690344e-04 4.42999985e-04 outputs/V3.3e24_D100_G4/solution/solution-00090 
 91 4.248009129688e+10 2.116653525034e+08 768 7235 3201  9 5 6 6 2.72206411e-04 4.37406166e-04 outputs/V3.3e24_D100_G4/solution/solution-00091 
 92 4.269447574436e+10 2.143844474870e+08 768 7235 3201  9 5 6 6 2.68784957e-04 4.31944562e-04 outputs/V3.3e24_D100_G4/solution/solution-00092 
 93 4.291157351836e+10 2.170977739938e+08 768 7235 3201  9 5 6 6 2.65433555e-04 4.26622329e-04 outputs/V3.3e24_D100_G4/solution/solution-00093 
 94 4.313135992409e+10 2.197864057324e+08 768 7235 3201  9 5 6 6 2.62159600e-04 4.21446322e-04 outputs/V3.3e24_D100_G4/solution/solution-00094 
 95 4.335382477186e+10 2.224648477750e+08 768 7235 3201  9 5 6 6 2.58969789e-04 4.16431761e-04 outputs/V3.3e24_D100_G4/solution/solution-00095 
 96 4.357895169221e+10 2.251269203471e+08 768 7235 3201  9 5 6 6 2.55870431e-04 4.11606096e-04 outputs/V3.3e24_D100_G4/solution/solution-00096 
 97 4.380671799821e+10 2.277663059952e+08 768 7235 3201  9 5 6 6 2.52867428e-04 4.06942436e-04 outputs/V3.3e24_D100_G4/solution/solution-00097 
 98 4.403709456176e+10 2.303765635567e+08 768 7235 3201  9 5 6 6 2.49966259e-04 4.02444897e-04 outputs/V3.3e24_D100_G4/solution/solution-00098 
 99 4.427004570783e+10 2.329511460665e+08 768 7235 3201  9 5 6 6 2.47171964e-04 3.98117196e-04 outputs/V3.3e24_D100_G4/solution/solution-00099 
100 4.450552913066e+10 2.354834228273e+08 768 7235 3201  9 5 6 6 2.44489132e-04 3.93962675e-04 outputs/V3.3e24_D100_G4/solution/solution-00100 
