# 1: Time step number
# 2: Time (years)
# 3: Time step size (years)
# 4: Number of mesh cells
# 5: Number of Stokes degrees of freedom
# 6: Number of temperature degrees of freedom
# 7: Iterations for temperature solver
# 8: Iterations for Stokes solver
# 9: Velocity iterations in Stokes preconditioner
# 10: Schur complement iterations in Stokes preconditioner
# 11: RMS velocity (m/year)
# 12: Max. velocity (m/year)
# 13: Visualization file name
  0 0.000000000000e+00 0.000000000000e+00 768 7235 3201  0 8 9 9 2.44094461e-07 5.14284048e-07 outputs/V3.3e25_D3000_G12/solution/solution-00000 
  1 1.392571516413e+09 1.392571516413e+09 768 7235 3201 32 8 9 9 3.02718343e-07 5.20840156e-07 outputs/V3.3e25_D3000_G12/solution/solution-00001 
  2 2.785143032825e+09 1.392571516413e+09 768 7235 3201 25 8 9 9 3.81514748e-07 6.52470612e-07 outputs/V3.3e25_D3000_G12/solution/solution-00002 
  3 4.177714549238e+09 1.392571516413e+09 768 7235 3201 24 8 9 9 4.75198422e-07 8.20970102e-07 outputs/V3.3e25_D3000_G12/solution/solution-00003 
  4 5.570286065650e+09 1.392571516413e+09 768 7235 3201 23 8 9 9 5.81842288e-07 1.01592565e-06 outputs/V3.3e25_D3000_G12/solution/solution-00004 
  5 6.962857582063e+09 1.392571516413e+09 768 7235 3201 23 8 9 9 7.00754730e-07 1.23618147e-06 outputs/V3.3e25_D3000_G12/solution/solution-00005 
  6 8.355429098476e+09 1.392571516413e+09 768 7235 3201 22 8 9 9 8.31511474e-07 1.48078046e-06 outputs/V3.3e25_D3000_G12/solution/solution-00006 
  7 9.748000614888e+09 1.392571516413e+09 768 7235 3201 21 8 9 9 9.73802336e-07 1.74879902e-06 outputs/V3.3e25_D3000_G12/solution/solution-00007 
  8 1.114057213130e+10 1.392571516413e+09 768 7235 3201 21 8 9 9 1.12739086e-06 2.03934742e-06 outputs/V3.3e25_D3000_G12/solution/solution-00008 
  9 1.253314364771e+10 1.392571516413e+09 768 7235 3201 21 8 9 9 1.29211812e-06 2.35162715e-06 outputs/V3.3e25_D3000_G12/solution/solution-00009 
 10 1.392571516413e+10 1.392571516413e+09 768 7235 3201 21 8 9 9 1.46791803e-06 2.68499662e-06 outputs/V3.3e25_D3000_G12/solution/solution-00010 
 11 1.531828668054e+10 1.392571516413e+09 768 7235 3201 20 8 9 9 1.65483180e-06 3.03902498e-06 outputs/V3.3e25_D3000_G12/solution/solution-00011 
 12 1.671085819695e+10 1.392571516413e+09 768 7235 3201 20 8 9 9 1.85301787e-06 3.41352769e-06 outputs/V3.3e25_D3000_G12/solution/solution-00012 
 13 1.810342971336e+10 1.392571516413e+09 768 7235 3201 20 8 9 9 2.06275677e-06 3.80858470e-06 outputs/V3.3e25_D3000_G12/solution/solution-00013 
 14 1.949600122978e+10 1.392571516413e+09 768 7235 3201 20 8 9 9 2.28445194e-06 4.22454458e-06 outputs/V3.3e25_D3000_G12/solution/solution-00014 
 15 2.088857274619e+10 1.392571516413e+09 768 7235 3201 20 8 9 9 2.51862774e-06 4.66201901e-06 outputs/V3.3e25_D3000_G12/solution/solution-00015 
 16 2.228114426260e+10 1.392571516413e+09 768 7235 3201 20 8 9 9 2.76592581e-06 5.12187165e-06 outputs/V3.3e25_D3000_G12/solution/solution-00016 
 17 2.367371577901e+10 1.392571516413e+09 768 7235 3201 20 8 9 9 3.02710080e-06 5.60520447e-06 outputs/V3.3e25_D3000_G12/solution/solution-00017 
 18 2.506628729543e+10 1.392571516413e+09 768 7235 3201 19 8 9 9 3.30301619e-06 6.11334383e-06 outputs/V3.3e25_D3000_G12/solution/solution-00018 
 19 2.645885881184e+10 1.392571516413e+09 768 7235 3201 19 8 9 9 3.59464060e-06 6.64782760e-06 outputs/V3.3e25_D3000_G12/solution/solution-00019 
 20 2.785143032825e+10 1.392571516413e+09 768 7235 3201 19 7 8 8 3.90304494e-06 7.21039421e-06 outputs/V3.3e25_D3000_G12/solution/solution-00020 
 21 2.924400184466e+10 1.392571516413e+09 768 7235 3201 19 7 8 8 4.22940051e-06 7.80297397e-06 outputs/V3.3e25_D3000_G12/solution/solution-00021 
 22 3.063657336108e+10 1.392571516413e+09 768 7235 3201 19 7 8 8 4.57497820e-06 8.42823425e-06 outputs/V3.3e25_D3000_G12/solution/solution-00022 
 23 3.202914487749e+10 1.392571516413e+09 768 7235 3201 19 7 8 8 4.94114851e-06 9.08814440e-06 outputs/V3.3e25_D3000_G12/solution/solution-00023 
 24 3.342171639390e+10 1.392571516413e+09 768 7235 3201 19 7 8 8 5.32938273e-06 9.78510501e-06 outputs/V3.3e25_D3000_G12/solution/solution-00024 
 25 3.481428791032e+10 1.392571516413e+09 768 7235 3201 19 7 8 8 5.74125475e-06 1.05217871e-05 outputs/V3.3e25_D3000_G12/solution/solution-00025 
 26 3.620685942673e+10 1.392571516413e+09 768 7235 3201 19 7 8 8 6.17844375e-06 1.13010436e-05 outputs/V3.3e25_D3000_G12/solution/solution-00026 
 27 3.759943094314e+10 1.392571516413e+09 768 7235 3201 19 7 8 8 6.64273748e-06 1.21259123e-05 outputs/V3.3e25_D3000_G12/solution/solution-00027 
 28 3.899200245955e+10 1.392571516413e+09 768 7235 3201 19 7 8 8 7.13603601e-06 1.29996203e-05 outputs/V3.3e25_D3000_G12/solution/solution-00028 
 29 4.038457397597e+10 1.392571516413e+09 768 7235 3201 19 7 8 8 7.66035596e-06 1.39255881e-05 outputs/V3.3e25_D3000_G12/solution/solution-00029 
 30 4.177714549238e+10 1.392571516413e+09 768 7235 3201 18 7 8 8 8.21783486e-06 1.49074359e-05 outputs/V3.3e25_D3000_G12/solution/solution-00030 
 31 4.316971700879e+10 1.392571516413e+09 768 7235 3201 18 7 8 8 8.81073573e-06 1.59489887e-05 outputs/V3.3e25_D3000_G12/solution/solution-00031 
 32 4.456228852520e+10 1.392571516413e+09 768 7235 3201 18 6 7 7 9.44145151e-06 1.70542819e-05 outputs/V3.3e25_D3000_G12/solution/solution-00032 
 33 4.595486004162e+10 1.392571516413e+09 768 7235 3201 18 6 7 7 1.01125093e-05 1.82275668e-05 outputs/V3.3e25_D3000_G12/solution/solution-00033 
 34 4.734743155803e+10 1.392571516413e+09 768 7235 3201 18 6 7 7 1.08265741e-05 1.94733144e-05 outputs/V3.3e25_D3000_G12/solution/solution-00034 
 35 4.874000307444e+10 1.392571516413e+09 768 7235 3201 18 6 7 7 1.15864518e-05 2.07962184e-05 outputs/V3.3e25_D3000_G12/solution/solution-00035 
 36 5.013257459085e+10 1.392571516413e+09 768 7235 3201 18 6 7 7 1.23950911e-05 2.22011965e-05 outputs/V3.3e25_D3000_G12/solution/solution-00036 
 37 5.152514610727e+10 1.392571516413e+09 768 7235 3201 18 6 7 7 1.32555844e-05 2.36933882e-05 outputs/V3.3e25_D3000_G12/solution/solution-00037 
 38 5.291771762368e+10 1.392571516413e+09 768 7235 3201 18 6 7 7 1.41711659e-05 2.52781507e-05 outputs/V3.3e25_D3000_G12/solution/solution-00038 
 39 5.431028914009e+10 1.392571516413e+09 768 7235 3201 18 6 7 7 1.51452085e-05 2.69633044e-05 outputs/V3.3e25_D3000_G12/solution/solution-00039 
 40 5.570286065650e+10 1.392571516413e+09 768 7235 3201 17 6 7 7 1.61812168e-05 2.87556950e-05 outputs/V3.3e25_D3000_G12/solution/solution-00040 
 41 5.709543217292e+10 1.392571516413e+09 768 7235 3201 17 6 7 7 1.72828168e-05 3.06586976e-05 outputs/V3.3e25_D3000_G12/solution/solution-00041 
 42 5.848800368933e+10 1.392571516413e+09 768 7235 3201 17 6 7 7 1.84537410e-05 3.26784585e-05 outputs/V3.3e25_D3000_G12/solution/solution-00042 
 43 5.988057520574e+10 1.392571516413e+09 768 7235 3201 17 6 7 7 1.96978072e-05 3.48212328e-05 outputs/V3.3e25_D3000_G12/solution/solution-00043 
 44 6.127314672215e+10 1.392571516413e+09 768 7235 3201 18 6 7 7 2.10188916e-05 3.70933335e-05 outputs/V3.3e25_D3000_G12/solution/solution-00044 
 45 6.266571823857e+10 1.392571516413e+09 768 7235 3201 18 6 7 7 2.24208929e-05 3.95010674e-05 outputs/V3.3e25_D3000_G12/solution/solution-00045 
 46 6.405828975498e+10 1.392571516413e+09 768 7235 3201 18 6 7 7 2.39076867e-05 4.20506536e-05 outputs/V3.3e25_D3000_G12/solution/solution-00046 
 47 6.545086127139e+10 1.392571516413e+09 768 7235 3201 18 6 7 7 2.54830694e-05 4.47481246e-05 outputs/V3.3e25_D3000_G12/solution/solution-00047 
 48 6.684343278781e+10 1.392571516413e+09 768 7235 3201 19 6 7 7 2.71506880e-05 4.75992043e-05 outputs/V3.3e25_D3000_G12/solution/solution-00048 
 49 6.823600430422e+10 1.392571516413e+09 768 7235 3201 19 6 7 7 2.89139561e-05 5.06091630e-05 outputs/V3.3e25_D3000_G12/solution/solution-00049 
 50 6.962857582063e+10 1.392571516413e+09 768 7235 3201 19 6 7 7 3.07759516e-05 5.37826441e-05 outputs/V3.3e25_D3000_G12/solution/solution-00050 
 51 7.102114733704e+10 1.392571516413e+09 768 7235 3201 19 6 7 7 3.27392978e-05 5.71234628e-05 outputs/V3.3e25_D3000_G12/solution/solution-00051 
 52 7.241371885346e+10 1.392571516413e+09 768 7235 3201 19 6 7 7 3.48060236e-05 6.06343735e-05 outputs/V3.3e25_D3000_G12/solution/solution-00052 
 53 7.380629036987e+10 1.392571516413e+09 768 7235 3201 19 6 7 7 3.69774040e-05 6.43168054e-05 outputs/V3.3e25_D3000_G12/solution/solution-00053 
 54 7.519886188628e+10 1.392571516413e+09 768 7235 3201 19 6 7 7 3.92537799e-05 6.81773896e-05 outputs/V3.3e25_D3000_G12/solution/solution-00054 
 55 7.657395120171e+10 1.375089315431e+09 768 7235 3201 19 6 7 7 4.16039810e-05 7.21570823e-05 outputs/V3.3e25_D3000_G12/solution/solution-00055 
 56 7.787319996569e+10 1.299248763980e+09 768 7235 3201 19 6 7 7 4.39167875e-05 7.60668106e-05 outputs/V3.3e25_D3000_G12/solution/solution-00056 
 57 7.910566914964e+10 1.232469183952e+09 768 7235 3201 18 6 7 7 4.61911504e-05 7.99051813e-05 outputs/V3.3e25_D3000_G12/solution/solution-00057 
 58 8.027893474345e+10 1.173265593810e+09 768 7235 3201 18 6 7 7 4.84257197e-05 8.36702647e-05 outputs/V3.3e25_D3000_G12/solution/solution-00058 
 59 8.139940448647e+10 1.120469743013e+09 768 7235 3201 18 6 7 7 5.06190863e-05 8.73600258e-05 outputs/V3.3e25_D3000_G12/solution/solution-00059 
 60 8.247254977418e+10 1.073145287709e+09 768 7235 3201 17 6 7 7 5.27698704e-05 9.09724789e-05 outputs/V3.3e25_D3000_G12/solution/solution-00060 
 61 8.350308121792e+10 1.030531443739e+09 768 7235 3201 17 5 6 6 5.48767551e-05 9.45057465e-05 outputs/V3.3e25_D3000_G12/solution/solution-00061 
 62 8.449508438647e+10 9.920031685517e+08 768 7235 3201 16 5 6 6 5.69385029e-05 9.79580849e-05 outputs/V3.3e25_D3000_G12/solution/solution-00062 
 63 8.545212637094e+10 9.570419844722e+08 768 7235 3201 16 5 6 6 5.89539632e-05 1.01327896e-04 outputs/V3.3e25_D3000_G12/solution/solution-00063 
 64 8.637734049262e+10 9.252141216818e+08 768 7235 3201 16 5 6 6 6.09220784e-05 1.04613734e-04 outputs/V3.3e25_D3000_G12/solution/solution-00064 
 65 8.727349434135e+10 8.961538487284e+08 768 7235 3201 16 5 6 6 6.28418874e-05 1.07814311e-04 outputs/V3.3e25_D3000_G12/solution/solution-00065 
 66 8.814304494847e+10 8.695506071204e+08 768 7235 3201 15 5 6 6 6.47125288e-05 1.10928503e-04 outputs/V3.3e25_D3000_G12/solution/solution-00066 
 67 8.898818391071e+10 8.451389622432e+08 768 7235 3201 15 5 6 6 6.65332426e-05 1.13955345e-04 outputs/V3.3e25_D3000_G12/solution/solution-00067 
 68 8.981087458614e+10 8.226906754308e+08 768 7235 3201 15 5 6 6 6.83033718e-05 1.16894039e-04 outputs/V3.3e25_D3000_G12/solution/solution-00068 
 69 9.061288297782e+10 8.020083916739e+08 768 7235 3201 15 5 6 6 7.00223629e-05 1.19743948e-04 outputs/V3.3e25_D3000_G12/solution/solution-00069 
 70 9.139580354880e+10 7.829205709870e+08 768 7235 3201 14 5 6 6 7.16897661e-05 1.22504600e-04 outputs/V3.3e25_D3000_G12/solution/solution-00070 
 71 9.216108093516e+10 7.652773863563e+08 768 7235 3201 14 5 6 6 7.33052345e-05 1.25175683e-04 outputs/V3.3e25_D3000_G12/solution/solution-00071 
 72 9.291002831479e+10 7.489473796250e+08 768 7235 3201 14 5 6 6 7.48685230e-05 1.27757045e-04 outputs/V3.3e25_D3000_G12/solution/solution-00072 
 73 9.364384303142e+10 7.338147166349e+08 768 7235 3201 14 5 6 6 7.63794871e-05 1.30248689e-04 outputs/V3.3e25_D3000_G12/solution/solution-00073 
 74 9.436361995125e+10 7.197769198279e+08 768 7235 3201 14 5 6 6 7.78380806e-05 1.32650769e-04 outputs/V3.3e25_D3000_G12/solution/solution-00074 
 75 9.507036293527e+10 7.067429840185e+08 768 7235 3201 14 5 6 6 7.92443533e-05 1.34963588e-04 outputs/V3.3e25_D3000_G12/solution/solution-00075 
 76 9.576499473702e+10 6.946318017561e+08 768 7235 3201 13 5 6 6 8.05984479e-05 1.37187592e-04 outputs/V3.3e25_D3000_G12/solution/solution-00076 
 77 9.644836557745e+10 6.833708404253e+08 768 7235 3201 13 5 6 6 8.19005976e-05 1.39323366e-04 outputs/V3.3e25_D3000_G12/solution/solution-00077 
 78 9.712126060272e+10 6.728950252724e+08 768 7235 3201 13 5 6 6 8.31511222e-05 1.41371628e-04 outputs/V3.3e25_D3000_G12/solution/solution-00078 
 79 9.778440639456e+10 6.631457918439e+08 768 7235 3201 13 5 6 6 8.43504245e-05 1.43333221e-04 outputs/V3.3e25_D3000_G12/solution/solution-00079 
 80 9.843847667311e+10 6.540702785430e+08 768 7235 3201 13 5 6 6 8.54989870e-05 1.45209113e-04 outputs/V3.3e25_D3000_G12/solution/solution-00080 
 81 9.908409730878e+10 6.456206356678e+08 768 7235 3201 13 5 6 6 8.65973675e-05 1.47000385e-04 outputs/V3.3e25_D3000_G12/solution/solution-00081 
 82 9.972185074053e+10 6.377534317504e+08 768 7235 3201 13 5 6 6 8.76461952e-05 1.48708227e-04 outputs/V3.3e25_D3000_G12/solution/solution-00082 
 83 1.003522798821e+11 6.304291415481e+08 768 7235 3201 13 5 6 6 8.86461667e-05 1.50333933e-04 outputs/V3.3e25_D3000_G12/solution/solution-00083 
 84 1.009758915849e+11 6.236117028554e+08 768 7235 3201 13 5 6 6 8.95980415e-05 1.51878892e-04 outputs/V3.3e25_D3000_G12/solution/solution-00084 
 85 1.015931597165e+11 6.172681315699e+08 768 7235 3201 13 5 6 6 9.05026381e-05 1.53344584e-04 outputs/V3.3e25_D3000_G12/solution/solution-00085 
 86 1.022045279028e+11 6.113681862602e+08 768 7235 3201 13 5 6 6 9.13608293e-05 1.54741986e-04 outputs/V3.3e25_D3000_G12/solution/solution-00086 
 87 1.028104119777e+11 6.058840749651e+08 768 7235 3201 13 5 6 6 9.21735385e-05 1.56141887e-04 outputs/V3.3e25_D3000_G12/solution/solution-00087 
 88 1.034110446654e+11 6.006326876776e+08 768 7235 3201 13 5 6 6 9.29415386e-05 1.57460350e-04 outputs/V3.3e25_D3000_G12/solution/solution-00088 
 89 1.040066081735e+11 5.955635081078e+08 768 7235 3201 12 5 6 6 9.36656517e-05 1.58698785e-04 outputs/V3.3e25_D3000_G12/solution/solution-00089 
 90 1.045974842622e+11 5.908760886699e+08 768 7235 3201 12 5 6 6 9.43470328e-05 1.59859210e-04 outputs/V3.3e25_D3000_G12/solution/solution-00090 
 91 1.051840314801e+11 5.865472179250e+08 768 7235 3201 12 5 6 6 9.49868576e-05 1.60943714e-04 outputs/V3.3e25_D3000_G12/solution/solution-00091 
 92 1.057665868683e+11 5.825553881518e+08 768 7235 3201 12 5 6 6 9.55863194e-05 1.61954448e-04 outputs/V3.3e25_D3000_G12/solution/solution-00092 
 93 1.063454674928e+11 5.788806245045e+08 768 7235 3201 12 5 6 6 9.61466260e-05 1.62893617e-04 outputs/V3.3e25_D3000_G12/solution/solution-00093 
 94 1.069209718262e+11 5.755043334593e+08 768 7235 3201 12 5 6 6 9.66689970e-05 1.63763472e-04 outputs/V3.3e25_D3000_G12/solution/solution-00094 
 95 1.074933809946e+11 5.724091684028e+08 768 7235 3201 12 5 6 6 9.71546609e-05 1.64566304e-04 outputs/V3.3e25_D3000_G12/solution/solution-00095 
 96 1.080629599049e+11 5.695789103104e+08 768 7235 3201 12 5 6 6 9.76048525e-05 1.65304436e-04 outputs/V3.3e25_D3000_G12/solution/solution-00096 
 97 1.086299582666e+11 5.669983616881e+08 768 7235 3201 12 5 6 6 9.80208105e-05 1.65980217e-04 outputs/V3.3e25_D3000_G12/solution/solution-00097 
 98 1.091946115188e+11 5.646532521823e+08 768 7235 3201 12 5 6 6 9.84037750e-05 1.66596014e-04 outputs/V3.3e25_D3000_G12/solution/solution-00098 
 99 1.097571416733e+11 5.625301544784e+08 768 7235 3201 12 5 6 6 9.87549851e-05 1.67160298e-04 outputs/V3.3e25_D3000_G12/solution/solution-00099 
100 1.103177580826e+11 5.606164092936e+08 768 7235 3201 12 5 6 6 9.90756772e-05 1.67684326e-04 outputs/V3.3e25_D3000_G12/solution/solution-00100 
