# 1: Time step number
# 2: Time (years)
# 3: Time step size (years)
# 4: Number of mesh cells
# 5: Number of Stokes degrees of freedom
# 6: Number of temperature degrees of freedom
# 7: Iterations for temperature solver
# 8: Iterations for Stokes solver
# 9: Velocity iterations in Stokes preconditioner
# 10: Schur complement iterations in Stokes preconditioner
# 11: RMS velocity (m/year)
# 12: Max. velocity (m/year)
# 13: Visualization file name
  0 0.000000000000e+00 0.000000000000e+00 768 7235 3201  0 8 9 9 2.09091060e-07 1.01586256e-06 outputs/V3.3e25_D10000_G8/solution/solution-00000 
  1 1.392571516413e+09 1.392571516413e+09 768 7235 3201 32 8 9 9 2.65587934e-07 6.41103883e-07 outputs/V3.3e25_D10000_G8/solution/solution-00001 
  2 2.785143032825e+09 1.392571516413e+09 768 7235 3201 26 8 9 9 4.23595166e-07 7.36424041e-07 outputs/V3.3e25_D10000_G8/solution/solution-00002 
  3 4.177714549238e+09 1.392571516413e+09 768 7235 3201 25 8 9 9 6.70303841e-07 1.19109787e-06 outputs/V3.3e25_D10000_G8/solution/solution-00003 
  4 5.570286065650e+09 1.392571516413e+09 768 7235 3201 24 8 9 9 1.01856152e-06 1.84800271e-06 outputs/V3.3e25_D10000_G8/solution/solution-00004 
  5 6.962857582063e+09 1.392571516413e+09 768 7235 3201 23 8 9 9 1.48802084e-06 2.75229958e-06 outputs/V3.3e25_D10000_G8/solution/solution-00005 
  6 8.355429098476e+09 1.392571516413e+09 768 7235 3201 22 8 9 9 2.09733525e-06 3.94748584e-06 outputs/V3.3e25_D10000_G8/solution/solution-00006 
  7 9.748000614888e+09 1.392571516413e+09 768 7235 3201 22 8 9 9 2.86255054e-06 5.47187384e-06 outputs/V3.3e25_D10000_G8/solution/solution-00007 
  8 1.114057213130e+10 1.392571516413e+09 768 7235 3201 21 8 9 9 3.79605071e-06 7.35590606e-06 outputs/V3.3e25_D10000_G8/solution/solution-00008 
  9 1.253314364771e+10 1.392571516413e+09 768 7235 3201 21 8 9 9 4.90603664e-06 9.62048460e-06 outputs/V3.3e25_D10000_G8/solution/solution-00009 
 10 1.392571516413e+10 1.392571516413e+09 768 7235 3201 21 8 9 9 6.19647841e-06 1.22763279e-05 outputs/V3.3e25_D10000_G8/solution/solution-00010 
 11 1.531828668054e+10 1.392571516413e+09 768 7235 3201 21 8 9 9 7.66746011e-06 1.53262085e-05 outputs/V3.3e25_D10000_G8/solution/solution-00011 
 12 1.671085819695e+10 1.392571516413e+09 768 7235 3201 21 8 9 9 9.31581710e-06 1.87645701e-05 outputs/V3.3e25_D10000_G8/solution/solution-00012 
 13 1.810342971336e+10 1.392571516413e+09 768 7235 3201 21 8 9 9 1.11359670e-05 2.25752989e-05 outputs/V3.3e25_D10000_G8/solution/solution-00013 
 14 1.949600122978e+10 1.392571516413e+09 768 7235 3201 21 8 9 9 1.31208495e-05 2.67376978e-05 outputs/V3.3e25_D10000_G8/solution/solution-00014 
 15 2.088857274619e+10 1.392571516413e+09 768 7235 3201 21 7 8 8 1.52629077e-05 3.12440795e-05 outputs/V3.3e25_D10000_G8/solution/solution-00015 
 16 2.228114426260e+10 1.392571516413e+09 768 7235 3201 21 7 8 8 1.75550551e-05 3.60778845e-05 outputs/V3.3e25_D10000_G8/solution/solution-00016 
 17 2.367371577901e+10 1.392571516413e+09 768 7235 3201 21 7 8 8 1.99915748e-05 4.12112996e-05 outputs/V3.3e25_D10000_G8/solution/solution-00017 
 18 2.506628729543e+10 1.392571516413e+09 768 7235 3201 21 7 8 8 2.25688892e-05 4.66402582e-05 outputs/V3.3e25_D10000_G8/solution/solution-00018 
 19 2.645885881184e+10 1.392571516413e+09 768 7235 3201 21 7 8 8 2.52861244e-05 5.23763314e-05 outputs/V3.3e25_D10000_G8/solution/solution-00019 
 20 2.785143032825e+10 1.392571516413e+09 768 7235 3201 20 7 8 8 2.81453734e-05 5.84079118e-05 outputs/V3.3e25_D10000_G8/solution/solution-00020 
 21 2.924400184466e+10 1.392571516413e+09 768 7235 3201 20 7 8 8 3.11515470e-05 6.47520444e-05 outputs/V3.3e25_D10000_G8/solution/solution-00021 
 22 3.063657336108e+10 1.392571516413e+09 768 7235 3201 20 7 8 8 3.43116858e-05 7.14216828e-05 outputs/V3.3e25_D10000_G8/solution/solution-00022 
 23 3.194941603908e+10 1.312842678002e+09 768 7235 3201 20 6 7 7 3.74402579e-05 7.80090497e-05 outputs/V3.3e25_D10000_G8/solution/solution-00023 
 24 3.315100705748e+10 1.201591018404e+09 768 7235 3201 19 6 7 7 4.04373736e-05 8.43256993e-05 outputs/V3.3e25_D10000_G8/solution/solution-00024 
 25 3.426302498737e+10 1.112017929887e+09 768 7235 3201 18 6 7 7 4.33277499e-05 9.03719963e-05 outputs/V3.3e25_D10000_G8/solution/solution-00025 
 26 3.530040386381e+10 1.037378876436e+09 768 7235 3201 18 6 7 7 4.61244605e-05 9.62088695e-05 outputs/V3.3e25_D10000_G8/solution/solution-00026 
 27 3.627484624583e+10 9.744423820208e+08 768 7235 3201 17 6 7 7 4.88357355e-05 1.01826536e-04 outputs/V3.3e25_D10000_G8/solution/solution-00027 
 28 3.719625152244e+10 9.214052766133e+08 768 7235 3201 17 6 7 7 5.14677151e-05 1.07200425e-04 outputs/V3.3e25_D10000_G8/solution/solution-00028 
 29 3.807070035834e+10 8.744488359022e+08 768 7235 3201 16 6 7 7 5.40177779e-05 1.12348661e-04 outputs/V3.3e25_D10000_G8/solution/solution-00029 
 30 3.890483864069e+10 8.341382823449e+08 768 7235 3201 16 6 7 7 5.64865128e-05 1.17338009e-04 outputs/V3.3e25_D10000_G8/solution/solution-00030 
 31 3.970411758185e+10 7.992789411591e+08 768 7235 3201 16 6 7 7 5.88724857e-05 1.22050844e-04 outputs/V3.3e25_D10000_G8/solution/solution-00031 
 32 4.047259897501e+10 7.684813931633e+08 768 7235 3201 16 6 7 7 6.11713512e-05 1.26527260e-04 outputs/V3.3e25_D10000_G8/solution/solution-00032 
 33 4.121354602502e+10 7.409470500157e+08 768 7235 3201 15 6 7 7 6.33774795e-05 1.30775595e-04 outputs/V3.3e25_D10000_G8/solution/solution-00033 
 34 4.193042290051e+10 7.168768754898e+08 768 7235 3201 15 6 7 7 6.54868996e-05 1.34737637e-04 outputs/V3.3e25_D10000_G8/solution/solution-00034 
 35 4.262621957519e+10 6.957966746717e+08 768 7235 3201 15 6 7 7 6.74952151e-05 1.38444253e-04 outputs/V3.3e25_D10000_G8/solution/solution-00035 
 36 4.330354427783e+10 6.773247026434e+08 768 7235 3201 15 6 7 7 6.93978445e-05 1.41914629e-04 outputs/V3.3e25_D10000_G8/solution/solution-00036 
 37 4.396469430645e+10 6.611500286178e+08 768 7235 3201 15 6 7 7 7.11902227e-05 1.45093077e-04 outputs/V3.3e25_D10000_G8/solution/solution-00037 
 38 4.461127461727e+10 6.465803108244e+08 768 7235 3201 15 6 7 7 7.28668681e-05 1.47977411e-04 outputs/V3.3e25_D10000_G8/solution/solution-00038 
 39 4.524500251359e+10 6.337278963219e+08 768 7235 3201 14 6 7 7 7.44236610e-05 1.50568300e-04 outputs/V3.3e25_D10000_G8/solution/solution-00039 
 40 4.586760150839e+10 6.225989947939e+08 768 7235 3201 14 6 7 7 7.58574653e-05 1.52868315e-04 outputs/V3.3e25_D10000_G8/solution/solution-00040 
 41 4.648063210372e+10 6.130305953359e+08 768 7235 3201 14 6 7 7 7.71656779e-05 1.54881011e-04 outputs/V3.3e25_D10000_G8/solution/solution-00041 
 42 4.708551657127e+10 6.048844675449e+08 768 7235 3201 14 6 7 7 7.83463104e-05 1.56658480e-04 outputs/V3.3e25_D10000_G8/solution/solution-00042 
 43 4.768355913912e+10 5.980425678552e+08 768 7235 3201 14 6 7 7 7.93980544e-05 1.58187553e-04 outputs/V3.3e25_D10000_G8/solution/solution-00043 
 44 4.827596254608e+10 5.924034069583e+08 768 7235 3201 14 5 6 6 8.03203287e-05 1.59438922e-04 outputs/V3.3e25_D10000_G8/solution/solution-00044 
 45 4.886384169054e+10 5.878791444585e+08 768 7235 3201 14 5 6 6 8.11133107e-05 1.60420160e-04 outputs/V3.3e25_D10000_G8/solution/solution-00045 
 46 4.944823494095e+10 5.843932504123e+08 768 7235 3201 14 5 6 6 8.17779526e-05 1.61139920e-04 outputs/V3.3e25_D10000_G8/solution/solution-00046 
 47 5.003011352460e+10 5.818785836488e+08 768 7235 3201 14 5 6 6 8.23159820e-05 1.61607863e-04 outputs/V3.3e25_D10000_G8/solution/solution-00047 
 48 5.061038934849e+10 5.802758238917e+08 768 7235 3201 14 5 6 6 8.27298878e-05 1.61834587e-04 outputs/V3.3e25_D10000_G8/solution/solution-00048 
 49 5.118992151176e+10 5.795321632681e+08 768 7235 3201 14 5 6 6 8.30228933e-05 1.62320910e-04 outputs/V3.3e25_D10000_G8/solution/solution-00049 
 50 5.176777162369e+10 5.778501119302e+08 768 7235 3201 14 5 6 6 8.31985429e-05 1.62731448e-04 outputs/V3.3e25_D10000_G8/solution/solution-00050 
 51 5.234409807532e+10 5.763264516302e+08 768 7235 3201 14 5 6 6 8.32623677e-05 1.62858698e-04 outputs/V3.3e25_D10000_G8/solution/solution-00051 
 52 5.291991431821e+10 5.758162428883e+08 768 7235 3201 14 5 6 6 8.32206765e-05 1.62719211e-04 outputs/V3.3e25_D10000_G8/solution/solution-00052 
 53 5.349616978628e+10 5.762554680725e+08 768 7235 3201 14 5 6 6 8.30799481e-05 1.62329893e-04 outputs/V3.3e25_D10000_G8/solution/solution-00053 
 54 5.407375799222e+10 5.775882059385e+08 768 7235 3201 14 5 6 6 8.28467879e-05 1.61707867e-04 outputs/V3.3e25_D10000_G8/solution/solution-00054 
 55 5.465352329231e+10 5.797653000933e+08 768 7235 3201 14 5 6 6 8.25278864e-05 1.60870348e-04 outputs/V3.3e25_D10000_G8/solution/solution-00055 
 56 5.523626651096e+10 5.827432186472e+08 768 7235 3201 14 6 7 7 8.21299782e-05 1.59834529e-04 outputs/V3.3e25_D10000_G8/solution/solution-00056 
 57 5.582274959290e+10 5.864830819347e+08 768 7235 3201 14 6 7 7 8.16598023e-05 1.58617477e-04 outputs/V3.3e25_D10000_G8/solution/solution-00057 
 58 5.641369941578e+10 5.909498228812e+08 768 7235 3201 14 6 7 7 8.11240627e-05 1.57236033e-04 outputs/V3.3e25_D10000_G8/solution/solution-00058 
 59 5.700981089203e+10 5.961114762479e+08 768 7235 3201 14 6 7 7 8.05293914e-05 1.55706725e-04 outputs/V3.3e25_D10000_G8/solution/solution-00059 
 60 5.761174944198e+10 6.019385499559e+08 768 7235 3201 14 6 7 7 7.98823139e-05 1.54045683e-04 outputs/V3.3e25_D10000_G8/solution/solution-00060 
 61 5.822015292525e+10 6.084034832710e+08 768 7235 3201 14 6 7 7 7.91892155e-05 1.52268573e-04 outputs/V3.3e25_D10000_G8/solution/solution-00061 
 62 5.883563309680e+10 6.154801715447e+08 768 7235 3201 14 5 6 6 7.84563120e-05 1.50390526e-04 outputs/V3.3e25_D10000_G8/solution/solution-00062 
 63 5.945877664547e+10 6.231435486684e+08 768 7235 3201 14 5 6 6 7.76896216e-05 1.48426085e-04 outputs/V3.3e25_D10000_G8/solution/solution-00063 
 64 6.009014587081e+10 6.313692253430e+08 768 7235 3201 14 5 6 6 7.68949411e-05 1.46389158e-04 outputs/V3.3e25_D10000_G8/solution/solution-00064 
 65 6.073027903570e+10 6.401331648926e+08 768 7235 3201 14 5 6 6 7.60778244e-05 1.44292979e-04 outputs/V3.3e25_D10000_G8/solution/solution-00065 
 66 6.137969044608e+10 6.494114103755e+08 768 7235 3201 14 5 6 6 7.52435638e-05 1.42150070e-04 outputs/V3.3e25_D10000_G8/solution/solution-00066 
 67 6.203887029324e+10 6.591798471651e+08 768 7235 3201 14 5 6 6 7.43971754e-05 1.39972226e-04 outputs/V3.3e25_D10000_G8/solution/solution-00067 
 68 6.270828429787e+10 6.694140046248e+08 768 7235 3201 14 5 6 6 7.35433864e-05 1.37770488e-04 outputs/V3.3e25_D10000_G8/solution/solution-00068 
 69 6.338837319281e+10 6.800888949462e+08 768 7235 3201 14 5 6 6 7.26866257e-05 1.35555139e-04 outputs/V3.3e25_D10000_G8/solution/solution-00069 
 70 6.407955208138e+10 6.911788885672e+08 768 7235 3201 14 5 6 6 7.18310177e-05 1.33335696e-04 outputs/V3.3e25_D10000_G8/solution/solution-00070 
 71 6.478220970722e+10 7.026576258388e+08 768 7235 3201 14 5 6 6 7.09803781e-05 1.31120911e-04 outputs/V3.3e25_D10000_G8/solution/solution-00071 
 72 6.549670767190e+10 7.144979646830e+08 768 7235 3201 14 5 6 6 7.01382123e-05 1.29081293e-04 outputs/V3.3e25_D10000_G8/solution/solution-00072 
 73 6.622298380603e+10 7.262761341262e+08 768 7235 3201 14 5 6 6 6.93081616e-05 1.27340142e-04 outputs/V3.3e25_D10000_G8/solution/solution-00073 
 74 6.695935689778e+10 7.363730917568e+08 768 7235 3201 14 5 6 6 6.84952216e-05 1.25634818e-04 outputs/V3.3e25_D10000_G8/solution/solution-00074 
 75 6.770589905117e+10 7.465421533865e+08 768 7235 3201 15 5 6 6 6.77018895e-05 1.23968838e-04 outputs/V3.3e25_D10000_G8/solution/solution-00075 
 76 6.846265463702e+10 7.567555858499e+08 768 7235 3201 15 5 6 6 6.69303089e-05 1.22345162e-04 outputs/V3.3e25_D10000_G8/solution/solution-00076 
 77 6.922961193831e+10 7.669573012911e+08 768 7235 3201 15 5 6 6 6.61823144e-05 1.20766288e-04 outputs/V3.3e25_D10000_G8/solution/solution-00077 
 78 7.000635091290e+10 7.767389745836e+08 768 7235 3201 15 5 6 6 6.54597659e-05 1.19234956e-04 outputs/V3.3e25_D10000_G8/solution/solution-00078 
 79 7.079281297884e+10 7.864620659456e+08 768 7235 3201 15 5 6 6 6.47638186e-05 1.17761089e-04 outputs/V3.3e25_D10000_G8/solution/solution-00079 
 80 7.158891634749e+10 7.961033686505e+08 768 7235 3201 15 5 6 6 6.40953486e-05 1.16366952e-04 outputs/V3.3e25_D10000_G8/solution/solution-00080 
 81 7.239455745149e+10 8.056411039992e+08 768 7235 3201 15 5 6 6 6.34549757e-05 1.15022910e-04 outputs/V3.3e25_D10000_G8/solution/solution-00081 
 82 7.320961246665e+10 8.150550151612e+08 768 7235 3201 15 5 6 6 6.28430873e-05 1.13729216e-04 outputs/V3.3e25_D10000_G8/solution/solution-00082 
 83 7.403393891068e+10 8.243264440309e+08 768 7235 3201 15 5 6 6 6.22598612e-05 1.12485819e-04 outputs/V3.3e25_D10000_G8/solution/solution-00083 
 84 7.486737730017e+10 8.334383894889e+08 768 7235 3201 15 5 6 6 6.17052880e-05 1.11292404e-04 outputs/V3.3e25_D10000_G8/solution/solution-00084 
 85 7.570975284645e+10 8.423755462782e+08 768 7235 3201 15 5 6 6 6.11791927e-05 1.10157742e-04 outputs/V3.3e25_D10000_G8/solution/solution-00085 
 86 7.656087717077e+10 8.511243243158e+08 768 7235 3201 15 5 6 6 6.06812553e-05 1.09099730e-04 outputs/V3.3e25_D10000_G8/solution/solution-00086 
 87 7.742055001954e+10 8.596728487702e+08 768 7235 3201 15 5 6 6 6.02110301e-05 1.08088711e-04 outputs/V3.3e25_D10000_G8/solution/solution-00087 
 88 7.828851525977e+10 8.679652402301e+08 768 7235 3201 15 5 6 6 5.97679867e-05 1.07123657e-04 outputs/V3.3e25_D10000_G8/solution/solution-00088 
 89 7.916405734457e+10 8.755420847992e+08 768 7235 3201 15 5 6 6 5.93517056e-05 1.06203871e-04 outputs/V3.3e25_D10000_G8/solution/solution-00089 
 90 8.004693880934e+10 8.828814647764e+08 768 7235 3201 15 5 6 6 5.89614213e-05 1.05327977e-04 outputs/V3.3e25_D10000_G8/solution/solution-00090 
 91 8.093691838489e+10 8.899795755476e+08 768 7235 3201 15 5 6 6 5.85963107e-05 1.04494530e-04 outputs/V3.3e25_D10000_G8/solution/solution-00091 
 92 8.183375244895e+10 8.968340640620e+08 768 7235 3201 15 5 6 6 5.82555066e-05 1.03713417e-04 outputs/V3.3e25_D10000_G8/solution/solution-00092 
 93 8.273719637012e+10 9.034439211728e+08 768 7235 3201 15 5 6 6 5.79381097e-05 1.03015496e-04 outputs/V3.3e25_D10000_G8/solution/solution-00093 
 94 8.364700574093e+10 9.098093708019e+08 768 7235 3201 15 5 6 6 5.76431996e-05 1.02354173e-04 outputs/V3.3e25_D10000_G8/solution/solution-00094 
 95 8.456293749751e+10 9.159317565866e+08 768 7235 3201 15 5 6 6 5.73698440e-05 1.01727919e-04 outputs/V3.3e25_D10000_G8/solution/solution-00095 
 96 8.548475092499e+10 9.218134274769e+08 768 7235 3201 15 5 6 6 5.71171068e-05 1.01135212e-04 outputs/V3.3e25_D10000_G8/solution/solution-00096 
 97 8.641220854891e+10 9.274576239246e+08 768 7235 3201 15 5 6 6 5.68840554e-05 1.00574546e-04 outputs/V3.3e25_D10000_G8/solution/solution-00097 
 98 8.734498207695e+10 9.327735280393e+08 768 7235 3201 15 5 6 6 5.66697875e-05 1.00044489e-04 outputs/V3.3e25_D10000_G8/solution/solution-00098 
 99 8.828239926410e+10 9.374171871506e+08 768 7235 3201 15 5 6 6 5.64734777e-05 9.95438105e-05 outputs/V3.3e25_D10000_G8/solution/solution-00099 
100 8.922423548665e+10 9.418362225476e+08 768 7235 3201 15 5 6 6 5.62942069e-05 9.90975667e-05 outputs/V3.3e25_D10000_G8/solution/solution-00100 
