# 1: Time step number
# 2: Time (years)
# 3: Time step size (years)
# 4: Number of mesh cells
# 5: Number of Stokes degrees of freedom
# 6: Number of temperature degrees of freedom
# 7: Iterations for temperature solver
# 8: Iterations for Stokes solver
# 9: Velocity iterations in Stokes preconditioner
# 10: Schur complement iterations in Stokes preconditioner
# 11: RMS velocity (m/year)
# 12: Max. velocity (m/year)
# 13: Visualization file name
  0 0.000000000000e+00 0.000000000000e+00 768 7235 3201  0 8 9 9 1.34251954e-07 2.82856226e-07 outputs/V1e25_D3000_G2/solution/solution-00000 
  1 1.392571516413e+09 1.392571516413e+09 768 7235 3201 32 8 9 9 1.48127505e-07 2.58799701e-07 outputs/V1e25_D3000_G2/solution/solution-00001 
  2 2.785143032825e+09 1.392571516413e+09 768 7235 3201 25 8 9 9 1.64908134e-07 2.80537526e-07 outputs/V1e25_D3000_G2/solution/solution-00002 
  3 4.177714549238e+09 1.392571516413e+09 768 7235 3201 24 8 9 9 1.82309167e-07 3.12224144e-07 outputs/V1e25_D3000_G2/solution/solution-00003 
  4 5.570286065650e+09 1.392571516413e+09 768 7235 3201 23 8 9 9 1.99437556e-07 3.44048287e-07 outputs/V1e25_D3000_G2/solution/solution-00004 
  5 6.962857582063e+09 1.392571516413e+09 768 7235 3201 23 8 9 9 2.16021137e-07 3.75389863e-07 outputs/V1e25_D3000_G2/solution/solution-00005 
  6 8.355429098476e+09 1.392571516413e+09 768 7235 3201 22 8 9 9 2.31922560e-07 4.05842538e-07 outputs/V1e25_D3000_G2/solution/solution-00006 
  7 9.748000614888e+09 1.392571516413e+09 768 7235 3201 22 8 9 9 2.47075267e-07 4.35131159e-07 outputs/V1e25_D3000_G2/solution/solution-00007 
  8 1.114057213130e+10 1.392571516413e+09 768 7235 3201 21 8 9 9 2.61453423e-07 4.63075059e-07 outputs/V1e25_D3000_G2/solution/solution-00008 
  9 1.253314364771e+10 1.392571516413e+09 768 7235 3201 21 8 9 9 2.75057923e-07 4.89568067e-07 outputs/V1e25_D3000_G2/solution/solution-00009 
 10 1.392571516413e+10 1.392571516413e+09 768 7235 3201 21 8 9 9 2.87908390e-07 5.14564244e-07 outputs/V1e25_D3000_G2/solution/solution-00010 
 11 1.531828668054e+10 1.392571516413e+09 768 7235 3201 20 8 9 9 3.00037668e-07 5.38065665e-07 outputs/V1e25_D3000_G2/solution/solution-00011 
 12 1.671085819695e+10 1.392571516413e+09 768 7235 3201 20 8 9 9 3.11487602e-07 5.60111335e-07 outputs/V1e25_D3000_G2/solution/solution-00012 
 13 1.810342971336e+10 1.392571516413e+09 768 7235 3201 20 8 9 9 3.22305693e-07 5.80767239e-07 outputs/V1e25_D3000_G2/solution/solution-00013 
 14 1.949600122978e+10 1.392571516413e+09 768 7235 3201 20 8 9 9 3.32542436e-07 6.00117746e-07 outputs/V1e25_D3000_G2/solution/solution-00014 
 15 2.088857274619e+10 1.392571516413e+09 768 7235 3201 20 8 9 9 3.42249275e-07 6.18258480e-07 outputs/V1e25_D3000_G2/solution/solution-00015 
 16 2.228114426260e+10 1.392571516413e+09 768 7235 3201 20 8 9 9 3.51477054e-07 6.35290676e-07 outputs/V1e25_D3000_G2/solution/solution-00016 
 17 2.367371577901e+10 1.392571516413e+09 768 7235 3201 20 8 9 9 3.60274920e-07 6.51316883e-07 outputs/V1e25_D3000_G2/solution/solution-00017 
 18 2.506628729543e+10 1.392571516413e+09 768 7235 3201 20 8 9 9 3.68689564e-07 6.66437856e-07 outputs/V1e25_D3000_G2/solution/solution-00018 
 19 2.645885881184e+10 1.392571516413e+09 768 7235 3201 19 8 9 9 3.76764758e-07 6.80750397e-07 outputs/V1e25_D3000_G2/solution/solution-00019 
 20 2.785143032825e+10 1.392571516413e+09 768 7235 3201 19 8 9 9 3.84541098e-07 6.94345973e-07 outputs/V1e25_D3000_G2/solution/solution-00020 
 21 2.924400184466e+10 1.392571516413e+09 768 7235 3201 19 8 9 9 3.92055919e-07 7.07309899e-07 outputs/V1e25_D3000_G2/solution/solution-00021 
 22 3.063657336108e+10 1.392571516413e+09 768 7235 3201 19 8 9 9 3.99343319e-07 7.19720960e-07 outputs/V1e25_D3000_G2/solution/solution-00022 
 23 3.202914487749e+10 1.392571516413e+09 768 7235 3201 19 8 9 9 4.06434270e-07 7.31651330e-07 outputs/V1e25_D3000_G2/solution/solution-00023 
 24 3.342171639390e+10 1.392571516413e+09 768 7235 3201 19 8 9 9 4.13356780e-07 7.43166710e-07 outputs/V1e25_D3000_G2/solution/solution-00024 
 25 3.481428791032e+10 1.392571516413e+09 768 7235 3201 19 8 9 9 4.20136088e-07 7.54326599e-07 outputs/V1e25_D3000_G2/solution/solution-00025 
 26 3.620685942673e+10 1.392571516413e+09 768 7235 3201 19 8 9 9 4.26794873e-07 7.65184659e-07 outputs/V1e25_D3000_G2/solution/solution-00026 
 27 3.759943094314e+10 1.392571516413e+09 768 7235 3201 19 8 9 9 4.33353475e-07 7.75789128e-07 outputs/V1e25_D3000_G2/solution/solution-00027 
 28 3.899200245955e+10 1.392571516413e+09 768 7235 3201 19 8 9 9 4.39830105e-07 7.86183247e-07 outputs/V1e25_D3000_G2/solution/solution-00028 
 29 4.038457397597e+10 1.392571516413e+09 768 7235 3201 19 8 9 9 4.46241051e-07 7.96405701e-07 outputs/V1e25_D3000_G2/solution/solution-00029 
 30 4.177714549238e+10 1.392571516413e+09 768 7235 3201 19 8 9 9 4.52600875e-07 8.06491039e-07 outputs/V1e25_D3000_G2/solution/solution-00030 
 31 4.316971700879e+10 1.392571516413e+09 768 7235 3201 19 8 9 9 4.58922592e-07 8.16470079e-07 outputs/V1e25_D3000_G2/solution/solution-00031 
 32 4.456228852520e+10 1.392571516413e+09 768 7235 3201 19 8 9 9 4.65217836e-07 8.26370288e-07 outputs/V1e25_D3000_G2/solution/solution-00032 
 33 4.595486004162e+10 1.392571516413e+09 768 7235 3201 19 8 9 9 4.71497013e-07 8.36216131e-07 outputs/V1e25_D3000_G2/solution/solution-00033 
 34 4.734743155803e+10 1.392571516413e+09 768 7235 3201 18 8 9 9 4.77769440e-07 8.46029397e-07 outputs/V1e25_D3000_G2/solution/solution-00034 
 35 4.874000307444e+10 1.392571516413e+09 768 7235 3201 18 8 9 9 4.84043464e-07 8.55829491e-07 outputs/V1e25_D3000_G2/solution/solution-00035 
 36 5.013257459085e+10 1.392571516413e+09 768 7235 3201 18 8 9 9 4.90326583e-07 8.65633703e-07 outputs/V1e25_D3000_G2/solution/solution-00036 
 37 5.152514610727e+10 1.392571516413e+09 768 7235 3201 18 8 9 9 4.96625535e-07 8.75457445e-07 outputs/V1e25_D3000_G2/solution/solution-00037 
 38 5.291771762368e+10 1.392571516413e+09 768 7235 3201 18 8 9 9 5.02946392e-07 8.85314472e-07 outputs/V1e25_D3000_G2/solution/solution-00038 
 39 5.431028914009e+10 1.392571516413e+09 768 7235 3201 18 8 9 9 5.09294642e-07 8.95217068e-07 outputs/V1e25_D3000_G2/solution/solution-00039 
 40 5.570286065650e+10 1.392571516413e+09 768 7235 3201 18 8 9 9 5.15675250e-07 9.05176224e-07 outputs/V1e25_D3000_G2/solution/solution-00040 
 41 5.709543217292e+10 1.392571516413e+09 768 7235 3201 18 8 9 9 5.22092728e-07 9.15201790e-07 outputs/V1e25_D3000_G2/solution/solution-00041 
 42 5.848800368933e+10 1.392571516413e+09 768 7235 3201 18 8 9 9 5.28551186e-07 9.25302610e-07 outputs/V1e25_D3000_G2/solution/solution-00042 
 43 5.988057520574e+10 1.392571516413e+09 768 7235 3201 18 7 8 8 5.35054380e-07 9.35486641e-07 outputs/V1e25_D3000_G2/solution/solution-00043 
 44 6.127314672215e+10 1.392571516413e+09 768 7235 3201 18 7 8 8 5.41605756e-07 9.45761066e-07 outputs/V1e25_D3000_G2/solution/solution-00044 
 45 6.266571823857e+10 1.392571516413e+09 768 7235 3201 18 7 8 8 5.48208486e-07 9.56132380e-07 outputs/V1e25_D3000_G2/solution/solution-00045 
 46 6.405828975498e+10 1.392571516413e+09 768 7235 3201 18 7 8 8 5.54865503e-07 9.66606480e-07 outputs/V1e25_D3000_G2/solution/solution-00046 
 47 6.545086127139e+10 1.392571516413e+09 768 7235 3201 18 7 8 8 5.61579528e-07 9.77188737e-07 outputs/V1e25_D3000_G2/solution/solution-00047 
 48 6.684343278781e+10 1.392571516413e+09 768 7235 3201 18 7 8 8 5.68353097e-07 9.87884059e-07 outputs/V1e25_D3000_G2/solution/solution-00048 
 49 6.823600430422e+10 1.392571516413e+09 768 7235 3201 18 7 8 8 5.75188584e-07 9.98696950e-07 outputs/V1e25_D3000_G2/solution/solution-00049 
 50 6.962857582063e+10 1.392571516413e+09 768 7235 3201 18 7 8 8 5.82088218e-07 1.00963156e-06 outputs/V1e25_D3000_G2/solution/solution-00050 
 51 7.102114733704e+10 1.392571516413e+09 768 7235 3201 18 7 8 8 5.89054103e-07 1.02069173e-06 outputs/V1e25_D3000_G2/solution/solution-00051 
 52 7.241371885346e+10 1.392571516413e+09 768 7235 3201 18 7 8 8 5.96088235e-07 1.03188102e-06 outputs/V1e25_D3000_G2/solution/solution-00052 
 53 7.380629036987e+10 1.392571516413e+09 768 7235 3201 18 7 8 8 6.03192511e-07 1.04320278e-06 outputs/V1e25_D3000_G2/solution/solution-00053 
 54 7.519886188628e+10 1.392571516413e+09 768 7235 3201 18 7 8 8 6.10368745e-07 1.05466013e-06 outputs/V1e25_D3000_G2/solution/solution-00054 
 55 7.659143340269e+10 1.392571516413e+09 768 7235 3201 18 7 8 8 6.17618676e-07 1.06625602e-06 outputs/V1e25_D3000_G2/solution/solution-00055 
 56 7.798400491911e+10 1.392571516413e+09 768 7235 3201 18 7 8 8 6.24943978e-07 1.07799324e-06 outputs/V1e25_D3000_G2/solution/solution-00056 
 57 7.937657643552e+10 1.392571516413e+09 768 7235 3201 18 7 8 8 6.32346272e-07 1.08987445e-06 outputs/V1e25_D3000_G2/solution/solution-00057 
 58 8.076914795193e+10 1.392571516413e+09 768 7235 3201 18 7 8 8 6.39827126e-07 1.10190219e-06 outputs/V1e25_D3000_G2/solution/solution-00058 
 59 8.216171946834e+10 1.392571516413e+09 768 7235 3201 18 7 8 8 6.47388067e-07 1.11407891e-06 outputs/V1e25_D3000_G2/solution/solution-00059 
 60 8.355429098476e+10 1.392571516413e+09 768 7235 3201 18 7 8 8 6.55030586e-07 1.12640696e-06 outputs/V1e25_D3000_G2/solution/solution-00060 
 61 8.494686250117e+10 1.392571516413e+09 768 7235 3201 17 7 8 8 6.62756141e-07 1.13888862e-06 outputs/V1e25_D3000_G2/solution/solution-00061 
 62 8.633943401758e+10 1.392571516413e+09 768 7235 3201 17 7 8 8 6.70566163e-07 1.15152612e-06 outputs/V1e25_D3000_G2/solution/solution-00062 
 63 8.773200553399e+10 1.392571516413e+09 768 7235 3201 17 7 8 8 6.78462062e-07 1.16432162e-06 outputs/V1e25_D3000_G2/solution/solution-00063 
 64 8.912457705041e+10 1.392571516413e+09 768 7235 3201 17 7 8 8 6.86445227e-07 1.17727724e-06 outputs/V1e25_D3000_G2/solution/solution-00064 
 65 9.051714856682e+10 1.392571516413e+09 768 7235 3201 17 7 8 8 6.94517028e-07 1.19039508e-06 outputs/V1e25_D3000_G2/solution/solution-00065 
 66 9.190972008323e+10 1.392571516413e+09 768 7235 3201 17 7 8 8 7.02678827e-07 1.20367719e-06 outputs/V1e25_D3000_G2/solution/solution-00066 
 67 9.330229159964e+10 1.392571516413e+09 768 7235 3201 17 7 8 8 7.10931971e-07 1.21712560e-06 outputs/V1e25_D3000_G2/solution/solution-00067 
 68 9.469486311606e+10 1.392571516413e+09 768 7235 3201 17 7 8 8 7.19277801e-07 1.23074233e-06 outputs/V1e25_D3000_G2/solution/solution-00068 
 69 9.608743463247e+10 1.392571516413e+09 768 7235 3201 17 7 8 8 7.27717650e-07 1.24452939e-06 outputs/V1e25_D3000_G2/solution/solution-00069 
 70 9.748000614888e+10 1.392571516413e+09 768 7235 3201 17 7 8 8 7.36252847e-07 1.25848877e-06 outputs/V1e25_D3000_G2/solution/solution-00070 
 71 9.887257766530e+10 1.392571516413e+09 768 7235 3201 17 7 8 8 7.44884719e-07 1.27262246e-06 outputs/V1e25_D3000_G2/solution/solution-00071 
 72 1.002651491817e+11 1.392571516413e+09 768 7235 3201 17 7 8 8 7.53614590e-07 1.28693245e-06 outputs/V1e25_D3000_G2/solution/solution-00072 
 73 1.016577206981e+11 1.392571516413e+09 768 7235 3201 17 7 8 8 7.62443787e-07 1.30142073e-06 outputs/V1e25_D3000_G2/solution/solution-00073 
 74 1.030502922145e+11 1.392571516413e+09 768 7235 3201 17 7 8 8 7.71373636e-07 1.31608929e-06 outputs/V1e25_D3000_G2/solution/solution-00074 
 75 1.044428637309e+11 1.392571516413e+09 768 7235 3201 17 7 8 8 7.80405466e-07 1.33094013e-06 outputs/V1e25_D3000_G2/solution/solution-00075 
 76 1.058354352474e+11 1.392571516413e+09 768 7235 3201 17 7 8 8 7.89540612e-07 1.34597527e-06 outputs/V1e25_D3000_G2/solution/solution-00076 
 77 1.072280067638e+11 1.392571516413e+09 768 7235 3201 17 7 8 8 7.98780410e-07 1.36119672e-06 outputs/V1e25_D3000_G2/solution/solution-00077 
 78 1.086205782802e+11 1.392571516413e+09 768 7235 3201 17 7 8 8 8.08126204e-07 1.37660652e-06 outputs/V1e25_D3000_G2/solution/solution-00078 
 79 1.100131497966e+11 1.392571516413e+09 768 7235 3201 17 6 7 7 8.17579345e-07 1.39220672e-06 outputs/V1e25_D3000_G2/solution/solution-00079 
 80 1.114057213130e+11 1.392571516413e+09 768 7235 3201 17 6 7 7 8.27141190e-07 1.40799937e-06 outputs/V1e25_D3000_G2/solution/solution-00080 
 81 1.127982928294e+11 1.392571516413e+09 768 7235 3201 17 6 7 7 8.36813105e-07 1.42398657e-06 outputs/V1e25_D3000_G2/solution/solution-00081 
 82 1.141908643458e+11 1.392571516413e+09 768 7235 3201 17 6 7 7 8.46596463e-07 1.44017042e-06 outputs/V1e25_D3000_G2/solution/solution-00082 
 83 1.155834358622e+11 1.392571516413e+09 768 7235 3201 17 6 7 7 8.56492648e-07 1.45655302e-06 outputs/V1e25_D3000_G2/solution/solution-00083 
 84 1.169760073787e+11 1.392571516413e+09 768 7235 3201 17 6 7 7 8.66503053e-07 1.47313653e-06 outputs/V1e25_D3000_G2/solution/solution-00084 
 85 1.183685788951e+11 1.392571516413e+09 768 7235 3201 17 6 7 7 8.76629082e-07 1.48992311e-06 outputs/V1e25_D3000_G2/solution/solution-00085 
 86 1.197611504115e+11 1.392571516413e+09 768 7235 3201 17 6 7 7 8.86872150e-07 1.50691494e-06 outputs/V1e25_D3000_G2/solution/solution-00086 
 87 1.211537219279e+11 1.392571516413e+09 768 7235 3201 17 6 7 7 8.97233683e-07 1.52411424e-06 outputs/V1e25_D3000_G2/solution/solution-00087 
 88 1.225462934443e+11 1.392571516413e+09 768 7235 3201 16 6 7 7 9.07715119e-07 1.54152323e-06 outputs/V1e25_D3000_G2/solution/solution-00088 
 89 1.239388649607e+11 1.392571516413e+09 768 7235 3201 16 6 7 7 9.18317910e-07 1.55914418e-06 outputs/V1e25_D3000_G2/solution/solution-00089 
 90 1.253314364771e+11 1.392571516413e+09 768 7235 3201 16 6 7 7 9.29043518e-07 1.57697936e-06 outputs/V1e25_D3000_G2/solution/solution-00090 
 91 1.267240079935e+11 1.392571516413e+09 768 7235 3201 16 6 7 7 9.39893421e-07 1.59503111e-06 outputs/V1e25_D3000_G2/solution/solution-00091 
 92 1.281165795100e+11 1.392571516413e+09 768 7235 3201 16 6 7 7 9.50869109e-07 1.61330174e-06 outputs/V1e25_D3000_G2/solution/solution-00092 
 93 1.295091510264e+11 1.392571516413e+09 768 7235 3201 16 6 7 7 9.61972087e-07 1.63179363e-06 outputs/V1e25_D3000_G2/solution/solution-00093 
 94 1.309017225428e+11 1.392571516413e+09 768 7235 3201 16 6 7 7 9.73203874e-07 1.65050918e-06 outputs/V1e25_D3000_G2/solution/solution-00094 
 95 1.322942940592e+11 1.392571516413e+09 768 7235 3201 16 6 7 7 9.84566003e-07 1.66945080e-06 outputs/V1e25_D3000_G2/solution/solution-00095 
 96 1.336868655756e+11 1.392571516413e+09 768 7235 3201 16 6 7 7 9.96060025e-07 1.68862096e-06 outputs/V1e25_D3000_G2/solution/solution-00096 
 97 1.350794370920e+11 1.392571516413e+09 768 7235 3201 16 6 7 7 1.00768750e-06 1.70802214e-06 outputs/V1e25_D3000_G2/solution/solution-00097 
 98 1.364720086084e+11 1.392571516413e+09 768 7235 3201 16 6 7 7 1.01945002e-06 1.72765684e-06 outputs/V1e25_D3000_G2/solution/solution-00098 
 99 1.378645801248e+11 1.392571516413e+09 768 7235 3201 16 6 7 7 1.03134916e-06 1.74752763e-06 outputs/V1e25_D3000_G2/solution/solution-00099 
100 1.392571516413e+11 1.392571516413e+09 768 7235 3201 16 6 7 7 1.04338656e-06 1.76763706e-06 outputs/V1e25_D3000_G2/solution/solution-00100 
