# 1: Time step number
# 2: Time (years)
# 3: Time step size (years)
# 4: Number of mesh cells
# 5: Number of Stokes degrees of freedom
# 6: Number of temperature degrees of freedom
# 7: Iterations for temperature solver
# 8: Iterations for Stokes solver
# 9: Velocity iterations in Stokes preconditioner
# 10: Schur complement iterations in Stokes preconditioner
# 11: RMS velocity (m/year)
# 12: Max. velocity (m/year)
# 13: Visualization file name
  0 0.000000000000e+00 0.000000000000e+00 768 7235 3201  0 8 9 9 1.20222791e-06 2.06590003e-06 outputs/V3.3e24_D300_G6/solution/solution-00000 
  1 1.392571516413e+09 1.392571516413e+09 768 7235 3201 31 8 9 9 1.40646541e-06 2.42063428e-06 outputs/V3.3e24_D300_G6/solution/solution-00001 
  2 2.785143032825e+09 1.392571516413e+09 768 7235 3201 25 8 9 9 1.72343204e-06 3.04265330e-06 outputs/V3.3e24_D300_G6/solution/solution-00002 
  3 4.177714549238e+09 1.392571516413e+09 768 7235 3201 24 8 9 9 2.20867337e-06 3.99381969e-06 outputs/V3.3e24_D300_G6/solution/solution-00003 
  4 5.570286065650e+09 1.392571516413e+09 768 7235 3201 23 8 9 9 2.94596607e-06 5.42618474e-06 outputs/V3.3e24_D300_G6/solution/solution-00004 
  5 6.962857582063e+09 1.392571516413e+09 768 7235 3201 22 8 9 9 4.06482418e-06 7.57657126e-06 outputs/V3.3e24_D300_G6/solution/solution-00005 
  6 8.355429098476e+09 1.392571516413e+09 768 7235 3201 22 8 9 9 5.76746098e-06 1.08165985e-05 outputs/V3.3e24_D300_G6/solution/solution-00006 
  7 9.748000614888e+09 1.392571516413e+09 768 7235 3201 21 8 9 9 8.37176494e-06 1.57300288e-05 outputs/V3.3e24_D300_G6/solution/solution-00007 
  8 1.114057213130e+10 1.392571516413e+09 768 7235 3201 21 8 9 9 1.23796267e-05 2.32352828e-05 outputs/V3.3e24_D300_G6/solution/solution-00008 
  9 1.253314364771e+10 1.392571516413e+09 768 7235 3201 21 8 9 9 1.85859438e-05 3.47908106e-05 outputs/V3.3e24_D300_G6/solution/solution-00009 
 10 1.392571516413e+10 1.392571516413e+09 768 7235 3201 21 8 9 9 2.82521630e-05 5.26841933e-05 outputs/V3.3e24_D300_G6/solution/solution-00010 
 11 1.531828668054e+10 1.392571516413e+09 768 7235 3201 22 7 8 8 4.33792922e-05 8.05166165e-05 outputs/V3.3e24_D300_G6/solution/solution-00011 
 12 1.648234698486e+10 1.164060304325e+09 768 7235 3201 21 7 8 8 6.27727124e-05 1.16090911e-04 outputs/V3.3e24_D300_G6/solution/solution-00012 
 13 1.728996153863e+10 8.076145537664e+08 768 7235 3201 18 7 8 8 8.19273669e-05 1.51121161e-04 outputs/V3.3e24_D300_G6/solution/solution-00013 
 14 1.791050186187e+10 6.205403232438e+08 768 7235 3201 15 7 8 8 1.01084645e-04 1.86083750e-04 outputs/V3.3e24_D300_G6/solution/solution-00014 
 15 1.841430727076e+10 5.038054088898e+08 768 7235 3201 14 6 7 7 1.20206380e-04 2.20859819e-04 outputs/V3.3e24_D300_G6/solution/solution-00015 
 16 1.883878466284e+10 4.244773920769e+08 768 7235 3201 13 6 7 7 1.39260516e-04 2.55489486e-04 outputs/V3.3e24_D300_G6/solution/solution-00016 
 17 1.920588376833e+10 3.670991054894e+08 768 7235 3201 12 6 7 7 1.58214647e-04 2.89738157e-04 outputs/V3.3e24_D300_G6/solution/solution-00017 
 18 1.952939677748e+10 3.235130091505e+08 768 7235 3201 11 6 7 7 1.77026085e-04 3.23669690e-04 outputs/V3.3e24_D300_G6/solution/solution-00018 
 19 1.981899379562e+10 2.895970181386e+08 768 7235 3201 11 6 7 7 1.95674164e-04 3.57259478e-04 outputs/V3.3e24_D300_G6/solution/solution-00019 
 20 2.008150742239e+10 2.625136267746e+08 768 7235 3201 10 6 7 7 2.14136284e-04 3.90268788e-04 outputs/V3.3e24_D300_G6/solution/solution-00020 
 21 2.032176154794e+10 2.402541255433e+08 768 7235 3201 10 6 7 7 2.32372891e-04 4.22805085e-04 outputs/V3.3e24_D300_G6/solution/solution-00021 
 22 2.054349492672e+10 2.217333787835e+08 768 7235 3201 10 6 7 7 2.50349742e-04 4.54669395e-04 outputs/V3.3e24_D300_G6/solution/solution-00022 
 23 2.074968870386e+10 2.061937771401e+08 768 7235 3201 10 6 7 7 2.68038020e-04 4.85824766e-04 outputs/V3.3e24_D300_G6/solution/solution-00023 
 24 2.094269448853e+10 1.930057846696e+08 768 7235 3201 10 6 7 7 2.85406440e-04 5.16311880e-04 outputs/V3.3e24_D300_G6/solution/solution-00024 
 25 2.112437169482e+10 1.816772062937e+08 768 7235 3201  9 6 7 7 3.02418828e-04 5.45881497e-04 outputs/V3.3e24_D300_G6/solution/solution-00025 
 26 2.129613722781e+10 1.717655329821e+08 768 7235 3201  9 6 7 7 3.19027764e-04 5.74446143e-04 outputs/V3.3e24_D300_G6/solution/solution-00026 
 27 2.145929847589e+10 1.631612480795e+08 768 7235 3201  9 6 7 7 3.35199370e-04 6.02063481e-04 outputs/V3.3e24_D300_G6/solution/solution-00027 
 28 2.161494877014e+10 1.556502942512e+08 768 7235 3201  9 6 7 7 3.50899196e-04 6.28880480e-04 outputs/V3.3e24_D300_G6/solution/solution-00028 
 29 2.176401277801e+10 1.490640078716e+08 768 7235 3201  9 6 7 7 3.66092753e-04 6.54532919e-04 outputs/V3.3e24_D300_G6/solution/solution-00029 
 30 2.190728049504e+10 1.432677170273e+08 768 7235 3201  9 6 7 7 3.80746028e-04 6.78968997e-04 outputs/V3.3e24_D300_G6/solution/solution-00030 
 31 2.204543311264e+10 1.381526176084e+08 768 7235 3201  9 6 7 7 3.94825997e-04 7.02142232e-04 outputs/V3.3e24_D300_G6/solution/solution-00031 
 32 2.217900250146e+10 1.335693888155e+08 768 7235 3201  9 6 7 7 4.08295070e-04 7.24002119e-04 outputs/V3.3e24_D300_G6/solution/solution-00032 
 33 2.230849751550e+10 1.294950140429e+08 768 7235 3201  9 6 7 7 4.21123023e-04 7.44695385e-04 outputs/V3.3e24_D300_G6/solution/solution-00033 
 34 2.243438791559e+10 1.258904000824e+08 768 7235 3201  9 6 7 7 4.33284412e-04 7.64042582e-04 outputs/V3.3e24_D300_G6/solution/solution-00034 
 35 2.255709050073e+10 1.227025851405e+08 768 7235 3201  9 6 7 7 4.44756462e-04 7.81986473e-04 outputs/V3.3e24_D300_G6/solution/solution-00035 
 36 2.267697748503e+10 1.198869843093e+08 768 7235 3201  9 6 7 7 4.55519379e-04 7.98512359e-04 outputs/V3.3e24_D300_G6/solution/solution-00036 
 37 2.279438330723e+10 1.174058221996e+08 768 7235 3201  9 6 7 7 4.65556603e-04 8.13612055e-04 outputs/V3.3e24_D300_G6/solution/solution-00037 
 38 2.290961021345e+10 1.152269062173e+08 768 7235 3201  9 6 7 7 4.74855006e-04 8.27283817e-04 outputs/V3.3e24_D300_G6/solution/solution-00038 
 39 2.302293287021e+10 1.133226567604e+08 768 7235 3201  9 5 6 6 4.83405035e-04 8.39532191e-04 outputs/V3.3e24_D300_G6/solution/solution-00039 
 40 2.313460220339e+10 1.116693331728e+08 768 7235 3201  9 5 6 6 4.91200778e-04 8.50425164e-04 outputs/V3.3e24_D300_G6/solution/solution-00040 
 41 2.324484861577e+10 1.102464123811e+08 768 7235 3201  9 5 6 6 4.98239996e-04 8.59966498e-04 outputs/V3.3e24_D300_G6/solution/solution-00041 
 42 2.335388469803e+10 1.090360822646e+08 768 7235 3201  9 5 6 6 5.04524076e-04 8.68605365e-04 outputs/V3.3e24_D300_G6/solution/solution-00042 
 43 2.346177324410e+10 1.078885460678e+08 768 7235 3201  9 5 6 6 5.10051499e-04 8.80469784e-04 outputs/V3.3e24_D300_G6/solution/solution-00043 
 44 2.356822391808e+10 1.064506739804e+08 768 7235 3201  9 5 6 6 5.14813572e-04 8.90798990e-04 outputs/V3.3e24_D300_G6/solution/solution-00044 
 45 2.367345861668e+10 1.052346986020e+08 768 7235 3201  8 5 6 6 5.18835506e-04 8.99598187e-04 outputs/V3.3e24_D300_G6/solution/solution-00045 
 46 2.377768456209e+10 1.042259454097e+08 768 7235 3201  8 5 6 6 5.22143866e-04 9.06877883e-04 outputs/V3.3e24_D300_G6/solution/solution-00046 
 47 2.388109642076e+10 1.034118586707e+08 768 7235 3201  8 5 6 6 5.24766212e-04 9.12653890e-04 outputs/V3.3e24_D300_G6/solution/solution-00047 
 48 2.398387811796e+10 1.027816971937e+08 768 7235 3201  8 5 6 6 5.26730770e-04 9.16947312e-04 outputs/V3.3e24_D300_G6/solution/solution-00048 
 49 2.408615243182e+10 1.022743138675e+08 768 7235 3201  9 5 6 6 5.28065601e-04 9.19805672e-04 outputs/V3.3e24_D300_G6/solution/solution-00049 
 50 2.418807613470e+10 1.019237028757e+08 768 7235 3201  9 5 6 6 5.28800244e-04 9.21550455e-04 outputs/V3.3e24_D300_G6/solution/solution-00050 
 51 2.428980686416e+10 1.017307294600e+08 768 7235 3201  9 5 6 6 5.28964240e-04 9.21921294e-04 outputs/V3.3e24_D300_G6/solution/solution-00051 
 52 2.439149667286e+10 1.016898086991e+08 768 7235 3201  9 5 6 6 5.28586757e-04 9.20957502e-04 outputs/V3.3e24_D300_G6/solution/solution-00052 
 53 2.449329290102e+10 1.017962281646e+08 768 7235 3201  9 5 6 6 5.27696398e-04 9.18894702e-04 outputs/V3.3e24_D300_G6/solution/solution-00053 
 54 2.459533893226e+10 1.020460312399e+08 768 7235 3201  9 5 6 6 5.26321066e-04 9.15774005e-04 outputs/V3.3e24_D300_G6/solution/solution-00054 
 55 2.469775423903e+10 1.024153067717e+08 768 7235 3201  9 5 6 6 5.24488251e-04 9.11459943e-04 outputs/V3.3e24_D300_G6/solution/solution-00055 
 56 2.480061823869e+10 1.028639996565e+08 768 7235 3201  9 5 6 6 5.22225753e-04 9.06008404e-04 outputs/V3.3e24_D300_G6/solution/solution-00056 
 57 2.490406515003e+10 1.034469113409e+08 768 7235 3201  9 5 6 6 5.19559641e-04 8.99907079e-04 outputs/V3.3e24_D300_G6/solution/solution-00057 
 58 2.500822742568e+10 1.041622756489e+08 768 7235 3201  9 5 6 6 5.16514853e-04 8.92971761e-04 outputs/V3.3e24_D300_G6/solution/solution-00058 
 59 2.511323612413e+10 1.050086984471e+08 768 7235 3201  9 5 6 6 5.13115175e-04 8.85052497e-04 outputs/V3.3e24_D300_G6/solution/solution-00059 
 60 2.521919489247e+10 1.059587683478e+08 768 7235 3201  9 5 6 6 5.09384216e-04 8.76332205e-04 outputs/V3.3e24_D300_G6/solution/solution-00060 
 61 2.532617487048e+10 1.069799780096e+08 768 7235 3201  9 5 6 6 5.05345946e-04 8.67010390e-04 outputs/V3.3e24_D300_G6/solution/solution-00061 
 62 2.543430506255e+10 1.081301920679e+08 768 7235 3201  9 5 6 6 5.01021309e-04 8.56875549e-04 outputs/V3.3e24_D300_G6/solution/solution-00062 
 63 2.554371418284e+10 1.094091202833e+08 768 7235 3201  9 5 6 6 4.96430083e-04 8.46350608e-04 outputs/V3.3e24_D300_G6/solution/solution-00063 
 64 2.565452418524e+10 1.108100024044e+08 768 7235 3201  9 5 6 6 4.91591241e-04 8.35115496e-04 outputs/V3.3e24_D300_G6/solution/solution-00064 
 65 2.576678539381e+10 1.122612085714e+08 768 7235 3201  9 5 6 6 4.86526051e-04 8.23288885e-04 outputs/V3.3e24_D300_G6/solution/solution-00065 
 66 2.588062811966e+10 1.138427258484e+08 768 7235 3201  9 5 6 6 4.81251446e-04 8.11362137e-04 outputs/V3.3e24_D300_G6/solution/solution-00066 
 67 2.599618301104e+10 1.155548913813e+08 768 7235 3201  9 5 6 6 4.75783407e-04 7.98872023e-04 outputs/V3.3e24_D300_G6/solution/solution-00067 
 68 2.611356601280e+10 1.173830017579e+08 768 7235 3201  9 5 6 6 4.70137806e-04 7.85989371e-04 outputs/V3.3e24_D300_G6/solution/solution-00068 
 69 2.623284243488e+10 1.192764220828e+08 768 7235 3201  9 5 6 6 4.64332304e-04 7.72847465e-04 outputs/V3.3e24_D300_G6/solution/solution-00069 
 70 2.635414709621e+10 1.213046613240e+08 768 7235 3201  9 5 6 6 4.58380625e-04 7.59380171e-04 outputs/V3.3e24_D300_G6/solution/solution-00070 
 71 2.647761544751e+10 1.234683513026e+08 768 7235 3201  9 5 6 6 4.52295914e-04 7.45738720e-04 outputs/V3.3e24_D300_G6/solution/solution-00071 
 72 2.660335369988e+10 1.257382523748e+08 768 7235 3201  9 5 6 6 4.46092332e-04 7.31783497e-04 outputs/V3.3e24_D300_G6/solution/solution-00072 
 73 2.673145585977e+10 1.281021598867e+08 768 7235 3201  9 5 6 6 4.39784326e-04 7.17714758e-04 outputs/V3.3e24_D300_G6/solution/solution-00073 
 74 2.686206336220e+10 1.306075024343e+08 768 7235 3201  9 5 6 6 4.33383782e-04 7.03642803e-04 outputs/V3.3e24_D300_G6/solution/solution-00074 
 75 2.699531819379e+10 1.332548315812e+08 768 7235 3201  9 5 6 6 4.26902460e-04 6.95127746e-04 outputs/V3.3e24_D300_G6/solution/solution-00075 
 76 2.713032347062e+10 1.350052768304e+08 768 7235 3201  9 5 6 6 4.20401799e-04 6.86693231e-04 outputs/V3.3e24_D300_G6/solution/solution-00076 
 77 2.726699938189e+10 1.366759112712e+08 768 7235 3201  8 5 6 6 4.13902098e-04 6.78365671e-04 outputs/V3.3e24_D300_G6/solution/solution-00077 
 78 2.740535807310e+10 1.383586912135e+08 768 7235 3201  8 5 6 6 4.07418369e-04 6.70163037e-04 outputs/V3.3e24_D300_G6/solution/solution-00078 
 79 2.754539495485e+10 1.400368817535e+08 768 7235 3201  8 5 6 6 4.00965625e-04 6.62101874e-04 outputs/V3.3e24_D300_G6/solution/solution-00079 
 80 2.768712160576e+10 1.417266509097e+08 768 7235 3201  8 5 6 6 3.94557375e-04 6.54195498e-04 outputs/V3.3e24_D300_G6/solution/solution-00080 
 81 2.783054603747e+10 1.434244317027e+08 768 7235 3201  8 5 6 6 3.88206592e-04 6.46455352e-04 outputs/V3.3e24_D300_G6/solution/solution-00081 
 82 2.797567279149e+10 1.451267540211e+08 768 7235 3201  8 5 6 6 3.81925722e-04 6.38891141e-04 outputs/V3.3e24_D300_G6/solution/solution-00082 
 83 2.812250304355e+10 1.468302520589e+08 768 7235 3201  8 5 6 6 3.75726685e-04 6.31510963e-04 outputs/V3.3e24_D300_G6/solution/solution-00083 
 84 2.827103471494e+10 1.485316713887e+08 768 7235 3201  8 5 6 6 3.69620866e-04 6.24321437e-04 outputs/V3.3e24_D300_G6/solution/solution-00084 
 85 2.842126259064e+10 1.502278757081e+08 768 7235 3201  8 5 6 6 3.63619095e-04 6.17327825e-04 outputs/V3.3e24_D300_G6/solution/solution-00085 
 86 2.857317844385e+10 1.519158532086e+08 768 7235 3201  8 5 6 6 3.57731622e-04 6.10534154e-04 outputs/V3.3e24_D300_G6/solution/solution-00086 
 87 2.872677116635e+10 1.535927224942e+08 768 7235 3201  8 5 6 6 3.51968086e-04 6.03943326e-04 outputs/V3.3e24_D300_G6/solution/solution-00087 
 88 2.888202690432e+10 1.552557379719e+08 768 7235 3201  8 5 6 6 3.46337485e-04 5.97557224e-04 outputs/V3.3e24_D300_G6/solution/solution-00088 
 89 2.903892919895e+10 1.569022946323e+08 768 7235 3201  8 5 6 6 3.40848143e-04 5.91376814e-04 outputs/V3.3e24_D300_G6/solution/solution-00089 
 90 2.919745913109e+10 1.585299321388e+08 768 7235 3201  8 5 6 6 3.35507678e-04 5.85438640e-04 outputs/V3.3e24_D300_G6/solution/solution-00090 
 91 2.935759546922e+10 1.601363381360e+08 768 7235 3201  8 5 6 6 3.30322976e-04 5.79707992e-04 outputs/V3.3e24_D300_G6/solution/solution-00091 
 92 2.951931481991e+10 1.617193506871e+08 768 7235 3201  8 5 6 6 3.25300173e-04 5.74177766e-04 outputs/V3.3e24_D300_G6/solution/solution-00092 
 93 2.968259177966e+10 1.632769597460e+08 768 7235 3201  8 5 6 6 3.20444639e-04 5.68846135e-04 outputs/V3.3e24_D300_G6/solution/solution-00093 
 94 2.984739908723e+10 1.648073075741e+08 768 7235 3201  8 5 6 6 3.15760976e-04 5.63710779e-04 outputs/V3.3e24_D300_G6/solution/solution-00094 
 95 3.001370777525e+10 1.663086880224e+08 768 7235 3201  8 5 6 6 3.11253022e-04 5.58768950e-04 outputs/V3.3e24_D300_G6/solution/solution-00095 
 96 3.018148731987e+10 1.677795446127e+08 768 7235 3201  8 5 6 6 3.06923862e-04 5.54017546e-04 outputs/V3.3e24_D300_G6/solution/solution-00096 
 97 3.035070578724e+10 1.692184673755e+08 768 7235 3201  8 5 6 6 3.02775855e-04 5.49453163e-04 outputs/V3.3e24_D300_G6/solution/solution-00097 
 98 3.052132997567e+10 1.706241884315e+08 768 7235 3201  8 5 6 6 2.98810663e-04 5.45072158e-04 outputs/V3.3e24_D300_G6/solution/solution-00098 
 99 3.069332555201e+10 1.719955763351e+08 768 7235 3201  8 5 6 6 2.95029286e-04 5.40870702e-04 outputs/V3.3e24_D300_G6/solution/solution-00099 
100 3.086665718124e+10 1.733316292347e+08 768 7235 3201  8 5 6 6 2.91432114e-04 5.36844829e-04 outputs/V3.3e24_D300_G6/solution/solution-00100 
