# 1: Time step number
# 2: Time (years)
# 3: Time step size (years)
# 4: Number of mesh cells
# 5: Number of Stokes degrees of freedom
# 6: Number of temperature degrees of freedom
# 7: Iterations for temperature solver
# 8: Iterations for Stokes solver
# 9: Velocity iterations in Stokes preconditioner
# 10: Schur complement iterations in Stokes preconditioner
# 11: RMS velocity (m/year)
# 12: Max. velocity (m/year)
# 13: Visualization file name
  0 0.000000000000e+00 0.000000000000e+00 768 7235 3201  0 8 9 9 2.80910624e-06 4.93941157e-06 outputs/V3.3e24_D100_G14/solution/solution-00000 
  1 1.392571516413e+09 1.392571516413e+09 768 7235 3201 31 8 9 9 3.47560750e-06 6.19809426e-06 outputs/V3.3e24_D100_G14/solution/solution-00001 
  2 2.785143032825e+09 1.392571516413e+09 768 7235 3201 25 8 9 9 4.86330053e-06 9.21651160e-06 outputs/V3.3e24_D100_G14/solution/solution-00002 
  3 4.177714549238e+09 1.392571516413e+09 768 7235 3201 24 8 9 9 7.73303784e-06 1.53063435e-05 outputs/V3.3e24_D100_G14/solution/solution-00003 
  4 5.570286065650e+09 1.392571516413e+09 768 7235 3201 23 8 9 9 1.36982942e-05 2.76901063e-05 outputs/V3.3e24_D100_G14/solution/solution-00004 
  5 6.962857582063e+09 1.392571516413e+09 768 7235 3201 23 8 9 9 2.63537507e-05 5.35197098e-05 outputs/V3.3e24_D100_G14/solution/solution-00005 
  6 8.355429098476e+09 1.392571516413e+09 768 7235 3201 23 8 9 9 5.39418180e-05 1.09020338e-04 outputs/V3.3e24_D100_G14/solution/solution-00006 
  7 9.215346426122e+09 8.599173276464e+08 768 7235 3201 19 8 9 9 8.88812868e-05 1.78968275e-04 outputs/V3.3e24_D100_G14/solution/solution-00007 
  8 9.739182285825e+09 5.238358597031e+08 768 7235 3201 15 7 8 8 1.24499355e-04 2.50229145e-04 outputs/V3.3e24_D100_G14/solution/solution-00008 
  9 1.011393919128e+10 3.747569054586e+08 768 7235 3201 13 7 8 8 1.61010637e-04 3.23301643e-04 outputs/V3.3e24_D100_G14/solution/solution-00009 
 10 1.040398346566e+10 2.900442743806e+08 768 7235 3201 12 7 8 8 1.98197059e-04 3.97779531e-04 outputs/V3.3e24_D100_G14/solution/solution-00010 
 11 1.063966678423e+10 2.356833185628e+08 768 7235 3201 11 7 8 8 2.35924263e-04 4.73328457e-04 outputs/V3.3e24_D100_G14/solution/solution-00011 
 12 1.083780665732e+10 1.981398730972e+08 768 7235 3201 10 6 7 7 2.74146676e-04 5.49657976e-04 outputs/V3.3e24_D100_G14/solution/solution-00012 
 13 1.100834702705e+10 1.705403697237e+08 768 7235 3201 10 6 7 7 3.12783917e-04 6.26714369e-04 outputs/V3.3e24_D100_G14/solution/solution-00013 
 14 1.115794524949e+10 1.495982224448e+08 768 7235 3201 10 6 7 7 3.51798545e-04 7.04246611e-04 outputs/V3.3e24_D100_G14/solution/solution-00014 
 15 1.129106623085e+10 1.331209813580e+08 768 7235 3201  9 6 7 7 3.91109264e-04 7.81883880e-04 outputs/V3.3e24_D100_G14/solution/solution-00015 
 16 1.141102880300e+10 1.199625721504e+08 768 7235 3201  9 6 7 7 4.30655561e-04 8.58784343e-04 outputs/V3.3e24_D100_G14/solution/solution-00016 
 17 1.152013773771e+10 1.091089347060e+08 768 7235 3201  9 6 7 7 4.70300858e-04 9.35908489e-04 outputs/V3.3e24_D100_G14/solution/solution-00017 
 18 1.162033407807e+10 1.001963403667e+08 768 7235 3201  9 6 7 7 5.09960813e-04 1.01163051e-03 outputs/V3.3e24_D100_G14/solution/solution-00018 
 19 1.171302972065e+10 9.269564257816e+07 768 7235 3201  9 6 7 7 5.49489906e-04 1.08624011e-03 outputs/V3.3e24_D100_G14/solution/solution-00019 
 20 1.179933660540e+10 8.630688475154e+07 768 7235 3201  9 6 7 7 5.88719439e-04 1.15881666e-03                                               "" 
 21 1.188023810027e+10 8.090149486145e+07 768 7235 3201  9 6 7 7 6.27506543e-04 1.22948570e-03 outputs/V3.3e24_D100_G14/solution/solution-00020 
 22 1.195653334166e+10 7.629524139739e+07 768 7235 3201  9 6 7 7 6.65691627e-04 1.29760189e-03 outputs/V3.3e24_D100_G14/solution/solution-00021 
 23 1.202882004148e+10 7.228669982020e+07 768 7235 3201  9 6 7 7 7.03069241e-04 1.36244207e-03 outputs/V3.3e24_D100_G14/solution/solution-00022 
 24 1.209762561692e+10 6.880557543722e+07 768 7235 3201  9 6 7 7 7.39441295e-04 1.42368800e-03                                               "" 
 25 1.216343562787e+10 6.581001095180e+07 768 7235 3201  9 6 7 7 7.74627240e-04 1.48218671e-03 outputs/V3.3e24_D100_G14/solution/solution-00023 
 26 1.222666423270e+10 6.322860482868e+07 768 7235 3201  9 6 7 7 8.08443866e-04 1.55630074e-03 outputs/V3.3e24_D100_G14/solution/solution-00024 
 27 1.228693908409e+10 6.027485138718e+07 768 7235 3201  9 6 7 7 8.40328181e-04 1.63147574e-03                                               "" 
 28 1.234442084904e+10 5.748176495165e+07 768 7235 3201  9 6 7 7 8.70059929e-04 1.70158316e-03 outputs/V3.3e24_D100_G14/solution/solution-00025 
 29 1.239952039453e+10 5.509954549444e+07 768 7235 3201  9 6 7 7 8.97604425e-04 1.76646677e-03                                               "" 
 30 1.245258392168e+10 5.306352714411e+07 768 7235 3201 10 6 7 7 9.22936124e-04 1.82601933e-03 outputs/V3.3e24_D100_G14/solution/solution-00026 
 31 1.250390629520e+10 5.132237352403e+07 768 7235 3201 10 6 7 7 9.46039849e-04 1.88018028e-03 outputs/V3.3e24_D100_G14/solution/solution-00027 
 32 1.255374115745e+10 4.983486225180e+07 768 7235 3201 10 6 7 7 9.66911457e-04 1.92893255e-03                                               "" 
 33 1.260230872412e+10 4.856756666417e+07 768 7235 3201 10 6 7 7 9.85558184e-04 1.97229914e-03 outputs/V3.3e24_D100_G14/solution/solution-00028 
 34 1.264980186903e+10 4.749314490745e+07 768 7235 3201 10 6 7 7 1.00199872e-03 2.01047177e-03                                               "" 
 35 1.269639092429e+10 4.658905526926e+07 768 7235 3201 10 6 7 7 1.01626308e-03 2.04368425e-03                                               "" 
 36 1.274222750206e+10 4.583657776880e+07 768 7235 3201 10 6 7 7 1.02839224e-03 2.07171574e-03 outputs/V3.3e24_D100_G14/solution/solution-00029 
 37 1.278744756174e+10 4.522005967392e+07 768 7235 3201 10 6 7 7 1.03843764e-03 2.09471590e-03                                               "" 
 38 1.283217388884e+10 4.472632709827e+07 768 7235 3201 10 6 7 7 1.04646049e-03 2.11285998e-03 outputs/V3.3e24_D100_G14/solution/solution-00030 
 39 1.287651811014e+10 4.434422130517e+07 768 7235 3201 10 6 7 7 1.05253094e-03 2.12634554e-03                                               "" 
 40 1.292058233983e+10 4.406422969090e+07 768 7235 3201 10 6 7 7 1.05672717e-03 2.13538925e-03 outputs/V3.3e24_D100_G14/solution/solution-00031 
 41 1.296446052921e+10 4.387818937741e+07 768 7235 3201 10 6 7 7 1.05913434e-03 2.14022380e-03                                               "" 
 42 1.300823957622e+10 4.377904701085e+07 768 7235 3201 10 6 7 7 1.05984361e-03 2.14109484e-03 outputs/V3.3e24_D100_G14/solution/solution-00032 
 43 1.305200023867e+10 4.376066245326e+07 768 7235 3201 10 6 7 7 1.05895093e-03 2.13825804e-03                                               "" 
 44 1.309581788572e+10 4.381764704204e+07 768 7235 3201 10 6 7 7 1.05655604e-03 2.13197631e-03                                               "" 
 45 1.313976311501e+10 4.394522929878e+07 768 7235 3201 10 6 7 7 1.05276130e-03 2.12251704e-03 outputs/V3.3e24_D100_G14/solution/solution-00033 
 46 1.318390225763e+10 4.413914261516e+07 768 7235 3201 10 6 7 7 1.04767071e-03 2.11014961e-03                                               "" 
 47 1.322829778831e+10 4.439553068524e+07 768 7235 3201  9 6 7 7 1.04138886e-03 2.09514300e-03 outputs/V3.3e24_D100_G14/solution/solution-00034 
 48 1.327300865571e+10 4.471086739925e+07 768 7235 3201  9 6 7 7 1.03402001e-03 2.07776355e-03                                               "" 
 49 1.331809054436e+10 4.508188864184e+07 768 7235 3201  9 6 7 7 1.02566722e-03 2.05833691e-03 outputs/V3.3e24_D100_G14/solution/solution-00035 
 50 1.336359607836e+10 4.550553400423e+07 768 7235 3201  9 6 7 7 1.01643157e-03 2.03730273e-03                                               "" 
 51 1.340957497522e+10 4.597889686514e+07 768 7235 3201  9 6 7 7 1.00641144e-03 2.01467170e-03 outputs/V3.3e24_D100_G14/solution/solution-00036 
 52 1.345607415687e+10 4.649918164800e+07 768 7235 3201  9 6 7 7 9.95701889e-04 1.99067868e-03                                               "" 
 53 1.350313782422e+10 4.706366734306e+07 768 7235 3201  9 6 7 7 9.84394154e-04 1.96554842e-03 outputs/V3.3e24_D100_G14/solution/solution-00037 
 54 1.355080750082e+10 4.766967660780e+07 768 7235 3201  9 6 7 7 9.72575163e-04 1.93949464e-03                                               "" 
 55 1.359912205076e+10 4.831454993691e+07 768 7235 3201  9 6 7 7 9.60327190e-04 1.91271926e-03                                               "" 
 56 1.364811767529e+10 4.899562453345e+07 768 7235 3201  9 6 7 7 9.47727567e-04 1.88541175e-03 outputs/V3.3e24_D100_G14/solution/solution-00038 
 57 1.369782789291e+10 4.971021761827e+07 768 7235 3201  9 6 7 7 9.34848474e-04 1.85774877e-03                                               "" 
 58 1.374828350690e+10 5.045561399184e+07 768 7235 3201  9 6 7 7 9.21756807e-04 1.82989389e-03 outputs/V3.3e24_D100_G14/solution/solution-00039 
 59 1.379951256462e+10 5.122905771116e+07 768 7235 3201  9 6 7 7 9.08514104e-04 1.80199749e-03                                               "" 
 60 1.385154031238e+10 5.202774776864e+07 768 7235 3201  9 6 7 7 8.95176549e-04 1.77419677e-03 outputs/V3.3e24_D100_G14/solution/solution-00040 
 61 1.390438915004e+10 5.284883766053e+07 768 7235 3201  9 6 7 7 8.81795016e-04 1.74661588e-03 outputs/V3.3e24_D100_G14/solution/solution-00041 
 62 1.395807858876e+10 5.368943871230e+07 768 7235 3201  9 6 7 7 8.68415183e-04 1.71936622e-03                                               "" 
 63 1.401262521575e+10 5.454662699053e+07 768 7235 3201  9 6 7 7 8.55077681e-04 1.69254672e-03 outputs/V3.3e24_D100_G14/solution/solution-00042 
 64 1.406804266932e+10 5.541745357768e+07 768 7235 3201  9 6 7 7 8.41818292e-04 1.66624427e-03                                               "" 
 65 1.412434162725e+10 5.629895792348e+07 768 7235 3201  9 6 7 7 8.28668184e-04 1.64053423e-03 outputs/V3.3e24_D100_G14/solution/solution-00043 
 66 1.418152981117e+10 5.718818391734e+07 768 7235 3201  9 6 7 7 8.15654172e-04 1.61548092e-03                                               "" 
 67 1.423961200942e+10 5.808219825695e+07 768 7235 3201  9 6 7 7 8.02799005e-04 1.59113820e-03 outputs/V3.3e24_D100_G14/solution/solution-00044 
 68 1.429859012005e+10 5.897811062320e+07 768 7235 3201  9 6 7 7 7.90121683e-04 1.56755011e-03                                               "" 
 69 1.435846321516e+10 5.987309511664e+07 768 7235 3201  8 6 7 7 7.77637769e-04 1.54475144e-03 outputs/V3.3e24_D100_G14/solution/solution-00045 
 70 1.441921041650e+10 6.074720133403e+07 768 7235 3201  8 6 7 7 7.65363143e-04 1.52277451e-03 outputs/V3.3e24_D100_G14/solution/solution-00046 
 71 1.448082454391e+10 6.161412741777e+07 768 7235 3201  8 6 7 7 7.53307339e-04 1.50163694e-03                                               "" 
 72 1.454329604689e+10 6.247150297804e+07 768 7235 3201  8 6 7 7 7.41477415e-04 1.48134907e-03 outputs/V3.3e24_D100_G14/solution/solution-00047 
 73 1.460661309285e+10 6.331704596168e+07 768 7235 3201  8 6 7 7 7.29878301e-04 1.46191458e-03 outputs/V3.3e24_D100_G14/solution/solution-00048 
 74 1.467076174677e+10 6.414865391261e+07 768 7235 3201  8 6 7 7 7.18513106e-04 1.44333117e-03                                               "" 
 75 1.473572616587e+10 6.496441909902e+07 768 7235 3201  8 5 6 6 7.07383420e-04 1.42559118e-03 outputs/V3.3e24_D100_G14/solution/solution-00049 
 76 1.480148880685e+10 6.576264098760e+07 768 7235 3201  8 5 6 6 6.96489587e-04 1.40888811e-03 outputs/V3.3e24_D100_G14/solution/solution-00050 
 77 1.486803064167e+10 6.654183481267e+07 768 7235 3201  8 5 6 6 6.85830953e-04 1.39300106e-03                                               "" 
 78 1.493533138026e+10 6.730073859028e+07 768 7235 3201  8 5 6 6 6.75406098e-04 1.37790008e-03 outputs/V3.3e24_D100_G14/solution/solution-00051 
 79 1.500336969547e+10 6.803831521040e+07 768 7235 3201  8 5 6 6 6.65213036e-04 1.36356195e-03 outputs/V3.3e24_D100_G14/solution/solution-00052 
 80 1.507212344759e+10 6.875375212720e+07 768 7235 3201  8 5 6 6 6.55249383e-04 1.34996086e-03                                               "" 
 81 1.514156990540e+10 6.944645780396e+07 768 7235 3201  8 5 6 6 6.45512507e-04 1.33706894e-03 outputs/V3.3e24_D100_G14/solution/solution-00053 
 82 1.521168596070e+10 7.011605529808e+07 768 7235 3201  8 5 6 6 6.35999644e-04 1.32485664e-03 outputs/V3.3e24_D100_G14/solution/solution-00054 
 83 1.528244833397e+10 7.076237327499e+07 768 7235 3201  8 5 6 6 6.26707998e-04 1.31329311e-03                                               "" 
 84 1.535383376876e+10 7.138543479224e+07 768 7235 3201  8 5 6 6 6.17634806e-04 1.30234662e-03 outputs/V3.3e24_D100_G14/solution/solution-00055 
 85 1.542581921299e+10 7.198544423129e+07 768 7235 3201  8 5 6 6 6.08777391e-04 1.29198481e-03 outputs/V3.3e24_D100_G14/solution/solution-00056 
 86 1.549838198577e+10 7.256277277459e+07 768 7235 3201  8 5 6 6 6.00133191e-04 1.28217502e-03                                               "" 
 87 1.557149992860e+10 7.311794283049e+07 768 7235 3201  8 5 6 6 5.91699770e-04 1.27288457e-03 outputs/V3.3e24_D100_G14/solution/solution-00057 
 88 1.564515154040e+10 7.365161180003e+07 768 7235 3201  8 5 6 6 5.83474816e-04 1.26408093e-03 outputs/V3.3e24_D100_G14/solution/solution-00058 
 89 1.571931609596e+10 7.416455555793e+07 768 7235 3201  8 5 6 6 5.75456127e-04 1.25573196e-03 outputs/V3.3e24_D100_G14/solution/solution-00059 
 90 1.579397374795e+10 7.465765198914e+07 768 7235 3201  8 5 6 6 5.67641586e-04 1.24780611e-03                                               "" 
 91 1.586910561283e+10 7.513186488300e+07 768 7235 3201  7 5 6 6 5.60029125e-04 1.24027249e-03 outputs/V3.3e24_D100_G14/solution/solution-00060 
 92 1.594469384127e+10 7.558822844182e+07 768 7235 3201  7 5 6 6 5.52616689e-04 1.23310105e-03 outputs/V3.3e24_D100_G14/solution/solution-00061 
 93 1.602072167388e+10 7.602783261249e+07 768 7235 3201  7 5 6 6 5.45402193e-04 1.22626267e-03 outputs/V3.3e24_D100_G14/solution/solution-00062 
 94 1.609717348328e+10 7.645180940008e+07 768 7235 3201  7 5 6 6 5.38383481e-04 1.21972924e-03                                               "" 
 95 1.617403480356e+10 7.686132027378e+07 768 7235 3201  7 5 6 6 5.31558280e-04 1.21347372e-03 outputs/V3.3e24_D100_G14/solution/solution-00063 
 96 1.625129234829e+10 7.725754472964e+07 768 7235 3201  7 5 6 6 5.24924167e-04 1.20747016e-03 outputs/V3.3e24_D100_G14/solution/solution-00064 
 97 1.632893401832e+10 7.764167003278e+07 768 7235 3201  7 5 6 6 5.18478530e-04 1.20169380e-03 outputs/V3.3e24_D100_G14/solution/solution-00065 
 98 1.640694890045e+10 7.801488212531e+07 768 7235 3201  7 5 6 6 5.12218541e-04 1.19612101e-03 outputs/V3.3e24_D100_G14/solution/solution-00066 
 99 1.648532725810e+10 7.837835765626e+07 768 7235 3201  7 5 6 6 5.06141133e-04 1.19072935e-03                                               "" 
100 1.656406051517e+10 7.873325706579e+07 768 7235 3201  7 5 6 6 5.00242990e-04 1.18549757e-03 outputs/V3.3e24_D100_G14/solution/solution-00067 
