# 1: Time step number
# 2: Time (years)
# 3: Time step size (years)
# 4: Number of mesh cells
# 5: Number of Stokes degrees of freedom
# 6: Number of temperature degrees of freedom
# 7: Iterations for temperature solver
# 8: Iterations for Stokes solver
# 9: Velocity iterations in Stokes preconditioner
# 10: Schur complement iterations in Stokes preconditioner
# 11: RMS velocity (m/year)
# 12: Max. velocity (m/year)
# 13: Visualization file name
  0 0.000000000000e+00 0.000000000000e+00 768 7235 3201  0 8 9 9 4.00742637e-09 6.88633344e-09 outputs/V3.3e26_D300_G2/solution/solution-00000 
  1 1.392571516413e+09 1.392571516413e+09 768 7235 3201 31 8 9 9 3.79825088e-09 6.40544678e-09 outputs/V3.3e26_D300_G2/solution/solution-00001 
  2 2.785143032825e+09 1.392571516413e+09 768 7235 3201 25 8 9 9 3.60127356e-09 6.07661444e-09 outputs/V3.3e26_D300_G2/solution/solution-00002 
  3 4.177714549238e+09 1.392571516413e+09 768 7235 3201 24 8 9 9 3.41520807e-09 5.76359880e-09 outputs/V3.3e26_D300_G2/solution/solution-00003 
  4 5.570286065650e+09 1.392571516413e+09 768 7235 3201 23 8 9 9 3.23883960e-09 5.46678960e-09 outputs/V3.3e26_D300_G2/solution/solution-00004 
  5 6.962857582063e+09 1.392571516413e+09 768 7235 3201 22 8 9 9 3.07183379e-09 5.18562656e-09 outputs/V3.3e26_D300_G2/solution/solution-00005 
  6 8.355429098476e+09 1.392571516413e+09 768 7235 3201 22 8 9 9 2.91370068e-09 4.91930111e-09 outputs/V3.3e26_D300_G2/solution/solution-00006 
  7 9.748000614888e+09 1.392571516413e+09 768 7235 3201 21 8 9 9 2.76394030e-09 4.66697833e-09 outputs/V3.3e26_D300_G2/solution/solution-00007 
  8 1.114057213130e+10 1.392571516413e+09 768 7235 3201 21 8 9 9 2.62207316e-09 4.42786137e-09 outputs/V3.3e26_D300_G2/solution/solution-00008 
  9 1.253314364771e+10 1.392571516413e+09 768 7235 3201 20 8 9 9 2.48764911e-09 4.20120574e-09 outputs/V3.3e26_D300_G2/solution/solution-00009 
 10 1.392571516413e+10 1.392571516413e+09 768 7235 3201 20 8 9 9 2.36024827e-09 3.98631869e-09 outputs/V3.3e26_D300_G2/solution/solution-00010 
 11 1.531828668054e+10 1.392571516413e+09 768 7235 3201 20 8 9 9 2.23947930e-09 3.78255483e-09 outputs/V3.3e26_D300_G2/solution/solution-00011 
 12 1.671085819695e+10 1.392571516413e+09 768 7235 3201 20 8 9 9 2.12497697e-09 3.58931140e-09 outputs/V3.3e26_D300_G2/solution/solution-00012 
 13 1.810342971336e+10 1.392571516413e+09 768 7235 3201 20 8 9 9 2.01639981e-09 3.40602397e-09 outputs/V3.3e26_D300_G2/solution/solution-00013 
 14 1.949600122978e+10 1.392571516413e+09 768 7235 3201 19 8 9 9 1.91342795e-09 3.23216288e-09 outputs/V3.3e26_D300_G2/solution/solution-00014 
 15 2.088857274619e+10 1.392571516413e+09 768 7235 3201 19 8 9 9 1.81576124e-09 3.06723008e-09 outputs/V3.3e26_D300_G2/solution/solution-00015 
 16 2.228114426260e+10 1.392571516413e+09 768 7235 3201 19 8 9 9 1.72311759e-09 2.91075661e-09 outputs/V3.3e26_D300_G2/solution/solution-00016 
 17 2.367371577901e+10 1.392571516413e+09 768 7235 3201 19 8 9 9 1.63523157e-09 2.76230024e-09 outputs/V3.3e26_D300_G2/solution/solution-00017 
 18 2.506628729543e+10 1.392571516413e+09 768 7235 3201 19 8 9 9 1.55185308e-09 2.62144357e-09 outputs/V3.3e26_D300_G2/solution/solution-00018 
 19 2.645885881184e+10 1.392571516413e+09 768 7235 3201 19 8 9 9 1.47274624e-09 2.48779226e-09 outputs/V3.3e26_D300_G2/solution/solution-00019 
 20 2.785143032825e+10 1.392571516413e+09 768 7235 3201 19 8 9 9 1.39768840e-09 2.36097349e-09 outputs/V3.3e26_D300_G2/solution/solution-00020 
 21 2.924400184466e+10 1.392571516413e+09 768 7235 3201 19 8 9 9 1.32646922e-09 2.24063459e-09 outputs/V3.3e26_D300_G2/solution/solution-00021 
 22 3.063657336108e+10 1.392571516413e+09 768 7235 3201 18 8 9 9 1.25888988e-09 2.12644173e-09 outputs/V3.3e26_D300_G2/solution/solution-00022 
 23 3.202914487749e+10 1.392571516413e+09 768 7235 3201 18 8 9 9 1.19476231e-09 2.01807885e-09 outputs/V3.3e26_D300_G2/solution/solution-00023 
 24 3.342171639390e+10 1.392571516413e+09 768 7235 3201 18 8 9 9 1.13390854e-09 1.91524653e-09 outputs/V3.3e26_D300_G2/solution/solution-00024 
 25 3.481428791032e+10 1.392571516413e+09 768 7235 3201 18 8 9 9 1.07616011e-09 1.81766109e-09 outputs/V3.3e26_D300_G2/solution/solution-00025 
 26 3.620685942673e+10 1.392571516413e+09 768 7235 3201 18 8 9 9 1.02135745e-09 1.72505368e-09 outputs/V3.3e26_D300_G2/solution/solution-00026 
 27 3.759943094314e+10 1.392571516413e+09 768 7235 3201 18 8 9 9 9.69349405e-10 1.63716941e-09 outputs/V3.3e26_D300_G2/solution/solution-00027 
 28 3.899200245955e+10 1.392571516413e+09 768 7235 3201 18 8 9 9 9.19992757e-10 1.55376664e-09 outputs/V3.3e26_D300_G2/solution/solution-00028 
 29 4.038457397597e+10 1.392571516413e+09 768 7235 3201 18 8 9 9 8.73151746e-10 1.47461623e-09 outputs/V3.3e26_D300_G2/solution/solution-00029 
 30 4.177714549238e+10 1.392571516413e+09 768 7235 3201 18 8 9 9 8.28697679e-10 1.39950087e-09 outputs/V3.3e26_D300_G2/solution/solution-00030 
 31 4.316971700879e+10 1.392571516413e+09 768 7235 3201 18 8 9 9 7.86508536e-10 1.32821441e-09 outputs/V3.3e26_D300_G2/solution/solution-00031 
 32 4.456228852520e+10 1.392571516413e+09 768 7235 3201 18 8 9 9 7.46468605e-10 1.26056136e-09 outputs/V3.3e26_D300_G2/solution/solution-00032 
 33 4.595486004162e+10 1.392571516413e+09 768 7235 3201 18 8 9 9 7.08468148e-10 1.19635622e-09 outputs/V3.3e26_D300_G2/solution/solution-00033 
 34 4.734743155803e+10 1.392571516413e+09 768 7235 3201 18 8 9 9 6.72403074e-10 1.13542304e-09 outputs/V3.3e26_D300_G2/solution/solution-00034 
 35 4.874000307444e+10 1.392571516413e+09 768 7235 3201 18 8 9 9 6.38174646e-10 1.07759486e-09 outputs/V3.3e26_D300_G2/solution/solution-00035 
 36 5.013257459085e+10 1.392571516413e+09 768 7235 3201 18 8 9 9 6.05689195e-10 1.02271330e-09 outputs/V3.3e26_D300_G2/solution/solution-00036 
 37 5.152514610727e+10 1.392571516413e+09 768 7235 3201 18 8 9 9 5.74857855e-10 9.70628052e-10 outputs/V3.3e26_D300_G2/solution/solution-00037 
 38 5.291771762368e+10 1.392571516413e+09 768 7235 3201 17 8 9 9 5.45596312e-10 9.21196524e-10 outputs/V3.3e26_D300_G2/solution/solution-00038 
 39 5.431028914009e+10 1.392571516413e+09 768 7235 3201 17 8 9 9 5.17824565e-10 8.74283397e-10 outputs/V3.3e26_D300_G2/solution/solution-00039 
 40 5.570286065650e+10 1.392571516413e+09 768 7235 3201 17 8 9 9 4.91466705e-10 8.29760267e-10 outputs/V3.3e26_D300_G2/solution/solution-00040 
 41 5.709543217292e+10 1.392571516413e+09 768 7235 3201 17 8 9 9 4.66450700e-10 7.87505293e-10 outputs/V3.3e26_D300_G2/solution/solution-00041 
 42 5.848800368933e+10 1.392571516413e+09 768 7235 3201 17 8 9 9 4.42708200e-10 7.47402851e-10 outputs/V3.3e26_D300_G2/solution/solution-00042 
 43 5.988057520574e+10 1.392571516413e+09 768 7235 3201 17 8 9 9 4.20174342e-10 7.09343224e-10 outputs/V3.3e26_D300_G2/solution/solution-00043 
 44 6.127314672215e+10 1.392571516413e+09 768 7235 3201 17 8 9 9 3.98787572e-10 6.73222290e-10 outputs/V3.3e26_D300_G2/solution/solution-00044 
 45 6.266571823857e+10 1.392571516413e+09 768 7235 3201 17 8 9 9 3.78489478e-10 6.38941244e-10 outputs/V3.3e26_D300_G2/solution/solution-00045 
 46 6.405828975498e+10 1.392571516413e+09 768 7235 3201 17 8 9 9 3.59224623e-10 6.06406320e-10 outputs/V3.3e26_D300_G2/solution/solution-00046 
 47 6.545086127139e+10 1.392571516413e+09 768 7235 3201 17 8 9 9 3.40940398e-10 5.75528535e-10 outputs/V3.3e26_D300_G2/solution/solution-00047 
 48 6.684343278781e+10 1.392571516413e+09 768 7235 3201 17 8 9 9 3.23586877e-10 5.46223446e-10 outputs/V3.3e26_D300_G2/solution/solution-00048 
 49 6.823600430422e+10 1.392571516413e+09 768 7235 3201 17 8 9 9 3.07116675e-10 5.18410915e-10 outputs/V3.3e26_D300_G2/solution/solution-00049 
 50 6.962857582063e+10 1.392571516413e+09 768 7235 3201 17 8 9 9 2.91484823e-10 4.92014892e-10 outputs/V3.3e26_D300_G2/solution/solution-00050 
 51 7.102114733704e+10 1.392571516413e+09 768 7235 3201 17 8 9 9 2.76648641e-10 4.66963203e-10 outputs/V3.3e26_D300_G2/solution/solution-00051 
 52 7.241371885346e+10 1.392571516413e+09 768 7235 3201 17 8 9 9 2.62567625e-10 4.43187355e-10 outputs/V3.3e26_D300_G2/solution/solution-00052 
 53 7.380629036987e+10 1.392571516413e+09 768 7235 3201 17 8 9 9 2.49203333e-10 4.20622348e-10 outputs/V3.3e26_D300_G2/solution/solution-00053 
 54 7.519886188628e+10 1.392571516413e+09 768 7235 3201 17 8 9 9 2.36519280e-10 3.99206494e-10 outputs/V3.3e26_D300_G2/solution/solution-00054 
 55 7.659143340269e+10 1.392571516413e+09 768 7235 3201 17 8 9 9 2.24480839e-10 3.78881251e-10 outputs/V3.3e26_D300_G2/solution/solution-00055 
 56 7.798400491911e+10 1.392571516413e+09 768 7235 3201 17 8 9 9 2.13055147e-10 3.59591059e-10 outputs/V3.3e26_D300_G2/solution/solution-00056 
 57 7.937657643552e+10 1.392571516413e+09 768 7235 3201 17 8 9 9 2.02211014e-10 3.41283192e-10 outputs/V3.3e26_D300_G2/solution/solution-00057 
 58 8.076914795193e+10 1.392571516413e+09 768 7235 3201 17 8 9 9 1.91918837e-10 3.23907611e-10 outputs/V3.3e26_D300_G2/solution/solution-00058 
 59 8.216171946834e+10 1.392571516413e+09 768 7235 3201 17 8 9 9 1.82150522e-10 3.07416826e-10 outputs/V3.3e26_D300_G2/solution/solution-00059 
 60 8.355429098476e+10 1.392571516413e+09 768 7235 3201 17 8 9 9 1.72879402e-10 2.91765768e-10 outputs/V3.3e26_D300_G2/solution/solution-00060 
 61 8.494686250117e+10 1.392571516413e+09 768 7235 3201 17 8 9 9 1.64080171e-10 2.76911666e-10 outputs/V3.3e26_D300_G2/solution/solution-00061 
 62 8.633943401758e+10 1.392571516413e+09 768 7235 3201 17 8 9 9 1.55728810e-10 2.62813927e-10 outputs/V3.3e26_D300_G2/solution/solution-00062 
 63 8.773200553399e+10 1.392571516413e+09 768 7235 3201 16 8 9 9 1.47802522e-10 2.49434029e-10 outputs/V3.3e26_D300_G2/solution/solution-00063 
 64 8.912457705041e+10 1.392571516413e+09 768 7235 3201 16 8 9 9 1.40279671e-10 2.36735408e-10 outputs/V3.3e26_D300_G2/solution/solution-00064 
 65 9.051714856682e+10 1.392571516413e+09 768 7235 3201 16 8 9 9 1.33139723e-10 2.24683368e-10 outputs/V3.3e26_D300_G2/solution/solution-00065 
 66 9.190972008323e+10 1.392571516413e+09 768 7235 3201 16 8 9 9 1.26363187e-10 2.13244977e-10 outputs/V3.3e26_D300_G2/solution/solution-00066 
 67 9.330229159964e+10 1.392571516413e+09 768 7235 3201 16 8 9 9 1.19931565e-10 2.02388983e-10 outputs/V3.3e26_D300_G2/solution/solution-00067 
 68 9.469486311606e+10 1.392571516413e+09 768 7235 3201 16 8 9 9 1.13827304e-10 1.92085726e-10 outputs/V3.3e26_D300_G2/solution/solution-00068 
 69 9.608743463247e+10 1.392571516413e+09 768 7235 3201 16 8 9 9 1.08033739e-10 1.82307057e-10 outputs/V3.3e26_D300_G2/solution/solution-00069 
 70 9.748000614888e+10 1.392571516413e+09 768 7235 3201 16 8 9 9 1.02535057e-10 1.73026260e-10 outputs/V3.3e26_D300_G2/solution/solution-00070 
 71 9.887257766530e+10 1.392571516413e+09 768 7235 3201 16 8 9 9 9.73162487e-11 1.64217983e-10 outputs/V3.3e26_D300_G2/solution/solution-00071 
 72 1.002651491817e+11 1.392571516413e+09 768 7235 3201 16 8 9 9 9.23630688e-11 1.55858162e-10 outputs/V3.3e26_D300_G2/solution/solution-00072 
 73 1.016577206981e+11 1.392571516413e+09 768 7235 3201 16 8 9 9 8.76619973e-11 1.47923961e-10 outputs/V3.3e26_D300_G2/solution/solution-00073 
 74 1.030502922145e+11 1.392571516413e+09 768 7235 3201 16 8 9 9 8.32002019e-11 1.40393706e-10 outputs/V3.3e26_D300_G2/solution/solution-00074 
 75 1.044428637309e+11 1.392571516413e+09 768 7235 3201 16 8 9 9 7.89655041e-11 1.33246828e-10 outputs/V3.3e26_D300_G2/solution/solution-00075 
 76 1.058354352474e+11 1.392571516413e+09 768 7235 3201 16 8 9 9 7.49463448e-11 1.26463805e-10 outputs/V3.3e26_D300_G2/solution/solution-00076 
 77 1.072280067638e+11 1.392571516413e+09 768 7235 3201 16 8 9 9 7.11317534e-11 1.20026110e-10 outputs/V3.3e26_D300_G2/solution/solution-00077 
 78 1.086205782802e+11 1.392571516413e+09 768 7235 3201 16 8 9 9 6.75113178e-11 1.13916159e-10 outputs/V3.3e26_D300_G2/solution/solution-00078 
 79 1.100131497966e+11 1.392571516413e+09 768 7235 3201 16 8 9 9 6.40751555e-11 1.08117264e-10 outputs/V3.3e26_D300_G2/solution/solution-00079 
 80 1.114057213130e+11 1.392571516413e+09 768 7235 3201 16 8 9 9 6.08138876e-11 1.02613587e-10 outputs/V3.3e26_D300_G2/solution/solution-00080 
 81 1.127982928294e+11 1.392571516413e+09 768 7235 3201 16 8 9 9 5.77186122e-11 9.73900968e-11 outputs/V3.3e26_D300_G2/solution/solution-00081 
 82 1.141908643458e+11 1.392571516413e+09 768 7235 3201 16 8 9 9 5.47808802e-11 9.24325265e-11 outputs/V3.3e26_D300_G2/solution/solution-00082 
 83 1.155834358622e+11 1.392571516413e+09 768 7235 3201 16 8 9 9 5.19926733e-11 8.77273371e-11 outputs/V3.3e26_D300_G2/solution/solution-00083 
 84 1.169760073787e+11 1.392571516413e+09 768 7235 3201 16 8 9 9 4.93463807e-11 8.32616788e-11 outputs/V3.3e26_D300_G2/solution/solution-00084 
 85 1.183685788951e+11 1.392571516413e+09 768 7235 3201 16 8 9 9 4.68347792e-11 7.90233560e-11 outputs/V3.3e26_D300_G2/solution/solution-00085 
 86 1.197611504115e+11 1.392571516413e+09 768 7235 3201 16 8 9 9 4.44510133e-11 7.50007941e-11 outputs/V3.3e26_D300_G2/solution/solution-00086 
 87 1.211537219279e+11 1.392571516413e+09 768 7235 3201 16 8 9 9 4.21885764e-11 7.11830081e-11 outputs/V3.3e26_D300_G2/solution/solution-00087 
 88 1.225462934443e+11 1.392571516413e+09 768 7235 3201 15 8 9 9 4.00412938e-11 6.75595744e-11 outputs/V3.3e26_D300_G2/solution/solution-00088 
 89 1.239388649607e+11 1.392571516413e+09 768 7235 3201 15 8 9 9 3.80033038e-11 6.41205967e-11 outputs/V3.3e26_D300_G2/solution/solution-00089 
 90 1.253314364771e+11 1.392571516413e+09 768 7235 3201 15 8 9 9 3.60690435e-11 6.08566834e-11 outputs/V3.3e26_D300_G2/solution/solution-00090 
 91 1.267240079935e+11 1.392571516413e+09 768 7235 3201 15 8 9 9 3.42332330e-11 5.77589219e-11 outputs/V3.3e26_D300_G2/solution/solution-00091 
 92 1.281165795100e+11 1.392571516413e+09 768 7235 3201 15 8 9 9 3.24908614e-11 5.48188529e-11 outputs/V3.3e26_D300_G2/solution/solution-00092 
 93 1.295091510264e+11 1.392571516413e+09 768 7235 3201 15 8 9 9 3.08371728e-11 5.20284486e-11 outputs/V3.3e26_D300_G2/solution/solution-00093 
 94 1.309017225428e+11 1.392571516413e+09 768 7235 3201 15 8 9 9 2.92676535e-11 4.93800893e-11 outputs/V3.3e26_D300_G2/solution/solution-00094 
 95 1.322942940592e+11 1.392571516413e+09 768 7235 3201 15 8 9 9 2.77780192e-11 4.68665438e-11 outputs/V3.3e26_D300_G2/solution/solution-00095 
 96 1.336868655756e+11 1.392571516413e+09 768 7235 3201 15 8 9 9 2.63642040e-11 4.44809489e-11 outputs/V3.3e26_D300_G2/solution/solution-00096 
 97 1.350794370920e+11 1.392571516413e+09 768 7235 3201 15 8 9 9 2.50223490e-11 4.22167907e-11 outputs/V3.3e26_D300_G2/solution/solution-00097 
 98 1.364720086084e+11 1.392571516413e+09 768 7235 3201 15 8 9 9 2.37487913e-11 4.00678871e-11 outputs/V3.3e26_D300_G2/solution/solution-00098 
 99 1.378645801248e+11 1.392571516413e+09 768 7235 3201 15 8 9 9 2.25400549e-11 3.80283711e-11 outputs/V3.3e26_D300_G2/solution/solution-00099 
100 1.392571516413e+11 1.392571516413e+09 768 7235 3201 15 8 9 9 2.13928404e-11 3.60926737e-11 outputs/V3.3e26_D300_G2/solution/solution-00100 
