# 1: Time step number
# 2: Time (years)
# 3: Time step size (years)
# 4: Number of mesh cells
# 5: Number of Stokes degrees of freedom
# 6: Number of temperature degrees of freedom
# 7: Iterations for temperature solver
# 8: Iterations for Stokes solver
# 9: Velocity iterations in Stokes preconditioner
# 10: Schur complement iterations in Stokes preconditioner
# 11: RMS velocity (m/year)
# 12: Max. velocity (m/year)
# 13: Visualization file name
  0 0.000000000000e+00 0.000000000000e+00 768 7235 3201  0 8 9 9 1.32504579e-07 2.35109349e-07 outputs/V1e25_D30_G2/solution/solution-00000 
  1 1.392571516413e+09 1.392571516413e+09 768 7235 3201 32 8 9 9 1.26616722e-07 2.14432494e-07 outputs/V1e25_D30_G2/solution/solution-00001 
  2 2.785143032825e+09 1.392571516413e+09 768 7235 3201 25 8 9 9 1.21770734e-07 2.07241450e-07 outputs/V1e25_D30_G2/solution/solution-00002 
  3 4.177714549238e+09 1.392571516413e+09 768 7235 3201 24 8 9 9 1.17895022e-07 2.01819236e-07 outputs/V1e25_D30_G2/solution/solution-00003 
  4 5.570286065650e+09 1.392571516413e+09 768 7235 3201 23 8 9 9 1.14831725e-07 1.97735165e-07 outputs/V1e25_D30_G2/solution/solution-00004 
  5 6.962857582063e+09 1.392571516413e+09 768 7235 3201 23 8 9 9 1.12464870e-07 1.94719651e-07 outputs/V1e25_D30_G2/solution/solution-00005 
  6 8.355429098476e+09 1.392571516413e+09 768 7235 3201 22 8 9 9 1.10679938e-07 1.92546982e-07 outputs/V1e25_D30_G2/solution/solution-00006 
  7 9.748000614888e+09 1.392571516413e+09 768 7235 3201 21 8 9 9 1.09378252e-07 1.91043696e-07 outputs/V1e25_D30_G2/solution/solution-00007 
  8 1.114057213130e+10 1.392571516413e+09 768 7235 3201 21 8 9 9 1.08478061e-07 1.90079157e-07 outputs/V1e25_D30_G2/solution/solution-00008 
  9 1.253314364771e+10 1.392571516413e+09 768 7235 3201 21 8 9 9 1.07912613e-07 1.89554636e-07 outputs/V1e25_D30_G2/solution/solution-00009 
 10 1.392571516413e+10 1.392571516413e+09 768 7235 3201 20 8 9 9 1.07627613e-07 1.89394596e-07 outputs/V1e25_D30_G2/solution/solution-00010 
 11 1.531828668054e+10 1.392571516413e+09 768 7235 3201 20 8 9 9 1.07578845e-07 1.89540380e-07 outputs/V1e25_D30_G2/solution/solution-00011 
 12 1.671085819695e+10 1.392571516413e+09 768 7235 3201 20 8 9 9 1.07730173e-07 1.89945753e-07 outputs/V1e25_D30_G2/solution/solution-00012 
 13 1.810342971336e+10 1.392571516413e+09 768 7235 3201 20 8 9 9 1.08051930e-07 1.90573766e-07 outputs/V1e25_D30_G2/solution/solution-00013 
 14 1.949600122978e+10 1.392571516413e+09 768 7235 3201 20 8 9 9 1.08519643e-07 1.91394512e-07 outputs/V1e25_D30_G2/solution/solution-00014 
 15 2.088857274619e+10 1.392571516413e+09 768 7235 3201 20 8 9 9 1.09113031e-07 1.92383518e-07 outputs/V1e25_D30_G2/solution/solution-00015 
 16 2.228114426260e+10 1.392571516413e+09 768 7235 3201 19 8 9 9 1.09815210e-07 1.93520555e-07 outputs/V1e25_D30_G2/solution/solution-00016 
 17 2.367371577901e+10 1.392571516413e+09 768 7235 3201 19 8 9 9 1.10612067e-07 1.94788763e-07 outputs/V1e25_D30_G2/solution/solution-00017 
 18 2.506628729543e+10 1.392571516413e+09 768 7235 3201 19 8 9 9 1.11491766e-07 1.96173985e-07 outputs/V1e25_D30_G2/solution/solution-00018 
 19 2.645885881184e+10 1.392571516413e+09 768 7235 3201 19 8 9 9 1.12444349e-07 1.97664260e-07 outputs/V1e25_D30_G2/solution/solution-00019 
 20 2.785143032825e+10 1.392571516413e+09 768 7235 3201 19 8 9 9 1.13461416e-07 1.99249431e-07 outputs/V1e25_D30_G2/solution/solution-00020 
 21 2.924400184466e+10 1.392571516413e+09 768 7235 3201 19 8 9 9 1.14535867e-07 2.00920841e-07 outputs/V1e25_D30_G2/solution/solution-00021 
 22 3.063657336108e+10 1.392571516413e+09 768 7235 3201 19 8 9 9 1.15661693e-07 2.02671084e-07 outputs/V1e25_D30_G2/solution/solution-00022 
 23 3.202914487749e+10 1.392571516413e+09 768 7235 3201 19 8 9 9 1.16833803e-07 2.04493812e-07 outputs/V1e25_D30_G2/solution/solution-00023 
 24 3.342171639390e+10 1.392571516413e+09 768 7235 3201 19 8 9 9 1.18047877e-07 2.06383574e-07 outputs/V1e25_D30_G2/solution/solution-00024 
 25 3.481428791032e+10 1.392571516413e+09 768 7235 3201 19 8 9 9 1.19300256e-07 2.08335686e-07 outputs/V1e25_D30_G2/solution/solution-00025 
 26 3.620685942673e+10 1.392571516413e+09 768 7235 3201 18 8 9 9 1.20587837e-07 2.10346124e-07 outputs/V1e25_D30_G2/solution/solution-00026 
 27 3.759943094314e+10 1.392571516413e+09 768 7235 3201 18 8 9 9 1.21907990e-07 2.12411431e-07 outputs/V1e25_D30_G2/solution/solution-00027 
 28 3.899200245955e+10 1.392571516413e+09 768 7235 3201 18 8 9 9 1.23258495e-07 2.14528641e-07 outputs/V1e25_D30_G2/solution/solution-00028 
 29 4.038457397597e+10 1.392571516413e+09 768 7235 3201 18 8 9 9 1.24637476e-07 2.16695215e-07 outputs/V1e25_D30_G2/solution/solution-00029 
 30 4.177714549238e+10 1.392571516413e+09 768 7235 3201 18 8 9 9 1.26043357e-07 2.18908982e-07 outputs/V1e25_D30_G2/solution/solution-00030 
 31 4.316971700879e+10 1.392571516413e+09 768 7235 3201 18 8 9 9 1.27474814e-07 2.21168098e-07 outputs/V1e25_D30_G2/solution/solution-00031 
 32 4.456228852520e+10 1.392571516413e+09 768 7235 3201 18 8 9 9 1.28930744e-07 2.23470998e-07 outputs/V1e25_D30_G2/solution/solution-00032 
 33 4.595486004162e+10 1.392571516413e+09 768 7235 3201 18 8 9 9 1.30410233e-07 2.25816362e-07 outputs/V1e25_D30_G2/solution/solution-00033 
 34 4.734743155803e+10 1.392571516413e+09 768 7235 3201 18 8 9 9 1.31912528e-07 2.28203087e-07 outputs/V1e25_D30_G2/solution/solution-00034 
 35 4.874000307444e+10 1.392571516413e+09 768 7235 3201 18 8 9 9 1.33437016e-07 2.30630258e-07 outputs/V1e25_D30_G2/solution/solution-00035 
 36 5.013257459085e+10 1.392571516413e+09 768 7235 3201 18 8 9 9 1.34983203e-07 2.33097121e-07 outputs/V1e25_D30_G2/solution/solution-00036 
 37 5.152514610727e+10 1.392571516413e+09 768 7235 3201 18 8 9 9 1.36550702e-07 2.35603071e-07 outputs/V1e25_D30_G2/solution/solution-00037 
 38 5.291771762368e+10 1.392571516413e+09 768 7235 3201 18 8 9 9 1.38139213e-07 2.38147625e-07 outputs/V1e25_D30_G2/solution/solution-00038 
 39 5.431028914009e+10 1.392571516413e+09 768 7235 3201 18 8 9 9 1.39748513e-07 2.40730414e-07 outputs/V1e25_D30_G2/solution/solution-00039 
 40 5.570286065650e+10 1.392571516413e+09 768 7235 3201 18 8 9 9 1.41378447e-07 2.43351162e-07 outputs/V1e25_D30_G2/solution/solution-00040 
 41 5.709543217292e+10 1.392571516413e+09 768 7235 3201 18 8 9 9 1.43028919e-07 2.46009681e-07 outputs/V1e25_D30_G2/solution/solution-00041 
 42 5.848800368933e+10 1.392571516413e+09 768 7235 3201 18 8 9 9 1.44699881e-07 2.48705857e-07 outputs/V1e25_D30_G2/solution/solution-00042 
 43 5.988057520574e+10 1.392571516413e+09 768 7235 3201 18 8 9 9 1.46391329e-07 2.51439640e-07 outputs/V1e25_D30_G2/solution/solution-00043 
 44 6.127314672215e+10 1.392571516413e+09 768 7235 3201 18 8 9 9 1.48103297e-07 2.54211039e-07 outputs/V1e25_D30_G2/solution/solution-00044 
 45 6.266571823857e+10 1.392571516413e+09 768 7235 3201 17 8 9 9 1.49835851e-07 2.57020114e-07 outputs/V1e25_D30_G2/solution/solution-00045 
 46 6.405828975498e+10 1.392571516413e+09 768 7235 3201 17 8 9 9 1.51589086e-07 2.59866970e-07 outputs/V1e25_D30_G2/solution/solution-00046 
 47 6.545086127139e+10 1.392571516413e+09 768 7235 3201 17 8 9 9 1.53363122e-07 2.62751748e-07 outputs/V1e25_D30_G2/solution/solution-00047 
 48 6.684343278781e+10 1.392571516413e+09 768 7235 3201 17 8 9 9 1.55158100e-07 2.65674628e-07 outputs/V1e25_D30_G2/solution/solution-00048 
 49 6.823600430422e+10 1.392571516413e+09 768 7235 3201 17 8 9 9 1.56974179e-07 2.68635819e-07 outputs/V1e25_D30_G2/solution/solution-00049 
 50 6.962857582063e+10 1.392571516413e+09 768 7235 3201 17 8 9 9 1.58811537e-07 2.71635558e-07 outputs/V1e25_D30_G2/solution/solution-00050 
 51 7.102114733704e+10 1.392571516413e+09 768 7235 3201 17 8 9 9 1.60670364e-07 2.74674106e-07 outputs/V1e25_D30_G2/solution/solution-00051 
 52 7.241371885346e+10 1.392571516413e+09 768 7235 3201 17 8 9 9 1.62550865e-07 2.77751746e-07 outputs/V1e25_D30_G2/solution/solution-00052 
 53 7.380629036987e+10 1.392571516413e+09 768 7235 3201 17 8 9 9 1.64453255e-07 2.80868782e-07 outputs/V1e25_D30_G2/solution/solution-00053 
 54 7.519886188628e+10 1.392571516413e+09 768 7235 3201 17 7 8 8 1.66377759e-07 2.84025535e-07 outputs/V1e25_D30_G2/solution/solution-00054 
 55 7.659143340269e+10 1.392571516413e+09 768 7235 3201 17 7 8 8 1.68324612e-07 2.87222340e-07 outputs/V1e25_D30_G2/solution/solution-00055 
 56 7.798400491911e+10 1.392571516413e+09 768 7235 3201 17 7 8 8 1.70294058e-07 2.90459550e-07 outputs/V1e25_D30_G2/solution/solution-00056 
 57 7.937657643552e+10 1.392571516413e+09 768 7235 3201 17 7 8 8 1.72286345e-07 2.93737530e-07 outputs/V1e25_D30_G2/solution/solution-00057 
 58 8.076914795193e+10 1.392571516413e+09 768 7235 3201 17 7 8 8 1.74301731e-07 2.97056658e-07 outputs/V1e25_D30_G2/solution/solution-00058 
 59 8.216171946834e+10 1.392571516413e+09 768 7235 3201 17 7 8 8 1.76340479e-07 3.00417322e-07 outputs/V1e25_D30_G2/solution/solution-00059 
 60 8.355429098476e+10 1.392571516413e+09 768 7235 3201 17 7 8 8 1.78402858e-07 3.03819922e-07 outputs/V1e25_D30_G2/solution/solution-00060 
 61 8.494686250117e+10 1.392571516413e+09 768 7235 3201 17 7 8 8 1.80489142e-07 3.07264868e-07 outputs/V1e25_D30_G2/solution/solution-00061 
 62 8.633943401758e+10 1.392571516413e+09 768 7235 3201 17 7 8 8 1.82599609e-07 3.10752580e-07 outputs/V1e25_D30_G2/solution/solution-00062 
 63 8.773200553399e+10 1.392571516413e+09 768 7235 3201 17 7 8 8 1.84734544e-07 3.14283485e-07 outputs/V1e25_D30_G2/solution/solution-00063 
 64 8.912457705041e+10 1.392571516413e+09 768 7235 3201 17 7 8 8 1.86894235e-07 3.17858021e-07 outputs/V1e25_D30_G2/solution/solution-00064 
 65 9.051714856682e+10 1.392571516413e+09 768 7235 3201 17 7 8 8 1.89078974e-07 3.21476634e-07 outputs/V1e25_D30_G2/solution/solution-00065 
 66 9.190972008323e+10 1.392571516413e+09 768 7235 3201 17 7 8 8 1.91289057e-07 3.25139777e-07 outputs/V1e25_D30_G2/solution/solution-00066 
 67 9.330229159964e+10 1.392571516413e+09 768 7235 3201 17 7 8 8 1.93524786e-07 3.28847911e-07 outputs/V1e25_D30_G2/solution/solution-00067 
 68 9.469486311606e+10 1.392571516413e+09 768 7235 3201 17 7 8 8 1.95786464e-07 3.32601506e-07 outputs/V1e25_D30_G2/solution/solution-00068 
 69 9.608743463247e+10 1.392571516413e+09 768 7235 3201 17 7 8 8 1.98074400e-07 3.36401039e-07 outputs/V1e25_D30_G2/solution/solution-00069 
 70 9.748000614888e+10 1.392571516413e+09 768 7235 3201 17 7 8 8 2.00388906e-07 3.40246993e-07 outputs/V1e25_D30_G2/solution/solution-00070 
 71 9.887257766530e+10 1.392571516413e+09 768 7235 3201 16 7 8 8 2.02730298e-07 3.44139860e-07 outputs/V1e25_D30_G2/solution/solution-00071 
 72 1.002651491817e+11 1.392571516413e+09 768 7235 3201 16 7 8 8 2.05098895e-07 3.48080139e-07 outputs/V1e25_D30_G2/solution/solution-00072 
 73 1.016577206981e+11 1.392571516413e+09 768 7235 3201 16 7 8 8 2.07495021e-07 3.52068336e-07 outputs/V1e25_D30_G2/solution/solution-00073 
 74 1.030502922145e+11 1.392571516413e+09 768 7235 3201 16 7 8 8 2.09919003e-07 3.56104963e-07 outputs/V1e25_D30_G2/solution/solution-00074 
 75 1.044428637309e+11 1.392571516413e+09 768 7235 3201 16 7 8 8 2.12371170e-07 3.60190543e-07 outputs/V1e25_D30_G2/solution/solution-00075 
 76 1.058354352474e+11 1.392571516413e+09 768 7235 3201 16 7 8 8 2.14851858e-07 3.64325601e-07 outputs/V1e25_D30_G2/solution/solution-00076 
 77 1.072280067638e+11 1.392571516413e+09 768 7235 3201 16 7 8 8 2.17361405e-07 3.68510674e-07 outputs/V1e25_D30_G2/solution/solution-00077 
 78 1.086205782802e+11 1.392571516413e+09 768 7235 3201 16 7 8 8 2.19900152e-07 3.72746302e-07 outputs/V1e25_D30_G2/solution/solution-00078 
 79 1.100131497966e+11 1.392571516413e+09 768 7235 3201 16 7 8 8 2.22468445e-07 3.77033037e-07 outputs/V1e25_D30_G2/solution/solution-00079 
 80 1.114057213130e+11 1.392571516413e+09 768 7235 3201 16 7 8 8 2.25066634e-07 3.81371434e-07 outputs/V1e25_D30_G2/solution/solution-00080 
 81 1.127982928294e+11 1.392571516413e+09 768 7235 3201 16 7 8 8 2.27695072e-07 3.85762058e-07 outputs/V1e25_D30_G2/solution/solution-00081 
 82 1.141908643458e+11 1.392571516413e+09 768 7235 3201 16 7 8 8 2.30354116e-07 3.90205481e-07 outputs/V1e25_D30_G2/solution/solution-00082 
 83 1.155834358622e+11 1.392571516413e+09 768 7235 3201 16 7 8 8 2.33044129e-07 3.94702282e-07 outputs/V1e25_D30_G2/solution/solution-00083 
 84 1.169760073787e+11 1.392571516413e+09 768 7235 3201 16 7 8 8 2.35765474e-07 3.99253046e-07 outputs/V1e25_D30_G2/solution/solution-00084 
 85 1.183685788951e+11 1.392571516413e+09 768 7235 3201 16 7 8 8 2.38518522e-07 4.03858370e-07 outputs/V1e25_D30_G2/solution/solution-00085 
 86 1.197611504115e+11 1.392571516413e+09 768 7235 3201 16 7 8 8 2.41303647e-07 4.08518855e-07 outputs/V1e25_D30_G2/solution/solution-00086 
 87 1.211537219279e+11 1.392571516413e+09 768 7235 3201 16 7 8 8 2.44121225e-07 4.13235110e-07 outputs/V1e25_D30_G2/solution/solution-00087 
 88 1.225462934443e+11 1.392571516413e+09 768 7235 3201 16 7 8 8 2.46971639e-07 4.18007754e-07 outputs/V1e25_D30_G2/solution/solution-00088 
 89 1.239388649607e+11 1.392571516413e+09 768 7235 3201 16 7 8 8 2.49855274e-07 4.22837412e-07 outputs/V1e25_D30_G2/solution/solution-00089 
 90 1.253314364771e+11 1.392571516413e+09 768 7235 3201 16 7 8 8 2.52772523e-07 4.27724717e-07 outputs/V1e25_D30_G2/solution/solution-00090 
 91 1.267240079935e+11 1.392571516413e+09 768 7235 3201 16 6 7 7 2.55723779e-07 4.32670312e-07 outputs/V1e25_D30_G2/solution/solution-00091 
 92 1.281165795100e+11 1.392571516413e+09 768 7235 3201 16 6 7 7 2.58709442e-07 4.37674845e-07 outputs/V1e25_D30_G2/solution/solution-00092 
 93 1.295091510264e+11 1.392571516413e+09 768 7235 3201 16 6 7 7 2.61729916e-07 4.42738976e-07 outputs/V1e25_D30_G2/solution/solution-00093 
 94 1.309017225428e+11 1.392571516413e+09 768 7235 3201 16 6 7 7 2.64785609e-07 4.47863370e-07 outputs/V1e25_D30_G2/solution/solution-00094 
 95 1.322942940592e+11 1.392571516413e+09 768 7235 3201 16 6 7 7 2.67876935e-07 4.53048702e-07 outputs/V1e25_D30_G2/solution/solution-00095 
 96 1.336868655756e+11 1.392571516413e+09 768 7235 3201 16 6 7 7 2.71004311e-07 4.58295656e-07 outputs/V1e25_D30_G2/solution/solution-00096 
 97 1.350794370920e+11 1.392571516413e+09 768 7235 3201 15 6 7 7 2.74168160e-07 4.63604923e-07 outputs/V1e25_D30_G2/solution/solution-00097 
 98 1.364720086084e+11 1.392571516413e+09 768 7235 3201 15 6 7 7 2.77368909e-07 4.68977205e-07 outputs/V1e25_D30_G2/solution/solution-00098 
 99 1.378645801248e+11 1.392571516413e+09 768 7235 3201 15 6 7 7 2.80606992e-07 4.74413209e-07 outputs/V1e25_D30_G2/solution/solution-00099 
100 1.392571516413e+11 1.392571516413e+09 768 7235 3201 15 6 7 7 2.83882844e-07 4.79913655e-07 outputs/V1e25_D30_G2/solution/solution-00100 
