# 1: Time step number
# 2: Time (years)
# 3: Time step size (years)
# 4: Number of mesh cells
# 5: Number of Stokes degrees of freedom
# 6: Number of temperature degrees of freedom
# 7: Iterations for temperature solver
# 8: Iterations for Stokes solver
# 9: Velocity iterations in Stokes preconditioner
# 10: Schur complement iterations in Stokes preconditioner
# 11: RMS velocity (m/year)
# 12: Max. velocity (m/year)
# 13: Visualization file name
  0 0.000000000000e+00 0.000000000000e+00 768 7235 3201  0 8 9 9 3.97513738e-08 7.05328047e-08 outputs/V1e26_D30_G6/solution/solution-00000 
  1 1.392571516413e+09 1.392571516413e+09 768 7235 3201 32 8 9 9 3.77090439e-08 6.37369478e-08 outputs/V1e26_D30_G6/solution/solution-00001 
  2 2.785143032825e+09 1.392571516413e+09 768 7235 3201 25 8 9 9 3.58734372e-08 6.06782539e-08 outputs/V1e26_D30_G6/solution/solution-00002 
  3 4.177714549238e+09 1.392571516413e+09 768 7235 3201 24 8 9 9 3.42054282e-08 5.79639156e-08 outputs/V1e26_D30_G6/solution/solution-00003 
  4 5.570286065650e+09 1.392571516413e+09 768 7235 3201 23 8 9 9 3.26708039e-08 5.54677472e-08 outputs/V1e26_D30_G6/solution/solution-00004 
  5 6.962857582063e+09 1.392571516413e+09 768 7235 3201 23 8 9 9 3.12549088e-08 5.31589976e-08 outputs/V1e26_D30_G6/solution/solution-00005 
  6 8.355429098476e+09 1.392571516413e+09 768 7235 3201 22 8 9 9 2.99425803e-08 5.10098367e-08 outputs/V1e26_D30_G6/solution/solution-00006 
  7 9.748000614888e+09 1.392571516413e+09 768 7235 3201 21 8 9 9 2.87204801e-08 4.89975821e-08 outputs/V1e26_D30_G6/solution/solution-00007 
  8 1.114057213130e+10 1.392571516413e+09 768 7235 3201 21 8 9 9 2.75772770e-08 4.71042097e-08 outputs/V1e26_D30_G6/solution/solution-00008 
  9 1.253314364771e+10 1.392571516413e+09 768 7235 3201 21 8 9 9 2.65034714e-08 4.53153811e-08 outputs/V1e26_D30_G6/solution/solution-00009 
 10 1.392571516413e+10 1.392571516413e+09 768 7235 3201 20 8 9 9 2.54911274e-08 4.36195728e-08 outputs/V1e26_D30_G6/solution/solution-00010 
 11 1.531828668054e+10 1.392571516413e+09 768 7235 3201 20 8 9 9 2.45336062e-08 4.20074032e-08 outputs/V1e26_D30_G6/solution/solution-00011 
 12 1.671085819695e+10 1.392571516413e+09 768 7235 3201 20 8 9 9 2.36253344e-08 4.04711341e-08 outputs/V1e26_D30_G6/solution/solution-00012 
 13 1.810342971336e+10 1.392571516413e+09 768 7235 3201 20 8 9 9 2.27616103e-08 3.90043031e-08 outputs/V1e26_D30_G6/solution/solution-00013 
 14 1.949600122978e+10 1.392571516413e+09 768 7235 3201 20 8 9 9 2.19384472e-08 3.76014494e-08 outputs/V1e26_D30_G6/solution/solution-00014 
 15 2.088857274619e+10 1.392571516413e+09 768 7235 3201 20 8 9 9 2.11524445e-08 3.62579078e-08 outputs/V1e26_D30_G6/solution/solution-00015 
 16 2.228114426260e+10 1.392571516413e+09 768 7235 3201 19 8 9 9 2.04006842e-08 3.49696516e-08 outputs/V1e26_D30_G6/solution/solution-00016 
 17 2.367371577901e+10 1.392571516413e+09 768 7235 3201 19 8 9 9 1.96806467e-08 3.37331712e-08 outputs/V1e26_D30_G6/solution/solution-00017 
 18 2.506628729543e+10 1.392571516413e+09 768 7235 3201 19 8 9 9 1.89901424e-08 3.25453790e-08 outputs/V1e26_D30_G6/solution/solution-00018 
 19 2.645885881184e+10 1.392571516413e+09 768 7235 3201 19 8 9 9 1.83272555e-08 3.14035353e-08 outputs/V1e26_D30_G6/solution/solution-00019 
 20 2.785143032825e+10 1.392571516413e+09 768 7235 3201 19 8 9 9 1.76902989e-08 3.03051891e-08 outputs/V1e26_D30_G6/solution/solution-00020 
 21 2.924400184466e+10 1.392571516413e+09 768 7235 3201 19 8 9 9 1.70777767e-08 2.92481303e-08 outputs/V1e26_D30_G6/solution/solution-00021 
 22 3.063657336108e+10 1.392571516413e+09 768 7235 3201 19 8 9 9 1.64883534e-08 2.82303523e-08 outputs/V1e26_D30_G6/solution/solution-00022 
 23 3.202914487749e+10 1.392571516413e+09 768 7235 3201 19 8 9 9 1.59208291e-08 2.72500204e-08 outputs/V1e26_D30_G6/solution/solution-00023 
 24 3.342171639390e+10 1.392571516413e+09 768 7235 3201 19 8 9 9 1.53741186e-08 2.63054476e-08 outputs/V1e26_D30_G6/solution/solution-00024 
 25 3.481428791032e+10 1.392571516413e+09 768 7235 3201 19 8 9 9 1.48472344e-08 2.53950732e-08 outputs/V1e26_D30_G6/solution/solution-00025 
 26 3.620685942673e+10 1.392571516413e+09 768 7235 3201 18 8 9 9 1.43392726e-08 2.45174468e-08 outputs/V1e26_D30_G6/solution/solution-00026 
 27 3.759943094314e+10 1.392571516413e+09 768 7235 3201 18 8 9 9 1.38494009e-08 2.36712136e-08 outputs/V1e26_D30_G6/solution/solution-00027 
 28 3.899200245955e+10 1.392571516413e+09 768 7235 3201 18 8 9 9 1.33768493e-08 2.28551036e-08 outputs/V1e26_D30_G6/solution/solution-00028 
 29 4.038457397597e+10 1.392571516413e+09 768 7235 3201 18 8 9 9 1.29209017e-08 2.20679213e-08 outputs/V1e26_D30_G6/solution/solution-00029 
 30 4.177714549238e+10 1.392571516413e+09 768 7235 3201 18 8 9 9 1.24808891e-08 2.13085382e-08 outputs/V1e26_D30_G6/solution/solution-00030 
 31 4.316971700879e+10 1.392571516413e+09 768 7235 3201 18 8 9 9 1.20561843e-08 2.05758859e-08 outputs/V1e26_D30_G6/solution/solution-00031 
 32 4.456228852520e+10 1.392571516413e+09 768 7235 3201 18 8 9 9 1.16461966e-08 1.98689500e-08 outputs/V1e26_D30_G6/solution/solution-00032 
 33 4.595486004162e+10 1.392571516413e+09 768 7235 3201 18 8 9 9 1.12503684e-08 1.91867660e-08 outputs/V1e26_D30_G6/solution/solution-00033 
 34 4.734743155803e+10 1.392571516413e+09 768 7235 3201 18 8 9 9 1.08681715e-08 1.85284144e-08 outputs/V1e26_D30_G6/solution/solution-00034 
 35 4.874000307444e+10 1.392571516413e+09 768 7235 3201 18 8 9 9 1.04991040e-08 1.78930175e-08 outputs/V1e26_D30_G6/solution/solution-00035 
 36 5.013257459085e+10 1.392571516413e+09 768 7235 3201 18 8 9 9 1.01426885e-08 1.72797362e-08 outputs/V1e26_D30_G6/solution/solution-00036 
 37 5.152514610727e+10 1.392571516413e+09 768 7235 3201 18 8 9 9 9.79846934e-09 1.66877673e-08 outputs/V1e26_D30_G6/solution/solution-00037 
 38 5.291771762368e+10 1.392571516413e+09 768 7235 3201 18 8 9 9 9.46601138e-09 1.61163414e-08 outputs/V1e26_D30_G6/solution/solution-00038 
 39 5.431028914009e+10 1.392571516413e+09 768 7235 3201 18 8 9 9 9.14489804e-09 1.55647203e-08 outputs/V1e26_D30_G6/solution/solution-00039 
 40 5.570286065650e+10 1.392571516413e+09 768 7235 3201 18 8 9 9 8.83473019e-09 1.50321956e-08 outputs/V1e26_D30_G6/solution/solution-00040 
 41 5.709543217292e+10 1.392571516413e+09 768 7235 3201 18 8 9 9 8.53512488e-09 1.45180868e-08 outputs/V1e26_D30_G6/solution/solution-00041 
 42 5.848800368933e+10 1.392571516413e+09 768 7235 3201 18 8 9 9 8.24571433e-09 1.40217400e-08 outputs/V1e26_D30_G6/solution/solution-00042 
 43 5.988057520574e+10 1.392571516413e+09 768 7235 3201 18 8 9 9 7.96614506e-09 1.35425263e-08 outputs/V1e26_D30_G6/solution/solution-00043 
 44 6.127314672215e+10 1.392571516413e+09 768 7235 3201 18 8 9 9 7.69607702e-09 1.30798407e-08 outputs/V1e26_D30_G6/solution/solution-00044 
 45 6.266571823857e+10 1.392571516413e+09 768 7235 3201 17 8 9 9 7.43518292e-09 1.26331011e-08 outputs/V1e26_D30_G6/solution/solution-00045 
 46 6.405828975498e+10 1.392571516413e+09 768 7235 3201 17 8 9 9 7.18314756e-09 1.22017470e-08 outputs/V1e26_D30_G6/solution/solution-00046 
 47 6.545086127139e+10 1.392571516413e+09 768 7235 3201 17 8 9 9 6.93966721e-09 1.17852385e-08 outputs/V1e26_D30_G6/solution/solution-00047 
 48 6.684343278781e+10 1.392571516413e+09 768 7235 3201 17 8 9 9 6.70444912e-09 1.13830560e-08 outputs/V1e26_D30_G6/solution/solution-00048 
 49 6.823600430422e+10 1.392571516413e+09 768 7235 3201 17 8 9 9 6.47721099e-09 1.09946984e-08 outputs/V1e26_D30_G6/solution/solution-00049 
 50 6.962857582063e+10 1.392571516413e+09 768 7235 3201 17 8 9 9 6.25768055e-09 1.06196831e-08 outputs/V1e26_D30_G6/solution/solution-00050 
 51 7.102114733704e+10 1.392571516413e+09 768 7235 3201 17 8 9 9 6.04559511e-09 1.02575450e-08 outputs/V1e26_D30_G6/solution/solution-00051 
 52 7.241371885346e+10 1.392571516413e+09 768 7235 3201 17 8 9 9 5.84070117e-09 9.90783572e-09 outputs/V1e26_D30_G6/solution/solution-00052 
 53 7.380629036987e+10 1.392571516413e+09 768 7235 3201 17 8 9 9 5.64275406e-09 9.57012289e-09 outputs/V1e26_D30_G6/solution/solution-00053 
 54 7.519886188628e+10 1.392571516413e+09 768 7235 3201 17 8 9 9 5.45151762e-09 9.24398976e-09 outputs/V1e26_D30_G6/solution/solution-00054 
 55 7.659143340269e+10 1.392571516413e+09 768 7235 3201 17 8 9 9 5.26676383e-09 8.92903441e-09 outputs/V1e26_D30_G6/solution/solution-00055 
 56 7.798400491911e+10 1.392571516413e+09 768 7235 3201 17 8 9 9 5.08827251e-09 8.62486927e-09 outputs/V1e26_D30_G6/solution/solution-00056 
 57 7.937657643552e+10 1.392571516413e+09 768 7235 3201 17 8 9 9 4.91583108e-09 8.33112051e-09 outputs/V1e26_D30_G6/solution/solution-00057 
 58 8.076914795193e+10 1.392571516413e+09 768 7235 3201 17 8 9 9 4.74923422e-09 8.04742758e-09 outputs/V1e26_D30_G6/solution/solution-00058 
 59 8.216171946834e+10 1.392571516413e+09 768 7235 3201 17 8 9 9 4.58828364e-09 7.77344267e-09 outputs/V1e26_D30_G6/solution/solution-00059 
 60 8.355429098476e+10 1.392571516413e+09 768 7235 3201 17 8 9 9 4.43278784e-09 7.50883026e-09 outputs/V1e26_D30_G6/solution/solution-00060 
 61 8.494686250117e+10 1.392571516413e+09 768 7235 3201 17 8 9 9 4.28256181e-09 7.25326668e-09 outputs/V1e26_D30_G6/solution/solution-00061 
 62 8.633943401758e+10 1.392571516413e+09 768 7235 3201 17 8 9 9 4.13742689e-09 7.00643963e-09 outputs/V1e26_D30_G6/solution/solution-00062 
 63 8.773200553399e+10 1.392571516413e+09 768 7235 3201 17 8 9 9 3.99721048e-09 6.76804780e-09 outputs/V1e26_D30_G6/solution/solution-00063 
 64 8.912457705041e+10 1.392571516413e+09 768 7235 3201 17 8 9 9 3.86174584e-09 6.53780046e-09 outputs/V1e26_D30_G6/solution/solution-00064 
 65 9.051714856682e+10 1.392571516413e+09 768 7235 3201 17 8 9 9 3.73087191e-09 6.31541705e-09 outputs/V1e26_D30_G6/solution/solution-00065 
 66 9.190972008323e+10 1.392571516413e+09 768 7235 3201 17 8 9 9 3.60443310e-09 6.10062687e-09 outputs/V1e26_D30_G6/solution/solution-00066 
 67 9.330229159964e+10 1.392571516413e+09 768 7235 3201 17 8 9 9 3.48227909e-09 5.89316864e-09 outputs/V1e26_D30_G6/solution/solution-00067 
 68 9.469486311606e+10 1.392571516413e+09 768 7235 3201 17 8 9 9 3.36426468e-09 5.69279025e-09 outputs/V1e26_D30_G6/solution/solution-00068 
 69 9.608743463247e+10 1.392571516413e+09 768 7235 3201 17 8 9 9 3.25024958e-09 5.49924837e-09 outputs/V1e26_D30_G6/solution/solution-00069 
 70 9.748000614888e+10 1.392571516413e+09 768 7235 3201 17 8 9 9 3.14009827e-09 5.31230813e-09 outputs/V1e26_D30_G6/solution/solution-00070 
 71 9.887257766530e+10 1.392571516413e+09 768 7235 3201 16 8 9 9 3.03367982e-09 5.13174290e-09 outputs/V1e26_D30_G6/solution/solution-00071 
 72 1.002651491817e+11 1.392571516413e+09 768 7235 3201 16 8 9 9 2.93086773e-09 4.95733385e-09 outputs/V1e26_D30_G6/solution/solution-00072 
 73 1.016577206981e+11 1.392571516413e+09 768 7235 3201 16 8 9 9 2.83153980e-09 4.78886981e-09 outputs/V1e26_D30_G6/solution/solution-00073 
 74 1.030502922145e+11 1.392571516413e+09 768 7235 3201 16 8 9 9 2.73557796e-09 4.62614692e-09 outputs/V1e26_D30_G6/solution/solution-00074 
 75 1.044428637309e+11 1.392571516413e+09 768 7235 3201 16 8 9 9 2.64286816e-09 4.46896840e-09 outputs/V1e26_D30_G6/solution/solution-00075 
 76 1.058354352474e+11 1.392571516413e+09 768 7235 3201 16 8 9 9 2.55330018e-09 4.31714430e-09 outputs/V1e26_D30_G6/solution/solution-00076 
 77 1.072280067638e+11 1.392571516413e+09 768 7235 3201 16 8 9 9 2.46676757e-09 4.17049123e-09 outputs/V1e26_D30_G6/solution/solution-00077 
 78 1.086205782802e+11 1.392571516413e+09 768 7235 3201 16 8 9 9 2.38316748e-09 4.02883217e-09 outputs/V1e26_D30_G6/solution/solution-00078 
 79 1.100131497966e+11 1.392571516413e+09 768 7235 3201 16 8 9 9 2.30240053e-09 3.89199621e-09 outputs/V1e26_D30_G6/solution/solution-00079 
 80 1.114057213130e+11 1.392571516413e+09 768 7235 3201 16 8 9 9 2.22437072e-09 3.75981836e-09 outputs/V1e26_D30_G6/solution/solution-00080 
 81 1.127982928294e+11 1.392571516413e+09 768 7235 3201 16 8 9 9 2.14898530e-09 3.63213929e-09 outputs/V1e26_D30_G6/solution/solution-00081 
 82 1.141908643458e+11 1.392571516413e+09 768 7235 3201 16 8 9 9 2.07615465e-09 3.50880523e-09 outputs/V1e26_D30_G6/solution/solution-00082 
 83 1.155834358622e+11 1.392571516413e+09 768 7235 3201 16 8 9 9 2.00579221e-09 3.38966766e-09 outputs/V1e26_D30_G6/solution/solution-00083 
 84 1.169760073787e+11 1.392571516413e+09 768 7235 3201 16 8 9 9 1.93781434e-09 3.27458320e-09 outputs/V1e26_D30_G6/solution/solution-00084 
 85 1.183685788951e+11 1.392571516413e+09 768 7235 3201 16 8 9 9 1.87214023e-09 3.16341342e-09 outputs/V1e26_D30_G6/solution/solution-00085 
 86 1.197611504115e+11 1.392571516413e+09 768 7235 3201 16 8 9 9 1.80869181e-09 3.05602464e-09 outputs/V1e26_D30_G6/solution/solution-00086 
 87 1.211537219279e+11 1.392571516413e+09 768 7235 3201 16 8 9 9 1.74739366e-09 2.95228780e-09 outputs/V1e26_D30_G6/solution/solution-00087 
 88 1.225462934443e+11 1.392571516413e+09 768 7235 3201 16 8 9 9 1.68817291e-09 2.85207825e-09 outputs/V1e26_D30_G6/solution/solution-00088 
 89 1.239388649607e+11 1.392571516413e+09 768 7235 3201 16 8 9 9 1.63095916e-09 2.75527564e-09 outputs/V1e26_D30_G6/solution/solution-00089 
 90 1.253314364771e+11 1.392571516413e+09 768 7235 3201 16 8 9 9 1.57568440e-09 2.66176376e-09 outputs/V1e26_D30_G6/solution/solution-00090 
 91 1.267240079935e+11 1.392571516413e+09 768 7235 3201 16 8 9 9 1.52228292e-09 2.57143039e-09 outputs/V1e26_D30_G6/solution/solution-00091 
 92 1.281165795100e+11 1.392571516413e+09 768 7235 3201 16 8 9 9 1.47069124e-09 2.48416715e-09 outputs/V1e26_D30_G6/solution/solution-00092 
 93 1.295091510264e+11 1.392571516413e+09 768 7235 3201 16 8 9 9 1.42084802e-09 2.39986939e-09 outputs/V1e26_D30_G6/solution/solution-00093 
 94 1.309017225428e+11 1.392571516413e+09 768 7235 3201 16 8 9 9 1.37269402e-09 2.31843604e-09 outputs/V1e26_D30_G6/solution/solution-00094 
 95 1.322942940592e+11 1.392571516413e+09 768 7235 3201 16 8 9 9 1.32617198e-09 2.23976950e-09 outputs/V1e26_D30_G6/solution/solution-00095 
 96 1.336868655756e+11 1.392571516413e+09 768 7235 3201 15 8 9 9 1.28122661e-09 2.16377555e-09 outputs/V1e26_D30_G6/solution/solution-00096 
 97 1.350794370920e+11 1.392571516413e+09 768 7235 3201 15 8 9 9 1.23780447e-09 2.09036312e-09 outputs/V1e26_D30_G6/solution/solution-00097 
 98 1.364720086084e+11 1.392571516413e+09 768 7235 3201 15 8 9 9 1.19585394e-09 2.01944431e-09 outputs/V1e26_D30_G6/solution/solution-00098 
 99 1.378645801248e+11 1.392571516413e+09 768 7235 3201 15 8 9 9 1.15532514e-09 1.95093422e-09 outputs/V1e26_D30_G6/solution/solution-00099 
100 1.392571516413e+11 1.392571516413e+09 768 7235 3201 15 8 9 9 1.11616990e-09 1.88475084e-09 outputs/V1e26_D30_G6/solution/solution-00100 
