# 1: Time step number
# 2: Time (years)
# 3: Time step size (years)
# 4: Number of mesh cells
# 5: Number of Stokes degrees of freedom
# 6: Number of temperature degrees of freedom
# 7: Iterations for temperature solver
# 8: Iterations for Stokes solver
# 9: Velocity iterations in Stokes preconditioner
# 10: Schur complement iterations in Stokes preconditioner
# 11: RMS velocity (m/year)
# 12: Max. velocity (m/year)
# 13: Visualization file name
  0 0.000000000000e+00 0.000000000000e+00 768 7235 3201  0 8 9 9 1.20390267e-08 2.11689067e-08 outputs/V3.3e26_D100_G6/solution/solution-00000 
  1 1.392571516413e+09 1.392571516413e+09 768 7235 3201 32 8 9 9 1.14045895e-08 1.92384253e-08 outputs/V3.3e26_D100_G6/solution/solution-00001 
  2 2.785143032825e+09 1.392571516413e+09 768 7235 3201 25 8 9 9 1.08191716e-08 1.82651894e-08 outputs/V3.3e26_D100_G6/solution/solution-00002 
  3 4.177714549238e+09 1.392571516413e+09 768 7235 3201 24 8 9 9 1.02725642e-08 1.73520986e-08 outputs/V3.3e26_D100_G6/solution/solution-00003 
  4 5.570286065650e+09 1.392571516413e+09 768 7235 3201 23 8 9 9 9.75756773e-09 1.64913218e-08 outputs/V3.3e26_D100_G6/solution/solution-00004 
  5 6.962857582063e+09 1.392571516413e+09 768 7235 3201 23 8 9 9 9.27232651e-09 1.56794009e-08 outputs/V3.3e26_D100_G6/solution/solution-00005 
  6 8.355429098476e+09 1.392571516413e+09 768 7235 3201 22 8 9 9 8.81461172e-09 1.49125217e-08 outputs/V3.3e26_D100_G6/solution/solution-00006 
  7 9.748000614888e+09 1.392571516413e+09 768 7235 3201 21 8 9 9 8.38232893e-09 1.41871793e-08 outputs/V3.3e26_D100_G6/solution/solution-00007 
  8 1.114057213130e+10 1.392571516413e+09 768 7235 3201 21 8 9 9 7.97358267e-09 1.35002913e-08 outputs/V3.3e26_D100_G6/solution/solution-00008 
  9 1.253314364771e+10 1.392571516413e+09 768 7235 3201 21 8 9 9 7.58667928e-09 1.28491610e-08 outputs/V3.3e26_D100_G6/solution/solution-00009 
 10 1.392571516413e+10 1.392571516413e+09 768 7235 3201 20 8 9 9 7.22010855e-09 1.22314130e-08 outputs/V3.3e26_D100_G6/solution/solution-00010 
 11 1.531828668054e+10 1.392571516413e+09 768 7235 3201 20 8 9 9 6.87251972e-09 1.16449346e-08 outputs/V3.3e26_D100_G6/solution/solution-00011 
 12 1.671085819695e+10 1.392571516413e+09 768 7235 3201 20 8 9 9 6.54269878e-09 1.10878288e-08 outputs/V3.3e26_D100_G6/solution/solution-00012 
 13 1.810342971336e+10 1.392571516413e+09 768 7235 3201 20 8 9 9 6.22954864e-09 1.05583771e-08 outputs/V3.3e26_D100_G6/solution/solution-00013 
 14 1.949600122978e+10 1.392571516413e+09 768 7235 3201 20 8 9 9 5.93207253e-09 1.00550111e-08 outputs/V3.3e26_D100_G6/solution/solution-00014 
 15 2.088857274619e+10 1.392571516413e+09 768 7235 3201 20 8 9 9 5.64936016e-09 9.57629053e-09 outputs/V3.3e26_D100_G6/solution/solution-00015 
 16 2.228114426260e+10 1.392571516413e+09 768 7235 3201 19 8 9 9 5.38057623e-09 9.12088498e-09 outputs/V3.3e26_D100_G6/solution/solution-00016 
 17 2.367371577901e+10 1.392571516413e+09 768 7235 3201 19 8 9 9 5.12495088e-09 8.68756030e-09 outputs/V3.3e26_D100_G6/solution/solution-00017 
 18 2.506628729543e+10 1.392571516413e+09 768 7235 3201 19 8 9 9 4.88177170e-09 8.27516690e-09 outputs/V3.3e26_D100_G6/solution/solution-00018 
 19 2.645885881184e+10 1.392571516413e+09 768 7235 3201 19 8 9 9 4.65037710e-09 7.88263039e-09 outputs/V3.3e26_D100_G6/solution/solution-00019 
 20 2.785143032825e+10 1.392571516413e+09 768 7235 3201 19 8 9 9 4.43015064e-09 7.50894373e-09 outputs/V3.3e26_D100_G6/solution/solution-00020 
 21 2.924400184466e+10 1.392571516413e+09 768 7235 3201 19 8 9 9 4.22051636e-09 7.15316078e-09 outputs/V3.3e26_D100_G6/solution/solution-00021 
 22 3.063657336108e+10 1.392571516413e+09 768 7235 3201 19 8 9 9 4.02093467e-09 6.81439071e-09 outputs/V3.3e26_D100_G6/solution/solution-00022 
 23 3.202914487749e+10 1.392571516413e+09 768 7235 3201 19 8 9 9 3.83089898e-09 6.49179328e-09 outputs/V3.3e26_D100_G6/solution/solution-00023 
 24 3.342171639390e+10 1.392571516413e+09 768 7235 3201 19 8 9 9 3.64993269e-09 6.18457480e-09 outputs/V3.3e26_D100_G6/solution/solution-00024 
 25 3.481428791032e+10 1.392571516413e+09 768 7235 3201 18 8 9 9 3.47758667e-09 5.89198458e-09 outputs/V3.3e26_D100_G6/solution/solution-00025 
 26 3.620685942673e+10 1.392571516413e+09 768 7235 3201 18 8 9 9 3.31343700e-09 5.61331180e-09 outputs/V3.3e26_D100_G6/solution/solution-00026 
 27 3.759943094314e+10 1.392571516413e+09 768 7235 3201 18 8 9 9 3.15708306e-09 5.34788282e-09 outputs/V3.3e26_D100_G6/solution/solution-00027 
 28 3.899200245955e+10 1.392571516413e+09 768 7235 3201 18 8 9 9 3.00814580e-09 5.09505870e-09 outputs/V3.3e26_D100_G6/solution/solution-00028 
 29 4.038457397597e+10 1.392571516413e+09 768 7235 3201 18 8 9 9 2.86626623e-09 4.85423303e-09 outputs/V3.3e26_D100_G6/solution/solution-00029 
 30 4.177714549238e+10 1.392571516413e+09 768 7235 3201 18 8 9 9 2.73110404e-09 4.62482992e-09 outputs/V3.3e26_D100_G6/solution/solution-00030 
 31 4.316971700879e+10 1.392571516413e+09 768 7235 3201 18 8 9 9 2.60233643e-09 4.40630225e-09 outputs/V3.3e26_D100_G6/solution/solution-00031 
 32 4.456228852520e+10 1.392571516413e+09 768 7235 3201 18 8 9 9 2.47965699e-09 4.19813000e-09 outputs/V3.3e26_D100_G6/solution/solution-00032 
 33 4.595486004162e+10 1.392571516413e+09 768 7235 3201 18 8 9 9 2.36277471e-09 3.99981874e-09 outputs/V3.3e26_D100_G6/solution/solution-00033 
 34 4.734743155803e+10 1.392571516413e+09 768 7235 3201 18 8 9 9 2.25141307e-09 3.81089822e-09 outputs/V3.3e26_D100_G6/solution/solution-00034 
 35 4.874000307444e+10 1.392571516413e+09 768 7235 3201 18 8 9 9 2.14530922e-09 3.63092112e-09 outputs/V3.3e26_D100_G6/solution/solution-00035 
 36 5.013257459085e+10 1.392571516413e+09 768 7235 3201 18 8 9 9 2.04421323e-09 3.45946181e-09 outputs/V3.3e26_D100_G6/solution/solution-00036 
 37 5.152514610727e+10 1.392571516413e+09 768 7235 3201 18 8 9 9 1.94788733e-09 3.29611525e-09 outputs/V3.3e26_D100_G6/solution/solution-00037 
 38 5.291771762368e+10 1.392571516413e+09 768 7235 3201 18 8 9 9 1.85610533e-09 3.14049590e-09 outputs/V3.3e26_D100_G6/solution/solution-00038 
 39 5.431028914009e+10 1.392571516413e+09 768 7235 3201 18 8 9 9 1.76865197e-09 2.99223679e-09 outputs/V3.3e26_D100_G6/solution/solution-00039 
 40 5.570286065650e+10 1.392571516413e+09 768 7235 3201 18 8 9 9 1.68532234e-09 2.85098854e-09 outputs/V3.3e26_D100_G6/solution/solution-00040 
 41 5.709543217292e+10 1.392571516413e+09 768 7235 3201 18 8 9 9 1.60592140e-09 2.71641853e-09 outputs/V3.3e26_D100_G6/solution/solution-00041 
 42 5.848800368933e+10 1.392571516413e+09 768 7235 3201 18 8 9 9 1.53026342e-09 2.58821003e-09 outputs/V3.3e26_D100_G6/solution/solution-00042 
 43 5.988057520574e+10 1.392571516413e+09 768 7235 3201 17 8 9 9 1.45817157e-09 2.46606146e-09 outputs/V3.3e26_D100_G6/solution/solution-00043 
 44 6.127314672215e+10 1.392571516413e+09 768 7235 3201 17 8 9 9 1.38947742e-09 2.34968561e-09 outputs/V3.3e26_D100_G6/solution/solution-00044 
 45 6.266571823857e+10 1.392571516413e+09 768 7235 3201 17 8 9 9 1.32402058e-09 2.23880897e-09 outputs/V3.3e26_D100_G6/solution/solution-00045 
 46 6.405828975498e+10 1.392571516413e+09 768 7235 3201 17 8 9 9 1.26164826e-09 2.13317106e-09 outputs/V3.3e26_D100_G6/solution/solution-00046 
 47 6.545086127139e+10 1.392571516413e+09 768 7235 3201 17 8 9 9 1.20221495e-09 2.03252380e-09 outputs/V3.3e26_D100_G6/solution/solution-00047 
 48 6.684343278781e+10 1.392571516413e+09 768 7235 3201 17 8 9 9 1.14558201e-09 1.93663091e-09 outputs/V3.3e26_D100_G6/solution/solution-00048 
 49 6.823600430422e+10 1.392571516413e+09 768 7235 3201 17 8 9 9 1.09161737e-09 1.84526733e-09 outputs/V3.3e26_D100_G6/solution/solution-00049 
 50 6.962857582063e+10 1.392571516413e+09 768 7235 3201 17 8 9 9 1.04019523e-09 1.75821871e-09 outputs/V3.3e26_D100_G6/solution/solution-00050 
 51 7.102114733704e+10 1.392571516413e+09 768 7235 3201 17 8 9 9 9.91195725e-10 1.67528088e-09 outputs/V3.3e26_D100_G6/solution/solution-00051 
 52 7.241371885346e+10 1.392571516413e+09 768 7235 3201 17 8 9 9 9.44504653e-10 1.59625936e-09 outputs/V3.3e26_D100_G6/solution/solution-00052 
 53 7.380629036987e+10 1.392571516413e+09 768 7235 3201 17 8 9 9 9.00013212e-10 1.52096889e-09 outputs/V3.3e26_D100_G6/solution/solution-00053 
 54 7.519886188628e+10 1.392571516413e+09 768 7235 3201 17 8 9 9 8.57617736e-10 1.44923303e-09 outputs/V3.3e26_D100_G6/solution/solution-00054 
 55 7.659143340269e+10 1.392571516413e+09 768 7235 3201 17 8 9 9 8.17219454e-10 1.38088367e-09 outputs/V3.3e26_D100_G6/solution/solution-00055 
 56 7.798400491911e+10 1.392571516413e+09 768 7235 3201 17 8 9 9 7.78724254e-10 1.31576069e-09 outputs/V3.3e26_D100_G6/solution/solution-00056 
 57 7.937657643552e+10 1.392571516413e+09 768 7235 3201 17 8 9 9 7.42042465e-10 1.25371158e-09 outputs/V3.3e26_D100_G6/solution/solution-00057 
 58 8.076914795193e+10 1.392571516413e+09 768 7235 3201 17 8 9 9 7.07088644e-10 1.19459103e-09 outputs/V3.3e26_D100_G6/solution/solution-00058 
 59 8.216171946834e+10 1.392571516413e+09 768 7235 3201 17 8 9 9 6.73781378e-10 1.13826062e-09 outputs/V3.3e26_D100_G6/solution/solution-00059 
 60 8.355429098476e+10 1.392571516413e+09 768 7235 3201 17 8 9 9 6.42043092e-10 1.08458850e-09 outputs/V3.3e26_D100_G6/solution/solution-00060 
 61 8.494686250117e+10 1.392571516413e+09 768 7235 3201 17 8 9 9 6.11799869e-10 1.03344905e-09 outputs/V3.3e26_D100_G6/solution/solution-00061 
 62 8.633943401758e+10 1.392571516413e+09 768 7235 3201 17 8 9 9 5.82981274e-10 9.84722620e-10 outputs/V3.3e26_D100_G6/solution/solution-00062 
 63 8.773200553399e+10 1.392571516413e+09 768 7235 3201 17 8 9 9 5.55520195e-10 9.38295204e-10 outputs/V3.3e26_D100_G6/solution/solution-00063 
 64 8.912457705041e+10 1.392571516413e+09 768 7235 3201 17 8 9 9 5.29352679e-10 8.94058203e-10 outputs/V3.3e26_D100_G6/solution/solution-00064 
 65 9.051714856682e+10 1.392571516413e+09 768 7235 3201 17 8 9 9 5.04417789e-10 8.51908156e-10 outputs/V3.3e26_D100_G6/solution/solution-00065 
 66 9.190972008323e+10 1.392571516413e+09 768 7235 3201 17 8 9 9 4.80657460e-10 8.11746500e-10 outputs/V3.3e26_D100_G6/solution/solution-00066 
 67 9.330229159964e+10 1.392571516413e+09 768 7235 3201 17 8 9 9 4.58016361e-10 7.73479332e-10 outputs/V3.3e26_D100_G6/solution/solution-00067 
 68 9.469486311606e+10 1.392571516413e+09 768 7235 3201 17 8 9 9 4.36441768e-10 7.37017195e-10 outputs/V3.3e26_D100_G6/solution/solution-00068 
 69 9.608743463247e+10 1.392571516413e+09 768 7235 3201 16 8 9 9 4.15883446e-10 7.02274869e-10 outputs/V3.3e26_D100_G6/solution/solution-00069 
 70 9.748000614888e+10 1.392571516413e+09 768 7235 3201 16 8 9 9 3.96293519e-10 6.69171153e-10 outputs/V3.3e26_D100_G6/solution/solution-00070 
 71 9.887257766530e+10 1.392571516413e+09 768 7235 3201 16 8 9 9 3.77626371e-10 6.37628688e-10 outputs/V3.3e26_D100_G6/solution/solution-00071 
 72 1.002651491817e+11 1.392571516413e+09 768 7235 3201 16 8 9 9 3.59838532e-10 6.07573777e-10 outputs/V3.3e26_D100_G6/solution/solution-00072 
 73 1.016577206981e+11 1.392571516413e+09 768 7235 3201 16 8 9 9 3.42888583e-10 5.78936204e-10 outputs/V3.3e26_D100_G6/solution/solution-00073 
 74 1.030502922145e+11 1.392571516413e+09 768 7235 3201 16 8 9 9 3.26737055e-10 5.51649074e-10 outputs/V3.3e26_D100_G6/solution/solution-00074 
 75 1.044428637309e+11 1.392571516413e+09 768 7235 3201 16 8 9 9 3.11346338e-10 5.25648654e-10 outputs/V3.3e26_D100_G6/solution/solution-00075 
 76 1.058354352474e+11 1.392571516413e+09 768 7235 3201 16 8 9 9 2.96680594e-10 5.00874223e-10 outputs/V3.3e26_D100_G6/solution/solution-00076 
 77 1.072280067638e+11 1.392571516413e+09 768 7235 3201 16 8 9 9 2.82705672e-10 4.77267929e-10 outputs/V3.3e26_D100_G6/solution/solution-00077 
 78 1.086205782802e+11 1.392571516413e+09 768 7235 3201 16 8 9 9 2.69389033e-10 4.54774651e-10 outputs/V3.3e26_D100_G6/solution/solution-00078 
 79 1.100131497966e+11 1.392571516413e+09 768 7235 3201 16 8 9 9 2.56699667e-10 4.33341878e-10 outputs/V3.3e26_D100_G6/solution/solution-00079 
 80 1.114057213130e+11 1.392571516413e+09 768 7235 3201 16 8 9 9 2.44608028e-10 4.12919573e-10 outputs/V3.3e26_D100_G6/solution/solution-00080 
 81 1.127982928294e+11 1.392571516413e+09 768 7235 3201 16 8 9 9 2.33085959e-10 3.93460068e-10 outputs/V3.3e26_D100_G6/solution/solution-00081 
 82 1.141908643458e+11 1.392571516413e+09 768 7235 3201 16 8 9 9 2.22106631e-10 3.74917941e-10 outputs/V3.3e26_D100_G6/solution/solution-00082 
 83 1.155834358622e+11 1.392571516413e+09 768 7235 3201 16 8 9 9 2.11644478e-10 3.57249920e-10 outputs/V3.3e26_D100_G6/solution/solution-00083 
 84 1.169760073787e+11 1.392571516413e+09 768 7235 3201 16 8 9 9 2.01675140e-10 3.40414774e-10 outputs/V3.3e26_D100_G6/solution/solution-00084 
 85 1.183685788951e+11 1.392571516413e+09 768 7235 3201 16 8 9 9 1.92175401e-10 3.24373218e-10 outputs/V3.3e26_D100_G6/solution/solution-00085 
 86 1.197611504115e+11 1.392571516413e+09 768 7235 3201 16 8 9 9 1.83123143e-10 3.09087824e-10 outputs/V3.3e26_D100_G6/solution/solution-00086 
 87 1.211537219279e+11 1.392571516413e+09 768 7235 3201 16 8 9 9 1.74497286e-10 2.94522928e-10 outputs/V3.3e26_D100_G6/solution/solution-00087 
 88 1.225462934443e+11 1.392571516413e+09 768 7235 3201 16 8 9 9 1.66277745e-10 2.80644553e-10 outputs/V3.3e26_D100_G6/solution/solution-00088 
 89 1.239388649607e+11 1.392571516413e+09 768 7235 3201 16 8 9 9 1.58445381e-10 2.67420323e-10 outputs/V3.3e26_D100_G6/solution/solution-00089 
 90 1.253314364771e+11 1.392571516413e+09 768 7235 3201 16 8 9 9 1.50981955e-10 2.54819391e-10 outputs/V3.3e26_D100_G6/solution/solution-00090 
 91 1.267240079935e+11 1.392571516413e+09 768 7235 3201 16 8 9 9 1.43870090e-10 2.42812366e-10 outputs/V3.3e26_D100_G6/solution/solution-00091 
 92 1.281165795100e+11 1.392571516413e+09 768 7235 3201 16 8 9 9 1.37093225e-10 2.31371244e-10 outputs/V3.3e26_D100_G6/solution/solution-00092 
 93 1.295091510264e+11 1.392571516413e+09 768 7235 3201 16 8 9 9 1.30635580e-10 2.20469342e-10 outputs/V3.3e26_D100_G6/solution/solution-00093 
 94 1.309017225428e+11 1.392571516413e+09 768 7235 3201 15 8 9 9 1.24482122e-10 2.10081243e-10 outputs/V3.3e26_D100_G6/solution/solution-00094 
 95 1.322942940592e+11 1.392571516413e+09 768 7235 3201 15 8 9 9 1.18618519e-10 2.00182718e-10 outputs/V3.3e26_D100_G6/solution/solution-00095 
 96 1.336868655756e+11 1.392571516413e+09 768 7235 3201 15 8 9 9 1.13031117e-10 1.90750684e-10 outputs/V3.3e26_D100_G6/solution/solution-00096 
 97 1.350794370920e+11 1.392571516413e+09 768 7235 3201 15 8 9 9 1.07706906e-10 1.81763148e-10 outputs/V3.3e26_D100_G6/solution/solution-00097 
 98 1.364720086084e+11 1.392571516413e+09 768 7235 3201 15 8 9 9 1.02633489e-10 1.73199154e-10 outputs/V3.3e26_D100_G6/solution/solution-00098 
 99 1.378645801248e+11 1.392571516413e+09 768 7235 3201 15 8 9 9 9.77990512e-11 1.65038738e-10 outputs/V3.3e26_D100_G6/solution/solution-00099 
100 1.392571516413e+11 1.392571516413e+09 768 7235 3201 15 8 9 9 9.31923365e-11 1.57262873e-10 outputs/V3.3e26_D100_G6/solution/solution-00100 
