# 1: Time step number
# 2: Time (years)
# 3: Time step size (years)
# 4: Number of mesh cells
# 5: Number of Stokes degrees of freedom
# 6: Number of temperature degrees of freedom
# 7: Iterations for temperature solver
# 8: Iterations for Stokes solver
# 9: Velocity iterations in Stokes preconditioner
# 10: Schur complement iterations in Stokes preconditioner
# 11: RMS velocity (m/year)
# 12: Max. velocity (m/year)
# 13: Visualization file name
  0 0.000000000000e+00 0.000000000000e+00 768 7235 3201  0 8 9 9 7.91774875e-08 1.33583036e-07 outputs/V1e26_D1000_G12/solution/solution-00000 
  1 1.392571516413e+09 1.392571516413e+09 768 7235 3201 18 6 7 7 7.80731811e-08 1.31719923e-07 outputs/V1e26_D1000_G12/solution/solution-00001 
  2 2.785143032825e+09 1.392571516413e+09 768 7235 3201 11 5 6 6 7.69512727e-08 1.29827113e-07 outputs/V1e26_D1000_G12/solution/solution-00002 
  3 4.177714549238e+09 1.392571516413e+09 768 7235 3201 10 4 5 5 7.58338676e-08 1.27941901e-07 outputs/V1e26_D1000_G12/solution/solution-00003 
  4 5.570286065650e+09 1.392571516413e+09 768 7235 3201 10 5 6 6 7.47285961e-08 1.26077160e-07 outputs/V1e26_D1000_G12/solution/solution-00004 
  5 6.962857582063e+09 1.392571516413e+09 768 7235 3201 11 5 6 6 7.36379926e-08 1.24237166e-07 outputs/V1e26_D1000_G12/solution/solution-00005 
  6 8.355429098476e+09 1.392571516413e+09 768 7235 3201 11 5 6 6 7.25627977e-08 1.22423168e-07 outputs/V1e26_D1000_G12/solution/solution-00006 
  7 9.748000614888e+09 1.392571516413e+09 768 7235 3201 11 5 6 6 7.15031228e-08 1.20635354e-07 outputs/V1e26_D1000_G12/solution/solution-00007 
  8 1.114057213130e+10 1.392571516413e+09 768 7235 3201 11 5 6 6 7.04588598e-08 1.18873543e-07 outputs/V1e26_D1000_G12/solution/solution-00008 
  9 1.253314364771e+10 1.392571516413e+09 768 7235 3201 11 5 6 6 6.94298254e-08 1.17137424e-07 outputs/V1e26_D1000_G12/solution/solution-00009 
 10 1.392571516413e+10 1.392571516413e+09 768 7235 3201 11 5 6 6 6.84158119e-08 1.15426647e-07 outputs/V1e26_D1000_G12/solution/solution-00010 
 11 1.531828668054e+10 1.392571516413e+09 768 7235 3201 11 5 6 6 6.74166051e-08 1.13740851e-07 outputs/V1e26_D1000_G12/solution/solution-00011 
 12 1.671085819695e+10 1.392571516413e+09 768 7235 3201 11 5 6 6 6.64319907e-08 1.12079675e-07 outputs/V1e26_D1000_G12/solution/solution-00012 
 13 1.810342971336e+10 1.392571516413e+09 768 7235 3201 11 5 6 6 6.54617561e-08 1.10442759e-07 outputs/V1e26_D1000_G12/solution/solution-00013 
 14 1.949600122978e+10 1.392571516413e+09 768 7235 3201 11 5 6 6 6.45056916e-08 1.08829750e-07 outputs/V1e26_D1000_G12/solution/solution-00014 
 15 2.088857274619e+10 1.392571516413e+09 768 7235 3201 11 5 6 6 6.35635903e-08 1.07240299e-07 outputs/V1e26_D1000_G12/solution/solution-00015 
 16 2.228114426260e+10 1.392571516413e+09 768 7235 3201 11 5 6 6 6.26352484e-08 1.05674062e-07 outputs/V1e26_D1000_G12/solution/solution-00016 
 17 2.367371577901e+10 1.392571516413e+09 768 7235 3201 11 5 6 6 6.17204648e-08 1.04130699e-07 outputs/V1e26_D1000_G12/solution/solution-00017 
 18 2.506628729543e+10 1.392571516413e+09 768 7235 3201 11 5 6 6 6.08190416e-08 1.02609877e-07 outputs/V1e26_D1000_G12/solution/solution-00018 
 19 2.645885881184e+10 1.392571516413e+09 768 7235 3201 11 5 6 6 5.99307837e-08 1.01111267e-07 outputs/V1e26_D1000_G12/solution/solution-00019 
 20 2.785143032825e+10 1.392571516413e+09 768 7235 3201 11 5 6 6 5.90554987e-08 9.96345440e-08 outputs/V1e26_D1000_G12/solution/solution-00020 
 21 2.924400184466e+10 1.392571516413e+09 768 7235 3201 11 5 6 6 5.81929973e-08 9.81793884e-08 outputs/V1e26_D1000_G12/solution/solution-00021 
 22 3.063657336108e+10 1.392571516413e+09 768 7235 3201 11 5 6 6 5.73430926e-08 9.67454853e-08 outputs/V1e26_D1000_G12/solution/solution-00022 
 23 3.202914487749e+10 1.392571516413e+09 768 7235 3201 11 5 6 6 5.65056008e-08 9.53325243e-08 outputs/V1e26_D1000_G12/solution/solution-00023 
 24 3.342171639390e+10 1.392571516413e+09 768 7235 3201 10 5 6 6 5.56803405e-08 9.39401996e-08 outputs/V1e26_D1000_G12/solution/solution-00024 
 25 3.481428791032e+10 1.392571516413e+09 768 7235 3201 10 5 6 6 5.48671332e-08 9.25682098e-08 outputs/V1e26_D1000_G12/solution/solution-00025 
 26 3.620685942673e+10 1.392571516413e+09 768 7235 3201 10 5 6 6 5.40658027e-08 9.12162578e-08 outputs/V1e26_D1000_G12/solution/solution-00026 
 27 3.759943094314e+10 1.392571516413e+09 768 7235 3201 10 5 6 6 5.32761756e-08 8.98840510e-08 outputs/V1e26_D1000_G12/solution/solution-00027 
 28 3.899200245955e+10 1.392571516413e+09 768 7235 3201 10 5 6 6 5.24980810e-08 8.85713011e-08 outputs/V1e26_D1000_G12/solution/solution-00028 
 29 4.038457397597e+10 1.392571516413e+09 768 7235 3201 10 5 6 6 5.17313504e-08 8.72777238e-08 outputs/V1e26_D1000_G12/solution/solution-00029 
 30 4.177714549238e+10 1.392571516413e+09 768 7235 3201 10 5 6 6 5.09758179e-08 8.60030392e-08 outputs/V1e26_D1000_G12/solution/solution-00030 
 31 4.316971700879e+10 1.392571516413e+09 768 7235 3201 10 5 6 6 5.02313200e-08 8.47469713e-08 outputs/V1e26_D1000_G12/solution/solution-00031 
 32 4.456228852520e+10 1.392571516413e+09 768 7235 3201 10 5 6 6 4.94976954e-08 8.35092483e-08 outputs/V1e26_D1000_G12/solution/solution-00032 
 33 4.595486004162e+10 1.392571516413e+09 768 7235 3201 10 5 6 6 4.87747854e-08 8.22896022e-08 outputs/V1e26_D1000_G12/solution/solution-00033 
 34 4.734743155803e+10 1.392571516413e+09 768 7235 3201 10 5 6 6 4.80624334e-08 8.10877689e-08 outputs/V1e26_D1000_G12/solution/solution-00034 
 35 4.874000307444e+10 1.392571516413e+09 768 7235 3201 10 5 6 6 4.73604853e-08 7.99034884e-08 outputs/V1e26_D1000_G12/solution/solution-00035 
 36 5.013257459085e+10 1.392571516413e+09 768 7235 3201 10 5 6 6 4.66687892e-08 7.87365043e-08 outputs/V1e26_D1000_G12/solution/solution-00036 
 37 5.152514610727e+10 1.392571516413e+09 768 7235 3201 10 5 6 6 4.59871952e-08 7.75865639e-08 outputs/V1e26_D1000_G12/solution/solution-00037 
 38 5.291771762368e+10 1.392571516413e+09 768 7235 3201 10 5 6 6 4.53155559e-08 7.64534183e-08 outputs/V1e26_D1000_G12/solution/solution-00038 
 39 5.431028914009e+10 1.392571516413e+09 768 7235 3201 10 5 6 6 4.46537259e-08 7.53368223e-08 outputs/V1e26_D1000_G12/solution/solution-00039 
 40 5.570286065650e+10 1.392571516413e+09 768 7235 3201 10 5 6 6 4.40015619e-08 7.42365341e-08 outputs/V1e26_D1000_G12/solution/solution-00040 
 41 5.709543217292e+10 1.392571516413e+09 768 7235 3201 10 5 6 6 4.33589227e-08 7.31523156e-08 outputs/V1e26_D1000_G12/solution/solution-00041 
 42 5.848800368933e+10 1.392571516413e+09 768 7235 3201 10 5 6 6 4.27256692e-08 7.20839320e-08 outputs/V1e26_D1000_G12/solution/solution-00042 
 43 5.988057520574e+10 1.392571516413e+09 768 7235 3201 10 5 6 6 4.21016643e-08 7.10311522e-08 outputs/V1e26_D1000_G12/solution/solution-00043 
 44 6.127314672215e+10 1.392571516413e+09 768 7235 3201 10 5 6 6 4.14867730e-08 6.99937481e-08 outputs/V1e26_D1000_G12/solution/solution-00044 
 45 6.266571823857e+10 1.392571516413e+09 768 7235 3201 10 5 6 6 4.08808622e-08 6.89714953e-08 outputs/V1e26_D1000_G12/solution/solution-00045 
 46 6.405828975498e+10 1.392571516413e+09 768 7235 3201 10 5 6 6 4.02838006e-08 6.79641724e-08 outputs/V1e26_D1000_G12/solution/solution-00046 
 47 6.545086127139e+10 1.392571516413e+09 768 7235 3201 10 5 6 6 3.96954591e-08 6.69715614e-08 outputs/V1e26_D1000_G12/solution/solution-00047 
 48 6.684343278781e+10 1.392571516413e+09 768 7235 3201 10 5 6 6 3.91157103e-08 6.59934475e-08 outputs/V1e26_D1000_G12/solution/solution-00048 
 49 6.823600430422e+10 1.392571516413e+09 768 7235 3201 10 5 6 6 3.85444287e-08 6.50296188e-08 outputs/V1e26_D1000_G12/solution/solution-00049 
 50 6.962857582063e+10 1.392571516413e+09 768 7235 3201 10 5 6 6 3.79814906e-08 6.40798668e-08 outputs/V1e26_D1000_G12/solution/solution-00050 
 51 7.102114733704e+10 1.392571516413e+09 768 7235 3201 10 5 6 6 3.74267743e-08 6.31439859e-08 outputs/V1e26_D1000_G12/solution/solution-00051 
 52 7.241371885346e+10 1.392571516413e+09 768 7235 3201 10 5 6 6 3.68801595e-08 6.22217734e-08 outputs/V1e26_D1000_G12/solution/solution-00052 
 53 7.380629036987e+10 1.392571516413e+09 768 7235 3201 10 5 6 6 3.63415280e-08 6.13130299e-08 outputs/V1e26_D1000_G12/solution/solution-00053 
 54 7.519886188628e+10 1.392571516413e+09 768 7235 3201 10 5 6 6 3.58107631e-08 6.04175584e-08 outputs/V1e26_D1000_G12/solution/solution-00054 
 55 7.659143340269e+10 1.392571516413e+09 768 7235 3201 10 5 6 6 3.52877501e-08 5.95351653e-08 outputs/V1e26_D1000_G12/solution/solution-00055 
 56 7.798400491911e+10 1.392571516413e+09 768 7235 3201 10 5 6 6 3.47723756e-08 5.86656595e-08 outputs/V1e26_D1000_G12/solution/solution-00056 
 57 7.937657643552e+10 1.392571516413e+09 768 7235 3201 10 5 6 6 3.42645281e-08 5.78088527e-08 outputs/V1e26_D1000_G12/solution/solution-00057 
 58 8.076914795193e+10 1.392571516413e+09 768 7235 3201 10 5 6 6 3.37640977e-08 5.69645595e-08 outputs/V1e26_D1000_G12/solution/solution-00058 
 59 8.216171946834e+10 1.392571516413e+09 768 7235 3201 10 5 6 6 3.32709761e-08 5.61325972e-08 outputs/V1e26_D1000_G12/solution/solution-00059 
 60 8.355429098476e+10 1.392571516413e+09 768 7235 3201 10 5 6 6 3.27850565e-08 5.53127857e-08 outputs/V1e26_D1000_G12/solution/solution-00060 
 61 8.494686250117e+10 1.392571516413e+09 768 7235 3201 10 5 6 6 3.23062337e-08 5.45049474e-08 outputs/V1e26_D1000_G12/solution/solution-00061 
 62 8.633943401758e+10 1.392571516413e+09 768 7235 3201 10 5 6 6 3.18344041e-08 5.37089076e-08 outputs/V1e26_D1000_G12/solution/solution-00062 
 63 8.773200553399e+10 1.392571516413e+09 768 7235 3201 10 5 6 6 3.13694655e-08 5.29244938e-08 outputs/V1e26_D1000_G12/solution/solution-00063 
 64 8.912457705041e+10 1.392571516413e+09 768 7235 3201 10 5 6 6 3.09113173e-08 5.21515364e-08 outputs/V1e26_D1000_G12/solution/solution-00064 
 65 9.051714856682e+10 1.392571516413e+09 768 7235 3201 10 5 6 6 3.04598603e-08 5.13898680e-08 outputs/V1e26_D1000_G12/solution/solution-00065 
 66 9.190972008323e+10 1.392571516413e+09 768 7235 3201 10 5 6 6 3.00149968e-08 5.06393236e-08 outputs/V1e26_D1000_G12/solution/solution-00066 
 67 9.330229159964e+10 1.392571516413e+09 768 7235 3201 10 5 6 6 2.95766305e-08 4.98997409e-08 outputs/V1e26_D1000_G12/solution/solution-00067 
 68 9.469486311606e+10 1.392571516413e+09 768 7235 3201 10 5 6 6 2.91446666e-08 4.91709598e-08 outputs/V1e26_D1000_G12/solution/solution-00068 
 69 9.608743463247e+10 1.392571516413e+09 768 7235 3201 10 5 6 6 2.87190114e-08 4.84528225e-08 outputs/V1e26_D1000_G12/solution/solution-00069 
 70 9.748000614888e+10 1.392571516413e+09 768 7235 3201 10 5 6 6 2.82995729e-08 4.77451735e-08 outputs/V1e26_D1000_G12/solution/solution-00070 
 71 9.887257766530e+10 1.392571516413e+09 768 7235 3201 10 5 6 6 2.78862602e-08 4.70478596e-08 outputs/V1e26_D1000_G12/solution/solution-00071 
 72 1.002651491817e+11 1.392571516413e+09 768 7235 3201 10 5 6 6 2.74789840e-08 4.63607300e-08 outputs/V1e26_D1000_G12/solution/solution-00072 
 73 1.016577206981e+11 1.392571516413e+09 768 7235 3201 10 5 6 6 2.70776560e-08 4.56836358e-08 outputs/V1e26_D1000_G12/solution/solution-00073 
 74 1.030502922145e+11 1.392571516413e+09 768 7235 3201 10 5 6 6 2.66821893e-08 4.50164306e-08 outputs/V1e26_D1000_G12/solution/solution-00074 
 75 1.044428637309e+11 1.392571516413e+09 768 7235 3201 10 5 6 6 2.62924985e-08 4.43589698e-08 outputs/V1e26_D1000_G12/solution/solution-00075 
 76 1.058354352474e+11 1.392571516413e+09 768 7235 3201 10 5 6 6 2.59084990e-08 4.37111112e-08 outputs/V1e26_D1000_G12/solution/solution-00076 
 77 1.072280067638e+11 1.392571516413e+09 768 7235 3201 10 5 6 6 2.55301078e-08 4.30727145e-08 outputs/V1e26_D1000_G12/solution/solution-00077 
 78 1.086205782802e+11 1.392571516413e+09 768 7235 3201 10 5 6 6 2.51572430e-08 4.24436416e-08 outputs/V1e26_D1000_G12/solution/solution-00078 
 79 1.100131497966e+11 1.392571516413e+09 768 7235 3201 10 5 6 6 2.47898238e-08 4.18237562e-08 outputs/V1e26_D1000_G12/solution/solution-00079 
 80 1.114057213130e+11 1.392571516413e+09 768 7235 3201 10 5 6 6 2.44277708e-08 4.12129242e-08 outputs/V1e26_D1000_G12/solution/solution-00080 
 81 1.127982928294e+11 1.392571516413e+09 768 7235 3201 10 5 6 6 2.40710055e-08 4.06110133e-08 outputs/V1e26_D1000_G12/solution/solution-00081 
 82 1.141908643458e+11 1.392571516413e+09 768 7235 3201 10 5 6 6 2.37194507e-08 4.00178933e-08 outputs/V1e26_D1000_G12/solution/solution-00082 
 83 1.155834358622e+11 1.392571516413e+09 768 7235 3201 10 5 6 6 2.33730304e-08 3.94334358e-08 outputs/V1e26_D1000_G12/solution/solution-00083 
 84 1.169760073787e+11 1.392571516413e+09 768 7235 3201 10 5 6 6 2.30316695e-08 3.88575142e-08 outputs/V1e26_D1000_G12/solution/solution-00084 
 85 1.183685788951e+11 1.392571516413e+09 768 7235 3201 10 5 6 6 2.26952942e-08 3.82900039e-08 outputs/V1e26_D1000_G12/solution/solution-00085 
 86 1.197611504115e+11 1.392571516413e+09 768 7235 3201 10 5 6 6 2.23638316e-08 3.77307820e-08 outputs/V1e26_D1000_G12/solution/solution-00086 
 87 1.211537219279e+11 1.392571516413e+09 768 7235 3201 10 5 6 6 2.20372099e-08 3.71797275e-08 outputs/V1e26_D1000_G12/solution/solution-00087 
 88 1.225462934443e+11 1.392571516413e+09 768 7235 3201 10 5 6 6 2.17153586e-08 3.66367212e-08 outputs/V1e26_D1000_G12/solution/solution-00088 
 89 1.239388649607e+11 1.392571516413e+09 768 7235 3201 10 5 6 6 2.13982078e-08 3.61016454e-08 outputs/V1e26_D1000_G12/solution/solution-00089 
 90 1.253314364771e+11 1.392571516413e+09 768 7235 3201 10 5 6 6 2.10856891e-08 3.55743843e-08 outputs/V1e26_D1000_G12/solution/solution-00090 
 91 1.267240079935e+11 1.392571516413e+09 768 7235 3201 10 5 6 6 2.07777346e-08 3.50548238e-08 outputs/V1e26_D1000_G12/solution/solution-00091 
 92 1.281165795100e+11 1.392571516413e+09 768 7235 3201 10 5 6 6 2.04742778e-08 3.45428515e-08 outputs/V1e26_D1000_G12/solution/solution-00092 
 93 1.295091510264e+11 1.392571516413e+09 768 7235 3201 10 5 6 6 2.01752529e-08 3.40383565e-08 outputs/V1e26_D1000_G12/solution/solution-00093 
 94 1.309017225428e+11 1.392571516413e+09 768 7235 3201 10 5 6 6 1.98805953e-08 3.35412295e-08 outputs/V1e26_D1000_G12/solution/solution-00094 
 95 1.322942940592e+11 1.392571516413e+09 768 7235 3201 10 5 6 6 1.95902411e-08 3.30513631e-08 outputs/V1e26_D1000_G12/solution/solution-00095 
 96 1.336868655756e+11 1.392571516413e+09 768 7235 3201 10 5 6 6 1.93041275e-08 3.25686512e-08 outputs/V1e26_D1000_G12/solution/solution-00096 
 97 1.350794370920e+11 1.392571516413e+09 768 7235 3201 10 5 6 6 1.90221926e-08 3.20929892e-08 outputs/V1e26_D1000_G12/solution/solution-00097 
 98 1.364720086084e+11 1.392571516413e+09 768 7235 3201 10 5 6 6 1.87443753e-08 3.16242741e-08 outputs/V1e26_D1000_G12/solution/solution-00098 
 99 1.378645801248e+11 1.392571516413e+09 768 7235 3201 10 5 6 6 1.84706156e-08 3.11624047e-08 outputs/V1e26_D1000_G12/solution/solution-00099 
100 1.392571516413e+11 1.392571516413e+09 768 7235 3201  9 5 6 6 1.82008540e-08 3.07072808e-08 outputs/V1e26_D1000_G12/solution/solution-00100 
