# 1: Time step number
# 2: Time (years)
# 3: Time step size (years)
# 4: Number of mesh cells
# 5: Number of Stokes degrees of freedom
# 6: Number of temperature degrees of freedom
# 7: Iterations for temperature solver
# 8: Iterations for Stokes solver
# 9: Velocity iterations in Stokes preconditioner
# 10: Schur complement iterations in Stokes preconditioner
# 11: RMS velocity (m/year)
# 12: Max. velocity (m/year)
# 13: Visualization file name
  0 0.000000000000e+00 0.000000000000e+00 768 7235 3201  0 8 9 9 4.02755861e-08 8.48568679e-08 outputs/V1e26_D3000_G6/solution/solution-00000 
  1 1.392571516413e+09 1.392571516413e+09 768 7235 3201 32 8 9 9 3.97274115e-08 7.06318331e-08 outputs/V1e26_D3000_G6/solution/solution-00001 
  2 2.785143032825e+09 1.392571516413e+09 768 7235 3201 25 8 9 9 3.94673194e-08 6.67488829e-08 outputs/V1e26_D3000_G6/solution/solution-00002 
  3 4.177714549238e+09 1.392571516413e+09 768 7235 3201 24 8 9 9 3.91808417e-08 6.64309315e-08 outputs/V1e26_D3000_G6/solution/solution-00003 
  4 5.570286065650e+09 1.392571516413e+09 768 7235 3201 23 8 9 9 3.87607006e-08 6.58984758e-08 outputs/V1e26_D3000_G6/solution/solution-00004 
  5 6.962857582063e+09 1.392571516413e+09 768 7235 3201 23 8 9 9 3.82228538e-08 6.51679254e-08 outputs/V1e26_D3000_G6/solution/solution-00005 
  6 8.355429098476e+09 1.392571516413e+09 768 7235 3201 22 8 9 9 3.75862183e-08 6.42619610e-08 outputs/V1e26_D3000_G6/solution/solution-00006 
  7 9.748000614888e+09 1.392571516413e+09 768 7235 3201 22 8 9 9 3.68698161e-08 6.32049762e-08 outputs/V1e26_D3000_G6/solution/solution-00007 
  8 1.114057213130e+10 1.392571516413e+09 768 7235 3201 21 8 9 9 3.60908299e-08 6.20210920e-08 outputs/V1e26_D3000_G6/solution/solution-00008 
  9 1.253314364771e+10 1.392571516413e+09 768 7235 3201 21 8 9 9 3.52642123e-08 6.07332095e-08 outputs/V1e26_D3000_G6/solution/solution-00009 
 10 1.392571516413e+10 1.392571516413e+09 768 7235 3201 21 8 9 9 3.44027554e-08 5.93625216e-08 outputs/V1e26_D3000_G6/solution/solution-00010 
 11 1.531828668054e+10 1.392571516413e+09 768 7235 3201 20 8 9 9 3.35172861e-08 5.79282596e-08 outputs/V1e26_D3000_G6/solution/solution-00011 
 12 1.671085819695e+10 1.392571516413e+09 768 7235 3201 20 8 9 9 3.26168902e-08 5.64475838e-08 outputs/V1e26_D3000_G6/solution/solution-00012 
 13 1.810342971336e+10 1.392571516413e+09 768 7235 3201 20 8 9 9 3.17091339e-08 5.49355763e-08 outputs/V1e26_D3000_G6/solution/solution-00013 
 14 1.949600122978e+10 1.392571516413e+09 768 7235 3201 20 8 9 9 3.08002703e-08 5.34053060e-08 outputs/V1e26_D3000_G6/solution/solution-00014 
 15 2.088857274619e+10 1.392571516413e+09 768 7235 3201 20 8 9 9 2.98954257e-08 5.18679474e-08 outputs/V1e26_D3000_G6/solution/solution-00015 
 16 2.228114426260e+10 1.392571516413e+09 768 7235 3201 20 8 9 9 2.89987656e-08 5.03329331e-08 outputs/V1e26_D3000_G6/solution/solution-00016 
 17 2.367371577901e+10 1.392571516413e+09 768 7235 3201 20 8 9 9 2.81136409e-08 4.88081244e-08 outputs/V1e26_D3000_G6/solution/solution-00017 
 18 2.506628729543e+10 1.392571516413e+09 768 7235 3201 20 8 9 9 2.72427145e-08 4.72999889e-08 outputs/V1e26_D3000_G6/solution/solution-00018 
 19 2.645885881184e+10 1.392571516413e+09 768 7235 3201 19 8 9 9 2.63880721e-08 4.58137745e-08 outputs/V1e26_D3000_G6/solution/solution-00019 
 20 2.785143032825e+10 1.392571516413e+09 768 7235 3201 19 8 9 9 2.55513156e-08 4.43536735e-08 outputs/V1e26_D3000_G6/solution/solution-00020 
 21 2.924400184466e+10 1.392571516413e+09 768 7235 3201 19 8 9 9 2.47336448e-08 4.29229741e-08 outputs/V1e26_D3000_G6/solution/solution-00021 
 22 3.063657336108e+10 1.392571516413e+09 768 7235 3201 19 8 9 9 2.39359250e-08 4.15241960e-08 outputs/V1e26_D3000_G6/solution/solution-00022 
 23 3.202914487749e+10 1.392571516413e+09 768 7235 3201 19 8 9 9 2.31587459e-08 4.01592109e-08 outputs/V1e26_D3000_G6/solution/solution-00023 
 24 3.342171639390e+10 1.392571516413e+09 768 7235 3201 19 8 9 9 2.24024700e-08 3.88293473e-08 outputs/V1e26_D3000_G6/solution/solution-00024 
 25 3.481428791032e+10 1.392571516413e+09 768 7235 3201 19 8 9 9 2.16672741e-08 3.75354817e-08 outputs/V1e26_D3000_G6/solution/solution-00025 
 26 3.620685942673e+10 1.392571516413e+09 768 7235 3201 19 8 9 9 2.09531837e-08 3.62781169e-08 outputs/V1e26_D3000_G6/solution/solution-00026 
 27 3.759943094314e+10 1.392571516413e+09 768 7235 3201 19 8 9 9 2.02601019e-08 3.50574478e-08 outputs/V1e26_D3000_G6/solution/solution-00027 
 28 3.899200245955e+10 1.392571516413e+09 768 7235 3201 19 8 9 9 1.95878335e-08 3.38734186e-08 outputs/V1e26_D3000_G6/solution/solution-00028 
 29 4.038457397597e+10 1.392571516413e+09 768 7235 3201 19 8 9 9 1.89361052e-08 3.27257704e-08 outputs/V1e26_D3000_G6/solution/solution-00029 
 30 4.177714549238e+10 1.392571516413e+09 768 7235 3201 19 8 9 9 1.83045817e-08 3.16140810e-08 outputs/V1e26_D3000_G6/solution/solution-00030 
 31 4.316971700879e+10 1.392571516413e+09 768 7235 3201 19 8 9 9 1.76928802e-08 3.05377990e-08 outputs/V1e26_D3000_G6/solution/solution-00031 
 32 4.456228852520e+10 1.392571516413e+09 768 7235 3201 19 8 9 9 1.71005814e-08 2.94962715e-08 outputs/V1e26_D3000_G6/solution/solution-00032 
 33 4.595486004162e+10 1.392571516413e+09 768 7235 3201 19 8 9 9 1.65272390e-08 2.84887677e-08 outputs/V1e26_D3000_G6/solution/solution-00033 
 34 4.734743155803e+10 1.392571516413e+09 768 7235 3201 18 8 9 9 1.59723873e-08 2.75144984e-08 outputs/V1e26_D3000_G6/solution/solution-00034 
 35 4.874000307444e+10 1.392571516413e+09 768 7235 3201 18 8 9 9 1.54355478e-08 2.65726318e-08 outputs/V1e26_D3000_G6/solution/solution-00035 
 36 5.013257459085e+10 1.392571516413e+09 768 7235 3201 18 8 9 9 1.49162340e-08 2.56623072e-08 outputs/V1e26_D3000_G6/solution/solution-00036 
 37 5.152514610727e+10 1.392571516413e+09 768 7235 3201 18 8 9 9 1.44139562e-08 2.47826451e-08 outputs/V1e26_D3000_G6/solution/solution-00037 
 38 5.291771762368e+10 1.392571516413e+09 768 7235 3201 18 8 9 9 1.39282243e-08 2.39327571e-08 outputs/V1e26_D3000_G6/solution/solution-00038 
 39 5.431028914009e+10 1.392571516413e+09 768 7235 3201 18 8 9 9 1.34585508e-08 2.31117521e-08 outputs/V1e26_D3000_G6/solution/solution-00039 
 40 5.570286065650e+10 1.392571516413e+09 768 7235 3201 18 8 9 9 1.30044532e-08 2.23187428e-08 outputs/V1e26_D3000_G6/solution/solution-00040 
 41 5.709543217292e+10 1.392571516413e+09 768 7235 3201 18 8 9 9 1.25654555e-08 2.15528502e-08 outputs/V1e26_D3000_G6/solution/solution-00041 
 42 5.848800368933e+10 1.392571516413e+09 768 7235 3201 18 8 9 9 1.21410895e-08 2.08132072e-08 outputs/V1e26_D3000_G6/solution/solution-00042 
 43 5.988057520574e+10 1.392571516413e+09 768 7235 3201 18 8 9 9 1.17308963e-08 2.00989615e-08 outputs/V1e26_D3000_G6/solution/solution-00043 
 44 6.127314672215e+10 1.392571516413e+09 768 7235 3201 18 8 9 9 1.13344266e-08 1.94092781e-08 outputs/V1e26_D3000_G6/solution/solution-00044 
 45 6.266571823857e+10 1.392571516413e+09 768 7235 3201 18 8 9 9 1.09512415e-08 1.87433406e-08 outputs/V1e26_D3000_G6/solution/solution-00045 
 46 6.405828975498e+10 1.392571516413e+09 768 7235 3201 18 8 9 9 1.05809129e-08 1.81003529e-08 outputs/V1e26_D3000_G6/solution/solution-00046 
 47 6.545086127139e+10 1.392571516413e+09 768 7235 3201 18 8 9 9 1.02230240e-08 1.74795398e-08 outputs/V1e26_D3000_G6/solution/solution-00047 
 48 6.684343278781e+10 1.392571516413e+09 768 7235 3201 18 8 9 9 9.87716917e-09 1.68801474e-08 outputs/V1e26_D3000_G6/solution/solution-00048 
 49 6.823600430422e+10 1.392571516413e+09 768 7235 3201 18 8 9 9 9.54295400e-09 1.63014440e-08 outputs/V1e26_D3000_G6/solution/solution-00049 
 50 6.962857582063e+10 1.392571516413e+09 768 7235 3201 18 8 9 9 9.21999554e-09 1.57427196e-08 outputs/V1e26_D3000_G6/solution/solution-00050 
 51 7.102114733704e+10 1.392571516413e+09 768 7235 3201 18 8 9 9 8.90792209e-09 1.52032863e-08 outputs/V1e26_D3000_G6/solution/solution-00051 
 52 7.241371885346e+10 1.392571516413e+09 768 7235 3201 18 8 9 9 8.60637310e-09 1.46824780e-08 outputs/V1e26_D3000_G6/solution/solution-00052 
 53 7.380629036987e+10 1.392571516413e+09 768 7235 3201 18 8 9 9 8.31499901e-09 1.41796499e-08 outputs/V1e26_D3000_G6/solution/solution-00053 
 54 7.519886188628e+10 1.392571516413e+09 768 7235 3201 18 8 9 9 8.03346108e-09 1.36941786e-08 outputs/V1e26_D3000_G6/solution/solution-00054 
 55 7.659143340269e+10 1.392571516413e+09 768 7235 3201 18 8 9 9 7.76143117e-09 1.32254613e-08 outputs/V1e26_D3000_G6/solution/solution-00055 
 56 7.798400491911e+10 1.392571516413e+09 768 7235 3201 18 8 9 9 7.49859151e-09 1.27729155e-08 outputs/V1e26_D3000_G6/solution/solution-00056 
 57 7.937657643552e+10 1.392571516413e+09 768 7235 3201 18 8 9 9 7.24463448e-09 1.23359787e-08 outputs/V1e26_D3000_G6/solution/solution-00057 
 58 8.076914795193e+10 1.392571516413e+09 768 7235 3201 18 8 9 9 6.99926235e-09 1.19141072e-08 outputs/V1e26_D3000_G6/solution/solution-00058 
 59 8.216171946834e+10 1.392571516413e+09 768 7235 3201 18 8 9 9 6.76218701e-09 1.15067766e-08 outputs/V1e26_D3000_G6/solution/solution-00059 
 60 8.355429098476e+10 1.392571516413e+09 768 7235 3201 18 8 9 9 6.53312973e-09 1.11134802e-08 outputs/V1e26_D3000_G6/solution/solution-00060 
 61 8.494686250117e+10 1.392571516413e+09 768 7235 3201 17 8 9 9 6.31182088e-09 1.07337292e-08 outputs/V1e26_D3000_G6/solution/solution-00061 
 62 8.633943401758e+10 1.392571516413e+09 768 7235 3201 17 8 9 9 6.09799971e-09 1.03670517e-08 outputs/V1e26_D3000_G6/solution/solution-00062 
 63 8.773200553399e+10 1.392571516413e+09 768 7235 3201 17 8 9 9 5.89141403e-09 1.00129926e-08 outputs/V1e26_D3000_G6/solution/solution-00063 
 64 8.912457705041e+10 1.392571516413e+09 768 7235 3201 17 8 9 9 5.69182003e-09 9.67111237e-09 outputs/V1e26_D3000_G6/solution/solution-00064 
 65 9.051714856682e+10 1.392571516413e+09 768 7235 3201 17 8 9 9 5.49898193e-09 9.34098732e-09 outputs/V1e26_D3000_G6/solution/solution-00065 
 66 9.190972008323e+10 1.392571516413e+09 768 7235 3201 17 8 9 9 5.31267182e-09 9.02220847e-09 outputs/V1e26_D3000_G6/solution/solution-00066 
 67 9.330229159964e+10 1.392571516413e+09 768 7235 3201 17 8 9 9 5.13266937e-09 8.71438129e-09 outputs/V1e26_D3000_G6/solution/solution-00067 
 68 9.469486311606e+10 1.392571516413e+09 768 7235 3201 17 8 9 9 4.95876160e-09 8.41712519e-09 outputs/V1e26_D3000_G6/solution/solution-00068 
 69 9.608743463247e+10 1.392571516413e+09 768 7235 3201 17 8 9 9 4.79074265e-09 8.13007297e-09 outputs/V1e26_D3000_G6/solution/solution-00069 
 70 9.748000614888e+10 1.392571516413e+09 768 7235 3201 17 8 9 9 4.62841354e-09 7.85287042e-09 outputs/V1e26_D3000_G6/solution/solution-00070 
 71 9.887257766530e+10 1.392571516413e+09 768 7235 3201 17 8 9 9 4.47158198e-09 7.58517580e-09 outputs/V1e26_D3000_G6/solution/solution-00071 
 72 1.002651491817e+11 1.392571516413e+09 768 7235 3201 17 8 9 9 4.32006211e-09 7.32665944e-09 outputs/V1e26_D3000_G6/solution/solution-00072 
 73 1.016577206981e+11 1.392571516413e+09 768 7235 3201 17 8 9 9 4.17367432e-09 7.07700328e-09 outputs/V1e26_D3000_G6/solution/solution-00073 
 74 1.030502922145e+11 1.392571516413e+09 768 7235 3201 17 8 9 9 4.03224504e-09 6.83590048e-09 outputs/V1e26_D3000_G6/solution/solution-00074 
 75 1.044428637309e+11 1.392571516413e+09 768 7235 3201 17 8 9 9 3.89560654e-09 6.60305501e-09 outputs/V1e26_D3000_G6/solution/solution-00075 
 76 1.058354352474e+11 1.392571516413e+09 768 7235 3201 17 8 9 9 3.76359672e-09 6.37818124e-09 outputs/V1e26_D3000_G6/solution/solution-00076 
 77 1.072280067638e+11 1.392571516413e+09 768 7235 3201 17 8 9 9 3.63605897e-09 6.16100361e-09 outputs/V1e26_D3000_G6/solution/solution-00077 
 78 1.086205782802e+11 1.392571516413e+09 768 7235 3201 17 8 9 9 3.51284194e-09 5.95125624e-09 outputs/V1e26_D3000_G6/solution/solution-00078 
 79 1.100131497966e+11 1.392571516413e+09 768 7235 3201 17 8 9 9 3.39379938e-09 5.74868257e-09 outputs/V1e26_D3000_G6/solution/solution-00079 
 80 1.114057213130e+11 1.392571516413e+09 768 7235 3201 17 8 9 9 3.27878999e-09 5.55303506e-09 outputs/V1e26_D3000_G6/solution/solution-00080 
 81 1.127982928294e+11 1.392571516413e+09 768 7235 3201 17 8 9 9 3.16767723e-09 5.36407485e-09 outputs/V1e26_D3000_G6/solution/solution-00081 
 82 1.141908643458e+11 1.392571516413e+09 768 7235 3201 17 8 9 9 3.06032916e-09 5.18157144e-09 outputs/V1e26_D3000_G6/solution/solution-00082 
 83 1.155834358622e+11 1.392571516413e+09 768 7235 3201 17 8 9 9 2.95661832e-09 5.00530240e-09 outputs/V1e26_D3000_G6/solution/solution-00083 
 84 1.169760073787e+11 1.392571516413e+09 768 7235 3201 17 8 9 9 2.85642153e-09 4.83505308e-09 outputs/V1e26_D3000_G6/solution/solution-00084 
 85 1.183685788951e+11 1.392571516413e+09 768 7235 3201 17 8 9 9 2.75961980e-09 4.67061631e-09 outputs/V1e26_D3000_G6/solution/solution-00085 
 86 1.197611504115e+11 1.392571516413e+09 768 7235 3201 17 8 9 9 2.66609814e-09 4.51179219e-09 outputs/V1e26_D3000_G6/solution/solution-00086 
 87 1.211537219279e+11 1.392571516413e+09 768 7235 3201 17 8 9 9 2.57574547e-09 4.35838775e-09 outputs/V1e26_D3000_G6/solution/solution-00087 
 88 1.225462934443e+11 1.392571516413e+09 768 7235 3201 17 8 9 9 2.48845444e-09 4.21021678e-09 outputs/V1e26_D3000_G6/solution/solution-00088 
 89 1.239388649607e+11 1.392571516413e+09 768 7235 3201 16 8 9 9 2.40412134e-09 4.06709951e-09 outputs/V1e26_D3000_G6/solution/solution-00089 
 90 1.253314364771e+11 1.392571516413e+09 768 7235 3201 16 8 9 9 2.32264597e-09 3.92886247e-09 outputs/V1e26_D3000_G6/solution/solution-00090 
 91 1.267240079935e+11 1.392571516413e+09 768 7235 3201 16 8 9 9 2.24393154e-09 3.79533820e-09 outputs/V1e26_D3000_G6/solution/solution-00091 
 92 1.281165795100e+11 1.392571516413e+09 768 7235 3201 16 8 9 9 2.16788452e-09 3.66636506e-09 outputs/V1e26_D3000_G6/solution/solution-00092 
 93 1.295091510264e+11 1.392571516413e+09 768 7235 3201 16 8 9 9 2.09441453e-09 3.54178702e-09 outputs/V1e26_D3000_G6/solution/solution-00093 
 94 1.309017225428e+11 1.392571516413e+09 768 7235 3201 16 8 9 9 2.02343427e-09 3.42145346e-09 outputs/V1e26_D3000_G6/solution/solution-00094 
 95 1.322942940592e+11 1.392571516413e+09 768 7235 3201 16 8 9 9 1.95485940e-09 3.30521897e-09 outputs/V1e26_D3000_G6/solution/solution-00095 
 96 1.336868655756e+11 1.392571516413e+09 768 7235 3201 16 8 9 9 1.88860840e-09 3.19294319e-09 outputs/V1e26_D3000_G6/solution/solution-00096 
 97 1.350794370920e+11 1.392571516413e+09 768 7235 3201 16 8 9 9 1.82460255e-09 3.08449059e-09 outputs/V1e26_D3000_G6/solution/solution-00097 
 98 1.364720086084e+11 1.392571516413e+09 768 7235 3201 16 8 9 9 1.76276578e-09 2.97973036e-09 outputs/V1e26_D3000_G6/solution/solution-00098 
 99 1.378645801248e+11 1.392571516413e+09 768 7235 3201 16 8 9 9 1.70302459e-09 2.87853618e-09 outputs/V1e26_D3000_G6/solution/solution-00099 
100 1.392571516413e+11 1.392571516413e+09 768 7235 3201 16 8 9 9 1.64530797e-09 2.78078612e-09 outputs/V1e26_D3000_G6/solution/solution-00100 
