# 1: Time step number
# 2: Time (years)
# 3: Time step size (years)
# 4: Number of mesh cells
# 5: Number of Stokes degrees of freedom
# 6: Number of temperature degrees of freedom
# 7: Iterations for temperature solver
# 8: Iterations for Stokes solver
# 9: Velocity iterations in Stokes preconditioner
# 10: Schur complement iterations in Stokes preconditioner
# 11: RMS velocity (m/year)
# 12: Max. velocity (m/year)
# 13: Visualization file name
  0 0.000000000000e+00 0.000000000000e+00 768 7235 3201  0 8 9 9 6.90000498e-06 3.35234646e-05 outputs/V1e24_D10000_G8/solution/solution-00000 
  1 1.392571516413e+09 1.392571516413e+09 768 7235 3201 32 8 9 9 1.20963932e-04 2.10112788e-04 outputs/V1e24_D10000_G8/solution/solution-00001 
  2 1.838760446989e+09 4.461889305764e+08 768 7235 3201 18 8 9 9 1.02207858e-03 1.79978376e-03 outputs/V1e24_D10000_G8/solution/solution-00002 
  3 1.890850037969e+09 5.208959097993e+07 768 7235 3201 13 8 9 9 1.87439531e-03 3.30757236e-03                                              "" 
  4 1.919194887510e+09 2.834484954145e+07 768 7235 3201 14 7 8 8 2.76597914e-03 4.88729800e-03 outputs/V1e24_D10000_G8/solution/solution-00003 
  5 1.938385558690e+09 1.919067117994e+07 768 7235 3201 14 7 8 8 3.65689471e-03 6.46664714e-03                                              "" 
  6 1.952887084508e+09 1.450152581758e+07 768 7235 3201 14 7 8 8 4.53494375e-03 8.02307107e-03                                              "" 
  7 1.964571379008e+09 1.168429450040e+07 768 7235 3201 14 6 7 7 5.39600901e-03 9.54842710e-03                                              "" 
  8 1.974385698229e+09 9.814319220456e+06 768 7235 3201 14 6 7 7 6.23863308e-03 1.10464991e-02                                              "" 
  9 1.982871558632e+09 8.485860402776e+06 768 7235 3201 14 6 7 7 7.06208629e-03 1.25106984e-02 outputs/V1e24_D10000_G8/solution/solution-00004 
 10 1.990366858649e+09 7.495300017646e+06 768 7235 3201 14 6 7 7 7.86577213e-03 1.39387960e-02                                              "" 
 11 1.997096148165e+09 6.729289515870e+06 768 7235 3201 14 6 7 7 8.64899311e-03 1.53289282e-02                                              "" 
 12 2.003212612692e+09 6.116464526673e+06 768 7235 3201 14 6 7 7 9.41046107e-03 1.66836243e-02 outputs/V1e24_D10000_G8/solution/solution-00005 
 13 2.008831895291e+09 5.619282599171e+06 768 7235 3201 14 6 7 7 1.01494072e-02 1.79981355e-02                                              "" 
 14 2.014040768172e+09 5.208872880958e+06 768 7235 3201 14 6 7 7 1.08649954e-02 1.92690300e-02                                              "" 
 15 2.018906088329e+09 4.865320157170e+06 768 7235 3201 14 6 7 7 1.15563447e-02 2.04972772e-02                                              "" 
 16 2.023480530761e+09 4.574442431897e+06 768 7235 3201 14 6 7 7 1.22225493e-02 2.16836372e-02                                              "" 
 17 2.027806398231e+09 4.325867469834e+06 768 7235 3201 14 6 7 7 1.28627004e-02 2.28212025e-02 outputs/V1e24_D10000_G8/solution/solution-00006 
 18 2.031915719638e+09 4.109321407229e+06 768 7235 3201 14 6 7 7 1.34755288e-02 2.39073467e-02                                              "" 
 19 2.035837150245e+09 3.921430606832e+06 768 7235 3201 14 6 7 7 1.40601756e-02 2.49402175e-02                                              "" 
 20 2.039595046595e+09 3.757896350272e+06 768 7235 3201 14 6 7 7 1.46158769e-02 2.59236745e-02                                              "" 
 21 2.043210075344e+09 3.615028749187e+06 768 7235 3201 14 6 7 7 1.51419134e-02 2.68610296e-02                                              "" 
 22 2.046699966671e+09 3.489891326187e+06 768 7235 3201 14 6 7 7 1.56376188e-02 2.77412864e-02 outputs/V1e24_D10000_G8/solution/solution-00007 
 23 2.050080088060e+09 3.380121389702e+06 768 7235 3201 14 6 7 7 1.61023717e-02 2.85630278e-02                                              "" 
 24 2.053363889949e+09 3.283801888693e+06 768 7235 3201 14 6 7 7 1.65355976e-02 2.93249615e-02                                              "" 
 25 2.056562071717e+09 3.198181768567e+06 768 7235 3201 14 6 7 7 1.69366565e-02 3.00257102e-02                                              "" 
 26 2.059684555726e+09 3.122484008254e+06 768 7235 3201 14 6 7 7 1.73050933e-02 3.06728831e-02                                              "" 
 27 2.062741001370e+09 3.056445644152e+06 768 7235 3201 14 6 7 7 1.76406582e-02 3.12589416e-02 outputs/V1e24_D10000_G8/solution/solution-00008 
 28 2.065740143225e+09 2.999141855571e+06 768 7235 3201 14 6 7 7 1.79431882e-02 3.17818115e-02                                              "" 
 29 2.068689943617e+09 2.949800392048e+06 768 7235 3201 15 6 7 7 1.82126043e-02 3.22411391e-02                                              "" 
 30 2.071597719291e+09 2.907775673572e+06 768 7235 3201 15 6 7 7 1.84489018e-02 3.26388808e-02                                              "" 
 31 2.074470248409e+09 2.872529118427e+06 768 7235 3201 15 6 7 7 1.86521420e-02 3.29809563e-02                                              "" 
 32 2.077313861938e+09 2.843613528708e+06 768 7235 3201 15 6 7 7 1.88224439e-02 3.32593748e-02 outputs/V1e24_D10000_G8/solution/solution-00009 
 33 2.080134218644e+09 2.820356705407e+06 768 7235 3201 15 6 7 7 1.89599599e-02 3.34743238e-02                                              "" 
 34 2.082935765624e+09 2.801546980602e+06 768 7235 3201 15 6 7 7 1.90648696e-02 3.36261194e-02                                              "" 
 35 2.085723983718e+09 2.788218093752e+06 768 7235 3201 15 6 7 7 1.91374891e-02 3.37153726e-02                                              "" 
 36 2.088504155380e+09 2.780171661800e+06 768 7235 3201 15 6 7 7 1.91781114e-02 3.37427562e-02                                              "" 
 37 2.091281421979e+09 2.777266599321e+06 768 7235 3201 15 5 6 6 1.91870811e-02 3.37198818e-02 outputs/V1e24_D10000_G8/solution/solution-00010 
 38 2.094060829072e+09 2.779407092678e+06 768 7235 3201 15 5 6 6 1.91648789e-02 3.36416899e-02                                              "" 
 39 2.096847360210e+09 2.786531138504e+06 768 7235 3201 15 6 7 7 1.91120960e-02 3.35042861e-02                                              "" 
 40 2.099645971470e+09 2.798611259648e+06 768 7235 3201 15 6 7 7 1.90293754e-02 3.33090161e-02                                              "" 
 41 2.102461630620e+09 2.815659150107e+06 768 7235 3201 15 6 7 7 1.89173734e-02 3.30573145e-02 outputs/V1e24_D10000_G8/solution/solution-00011 
 42 2.105298817027e+09 2.837186406762e+06 768 7235 3201 15 6 7 7 1.87767690e-02 3.27507386e-02                                              "" 
 43 2.108161708741e+09 2.862891714696e+06 768 7235 3201 15 6 7 7 1.86082865e-02 3.24056391e-02                                              "" 
 44 2.111055303973e+09 2.893595231370e+06 768 7235 3201 15 6 7 7 1.84126442e-02 3.20186987e-02                                              "" 
 45 2.113984738946e+09 2.929434973120e+06 768 7235 3201 15 6 7 7 1.81905809e-02 3.15735066e-02                                              "" 
 46 2.116954850241e+09 2.970111294902e+06 768 7235 3201 15 6 7 7 1.79429076e-02 3.10757487e-02 outputs/V1e24_D10000_G8/solution/solution-00012 
 47 2.119971672163e+09 3.016821921972e+06 768 7235 3201 15 6 7 7 1.76703832e-02 3.05328840e-02                                              "" 
 48 2.123042132195e+09 3.070460032158e+06 768 7235 3201 15 6 7 7 1.73737128e-02 2.99383134e-02                                              "" 
 49 2.126173571123e+09 3.131438928252e+06 768 7235 3201 15 6 7 7 1.70535893e-02 2.92944881e-02                                              "" 
 50 2.129373831862e+09 3.200260738905e+06 768 7235 3201 15 6 7 7 1.67106938e-02 2.86293225e-02                                              "" 
 51 2.132648476310e+09 3.274644448008e+06 768 7235 3201 15 6 7 7 1.63460262e-02 2.79256780e-02 outputs/V1e24_D10000_G8/solution/solution-00013 
 52 2.136004708445e+09 3.356232135222e+06 768 7235 3201 15 6 7 7 1.59605083e-02 2.71964422e-02                                              "" 
 53 2.139451331728e+09 3.446623282430e+06 768 7235 3201 15 6 7 7 1.55549747e-02 2.66769856e-02                                              "" 
 54 2.142965596843e+09 3.514265115423e+06 768 7235 3201 15 6 7 7 1.51341676e-02 2.63264199e-02                                              "" 
 55 2.146526658325e+09 3.561061482144e+06 768 7235 3201 15 6 7 7 1.47028486e-02 2.59485097e-02                                              "" 
 56 2.150139582581e+09 3.612924255870e+06 768 7235 3201 15 6 7 7 1.42626938e-02 2.55448512e-02 outputs/V1e24_D10000_G8/solution/solution-00014 
 57 2.153809598093e+09 3.670015511530e+06 768 7235 3201 15 6 7 7 1.38152983e-02 2.51170280e-02                                              "" 
 58 2.157542125688e+09 3.732527594799e+06 768 7235 3201 15 6 7 7 1.33621746e-02 2.46666105e-02                                              "" 
 59 2.161342810012e+09 3.800684324777e+06 768 7235 3201 14 6 7 7 1.29047539e-02 2.41951498e-02                                              "" 
 60 2.165217553531e+09 3.874743518230e+06 768 7235 3201 14 6 7 7 1.24443915e-02 2.37041861e-02                                              "" 
 61 2.169172551171e+09 3.954997640544e+06 768 7235 3201 14 6 7 7 1.19823712e-02 2.31970515e-02 outputs/V1e24_D10000_G8/solution/solution-00015 
 62 2.173214326472e+09 4.041775301365e+06 768 7235 3201 14 6 7 7 1.15199154e-02 2.26767463e-02                                              "" 
 63 2.177349769402e+09 4.135442929389e+06 768 7235 3201 14 6 7 7 1.10581814e-02 2.21411528e-02                                              "" 
 64 2.181586173504e+09 4.236404101675e+06 768 7235 3201 14 6 7 7 1.05982652e-02 2.15918361e-02                                              "" 
 65 2.185931278132e+09 4.345104628015e+06 768 7235 3201 14 6 7 7 1.01412081e-02 2.10303563e-02                                              "" 
 66 2.190393315328e+09 4.462037196767e+06 768 7235 3201 14 6 7 7 9.68800108e-03 2.04582328e-02 outputs/V1e24_D10000_G8/solution/solution-00016 
 67 2.194981067918e+09 4.587752590005e+06 768 7235 3201 13 6 7 7 9.23959202e-03 1.98769841e-02                                              "" 
 68 2.199702712606e+09 4.721644687603e+06 768 7235 3201 13 6 7 7 8.79699925e-03 1.92882912e-02                                              "" 
 69 2.204567593589e+09 4.864880983061e+06 768 7235 3201 13 6 7 7 8.36113725e-03 1.86937109e-02 outputs/V1e24_D10000_G8/solution/solution-00017 
 70 2.209586296377e+09 5.018702787953e+06 768 7235 3201 13 6 7 7 7.93282795e-03 1.80947365e-02                                              "" 
 71 2.214770160966e+09 5.183864588774e+06 768 7235 3201 13 6 7 7 7.51285748e-03 1.74928623e-02                                              "" 
 72 2.220131346670e+09 5.361185704074e+06 768 7235 3201 13 6 7 7 7.10197901e-03 1.68895985e-02                                              "" 
 73 2.225682897612e+09 5.551550942156e+06 768 7235 3201 13 6 7 7 6.70091364e-03 1.62864472e-02                                              "" 
 74 2.231438816260e+09 5.755918647886e+06 768 7235 3201 13 6 7 7 6.31035028e-03 1.56848835e-02 outputs/V1e24_D10000_G8/solution/solution-00018 
 75 2.237414144963e+09 5.975328702781e+06 768 7235 3201 12 6 7 7 5.93094767e-03 1.50863490e-02                                              "" 
 76 2.243625052589e+09 6.210907626298e+06 768 7235 3201 12 6 7 7 5.56333296e-03 1.44922498e-02                                              "" 
 77 2.250088925558e+09 6.463872969233e+06 768 7235 3201 12 6 7 7 5.20809926e-03 1.39094060e-02                                              "" 
 78 2.256824462499e+09 6.735536940459e+06 768 7235 3201 12 6 7 7 4.86580326e-03 1.33361314e-02                                              "" 
 79 2.263851771208e+09 7.027308709044e+06 768 7235 3201 12 6 7 7 4.53696194e-03 1.27711196e-02 outputs/V1e24_D10000_G8/solution/solution-00019 
 80 2.271192466905e+09 7.340695697487e+06 768 7235 3201 12 6 7 7 4.22204843e-03 1.22155953e-02                                              "" 
 81 2.278869770232e+09 7.677303327258e+06 768 7235 3201 12 6 7 7 3.92148657e-03 1.16707270e-02                                              "" 
 82 2.286908603236e+09 8.038833003940e+06 768 7235 3201 12 6 7 7 3.63564440e-03 1.11376214e-02                                              "" 
 83 2.295332528060e+09 8.423924823700e+06 768 7235 3201 12 6 7 7 3.36492166e-03 1.06175038e-02                                              "" 
 84 2.304163976469e+09 8.831448409302e+06 768 7235 3201 11 6 7 7 3.10968704e-03 1.01159028e-02 outputs/V1e24_D10000_G8/solution/solution-00020 
 85 2.313431562570e+09 9.267586100377e+06 768 7235 3201 11 6 7 7 2.87005525e-03 9.63114628e-03                                              "" 
 86 2.323165606395e+09 9.734043825025e+06 768 7235 3201 11 6 7 7 2.64604519e-03 9.16194630e-03                                              "" 
 87 2.333398148365e+09 1.023254197037e+07 768 7235 3201 11 6 7 7 2.43756943e-03 8.71079254e-03                                              "" 
 88 2.344162947880e+09 1.076479951529e+07 768 7235 3201 11 6 7 7 2.24442499e-03 8.28087937e-03                                              "" 
 89 2.355495466640e+09 1.133251875936e+07 768 7235 3201 11 6 7 7 2.06628609e-03 7.86763748e-03 outputs/V1e24_D10000_G8/solution/solution-00021 
 90 2.367417226485e+09 1.192175984547e+07 768 7235 3201 11 6 7 7 1.90289678e-03 7.47182274e-03                                              "" 
 91 2.379961815530e+09 1.254458904511e+07 768 7235 3201 11 6 7 7 1.75365415e-03 7.09448582e-03                                              "" 
 92 2.393165954073e+09 1.320413854246e+07 768 7235 3201 10 6 7 7 1.61780987e-03 6.74354077e-03                                              "" 
 93 2.407067544946e+09 1.390159087345e+07 768 7235 3201 10 6 7 7 1.49451625e-03 6.40902421e-03 outputs/V1e24_D10000_G8/solution/solution-00022 
 94 2.421705648345e+09 1.463810339868e+07 768 7235 3201 10 6 7 7 1.38284747e-03 6.09065512e-03                                              "" 
 95 2.437105156675e+09 1.539950832993e+07 768 7235 3201 10 6 7 7 1.28191792e-03 5.79118757e-03                                              "" 
 96 2.453293546165e+09 1.618838949017e+07 768 7235 3201 10 6 7 7 1.19076223e-03 5.50967385e-03                                              "" 
 97 2.470309072404e+09 1.701552623943e+07 768 7235 3201 10 6 7 7 1.10835677e-03 5.24275299e-03                                              "" 
 98 2.488190899045e+09 1.788182664099e+07 768 7235 3201 10 6 7 7 1.03372894e-03 4.99371417e-03 outputs/V1e24_D10000_G8/solution/solution-00023 
 99 2.506979118624e+09 1.878821957866e+07 768 7235 3201  9 6 7 7 9.65980170e-04 4.75862919e-03 outputs/V1e24_D10000_G8/solution/solution-00024 
100 2.526703529893e+09 1.972441126877e+07 768 7235 3201  9 6 7 7 9.04334681e-04 4.53605220e-03                                              "" 
