# 1: Time step number
# 2: Time (years)
# 3: Time step size (years)
# 4: Number of mesh cells
# 5: Number of Stokes degrees of freedom
# 6: Number of temperature degrees of freedom
# 7: Iterations for temperature solver
# 8: Iterations for Stokes solver
# 9: Velocity iterations in Stokes preconditioner
# 10: Schur complement iterations in Stokes preconditioner
# 11: RMS velocity (m/year)
# 12: Max. velocity (m/year)
# 13: Visualization file name
  0 0.000000000000e+00 0.000000000000e+00 768 7235 3201  0 8 9 9 2.68503908e-07 5.65712452e-07 outputs/V1e25_D3000_G4/solution/solution-00000 
  1 1.392571516413e+09 1.392571516413e+09 768 7235 3201 32 8 9 9 3.41156648e-07 5.85302863e-07 outputs/V1e25_D3000_G4/solution/solution-00001 
  2 2.785143032825e+09 1.392571516413e+09 768 7235 3201 25 8 9 9 4.41372619e-07 7.55595364e-07 outputs/V1e25_D3000_G4/solution/solution-00002 
  3 4.177714549238e+09 1.392571516413e+09 768 7235 3201 24 8 9 9 5.63880795e-07 9.75744271e-07 outputs/V1e25_D3000_G4/solution/solution-00003 
  4 5.570286065650e+09 1.392571516413e+09 768 7235 3201 23 8 9 9 7.07257309e-07 1.23756115e-06 outputs/V1e25_D3000_G4/solution/solution-00004 
  5 6.962857582063e+09 1.392571516413e+09 768 7235 3201 23 8 9 9 8.71431916e-07 1.54126197e-06 outputs/V1e25_D3000_G4/solution/solution-00005 
  6 8.355429098476e+09 1.392571516413e+09 768 7235 3201 22 8 9 9 1.05659880e-06 1.88716750e-06 outputs/V1e25_D3000_G4/solution/solution-00006 
  7 9.748000614888e+09 1.392571516413e+09 768 7235 3201 21 8 9 9 1.26303960e-06 2.27550126e-06 outputs/V1e25_D3000_G4/solution/solution-00007 
  8 1.114057213130e+10 1.392571516413e+09 768 7235 3201 21 8 9 9 1.49108793e-06 2.70640517e-06 outputs/V1e25_D3000_G4/solution/solution-00008 
  9 1.253314364771e+10 1.392571516413e+09 768 7235 3201 21 8 9 9 1.74115117e-06 3.18003891e-06 outputs/V1e25_D3000_G4/solution/solution-00009 
 10 1.392571516413e+10 1.392571516413e+09 768 7235 3201 21 8 9 9 2.01374832e-06 3.69669873e-06 outputs/V1e25_D3000_G4/solution/solution-00010 
 11 1.531828668054e+10 1.392571516413e+09 768 7235 3201 20 8 9 9 2.30954754e-06 4.25692556e-06 outputs/V1e25_D3000_G4/solution/solution-00011 
 12 1.671085819695e+10 1.392571516413e+09 768 7235 3201 20 8 9 9 2.62939742e-06 4.86159077e-06 outputs/V1e25_D3000_G4/solution/solution-00012 
 13 1.810342971336e+10 1.392571516413e+09 768 7235 3201 20 8 9 9 2.97435060e-06 5.51195734e-06 outputs/V1e25_D3000_G4/solution/solution-00013 
 14 1.949600122978e+10 1.392571516413e+09 768 7235 3201 20 8 9 9 3.34568069e-06 6.20971957e-06 outputs/V1e25_D3000_G4/solution/solution-00014 
 15 2.088857274619e+10 1.392571516413e+09 768 7235 3201 20 8 9 9 3.74489400e-06 6.95702627e-06 outputs/V1e25_D3000_G4/solution/solution-00015 
 16 2.228114426260e+10 1.392571516413e+09 768 7235 3201 20 8 9 9 4.17373776e-06 7.75649256e-06 outputs/V1e25_D3000_G4/solution/solution-00016 
 17 2.367371577901e+10 1.392571516413e+09 768 7235 3201 20 8 9 9 4.63420638e-06 8.61120496e-06 outputs/V1e25_D3000_G4/solution/solution-00017 
 18 2.506628729543e+10 1.392571516413e+09 768 7235 3201 19 7 8 8 5.12854682e-06 9.52479100e-06 outputs/V1e25_D3000_G4/solution/solution-00018 
 19 2.645885881184e+10 1.392571516413e+09 768 7235 3201 19 7 8 8 5.65926407e-06 1.05022853e-05 outputs/V1e25_D3000_G4/solution/solution-00019 
 20 2.785143032825e+10 1.392571516413e+09 768 7235 3201 19 7 8 8 6.22912732e-06 1.15474546e-05 outputs/V1e25_D3000_G4/solution/solution-00020 
 21 2.924400184466e+10 1.392571516413e+09 768 7235 3201 19 7 8 8 6.84117707e-06 1.26653380e-05 outputs/V1e25_D3000_G4/solution/solution-00021 
 22 3.063657336108e+10 1.392571516413e+09 768 7235 3201 19 7 8 8 7.49873340e-06 1.38614642e-05 outputs/V1e25_D3000_G4/solution/solution-00022 
 23 3.202914487749e+10 1.392571516413e+09 768 7235 3201 19 7 8 8 8.20540543e-06 1.51418579e-05 outputs/V1e25_D3000_G4/solution/solution-00023 
 24 3.342171639390e+10 1.392571516413e+09 768 7235 3201 19 7 8 8 8.96510162e-06 1.65130486e-05 outputs/V1e25_D3000_G4/solution/solution-00024 
 25 3.481428791032e+10 1.392571516413e+09 768 7235 3201 19 7 8 8 9.78204074e-06 1.79820802e-05 outputs/V1e25_D3000_G4/solution/solution-00025 
 26 3.620685942673e+10 1.392571516413e+09 768 7235 3201 18 7 8 8 1.06607630e-05 1.95565190e-05 outputs/V1e25_D3000_G4/solution/solution-00026 
 27 3.759943094314e+10 1.392571516413e+09 768 7235 3201 18 7 8 8 1.16061410e-05 2.12444619e-05 outputs/V1e25_D3000_G4/solution/solution-00027 
 28 3.899200245955e+10 1.392571516413e+09 768 7235 3201 18 6 7 7 1.26233888e-05 2.30545405e-05 outputs/V1e25_D3000_G4/solution/solution-00028 
 29 4.038457397597e+10 1.392571516413e+09 768 7235 3201 18 6 7 7 1.37180697e-05 2.49959203e-05 outputs/V1e25_D3000_G4/solution/solution-00029 
 30 4.177714549238e+10 1.392571516413e+09 768 7235 3201 18 6 7 7 1.48960996e-05 2.70829553e-05 outputs/V1e25_D3000_G4/solution/solution-00030 
 31 4.316971700879e+10 1.392571516413e+09 768 7235 3201 18 6 7 7 1.61637459e-05 2.93264211e-05 outputs/V1e25_D3000_G4/solution/solution-00031 
 32 4.456228852520e+10 1.392571516413e+09 768 7235 3201 18 6 7 7 1.75276189e-05 3.17336780e-05 outputs/V1e25_D3000_G4/solution/solution-00032 
 33 4.595486004162e+10 1.392571516413e+09 768 7235 3201 18 6 7 7 1.89946533e-05 3.43160649e-05 outputs/V1e25_D3000_G4/solution/solution-00033 
 34 4.734743155803e+10 1.392571516413e+09 768 7235 3201 18 6 7 7 2.05720771e-05 3.70852914e-05 outputs/V1e25_D3000_G4/solution/solution-00034 
 35 4.874000307444e+10 1.392571516413e+09 768 7235 3201 18 6 7 7 2.22673636e-05 4.00533332e-05 outputs/V1e25_D3000_G4/solution/solution-00035 
 36 5.013257459085e+10 1.392571516413e+09 768 7235 3201 18 6 7 7 2.40881617e-05 4.32322889e-05 outputs/V1e25_D3000_G4/solution/solution-00036 
 37 5.152514610727e+10 1.392571516413e+09 768 7235 3201 19 6 7 7 2.60421984e-05 4.66341887e-05 outputs/V1e25_D3000_G4/solution/solution-00037 
 38 5.291771762368e+10 1.392571516413e+09 768 7235 3201 19 6 7 7 2.81371489e-05 5.02779756e-05 outputs/V1e25_D3000_G4/solution/solution-00038 
 39 5.431028914009e+10 1.392571516413e+09 768 7235 3201 19 6 7 7 3.03804629e-05 5.41739881e-05 outputs/V1e25_D3000_G4/solution/solution-00039 
 40 5.570286065650e+10 1.392571516413e+09 768 7235 3201 19 6 7 7 3.27791429e-05 5.83279897e-05 outputs/V1e25_D3000_G4/solution/solution-00040 
 41 5.709543217292e+10 1.392571516413e+09 768 7235 3201 19 6 7 7 3.53394621e-05 6.27486700e-05 outputs/V1e25_D3000_G4/solution/solution-00041 
 42 5.848800368933e+10 1.392571516413e+09 768 7235 3201 20 6 7 7 3.80666157e-05 6.74425803e-05 outputs/V1e25_D3000_G4/solution/solution-00042 
 43 5.987807505846e+10 1.390071369133e+09 768 7235 3201 20 6 7 7 4.09589753e-05 7.24058156e-05 outputs/V1e25_D3000_G4/solution/solution-00043 
 44 6.117288749488e+10 1.294812436415e+09 768 7235 3201 19 6 7 7 4.38088125e-05 7.72958132e-05 outputs/V1e25_D3000_G4/solution/solution-00044 
 45 6.238606036165e+10 1.213172866769e+09 768 7235 3201 19 6 7 7 4.66155276e-05 8.20970600e-05 outputs/V1e25_D3000_G4/solution/solution-00045 
 46 6.352852284521e+10 1.142462483566e+09 768 7235 3201 18 6 7 7 4.93775195e-05 8.68073750e-05 outputs/V1e25_D3000_G4/solution/solution-00046 
 47 6.460904077457e+10 1.080517929362e+09 768 7235 3201 18 6 7 7 5.20924188e-05 9.14232813e-05 outputs/V1e25_D3000_G4/solution/solution-00047 
 48 6.563485721928e+10 1.025816444703e+09 768 7235 3201 17 6 7 7 5.47577111e-05 9.59411062e-05 outputs/V1e25_D3000_G4/solution/solution-00048 
 49 6.661223983238e+10 9.773826130997e+08 768 7235 3201 17 6 7 7 5.73714273e-05 1.00358152e-04 outputs/V1e25_D3000_G4/solution/solution-00049 
 50 6.754649241913e+10 9.342525867548e+08 768 7235 3201 16 6 7 7 5.99316248e-05 1.04671809e-04 outputs/V1e25_D3000_G4/solution/solution-00050 
 51 6.844214466430e+10 8.956522451641e+08 768 7235 3201 16 6 7 7 6.24364202e-05 1.08879602e-04 outputs/V1e25_D3000_G4/solution/solution-00051 
 52 6.930309709198e+10 8.609524276868e+08 768 7235 3201 16 5 6 6 6.48840121e-05 1.12979224e-04 outputs/V1e25_D3000_G4/solution/solution-00052 
 53 7.013273345860e+10 8.296363666155e+08 768 7235 3201 15 5 6 6 6.72727002e-05 1.16968562e-04 outputs/V1e25_D3000_G4/solution/solution-00053 
 54 7.093400901523e+10 8.012755566321e+08 768 7235 3201 15 5 6 6 6.96008990e-05 1.20845711e-04 outputs/V1e25_D3000_G4/solution/solution-00054 
 55 7.170952062739e+10 7.755116121551e+08 768 7235 3201 15 5 6 6 7.18671510e-05 1.24608990e-04 outputs/V1e25_D3000_G4/solution/solution-00055 
 56 7.246156305239e+10 7.520424250035e+08 768 7235 3201 15 5 6 6 7.40701366e-05 1.28259663e-04 outputs/V1e25_D3000_G4/solution/solution-00056 
 57 7.319217453922e+10 7.306114868282e+08 768 7235 3201 14 5 6 6 7.62086823e-05 1.31803988e-04 outputs/V1e25_D3000_G4/solution/solution-00057 
 58 7.390317409626e+10 7.109995570379e+08 768 7235 3201 14 5 6 6 7.82817669e-05 1.35229490e-04 outputs/V1e25_D3000_G4/solution/solution-00058 
 59 7.459619219224e+10 6.930180959861e+08 768 7235 3201 14 5 6 6 8.02885264e-05 1.38535364e-04 outputs/V1e25_D3000_G4/solution/solution-00059 
 60 7.527269623347e+10 6.765040412320e+08 768 7235 3201 14 5 6 6 8.22282568e-05 1.41721066e-04 outputs/V1e25_D3000_G4/solution/solution-00060 
 61 7.593401184990e+10 6.613156164291e+08 768 7235 3201 14 5 6 6 8.41004157e-05 1.44786317e-04 outputs/V1e25_D3000_G4/solution/solution-00061 
 62 7.658134079178e+10 6.473289418758e+08 768 7235 3201 13 5 6 6 8.59046223e-05 1.47731096e-04 outputs/V1e25_D3000_G4/solution/solution-00062 
 63 7.721577606482e+10 6.344352730426e+08 768 7235 3201 13 5 6 6 8.76406566e-05 1.50555638e-04 outputs/V1e25_D3000_G4/solution/solution-00063 
 64 7.783831479997e+10 6.225387351532e+08 768 7235 3201 13 5 6 6 8.93084566e-05 1.53260421e-04 outputs/V1e25_D3000_G4/solution/solution-00064 
 65 7.844986925266e+10 6.115544526811e+08 768 7235 3201 13 5 6 6 9.09081151e-05 1.55846167e-04 outputs/V1e25_D3000_G4/solution/solution-00065 
 66 7.905127624821e+10 6.014069955501e+08 768 7235 3201 13 5 6 6 9.24398755e-05 1.58313824e-04 outputs/V1e25_D3000_G4/solution/solution-00066 
 67 7.964330532927e+10 5.920290810642e+08 768 7235 3201 13 5 6 6 9.39041263e-05 1.60664562e-04 outputs/V1e25_D3000_G4/solution/solution-00067 
 68 8.022666581293e+10 5.833604836644e+08 768 7235 3201 13 5 6 6 9.53013951e-05 1.62899758e-04 outputs/V1e25_D3000_G4/solution/solution-00068 
 69 8.080201292755e+10 5.753471146131e+08 768 7235 3201 13 5 6 6 9.66323425e-05 1.65020989e-04 outputs/V1e25_D3000_G4/solution/solution-00069 
 70 8.136995316896e+10 5.679402414135e+08 768 7235 3201 12 5 6 6 9.78977544e-05 1.67030016e-04 outputs/V1e25_D3000_G4/solution/solution-00070 
 71 8.193104899172e+10 5.610958227622e+08 768 7235 3201 12 5 6 6 9.90985348e-05 1.68928773e-04 outputs/V1e25_D3000_G4/solution/solution-00071 
 72 8.248582293124e+10 5.547739395161e+08 768 7235 3201 12 5 6 6 1.00235698e-04 1.70719356e-04 outputs/V1e25_D3000_G4/solution/solution-00072 
 73 8.303476123708e+10 5.489383058439e+08 768 7235 3201 12 5 6 6 1.01310361e-04 1.72404008e-04 outputs/V1e25_D3000_G4/solution/solution-00073 
 74 8.357831708474e+10 5.435558476565e+08 768 7235 3201 12 5 6 6 1.02323735e-04 1.73987703e-04 outputs/V1e25_D3000_G4/solution/solution-00074 
 75 8.411691342248e+10 5.385963377372e+08 768 7235 3201 12 5 6 6 1.03277115e-04 1.75482158e-04 outputs/V1e25_D3000_G4/solution/solution-00075 
 76 8.465094550134e+10 5.340320788623e+08 768 7235 3201 12 5 6 6 1.04171878e-04 1.76879291e-04 outputs/V1e25_D3000_G4/solution/solution-00076 
 77 8.518078312904e+10 5.298376277037e+08 768 7235 3201 12 5 6 6 1.05009465e-04 1.78278795e-04 outputs/V1e25_D3000_G4/solution/solution-00077 
 78 8.570664891619e+10 5.258657871474e+08 768 7235 3201 12 5 6 6 1.05791206e-04 1.79651243e-04 outputs/V1e25_D3000_G4/solution/solution-00078 
 79 8.622849334384e+10 5.218444276516e+08 768 7235 3201 12 5 6 6 1.06518190e-04 1.80921113e-04 outputs/V1e25_D3000_G4/solution/solution-00079 
 80 8.674667498869e+10 5.181816448494e+08 768 7235 3201 12 5 6 6 1.07192226e-04 1.82090157e-04 outputs/V1e25_D3000_G4/solution/solution-00080 
 81 8.726152983578e+10 5.148548470871e+08 768 7235 3201 12 5 6 6 1.07815137e-04 1.83161591e-04 outputs/V1e25_D3000_G4/solution/solution-00081 
 82 8.777337295346e+10 5.118431176868e+08 768 7235 3201 12 5 6 6 1.08388748e-04 1.84138717e-04 outputs/V1e25_D3000_G4/solution/solution-00082 
 83 8.828249999316e+10 5.091270396967e+08 768 7235 3201 12 5 6 6 1.08914889e-04 1.85024907e-04 outputs/V1e25_D3000_G4/solution/solution-00083 
 84 8.878918853389e+10 5.066885407322e+08 768 7235 3201 12 5 6 6 1.09395384e-04 1.85823590e-04 outputs/V1e25_D3000_G4/solution/solution-00084 
 85 8.929369928982e+10 5.045107559300e+08 768 7235 3201 12 5 6 6 1.09832050e-04 1.86538244e-04 outputs/V1e25_D3000_G4/solution/solution-00085 
 86 8.979627719672e+10 5.025779068967e+08 768 7235 3201 12 5 6 6 1.10226695e-04 1.87172375e-04 outputs/V1e25_D3000_G4/solution/solution-00086 
 87 9.029715239143e+10 5.008751947075e+08 768 7235 3201 12 5 6 6 1.10581111e-04 1.87729516e-04 outputs/V1e25_D3000_G4/solution/solution-00087 
 88 9.079654109667e+10 4.993887052406e+08 768 7235 3201 12 5 6 6 1.10897076e-04 1.88213206e-04 outputs/V1e25_D3000_G4/solution/solution-00088 
 89 9.129464642204e+10 4.981053253667e+08 768 7235 3201 12 5 6 6 1.11176344e-04 1.88641293e-04 outputs/V1e25_D3000_G4/solution/solution-00089 
 90 9.179165909075e+10 4.970126687101e+08 768 7235 3201 11 5 6 6 1.11420652e-04 1.89009781e-04 outputs/V1e25_D3000_G4/solution/solution-00090 
 91 9.228775810062e+10 4.960990098773e+08 768 7235 3201 11 5 6 6 1.11631711e-04 1.89315046e-04 outputs/V1e25_D3000_G4/solution/solution-00091 
 92 9.278311132682e+10 4.953532261942e+08 768 7235 3201 11 5 6 6 1.11811205e-04 1.89560509e-04 outputs/V1e25_D3000_G4/solution/solution-00092 
 93 9.327787607293e+10 4.947647461142e+08 768 7235 3201 11 5 6 6 1.11960793e-04 1.89749559e-04 outputs/V1e25_D3000_G4/solution/solution-00093 
 94 9.377219489331e+10 4.943188203793e+08 768 7235 3201 11 5 6 6 1.12082100e-04 1.89885537e-04 outputs/V1e25_D3000_G4/solution/solution-00094 
 95 9.426611756234e+10 4.939226690298e+08 768 7235 3201 11 5 6 6 1.12176710e-04 1.89971731e-04 outputs/V1e25_D3000_G4/solution/solution-00095 
 96 9.475977507867e+10 4.936575163260e+08 768 7235 3201 11 5 6 6 1.12246203e-04 1.90011402e-04 outputs/V1e25_D3000_G4/solution/solution-00096 
 97 9.525328961821e+10 4.935145395472e+08 768 7235 3201 11 5 6 6 1.12292121e-04 1.90007746e-04 outputs/V1e25_D3000_G4/solution/solution-00097 
 98 9.574677490901e+10 4.934852908003e+08 768 7235 3201 11 5 6 6 1.12315971e-04 1.89963884e-04 outputs/V1e25_D3000_G4/solution/solution-00098 
 99 9.624033658147e+10 4.935616724540e+08 768 7235 3201 11 5 6 6 1.12319222e-04 1.89882858e-04 outputs/V1e25_D3000_G4/solution/solution-00099 
100 9.673407249697e+10 4.937359155048e+08 768 7235 3201 11 5 6 6 1.12303307e-04 1.89767624e-04 outputs/V1e25_D3000_G4/solution/solution-00100 
