# 1: Time step number
# 2: Time (years)
# 3: Time step size (years)
# 4: Number of mesh cells
# 5: Number of Stokes degrees of freedom
# 6: Number of temperature degrees of freedom
# 7: Iterations for temperature solver
# 8: Iterations for Stokes solver
# 9: Velocity iterations in Stokes preconditioner
# 10: Schur complement iterations in Stokes preconditioner
# 11: RMS velocity (m/year)
# 12: Max. velocity (m/year)
# 13: Visualization file name
  0 0.000000000000e+00 0.000000000000e+00 768 7235 3201  0 8 9 9 2.00371319e-07 3.44316672e-07 outputs/V3.3e25_D300_G10/solution/solution-00000 
  1 1.392571516413e+09 1.392571516413e+09 768 7235 3201 31 8 9 9 1.97202004e-07 3.33902000e-07 outputs/V3.3e25_D300_G10/solution/solution-00001 
  2 2.785143032825e+09 1.392571516413e+09 768 7235 3201 25 8 9 9 1.95313219e-07 3.32613292e-07 outputs/V3.3e25_D300_G10/solution/solution-00002 
  3 4.177714549238e+09 1.392571516413e+09 768 7235 3201 24 8 9 9 1.94811090e-07 3.33787117e-07 outputs/V3.3e25_D300_G10/solution/solution-00003 
  4 5.570286065650e+09 1.392571516413e+09 768 7235 3201 23 8 9 9 1.95603465e-07 3.37179088e-07 outputs/V3.3e25_D300_G10/solution/solution-00004 
  5 6.962857582063e+09 1.392571516413e+09 768 7235 3201 22 8 9 9 1.97584852e-07 3.42472122e-07 outputs/V3.3e25_D300_G10/solution/solution-00005 
  6 8.355429098476e+09 1.392571516413e+09 768 7235 3201 22 8 9 9 2.00640587e-07 3.49402197e-07 outputs/V3.3e25_D300_G10/solution/solution-00006 
  7 9.748000614888e+09 1.392571516413e+09 768 7235 3201 21 8 9 9 2.04669996e-07 3.57774036e-07 outputs/V3.3e25_D300_G10/solution/solution-00007 
  8 1.114057213130e+10 1.392571516413e+09 768 7235 3201 21 8 9 9 2.09590914e-07 3.67449671e-07 outputs/V3.3e25_D300_G10/solution/solution-00008 
  9 1.253314364771e+10 1.392571516413e+09 768 7235 3201 20 8 9 9 2.15338807e-07 3.78334073e-07 outputs/V3.3e25_D300_G10/solution/solution-00009 
 10 1.392571516413e+10 1.392571516413e+09 768 7235 3201 20 8 9 9 2.21864365e-07 3.90363504e-07 outputs/V3.3e25_D300_G10/solution/solution-00010 
 11 1.531828668054e+10 1.392571516413e+09 768 7235 3201 20 8 9 9 2.29130960e-07 4.03497108e-07 outputs/V3.3e25_D300_G10/solution/solution-00011 
 12 1.671085819695e+10 1.392571516413e+09 768 7235 3201 20 8 9 9 2.37112412e-07 4.17711024e-07 outputs/V3.3e25_D300_G10/solution/solution-00012 
 13 1.810342971336e+10 1.392571516413e+09 768 7235 3201 20 8 9 9 2.45791151e-07 4.32994304e-07 outputs/V3.3e25_D300_G10/solution/solution-00013 
 14 1.949600122978e+10 1.392571516413e+09 768 7235 3201 19 8 9 9 2.55156753e-07 4.49346060e-07 outputs/V3.3e25_D300_G10/solution/solution-00014 
 15 2.088857274619e+10 1.392571516413e+09 768 7235 3201 19 8 9 9 2.65204792e-07 4.66773463e-07 outputs/V3.3e25_D300_G10/solution/solution-00015 
 16 2.228114426260e+10 1.392571516413e+09 768 7235 3201 19 8 9 9 2.75935950e-07 4.85290329e-07 outputs/V3.3e25_D300_G10/solution/solution-00016 
 17 2.367371577901e+10 1.392571516413e+09 768 7235 3201 19 8 9 9 2.87355321e-07 5.04916114e-07 outputs/V3.3e25_D300_G10/solution/solution-00017 
 18 2.506628729543e+10 1.392571516413e+09 768 7235 3201 19 8 9 9 2.99471876e-07 5.25675201e-07 outputs/V3.3e25_D300_G10/solution/solution-00018 
 19 2.645885881184e+10 1.392571516413e+09 768 7235 3201 19 8 9 9 3.12298052e-07 5.47596396e-07 outputs/V3.3e25_D300_G10/solution/solution-00019 
 20 2.785143032825e+10 1.392571516413e+09 768 7235 3201 19 8 9 9 3.25849434e-07 5.70712578e-07 outputs/V3.3e25_D300_G10/solution/solution-00020 
 21 2.924400184466e+10 1.392571516413e+09 768 7235 3201 19 8 9 9 3.40144509e-07 5.95060460e-07 outputs/V3.3e25_D300_G10/solution/solution-00021 
 22 3.063657336108e+10 1.392571516413e+09 768 7235 3201 18 8 9 9 3.55204490e-07 6.20680430e-07 outputs/V3.3e25_D300_G10/solution/solution-00022 
 23 3.202914487749e+10 1.392571516413e+09 768 7235 3201 18 8 9 9 3.71053174e-07 6.47616461e-07 outputs/V3.3e25_D300_G10/solution/solution-00023 
 24 3.342171639390e+10 1.392571516413e+09 768 7235 3201 18 8 9 9 3.87716848e-07 6.75916057e-07 outputs/V3.3e25_D300_G10/solution/solution-00024 
 25 3.481428791032e+10 1.392571516413e+09 768 7235 3201 18 8 9 9 4.05224219e-07 7.05630249e-07 outputs/V3.3e25_D300_G10/solution/solution-00025 
 26 3.620685942673e+10 1.392571516413e+09 768 7235 3201 18 8 9 9 4.23606373e-07 7.36813611e-07 outputs/V3.3e25_D300_G10/solution/solution-00026 
 27 3.759943094314e+10 1.392571516413e+09 768 7235 3201 18 8 9 9 4.42896753e-07 7.69524300e-07 outputs/V3.3e25_D300_G10/solution/solution-00027 
 28 3.899200245955e+10 1.392571516413e+09 768 7235 3201 18 8 9 9 4.63131158e-07 8.03824115e-07 outputs/V3.3e25_D300_G10/solution/solution-00028 
 29 4.038457397597e+10 1.392571516413e+09 768 7235 3201 18 8 9 9 4.84347753e-07 8.39778581e-07 outputs/V3.3e25_D300_G10/solution/solution-00029 
 30 4.177714549238e+10 1.392571516413e+09 768 7235 3201 18 7 8 8 5.06587100e-07 8.77457033e-07 outputs/V3.3e25_D300_G10/solution/solution-00030 
 31 4.316971700879e+10 1.392571516413e+09 768 7235 3201 18 7 8 8 5.29892189e-07 9.16932723e-07 outputs/V3.3e25_D300_G10/solution/solution-00031 
 32 4.456228852520e+10 1.392571516413e+09 768 7235 3201 18 7 8 8 5.54308496e-07 9.58282942e-07 outputs/V3.3e25_D300_G10/solution/solution-00032 
 33 4.595486004162e+10 1.392571516413e+09 768 7235 3201 18 7 8 8 5.79884035e-07 1.00158914e-06 outputs/V3.3e25_D300_G10/solution/solution-00033 
 34 4.734743155803e+10 1.392571516413e+09 768 7235 3201 18 7 8 8 6.06669432e-07 1.04693707e-06 outputs/V3.3e25_D300_G10/solution/solution-00034 
 35 4.874000307444e+10 1.392571516413e+09 768 7235 3201 18 7 8 8 6.34718000e-07 1.09441694e-06 outputs/V3.3e25_D300_G10/solution/solution-00035 
 36 5.013257459085e+10 1.392571516413e+09 768 7235 3201 18 7 8 8 6.64085829e-07 1.14412358e-06 outputs/V3.3e25_D300_G10/solution/solution-00036 
 37 5.152514610727e+10 1.392571516413e+09 768 7235 3201 18 7 8 8 6.94831878e-07 1.19615661e-06 outputs/V3.3e25_D300_G10/solution/solution-00037 
 38 5.291771762368e+10 1.392571516413e+09 768 7235 3201 17 7 8 8 7.27018077e-07 1.25062060e-06 outputs/V3.3e25_D300_G10/solution/solution-00038 
 39 5.431028914009e+10 1.392571516413e+09 768 7235 3201 17 7 8 8 7.60709444e-07 1.30762533e-06 outputs/V3.3e25_D300_G10/solution/solution-00039 
 40 5.570286065650e+10 1.392571516413e+09 768 7235 3201 17 7 8 8 7.95974197e-07 1.36728592e-06 outputs/V3.3e25_D300_G10/solution/solution-00040 
 41 5.709543217292e+10 1.392571516413e+09 768 7235 3201 17 7 8 8 8.32883887e-07 1.42972313e-06 outputs/V3.3e25_D300_G10/solution/solution-00041 
 42 5.848800368933e+10 1.392571516413e+09 768 7235 3201 17 7 8 8 8.71513527e-07 1.49506352e-06 outputs/V3.3e25_D300_G10/solution/solution-00042 
 43 5.988057520574e+10 1.392571516413e+09 768 7235 3201 17 7 8 8 9.11941743e-07 1.56343975e-06 outputs/V3.3e25_D300_G10/solution/solution-00043 
 44 6.127314672215e+10 1.392571516413e+09 768 7235 3201 17 7 8 8 9.54250920e-07 1.63499079e-06 outputs/V3.3e25_D300_G10/solution/solution-00044 
 45 6.266571823857e+10 1.392571516413e+09 768 7235 3201 17 7 8 8 9.98527362e-07 1.70986224e-06 outputs/V3.3e25_D300_G10/solution/solution-00045 
 46 6.405828975498e+10 1.392571516413e+09 768 7235 3201 17 7 8 8 1.04486147e-06 1.78820661e-06 outputs/V3.3e25_D300_G10/solution/solution-00046 
 47 6.545086127139e+10 1.392571516413e+09 768 7235 3201 17 7 8 8 1.09334789e-06 1.87018356e-06 outputs/V3.3e25_D300_G10/solution/solution-00047 
 48 6.684343278781e+10 1.392571516413e+09 768 7235 3201 17 7 8 8 1.14408576e-06 1.95596031e-06 outputs/V3.3e25_D300_G10/solution/solution-00048 
 49 6.823600430422e+10 1.392571516413e+09 768 7235 3201 17 7 8 8 1.19717883e-06 2.04571190e-06 outputs/V3.3e25_D300_G10/solution/solution-00049 
 50 6.962857582063e+10 1.392571516413e+09 768 7235 3201 17 7 8 8 1.25273573e-06 2.13962158e-06 outputs/V3.3e25_D300_G10/solution/solution-00050 
 51 7.102114733704e+10 1.392571516413e+09 768 7235 3201 17 6 7 7 1.31087016e-06 2.23788113e-06 outputs/V3.3e25_D300_G10/solution/solution-00051 
 52 7.241371885346e+10 1.392571516413e+09 768 7235 3201 17 6 7 7 1.37170109e-06 2.34069130e-06 outputs/V3.3e25_D300_G10/solution/solution-00052 
 53 7.380629036987e+10 1.392571516413e+09 768 7235 3201 17 6 7 7 1.43535307e-06 2.44826216e-06 outputs/V3.3e25_D300_G10/solution/solution-00053 
 54 7.519886188628e+10 1.392571516413e+09 768 7235 3201 17 6 7 7 1.50195640e-06 2.56081354e-06 outputs/V3.3e25_D300_G10/solution/solution-00054 
 55 7.659143340269e+10 1.392571516413e+09 768 7235 3201 17 6 7 7 1.57164742e-06 2.67857547e-06 outputs/V3.3e25_D300_G10/solution/solution-00055 
 56 7.798400491911e+10 1.392571516413e+09 768 7235 3201 17 6 7 7 1.64456880e-06 2.80178862e-06 outputs/V3.3e25_D300_G10/solution/solution-00056 
 57 7.937657643552e+10 1.392571516413e+09 768 7235 3201 17 6 7 7 1.72086980e-06 2.93070479e-06 outputs/V3.3e25_D300_G10/solution/solution-00057 
 58 8.076914795193e+10 1.392571516413e+09 768 7235 3201 17 6 7 7 1.80070657e-06 3.06558743e-06 outputs/V3.3e25_D300_G10/solution/solution-00058 
 59 8.216171946834e+10 1.392571516413e+09 768 7235 3201 17 6 7 7 1.88424246e-06 3.20671211e-06 outputs/V3.3e25_D300_G10/solution/solution-00059 
 60 8.355429098476e+10 1.392571516413e+09 768 7235 3201 17 6 7 7 1.97164833e-06 3.35436711e-06 outputs/V3.3e25_D300_G10/solution/solution-00060 
 61 8.494686250117e+10 1.392571516413e+09 768 7235 3201 17 6 7 7 2.06310291e-06 3.50885395e-06 outputs/V3.3e25_D300_G10/solution/solution-00061 
 62 8.633943401758e+10 1.392571516413e+09 768 7235 3201 17 6 7 7 2.15879314e-06 3.67048802e-06 outputs/V3.3e25_D300_G10/solution/solution-00062 
 63 8.773200553399e+10 1.392571516413e+09 768 7235 3201 17 6 7 7 2.25891453e-06 3.83959916e-06 outputs/V3.3e25_D300_G10/solution/solution-00063 
 64 8.912457705041e+10 1.392571516413e+09 768 7235 3201 17 6 7 7 2.36367154e-06 4.01653233e-06 outputs/V3.3e25_D300_G10/solution/solution-00064 
 65 9.051714856682e+10 1.392571516413e+09 768 7235 3201 17 6 7 7 2.47327797e-06 4.20164824e-06 outputs/V3.3e25_D300_G10/solution/solution-00065 
 66 9.190972008323e+10 1.392571516413e+09 768 7235 3201 17 6 7 7 2.58795740e-06 4.39532408e-06 outputs/V3.3e25_D300_G10/solution/solution-00066 
 67 9.330229159964e+10 1.392571516413e+09 768 7235 3201 17 6 7 7 2.70794358e-06 4.59795422e-06 outputs/V3.3e25_D300_G10/solution/solution-00067 
 68 9.469486311606e+10 1.392571516413e+09 768 7235 3201 17 6 7 7 2.83348088e-06 4.80995099e-06 outputs/V3.3e25_D300_G10/solution/solution-00068 
 69 9.608743463247e+10 1.392571516413e+09 768 7235 3201 17 6 7 7 2.96482477e-06 5.03174538e-06 outputs/V3.3e25_D300_G10/solution/solution-00069 
 70 9.748000614888e+10 1.392571516413e+09 768 7235 3201 17 6 7 7 3.10224230e-06 5.26378795e-06 outputs/V3.3e25_D300_G10/solution/solution-00070 
 71 9.887257766530e+10 1.392571516413e+09 768 7235 3201 17 6 7 7 3.24601255e-06 5.50654957e-06 outputs/V3.3e25_D300_G10/solution/solution-00071 
 72 1.002651491817e+11 1.392571516413e+09 768 7235 3201 17 6 7 7 3.39642719e-06 5.76052235e-06 outputs/V3.3e25_D300_G10/solution/solution-00072 
 73 1.016577206981e+11 1.392571516413e+09 768 7235 3201 17 6 7 7 3.55379099e-06 6.02622048e-06 outputs/V3.3e25_D300_G10/solution/solution-00073 
 74 1.030502922145e+11 1.392571516413e+09 768 7235 3201 17 6 7 7 3.71842235e-06 6.30418119e-06 outputs/V3.3e25_D300_G10/solution/solution-00074 
 75 1.044428637309e+11 1.392571516413e+09 768 7235 3201 17 6 7 7 3.89065386e-06 6.59496567e-06 outputs/V3.3e25_D300_G10/solution/solution-00075 
 76 1.058354352474e+11 1.392571516413e+09 768 7235 3201 17 6 7 7 4.07083292e-06 6.89916004e-06 outputs/V3.3e25_D300_G10/solution/solution-00076 
 77 1.072280067638e+11 1.392571516413e+09 768 7235 3201 17 6 7 7 4.25932228e-06 7.21737638e-06 outputs/V3.3e25_D300_G10/solution/solution-00077 
 78 1.086205782802e+11 1.392571516413e+09 768 7235 3201 17 6 7 7 4.45650064e-06 7.55025370e-06 outputs/V3.3e25_D300_G10/solution/solution-00078 
 79 1.100131497966e+11 1.392571516413e+09 768 7235 3201 17 6 7 7 4.66276334e-06 7.89845905e-06 outputs/V3.3e25_D300_G10/solution/solution-00079 
 80 1.114057213130e+11 1.392571516413e+09 768 7235 3201 17 6 7 7 4.87852288e-06 8.26268850e-06 outputs/V3.3e25_D300_G10/solution/solution-00080 
 81 1.127982928294e+11 1.392571516413e+09 768 7235 3201 17 5 6 6 5.10420962e-06 8.64366826e-06 outputs/V3.3e25_D300_G10/solution/solution-00081 
 82 1.141908643458e+11 1.392571516413e+09 768 7235 3201 17 5 6 6 5.34027250e-06 9.04215588e-06 outputs/V3.3e25_D300_G10/solution/solution-00082 
 83 1.155834358622e+11 1.392571516413e+09 768 7235 3201 17 5 6 6 5.58717949e-06 9.45894111e-06 outputs/V3.3e25_D300_G10/solution/solution-00083 
 84 1.169760073787e+11 1.392571516413e+09 768 7235 3201 17 5 6 6 5.84541842e-06 9.89484715e-06 outputs/V3.3e25_D300_G10/solution/solution-00084 
 85 1.183685788951e+11 1.392571516413e+09 768 7235 3201 17 5 6 6 6.11549751e-06 1.03507317e-05 outputs/V3.3e25_D300_G10/solution/solution-00085 
 86 1.197611504115e+11 1.392571516413e+09 768 7235 3201 17 5 6 6 6.39794606e-06 1.08274882e-05 outputs/V3.3e25_D300_G10/solution/solution-00086 
 87 1.211537219279e+11 1.392571516413e+09 768 7235 3201 17 5 6 6 6.69331505e-06 1.13260464e-05 outputs/V3.3e25_D300_G10/solution/solution-00087 
 88 1.225462934443e+11 1.392571516413e+09 768 7235 3201 17 5 6 6 7.00217774e-06 1.18473739e-05 outputs/V3.3e25_D300_G10/solution/solution-00088 
 89 1.239388649607e+11 1.392571516413e+09 768 7235 3201 17 5 6 6 7.32513020e-06 1.23924771e-05 outputs/V3.3e25_D300_G10/solution/solution-00089 
 90 1.253314364771e+11 1.392571516413e+09 768 7235 3201 17 5 6 6 7.66279191e-06 1.29624014e-05 outputs/V3.3e25_D300_G10/solution/solution-00090 
 91 1.267240079935e+11 1.392571516413e+09 768 7235 3201 17 5 6 6 8.01580614e-06 1.35582330e-05 outputs/V3.3e25_D300_G10/solution/solution-00091 
 92 1.281165795100e+11 1.392571516413e+09 768 7235 3201 17 5 6 6 8.38484044e-06 1.41810988e-05 outputs/V3.3e25_D300_G10/solution/solution-00092 
 93 1.295091510264e+11 1.392571516413e+09 768 7235 3201 17 5 6 6 8.77058692e-06 1.48321675e-05 outputs/V3.3e25_D300_G10/solution/solution-00093 
 94 1.309017225428e+11 1.392571516413e+09 768 7235 3201 17 5 6 6 9.17376254e-06 1.55126498e-05 outputs/V3.3e25_D300_G10/solution/solution-00094 
 95 1.322942940592e+11 1.392571516413e+09 768 7235 3201 17 5 6 6 9.59510918e-06 1.62237986e-05 outputs/V3.3e25_D300_G10/solution/solution-00095 
 96 1.336868655756e+11 1.392571516413e+09 768 7235 3201 17 5 6 6 1.00353937e-05 1.69669091e-05 outputs/V3.3e25_D300_G10/solution/solution-00096 
 97 1.350794370920e+11 1.392571516413e+09 768 7235 3201 17 5 6 6 1.04954077e-05 1.77433186e-05 outputs/V3.3e25_D300_G10/solution/solution-00097 
 98 1.364720086084e+11 1.392571516413e+09 768 7235 3201 17 5 6 6 1.09759672e-05 1.85544058e-05 outputs/V3.3e25_D300_G10/solution/solution-00098 
 99 1.378645801248e+11 1.392571516413e+09 768 7235 3201 17 5 6 6 1.14779121e-05 1.94015900e-05 outputs/V3.3e25_D300_G10/solution/solution-00099 
100 1.392571516413e+11 1.392571516413e+09 768 7235 3201 17 5 6 6 1.20021054e-05 2.02863297e-05 outputs/V3.3e25_D300_G10/solution/solution-00100 
