# 1: Time step number
# 2: Time (years)
# 3: Time step size (years)
# 4: Number of mesh cells
# 5: Number of Stokes degrees of freedom
# 6: Number of temperature degrees of freedom
# 7: Iterations for temperature solver
# 8: Iterations for Stokes solver
# 9: Velocity iterations in Stokes preconditioner
# 10: Schur complement iterations in Stokes preconditioner
# 11: RMS velocity (m/year)
# 12: Max. velocity (m/year)
# 13: Visualization file name
  0 0.000000000000e+00 0.000000000000e+00 768 7235 3201  0 8 9 9 2.81070320e-08 4.98716801e-08 outputs/V3.3e26_D30_G14/solution/solution-00000 
  1 1.392571516413e+09 1.392571516413e+09 768 7235 3201 32 8 9 9 2.66384685e-08 4.50139188e-08 outputs/V3.3e26_D30_G14/solution/solution-00001 
  2 2.785143032825e+09 1.392571516413e+09 768 7235 3201 25 8 9 9 2.53072477e-08 4.27724800e-08 outputs/V3.3e26_D30_G14/solution/solution-00002 
  3 4.177714549238e+09 1.392571516413e+09 768 7235 3201 24 8 9 9 2.40846060e-08 4.07602149e-08 outputs/V3.3e26_D30_G14/solution/solution-00003 
  4 5.570286065650e+09 1.392571516413e+09 768 7235 3201 23 8 9 9 2.29480980e-08 3.88892455e-08 outputs/V3.3e26_D30_G14/solution/solution-00004 
  5 6.962857582063e+09 1.392571516413e+09 768 7235 3201 23 8 9 9 2.18896854e-08 3.71432172e-08 outputs/V3.3e26_D30_G14/solution/solution-00005 
  6 8.355429098476e+09 1.392571516413e+09 768 7235 3201 22 8 9 9 2.09007938e-08 3.55067111e-08 outputs/V3.3e26_D30_G14/solution/solution-00006 
  7 9.748000614888e+09 1.392571516413e+09 768 7235 3201 21 8 9 9 1.99737784e-08 3.39668061e-08 outputs/V3.3e26_D30_G14/solution/solution-00007 
  8 1.114057213130e+10 1.392571516413e+09 768 7235 3201 21 8 9 9 1.91020485e-08 3.25129716e-08 outputs/V3.3e26_D30_G14/solution/solution-00008 
  9 1.253314364771e+10 1.392571516413e+09 768 7235 3201 21 8 9 9 1.82799912e-08 3.11366176e-08 outputs/V3.3e26_D30_G14/solution/solution-00009 
 10 1.392571516413e+10 1.392571516413e+09 768 7235 3201 20 8 9 9 1.75028375e-08 2.98306612e-08 outputs/V3.3e26_D30_G14/solution/solution-00010 
 11 1.531828668054e+10 1.392571516413e+09 768 7235 3201 20 8 9 9 1.67665247e-08 2.85891838e-08 outputs/V3.3e26_D30_G14/solution/solution-00011 
 12 1.671085819695e+10 1.392571516413e+09 768 7235 3201 20 8 9 9 1.60675752e-08 2.74071719e-08 outputs/V3.3e26_D30_G14/solution/solution-00012 
 13 1.810342971336e+10 1.392571516413e+09 768 7235 3201 20 8 9 9 1.54029938e-08 2.62803245e-08 outputs/V3.3e26_D30_G14/solution/solution-00013 
 14 1.949600122978e+10 1.392571516413e+09 768 7235 3201 20 8 9 9 1.47701849e-08 2.52049080e-08 outputs/V3.3e26_D30_G14/solution/solution-00014 
 15 2.088857274619e+10 1.392571516413e+09 768 7235 3201 20 8 9 9 1.41668833e-08 2.41776466e-08 outputs/V3.3e26_D30_G14/solution/solution-00015 
 16 2.228114426260e+10 1.392571516413e+09 768 7235 3201 19 8 9 9 1.35910991e-08 2.31956372e-08 outputs/V3.3e26_D30_G14/solution/solution-00016 
 17 2.367371577901e+10 1.392571516413e+09 768 7235 3201 19 8 9 9 1.30410718e-08 2.22562843e-08 outputs/V3.3e26_D30_G14/solution/solution-00017 
 18 2.506628729543e+10 1.392571516413e+09 768 7235 3201 19 8 9 9 1.25152339e-08 2.13572481e-08 outputs/V3.3e26_D30_G14/solution/solution-00018 
 19 2.645885881184e+10 1.392571516413e+09 768 7235 3201 19 8 9 9 1.20121800e-08 2.04964035e-08 outputs/V3.3e26_D30_G14/solution/solution-00019 
 20 2.785143032825e+10 1.392571516413e+09 768 7235 3201 19 8 9 9 1.15306422e-08 1.96718074e-08 outputs/V3.3e26_D30_G14/solution/solution-00020 
 21 2.924400184466e+10 1.392571516413e+09 768 7235 3201 19 8 9 9 1.10694696e-08 1.88816724e-08 outputs/V3.3e26_D30_G14/solution/solution-00021 
 22 3.063657336108e+10 1.392571516413e+09 768 7235 3201 19 8 9 9 1.06276115e-08 1.81243456e-08 outputs/V3.3e26_D30_G14/solution/solution-00022 
 23 3.202914487749e+10 1.392571516413e+09 768 7235 3201 19 8 9 9 1.02041035e-08 1.73982905e-08 outputs/V3.3e26_D30_G14/solution/solution-00023 
 24 3.342171639390e+10 1.392571516413e+09 768 7235 3201 19 8 9 9 9.79805569e-09 1.67020735e-08 outputs/V3.3e26_D30_G14/solution/solution-00024 
 25 3.481428791032e+10 1.392571516413e+09 768 7235 3201 19 8 9 9 9.40864350e-09 1.60343514e-08 outputs/V3.3e26_D30_G14/solution/solution-00025 
 26 3.620685942673e+10 1.392571516413e+09 768 7235 3201 18 8 9 9 9.03509934e-09 1.53938616e-08 outputs/V3.3e26_D30_G14/solution/solution-00026 
 27 3.759943094314e+10 1.392571516413e+09 768 7235 3201 18 8 9 9 8.67670599e-09 1.47794141e-08 outputs/V3.3e26_D30_G14/solution/solution-00027 
 28 3.899200245955e+10 1.392571516413e+09 768 7235 3201 18 8 9 9 8.33279106e-09 1.41898844e-08 outputs/V3.3e26_D30_G14/solution/solution-00028 
 29 4.038457397597e+10 1.392571516413e+09 768 7235 3201 18 8 9 9 8.00272216e-09 1.36242075e-08 outputs/V3.3e26_D30_G14/solution/solution-00029 
 30 4.177714549238e+10 1.392571516413e+09 768 7235 3201 18 8 9 9 7.68590292e-09 1.30813729e-08 outputs/V3.3e26_D30_G14/solution/solution-00030 
 31 4.316971700879e+10 1.392571516413e+09 768 7235 3201 18 8 9 9 7.38176956e-09 1.25604202e-08 outputs/V3.3e26_D30_G14/solution/solution-00031 
 32 4.456228852520e+10 1.392571516413e+09 768 7235 3201 18 8 9 9 7.08978797e-09 1.20604357e-08 outputs/V3.3e26_D30_G14/solution/solution-00032 
 33 4.595486004162e+10 1.392571516413e+09 768 7235 3201 18 8 9 9 6.80945120e-09 1.15805485e-08 outputs/V3.3e26_D30_G14/solution/solution-00033 
 34 4.734743155803e+10 1.392571516413e+09 768 7235 3201 18 8 9 9 6.54027729e-09 1.11199280e-08 outputs/V3.3e26_D30_G14/solution/solution-00034 
 35 4.874000307444e+10 1.392571516413e+09 768 7235 3201 18 8 9 9 6.28180738e-09 1.06777815e-08 outputs/V3.3e26_D30_G14/solution/solution-00035 
 36 5.013257459085e+10 1.392571516413e+09 768 7235 3201 18 8 9 9 6.03360406e-09 1.02533514e-08 outputs/V3.3e26_D30_G14/solution/solution-00036 
 37 5.152514610727e+10 1.392571516413e+09 768 7235 3201 18 8 9 9 5.79524992e-09 9.84591373e-09 outputs/V3.3e26_D30_G14/solution/solution-00037 
 38 5.291771762368e+10 1.392571516413e+09 768 7235 3201 18 8 9 9 5.56634627e-09 9.45477584e-09 outputs/V3.3e26_D30_G14/solution/solution-00038 
 39 5.431028914009e+10 1.392571516413e+09 768 7235 3201 18 8 9 9 5.34651198e-09 9.07927499e-09 outputs/V3.3e26_D30_G14/solution/solution-00039 
 40 5.570286065650e+10 1.392571516413e+09 768 7235 3201 18 8 9 9 5.13538246e-09 8.71877672e-09 outputs/V3.3e26_D30_G14/solution/solution-00040 
 41 5.709543217292e+10 1.392571516413e+09 768 7235 3201 18 8 9 9 4.93260874e-09 8.37267340e-09 outputs/V3.3e26_D30_G14/solution/solution-00041 
 42 5.848800368933e+10 1.392571516413e+09 768 7235 3201 18 8 9 9 4.73785664e-09 8.04038301e-09 outputs/V3.3e26_D30_G14/solution/solution-00042 
 43 5.988057520574e+10 1.392571516413e+09 768 7235 3201 18 8 9 9 4.55080598e-09 7.72134785e-09 outputs/V3.3e26_D30_G14/solution/solution-00043 
 44 6.127314672215e+10 1.392571516413e+09 768 7235 3201 18 8 9 9 4.37114987e-09 7.41503343e-09 outputs/V3.3e26_D30_G14/solution/solution-00044 
 45 6.266571823857e+10 1.392571516413e+09 768 7235 3201 17 8 9 9 4.19859411e-09 7.12092741e-09 outputs/V3.3e26_D30_G14/solution/solution-00045 
 46 6.405828975498e+10 1.392571516413e+09 768 7235 3201 17 8 9 9 4.03285655e-09 6.83853860e-09 outputs/V3.3e26_D30_G14/solution/solution-00046 
 47 6.545086127139e+10 1.392571516413e+09 768 7235 3201 17 8 9 9 3.87366651e-09 6.56739599e-09 outputs/V3.3e26_D30_G14/solution/solution-00047 
 48 6.684343278781e+10 1.392571516413e+09 768 7235 3201 17 8 9 9 3.72076433e-09 6.30704794e-09 outputs/V3.3e26_D30_G14/solution/solution-00048 
 49 6.823600430422e+10 1.392571516413e+09 768 7235 3201 17 8 9 9 3.57390081e-09 6.05706125e-09 outputs/V3.3e26_D30_G14/solution/solution-00049 
 50 6.962857582063e+10 1.392571516413e+09 768 7235 3201 17 8 9 9 3.43283680e-09 5.81702042e-09 outputs/V3.3e26_D30_G14/solution/solution-00050 
 51 7.102114733704e+10 1.392571516413e+09 768 7235 3201 17 8 9 9 3.29734275e-09 5.58652689e-09 outputs/V3.3e26_D30_G14/solution/solution-00051 
 52 7.241371885346e+10 1.392571516413e+09 768 7235 3201 17 8 9 9 3.16719829e-09 5.36519831e-09 outputs/V3.3e26_D30_G14/solution/solution-00052 
 53 7.380629036987e+10 1.392571516413e+09 768 7235 3201 17 8 9 9 3.04219186e-09 5.15266785e-09 outputs/V3.3e26_D30_G14/solution/solution-00053 
 54 7.519886188628e+10 1.392571516413e+09 768 7235 3201 17 8 9 9 2.92212033e-09 4.94858355e-09 outputs/V3.3e26_D30_G14/solution/solution-00054 
 55 7.659143340269e+10 1.392571516413e+09 768 7235 3201 17 8 9 9 2.80678866e-09 4.75260771e-09 outputs/V3.3e26_D30_G14/solution/solution-00055 
 56 7.798400491911e+10 1.392571516413e+09 768 7235 3201 17 8 9 9 2.69600956e-09 4.56441632e-09 outputs/V3.3e26_D30_G14/solution/solution-00056 
 57 7.937657643552e+10 1.392571516413e+09 768 7235 3201 17 8 9 9 2.58960318e-09 4.38369841e-09 outputs/V3.3e26_D30_G14/solution/solution-00057 
 58 8.076914795193e+10 1.392571516413e+09 768 7235 3201 17 8 9 9 2.48739680e-09 4.21015560e-09 outputs/V3.3e26_D30_G14/solution/solution-00058 
 59 8.216171946834e+10 1.392571516413e+09 768 7235 3201 17 8 9 9 2.38922456e-09 4.04350154e-09 outputs/V3.3e26_D30_G14/solution/solution-00059 
 60 8.355429098476e+10 1.392571516413e+09 768 7235 3201 17 8 9 9 2.29492715e-09 3.88346141e-09 outputs/V3.3e26_D30_G14/solution/solution-00060 
 61 8.494686250117e+10 1.392571516413e+09 768 7235 3201 17 8 9 9 2.20435158e-09 3.72977146e-09 outputs/V3.3e26_D30_G14/solution/solution-00061 
 62 8.633943401758e+10 1.392571516413e+09 768 7235 3201 17 8 9 9 2.11735091e-09 3.58217856e-09 outputs/V3.3e26_D30_G14/solution/solution-00062 
 63 8.773200553399e+10 1.392571516413e+09 768 7235 3201 17 8 9 9 2.03378401e-09 3.44043973e-09 outputs/V3.3e26_D30_G14/solution/solution-00063 
 64 8.912457705041e+10 1.392571516413e+09 768 7235 3201 17 8 9 9 1.95351533e-09 3.30432179e-09 outputs/V3.3e26_D30_G14/solution/solution-00064 
 65 9.051714856682e+10 1.392571516413e+09 768 7235 3201 17 8 9 9 1.87641468e-09 3.17360090e-09 outputs/V3.3e26_D30_G14/solution/solution-00065 
 66 9.190972008323e+10 1.392571516413e+09 768 7235 3201 17 8 9 9 1.80235700e-09 3.04806220e-09 outputs/V3.3e26_D30_G14/solution/solution-00066 
 67 9.330229159964e+10 1.392571516413e+09 768 7235 3201 17 8 9 9 1.73122219e-09 2.92749945e-09 outputs/V3.3e26_D30_G14/solution/solution-00067 
 68 9.469486311606e+10 1.392571516413e+09 768 7235 3201 17 8 9 9 1.66289488e-09 2.81171469e-09 outputs/V3.3e26_D30_G14/solution/solution-00068 
 69 9.608743463247e+10 1.392571516413e+09 768 7235 3201 17 8 9 9 1.59726426e-09 2.70051788e-09 outputs/V3.3e26_D30_G14/solution/solution-00069 
 70 9.748000614888e+10 1.392571516413e+09 768 7235 3201 17 8 9 9 1.53422390e-09 2.59372658e-09 outputs/V3.3e26_D30_G14/solution/solution-00070 
 71 9.887257766530e+10 1.392571516413e+09 768 7235 3201 16 8 9 9 1.47367157e-09 2.49116568e-09 outputs/V3.3e26_D30_G14/solution/solution-00071 
 72 1.002651491817e+11 1.392571516413e+09 768 7235 3201 16 8 9 9 1.41550908e-09 2.39266704e-09 outputs/V3.3e26_D30_G14/solution/solution-00072 
 73 1.016577206981e+11 1.392571516413e+09 768 7235 3201 16 8 9 9 1.35964210e-09 2.29806925e-09 outputs/V3.3e26_D30_G14/solution/solution-00073 
 74 1.030502922145e+11 1.392571516413e+09 768 7235 3201 16 8 9 9 1.30598003e-09 2.20721736e-09 outputs/V3.3e26_D30_G14/solution/solution-00074 
 75 1.044428637309e+11 1.392571516413e+09 768 7235 3201 16 8 9 9 1.25443586e-09 2.11996260e-09 outputs/V3.3e26_D30_G14/solution/solution-00075 
 76 1.058354352474e+11 1.392571516413e+09 768 7235 3201 16 8 9 9 1.20492599e-09 2.03616215e-09 outputs/V3.3e26_D30_G14/solution/solution-00076 
 77 1.072280067638e+11 1.392571516413e+09 768 7235 3201 16 8 9 9 1.15737014e-09 1.95567888e-09 outputs/V3.3e26_D30_G14/solution/solution-00077 
 78 1.086205782802e+11 1.392571516413e+09 768 7235 3201 16 8 9 9 1.11169120e-09 1.87838115e-09 outputs/V3.3e26_D30_G14/solution/solution-00078 
 79 1.100131497966e+11 1.392571516413e+09 768 7235 3201 16 8 9 9 1.06781508e-09 1.80414255e-09 outputs/V3.3e26_D30_G14/solution/solution-00079 
 80 1.114057213130e+11 1.392571516413e+09 768 7235 3201 16 8 9 9 1.02567064e-09 1.73284172e-09 outputs/V3.3e26_D30_G14/solution/solution-00080 
 81 1.127982928294e+11 1.392571516413e+09 768 7235 3201 16 8 9 9 9.85189531e-10 1.66436213e-09 outputs/V3.3e26_D30_G14/solution/solution-00081 
 82 1.141908643458e+11 1.392571516413e+09 768 7235 3201 16 8 9 9 9.46306112e-10 1.59859189e-09 outputs/V3.3e26_D30_G14/solution/solution-00082 
 83 1.155834358622e+11 1.392571516413e+09 768 7235 3201 16 8 9 9 9.08957324e-10 1.53542357e-09 outputs/V3.3e26_D30_G14/solution/solution-00083 
 84 1.169760073787e+11 1.392571516413e+09 768 7235 3201 16 8 9 9 8.73082604e-10 1.47475404e-09 outputs/V3.3e26_D30_G14/solution/solution-00084 
 85 1.183685788951e+11 1.392571516413e+09 768 7235 3201 16 8 9 9 8.38623772e-10 1.41648423e-09 outputs/V3.3e26_D30_G14/solution/solution-00085 
 86 1.197611504115e+11 1.392571516413e+09 768 7235 3201 16 8 9 9 8.05524949e-10 1.36051905e-09 outputs/V3.3e26_D30_G14/solution/solution-00086 
 87 1.211537219279e+11 1.392571516413e+09 768 7235 3201 16 8 9 9 7.73732460e-10 1.30676717e-09 outputs/V3.3e26_D30_G14/solution/solution-00087 
 88 1.225462934443e+11 1.392571516413e+09 768 7235 3201 16 8 9 9 7.43194748e-10 1.25514091e-09 outputs/V3.3e26_D30_G14/solution/solution-00088 
 89 1.239388649607e+11 1.392571516413e+09 768 7235 3201 16 8 9 9 7.13862291e-10 1.20555605e-09 outputs/V3.3e26_D30_G14/solution/solution-00089 
 90 1.253314364771e+11 1.392571516413e+09 768 7235 3201 16 8 9 9 6.85687520e-10 1.15793174e-09 outputs/V3.3e26_D30_G14/solution/solution-00090 
 91 1.267240079935e+11 1.392571516413e+09 768 7235 3201 16 8 9 9 6.58624746e-10 1.11219033e-09 outputs/V3.3e26_D30_G14/solution/solution-00091 
 92 1.281165795100e+11 1.392571516413e+09 768 7235 3201 16 8 9 9 6.32630081e-10 1.06825727e-09 outputs/V3.3e26_D30_G14/solution/solution-00092 
 93 1.295091510264e+11 1.392571516413e+09 768 7235 3201 16 8 9 9 6.07661370e-10 1.02606096e-09 outputs/V3.3e26_D30_G14/solution/solution-00093 
 94 1.309017225428e+11 1.392571516413e+09 768 7235 3201 16 8 9 9 5.83678122e-10 9.85532630e-10 outputs/V3.3e26_D30_G14/solution/solution-00094 
 95 1.322942940592e+11 1.392571516413e+09 768 7235 3201 16 8 9 9 5.60641441e-10 9.46606265e-10 outputs/V3.3e26_D30_G14/solution/solution-00095 
 96 1.336868655756e+11 1.392571516413e+09 768 7235 3201 15 8 9 9 5.38513978e-10 9.09218472e-10 outputs/V3.3e26_D30_G14/solution/solution-00096 
 97 1.350794370920e+11 1.392571516413e+09 768 7235 3201 15 8 9 9 5.17259842e-10 8.73308347e-10 outputs/V3.3e26_D30_G14/solution/solution-00097 
 98 1.364720086084e+11 1.392571516413e+09 768 7235 3201 15 8 9 9 4.96844565e-10 8.38817412e-10 outputs/V3.3e26_D30_G14/solution/solution-00098 
 99 1.378645801248e+11 1.392571516413e+09 768 7235 3201 15 8 9 9 4.77235037e-10 8.05689513e-10 outputs/V3.3e26_D30_G14/solution/solution-00099 
100 1.392571516413e+11 1.392571516413e+09 768 7235 3201 15 8 9 9 4.58399458e-10 7.73870719e-10 outputs/V3.3e26_D30_G14/solution/solution-00100 
