# 1: Time step number
# 2: Time (years)
# 3: Time step size (years)
# 4: Number of mesh cells
# 5: Number of Stokes degrees of freedom
# 6: Number of temperature degrees of freedom
# 7: Iterations for temperature solver
# 8: Iterations for Stokes solver
# 9: Velocity iterations in Stokes preconditioner
# 10: Schur complement iterations in Stokes preconditioner
# 11: RMS velocity (m/year)
# 12: Max. velocity (m/year)
# 13: Visualization file name
  0 0.000000000000e+00 0.000000000000e+00 768 7235 3201  0 8 9 9 9.23737355e-06 1.55846875e-05 outputs/V1e24_D1000_G14/solution/solution-00000 
  1 1.392571516413e+09 1.392571516413e+09 768 7235 3201 25 8 9 9 4.91143466e-05 8.28628561e-05 outputs/V1e24_D1000_G14/solution/solution-00001 
  2 2.523959020645e+09 1.131387504233e+09 768 7235 3201 22 8 9 9 2.61156686e-04 4.40665520e-04 outputs/V1e24_D1000_G14/solution/solution-00002 
  3 2.736705413690e+09 2.127463930451e+08 768 7235 3201 13 8 9 9 4.44885735e-04 7.50785305e-04 outputs/V1e24_D1000_G14/solution/solution-00003 
  4 2.861574666423e+09 1.248692527325e+08 768 7235 3201 11 7 8 8 6.35986928e-04 1.07346524e-03 outputs/V1e24_D1000_G14/solution/solution-00004 
  5 2.948908653869e+09 8.733398744644e+07 768 7235 3201 11 7 8 8 8.26829904e-04 1.39586014e-03 outputs/V1e24_D1000_G14/solution/solution-00005 
  6 3.016071542957e+09 6.716288908812e+07 768 7235 3201 11 7 8 8 1.01512447e-03 1.71412955e-03 outputs/V1e24_D1000_G14/solution/solution-00006 
  7 3.070764025200e+09 5.469248224282e+07 768 7235 3201 10 6 7 7 1.20003490e-03 2.02688179e-03                                              "" 
  8 3.117017339177e+09 4.625331397660e+07 768 7235 3201 11 6 7 7 1.38120259e-03 2.33352398e-03 outputs/V1e24_D1000_G14/solution/solution-00007 
  9 3.157192628026e+09 4.017528884905e+07 768 7235 3201 11 6 7 7 1.55842109e-03 2.63371302e-03                                              "" 
 10 3.192788761420e+09 3.559613339387e+07 768 7235 3201 11 6 7 7 1.73152492e-03 2.92716731e-03                                              "" 
 11 3.224816312329e+09 3.202755090980e+07 768 7235 3201 11 6 7 7 1.90035414e-03 3.21360646e-03 outputs/V1e24_D1000_G14/solution/solution-00008 
 12 3.253989143878e+09 2.917283154870e+07 768 7235 3201 11 6 7 7 2.06474576e-03 3.49273657e-03                                              "" 
 13 3.280830561219e+09 2.684141734079e+07 768 7235 3201 11 6 7 7 2.22453419e-03 3.76425081e-03                                              "" 
 14 3.305735915488e+09 2.490535426912e+07 768 7235 3201 11 6 7 7 2.37955425e-03 4.02783444e-03 outputs/V1e24_D1000_G14/solution/solution-00009 
 15 3.329011450145e+09 2.327553465666e+07 768 7235 3201 11 6 7 7 2.52964433e-03 4.28317036e-03                                              "" 
 16 3.350899442461e+09 2.188799231612e+07 768 7235 3201 11 6 7 7 2.67464919e-03 4.52994413e-03                                              "" 
 17 3.371595061943e+09 2.069561948213e+07 768 7235 3201 12 6 7 7 2.81442212e-03 4.76784800e-03                                              "" 
 18 3.391258020981e+09 1.966295903812e+07 768 7235 3201 12 6 7 7 2.94882655e-03 4.99658430e-03                                              "" 
 19 3.410020838626e+09 1.876281764537e+07 768 7235 3201 12 6 7 7 3.07773720e-03 5.21586803e-03 outputs/V1e24_D1000_G14/solution/solution-00010 
 20 3.427994836321e+09 1.797399769444e+07 768 7235 3201 12 6 7 7 3.20104083e-03 5.42546898e-03                                              "" 
 21 3.445274575517e+09 1.727973919565e+07 768 7235 3201 12 6 7 7 3.31863671e-03 5.62555432e-03                                              "" 
 22 3.461941200581e+09 1.666662506446e+07 768 7235 3201 12 6 7 7 3.43043683e-03 5.81549662e-03                                              "" 
 23 3.478064997106e+09 1.612379652454e+07 768 7235 3201 12 6 7 7 3.53636591e-03 5.99507913e-03                                              "" 
 24 3.493707377824e+09 1.564238071896e+07 768 7235 3201 12 6 7 7 3.63636124e-03 6.16410454e-03 outputs/V1e24_D1000_G14/solution/solution-00011 
 25 3.508922444279e+09 1.521506645494e+07 768 7235 3201 12 6 7 7 3.73037242e-03 6.32239577e-03 outputs/V1e24_D1000_G14/solution/solution-00012 
 26 3.523758189225e+09 1.483574494591e+07 768 7235 3201 12 6 7 7 3.81836075e-03 6.46979639e-03                                              "" 
 27 3.538254472059e+09 1.449628283351e+07 768 7235 3201 12 6 7 7 3.90028223e-03 6.60614383e-03                                              "" 
 28 3.552450066456e+09 1.419559439675e+07 768 7235 3201 12 6 7 7 3.97612422e-03 6.73133234e-03                                              "" 
 29 3.566380132422e+09 1.393006596669e+07 768 7235 3201 12 5 6 6 4.04588473e-03 6.84527947e-03                                              "" 
 30 3.580076772711e+09 1.369664028905e+07 768 7235 3201 12 5 6 6 4.10957176e-03 6.94792629e-03 outputs/V1e24_D1000_G14/solution/solution-00013 
 31 3.593569497799e+09 1.349272508802e+07 768 7235 3201 12 5 6 6 4.16720270e-03 7.03923776e-03                                              "" 
 32 3.606885617647e+09 1.331611984766e+07 768 7235 3201 12 5 6 6 4.21880357e-03 7.11920268e-03 outputs/V1e24_D1000_G14/solution/solution-00014 
 33 3.620050574970e+09 1.316495732324e+07 768 7235 3201 12 5 6 6 4.26440841e-03 7.18818071e-03                                              "" 
 34 3.633088231220e+09 1.303765624931e+07 768 7235 3201 12 5 6 6 4.30405853e-03 7.24739987e-03                                              "" 
 35 3.646021114317e+09 1.293288309700e+07 768 7235 3201 12 5 6 6 4.33780189e-03 7.29542009e-03                                              "" 
 36 3.658870635400e+09 1.284952108364e+07 768 7235 3201 12 5 6 6 4.36569241e-03 7.33230742e-03                                              "" 
 37 3.671657280480e+09 1.278664507958e+07 768 7235 3201 12 5 6 6 4.38778934e-03 7.35815013e-03 outputs/V1e24_D1000_G14/solution/solution-00015 
 38 3.684400781849e+09 1.274350136919e+07 768 7235 3201 12 5 6 6 4.40415663e-03 7.37305824e-03                                              "" 
 39 3.697120273311e+09 1.271949146217e+07 768 7235 3201 12 5 6 6 4.41486240e-03 7.37716291e-03                                              "" 
 40 3.709832673280e+09 1.271239996915e+07 768 7235 3201 12 5 6 6 4.41997801e-03 7.37061733e-03 outputs/V1e24_D1000_G14/solution/solution-00016 
 41 3.722553931205e+09 1.272125792447e+07 768 7235 3201 12 5 6 6 4.41958109e-03 7.35393359e-03                                              "" 
 42 3.735302210585e+09 1.274827938048e+07 768 7235 3201 12 5 6 6 4.41375427e-03 7.32801600e-03                                              "" 
 43 3.748095577847e+09 1.279336726144e+07 768 7235 3201 12 5 6 6 4.40258207e-03 7.29200739e-03                                              "" 
 44 3.760952119951e+09 1.285654210481e+07 768 7235 3201 12 5 6 6 4.38615057e-03 7.24612986e-03                                              "" 
 45 3.773890060868e+09 1.293794091604e+07 768 7235 3201 12 5 6 6 4.36454705e-03 7.19062039e-03 outputs/V1e24_D1000_G14/solution/solution-00017 
 46 3.786927878867e+09 1.303781799939e+07 768 7235 3201 12 5 6 6 4.33785965e-03 7.12647171e-03                                              "" 
 47 3.800084426625e+09 1.315654775802e+07 768 7235 3201 12 5 6 6 4.30617721e-03 7.05385455e-03 outputs/V1e24_D1000_G14/solution/solution-00018 
 48 3.813379056138e+09 1.329462951281e+07 768 7235 3201 12 5 6 6 4.26958908e-03 6.97232604e-03                                              "" 
 49 3.826827817687e+09 1.344876154934e+07 768 7235 3201 12 5 6 6 4.22819772e-03 6.88219023e-03                                              "" 
 50 3.840450308463e+09 1.362249077626e+07 768 7235 3201 12 5 6 6 4.18210082e-03 6.78374731e-03                                              "" 
 51 3.854268092523e+09 1.381778405990e+07 768 7235 3201 12 5 6 6 4.13139335e-03 6.67831791e-03                                              "" 
 52 3.868303786691e+09 1.403569416790e+07 768 7235 3201 12 5 6 6 4.07617044e-03 6.56646468e-03 outputs/V1e24_D1000_G14/solution/solution-00019 
 53 3.882581240862e+09 1.427745417109e+07 768 7235 3201 12 5 6 6 4.01652758e-03 6.44708463e-03                                              "" 
 54 3.897125738761e+09 1.454449789828e+07 768 7235 3201 12 5 6 6 3.95256092e-03 6.32048797e-03                                              "" 
 55 3.911959695164e+09 1.483395640320e+07 768 7235 3201 12 5 6 6 3.88438883e-03 6.18805439e-03 outputs/V1e24_D1000_G14/solution/solution-00020 
 56 3.927109852880e+09 1.515015771661e+07 768 7235 3201 12 6 7 7 3.81212241e-03 6.04953383e-03                                              "" 
 57 3.942606914739e+09 1.549706185841e+07 768 7235 3201 12 6 7 7 3.73586667e-03 5.90518799e-03                                              "" 
 58 3.958484032833e+09 1.587711809424e+07 768 7235 3201 12 6 7 7 3.65572899e-03 5.75597407e-03                                              "" 
 59 3.974774220859e+09 1.629018802610e+07 768 7235 3201 12 6 7 7 3.57183528e-03 5.60105760e-03                                              "" 
 60 3.991510872447e+09 1.673665158774e+07 768 7235 3201 12 6 7 7 3.48433141e-03 5.44234710e-03 outputs/V1e24_D1000_G14/solution/solution-00021 
 61 4.008736220222e+09 1.722534777549e+07 768 7235 3201 12 6 7 7 3.39334192e-03 5.27978565e-03 outputs/V1e24_D1000_G14/solution/solution-00022 
 62 4.026495819180e+09 1.775959895772e+07 768 7235 3201 12 6 7 7 3.29900177e-03 5.11336635e-03                                              "" 
 63 4.044830120611e+09 1.833430143073e+07 768 7235 3201 12 6 7 7 3.20150570e-03 4.98321564e-03                                              "" 
 64 4.063643273977e+09 1.881315336592e+07 768 7235 3201 12 6 7 7 3.10180357e-03 4.90513371e-03                                              "" 
 65 4.082755902808e+09 1.911262883093e+07 768 7235 3201 11 6 7 7 3.00129045e-03 4.82322264e-03                                              "" 
 66 4.102197469097e+09 1.944156628971e+07 768 7235 3201 11 6 7 7 2.90024375e-03 4.73682238e-03 outputs/V1e24_D1000_G14/solution/solution-00023 
 67 4.121998788710e+09 1.980131961255e+07 768 7235 3201 11 6 7 7 2.79892884e-03 4.64601906e-03                                              "" 
 68 4.142192185946e+09 2.019339723633e+07 768 7235 3201 11 6 7 7 2.69759942e-03 4.55112705e-03                                              "" 
 69 4.162811656763e+09 2.061947081650e+07 768 7235 3201 11 6 7 7 2.59649833e-03 4.45247021e-03                                              "" 
 70 4.183893039856e+09 2.108138309341e+07 768 7235 3201 11 6 7 7 2.49585841e-03 4.35038124e-03                                              "" 
 71 4.205466391736e+09 2.157335187985e+07 768 7235 3201 11 6 7 7 2.39593870e-03 4.24523898e-03 outputs/V1e24_D1000_G14/solution/solution-00024 
 72 4.227569686818e+09 2.210329508205e+07 768 7235 3201 11 6 7 7 2.29695962e-03 4.13740158e-03                                              "" 
 73 4.250244588365e+09 2.267490154694e+07 768 7235 3201 11 6 7 7 2.19912627e-03 4.02722605e-03                                              "" 
 74 4.273535146396e+09 2.329055803101e+07 768 7235 3201 10 6 7 7 2.10263600e-03 3.91507435e-03                                              "" 
 75 4.297487970285e+09 2.395282388892e+07 768 7235 3201 10 6 7 7 2.00767866e-03 3.80131231e-03                                              "" 
 76 4.322152401148e+09 2.466443086294e+07 768 7235 3201 10 6 7 7 1.91443674e-03 3.68630838e-03 outputs/V1e24_D1000_G14/solution/solution-00025 
 77 4.347580681547e+09 2.542828039889e+07 768 7235 3201 10 6 7 7 1.82308537e-03 3.57043225e-03                                              "" 
 78 4.373828119344e+09 2.624743779721e+07 768 7235 3201 10 6 7 7 1.73379220e-03 3.45405333e-03                                              "" 
 79 4.400953241712e+09 2.712512236780e+07 768 7235 3201 10 6 7 7 1.64671706e-03 3.33753911e-03 outputs/V1e24_D1000_G14/solution/solution-00026 
 80 4.429017934336e+09 2.806469262466e+07 768 7235 3201 10 6 7 7 1.56201158e-03 3.22265181e-03                                              "" 
 81 4.458087559762e+09 2.906962542604e+07 768 7235 3201 10 6 7 7 1.47981864e-03 3.10883840e-03                                              "" 
 82 4.488231047610e+09 3.014348784794e+07 768 7235 3201  9 6 7 7 1.40027164e-03 2.99596570e-03                                              "" 
 83 4.519520948097e+09 3.128990048671e+07 768 7235 3201  9 6 7 7 1.32349375e-03 2.88437478e-03 outputs/V1e24_D1000_G14/solution/solution-00027 
 84 4.552033438939e+09 3.251249084218e+07 768 7235 3201  9 6 7 7 1.24959691e-03 2.77439353e-03                                              "" 
 85 4.585848274399e+09 3.381483545972e+07 768 7235 3201  9 6 7 7 1.17868085e-03 2.66633466e-03                                              "" 
 86 4.621047867257e+09 3.519959285770e+07 768 7235 3201  9 6 7 7 1.11083341e-03 2.56049602e-03 outputs/V1e24_D1000_G14/solution/solution-00028 
 87 4.657680571240e+09 3.663270398282e+07 768 7235 3201  9 6 7 7 1.04619000e-03 2.45756843e-03                                              "" 
 88 4.695828033942e+09 3.814746270268e+07 768 7235 3201  9 6 7 7 9.84800856e-04 2.35877093e-03                                              "" 
 89 4.735573309198e+09 3.974527525533e+07 768 7235 3201  9 5 6 6 9.26698554e-04 2.26301999e-03 outputs/V1e24_D1000_G14/solution/solution-00029 
 90 4.777000252152e+09 4.142694295424e+07 768 7235 3201  9 5 6 6 8.71897078e-04 2.17051336e-03                                              "" 
 91 4.820192798907e+09 4.319254675530e+07 768 7235 3201  8 5 6 6 8.20390950e-04 2.08211714e-03 outputs/V1e24_D1000_G14/solution/solution-00030 
 92 4.865234134874e+09 4.504133596709e+07 768 7235 3201  8 5 6 6 7.72154897e-04 1.99826757e-03                                              "" 
 93 4.912205751595e+09 4.697161672132e+07 768 7235 3201  8 5 6 6 7.27143782e-04 1.91801755e-03 outputs/V1e24_D1000_G14/solution/solution-00031 
 94 4.961121291657e+09 4.891554006166e+07 768 7235 3201  8 5 6 6 6.85345085e-04 1.84154507e-03                                              "" 
 95 5.012030412733e+09 5.090912107538e+07 768 7235 3201  8 5 6 6 6.46675700e-04 1.76891148e-03 outputs/V1e24_D1000_G14/solution/solution-00032 
 96 5.064989691594e+09 5.295927886168e+07 768 7235 3201  8 5 6 6 6.11023010e-04 1.70154656e-03                                              "" 
 97 5.120048901773e+09 5.505921017930e+07 768 7235 3201  8 5 6 6 5.78259847e-04 1.63910429e-03 outputs/V1e24_D1000_G14/solution/solution-00033 
 98 5.177250026060e+09 5.720112428661e+07 768 7235 3201  8 5 6 6 5.48247065e-04 1.58029316e-03                                              "" 
 99 5.236626342240e+09 5.937631617974e+07 768 7235 3201  8 5 6 6 5.20836477e-04 1.52505367e-03 outputs/V1e24_D1000_G14/solution/solution-00034 
100 5.298163594720e+09 6.153725248037e+07 768 7235 3201  8 5 6 6 4.95888273e-04 1.47333865e-03                                              "" 
