# 1: Time step number
# 2: Time (years)
# 3: Time step size (years)
# 4: Number of mesh cells
# 5: Number of Stokes degrees of freedom
# 6: Number of temperature degrees of freedom
# 7: Iterations for temperature solver
# 8: Iterations for Stokes solver
# 9: Velocity iterations in Stokes preconditioner
# 10: Schur complement iterations in Stokes preconditioner
# 11: RMS velocity (m/year)
# 12: Max. velocity (m/year)
# 13: Visualization file name
  0 0.000000000000e+00 0.000000000000e+00 768 7235 3201  0 8 9 9 5.28980281e-08 9.08996013e-08 outputs/V1e26_D300_G8/solution/solution-00000 
  1 1.392571516413e+09 1.392571516413e+09 768 7235 3201 31 8 9 9 5.06160174e-08 8.54477865e-08 outputs/V1e26_D300_G8/solution/solution-00001 
  2 2.785143032825e+09 1.392571516413e+09 768 7235 3201 25 8 9 9 4.85167792e-08 8.20593668e-08 outputs/V1e26_D300_G8/solution/solution-00002 
  3 4.177714549238e+09 1.392571516413e+09 768 7235 3201 24 8 9 9 4.65909245e-08 7.89389668e-08 outputs/V1e26_D300_G8/solution/solution-00003 
  4 5.570286065650e+09 1.392571516413e+09 768 7235 3201 23 8 9 9 4.48145588e-08 7.60643377e-08 outputs/V1e26_D300_G8/solution/solution-00004 
  5 6.962857582063e+09 1.392571516413e+09 768 7235 3201 22 8 9 9 4.31718665e-08 7.34000795e-08 outputs/V1e26_D300_G8/solution/solution-00005 
  6 8.355429098476e+09 1.392571516413e+09 768 7235 3201 22 8 9 9 4.16457571e-08 7.09136864e-08 outputs/V1e26_D300_G8/solution/solution-00006 
  7 9.748000614888e+09 1.392571516413e+09 768 7235 3201 21 8 9 9 4.02208744e-08 6.85786214e-08 outputs/V1e26_D300_G8/solution/solution-00007 
  8 1.114057213130e+10 1.392571516413e+09 768 7235 3201 21 8 9 9 3.88840769e-08 6.63738586e-08 outputs/V1e26_D300_G8/solution/solution-00008 
  9 1.253314364771e+10 1.392571516413e+09 768 7235 3201 20 8 9 9 3.76243226e-08 6.42827580e-08 outputs/V1e26_D300_G8/solution/solution-00009 
 10 1.392571516413e+10 1.392571516413e+09 768 7235 3201 20 8 9 9 3.64323872e-08 6.22920320e-08 outputs/V1e26_D300_G8/solution/solution-00010 
 11 1.531828668054e+10 1.392571516413e+09 768 7235 3201 20 8 9 9 3.53005674e-08 6.03909436e-08 outputs/V1e26_D300_G8/solution/solution-00011 
 12 1.671085819695e+10 1.392571516413e+09 768 7235 3201 20 8 9 9 3.42224154e-08 5.85707101e-08 outputs/V1e26_D300_G8/solution/solution-00012 
 13 1.810342971336e+10 1.392571516413e+09 768 7235 3201 20 8 9 9 3.31925154e-08 5.68240634e-08 outputs/V1e26_D300_G8/solution/solution-00013 
 14 1.949600122978e+10 1.392571516413e+09 768 7235 3201 19 8 9 9 3.22062997e-08 5.51449227e-08 outputs/V1e26_D300_G8/solution/solution-00014 
 15 2.088857274619e+10 1.392571516413e+09 768 7235 3201 19 8 9 9 3.12598987e-08 5.35281486e-08 outputs/V1e26_D300_G8/solution/solution-00015 
 16 2.228114426260e+10 1.392571516413e+09 768 7235 3201 19 8 9 9 3.03500180e-08 5.19693549e-08 outputs/V1e26_D300_G8/solution/solution-00016 
 17 2.367371577901e+10 1.392571516413e+09 768 7235 3201 19 8 9 9 2.94738386e-08 5.04647642e-08 outputs/V1e26_D300_G8/solution/solution-00017 
 18 2.506628729543e+10 1.392571516413e+09 768 7235 3201 19 8 9 9 2.86289350e-08 4.90110937e-08 outputs/V1e26_D300_G8/solution/solution-00018 
 19 2.645885881184e+10 1.392571516413e+09 768 7235 3201 19 8 9 9 2.78132091e-08 4.76054667e-08 outputs/V1e26_D300_G8/solution/solution-00019 
 20 2.785143032825e+10 1.392571516413e+09 768 7235 3201 19 8 9 9 2.70248343e-08 4.62453415e-08 outputs/V1e26_D300_G8/solution/solution-00020 
 21 2.924400184466e+10 1.392571516413e+09 768 7235 3201 19 8 9 9 2.62622115e-08 4.49284543e-08 outputs/V1e26_D300_G8/solution/solution-00021 
 22 3.063657336108e+10 1.392571516413e+09 768 7235 3201 18 8 9 9 2.55239314e-08 4.36527740e-08 outputs/V1e26_D300_G8/solution/solution-00022 
 23 3.202914487749e+10 1.392571516413e+09 768 7235 3201 18 8 9 9 2.48087440e-08 4.24164645e-08 outputs/V1e26_D300_G8/solution/solution-00023 
 24 3.342171639390e+10 1.392571516413e+09 768 7235 3201 18 8 9 9 2.41155336e-08 4.12178549e-08 outputs/V1e26_D300_G8/solution/solution-00024 
 25 3.481428791032e+10 1.392571516413e+09 768 7235 3201 18 8 9 9 2.34432976e-08 4.00554147e-08 outputs/V1e26_D300_G8/solution/solution-00025 
 26 3.620685942673e+10 1.392571516413e+09 768 7235 3201 18 8 9 9 2.27911294e-08 3.89277336e-08 outputs/V1e26_D300_G8/solution/solution-00026 
 27 3.759943094314e+10 1.392571516413e+09 768 7235 3201 18 8 9 9 2.21582039e-08 3.78335045e-08 outputs/V1e26_D300_G8/solution/solution-00027 
 28 3.899200245955e+10 1.392571516413e+09 768 7235 3201 18 8 9 9 2.15437654e-08 3.67715100e-08 outputs/V1e26_D300_G8/solution/solution-00028 
 29 4.038457397597e+10 1.392571516413e+09 768 7235 3201 18 8 9 9 2.09471182e-08 3.57406106e-08 outputs/V1e26_D300_G8/solution/solution-00029 
 30 4.177714549238e+10 1.392571516413e+09 768 7235 3201 18 8 9 9 2.03676176e-08 3.47397354e-08 outputs/V1e26_D300_G8/solution/solution-00030 
 31 4.316971700879e+10 1.392571516413e+09 768 7235 3201 18 8 9 9 1.98046634e-08 3.37678739e-08 outputs/V1e26_D300_G8/solution/solution-00031 
 32 4.456228852520e+10 1.392571516413e+09 768 7235 3201 18 8 9 9 1.92576942e-08 3.28240691e-08 outputs/V1e26_D300_G8/solution/solution-00032 
 33 4.595486004162e+10 1.392571516413e+09 768 7235 3201 18 8 9 9 1.87261821e-08 3.19074123e-08 outputs/V1e26_D300_G8/solution/solution-00033 
 34 4.734743155803e+10 1.392571516413e+09 768 7235 3201 18 8 9 9 1.82096293e-08 3.10170380e-08 outputs/V1e26_D300_G8/solution/solution-00034 
 35 4.874000307444e+10 1.392571516413e+09 768 7235 3201 18 8 9 9 1.77075638e-08 3.01521200e-08 outputs/V1e26_D300_G8/solution/solution-00035 
 36 5.013257459085e+10 1.392571516413e+09 768 7235 3201 18 8 9 9 1.72195376e-08 2.93118677e-08 outputs/V1e26_D300_G8/solution/solution-00036 
 37 5.152514610727e+10 1.392571516413e+09 768 7235 3201 18 8 9 9 1.67451231e-08 2.84955232e-08 outputs/V1e26_D300_G8/solution/solution-00037 
 38 5.291771762368e+10 1.392571516413e+09 768 7235 3201 17 8 9 9 1.62839122e-08 2.77023592e-08 outputs/V1e26_D300_G8/solution/solution-00038 
 39 5.431028914009e+10 1.392571516413e+09 768 7235 3201 17 8 9 9 1.58355134e-08 2.69316760e-08 outputs/V1e26_D300_G8/solution/solution-00039 
 40 5.570286065650e+10 1.392571516413e+09 768 7235 3201 17 8 9 9 1.53995514e-08 2.61828002e-08 outputs/V1e26_D300_G8/solution/solution-00040 
 41 5.709543217292e+10 1.392571516413e+09 768 7235 3201 17 8 9 9 1.49756649e-08 2.54550827e-08 outputs/V1e26_D300_G8/solution/solution-00041 
 42 5.848800368933e+10 1.392571516413e+09 768 7235 3201 17 8 9 9 1.45635061e-08 2.47478976e-08 outputs/V1e26_D300_G8/solution/solution-00042 
 43 5.988057520574e+10 1.392571516413e+09 768 7235 3201 17 8 9 9 1.41627396e-08 2.40606402e-08 outputs/V1e26_D300_G8/solution/solution-00043 
 44 6.127314672215e+10 1.392571516413e+09 768 7235 3201 17 8 9 9 1.37730413e-08 2.33927266e-08 outputs/V1e26_D300_G8/solution/solution-00044 
 45 6.266571823857e+10 1.392571516413e+09 768 7235 3201 17 8 9 9 1.33940982e-08 2.27435922e-08 outputs/V1e26_D300_G8/solution/solution-00045 
 46 6.405828975498e+10 1.392571516413e+09 768 7235 3201 17 8 9 9 1.30256072e-08 2.21126908e-08 outputs/V1e26_D300_G8/solution/solution-00046 
 47 6.545086127139e+10 1.392571516413e+09 768 7235 3201 17 8 9 9 1.26672751e-08 2.14994940e-08 outputs/V1e26_D300_G8/solution/solution-00047 
 48 6.684343278781e+10 1.392571516413e+09 768 7235 3201 17 8 9 9 1.23188177e-08 2.09034899e-08 outputs/V1e26_D300_G8/solution/solution-00048 
 49 6.823600430422e+10 1.392571516413e+09 768 7235 3201 17 8 9 9 1.19799594e-08 2.03241832e-08 outputs/V1e26_D300_G8/solution/solution-00049 
 50 6.962857582063e+10 1.392571516413e+09 768 7235 3201 17 8 9 9 1.16504331e-08 1.97610935e-08 outputs/V1e26_D300_G8/solution/solution-00050 
 51 7.102114733704e+10 1.392571516413e+09 768 7235 3201 17 8 9 9 1.13299796e-08 1.92137556e-08 outputs/V1e26_D300_G8/solution/solution-00051 
 52 7.241371885346e+10 1.392571516413e+09 768 7235 3201 17 8 9 9 1.10183471e-08 1.86817186e-08 outputs/V1e26_D300_G8/solution/solution-00052 
 53 7.380629036987e+10 1.392571516413e+09 768 7235 3201 17 8 9 9 1.07152915e-08 1.81645451e-08 outputs/V1e26_D300_G8/solution/solution-00053 
 54 7.519886188628e+10 1.392571516413e+09 768 7235 3201 17 8 9 9 1.04205754e-08 1.76618110e-08 outputs/V1e26_D300_G8/solution/solution-00054 
 55 7.659143340269e+10 1.392571516413e+09 768 7235 3201 17 8 9 9 1.01339685e-08 1.71731051e-08 outputs/V1e26_D300_G8/solution/solution-00055 
 56 7.798400491911e+10 1.392571516413e+09 768 7235 3201 17 8 9 9 9.85524671e-09 1.66980284e-08 outputs/V1e26_D300_G8/solution/solution-00056 
 57 7.937657643552e+10 1.392571516413e+09 768 7235 3201 17 8 9 9 9.58419259e-09 1.62361937e-08 outputs/V1e26_D300_G8/solution/solution-00057 
 58 8.076914795193e+10 1.392571516413e+09 768 7235 3201 17 8 9 9 9.32059468e-09 1.57872256e-08 outputs/V1e26_D300_G8/solution/solution-00058 
 59 8.216171946834e+10 1.392571516413e+09 768 7235 3201 17 8 9 9 9.06424747e-09 1.53507596e-08 outputs/V1e26_D300_G8/solution/solution-00059 
 60 8.355429098476e+10 1.392571516413e+09 768 7235 3201 17 8 9 9 8.81495121e-09 1.49264417e-08 outputs/V1e26_D300_G8/solution/solution-00060 
 61 8.494686250117e+10 1.392571516413e+09 768 7235 3201 17 8 9 9 8.57251173e-09 1.45139288e-08 outputs/V1e26_D300_G8/solution/solution-00061 
 62 8.633943401758e+10 1.392571516413e+09 768 7235 3201 17 8 9 9 8.33674025e-09 1.41128875e-08 outputs/V1e26_D300_G8/solution/solution-00062 
 63 8.773200553399e+10 1.392571516413e+09 768 7235 3201 16 8 9 9 8.10745324e-09 1.37229943e-08 outputs/V1e26_D300_G8/solution/solution-00063 
 64 8.912457705041e+10 1.392571516413e+09 768 7235 3201 16 8 9 9 7.88447224e-09 1.33439349e-08 outputs/V1e26_D300_G8/solution/solution-00064 
 65 9.051714856682e+10 1.392571516413e+09 768 7235 3201 16 8 9 9 7.66762374e-09 1.29754045e-08 outputs/V1e26_D300_G8/solution/solution-00065 
 66 9.190972008323e+10 1.392571516413e+09 768 7235 3201 16 8 9 9 7.45673904e-09 1.26171067e-08 outputs/V1e26_D300_G8/solution/solution-00066 
 67 9.330229159964e+10 1.392571516413e+09 768 7235 3201 16 8 9 9 7.25165407e-09 1.22687541e-08 outputs/V1e26_D300_G8/solution/solution-00067 
 68 9.469486311606e+10 1.392571516413e+09 768 7235 3201 16 8 9 9 7.05220931e-09 1.19300673e-08 outputs/V1e26_D300_G8/solution/solution-00068 
 69 9.608743463247e+10 1.392571516413e+09 768 7235 3201 16 8 9 9 6.85824963e-09 1.16007750e-08 outputs/V1e26_D300_G8/solution/solution-00069 
 70 9.748000614888e+10 1.392571516413e+09 768 7235 3201 16 8 9 9 6.66962417e-09 1.12806139e-08 outputs/V1e26_D300_G8/solution/solution-00070 
 71 9.887257766530e+10 1.392571516413e+09 768 7235 3201 16 8 9 9 6.48618625e-09 1.09693281e-08 outputs/V1e26_D300_G8/solution/solution-00071 
 72 1.002651491817e+11 1.392571516413e+09 768 7235 3201 16 8 9 9 6.30779320e-09 1.06666690e-08 outputs/V1e26_D300_G8/solution/solution-00072 
 73 1.016577206981e+11 1.392571516413e+09 768 7235 3201 16 8 9 9 6.13430628e-09 1.03723953e-08 outputs/V1e26_D300_G8/solution/solution-00073 
 74 1.030502922145e+11 1.392571516413e+09 768 7235 3201 16 8 9 9 5.96559059e-09 1.00862724e-08 outputs/V1e26_D300_G8/solution/solution-00074 
 75 1.044428637309e+11 1.392571516413e+09 768 7235 3201 16 8 9 9 5.80151492e-09 9.80807254e-09 outputs/V1e26_D300_G8/solution/solution-00075 
 76 1.058354352474e+11 1.392571516413e+09 768 7235 3201 16 8 9 9 5.64195168e-09 9.53757436e-09 outputs/V1e26_D300_G8/solution/solution-00076 
 77 1.072280067638e+11 1.392571516413e+09 768 7235 3201 16 8 9 9 5.48677678e-09 9.27456288e-09 outputs/V1e26_D300_G8/solution/solution-00077 
 78 1.086205782802e+11 1.392571516413e+09 768 7235 3201 16 8 9 9 5.33586955e-09 9.01882920e-09 outputs/V1e26_D300_G8/solution/solution-00078 
 79 1.100131497966e+11 1.392571516413e+09 768 7235 3201 16 8 9 9 5.18911263e-09 8.77017035e-09 outputs/V1e26_D300_G8/solution/solution-00079 
 80 1.114057213130e+11 1.392571516413e+09 768 7235 3201 16 8 9 9 5.04639190e-09 8.52838913e-09 outputs/V1e26_D300_G8/solution/solution-00080 
 81 1.127982928294e+11 1.392571516413e+09 768 7235 3201 16 8 9 9 4.90759636e-09 8.29329394e-09 outputs/V1e26_D300_G8/solution/solution-00081 
 82 1.141908643458e+11 1.392571516413e+09 768 7235 3201 16 8 9 9 4.77261807e-09 8.06469857e-09 outputs/V1e26_D300_G8/solution/solution-00082 
 83 1.155834358622e+11 1.392571516413e+09 768 7235 3201 16 8 9 9 4.64135207e-09 7.84242212e-09 outputs/V1e26_D300_G8/solution/solution-00083 
 84 1.169760073787e+11 1.392571516413e+09 768 7235 3201 16 8 9 9 4.51369627e-09 7.62628877e-09 outputs/V1e26_D300_G8/solution/solution-00084 
 85 1.183685788951e+11 1.392571516413e+09 768 7235 3201 16 8 9 9 4.38955139e-09 7.41612768e-09 outputs/V1e26_D300_G8/solution/solution-00085 
 86 1.197611504115e+11 1.392571516413e+09 768 7235 3201 16 8 9 9 4.26882088e-09 7.21177283e-09 outputs/V1e26_D300_G8/solution/solution-00086 
 87 1.211537219279e+11 1.392571516413e+09 768 7235 3201 16 8 9 9 4.15141084e-09 7.01306285e-09 outputs/V1e26_D300_G8/solution/solution-00087 
 88 1.225462934443e+11 1.392571516413e+09 768 7235 3201 15 8 9 9 4.03722997e-09 6.81984099e-09 outputs/V1e26_D300_G8/solution/solution-00088 
 89 1.239388649607e+11 1.392571516413e+09 768 7235 3201 15 8 9 9 3.92618946e-09 6.63195482e-09 outputs/V1e26_D300_G8/solution/solution-00089 
 90 1.253314364771e+11 1.392571516413e+09 768 7235 3201 15 8 9 9 3.81820294e-09 6.44925622e-09 outputs/V1e26_D300_G8/solution/solution-00090 
 91 1.267240079935e+11 1.392571516413e+09 768 7235 3201 15 8 9 9 3.71318643e-09 6.27160124e-09 outputs/V1e26_D300_G8/solution/solution-00091 
 92 1.281165795100e+11 1.392571516413e+09 768 7235 3201 15 8 9 9 3.61105824e-09 6.09884998e-09 outputs/V1e26_D300_G8/solution/solution-00092 
 93 1.295091510264e+11 1.392571516413e+09 768 7235 3201 15 8 9 9 3.51173895e-09 5.93086644e-09 outputs/V1e26_D300_G8/solution/solution-00093 
 94 1.309017225428e+11 1.392571516413e+09 768 7235 3201 15 8 9 9 3.41515130e-09 5.76751846e-09 outputs/V1e26_D300_G8/solution/solution-00094 
 95 1.322942940592e+11 1.392571516413e+09 768 7235 3201 15 8 9 9 3.32122017e-09 5.60867754e-09 outputs/V1e26_D300_G8/solution/solution-00095 
 96 1.336868655756e+11 1.392571516413e+09 768 7235 3201 15 8 9 9 3.22987250e-09 5.45421883e-09 outputs/V1e26_D300_G8/solution/solution-00096 
 97 1.350794370920e+11 1.392571516413e+09 768 7235 3201 15 8 9 9 3.14103724e-09 5.30402093e-09 outputs/V1e26_D300_G8/solution/solution-00097 
 98 1.364720086084e+11 1.392571516413e+09 768 7235 3201 15 8 9 9 3.05464528e-09 5.15796584e-09 outputs/V1e26_D300_G8/solution/solution-00098 
 99 1.378645801248e+11 1.392571516413e+09 768 7235 3201 15 8 9 9 2.97062945e-09 5.01593889e-09 outputs/V1e26_D300_G8/solution/solution-00099 
100 1.392571516413e+11 1.392571516413e+09 768 7235 3201 15 8 9 9 2.88892438e-09 4.87782857e-09 outputs/V1e26_D300_G8/solution/solution-00100 
