# 1: Time step number
# 2: Time (years)
# 3: Time step size (years)
# 4: Number of mesh cells
# 5: Number of Stokes degrees of freedom
# 6: Number of temperature degrees of freedom
# 7: Iterations for temperature solver
# 8: Iterations for Stokes solver
# 9: Velocity iterations in Stokes preconditioner
# 10: Schur complement iterations in Stokes preconditioner
# 11: RMS velocity (m/year)
# 12: Max. velocity (m/year)
# 13: Visualization file name
  0 0.000000000000e+00 0.000000000000e+00 768 7235 3201  0 8 9 9 5.30018317e-09 9.40437396e-09 outputs/V1e27_D30_G8/solution/solution-00000 
  1 1.392571516413e+09 1.392571516413e+09 768 7235 3201 32 8 9 9 5.01420886e-09 8.46890936e-09 outputs/V1e27_D30_G8/solution/solution-00001 
  2 2.785143032825e+09 1.392571516413e+09 768 7235 3201 25 8 9 9 4.75094341e-09 8.01731814e-09 outputs/V1e27_D30_G8/solution/solution-00002 
  3 4.177714549238e+09 1.392571516413e+09 768 7235 3201 24 8 9 9 4.50461116e-09 7.60392298e-09 outputs/V1e27_D30_G8/solution/solution-00003 
  4 5.570286065650e+09 1.392571516413e+09 768 7235 3201 23 8 9 9 4.27168912e-09 7.21276782e-09 outputs/V1e27_D30_G8/solution/solution-00004 
  5 6.962857582063e+09 1.392571516413e+09 768 7235 3201 23 8 9 9 4.05157508e-09 6.84285294e-09 outputs/V1e27_D30_G8/solution/solution-00005 
  6 8.355429098476e+09 1.392571516413e+09 768 7235 3201 22 8 9 9 3.84348475e-09 6.49290382e-09 outputs/V1e27_D30_G8/solution/solution-00006 
  7 9.748000614888e+09 1.392571516413e+09 768 7235 3201 21 8 9 9 3.64666023e-09 6.16166390e-09 outputs/V1e27_D30_G8/solution/solution-00007 
  8 1.114057213130e+10 1.392571516413e+09 768 7235 3201 21 8 9 9 3.46039385e-09 5.84796883e-09 outputs/V1e27_D30_G8/solution/solution-00008 
  9 1.253314364771e+10 1.392571516413e+09 768 7235 3201 21 8 9 9 3.28403356e-09 5.55075485e-09 outputs/V1e27_D30_G8/solution/solution-00009 
 10 1.392571516413e+10 1.392571516413e+09 768 7235 3201 20 8 9 9 3.11698074e-09 5.26904974e-09 outputs/V1e27_D30_G8/solution/solution-00010 
 11 1.531828668054e+10 1.392571516413e+09 768 7235 3201 20 8 9 9 2.95868510e-09 5.00196090e-09 outputs/V1e27_D30_G8/solution/solution-00011 
 12 1.671085819695e+10 1.392571516413e+09 768 7235 3201 20 8 9 9 2.80863931e-09 4.74866473e-09 outputs/V1e27_D30_G8/solution/solution-00012 
 13 1.810342971336e+10 1.392571516413e+09 768 7235 3201 20 8 9 9 2.66637412e-09 4.50839772e-09 outputs/V1e27_D30_G8/solution/solution-00013 
 14 1.949600122978e+10 1.392571516413e+09 768 7235 3201 20 8 9 9 2.53145413e-09 4.28044927e-09 outputs/V1e27_D30_G8/solution/solution-00014 
 15 2.088857274619e+10 1.392571516413e+09 768 7235 3201 20 8 9 9 2.40347410e-09 4.06415588e-09 outputs/V1e27_D30_G8/solution/solution-00015 
 16 2.228114426260e+10 1.392571516413e+09 768 7235 3201 19 8 9 9 2.28205597e-09 3.85889630e-09 outputs/V1e27_D30_G8/solution/solution-00016 
 17 2.367371577901e+10 1.392571516413e+09 768 7235 3201 19 8 9 9 2.16684612e-09 3.66408750e-09 outputs/V1e27_D30_G8/solution/solution-00017 
 18 2.506628729543e+10 1.392571516413e+09 768 7235 3201 19 8 9 9 2.05751318e-09 3.47918134e-09 outputs/V1e27_D30_G8/solution/solution-00018 
 19 2.645885881184e+10 1.392571516413e+09 768 7235 3201 19 8 9 9 1.95374603e-09 3.30366161e-09 outputs/V1e27_D30_G8/solution/solution-00019 
 20 2.785143032825e+10 1.392571516413e+09 768 7235 3201 19 8 9 9 1.85525213e-09 3.13704160e-09 outputs/V1e27_D30_G8/solution/solution-00020 
 21 2.924400184466e+10 1.392571516413e+09 768 7235 3201 19 8 9 9 1.76175602e-09 2.97886180e-09 outputs/V1e27_D30_G8/solution/solution-00021 
 22 3.063657336108e+10 1.392571516413e+09 768 7235 3201 19 8 9 9 1.67299804e-09 2.82868810e-09 outputs/V1e27_D30_G8/solution/solution-00022 
 23 3.202914487749e+10 1.392571516413e+09 768 7235 3201 19 8 9 9 1.58873312e-09 2.68610997e-09 outputs/V1e27_D30_G8/solution/solution-00023 
 24 3.342171639390e+10 1.392571516413e+09 768 7235 3201 19 8 9 9 1.50872982e-09 2.55073895e-09 outputs/V1e27_D30_G8/solution/solution-00024 
 25 3.481428791032e+10 1.392571516413e+09 768 7235 3201 19 8 9 9 1.43276933e-09 2.42220729e-09 outputs/V1e27_D30_G8/solution/solution-00025 
 26 3.620685942673e+10 1.392571516413e+09 768 7235 3201 18 8 9 9 1.36064473e-09 2.30016666e-09 outputs/V1e27_D30_G8/solution/solution-00026 
 27 3.759943094314e+10 1.392571516413e+09 768 7235 3201 18 8 9 9 1.29216015e-09 2.18428697e-09 outputs/V1e27_D30_G8/solution/solution-00027 
 28 3.899200245955e+10 1.392571516413e+09 768 7235 3201 18 8 9 9 1.22713013e-09 2.07425536e-09 outputs/V1e27_D30_G8/solution/solution-00028 
 29 4.038457397597e+10 1.392571516413e+09 768 7235 3201 18 8 9 9 1.16537901e-09 1.96977518e-09 outputs/V1e27_D30_G8/solution/solution-00029 
 30 4.177714549238e+10 1.392571516413e+09 768 7235 3201 18 8 9 9 1.10674029e-09 1.87056511e-09 outputs/V1e27_D30_G8/solution/solution-00030 
 31 4.316971700879e+10 1.392571516413e+09 768 7235 3201 18 8 9 9 1.05105617e-09 1.77635830e-09 outputs/V1e27_D30_G8/solution/solution-00031 
 32 4.456228852520e+10 1.392571516413e+09 768 7235 3201 18 8 9 9 9.98177024e-10 1.68690157e-09 outputs/V1e27_D30_G8/solution/solution-00032 
 33 4.595486004162e+10 1.392571516413e+09 768 7235 3201 18 8 9 9 9.47960928e-10 1.60195472e-09 outputs/V1e27_D30_G8/solution/solution-00033 
 34 4.734743155803e+10 1.392571516413e+09 768 7235 3201 18 8 9 9 9.00273271e-10 1.52128979e-09 outputs/V1e27_D30_G8/solution/solution-00034 
 35 4.874000307444e+10 1.392571516413e+09 768 7235 3201 18 8 9 9 8.54986335e-10 1.44469044e-09 outputs/V1e27_D30_G8/solution/solution-00035 
 36 5.013257459085e+10 1.392571516413e+09 768 7235 3201 18 8 9 9 8.11978929e-10 1.37195135e-09 outputs/V1e27_D30_G8/solution/solution-00036 
 37 5.152514610727e+10 1.392571516413e+09 768 7235 3201 18 8 9 9 7.71136044e-10 1.30287761e-09 outputs/V1e27_D30_G8/solution/solution-00037 
 38 5.291771762368e+10 1.392571516413e+09 768 7235 3201 18 8 9 9 7.32348523e-10 1.23728420e-09 outputs/V1e27_D30_G8/solution/solution-00038 
 39 5.431028914009e+10 1.392571516413e+09 768 7235 3201 18 8 9 9 6.95512756e-10 1.17499551e-09 outputs/V1e27_D30_G8/solution/solution-00039 
 40 5.570286065650e+10 1.392571516413e+09 768 7235 3201 18 8 9 9 6.60530388e-10 1.11584480e-09 outputs/V1e27_D30_G8/solution/solution-00040 
 41 5.709543217292e+10 1.392571516413e+09 768 7235 3201 18 8 9 9 6.27308048e-10 1.05967378e-09 outputs/V1e27_D30_G8/solution/solution-00041 
 42 5.848800368933e+10 1.392571516413e+09 768 7235 3201 18 8 9 9 5.95757090e-10 1.00633215e-09 outputs/V1e27_D30_G8/solution/solution-00042 
 43 5.988057520574e+10 1.392571516413e+09 768 7235 3201 18 8 9 9 5.65793353e-10 9.55677257e-10 outputs/V1e27_D30_G8/solution/solution-00043 
 44 6.127314672215e+10 1.392571516413e+09 768 7235 3201 18 8 9 9 5.37336925e-10 9.07573611e-10 outputs/V1e27_D30_G8/solution/solution-00044 
 45 6.266571823857e+10 1.392571516413e+09 768 7235 3201 17 8 9 9 5.10311932e-10 8.61892597e-10 outputs/V1e27_D30_G8/solution/solution-00045 
 46 6.405828975498e+10 1.392571516413e+09 768 7235 3201 17 8 9 9 4.84646329e-10 8.18512085e-10 outputs/V1e27_D30_G8/solution/solution-00046 
 47 6.545086127139e+10 1.392571516413e+09 768 7235 3201 17 8 9 9 4.60271701e-10 7.77316117e-10 outputs/V1e27_D30_G8/solution/solution-00047 
 48 6.684343278781e+10 1.392571516413e+09 768 7235 3201 17 8 9 9 4.37123086e-10 7.38194588e-10 outputs/V1e27_D30_G8/solution/solution-00048 
 49 6.823600430422e+10 1.392571516413e+09 768 7235 3201 17 8 9 9 4.15138795e-10 7.01042953e-10 outputs/V1e27_D30_G8/solution/solution-00049 
 50 6.962857582063e+10 1.392571516413e+09 768 7235 3201 17 8 9 9 3.94260246e-10 6.65761942e-10 outputs/V1e27_D30_G8/solution/solution-00050 
 51 7.102114733704e+10 1.392571516413e+09 768 7235 3201 17 8 9 9 3.74431811e-10 6.32257296e-10 outputs/V1e27_D30_G8/solution/solution-00051 
 52 7.241371885346e+10 1.392571516413e+09 768 7235 3201 17 8 9 9 3.55600659e-10 6.00439510e-10 outputs/V1e27_D30_G8/solution/solution-00052 
 53 7.380629036987e+10 1.392571516413e+09 768 7235 3201 17 8 9 9 3.37716624e-10 5.70223596e-10 outputs/V1e27_D30_G8/solution/solution-00053 
 54 7.519886188628e+10 1.392571516413e+09 768 7235 3201 17 8 9 9 3.20732060e-10 5.41528852e-10 outputs/V1e27_D30_G8/solution/solution-00054 
 55 7.659143340269e+10 1.392571516413e+09 768 7235 3201 17 8 9 9 3.04601724e-10 5.14278648e-10 outputs/V1e27_D30_G8/solution/solution-00055 
 56 7.798400491911e+10 1.392571516413e+09 768 7235 3201 17 8 9 9 2.89282647e-10 4.88400215e-10 outputs/V1e27_D30_G8/solution/solution-00056 
 57 7.937657643552e+10 1.392571516413e+09 768 7235 3201 17 8 9 9 2.74734024e-10 4.63824457e-10 outputs/V1e27_D30_G8/solution/solution-00057 
 58 8.076914795193e+10 1.392571516413e+09 768 7235 3201 17 8 9 9 2.60917102e-10 4.40485761e-10 outputs/V1e27_D30_G8/solution/solution-00058 
 59 8.216171946834e+10 1.392571516413e+09 768 7235 3201 17 8 9 9 2.47795078e-10 4.18321819e-10 outputs/V1e27_D30_G8/solution/solution-00059 
 60 8.355429098476e+10 1.392571516413e+09 768 7235 3201 17 8 9 9 2.35333002e-10 3.97273470e-10 outputs/V1e27_D30_G8/solution/solution-00060 
 61 8.494686250117e+10 1.392571516413e+09 768 7235 3201 17 8 9 9 2.23497681e-10 3.77284530e-10 outputs/V1e27_D30_G8/solution/solution-00061 
 62 8.633943401758e+10 1.392571516413e+09 768 7235 3201 17 8 9 9 2.12257592e-10 3.58301649e-10 outputs/V1e27_D30_G8/solution/solution-00062 
 63 8.773200553399e+10 1.392571516413e+09 768 7235 3201 17 8 9 9 2.01582797e-10 3.40274165e-10 outputs/V1e27_D30_G8/solution/solution-00063 
 64 8.912457705041e+10 1.392571516413e+09 768 7235 3201 17 8 9 9 1.91444865e-10 3.23153971e-10 outputs/V1e27_D30_G8/solution/solution-00064 
 65 9.051714856682e+10 1.392571516413e+09 768 7235 3201 17 8 9 9 1.81816796e-10 3.06895383e-10 outputs/V1e27_D30_G8/solution/solution-00065 
 66 9.190972008323e+10 1.392571516413e+09 768 7235 3201 17 8 9 9 1.72672946e-10 2.91455019e-10 outputs/V1e27_D30_G8/solution/solution-00066 
 67 9.330229159964e+10 1.392571516413e+09 768 7235 3201 17 8 9 9 1.63988963e-10 2.76791682e-10 outputs/V1e27_D30_G8/solution/solution-00067 
 68 9.469486311606e+10 1.392571516413e+09 768 7235 3201 17 8 9 9 1.55741717e-10 2.62866254e-10 outputs/V1e27_D30_G8/solution/solution-00068 
 69 9.608743463247e+10 1.392571516413e+09 768 7235 3201 17 8 9 9 1.47909243e-10 2.49641584e-10 outputs/V1e27_D30_G8/solution/solution-00069 
 70 9.748000614888e+10 1.392571516413e+09 768 7235 3201 17 8 9 9 1.40470683e-10 2.37082394e-10 outputs/V1e27_D30_G8/solution/solution-00070 
 71 9.887257766530e+10 1.392571516413e+09 768 7235 3201 16 8 9 9 1.33406224e-10 2.25155188e-10 outputs/V1e27_D30_G8/solution/solution-00071 
 72 1.002651491817e+11 1.392571516413e+09 768 7235 3201 16 8 9 9 1.26697054e-10 2.13828148e-10 outputs/V1e27_D30_G8/solution/solution-00072 
 73 1.016577206981e+11 1.392571516413e+09 768 7235 3201 16 8 9 9 1.20325301e-10 2.03071065e-10 outputs/V1e27_D30_G8/solution/solution-00073 
 74 1.030502922145e+11 1.392571516413e+09 768 7235 3201 16 8 9 9 1.14273997e-10 1.92855248e-10 outputs/V1e27_D30_G8/solution/solution-00074 
 75 1.044428637309e+11 1.392571516413e+09 768 7235 3201 16 8 9 9 1.08527025e-10 1.83153454e-10 outputs/V1e27_D30_G8/solution/solution-00075 
 76 1.058354352474e+11 1.392571516413e+09 768 7235 3201 16 8 9 9 1.03069080e-10 1.73939810e-10 outputs/V1e27_D30_G8/solution/solution-00076 
 77 1.072280067638e+11 1.392571516413e+09 768 7235 3201 16 8 9 9 9.78856263e-11 1.65189747e-10 outputs/V1e27_D30_G8/solution/solution-00077 
 78 1.086205782802e+11 1.392571516413e+09 768 7235 3201 16 8 9 9 9.29628581e-11 1.56879933e-10 outputs/V1e27_D30_G8/solution/solution-00078 
 79 1.100131497966e+11 1.392571516413e+09 768 7235 3201 16 8 9 9 8.82876654e-11 1.48988211e-10 outputs/V1e27_D30_G8/solution/solution-00079 
 80 1.114057213130e+11 1.392571516413e+09 768 7235 3201 16 8 9 9 8.38475969e-11 1.41493540e-10 outputs/V1e27_D30_G8/solution/solution-00080 
 81 1.127982928294e+11 1.392571516413e+09 768 7235 3201 16 8 9 9 7.96308276e-11 1.34375937e-10 outputs/V1e27_D30_G8/solution/solution-00081 
 82 1.141908643458e+11 1.392571516413e+09 768 7235 3201 16 8 9 9 7.56261274e-11 1.27616427e-10 outputs/V1e27_D30_G8/solution/solution-00082 
 83 1.155834358622e+11 1.392571516413e+09 768 7235 3201 16 8 9 9 7.18228307e-11 1.21196990e-10 outputs/V1e27_D30_G8/solution/solution-00083 
 84 1.169760073787e+11 1.392571516413e+09 768 7235 3201 16 8 9 9 6.82108086e-11 1.15100512e-10 outputs/V1e27_D30_G8/solution/solution-00084 
 85 1.183685788951e+11 1.392571516413e+09 768 7235 3201 16 8 9 9 6.47804413e-11 1.09310741e-10 outputs/V1e27_D30_G8/solution/solution-00085 
 86 1.197611504115e+11 1.392571516413e+09 768 7235 3201 16 8 9 9 6.15225931e-11 1.03812243e-10 outputs/V1e27_D30_G8/solution/solution-00086 
 87 1.211537219279e+11 1.392571516413e+09 768 7235 3201 16 8 9 9 5.84285875e-11 9.85903630e-11 outputs/V1e27_D30_G8/solution/solution-00087 
 88 1.225462934443e+11 1.392571516413e+09 768 7235 3201 16 8 9 9 5.54901847e-11 9.36311809e-11 outputs/V1e27_D30_G8/solution/solution-00088 
 89 1.239388649607e+11 1.392571516413e+09 768 7235 3201 16 8 9 9 5.26995588e-11 8.89214785e-11 outputs/V1e27_D30_G8/solution/solution-00089 
 90 1.253314364771e+11 1.392571516413e+09 768 7235 3201 16 8 9 9 5.00492780e-11 8.44487030e-11 outputs/V1e27_D30_G8/solution/solution-00090 
 91 1.267240079935e+11 1.392571516413e+09 768 7235 3201 16 8 9 9 4.75322841e-11 8.02009334e-11 outputs/V1e27_D30_G8/solution/solution-00091 
 92 1.281165795100e+11 1.392571516413e+09 768 7235 3201 16 8 9 9 4.51418735e-11 7.61668486e-11 outputs/V1e27_D30_G8/solution/solution-00092 
 93 1.295091510264e+11 1.392571516413e+09 768 7235 3201 16 8 9 9 4.28716803e-11 7.23356968e-11 outputs/V1e27_D30_G8/solution/solution-00093 
 94 1.309017225428e+11 1.392571516413e+09 768 7235 3201 16 8 9 9 4.07156585e-11 6.86972685e-11 outputs/V1e27_D30_G8/solution/solution-00094 
 95 1.322942940592e+11 1.392571516413e+09 768 7235 3201 16 8 9 9 3.86680660e-11 6.52418669e-11 outputs/V1e27_D30_G8/solution/solution-00095 
 96 1.336868655756e+11 1.392571516413e+09 768 7235 3201 15 8 9 9 3.67234511e-11 6.19602864e-11 outputs/V1e27_D30_G8/solution/solution-00096 
 97 1.350794370920e+11 1.392571516413e+09 768 7235 3201 15 8 9 9 3.48766339e-11 5.88437802e-11 outputs/V1e27_D30_G8/solution/solution-00097 
 98 1.364720086084e+11 1.392571516413e+09 768 7235 3201 15 8 9 9 3.31226955e-11 5.58840423e-11 outputs/V1e27_D30_G8/solution/solution-00098 
 99 1.378645801248e+11 1.392571516413e+09 768 7235 3201 15 8 9 9 3.14569651e-11 5.30731856e-11 outputs/V1e27_D30_G8/solution/solution-00099 
100 1.392571516413e+11 1.392571516413e+09 768 7235 3201 15 8 9 9 2.98750063e-11 5.04037203e-11 outputs/V1e27_D30_G8/solution/solution-00100 
