# 1: Time step number
# 2: Time (years)
# 3: Time step size (years)
# 4: Number of mesh cells
# 5: Number of Stokes degrees of freedom
# 6: Number of temperature degrees of freedom
# 7: Iterations for temperature solver
# 8: Iterations for Stokes solver
# 9: Velocity iterations in Stokes preconditioner
# 10: Schur complement iterations in Stokes preconditioner
# 11: RMS velocity (m/year)
# 12: Max. velocity (m/year)
# 13: Visualization file name
  0 0.000000000000e+00 0.000000000000e+00 768 7235 3201  0 8 9 9 5.17500374e-09 2.51425985e-08 outputs/V1e27_D10000_G6/solution/solution-00000 
  1 1.392571516413e+09 1.392571516413e+09 768 7235 3201 32 8 9 9 4.11940163e-09 1.36101254e-08 outputs/V1e27_D10000_G6/solution/solution-00001 
  2 2.785143032825e+09 1.392571516413e+09 768 7235 3201 26 8 9 9 3.71751937e-09 6.83457859e-09 outputs/V1e27_D10000_G6/solution/solution-00002 
  3 4.177714549238e+09 1.392571516413e+09 768 7235 3201 25 8 9 9 3.55482343e-09 6.00754203e-09 outputs/V1e27_D10000_G6/solution/solution-00003 
  4 5.570286065650e+09 1.392571516413e+09 768 7235 3201 24 8 9 9 3.40249191e-09 5.74347146e-09 outputs/V1e27_D10000_G6/solution/solution-00004 
  5 6.962857582063e+09 1.392571516413e+09 768 7235 3201 23 8 9 9 3.25636405e-09 5.50898423e-09 outputs/V1e27_D10000_G6/solution/solution-00005 
  6 8.355429098476e+09 1.392571516413e+09 768 7235 3201 23 8 9 9 3.11377840e-09 5.27726154e-09 outputs/V1e27_D10000_G6/solution/solution-00006 
  7 9.748000614888e+09 1.392571516413e+09 768 7235 3201 22 8 9 9 2.97460445e-09 5.04940133e-09 outputs/V1e27_D10000_G6/solution/solution-00007 
  8 1.114057213130e+10 1.392571516413e+09 768 7235 3201 22 8 9 9 2.83917468e-09 4.82632112e-09 outputs/V1e27_D10000_G6/solution/solution-00008 
  9 1.253314364771e+10 1.392571516413e+09 768 7235 3201 21 8 9 9 2.70782413e-09 4.60877190e-09 outputs/V1e27_D10000_G6/solution/solution-00009 
 10 1.392571516413e+10 1.392571516413e+09 768 7235 3201 21 8 9 9 2.58081681e-09 4.39735189e-09 outputs/V1e27_D10000_G6/solution/solution-00010 
 11 1.531828668054e+10 1.392571516413e+09 768 7235 3201 21 8 9 9 2.45833635e-09 4.19252076e-09 outputs/V1e27_D10000_G6/solution/solution-00011 
 12 1.671085819695e+10 1.392571516413e+09 768 7235 3201 21 8 9 9 2.34049299e-09 3.99461411e-09 outputs/V1e27_D10000_G6/solution/solution-00012 
 13 1.810342971336e+10 1.392571516413e+09 768 7235 3201 21 8 9 9 2.22733459e-09 3.80385802e-09 outputs/V1e27_D10000_G6/solution/solution-00013 
 14 1.949600122978e+10 1.392571516413e+09 768 7235 3201 21 8 9 9 2.11885788e-09 3.62038347e-09 outputs/V1e27_D10000_G6/solution/solution-00014 
 15 2.088857274619e+10 1.392571516413e+09 768 7235 3201 21 8 9 9 2.01501865e-09 3.44424016e-09 outputs/V1e27_D10000_G6/solution/solution-00015 
 16 2.228114426260e+10 1.392571516413e+09 768 7235 3201 20 8 9 9 1.91574060e-09 3.27540954e-09 outputs/V1e27_D10000_G6/solution/solution-00016 
 17 2.367371577901e+10 1.392571516413e+09 768 7235 3201 20 8 9 9 1.82092282e-09 3.11381690e-09 outputs/V1e27_D10000_G6/solution/solution-00017 
 18 2.506628729543e+10 1.392571516413e+09 768 7235 3201 20 8 9 9 1.73044595e-09 2.95934208e-09 outputs/V1e27_D10000_G6/solution/solution-00018 
 19 2.645885881184e+10 1.392571516413e+09 768 7235 3201 20 8 9 9 1.64417729e-09 2.81182907e-09 outputs/V1e27_D10000_G6/solution/solution-00019 
 20 2.785143032825e+10 1.392571516413e+09 768 7235 3201 20 8 9 9 1.56197490e-09 2.67109426e-09 outputs/V1e27_D10000_G6/solution/solution-00020 
 21 2.924400184466e+10 1.392571516413e+09 768 7235 3201 20 8 9 9 1.48369094e-09 2.53693350e-09 outputs/V1e27_D10000_G6/solution/solution-00021 
 22 3.063657336108e+10 1.392571516413e+09 768 7235 3201 20 8 9 9 1.40917435e-09 2.40912797e-09 outputs/V1e27_D10000_G6/solution/solution-00022 
 23 3.202914487749e+10 1.392571516413e+09 768 7235 3201 20 8 9 9 1.33827292e-09 2.28744919e-09 outputs/V1e27_D10000_G6/solution/solution-00023 
 24 3.342171639390e+10 1.392571516413e+09 768 7235 3201 20 8 9 9 1.27083498e-09 2.17166296e-09 outputs/V1e27_D10000_G6/solution/solution-00024 
 25 3.481428791032e+10 1.392571516413e+09 768 7235 3201 20 8 9 9 1.20671067e-09 2.06153270e-09 outputs/V1e27_D10000_G6/solution/solution-00025 
 26 3.620685942673e+10 1.392571516413e+09 768 7235 3201 20 8 9 9 1.14575293e-09 1.95682204e-09 outputs/V1e27_D10000_G6/solution/solution-00026 
 27 3.759943094314e+10 1.392571516413e+09 768 7235 3201 20 8 9 9 1.08781823e-09 1.85729688e-09 outputs/V1e27_D10000_G6/solution/solution-00027 
 28 3.899200245955e+10 1.392571516413e+09 768 7235 3201 20 8 9 9 1.03276713e-09 1.76272707e-09 outputs/V1e27_D10000_G6/solution/solution-00028 
 29 4.038457397597e+10 1.392571516413e+09 768 7235 3201 20 8 9 9 9.80464650e-10 1.67288756e-09 outputs/V1e27_D10000_G6/solution/solution-00029 
 30 4.177714549238e+10 1.392571516413e+09 768 7235 3201 20 8 9 9 9.30780515e-10 1.58755942e-09 outputs/V1e27_D10000_G6/solution/solution-00030 
 31 4.316971700879e+10 1.392571516413e+09 768 7235 3201 20 8 9 9 8.83589334e-10 1.50653044e-09 outputs/V1e27_D10000_G6/solution/solution-00031 
 32 4.456228852520e+10 1.392571516413e+09 768 7235 3201 19 8 9 9 8.38770657e-10 1.42959565e-09 outputs/V1e27_D10000_G6/solution/solution-00032 
 33 4.595486004162e+10 1.392571516413e+09 768 7235 3201 19 8 9 9 7.96208992e-10 1.35655756e-09 outputs/V1e27_D10000_G6/solution/solution-00033 
 34 4.734743155803e+10 1.392571516413e+09 768 7235 3201 19 8 9 9 7.55793769e-10 1.28722642e-09 outputs/V1e27_D10000_G6/solution/solution-00034 
 35 4.874000307444e+10 1.392571516413e+09 768 7235 3201 19 8 9 9 7.17419262e-10 1.22142017e-09 outputs/V1e27_D10000_G6/solution/solution-00035 
 36 5.013257459085e+10 1.392571516413e+09 768 7235 3201 19 8 9 9 6.80984485e-10 1.15896450e-09 outputs/V1e27_D10000_G6/solution/solution-00036 
 37 5.152514610727e+10 1.392571516413e+09 768 7235 3201 19 8 9 9 6.46393071e-10 1.09969269e-09 outputs/V1e27_D10000_G6/solution/solution-00037 
 38 5.291771762368e+10 1.392571516413e+09 768 7235 3201 19 8 9 9 6.13553131e-10 1.04344555e-09 outputs/V1e27_D10000_G6/solution/solution-00038 
 39 5.431028914009e+10 1.392571516413e+09 768 7235 3201 19 8 9 9 5.82377101e-10 9.90071152e-10 outputs/V1e27_D10000_G6/solution/solution-00039 
 40 5.570286065650e+10 1.392571516413e+09 768 7235 3201 19 8 9 9 5.52781592e-10 9.39424689e-10 outputs/V1e27_D10000_G6/solution/solution-00040 
 41 5.709543217292e+10 1.392571516413e+09 768 7235 3201 19 8 9 9 5.24687224e-10 8.91368217e-10 outputs/V1e27_D10000_G6/solution/solution-00041 
 42 5.848800368933e+10 1.392571516413e+09 768 7235 3201 19 8 9 9 4.98018465e-10 8.45770420e-10 outputs/V1e27_D10000_G6/solution/solution-00042 
 43 5.988057520574e+10 1.392571516413e+09 768 7235 3201 19 8 9 9 4.72703475e-10 8.02506359e-10 outputs/V1e27_D10000_G6/solution/solution-00043 
 44 6.127314672215e+10 1.392571516413e+09 768 7235 3201 19 8 9 9 4.48673937e-10 7.61457221e-10 outputs/V1e27_D10000_G6/solution/solution-00044 
 45 6.266571823857e+10 1.392571516413e+09 768 7235 3201 19 8 9 9 4.25864911e-10 7.22510064e-10 outputs/V1e27_D10000_G6/solution/solution-00045 
 46 6.405828975498e+10 1.392571516413e+09 768 7235 3201 19 8 9 9 4.04214675e-10 6.85557562e-10 outputs/V1e27_D10000_G6/solution/solution-00046 
 47 6.545086127139e+10 1.392571516413e+09 768 7235 3201 19 8 9 9 3.83664576e-10 6.50497757e-10 outputs/V1e27_D10000_G6/solution/solution-00047 
 48 6.684343278781e+10 1.392571516413e+09 768 7235 3201 19 8 9 9 3.64158892e-10 6.17233815e-10 outputs/V1e27_D10000_G6/solution/solution-00048 
 49 6.823600430422e+10 1.392571516413e+09 768 7235 3201 19 8 9 9 3.45644687e-10 5.85673788e-10 outputs/V1e27_D10000_G6/solution/solution-00049 
 50 6.962857582063e+10 1.392571516413e+09 768 7235 3201 19 8 9 9 3.28071682e-10 5.55730384e-10 outputs/V1e27_D10000_G6/solution/solution-00050 
 51 7.102114733704e+10 1.392571516413e+09 768 7235 3201 19 8 9 9 3.11392124e-10 5.27320742e-10 outputs/V1e27_D10000_G6/solution/solution-00051 
 52 7.241371885346e+10 1.392571516413e+09 768 7235 3201 19 8 9 9 2.95560665e-10 5.00366221e-10 outputs/V1e27_D10000_G6/solution/solution-00052 
 53 7.380629036987e+10 1.392571516413e+09 768 7235 3201 19 8 9 9 2.80534243e-10 4.74792190e-10 outputs/V1e27_D10000_G6/solution/solution-00053 
 54 7.519886188628e+10 1.392571516413e+09 768 7235 3201 19 8 9 9 2.66271971e-10 4.50527830e-10 outputs/V1e27_D10000_G6/solution/solution-00054 
 55 7.659143340269e+10 1.392571516413e+09 768 7235 3201 19 8 9 9 2.52735028e-10 4.27505947e-10 outputs/V1e27_D10000_G6/solution/solution-00055 
 56 7.798400491911e+10 1.392571516413e+09 768 7235 3201 19 8 9 9 2.39886555e-10 4.05662790e-10 outputs/V1e27_D10000_G6/solution/solution-00056 
 57 7.937657643552e+10 1.392571516413e+09 768 7235 3201 19 8 9 9 2.27691562e-10 3.84937876e-10 outputs/V1e27_D10000_G6/solution/solution-00057 
 58 8.076914795193e+10 1.392571516413e+09 768 7235 3201 19 8 9 9 2.16116830e-10 3.65273824e-10 outputs/V1e27_D10000_G6/solution/solution-00058 
 59 8.216171946834e+10 1.392571516413e+09 768 7235 3201 19 8 9 9 2.05130825e-10 3.46616202e-10 outputs/V1e27_D10000_G6/solution/solution-00059 
 60 8.355429098476e+10 1.392571516413e+09 768 7235 3201 19 8 9 9 1.94703611e-10 3.28913374e-10 outputs/V1e27_D10000_G6/solution/solution-00060 
 61 8.494686250117e+10 1.392571516413e+09 768 7235 3201 19 8 9 9 1.84806772e-10 3.12116356e-10 outputs/V1e27_D10000_G6/solution/solution-00061 
 62 8.633943401758e+10 1.392571516413e+09 768 7235 3201 19 8 9 9 1.75413335e-10 2.96178685e-10 outputs/V1e27_D10000_G6/solution/solution-00062 
 63 8.773200553399e+10 1.392571516413e+09 768 7235 3201 19 8 9 9 1.66497696e-10 2.81056283e-10 outputs/V1e27_D10000_G6/solution/solution-00063 
 64 8.912457705041e+10 1.392571516413e+09 768 7235 3201 19 8 9 9 1.58035551e-10 2.66707343e-10 outputs/V1e27_D10000_G6/solution/solution-00064 
 65 9.051714856682e+10 1.392571516413e+09 768 7235 3201 19 8 9 9 1.50003833e-10 2.53092204e-10 outputs/V1e27_D10000_G6/solution/solution-00065 
 66 9.190972008323e+10 1.392571516413e+09 768 7235 3201 19 8 9 9 1.42380645e-10 2.40173247e-10 outputs/V1e27_D10000_G6/solution/solution-00066 
 67 9.330229159964e+10 1.392571516413e+09 768 7235 3201 19 8 9 9 1.35145204e-10 2.27914787e-10 outputs/V1e27_D10000_G6/solution/solution-00067 
 68 9.469486311606e+10 1.392571516413e+09 768 7235 3201 19 8 9 9 1.28277784e-10 2.16282973e-10 outputs/V1e27_D10000_G6/solution/solution-00068 
 69 9.608743463247e+10 1.392571516413e+09 768 7235 3201 19 8 9 9 1.21759660e-10 2.05245696e-10 outputs/V1e27_D10000_G6/solution/solution-00069 
 70 9.748000614888e+10 1.392571516413e+09 768 7235 3201 18 8 9 9 1.15573062e-10 1.94772494e-10 outputs/V1e27_D10000_G6/solution/solution-00070 
 71 9.887257766530e+10 1.392571516413e+09 768 7235 3201 18 8 9 9 1.09701121e-10 1.84834475e-10 outputs/V1e27_D10000_G6/solution/solution-00071 
 72 1.002651491817e+11 1.392571516413e+09 768 7235 3201 18 8 9 9 1.04127829e-10 1.75404230e-10 outputs/V1e27_D10000_G6/solution/solution-00072 
 73 1.016577206981e+11 1.392571516413e+09 768 7235 3201 18 8 9 9 9.88379899e-11 1.66455758e-10 outputs/V1e27_D10000_G6/solution/solution-00073 
 74 1.030502922145e+11 1.392571516413e+09 768 7235 3201 18 8 9 9 9.38171822e-11 1.57964396e-10 outputs/V1e27_D10000_G6/solution/solution-00074 
 75 1.044428637309e+11 1.392571516413e+09 768 7235 3201 18 8 9 9 8.90517171e-11 1.49906742e-10 outputs/V1e27_D10000_G6/solution/solution-00075 
 76 1.058354352474e+11 1.392571516413e+09 768 7235 3201 18 8 9 9 8.45286026e-11 1.42260602e-10 outputs/V1e27_D10000_G6/solution/solution-00076 
 77 1.072280067638e+11 1.392571516413e+09 768 7235 3201 18 8 9 9 8.02355077e-11 1.35004918e-10 outputs/V1e27_D10000_G6/solution/solution-00077 
 78 1.086205782802e+11 1.392571516413e+09 768 7235 3201 18 8 9 9 7.61607286e-11 1.28119712e-10 outputs/V1e27_D10000_G6/solution/solution-00078 
 79 1.100131497966e+11 1.392571516413e+09 768 7235 3201 18 8 9 9 7.22931573e-11 1.21586033e-10 outputs/V1e27_D10000_G6/solution/solution-00079 
 80 1.114057213130e+11 1.392571516413e+09 768 7235 3201 18 8 9 9 6.86222509e-11 1.15385903e-10 outputs/V1e27_D10000_G6/solution/solution-00080 
 81 1.127982928294e+11 1.392571516413e+09 768 7235 3201 18 8 9 9 6.51380031e-11 1.09502263e-10 outputs/V1e27_D10000_G6/solution/solution-00081 
 82 1.141908643458e+11 1.392571516413e+09 768 7235 3201 18 8 9 9 6.18309166e-11 1.03918930e-10 outputs/V1e27_D10000_G6/solution/solution-00082 
 83 1.155834358622e+11 1.392571516413e+09 768 7235 3201 18 8 9 9 5.86919777e-11 9.86205534e-11 outputs/V1e27_D10000_G6/solution/solution-00083 
 84 1.169760073787e+11 1.392571516413e+09 768 7235 3201 18 8 9 9 5.57126309e-11 9.35925652e-11 outputs/V1e27_D10000_G6/solution/solution-00084 
 85 1.183685788951e+11 1.392571516413e+09 768 7235 3201 18 8 9 9 5.28847568e-11 8.88211468e-11 outputs/V1e27_D10000_G6/solution/solution-00085 
 86 1.197611504115e+11 1.392571516413e+09 768 7235 3201 18 8 9 9 5.02006486e-11 8.42931864e-11 outputs/V1e27_D10000_G6/solution/solution-00086 
 87 1.211537219279e+11 1.392571516413e+09 768 7235 3201 18 8 9 9 4.76529920e-11 7.99962440e-11 outputs/V1e27_D10000_G6/solution/solution-00087 
 88 1.225462934443e+11 1.392571516413e+09 768 7235 3201 18 8 9 9 4.52348448e-11 7.59185172e-11 outputs/V1e27_D10000_G6/solution/solution-00088 
 89 1.239388649607e+11 1.392571516413e+09 768 7235 3201 18 8 9 9 4.29396183e-11 7.20488073e-11 outputs/V1e27_D10000_G6/solution/solution-00089 
 90 1.253314364771e+11 1.392571516413e+09 768 7235 3201 18 8 9 9 4.07610587e-11 6.83764893e-11 outputs/V1e27_D10000_G6/solution/solution-00090 
 91 1.267240079935e+11 1.392571516413e+09 768 7235 3201 18 8 9 9 3.86932310e-11 6.48914820e-11 outputs/V1e27_D10000_G6/solution/solution-00091 
 92 1.281165795100e+11 1.392571516413e+09 768 7235 3201 18 8 9 9 3.67305019e-11 6.15842199e-11 outputs/V1e27_D10000_G6/solution/solution-00092 
 93 1.295091510264e+11 1.392571516413e+09 768 7235 3201 18 8 9 9 3.48675248e-11 5.84456271e-11 outputs/V1e27_D10000_G6/solution/solution-00093 
 94 1.309017225428e+11 1.392571516413e+09 768 7235 3201 18 8 9 9 3.30992253e-11 5.54670921e-11 outputs/V1e27_D10000_G6/solution/solution-00094 
 95 1.322942940592e+11 1.392571516413e+09 768 7235 3201 18 8 9 9 3.14207872e-11 5.26404437e-11 outputs/V1e27_D10000_G6/solution/solution-00095 
 96 1.336868655756e+11 1.392571516413e+09 768 7235 3201 18 8 9 9 2.98276394e-11 4.99579286e-11 outputs/V1e27_D10000_G6/solution/solution-00096 
 97 1.350794370920e+11 1.392571516413e+09 768 7235 3201 18 8 9 9 2.83154435e-11 4.74121902e-11 outputs/V1e27_D10000_G6/solution/solution-00097 
 98 1.364720086084e+11 1.392571516413e+09 768 7235 3201 18 8 9 9 2.68800818e-11 4.49962477e-11 outputs/V1e27_D10000_G6/solution/solution-00098 
 99 1.378645801248e+11 1.392571516413e+09 768 7235 3201 18 8 9 9 2.55176461e-11 4.27034772e-11 outputs/V1e27_D10000_G6/solution/solution-00099 
100 1.392571516413e+11 1.392571516413e+09 768 7235 3201 17 8 9 9 2.42244263e-11 4.05275918e-11 outputs/V1e27_D10000_G6/solution/solution-00100 
