# 1: Time step number
# 2: Time (years)
# 3: Time step size (years)
# 4: Number of mesh cells
# 5: Number of Stokes degrees of freedom
# 6: Number of temperature degrees of freedom
# 7: Iterations for temperature solver
# 8: Iterations for Stokes solver
# 9: Velocity iterations in Stokes preconditioner
# 10: Schur complement iterations in Stokes preconditioner
# 11: RMS velocity (m/year)
# 12: Max. velocity (m/year)
# 13: Visualization file name
  0 0.000000000000e+00 0.000000000000e+00 768 7235 3201  0 8 9 9 5.17500374e-07 2.51425985e-06 outputs/V1e25_D10000_G6/solution/solution-00000 
  1 1.392571516413e+09 1.392571516413e+09 768 7235 3201 32 8 9 9 1.03928628e-06 2.03433736e-06 outputs/V1e25_D10000_G6/solution/solution-00001 
  2 2.785143032825e+09 1.392571516413e+09 768 7235 3201 26 8 9 9 2.83933864e-06 5.01273948e-06 outputs/V1e25_D10000_G6/solution/solution-00002 
  3 4.177714549238e+09 1.392571516413e+09 768 7235 3201 25 8 9 9 7.43907274e-06 1.34828887e-05 outputs/V1e25_D10000_G6/solution/solution-00003 
  4 5.570286065650e+09 1.392571516413e+09 768 7235 3201 24 8 9 9 1.82590849e-05 3.38948218e-05 outputs/V1e25_D10000_G6/solution/solution-00004 
  5 6.962857582063e+09 1.392571516413e+09 768 7235 3201 24 8 9 9 4.20862993e-05 7.97991336e-05 outputs/V1e25_D10000_G6/solution/solution-00005 
  6 8.137688025109e+09 1.174830443046e+09 768 7235 3201 23 8 9 9 8.30131078e-05 1.59993676e-04 outputs/V1e25_D10000_G6/solution/solution-00006 
  7 8.723726014432e+09 5.860379893224e+08 768 7235 3201 17 8 9 9 1.18645455e-04 2.30444387e-04 outputs/V1e25_D10000_G6/solution/solution-00007 
  8 9.130505155032e+09 4.067791406003e+08 768 7235 3201 14 7 8 8 1.53002466e-04 2.98773396e-04 outputs/V1e25_D10000_G6/solution/solution-00008 
  9 9.444334010548e+09 3.138288555163e+08 768 7235 3201 12 7 8 8 1.86331159e-04 3.65315956e-04 outputs/V1e25_D10000_G6/solution/solution-00009 
 10 9.700961180796e+09 2.566271702483e+08 768 7235 3201 11 7 8 8 2.18764903e-04 4.30265825e-04 outputs/V1e25_D10000_G6/solution/solution-00010 
 11 9.918905091211e+09 2.179439104146e+08 768 7235 3201 10 6 7 7 2.50447872e-04 4.93711235e-04 outputs/V1e25_D10000_G6/solution/solution-00011 
 12 1.010875624762e+10 1.898511564099e+08 768 7235 3201 10 6 7 7 2.81466601e-04 5.56079317e-04 outputs/V1e25_D10000_G6/solution/solution-00012 
 13 1.027740450802e+10 1.686482604037e+08 768 7235 3201 10 6 7 7 3.11908100e-04 6.17238110e-04 outputs/V1e25_D10000_G6/solution/solution-00013 
 14 1.042929078731e+10 1.518862792821e+08 768 7235 3201  9 6 7 7 3.41784063e-04 6.77149253e-04 outputs/V1e25_D10000_G6/solution/solution-00014 
 15 1.056780766636e+10 1.385168790566e+08 768 7235 3201  9 6 7 7 3.71130607e-04 7.35742295e-04 outputs/V1e25_D10000_G6/solution/solution-00015 
 16 1.069521673053e+10 1.274090641624e+08 768 7235 3201  9 6 7 7 3.99902614e-04 7.93071740e-04 outputs/V1e25_D10000_G6/solution/solution-00016 
 17 1.081341390207e+10 1.181971715400e+08 768 7235 3201  9 6 7 7 4.28077135e-04 8.49114964e-04 outputs/V1e25_D10000_G6/solution/solution-00017 
 18 1.092389447054e+10 1.104805684725e+08 768 7235 3201  9 6 7 7 4.55616498e-04 9.03385438e-04 outputs/V1e25_D10000_G6/solution/solution-00018 
 19 1.102767077245e+10 1.037763019136e+08 768 7235 3201  9 6 7 7 4.82419763e-04 9.55922259e-04 outputs/V1e25_D10000_G6/solution/solution-00019 
 20 1.112574360119e+10 9.807282873777e+07 768 7235 3201  9 6 7 7 5.08424608e-04 1.00644698e-03 outputs/V1e25_D10000_G6/solution/solution-00020 
 21 1.121893358753e+10 9.318998634347e+07 768 7235 3201  9 6 7 7 5.33556869e-04 1.05489891e-03 outputs/V1e25_D10000_G6/solution/solution-00021 
 22 1.130783977927e+10 8.890619173345e+07 768 7235 3201  9 6 7 7 5.57710452e-04 1.10057901e-03 outputs/V1e25_D10000_G6/solution/solution-00022 
 23 1.139299640778e+10 8.515662851389e+07 768 7235 3201  9 6 7 7 5.80784589e-04 1.14399642e-03                                              "" 
 24 1.147491552452e+10 8.191911674217e+07 768 7235 3201  9 6 7 7 6.02692722e-04 1.18518397e-03 outputs/V1e25_D10000_G6/solution/solution-00023 
 25 1.155403892955e+10 7.912340503046e+07 768 7235 3201  9 6 7 7 6.23346885e-04 1.22318573e-03 outputs/V1e25_D10000_G6/solution/solution-00024 
 26 1.163074214052e+10 7.670321096265e+07 768 7235 3201  9 6 7 7 6.42657237e-04 1.25786337e-03 outputs/V1e25_D10000_G6/solution/solution-00025 
 27 1.170527506421e+10 7.453292369888e+07 768 7235 3201  9 6 7 7 6.60518272e-04 1.28996700e-03 outputs/V1e25_D10000_G6/solution/solution-00026 
 28 1.177795134223e+10 7.267627801137e+07 768 7235 3201  9 6 7 7 6.76856244e-04 1.31854952e-03                                              "" 
 29 1.184905219879e+10 7.110085656742e+07 768 7235 3201  9 6 7 7 6.91603117e-04 1.34350437e-03 outputs/V1e25_D10000_G6/solution/solution-00027 
 30 1.191883239600e+10 6.978019720207e+07 768 7235 3201  9 6 7 7 7.04697746e-04 1.36544381e-03 outputs/V1e25_D10000_G6/solution/solution-00028 
 31 1.198752508535e+10 6.869268935249e+07 768 7235 3201  9 6 7 7 7.16086851e-04 1.38388336e-03                                              "" 
 32 1.205532804762e+10 6.780296227485e+07 768 7235 3201  9 6 7 7 7.25723503e-04 1.39856767e-03 outputs/V1e25_D10000_G6/solution/solution-00029 
 33 1.212238543418e+10 6.705738656076e+07 768 7235 3201  9 6 7 7 7.33567772e-04 1.40948574e-03 outputs/V1e25_D10000_G6/solution/solution-00030 
 34 1.218889093085e+10 6.650549667098e+07 768 7235 3201  9 6 7 7 7.39600325e-04 1.41666423e-03                                              "" 
 35 1.225502810209e+10 6.613717123053e+07 768 7235 3201  9 6 7 7 7.43811571e-04 1.42668010e-03 outputs/V1e25_D10000_G6/solution/solution-00031 
 36 1.232068153912e+10 6.565343703318e+07 768 7235 3201  9 6 7 7 7.46195102e-04 1.44100773e-03 outputs/V1e25_D10000_G6/solution/solution-00032 
 37 1.238569129876e+10 6.500975964125e+07 768 7235 3201  9 6 7 7 7.46785932e-04 1.45177362e-03                                              "" 
 38 1.245022888211e+10 6.453758335302e+07 768 7235 3201  9 6 7 7 7.45652068e-04 1.45909895e-03 outputs/V1e25_D10000_G6/solution/solution-00033 
 39 1.251445309186e+10 6.422420975208e+07 768 7235 3201  9 6 7 7 7.42866992e-04 1.46311422e-03 outputs/V1e25_D10000_G6/solution/solution-00034 
 40 1.257851231633e+10 6.405922446536e+07 768 7235 3201  9 6 7 7 7.38508931e-04 1.46395765e-03                                              "" 
 41 1.264254646003e+10 6.403414369559e+07 768 7235 3201  9 6 7 7 7.32660097e-04 1.46177365e-03 outputs/V1e25_D10000_G6/solution/solution-00035 
 42 1.270668859303e+10 6.414213300462e+07 768 7235 3201  9 6 7 7 7.25405940e-04 1.45671151e-03 outputs/V1e25_D10000_G6/solution/solution-00036 
 43 1.277106637559e+10 6.437778255548e+07 768 7235 3201  8 6 7 7 7.16834422e-04 1.44892417e-03                                              "" 
 44 1.283580330238e+10 6.473692679075e+07 768 7235 3201  8 6 7 7 7.07035317e-04 1.43856702e-03 outputs/V1e25_D10000_G6/solution/solution-00037 
 45 1.290101980170e+10 6.521649932421e+07 768 7235 3201  8 6 7 7 6.96099554e-04 1.42579703e-03 outputs/V1e25_D10000_G6/solution/solution-00038 
 46 1.296683421761e+10 6.581441590431e+07 768 7235 3201  8 6 7 7 6.84118599e-04 1.41077175e-03                                              "" 
 47 1.303336192373e+10 6.652770612774e+07 768 7235 3201  8 6 7 7 6.71184238e-04 1.39364908e-03 outputs/V1e25_D10000_G6/solution/solution-00039 
 48 1.310068896737e+10 6.732704364032e+07 768 7235 3201  8 6 7 7 6.57393819e-04 1.37459477e-03 outputs/V1e25_D10000_G6/solution/solution-00040 
 49 1.316893089800e+10 6.824193062217e+07 768 7235 3201  8 6 7 7 6.42838260e-04 1.35376646e-03                                              "" 
 50 1.323820400921e+10 6.927311121720e+07 768 7235 3201  8 6 7 7 6.27606790e-04 1.33131949e-03 outputs/V1e25_D10000_G6/solution/solution-00041 
 51 1.330862596085e+10 7.042195164223e+07 768 7235 3201  8 6 7 7 6.11786599e-04 1.30770646e-03 outputs/V1e25_D10000_G6/solution/solution-00042 
 52 1.338031636122e+10 7.169040036493e+07 768 7235 3201  8 6 7 7 5.95462528e-04 1.28282399e-03                                              "" 
 53 1.345339731419e+10 7.308095296633e+07 768 7235 3201  8 6 7 7 5.78716822e-04 1.25675935e-03 outputs/V1e25_D10000_G6/solution/solution-00043 
 54 1.352799393439e+10 7.459662020033e+07 768 7235 3201  8 6 7 7 5.61628921e-04 1.22965498e-03 outputs/V1e25_D10000_G6/solution/solution-00044 
 55 1.360423483215e+10 7.624089776844e+07 768 7235 3201  8 6 7 7 5.44275297e-04 1.20164983e-03 outputs/V1e25_D10000_G6/solution/solution-00045 
 56 1.368225256851e+10 7.801773635726e+07 768 7235 3201  8 6 7 7 5.26729327e-04 1.17287912e-03                                              "" 
 57 1.376218407901e+10 7.993151049847e+07 768 7235 3201  8 6 7 7 5.09061201e-04 1.14347418e-03 outputs/V1e25_D10000_G6/solution/solution-00046 
 58 1.384417106381e+10 8.198698479849e+07 768 7235 3201  8 6 7 7 4.91337859e-04 1.11356225e-03 outputs/V1e25_D10000_G6/solution/solution-00047 
 59 1.392836033986e+10 8.418927604764e+07 768 7235 3201  8 6 7 7 4.73622948e-04 1.08326639e-03 outputs/V1e25_D10000_G6/solution/solution-00048 
 60 1.401490414952e+10 8.654380966365e+07 768 7235 3201  8 6 7 7 4.55976808e-04 1.05272387e-03 outputs/V1e25_D10000_G6/solution/solution-00049 
 61 1.410396041838e+10 8.905626885799e+07 768 7235 3201  8 6 7 7 4.38456464e-04 1.02235972e-03 outputs/V1e25_D10000_G6/solution/solution-00050 
 62 1.419569295322e+10 9.173253484613e+07 768 7235 3201  8 6 7 7 4.21115636e-04 9.91946477e-04                                              "" 
 63 1.429027156959e+10 9.457861636375e+07 768 7235 3201  8 6 7 7 4.04004752e-04 9.61589071e-04 outputs/V1e25_D10000_G6/solution/solution-00051 
 64 1.438787213630e+10 9.760056671547e+07 768 7235 3201  8 6 7 7 3.87170972e-04 9.31387370e-04 outputs/V1e25_D10000_G6/solution/solution-00052 
 65 1.448863792846e+10 1.007657921557e+08 768 7235 3201  8 6 7 7 3.70664345e-04 9.01447232e-04 outputs/V1e25_D10000_G6/solution/solution-00053 
 66 1.459271666110e+10 1.040787326368e+08 768 7235 3201  8 6 7 7 3.54530527e-04 8.71867485e-04 outputs/V1e25_D10000_G6/solution/solution-00054 
 67 1.470028989802e+10 1.075732369238e+08 768 7235 3201  8 6 7 7 3.38806534e-04 8.42731732e-04 outputs/V1e25_D10000_G6/solution/solution-00055 
 68 1.481154270809e+10 1.112528100659e+08 768 7235 3201  8 6 7 7 3.23526021e-04 8.14117604e-04 outputs/V1e25_D10000_G6/solution/solution-00056 
 69 1.492666295167e+10 1.151202435852e+08 768 7235 3201  8 6 7 7 3.08719273e-04 7.86096634e-04 outputs/V1e25_D10000_G6/solution/solution-00057 
 70 1.504584039649e+10 1.191774448229e+08 768 7235 3201  8 6 7 7 2.94413207e-04 7.58845012e-04 outputs/V1e25_D10000_G6/solution/solution-00058 
 71 1.516926565031e+10 1.234252538144e+08 768 7235 3201  8 6 7 7 2.80631359e-04 7.32812879e-04 outputs/V1e25_D10000_G6/solution/solution-00059 
 72 1.529712890085e+10 1.278632505404e+08 768 7235 3201  8 6 7 7 2.67393868e-04 7.07531701e-04 outputs/V1e25_D10000_G6/solution/solution-00060 
 73 1.542961845705e+10 1.324895562008e+08 768 7235 3201  8 6 7 7 2.54717465e-04 6.83046862e-04 outputs/V1e25_D10000_G6/solution/solution-00061 
 74 1.556691909026e+10 1.373006332111e+08 768 7235 3201  8 6 7 7 2.42615456e-04 6.59397441e-04 outputs/V1e25_D10000_G6/solution/solution-00062 
 75 1.570921018003e+10 1.422910897717e+08 768 7235 3201  8 6 7 7 2.31097716e-04 6.36616304e-04 outputs/V1e25_D10000_G6/solution/solution-00063 
 76 1.585666178028e+10 1.474516002466e+08 768 7235 3201  8 6 7 7 2.20170825e-04 6.14730492e-04 outputs/V1e25_D10000_G6/solution/solution-00064 
 77 1.600927207576e+10 1.526102954815e+08 768 7235 3201  8 6 7 7 2.09848350e-04 5.93782418e-04 outputs/V1e25_D10000_G6/solution/solution-00065 
 78 1.616717059021e+10 1.578985144466e+08 768 7235 3201  8 6 7 7 2.00128242e-04 5.74091842e-04 outputs/V1e25_D10000_G6/solution/solution-00066 
 79 1.633047198759e+10 1.633013973811e+08 768 7235 3201  9 6 7 7 1.91005132e-04 5.55384355e-04 outputs/V1e25_D10000_G6/solution/solution-00067 
 80 1.649927400582e+10 1.688020182276e+08 768 7235 3201  9 5 6 6 1.82470463e-04 5.37614482e-04 outputs/V1e25_D10000_G6/solution/solution-00068 
 81 1.667365546904e+10 1.743814632284e+08 768 7235 3201  9 5 6 6 1.74512686e-04 5.20778478e-04 outputs/V1e25_D10000_G6/solution/solution-00069 
 82 1.685367442919e+10 1.800189601499e+08 768 7235 3201  9 5 6 6 1.67117475e-04 5.04868073e-04 outputs/V1e25_D10000_G6/solution/solution-00070 
 83 1.703936650386e+10 1.856920746687e+08 768 7235 3201  9 5 6 6 1.60268002e-04 4.89884815e-04 outputs/V1e25_D10000_G6/solution/solution-00071 
 84 1.723074345931e+10 1.913769554473e+08 768 7235 3201  9 5 6 6 1.53945238e-04 4.76048915e-04 outputs/V1e25_D10000_G6/solution/solution-00072 
 85 1.742779209824e+10 1.970486389315e+08 768 7235 3201  9 5 6 6 1.48128287e-04 4.63067142e-04 outputs/V1e25_D10000_G6/solution/solution-00073 
 86 1.763047350078e+10 2.026814025350e+08 768 7235 3201  9 5 6 6 1.42794736e-04 4.50917608e-04 outputs/V1e25_D10000_G6/solution/solution-00074 
 87 1.783872265954e+10 2.082491587604e+08 768 7235 3201  9 5 6 6 1.37921025e-04 4.39576038e-04 outputs/V1e25_D10000_G6/solution/solution-00075 
 88 1.805230208434e+10 2.135794247989e+08 768 7235 3201  9 5 6 6 1.33485665e-04 4.29023041e-04 outputs/V1e25_D10000_G6/solution/solution-00076 
 89 1.827106045802e+10 2.187583736832e+08 768 7235 3201  9 5 6 6 1.29463487e-04 4.19230208e-04 outputs/V1e25_D10000_G6/solution/solution-00077 
 90 1.849485851593e+10 2.237980579114e+08 768 7235 3201  9 5 6 6 1.25828592e-04 4.10166146e-04 outputs/V1e25_D10000_G6/solution/solution-00078 
 91 1.872353695971e+10 2.286784437823e+08 768 7235 3201  9 5 6 6 1.22555472e-04 4.01798717e-04 outputs/V1e25_D10000_G6/solution/solution-00079 
 92 1.895691821455e+10 2.333812548337e+08 768 7235 3201  9 6 7 7 1.19619268e-04 3.94095333e-04 outputs/V1e25_D10000_G6/solution/solution-00080 
 93 1.919480844514e+10 2.378902305936e+08 768 7235 3201  9 6 7 7 1.16995974e-04 3.87023207e-04 outputs/V1e25_D10000_G6/solution/solution-00081 
 94 1.943699978484e+10 2.421913397020e+08 768 7235 3201  9 6 7 7 1.14662605e-04 3.80549590e-04 outputs/V1e25_D10000_G6/solution/solution-00082 
 95 1.968327271574e+10 2.462729308933e+08 768 7235 3201  9 6 7 7 1.12597309e-04 3.74641957e-04 outputs/V1e25_D10000_G6/solution/solution-00083 
 96 1.993339855008e+10 2.501258343443e+08 768 7235 3201  9 6 7 7 1.10779444e-04 3.69268183e-04 outputs/V1e25_D10000_G6/solution/solution-00084 
 97 2.018714195120e+10 2.537434011194e+08 768 7235 3201  9 6 7 7 1.09189618e-04 3.64396679e-04 outputs/V1e25_D10000_G6/solution/solution-00085 
 98 2.044426343858e+10 2.571214873786e+08 768 7235 3201  9 6 7 7 1.07809687e-04 3.59996519e-04 outputs/V1e25_D10000_G6/solution/solution-00086 
 99 2.070452182498e+10 2.602583864023e+08 768 7235 3201  9 6 7 7 1.06622743e-04 3.56037537e-04 outputs/V1e25_D10000_G6/solution/solution-00087 
100 2.096767653903e+10 2.631547140449e+08 768 7235 3201  9 6 7 7 1.05613066e-04 3.52490411e-04 outputs/V1e25_D10000_G6/solution/solution-00088 
