# 1: Time step number
# 2: Time (years)
# 3: Time step size (years)
# 4: Number of mesh cells
# 5: Number of Stokes degrees of freedom
# 6: Number of temperature degrees of freedom
# 7: Iterations for temperature solver
# 8: Iterations for Stokes solver
# 9: Velocity iterations in Stokes preconditioner
# 10: Schur complement iterations in Stokes preconditioner
# 11: RMS velocity (m/year)
# 12: Max. velocity (m/year)
# 13: Visualization file name
  0 0.000000000000e+00 0.000000000000e+00 768 7235 3201  0 8 9 9 7.95027476e-06 1.41065609e-05 outputs/V1e24_D30_G12/solution/solution-00000 
  1 1.392571516413e+09 1.392571516413e+09 768 7235 3201 31 8 9 9 1.22940546e-05 2.35918611e-05 outputs/V1e24_D30_G12/solution/solution-00001 
  2 2.785143032825e+09 1.392571516413e+09 768 7235 3201 25 8 9 9 2.66874743e-05 5.62680631e-05 outputs/V1e24_D30_G12/solution/solution-00002 
  3 4.177714549238e+09 1.392571516413e+09 768 7235 3201 25 8 9 9 7.72384486e-05 1.67594640e-04 outputs/V1e24_D30_G12/solution/solution-00003 
  4 4.737193394052e+09 5.594788448140e+08 768 7235 3201 17 8 9 9 1.39182260e-04 3.03999977e-04 outputs/V1e24_D30_G12/solution/solution-00004 
  5 5.045701225246e+09 3.085078311937e+08 768 7235 3201 13 8 9 9 2.05471665e-04 4.50926021e-04 outputs/V1e24_D30_G12/solution/solution-00005 
  6 5.253670939307e+09 2.079697140616e+08 768 7235 3201 12 7 8 8 2.75289890e-04 6.07145608e-04 outputs/V1e24_D30_G12/solution/solution-00006 
  7 5.408095519967e+09 1.544245806594e+08 768 7235 3201 11 7 8 8 3.48081507e-04 7.71691625e-04 outputs/V1e24_D30_G12/solution/solution-00007 
  8 5.529581871519e+09 1.214863515521e+08 768 7235 3201 10 7 8 8 4.23704262e-04 9.44221206e-04 outputs/V1e24_D30_G12/solution/solution-00008 
  9 5.628880779815e+09 9.929890829657e+07 768 7235 3201 10 7 8 8 5.02158506e-04 1.12411588e-03 outputs/V1e24_D30_G12/solution/solution-00009 
 10 5.712320972569e+09 8.344019275410e+07 768 7235 3201 10 7 8 8 5.83483288e-04 1.31055716e-03 outputs/V1e24_D30_G12/solution/solution-00010 
 11 5.783864395046e+09 7.154342247625e+07 768 7235 3201 10 6 7 7 6.67590270e-04 1.50215006e-03                                            "" 
 12 5.846248643849e+09 6.238424880316e+07 768 7235 3201 10 6 7 7 7.54378549e-04 1.69881932e-03 outputs/V1e24_D30_G12/solution/solution-00011 
 13 5.901475301058e+09 5.522665720919e+07 768 7235 3201 10 6 7 7 8.43769940e-04 1.89769990e-03 outputs/V1e24_D30_G12/solution/solution-00012 
 14 5.950877211118e+09 4.940191005980e+07 768 7235 3201 10 6 7 7 9.35356757e-04 2.09701309e-03                                            "" 
 15 5.995596801272e+09 4.471959015436e+07 768 7235 3201 11 6 7 7 1.02890543e-03 2.29614262e-03                                            "" 
 16 6.036446883280e+09 4.085008200774e+07 768 7235 3201 11 6 7 7 1.12394988e-03 2.49035368e-03 outputs/V1e24_D30_G12/solution/solution-00013 
 17 6.074065697606e+09 3.761881432567e+07 768 7235 3201 11 6 7 7 1.21992785e-03 2.68246677e-03                                            "" 
 18 6.109011472346e+09 3.494577474010e+07 768 7235 3201 12 6 7 7 1.31632737e-03 2.93715824e-03 outputs/V1e24_D30_G12/solution/solution-00014 
 19 6.140917146913e+09 3.190567456734e+07 768 7235 3201 12 6 7 7 1.41010547e-03 3.20060400e-03                                            "" 
 20 6.170177656318e+09 2.926050940536e+07 768 7235 3201 12 6 7 7 1.50037610e-03 3.45810375e-03                                            "" 
 21 6.197273712369e+09 2.709605605026e+07 768 7235 3201 12 6 7 7 1.58686642e-03 3.70510932e-03                                            "" 
 22 6.222580611211e+09 2.530689884222e+07 768 7235 3201 12 6 7 7 1.66930740e-03 3.93967917e-03 outputs/V1e24_D30_G12/solution/solution-00015 
 23 6.246396750693e+09 2.381613948266e+07 768 7235 3201 12 6 7 7 1.74744143e-03 4.16057727e-03                                            "" 
 24 6.268955569061e+09 2.255881836741e+07 768 7235 3201 12 6 7 7 1.82100195e-03 4.36672112e-03                                            "" 
 25 6.290431739089e+09 2.147617002827e+07 768 7235 3201 12 6 7 7 1.88969591e-03 4.55923433e-03                                            "" 
 26 6.310994402299e+09 2.056266320946e+07 768 7235 3201 12 6 7 7 1.95334969e-03 4.73699481e-03 outputs/V1e24_D30_G12/solution/solution-00016 
 27 6.330785430962e+09 1.979102866314e+07 768 7235 3201 12 6 7 7 2.01181444e-03 4.89816789e-03                                            "" 
 28 6.349925240395e+09 1.913980943328e+07 768 7235 3201 12 6 7 7 2.06496822e-03 5.04250383e-03                                            "" 
 29 6.368517194538e+09 1.859195414253e+07 768 7235 3201 12 6 7 7 2.11271799e-03 5.17162572e-03                                            "" 
 30 6.386650988748e+09 1.813379421080e+07 768 7235 3201 12 6 7 7 2.15500156e-03 5.28546979e-03                                            "" 
 31 6.404405276238e+09 1.775428748952e+07 768 7235 3201 13 6 7 7 2.19178933e-03 5.38247432e-03 outputs/V1e24_D30_G12/solution/solution-00017 
 32 6.421836321289e+09 1.743104505113e+07 768 7235 3201 13 6 7 7 2.22306369e-03 5.46283381e-03                                            "" 
 33 6.439003238970e+09 1.716691768077e+07 768 7235 3201 13 6 7 7 2.24887183e-03 5.52693819e-03                                            "" 
 34 6.455964025405e+09 1.696078643503e+07 768 7235 3201 13 6 7 7 2.26930617e-03 5.57530644e-03                                            "" 
 35 6.472771295678e+09 1.680727027286e+07 768 7235 3201 13 6 7 7 2.28449236e-03 5.60854624e-03                                            "" 
 36 6.489473189158e+09 1.670189348050e+07 768 7235 3201 13 6 7 7 2.29458853e-03 5.63025188e-03 outputs/V1e24_D30_G12/solution/solution-00018 
 37 6.506114096263e+09 1.664090710467e+07 768 7235 3201 13 6 7 7 2.29978391e-03 5.63857187e-03 outputs/V1e24_D30_G12/solution/solution-00019 
 38 6.522735241912e+09 1.662114564935e+07 768 7235 3201 13 6 7 7 2.30029682e-03 5.63365324e-03                                            "" 
 39 6.539375152707e+09 1.663991079475e+07 768 7235 3201 13 6 7 7 2.29637201e-03 5.61636145e-03                                            "" 
 40 6.556070028719e+09 1.669487601223e+07 768 7235 3201 13 6 7 7 2.28827740e-03 5.58761128e-03                                            "" 
 41 6.572854036217e+09 1.678400749833e+07 768 7235 3201 13 6 7 7 2.27630049e-03 5.54835598e-03                                            "" 
 42 6.589759534255e+09 1.690549803742e+07 768 7235 3201 13 6 7 7 2.26074424e-03 5.49957597e-03 outputs/V1e24_D30_G12/solution/solution-00020 
 43 6.606817245571e+09 1.705771131650e+07 768 7235 3201 12 6 7 7 2.24192284e-03 5.44226728e-03 outputs/V1e24_D30_G12/solution/solution-00021 
 44 6.624056380464e+09 1.723913489285e+07 768 7235 3201 12 6 7 7 2.22015729e-03 5.37742999e-03                                            "" 
 45 6.641504720949e+09 1.744834048466e+07 768 7235 3201 12 6 7 7 2.19577102e-03 5.30605681e-03                                            "" 
 46 6.659188671515e+09 1.768395056609e+07 768 7235 3201 12 6 7 7 2.16908572e-03 5.22912210e-03                                            "" 
 47 6.677133281978e+09 1.794461046313e+07 768 7235 3201 12 6 7 7 2.14041743e-03 5.14757176e-03                                            "" 
 48 6.695362247295e+09 1.822896531699e+07 768 7235 3201 12 6 7 7 2.11007301e-03 5.06231402e-03 outputs/V1e24_D30_G12/solution/solution-00022 
 49 6.713897888728e+09 1.853564143286e+07 768 7235 3201 12 6 7 7 2.07834713e-03 4.97421155e-03 outputs/V1e24_D30_G12/solution/solution-00023 
 50 6.732761120393e+09 1.886323166523e+07 768 7235 3201 12 6 7 7 2.04551975e-03 4.88407486e-03                                            "" 
 51 6.751971404989e+09 1.921028459550e+07 768 7235 3201 12 6 7 7 2.01185412e-03 4.79265710e-03                                            "" 
 52 6.771546702313e+09 1.957529732414e+07 768 7235 3201 12 6 7 7 1.97759532e-03 4.70065038e-03                                            "" 
 53 6.791503414040e+09 1.995671172731e+07 768 7235 3201 11 6 7 7 1.94296922e-03 4.60868335e-03                                            "" 
 54 6.811856328064e+09 2.035291402364e+07 768 7235 3201 11 6 7 7 1.90818192e-03 4.51732022e-03 outputs/V1e24_D30_G12/solution/solution-00024 
 55 6.832618565535e+09 2.076223747142e+07 768 7235 3201 11 6 7 7 1.87341961e-03 4.42706087e-03                                            "" 
 56 6.853801533514e+09 2.118296797898e+07 768 7235 3201 11 6 7 7 1.83884868e-03 4.33834201e-03                                            "" 
 57 6.875414885883e+09 2.161335236880e+07 768 7235 3201 11 6 7 7 1.80461617e-03 4.25153932e-03                                            "" 
 58 6.897466494874e+09 2.205160899075e+07 768 7235 3201 11 6 7 7 1.77085046e-03 4.16697019e-03                                            "" 
 59 6.919962435209e+09 2.249594033559e+07 768 7235 3201 11 6 7 7 1.73766210e-03 4.08489712e-03 outputs/V1e24_D30_G12/solution/solution-00025 
 60 6.942906982466e+09 2.294454725615e+07 768 7235 3201 11 6 7 7 1.70514472e-03 4.00553147e-03                                            "" 
 61 6.966302626830e+09 2.339564436478e+07 768 7235 3201 11 6 7 7 1.67337620e-03 3.92903749e-03                                            "" 
 62 6.990150102974e+09 2.384747614376e+07 768 7235 3201 11 6 7 7 1.64241969e-03 3.85553651e-03                                            "" 
 63 7.014448436260e+09 2.429833328569e+07 768 7235 3201 11 6 7 7 1.61232482e-03 3.78587192e-03 outputs/V1e24_D30_G12/solution/solution-00026 
 64 7.039195005036e+09 2.474656877598e+07 768 7235 3201 11 6 7 7 1.58312883e-03 3.71973889e-03                                            "" 
 65 7.064385618280e+09 2.519061324386e+07 768 7235 3201 11 6 7 7 1.55485775e-03 3.65670240e-03                                            "" 
 66 7.090014607421e+09 2.562898914109e+07 768 7235 3201 11 6 7 7 1.52752753e-03 3.59675247e-03                                            "" 
 67 7.116074930781e+09 2.606032335983e+07 768 7235 3201 11 6 7 7 1.50114511e-03 3.53985680e-03 outputs/V1e24_D30_G12/solution/solution-00027 
 68 7.142558288750e+09 2.648335796945e+07 768 7235 3201 11 6 7 7 1.47570949e-03 3.48596400e-03                                            "" 
 69 7.169455247583e+09 2.689695883268e+07 768 7235 3201 11 6 7 7 1.45121277e-03 3.43500669e-03                                            "" 
 70 7.196755369532e+09 2.730012194969e+07 768 7235 3201 11 6 7 7 1.42764107e-03 3.38690423e-03                                            "" 
 71 7.224447347001e+09 2.769197746836e+07 768 7235 3201 11 6 7 7 1.40497543e-03 3.34156531e-03 outputs/V1e24_D30_G12/solution/solution-00028 
 72 7.252519138386e+09 2.807179138544e+07 768 7235 3201 11 6 7 7 1.38319266e-03 3.29889018e-03                                            "" 
 73 7.280958103427e+09 2.843896504120e+07 768 7235 3201 11 6 7 7 1.36226611e-03 3.25877272e-03                                            "" 
 74 7.309751136004e+09 2.879303257642e+07 768 7235 3201 10 6 7 7 1.34216636e-03 3.22110223e-03 outputs/V1e24_D30_G12/solution/solution-00029 
 75 7.338880777064e+09 2.912964106050e+07 768 7235 3201 10 6 7 7 1.32286448e-03 3.18576971e-03                                            "" 
 76 7.368328721119e+09 2.944794405440e+07 768 7235 3201 10 6 7 7 1.30432984e-03 3.15266380e-03                                            "" 
 77 7.398081260147e+09 2.975253902802e+07 768 7235 3201 10 6 7 7 1.28652758e-03 3.12166664e-03                                            "" 
 78 7.428124734332e+09 3.004347418576e+07 768 7235 3201 10 6 7 7 1.26942235e-03 3.09266116e-03 outputs/V1e24_D30_G12/solution/solution-00030 
 79 7.458445626540e+09 3.032089220718e+07 768 7235 3201 10 6 7 7 1.25297868e-03 3.06553187e-03                                            "" 
 80 7.489030647105e+09 3.058502056523e+07 768 7235 3201 10 6 7 7 1.23716140e-03 3.04026165e-03                                            "" 
 81 7.519866808816e+09 3.083616171144e+07 768 7235 3201 10 6 7 7 1.22193584e-03 3.01692535e-03 outputs/V1e24_D30_G12/solution/solution-00031 
 82 7.550941492158e+09 3.107468334131e+07 768 7235 3201 10 6 7 7 1.20726811e-03 2.99511112e-03                                            "" 
 83 7.582242501070e+09 3.130100891229e+07 768 7235 3201 10 6 7 7 1.19312527e-03 2.97471648e-03                                            "" 
 84 7.613758109620e+09 3.151560855052e+07 768 7235 3201 10 6 7 7 1.17947551e-03 2.95564262e-03 outputs/V1e24_D30_G12/solution/solution-00032 
 85 7.645477100070e+09 3.171899044988e+07 768 7235 3201 10 5 6 6 1.16628826e-03 2.93779463e-03                                            "" 
 86 7.677388793003e+09 3.191169293311e+07 768 7235 3201 10 5 6 6 1.15353426e-03 2.92108157e-03                                            "" 
 87 7.709483069649e+09 3.209427664586e+07 768 7235 3201 10 5 6 6 1.14118565e-03 2.90541652e-03 outputs/V1e24_D30_G12/solution/solution-00033 
 88 7.741750388020e+09 3.226731837106e+07 768 7235 3201 10 5 6 6 1.12921598e-03 2.89071662e-03                                            "" 
 89 7.774181792520e+09 3.243140449927e+07 768 7235 3201 10 5 6 6 1.11760024e-03 2.87690301e-03                                            "" 
 90 7.806768918169e+09 3.258712564929e+07 768 7235 3201 10 5 6 6 1.10631490e-03 2.86390085e-03 outputs/V1e24_D30_G12/solution/solution-00034 
 91 7.839503989980e+09 3.273507181131e+07 768 7235 3201 10 5 6 6 1.09533783e-03 2.85163920e-03                                            "" 
 92 7.872379818070e+09 3.287582808968e+07 768 7235 3201  9 5 6 6 1.08464834e-03 2.84005096e-03                                            "" 
 93 7.905389789083e+09 3.300997101286e+07 768 7235 3201  9 5 6 6 1.07422712e-03 2.82907282e-03 outputs/V1e24_D30_G12/solution/solution-00035 
 94 7.938527854457e+09 3.313806537421e+07 768 7235 3201  9 5 6 6 1.06405621e-03 2.81864508e-03                                            "" 
 95 7.971788516022e+09 3.326066156535e+07 768 7235 3201  9 5 6 6 1.05411896e-03 2.80871161e-03                                            "" 
 96 8.005166809385e+09 3.337829336303e+07 768 7235 3201  9 5 6 6 1.04440000e-03 2.79921971e-03 outputs/V1e24_D30_G12/solution/solution-00036 
 97 8.038658285516e+09 3.349147613067e+07 768 7235 3201  9 5 6 6 1.03488516e-03 2.79012000e-03                                            "" 
 98 8.072258990913e+09 3.360070539677e+07 768 7235 3201  9 5 6 6 1.02556145e-03 2.78136629e-03                                            "" 
 99 8.105965446687e+09 3.370645577411e+07 768 7235 3201  9 5 6 6 1.01641700e-03 2.77291551e-03 outputs/V1e24_D30_G12/solution/solution-00037 
100 8.139774626873e+09 3.380918018580e+07 768 7235 3201  9 5 6 6 1.00744099e-03 2.76472750e-03                                            "" 
