# 1: Time step number
# 2: Time (years)
# 3: Time step size (years)
# 4: Number of mesh cells
# 5: Number of Stokes degrees of freedom
# 6: Number of temperature degrees of freedom
# 7: Iterations for temperature solver
# 8: Iterations for Stokes solver
# 9: Velocity iterations in Stokes preconditioner
# 10: Schur complement iterations in Stokes preconditioner
# 11: RMS velocity (m/year)
# 12: Max. velocity (m/year)
# 13: Visualization file name
  0 0.000000000000e+00 0.000000000000e+00 768 7235 3201  0 8 9 9 9.25715492e-08 1.59074302e-07 outputs/V1e26_D300_G14/solution/solution-00000 
  1 1.392571516413e+09 1.392571516413e+09 768 7235 3201 31 8 9 9 8.92584303e-08 1.50805860e-07 outputs/V1e26_D300_G14/solution/solution-00001 
  2 2.785143032825e+09 1.392571516413e+09 768 7235 3201 25 8 9 9 8.63150962e-08 1.46265671e-07 outputs/V1e26_D300_G14/solution/solution-00002 
  3 4.177714549238e+09 1.392571516413e+09 768 7235 3201 24 8 9 9 8.37382150e-08 1.42320317e-07 outputs/V1e26_D300_G14/solution/solution-00003 
  4 5.570286065650e+09 1.392571516413e+09 768 7235 3201 23 8 9 9 8.14787644e-08 1.38898616e-07 outputs/V1e26_D300_G14/solution/solution-00004 
  5 6.962857582063e+09 1.392571516413e+09 768 7235 3201 22 8 9 9 7.94962998e-08 1.35904035e-07 outputs/V1e26_D300_G14/solution/solution-00005 
  6 8.355429098476e+09 1.392571516413e+09 768 7235 3201 22 8 9 9 7.77481875e-08 1.33251749e-07 outputs/V1e26_D300_G14/solution/solution-00006 
  7 9.748000614888e+09 1.392571516413e+09 768 7235 3201 21 8 9 9 7.61964294e-08 1.30874466e-07 outputs/V1e26_D300_G14/solution/solution-00007 
  8 1.114057213130e+10 1.392571516413e+09 768 7235 3201 21 8 9 9 7.48087695e-08 1.28720162e-07 outputs/V1e26_D300_G14/solution/solution-00008 
  9 1.253314364771e+10 1.392571516413e+09 768 7235 3201 20 8 9 9 7.35583365e-08 1.26748609e-07 outputs/V1e26_D300_G14/solution/solution-00009 
 10 1.392571516413e+10 1.392571516413e+09 768 7235 3201 20 8 9 9 7.24228917e-08 1.24928406e-07 outputs/V1e26_D300_G14/solution/solution-00010 
 11 1.531828668054e+10 1.392571516413e+09 768 7235 3201 20 8 9 9 7.13840530e-08 1.23234752e-07 outputs/V1e26_D300_G14/solution/solution-00011 
 12 1.671085819695e+10 1.392571516413e+09 768 7235 3201 20 8 9 9 7.04266094e-08 1.21647827e-07 outputs/V1e26_D300_G14/solution/solution-00012 
 13 1.810342971336e+10 1.392571516413e+09 768 7235 3201 20 8 9 9 6.95379492e-08 1.20151625e-07 outputs/V1e26_D300_G14/solution/solution-00013 
 14 1.949600122978e+10 1.392571516413e+09 768 7235 3201 19 8 9 9 6.87075915e-08 1.18733100e-07 outputs/V1e26_D300_G14/solution/solution-00014 
 15 2.088857274619e+10 1.392571516413e+09 768 7235 3201 19 8 9 9 6.79268061e-08 1.17381526e-07 outputs/V1e26_D300_G14/solution/solution-00015 
 16 2.228114426260e+10 1.392571516413e+09 768 7235 3201 19 8 9 9 6.71883050e-08 1.16088029e-07 outputs/V1e26_D300_G14/solution/solution-00016 
 17 2.367371577901e+10 1.392571516413e+09 768 7235 3201 19 8 9 9 6.64859923e-08 1.14845216e-07 outputs/V1e26_D300_G14/solution/solution-00017 
 18 2.506628729543e+10 1.392571516413e+09 768 7235 3201 19 8 9 9 6.58147591e-08 1.13646896e-07 outputs/V1e26_D300_G14/solution/solution-00018 
 19 2.645885881184e+10 1.392571516413e+09 768 7235 3201 19 8 9 9 6.51703172e-08 1.12487863e-07 outputs/V1e26_D300_G14/solution/solution-00019 
 20 2.785143032825e+10 1.392571516413e+09 768 7235 3201 19 8 9 9 6.45490618e-08 1.11363713e-07 outputs/V1e26_D300_G14/solution/solution-00020 
 21 2.924400184466e+10 1.392571516413e+09 768 7235 3201 19 8 9 9 6.39479585e-08 1.10270715e-07 outputs/V1e26_D300_G14/solution/solution-00021 
 22 3.063657336108e+10 1.392571516413e+09 768 7235 3201 18 8 9 9 6.33644502e-08 1.09205690e-07 outputs/V1e26_D300_G14/solution/solution-00022 
 23 3.202914487749e+10 1.392571516413e+09 768 7235 3201 18 8 9 9 6.27963796e-08 1.08165924e-07 outputs/V1e26_D300_G14/solution/solution-00023 
 24 3.342171639390e+10 1.392571516413e+09 768 7235 3201 18 8 9 9 6.22419247e-08 1.07149094e-07 outputs/V1e26_D300_G14/solution/solution-00024 
 25 3.481428791032e+10 1.392571516413e+09 768 7235 3201 18 8 9 9 6.16995458e-08 1.06153202e-07 outputs/V1e26_D300_G14/solution/solution-00025 
 26 3.620685942673e+10 1.392571516413e+09 768 7235 3201 18 8 9 9 6.11679402e-08 1.05176530e-07 outputs/V1e26_D300_G14/solution/solution-00026 
 27 3.759943094314e+10 1.392571516413e+09 768 7235 3201 18 8 9 9 6.06460050e-08 1.04217592e-07 outputs/V1e26_D300_G14/solution/solution-00027 
 28 3.899200245955e+10 1.392571516413e+09 768 7235 3201 18 8 9 9 6.01328054e-08 1.03275101e-07 outputs/V1e26_D300_G14/solution/solution-00028 
 29 4.038457397597e+10 1.392571516413e+09 768 7235 3201 18 8 9 9 5.96275487e-08 1.02347939e-07 outputs/V1e26_D300_G14/solution/solution-00029 
 30 4.177714549238e+10 1.392571516413e+09 768 7235 3201 18 8 9 9 5.91295619e-08 1.01435134e-07 outputs/V1e26_D300_G14/solution/solution-00030 
 31 4.316971700879e+10 1.392571516413e+09 768 7235 3201 18 8 9 9 5.86382728e-08 1.00535834e-07 outputs/V1e26_D300_G14/solution/solution-00031 
 32 4.456228852520e+10 1.392571516413e+09 768 7235 3201 18 8 9 9 5.81531948e-08 9.96492944e-08 outputs/V1e26_D300_G14/solution/solution-00032 
 33 4.595486004162e+10 1.392571516413e+09 768 7235 3201 18 8 9 9 5.76739132e-08 9.87748582e-08 outputs/V1e26_D300_G14/solution/solution-00033 
 34 4.734743155803e+10 1.392571516413e+09 768 7235 3201 18 8 9 9 5.72000742e-08 9.79119467e-08 outputs/V1e26_D300_G14/solution/solution-00034 
 35 4.874000307444e+10 1.392571516413e+09 768 7235 3201 18 8 9 9 5.67313754e-08 9.70600470e-08 outputs/V1e26_D300_G14/solution/solution-00035 
 36 5.013257459085e+10 1.392571516413e+09 768 7235 3201 18 8 9 9 5.62675577e-08 9.62187028e-08 outputs/V1e26_D300_G14/solution/solution-00036 
 37 5.152514610727e+10 1.392571516413e+09 768 7235 3201 18 8 9 9 5.58083989e-08 9.53875065e-08 outputs/V1e26_D300_G14/solution/solution-00037 
 38 5.291771762368e+10 1.392571516413e+09 768 7235 3201 17 8 9 9 5.53537076e-08 9.45660930e-08 outputs/V1e26_D300_G14/solution/solution-00038 
 39 5.431028914009e+10 1.392571516413e+09 768 7235 3201 17 8 9 9 5.49033188e-08 9.37541329e-08 outputs/V1e26_D300_G14/solution/solution-00039 
 40 5.570286065650e+10 1.392571516413e+09 768 7235 3201 17 8 9 9 5.44570895e-08 9.29513287e-08 outputs/V1e26_D300_G14/solution/solution-00040 
 41 5.709543217292e+10 1.392571516413e+09 768 7235 3201 17 8 9 9 5.40148953e-08 9.21574098e-08 outputs/V1e26_D300_G14/solution/solution-00041 
 42 5.848800368933e+10 1.392571516413e+09 768 7235 3201 17 8 9 9 5.35766278e-08 9.13721292e-08 outputs/V1e26_D300_G14/solution/solution-00042 
 43 5.988057520574e+10 1.392571516413e+09 768 7235 3201 17 8 9 9 5.31421916e-08 9.05952606e-08 outputs/V1e26_D300_G14/solution/solution-00043 
 44 6.127314672215e+10 1.392571516413e+09 768 7235 3201 17 8 9 9 5.27115030e-08 8.98265954e-08 outputs/V1e26_D300_G14/solution/solution-00044 
 45 6.266571823857e+10 1.392571516413e+09 768 7235 3201 17 8 9 9 5.22844874e-08 8.90659409e-08 outputs/V1e26_D300_G14/solution/solution-00045 
 46 6.405828975498e+10 1.392571516413e+09 768 7235 3201 17 8 9 9 5.18610785e-08 8.83131178e-08 outputs/V1e26_D300_G14/solution/solution-00046 
 47 6.545086127139e+10 1.392571516413e+09 768 7235 3201 17 8 9 9 5.14412166e-08 8.75679590e-08 outputs/V1e26_D300_G14/solution/solution-00047 
 48 6.684343278781e+10 1.392571516413e+09 768 7235 3201 17 8 9 9 5.10248477e-08 8.68303083e-08 outputs/V1e26_D300_G14/solution/solution-00048 
 49 6.823600430422e+10 1.392571516413e+09 768 7235 3201 17 8 9 9 5.06119228e-08 8.61000184e-08 outputs/V1e26_D300_G14/solution/solution-00049 
 50 6.962857582063e+10 1.392571516413e+09 768 7235 3201 17 8 9 9 5.02023969e-08 8.53769508e-08 outputs/V1e26_D300_G14/solution/solution-00050 
 51 7.102114733704e+10 1.392571516413e+09 768 7235 3201 17 8 9 9 4.97962283e-08 8.46609741e-08 outputs/V1e26_D300_G14/solution/solution-00051 
 52 7.241371885346e+10 1.392571516413e+09 768 7235 3201 17 8 9 9 4.93933785e-08 8.39519639e-08 outputs/V1e26_D300_G14/solution/solution-00052 
 53 7.380629036987e+10 1.392571516413e+09 768 7235 3201 17 8 9 9 4.89938112e-08 8.32498016e-08 outputs/V1e26_D300_G14/solution/solution-00053 
 54 7.519886188628e+10 1.392571516413e+09 768 7235 3201 17 8 9 9 4.85974923e-08 8.25543740e-08 outputs/V1e26_D300_G14/solution/solution-00054 
 55 7.659143340269e+10 1.392571516413e+09 768 7235 3201 17 8 9 9 4.82043895e-08 8.18655729e-08 outputs/V1e26_D300_G14/solution/solution-00055 
 56 7.798400491911e+10 1.392571516413e+09 768 7235 3201 17 8 9 9 4.78144719e-08 8.11832944e-08 outputs/V1e26_D300_G14/solution/solution-00056 
 57 7.937657643552e+10 1.392571516413e+09 768 7235 3201 17 8 9 9 4.74277099e-08 8.05074387e-08 outputs/V1e26_D300_G14/solution/solution-00057 
 58 8.076914795193e+10 1.392571516413e+09 768 7235 3201 17 8 9 9 4.70440749e-08 7.98379099e-08 outputs/V1e26_D300_G14/solution/solution-00058 
 59 8.216171946834e+10 1.392571516413e+09 768 7235 3201 17 8 9 9 4.66635396e-08 7.91746152e-08 outputs/V1e26_D300_G14/solution/solution-00059 
 60 8.355429098476e+10 1.392571516413e+09 768 7235 3201 17 8 9 9 4.62860769e-08 7.85174654e-08 outputs/V1e26_D300_G14/solution/solution-00060 
 61 8.494686250117e+10 1.392571516413e+09 768 7235 3201 17 8 9 9 4.59116609e-08 7.78663738e-08 outputs/V1e26_D300_G14/solution/solution-00061 
 62 8.633943401758e+10 1.392571516413e+09 768 7235 3201 17 8 9 9 4.55402661e-08 7.72212568e-08 outputs/V1e26_D300_G14/solution/solution-00062 
 63 8.773200553399e+10 1.392571516413e+09 768 7235 3201 16 8 9 9 4.51718674e-08 7.65820332e-08 outputs/V1e26_D300_G14/solution/solution-00063 
 64 8.912457705041e+10 1.392571516413e+09 768 7235 3201 16 8 9 9 4.48064402e-08 7.59486240e-08 outputs/V1e26_D300_G14/solution/solution-00064 
 65 9.051714856682e+10 1.392571516413e+09 768 7235 3201 16 8 9 9 4.44439605e-08 7.53209528e-08 outputs/V1e26_D300_G14/solution/solution-00065 
 66 9.190972008323e+10 1.392571516413e+09 768 7235 3201 16 8 9 9 4.40844043e-08 7.46989450e-08 outputs/V1e26_D300_G14/solution/solution-00066 
 67 9.330229159964e+10 1.392571516413e+09 768 7235 3201 16 8 9 9 4.37277483e-08 7.40825282e-08 outputs/V1e26_D300_G14/solution/solution-00067 
 68 9.469486311606e+10 1.392571516413e+09 768 7235 3201 16 8 9 9 4.33739690e-08 7.34716320e-08 outputs/V1e26_D300_G14/solution/solution-00068 
 69 9.608743463247e+10 1.392571516413e+09 768 7235 3201 16 8 9 9 4.30230437e-08 7.28661874e-08 outputs/V1e26_D300_G14/solution/solution-00069 
 70 9.748000614888e+10 1.392571516413e+09 768 7235 3201 16 8 9 9 4.26749495e-08 7.22661275e-08 outputs/V1e26_D300_G14/solution/solution-00070 
 71 9.887257766530e+10 1.392571516413e+09 768 7235 3201 16 7 8 8 4.23296640e-08 7.16713868e-08 outputs/V1e26_D300_G14/solution/solution-00071 
 72 1.002651491817e+11 1.392571516413e+09 768 7235 3201 16 7 8 8 4.19871648e-08 7.10819015e-08 outputs/V1e26_D300_G14/solution/solution-00072 
 73 1.016577206981e+11 1.392571516413e+09 768 7235 3201 16 7 8 8 4.16474298e-08 7.04976093e-08 outputs/V1e26_D300_G14/solution/solution-00073 
 74 1.030502922145e+11 1.392571516413e+09 768 7235 3201 16 7 8 8 4.13104370e-08 6.99184490e-08 outputs/V1e26_D300_G14/solution/solution-00074 
 75 1.044428637309e+11 1.392571516413e+09 768 7235 3201 16 7 8 8 4.09761648e-08 6.93443612e-08 outputs/V1e26_D300_G14/solution/solution-00075 
 76 1.058354352474e+11 1.392571516413e+09 768 7235 3201 16 7 8 8 4.06445915e-08 6.87752875e-08 outputs/V1e26_D300_G14/solution/solution-00076 
 77 1.072280067638e+11 1.392571516413e+09 768 7235 3201 16 7 8 8 4.03156956e-08 6.82111709e-08 outputs/V1e26_D300_G14/solution/solution-00077 
 78 1.086205782802e+11 1.392571516413e+09 768 7235 3201 16 7 8 8 3.99894560e-08 6.76519556e-08 outputs/V1e26_D300_G14/solution/solution-00078 
 79 1.100131497966e+11 1.392571516413e+09 768 7235 3201 16 7 8 8 3.96658514e-08 6.70975869e-08 outputs/V1e26_D300_G14/solution/solution-00079 
 80 1.114057213130e+11 1.392571516413e+09 768 7235 3201 16 7 8 8 3.93448609e-08 6.65480112e-08 outputs/V1e26_D300_G14/solution/solution-00080 
 81 1.127982928294e+11 1.392571516413e+09 768 7235 3201 16 7 8 8 3.90264638e-08 6.60031761e-08 outputs/V1e26_D300_G14/solution/solution-00081 
 82 1.141908643458e+11 1.392571516413e+09 768 7235 3201 16 7 8 8 3.87106394e-08 6.54630301e-08 outputs/V1e26_D300_G14/solution/solution-00082 
 83 1.155834358622e+11 1.392571516413e+09 768 7235 3201 16 7 8 8 3.83973670e-08 6.49275228e-08 outputs/V1e26_D300_G14/solution/solution-00083 
 84 1.169760073787e+11 1.392571516413e+09 768 7235 3201 16 7 8 8 3.80866265e-08 6.43966046e-08 outputs/V1e26_D300_G14/solution/solution-00084 
 85 1.183685788951e+11 1.392571516413e+09 768 7235 3201 16 7 8 8 3.77783975e-08 6.38702271e-08 outputs/V1e26_D300_G14/solution/solution-00085 
 86 1.197611504115e+11 1.392571516413e+09 768 7235 3201 16 7 8 8 3.74726601e-08 6.33483426e-08 outputs/V1e26_D300_G14/solution/solution-00086 
 87 1.211537219279e+11 1.392571516413e+09 768 7235 3201 16 7 8 8 3.71693942e-08 6.28309043e-08 outputs/V1e26_D300_G14/solution/solution-00087 
 88 1.225462934443e+11 1.392571516413e+09 768 7235 3201 15 7 8 8 3.68685802e-08 6.23178663e-08 outputs/V1e26_D300_G14/solution/solution-00088 
 89 1.239388649607e+11 1.392571516413e+09 768 7235 3201 15 7 8 8 3.65701983e-08 6.18091835e-08 outputs/V1e26_D300_G14/solution/solution-00089 
 90 1.253314364771e+11 1.392571516413e+09 768 7235 3201 15 7 8 8 3.62742291e-08 6.13048114e-08 outputs/V1e26_D300_G14/solution/solution-00090 
 91 1.267240079935e+11 1.392571516413e+09 768 7235 3201 15 7 8 8 3.59806532e-08 6.08047066e-08 outputs/V1e26_D300_G14/solution/solution-00091 
 92 1.281165795100e+11 1.392571516413e+09 768 7235 3201 15 7 8 8 3.56894515e-08 6.03088262e-08 outputs/V1e26_D300_G14/solution/solution-00092 
 93 1.295091510264e+11 1.392571516413e+09 768 7235 3201 15 7 8 8 3.54006049e-08 5.98171281e-08 outputs/V1e26_D300_G14/solution/solution-00093 
 94 1.309017225428e+11 1.392571516413e+09 768 7235 3201 15 7 8 8 3.51140944e-08 5.93295708e-08 outputs/V1e26_D300_G14/solution/solution-00094 
 95 1.322942940592e+11 1.392571516413e+09 768 7235 3201 15 7 8 8 3.48299013e-08 5.88461136e-08 outputs/V1e26_D300_G14/solution/solution-00095 
 96 1.336868655756e+11 1.392571516413e+09 768 7235 3201 15 7 8 8 3.45480069e-08 5.83667165e-08 outputs/V1e26_D300_G14/solution/solution-00096 
 97 1.350794370920e+11 1.392571516413e+09 768 7235 3201 15 7 8 8 3.42683929e-08 5.78913398e-08 outputs/V1e26_D300_G14/solution/solution-00097 
 98 1.364720086084e+11 1.392571516413e+09 768 7235 3201 15 7 8 8 3.39910407e-08 5.74199448e-08 outputs/V1e26_D300_G14/solution/solution-00098 
 99 1.378645801248e+11 1.392571516413e+09 768 7235 3201 15 7 8 8 3.37159323e-08 5.69524932e-08 outputs/V1e26_D300_G14/solution/solution-00099 
100 1.392571516413e+11 1.392571516413e+09 768 7235 3201 15 7 8 8 3.34430495e-08 5.64889474e-08 outputs/V1e26_D300_G14/solution/solution-00100 
