# 1: Time step number
# 2: Time (years)
# 3: Time step size (years)
# 4: Number of mesh cells
# 5: Number of Stokes degrees of freedom
# 6: Number of temperature degrees of freedom
# 7: Iterations for temperature solver
# 8: Iterations for Stokes solver
# 9: Velocity iterations in Stokes preconditioner
# 10: Schur complement iterations in Stokes preconditioner
# 11: RMS velocity (m/year)
# 12: Max. velocity (m/year)
# 13: Visualization file name
  0 0.000000000000e+00 0.000000000000e+00 768 7235 3201  0 8 9 9 2.64490141e-09 4.54498007e-09 outputs/V1e27_D300_G4/solution/solution-00000 
  1 1.392571516413e+09 1.392571516413e+09 768 7235 3201 31 8 9 9 2.50617799e-09 4.22634650e-09 outputs/V1e27_D300_G4/solution/solution-00001 
  2 2.785143032825e+09 1.392571516413e+09 768 7235 3201 25 8 9 9 2.37548566e-09 4.00801119e-09 outputs/V1e27_D300_G4/solution/solution-00002 
  3 4.177714549238e+09 1.392571516413e+09 768 7235 3201 24 8 9 9 2.25196577e-09 3.80005485e-09 outputs/V1e27_D300_G4/solution/solution-00003 
  4 5.570286065650e+09 1.392571516413e+09 768 7235 3201 23 8 9 9 2.13482927e-09 3.60277576e-09 outputs/V1e27_D300_G4/solution/solution-00004 
  5 6.962857582063e+09 1.392571516413e+09 768 7235 3201 22 8 9 9 2.02387275e-09 3.41584502e-09 outputs/V1e27_D300_G4/solution/solution-00005 
  6 8.355429098476e+09 1.392571516413e+09 768 7235 3201 22 8 9 9 1.91878831e-09 3.23875994e-09 outputs/V1e27_D300_G4/solution/solution-00006 
  7 9.748000614888e+09 1.392571516413e+09 768 7235 3201 21 8 9 9 1.81925821e-09 3.07099054e-09 outputs/V1e27_D300_G4/solution/solution-00007 
  8 1.114057213130e+10 1.392571516413e+09 768 7235 3201 21 8 9 9 1.72497500e-09 2.91202412e-09 outputs/V1e27_D300_G4/solution/solution-00008 
  9 1.253314364771e+10 1.392571516413e+09 768 7235 3201 20 8 9 9 1.63564783e-09 2.76137684e-09 outputs/V1e27_D300_G4/solution/solution-00009 
 10 1.392571516413e+10 1.392571516413e+09 768 7235 3201 20 8 9 9 1.55100356e-09 2.61859490e-09 outputs/V1e27_D300_G4/solution/solution-00010 
 11 1.531828668054e+10 1.392571516413e+09 768 7235 3201 20 8 9 9 1.47078612e-09 2.48325284e-09 outputs/V1e27_D300_G4/solution/solution-00011 
 12 1.671085819695e+10 1.392571516413e+09 768 7235 3201 20 8 9 9 1.39475529e-09 2.35495131e-09 outputs/V1e27_D300_G4/solution/solution-00012 
 13 1.810342971336e+10 1.392571516413e+09 768 7235 3201 20 8 9 9 1.32268548e-09 2.23331485e-09 outputs/V1e27_D300_G4/solution/solution-00013 
 14 1.949600122978e+10 1.392571516413e+09 768 7235 3201 19 8 9 9 1.25436456e-09 2.11798994e-09 outputs/V1e27_D300_G4/solution/solution-00014 
 15 2.088857274619e+10 1.392571516413e+09 768 7235 3201 19 8 9 9 1.18959284e-09 2.00864335e-09 outputs/V1e27_D300_G4/solution/solution-00015 
 16 2.228114426260e+10 1.392571516413e+09 768 7235 3201 19 8 9 9 1.12818214e-09 1.90496061e-09 outputs/V1e27_D300_G4/solution/solution-00016 
 17 2.367371577901e+10 1.392571516413e+09 768 7235 3201 19 8 9 9 1.06995496e-09 1.80664475e-09 outputs/V1e27_D300_G4/solution/solution-00017 
 18 2.506628729543e+10 1.392571516413e+09 768 7235 3201 19 8 9 9 1.01474377e-09 1.71341507e-09 outputs/V1e27_D300_G4/solution/solution-00018 
 19 2.645885881184e+10 1.392571516413e+09 768 7235 3201 19 8 9 9 9.62390319e-10 1.62500618e-09 outputs/V1e27_D300_G4/solution/solution-00019 
 20 2.785143032825e+10 1.392571516413e+09 768 7235 3201 19 8 9 9 9.12745040e-10 1.54116696e-09 outputs/V1e27_D300_G4/solution/solution-00020 
 21 2.924400184466e+10 1.392571516413e+09 768 7235 3201 19 8 9 9 8.65666504e-10 1.46165974e-09 outputs/V1e27_D300_G4/solution/solution-00021 
 22 3.063657336108e+10 1.392571516413e+09 768 7235 3201 18 8 9 9 8.21020920e-10 1.38625953e-09 outputs/V1e27_D300_G4/solution/solution-00022 
 23 3.202914487749e+10 1.392571516413e+09 768 7235 3201 18 8 9 9 7.78681674e-10 1.31475323e-09 outputs/V1e27_D300_G4/solution/solution-00023 
 24 3.342171639390e+10 1.392571516413e+09 768 7235 3201 18 8 9 9 7.38528909e-10 1.24693898e-09 outputs/V1e27_D300_G4/solution/solution-00024 
 25 3.481428791032e+10 1.392571516413e+09 768 7235 3201 18 8 9 9 7.00449128e-10 1.18262555e-09 outputs/V1e27_D300_G4/solution/solution-00025 
 26 3.620685942673e+10 1.392571516413e+09 768 7235 3201 18 8 9 9 6.64334839e-10 1.12163172e-09 outputs/V1e27_D300_G4/solution/solution-00026 
 27 3.759943094314e+10 1.392571516413e+09 768 7235 3201 18 8 9 9 6.30084208e-10 1.06378575e-09 outputs/V1e27_D300_G4/solution/solution-00027 
 28 3.899200245955e+10 1.392571516413e+09 768 7235 3201 18 8 9 9 5.97600753e-10 1.00892485e-09 outputs/V1e27_D300_G4/solution/solution-00028 
 29 4.038457397597e+10 1.392571516413e+09 768 7235 3201 18 8 9 9 5.66793044e-10 9.56894708e-10 outputs/V1e27_D300_G4/solution/solution-00029 
 30 4.177714549238e+10 1.392571516413e+09 768 7235 3201 18 8 9 9 5.37574428e-10 9.07549052e-10 outputs/V1e27_D300_G4/solution/solution-00030 
 31 4.316971700879e+10 1.392571516413e+09 768 7235 3201 18 8 9 9 5.09862773e-10 8.60749195e-10 outputs/V1e27_D300_G4/solution/solution-00031 
 32 4.456228852520e+10 1.392571516413e+09 768 7235 3201 18 8 9 9 4.83580221e-10 8.16363649e-10 outputs/V1e27_D300_G4/solution/solution-00032 
 33 4.595486004162e+10 1.392571516413e+09 768 7235 3201 18 8 9 9 4.58652963e-10 7.74267741e-10 outputs/V1e27_D300_G4/solution/solution-00033 
 34 4.734743155803e+10 1.392571516413e+09 768 7235 3201 18 8 9 9 4.35011024e-10 7.34343256e-10 outputs/V1e27_D300_G4/solution/solution-00034 
 35 4.874000307444e+10 1.392571516413e+09 768 7235 3201 18 8 9 9 4.12588057e-10 6.96478099e-10 outputs/V1e27_D300_G4/solution/solution-00035 
 36 5.013257459085e+10 1.392571516413e+09 768 7235 3201 18 8 9 9 3.91321154e-10 6.60565976e-10 outputs/V1e27_D300_G4/solution/solution-00036 
 37 5.152514610727e+10 1.392571516413e+09 768 7235 3201 18 8 9 9 3.71150663e-10 6.26506088e-10 outputs/V1e27_D300_G4/solution/solution-00037 
 38 5.291771762368e+10 1.392571516413e+09 768 7235 3201 17 8 9 9 3.52020021e-10 5.94202851e-10 outputs/V1e27_D300_G4/solution/solution-00038 
 39 5.431028914009e+10 1.392571516413e+09 768 7235 3201 17 8 9 9 3.33875590e-10 5.63565616e-10 outputs/V1e27_D300_G4/solution/solution-00039 
 40 5.570286065650e+10 1.392571516413e+09 768 7235 3201 17 8 9 9 3.16666504e-10 5.34508420e-10 outputs/V1e27_D300_G4/solution/solution-00040 
 41 5.709543217292e+10 1.392571516413e+09 768 7235 3201 17 8 9 9 3.00344524e-10 5.06949742e-10 outputs/V1e27_D300_G4/solution/solution-00041 
 42 5.848800368933e+10 1.392571516413e+09 768 7235 3201 17 8 9 9 2.84863905e-10 4.80812268e-10 outputs/V1e27_D300_G4/solution/solution-00042 
 43 5.988057520574e+10 1.392571516413e+09 768 7235 3201 17 8 9 9 2.70181263e-10 4.56022678e-10 outputs/V1e27_D300_G4/solution/solution-00043 
 44 6.127314672215e+10 1.392571516413e+09 768 7235 3201 17 8 9 9 2.56255453e-10 4.32511440e-10 outputs/V1e27_D300_G4/solution/solution-00044 
 45 6.266571823857e+10 1.392571516413e+09 768 7235 3201 17 8 9 9 2.43047456e-10 4.10212608e-10 outputs/V1e27_D300_G4/solution/solution-00045 
 46 6.405828975498e+10 1.392571516413e+09 768 7235 3201 17 8 9 9 2.30520263e-10 3.89063641e-10 outputs/V1e27_D300_G4/solution/solution-00046 
 47 6.545086127139e+10 1.392571516413e+09 768 7235 3201 17 8 9 9 2.18638778e-10 3.69005227e-10 outputs/V1e27_D300_G4/solution/solution-00047 
 48 6.684343278781e+10 1.392571516413e+09 768 7235 3201 17 8 9 9 2.07369712e-10 3.49981116e-10 outputs/V1e27_D300_G4/solution/solution-00048 
 49 6.823600430422e+10 1.392571516413e+09 768 7235 3201 17 8 9 9 1.96681494e-10 3.31937958e-10 outputs/V1e27_D300_G4/solution/solution-00049 
 50 6.962857582063e+10 1.392571516413e+09 768 7235 3201 17 8 9 9 1.86544184e-10 3.14825159e-10 outputs/V1e27_D300_G4/solution/solution-00050 
 51 7.102114733704e+10 1.392571516413e+09 768 7235 3201 17 8 9 9 1.76929382e-10 2.98594733e-10 outputs/V1e27_D300_G4/solution/solution-00051 
 52 7.241371885346e+10 1.392571516413e+09 768 7235 3201 17 8 9 9 1.67810155e-10 2.83201173e-10 outputs/V1e27_D300_G4/solution/solution-00052 
 53 7.380629036987e+10 1.392571516413e+09 768 7235 3201 17 8 9 9 1.59160957e-10 2.68601318e-10 outputs/V1e27_D300_G4/solution/solution-00053 
 54 7.519886188628e+10 1.392571516413e+09 768 7235 3201 17 8 9 9 1.50957561e-10 2.54754233e-10 outputs/V1e27_D300_G4/solution/solution-00054 
 55 7.659143340269e+10 1.392571516413e+09 768 7235 3201 17 8 9 9 1.43176988e-10 2.41621098e-10 outputs/V1e27_D300_G4/solution/solution-00055 
 56 7.798400491911e+10 1.392571516413e+09 768 7235 3201 17 8 9 9 1.35797443e-10 2.29165094e-10 outputs/V1e27_D300_G4/solution/solution-00056 
 57 7.937657643552e+10 1.392571516413e+09 768 7235 3201 17 8 9 9 1.28798256e-10 2.17351301e-10 outputs/V1e27_D300_G4/solution/solution-00057 
 58 8.076914795193e+10 1.392571516413e+09 768 7235 3201 17 8 9 9 1.22159821e-10 2.06146600e-10 outputs/V1e27_D300_G4/solution/solution-00058 
 59 8.216171946834e+10 1.392571516413e+09 768 7235 3201 17 8 9 9 1.15863545e-10 1.95519582e-10 outputs/V1e27_D300_G4/solution/solution-00059 
 60 8.355429098476e+10 1.392571516413e+09 768 7235 3201 17 8 9 9 1.09891791e-10 1.85440459e-10 outputs/V1e27_D300_G4/solution/solution-00060 
 61 8.494686250117e+10 1.392571516413e+09 768 7235 3201 17 8 9 9 1.04227832e-10 1.75880976e-10 outputs/V1e27_D300_G4/solution/solution-00061 
 62 8.633943401758e+10 1.392571516413e+09 768 7235 3201 17 8 9 9 9.88558044e-11 1.66814338e-10 outputs/V1e27_D300_G4/solution/solution-00062 
 63 8.773200553399e+10 1.392571516413e+09 768 7235 3201 16 8 9 9 9.37606608e-11 1.58215134e-10 outputs/V1e27_D300_G4/solution/solution-00063 
 64 8.912457705041e+10 1.392571516413e+09 768 7235 3201 16 8 9 9 8.89281299e-11 1.50059260e-10 outputs/V1e27_D300_G4/solution/solution-00064 
 65 9.051714856682e+10 1.392571516413e+09 768 7235 3201 16 8 9 9 8.43446758e-11 1.42323855e-10 outputs/V1e27_D300_G4/solution/solution-00065 
 66 9.190972008323e+10 1.392571516413e+09 768 7235 3201 16 8 9 9 7.99974605e-11 1.34987240e-10 outputs/V1e27_D300_G4/solution/solution-00066 
 67 9.330229159964e+10 1.392571516413e+09 768 7235 3201 16 8 9 9 7.58743077e-11 1.28028852e-10 outputs/V1e27_D300_G4/solution/solution-00067 
 68 9.469486311606e+10 1.392571516413e+09 768 7235 3201 16 8 9 9 7.19636688e-11 1.21429190e-10 outputs/V1e27_D300_G4/solution/solution-00068 
 69 9.608743463247e+10 1.392571516413e+09 768 7235 3201 16 8 9 9 6.82545903e-11 1.15169757e-10 outputs/V1e27_D300_G4/solution/solution-00069 
 70 9.748000614888e+10 1.392571516413e+09 768 7235 3201 16 8 9 9 6.47366834e-11 1.09233011e-10 outputs/V1e27_D300_G4/solution/solution-00070 
 71 9.887257766530e+10 1.392571516413e+09 768 7235 3201 16 8 9 9 6.14000947e-11 1.03602315e-10 outputs/V1e27_D300_G4/solution/solution-00071 
 72 1.002651491817e+11 1.392571516413e+09 768 7235 3201 16 8 9 9 5.82354788e-11 9.82618897e-11 outputs/V1e27_D300_G4/solution/solution-00072 
 73 1.016577206981e+11 1.392571516413e+09 768 7235 3201 16 8 9 9 5.52339718e-11 9.31967690e-11 outputs/V1e27_D300_G4/solution/solution-00073 
 74 1.030502922145e+11 1.392571516413e+09 768 7235 3201 16 8 9 9 5.23871668e-11 8.83927591e-11 outputs/V1e27_D300_G4/solution/solution-00074 
 75 1.044428637309e+11 1.392571516413e+09 768 7235 3201 16 8 9 9 4.96870903e-11 8.38363979e-11 outputs/V1e27_D300_G4/solution/solution-00075 
 76 1.058354352474e+11 1.392571516413e+09 768 7235 3201 16 8 9 9 4.71261795e-11 7.95149177e-11 outputs/V1e27_D300_G4/solution/solution-00076 
 77 1.072280067638e+11 1.392571516413e+09 768 7235 3201 16 8 9 9 4.46972616e-11 7.54162090e-11 outputs/V1e27_D300_G4/solution/solution-00077 
 78 1.086205782802e+11 1.392571516413e+09 768 7235 3201 16 8 9 9 4.23935335e-11 7.15287866e-11 outputs/V1e27_D300_G4/solution/solution-00078 
 79 1.100131497966e+11 1.392571516413e+09 768 7235 3201 16 8 9 9 4.02085426e-11 6.78417580e-11 outputs/V1e27_D300_G4/solution/solution-00079 
 80 1.114057213130e+11 1.392571516413e+09 768 7235 3201 16 8 9 9 3.81361691e-11 6.43447920e-11 outputs/V1e27_D300_G4/solution/solution-00080 
 81 1.127982928294e+11 1.392571516413e+09 768 7235 3201 16 8 9 9 3.61706084e-11 6.10280899e-11 outputs/V1e27_D300_G4/solution/solution-00081 
 82 1.141908643458e+11 1.392571516413e+09 768 7235 3201 16 8 9 9 3.43063553e-11 5.78823587e-11 outputs/V1e27_D300_G4/solution/solution-00082 
 83 1.155834358622e+11 1.392571516413e+09 768 7235 3201 16 8 9 9 3.25381882e-11 5.48987843e-11 outputs/V1e27_D300_G4/solution/solution-00083 
 84 1.169760073787e+11 1.392571516413e+09 768 7235 3201 16 8 9 9 3.08611546e-11 5.20690072e-11 outputs/V1e27_D300_G4/solution/solution-00084 
 85 1.183685788951e+11 1.392571516413e+09 768 7235 3201 16 8 9 9 2.92705575e-11 4.93850986e-11 outputs/V1e27_D300_G4/solution/solution-00085 
 86 1.197611504115e+11 1.392571516413e+09 768 7235 3201 16 8 9 9 2.77619416e-11 4.68395390e-11 outputs/V1e27_D300_G4/solution/solution-00086 
 87 1.211537219279e+11 1.392571516413e+09 768 7235 3201 16 8 9 9 2.63310816e-11 4.44251960e-11 outputs/V1e27_D300_G4/solution/solution-00087 
 88 1.225462934443e+11 1.392571516413e+09 768 7235 3201 15 8 9 9 2.49739704e-11 4.21353070e-11 outputs/V1e27_D300_G4/solution/solution-00088 
 89 1.239388649607e+11 1.392571516413e+09 768 7235 3201 15 8 9 9 2.36868065e-11 3.99634550e-11 outputs/V1e27_D300_G4/solution/solution-00089 
 90 1.253314364771e+11 1.392571516413e+09 768 7235 3201 15 8 9 9 2.24659845e-11 3.79035548e-11 outputs/V1e27_D300_G4/solution/solution-00090 
 91 1.267240079935e+11 1.392571516413e+09 768 7235 3201 15 8 9 9 2.13080850e-11 3.59498354e-11 outputs/V1e27_D300_G4/solution/solution-00091 
 92 1.281165795100e+11 1.392571516413e+09 768 7235 3201 15 8 9 9 2.02098649e-11 3.40968230e-11 outputs/V1e27_D300_G4/solution/solution-00092 
 93 1.295091510264e+11 1.392571516413e+09 768 7235 3201 15 8 9 9 1.91682482e-11 3.23393262e-11 outputs/V1e27_D300_G4/solution/solution-00093 
 94 1.309017225428e+11 1.392571516413e+09 768 7235 3201 15 8 9 9 1.81803175e-11 3.06724216e-11 outputs/V1e27_D300_G4/solution/solution-00094 
 95 1.322942940592e+11 1.392571516413e+09 768 7235 3201 15 8 9 9 1.72433056e-11 2.90914387e-11 outputs/V1e27_D300_G4/solution/solution-00095 
 96 1.336868655756e+11 1.392571516413e+09 768 7235 3201 15 8 9 9 1.63545883e-11 2.75919487e-11 outputs/V1e27_D300_G4/solution/solution-00096 
 97 1.350794370920e+11 1.392571516413e+09 768 7235 3201 15 8 9 9 1.55116763e-11 2.61697509e-11 outputs/V1e27_D300_G4/solution/solution-00097 
 98 1.364720086084e+11 1.392571516413e+09 768 7235 3201 15 8 9 9 1.47122088e-11 2.48208608e-11 outputs/V1e27_D300_G4/solution/solution-00098 
 99 1.378645801248e+11 1.392571516413e+09 768 7235 3201 15 8 9 9 1.39539465e-11 2.35414996e-11 outputs/V1e27_D300_G4/solution/solution-00099 
100 1.392571516413e+11 1.392571516413e+09 768 7235 3201 15 8 9 9 1.32347657e-11 2.23280833e-11 outputs/V1e27_D300_G4/solution/solution-00100 
