# 1: Time step number
# 2: Time (years)
# 3: Time step size (years)
# 4: Number of mesh cells
# 5: Number of Stokes degrees of freedom
# 6: Number of temperature degrees of freedom
# 7: Iterations for temperature solver
# 8: Iterations for Stokes solver
# 9: Velocity iterations in Stokes preconditioner
# 10: Schur complement iterations in Stokes preconditioner
# 11: RMS velocity (m/year)
# 12: Max. velocity (m/year)
# 13: Visualization file name
  0 0.000000000000e+00 0.000000000000e+00 768 7235 3201  0 8 9 9 9.25715492e-09 1.59074302e-08 outputs/V1e27_D300_G14/solution/solution-00000 
  1 1.392571516413e+09 1.392571516413e+09 768 7235 3201 31 8 9 9 8.78296220e-09 1.48134167e-08 outputs/V1e27_D300_G14/solution/solution-00001 
  2 2.785143032825e+09 1.392571516413e+09 768 7235 3201 25 8 9 9 8.33723198e-09 1.40714624e-08 outputs/V1e27_D300_G14/solution/solution-00002 
  3 4.177714549238e+09 1.392571516413e+09 768 7235 3201 24 8 9 9 7.91712414e-09 1.33668936e-08 outputs/V1e27_D300_G14/solution/solution-00003 
  4 5.570286065650e+09 1.392571516413e+09 768 7235 3201 23 8 9 9 7.51966367e-09 1.27000618e-08 outputs/V1e27_D300_G14/solution/solution-00004 
  5 6.962857582063e+09 1.392571516413e+09 768 7235 3201 22 8 9 9 7.14384760e-09 1.20691236e-08 outputs/V1e27_D300_G14/solution/solution-00005 
  6 8.355429098476e+09 1.392571516413e+09 768 7235 3201 22 8 9 9 6.78833601e-09 1.14717937e-08 outputs/V1e27_D300_G14/solution/solution-00006 
  7 9.748000614888e+09 1.392571516413e+09 768 7235 3201 21 8 9 9 6.45180845e-09 1.09058576e-08 outputs/V1e27_D300_G14/solution/solution-00007 
  8 1.114057213130e+10 1.392571516413e+09 768 7235 3201 21 8 9 9 6.13303436e-09 1.03692927e-08 outputs/V1e27_D300_G14/solution/solution-00008 
  9 1.253314364771e+10 1.392571516413e+09 768 7235 3201 20 8 9 9 5.83088766e-09 9.86027360e-09 outputs/V1e27_D300_G14/solution/solution-00009 
 10 1.392571516413e+10 1.392571516413e+09 768 7235 3201 20 8 9 9 5.54434219e-09 9.37714901e-09 outputs/V1e27_D300_G14/solution/solution-00010 
 11 1.531828668054e+10 1.392571516413e+09 768 7235 3201 20 8 9 9 5.27246141e-09 8.91841613e-09 outputs/V1e27_D300_G14/solution/solution-00011 
 12 1.671085819695e+10 1.392571516413e+09 768 7235 3201 20 8 9 9 5.01438760e-09 8.48269800e-09 outputs/V1e27_D300_G14/solution/solution-00012 
 13 1.810342971336e+10 1.392571516413e+09 768 7235 3201 20 8 9 9 4.76933208e-09 8.06872557e-09 outputs/V1e27_D300_G14/solution/solution-00013 
 14 1.949600122978e+10 1.392571516413e+09 768 7235 3201 19 8 9 9 4.53656683e-09 7.67532319e-09 outputs/V1e27_D300_G14/solution/solution-00014 
 15 2.088857274619e+10 1.392571516413e+09 768 7235 3201 19 8 9 9 4.31541731e-09 7.30139715e-09 outputs/V1e27_D300_G14/solution/solution-00015 
 16 2.228114426260e+10 1.392571516413e+09 768 7235 3201 19 8 9 9 4.10525652e-09 6.94592630e-09 outputs/V1e27_D300_G14/solution/solution-00016 
 17 2.367371577901e+10 1.392571516413e+09 768 7235 3201 19 8 9 9 3.90549990e-09 6.60795438e-09 outputs/V1e27_D300_G14/solution/solution-00017 
 18 2.506628729543e+10 1.392571516413e+09 768 7235 3201 19 8 9 9 3.71560097e-09 6.28658373e-09 outputs/V1e27_D300_G14/solution/solution-00018 
 19 2.645885881184e+10 1.392571516413e+09 768 7235 3201 19 8 9 9 3.53504772e-09 5.98096984e-09 outputs/V1e27_D300_G14/solution/solution-00019 
 20 2.785143032825e+10 1.392571516413e+09 768 7235 3201 19 8 9 9 3.36335938e-09 5.69031689e-09 outputs/V1e27_D300_G14/solution/solution-00020 
 21 2.924400184466e+10 1.392571516413e+09 768 7235 3201 19 8 9 9 3.20008377e-09 5.41387376e-09 outputs/V1e27_D300_G14/solution/solution-00021 
 22 3.063657336108e+10 1.392571516413e+09 768 7235 3201 18 8 9 9 3.04479486e-09 5.15093069e-09 outputs/V1e27_D300_G14/solution/solution-00022 
 23 3.202914487749e+10 1.392571516413e+09 768 7235 3201 18 8 9 9 2.89709075e-09 4.90081625e-09 outputs/V1e27_D300_G14/solution/solution-00023 
 24 3.342171639390e+10 1.392571516413e+09 768 7235 3201 18 8 9 9 2.75659182e-09 4.66289474e-09 outputs/V1e27_D300_G14/solution/solution-00024 
 25 3.481428791032e+10 1.392571516413e+09 768 7235 3201 18 8 9 9 2.62293916e-09 4.43656379e-09 outputs/V1e27_D300_G14/solution/solution-00025 
 26 3.620685942673e+10 1.392571516413e+09 768 7235 3201 18 8 9 9 2.49579310e-09 4.22125231e-09 outputs/V1e27_D300_G14/solution/solution-00026 
 27 3.759943094314e+10 1.392571516413e+09 768 7235 3201 18 8 9 9 2.37483195e-09 4.01641852e-09 outputs/V1e27_D300_G14/solution/solution-00027 
 28 3.899200245955e+10 1.392571516413e+09 768 7235 3201 18 8 9 9 2.25975084e-09 3.82154825e-09 outputs/V1e27_D300_G14/solution/solution-00028 
 29 4.038457397597e+10 1.392571516413e+09 768 7235 3201 18 8 9 9 2.15026067e-09 3.63615333e-09 outputs/V1e27_D300_G14/solution/solution-00029 
 30 4.177714549238e+10 1.392571516413e+09 768 7235 3201 18 8 9 9 2.04608715e-09 3.45977014e-09 outputs/V1e27_D300_G14/solution/solution-00030 
 31 4.316971700879e+10 1.392571516413e+09 768 7235 3201 18 8 9 9 1.94696995e-09 3.29195824e-09 outputs/V1e27_D300_G14/solution/solution-00031 
 32 4.456228852520e+10 1.392571516413e+09 768 7235 3201 18 8 9 9 1.85266190e-09 3.13229910e-09 outputs/V1e27_D300_G14/solution/solution-00032 
 33 4.595486004162e+10 1.392571516413e+09 768 7235 3201 18 8 9 9 1.76292821e-09 2.98039499e-09 outputs/V1e27_D300_G14/solution/solution-00033 
 34 4.734743155803e+10 1.392571516413e+09 768 7235 3201 18 8 9 9 1.67754586e-09 2.83586783e-09 outputs/V1e27_D300_G14/solution/solution-00034 
 35 4.874000307444e+10 1.392571516413e+09 768 7235 3201 18 8 9 9 1.59630288e-09 2.69835818e-09 outputs/V1e27_D300_G14/solution/solution-00035 
 36 5.013257459085e+10 1.392571516413e+09 768 7235 3201 18 8 9 9 1.51899783e-09 2.56752431e-09 outputs/V1e27_D300_G14/solution/solution-00036 
 37 5.152514610727e+10 1.392571516413e+09 768 7235 3201 18 8 9 9 1.44543921e-09 2.44304127e-09 outputs/V1e27_D300_G14/solution/solution-00037 
 38 5.291771762368e+10 1.392571516413e+09 768 7235 3201 17 8 9 9 1.37544493e-09 2.32460003e-09 outputs/V1e27_D300_G14/solution/solution-00038 
 39 5.431028914009e+10 1.392571516413e+09 768 7235 3201 17 8 9 9 1.30884188e-09 2.21190672e-09 outputs/V1e27_D300_G14/solution/solution-00039 
 40 5.570286065650e+10 1.392571516413e+09 768 7235 3201 17 8 9 9 1.24546541e-09 2.10468183e-09 outputs/V1e27_D300_G14/solution/solution-00040 
 41 5.709543217292e+10 1.392571516413e+09 768 7235 3201 17 8 9 9 1.18515894e-09 2.00265952e-09 outputs/V1e27_D300_G14/solution/solution-00041 
 42 5.848800368933e+10 1.392571516413e+09 768 7235 3201 17 8 9 9 1.12777352e-09 1.90558691e-09 outputs/V1e27_D300_G14/solution/solution-00042 
 43 5.988057520574e+10 1.392571516413e+09 768 7235 3201 17 8 9 9 1.07316749e-09 1.81322349e-09 outputs/V1e27_D300_G14/solution/solution-00043 
 44 6.127314672215e+10 1.392571516413e+09 768 7235 3201 17 8 9 9 1.02120609e-09 1.72534045e-09 outputs/V1e27_D300_G14/solution/solution-00044 
 45 6.266571823857e+10 1.392571516413e+09 768 7235 3201 17 8 9 9 9.71761115e-10 1.64172016e-09 outputs/V1e27_D300_G14/solution/solution-00045 
 46 6.405828975498e+10 1.392571516413e+09 768 7235 3201 17 8 9 9 9.24710599e-10 1.56215557e-09 outputs/V1e27_D300_G14/solution/solution-00046 
 47 6.545086127139e+10 1.392571516413e+09 768 7235 3201 17 8 9 9 8.79938507e-10 1.48644973e-09 outputs/V1e27_D300_G14/solution/solution-00047 
 48 6.684343278781e+10 1.392571516413e+09 768 7235 3201 17 8 9 9 8.37334444e-10 1.41441527e-09 outputs/V1e27_D300_G14/solution/solution-00048 
 49 6.823600430422e+10 1.392571516413e+09 768 7235 3201 17 8 9 9 7.96793372e-10 1.34587393e-09 outputs/V1e27_D300_G14/solution/solution-00049 
 50 6.962857582063e+10 1.392571516413e+09 768 7235 3201 17 8 9 9 7.58215355e-10 1.28065613e-09 outputs/V1e27_D300_G14/solution/solution-00050 
 51 7.102114733704e+10 1.392571516413e+09 768 7235 3201 17 8 9 9 7.21505304e-10 1.21860056e-09 outputs/V1e27_D300_G14/solution/solution-00051 
 52 7.241371885346e+10 1.392571516413e+09 768 7235 3201 17 8 9 9 6.86572743e-10 1.15955372e-09 outputs/V1e27_D300_G14/solution/solution-00052 
 53 7.380629036987e+10 1.392571516413e+09 768 7235 3201 17 8 9 9 6.53331585e-10 1.10336959e-09 outputs/V1e27_D300_G14/solution/solution-00053 
 54 7.519886188628e+10 1.392571516413e+09 768 7235 3201 17 8 9 9 6.21699915e-10 1.04990925e-09 outputs/V1e27_D300_G14/solution/solution-00054 
 55 7.659143340269e+10 1.392571516413e+09 768 7235 3201 17 8 9 9 5.91599788e-10 9.99040541e-10 outputs/V1e27_D300_G14/solution/solution-00055 
 56 7.798400491911e+10 1.392571516413e+09 768 7235 3201 17 8 9 9 5.62957038e-10 9.50637704e-10 outputs/V1e27_D300_G14/solution/solution-00056 
 57 7.937657643552e+10 1.392571516413e+09 768 7235 3201 17 8 9 9 5.35701094e-10 9.04581109e-10 outputs/V1e27_D300_G14/solution/solution-00057 
 58 8.076914795193e+10 1.392571516413e+09 768 7235 3201 17 8 9 9 5.09764801e-10 8.60756929e-10 outputs/V1e27_D300_G14/solution/solution-00058 
 59 8.216171946834e+10 1.392571516413e+09 768 7235 3201 17 8 9 9 4.85084259e-10 8.19056873e-10 outputs/V1e27_D300_G14/solution/solution-00059 
 60 8.355429098476e+10 1.392571516413e+09 768 7235 3201 17 8 9 9 4.61598664e-10 7.79377906e-10 outputs/V1e27_D300_G14/solution/solution-00060 
 61 8.494686250117e+10 1.392571516413e+09 768 7235 3201 17 8 9 9 4.39250156e-10 7.41621999e-10 outputs/V1e27_D300_G14/solution/solution-00061 
 62 8.633943401758e+10 1.392571516413e+09 768 7235 3201 17 8 9 9 4.17983679e-10 7.05695883e-10 outputs/V1e27_D300_G14/solution/solution-00062 
 63 8.773200553399e+10 1.392571516413e+09 768 7235 3201 16 8 9 9 3.97746843e-10 6.71510821e-10 outputs/V1e27_D300_G14/solution/solution-00063 
 64 8.912457705041e+10 1.392571516413e+09 768 7235 3201 16 8 9 9 3.78489794e-10 6.38982380e-10 outputs/V1e27_D300_G14/solution/solution-00064 
 65 9.051714856682e+10 1.392571516413e+09 768 7235 3201 16 8 9 9 3.60165092e-10 6.08030226e-10 outputs/V1e27_D300_G14/solution/solution-00065 
 66 9.190972008323e+10 1.392571516413e+09 768 7235 3201 16 8 9 9 3.42727596e-10 5.78577925e-10 outputs/V1e27_D300_G14/solution/solution-00066 
 67 9.330229159964e+10 1.392571516413e+09 768 7235 3201 16 8 9 9 3.26134348e-10 5.50552754e-10 outputs/V1e27_D300_G14/solution/solution-00067 
 68 9.469486311606e+10 1.392571516413e+09 768 7235 3201 16 8 9 9 3.10344474e-10 5.23885522e-10 outputs/V1e27_D300_G14/solution/solution-00068 
 69 9.608743463247e+10 1.392571516413e+09 768 7235 3201 16 8 9 9 2.95319076e-10 4.98510392e-10 outputs/V1e27_D300_G14/solution/solution-00069 
 70 9.748000614888e+10 1.392571516413e+09 768 7235 3201 16 8 9 9 2.81021141e-10 4.74364724e-10 outputs/V1e27_D300_G14/solution/solution-00070 
 71 9.887257766530e+10 1.392571516413e+09 768 7235 3201 16 8 9 9 2.67415448e-10 4.51388918e-10 outputs/V1e27_D300_G14/solution/solution-00071 
 72 1.002651491817e+11 1.392571516413e+09 768 7235 3201 16 8 9 9 2.54468482e-10 4.29526264e-10 outputs/V1e27_D300_G14/solution/solution-00072 
 73 1.016577206981e+11 1.392571516413e+09 768 7235 3201 16 8 9 9 2.42148349e-10 4.08722806e-10 outputs/V1e27_D300_G14/solution/solution-00073 
 74 1.030502922145e+11 1.392571516413e+09 768 7235 3201 16 8 9 9 2.30424701e-10 3.88927202e-10 outputs/V1e27_D300_G14/solution/solution-00074 
 75 1.044428637309e+11 1.392571516413e+09 768 7235 3201 16 8 9 9 2.19268658e-10 3.70090604e-10 outputs/V1e27_D300_G14/solution/solution-00075 
 76 1.058354352474e+11 1.392571516413e+09 768 7235 3201 16 8 9 9 2.08652740e-10 3.52166532e-10 outputs/V1e27_D300_G14/solution/solution-00076 
 77 1.072280067638e+11 1.392571516413e+09 768 7235 3201 16 8 9 9 1.98550795e-10 3.35110759e-10 outputs/V1e27_D300_G14/solution/solution-00077 
 78 1.086205782802e+11 1.392571516413e+09 768 7235 3201 16 8 9 9 1.88937940e-10 3.18881206e-10 outputs/V1e27_D300_G14/solution/solution-00078 
 79 1.100131497966e+11 1.392571516413e+09 768 7235 3201 16 8 9 9 1.79790495e-10 3.03437834e-10 outputs/V1e27_D300_G14/solution/solution-00079 
 80 1.114057213130e+11 1.392571516413e+09 768 7235 3201 16 8 9 9 1.71085926e-10 2.88742542e-10 outputs/V1e27_D300_G14/solution/solution-00080 
 81 1.127982928294e+11 1.392571516413e+09 768 7235 3201 16 8 9 9 1.62802792e-10 2.74759081e-10 outputs/V1e27_D300_G14/solution/solution-00081 
 82 1.141908643458e+11 1.392571516413e+09 768 7235 3201 16 8 9 9 1.54920689e-10 2.61452958e-10 outputs/V1e27_D300_G14/solution/solution-00082 
 83 1.155834358622e+11 1.392571516413e+09 768 7235 3201 16 8 9 9 1.47420200e-10 2.48791352e-10 outputs/V1e27_D300_G14/solution/solution-00083 
 84 1.169760073787e+11 1.392571516413e+09 768 7235 3201 16 8 9 9 1.40282850e-10 2.36743035e-10 outputs/V1e27_D300_G14/solution/solution-00084 
 85 1.183685788951e+11 1.392571516413e+09 768 7235 3201 16 8 9 9 1.33491056e-10 2.25278290e-10 outputs/V1e27_D300_G14/solution/solution-00085 
 86 1.197611504115e+11 1.392571516413e+09 768 7235 3201 16 8 9 9 1.27028090e-10 2.14368843e-10 outputs/V1e27_D300_G14/solution/solution-00086 
 87 1.211537219279e+11 1.392571516413e+09 768 7235 3201 16 8 9 9 1.20878029e-10 2.03987791e-10 outputs/V1e27_D300_G14/solution/solution-00087 
 88 1.225462934443e+11 1.392571516413e+09 768 7235 3201 15 8 9 9 1.15025727e-10 1.94109537e-10 outputs/V1e27_D300_G14/solution/solution-00088 
 89 1.239388649607e+11 1.392571516413e+09 768 7235 3201 15 8 9 9 1.09456767e-10 1.84709721e-10 outputs/V1e27_D300_G14/solution/solution-00089 
 90 1.253314364771e+11 1.392571516413e+09 768 7235 3201 15 8 9 9 1.04157430e-10 1.75765160e-10 outputs/V1e27_D300_G14/solution/solution-00090 
 91 1.267240079935e+11 1.392571516413e+09 768 7235 3201 15 8 9 9 9.91146607e-11 1.67253802e-10 outputs/V1e27_D300_G14/solution/solution-00091 
 92 1.281165795100e+11 1.392571516413e+09 768 7235 3201 15 8 9 9 9.43160386e-11 1.59154659e-10 outputs/V1e27_D300_G14/solution/solution-00092 
 93 1.295091510264e+11 1.392571516413e+09 768 7235 3201 15 8 9 9 8.97497427e-11 1.51447763e-10 outputs/V1e27_D300_G14/solution/solution-00093 
 94 1.309017225428e+11 1.392571516413e+09 768 7235 3201 15 8 9 9 8.54045250e-11 1.44114113e-10 outputs/V1e27_D300_G14/solution/solution-00094 
 95 1.322942940592e+11 1.392571516413e+09 768 7235 3201 15 8 9 9 8.12696818e-11 1.37135628e-10 outputs/V1e27_D300_G14/solution/solution-00095 
 96 1.336868655756e+11 1.392571516413e+09 768 7235 3201 15 8 9 9 7.73350277e-11 1.30495104e-10 outputs/V1e27_D300_G14/solution/solution-00096 
 97 1.350794370920e+11 1.392571516413e+09 768 7235 3201 15 8 9 9 7.35908704e-11 1.24176171e-10 outputs/V1e27_D300_G14/solution/solution-00097 
 98 1.364720086084e+11 1.392571516413e+09 768 7235 3201 15 8 9 9 7.00279872e-11 1.18163252e-10 outputs/V1e27_D300_G14/solution/solution-00098 
 99 1.378645801248e+11 1.392571516413e+09 768 7235 3201 15 8 9 9 6.66376014e-11 1.12441523e-10 outputs/V1e27_D300_G14/solution/solution-00099 
100 1.392571516413e+11 1.392571516413e+09 768 7235 3201 15 8 9 9 6.34113614e-11 1.06996881e-10 outputs/V1e27_D300_G14/solution/solution-00100 
