# 1: Time step number
# 2: Time (years)
# 3: Time step size (years)
# 4: Number of mesh cells
# 5: Number of Stokes degrees of freedom
# 6: Number of temperature degrees of freedom
# 7: Iterations for temperature solver
# 8: Iterations for Stokes solver
# 9: Velocity iterations in Stokes preconditioner
# 10: Schur complement iterations in Stokes preconditioner
# 11: RMS velocity (m/year)
# 12: Max. velocity (m/year)
# 13: Visualization file name
  0 0.000000000000e+00 0.000000000000e+00 768 7235 3201  0 8 9 9 8.03058056e-07 1.42490515e-06 outputs/V3.3e24_D30_G4/solution/solution-00000 
  1 1.392571516413e+09 1.392571516413e+09 768 7235 3201 32 8 9 9 8.07738692e-07 1.39165335e-06 outputs/V3.3e24_D30_G4/solution/solution-00001 
  2 2.785143032825e+09 1.392571516413e+09 768 7235 3201 25 8 9 9 8.41051967e-07 1.48983519e-06 outputs/V3.3e24_D30_G4/solution/solution-00002 
  3 4.177714549238e+09 1.392571516413e+09 768 7235 3201 24 8 9 9 9.12319864e-07 1.66156581e-06 outputs/V3.3e24_D30_G4/solution/solution-00003 
  4 5.570286065650e+09 1.392571516413e+09 768 7235 3201 23 8 9 9 1.02956283e-06 1.91969493e-06 outputs/V3.3e24_D30_G4/solution/solution-00004 
  5 6.962857582063e+09 1.392571516413e+09 768 7235 3201 23 8 9 9 1.20341448e-06 2.28247335e-06 outputs/V3.3e24_D30_G4/solution/solution-00005 
  6 8.355429098476e+09 1.392571516413e+09 768 7235 3201 22 8 9 9 1.44888119e-06 2.77730643e-06 outputs/V3.3e24_D30_G4/solution/solution-00006 
  7 9.748000614888e+09 1.392571516413e+09 768 7235 3201 21 8 9 9 1.78734702e-06 3.44389800e-06 outputs/V3.3e24_D30_G4/solution/solution-00007 
  8 1.114057213130e+10 1.392571516413e+09 768 7235 3201 21 8 9 9 2.24894166e-06 4.33818076e-06 outputs/V3.3e24_D30_G4/solution/solution-00008 
  9 1.253314364771e+10 1.392571516413e+09 768 7235 3201 21 8 9 9 2.87569028e-06 5.53780644e-06 outputs/V3.3e24_D30_G4/solution/solution-00009 
 10 1.392571516413e+10 1.392571516413e+09 768 7235 3201 21 8 9 9 3.72584781e-06 7.14985771e-06 outputs/V3.3e24_D30_G4/solution/solution-00010 
 11 1.531828668054e+10 1.392571516413e+09 768 7235 3201 20 8 9 9 4.87990937e-06 9.32159077e-06 outputs/V3.3e24_D30_G4/solution/solution-00011 
 12 1.671085819695e+10 1.392571516413e+09 768 7235 3201 20 8 9 9 6.44894614e-06 1.22555189e-05 outputs/V3.3e24_D30_G4/solution/solution-00012 
 13 1.810342971336e+10 1.392571516413e+09 768 7235 3201 20 8 9 9 8.58614586e-06 1.62321685e-05 outputs/V3.3e24_D30_G4/solution/solution-00013 
 14 1.949600122978e+10 1.392571516413e+09 768 7235 3201 20 8 9 9 1.15027522e-05 2.16330082e-05 outputs/V3.3e24_D30_G4/solution/solution-00014 
 15 2.088857274619e+10 1.392571516413e+09 768 7235 3201 20 7 8 8 1.54899996e-05 2.89833782e-05 outputs/V3.3e24_D30_G4/solution/solution-00015 
 16 2.228114426260e+10 1.392571516413e+09 768 7235 3201 20 7 8 8 2.09490930e-05 3.90028636e-05 outputs/V3.3e24_D30_G4/solution/solution-00016 
 17 2.367371577901e+10 1.392571516413e+09 768 7235 3201 20 7 8 8 2.84316139e-05 5.26726001e-05 outputs/V3.3e24_D30_G4/solution/solution-00017 
 18 2.506628729543e+10 1.392571516413e+09 768 7235 3201 21 7 8 8 3.86923378e-05 7.13827380e-05 outputs/V3.3e24_D30_G4/solution/solution-00018 
 19 2.637965896502e+10 1.313371669591e+09 768 7235 3201 21 7 8 8 5.18752985e-05 9.53237132e-05 outputs/V3.3e24_D30_G4/solution/solution-00019 
 20 2.736354397152e+10 9.838850065040e+08 768 7235 3201 19 7 8 8 6.48532238e-05 1.18822178e-04 outputs/V3.3e24_D30_G4/solution/solution-00020 
 21 2.815253809642e+10 7.889941248929e+08 768 7235 3201 17 6 7 7 7.77510913e-05 1.42121892e-04 outputs/V3.3e24_D30_G4/solution/solution-00021 
 22 2.881218312978e+10 6.596450333660e+08 768 7235 3201 15 6 7 7 9.05756420e-05 1.65236923e-04 outputs/V3.3e24_D30_G4/solution/solution-00022 
 23 2.937976410584e+10 5.675809760609e+08 768 7235 3201 14 6 7 7 1.03314223e-04 1.88132165e-04 outputs/V3.3e24_D30_G4/solution/solution-00023 
 24 2.987817806296e+10 4.984139571194e+08 768 7235 3201 13 6 7 7 1.15941070e-04 2.10698243e-04 outputs/V3.3e24_D30_G4/solution/solution-00024 
 25 3.032298457958e+10 4.448065166170e+08 768 7235 3201 13 6 7 7 1.28438016e-04 2.33048756e-04 outputs/V3.3e24_D30_G4/solution/solution-00025 
 26 3.072521493912e+10 4.022303595435e+08 768 7235 3201 12 6 7 7 1.40790694e-04 2.55075175e-04 outputs/V3.3e24_D30_G4/solution/solution-00026 
 27 3.109288300247e+10 3.676680633508e+08 768 7235 3201 11 6 7 7 1.52983500e-04 2.76677511e-04 outputs/V3.3e24_D30_G4/solution/solution-00027 
 28 3.143182394355e+10 3.389409410760e+08 768 7235 3201 11 6 7 7 1.64993225e-04 2.97874285e-04 outputs/V3.3e24_D30_G4/solution/solution-00028 
 29 3.174655403136e+10 3.147300878094e+08 768 7235 3201 11 6 7 7 1.76796573e-04 3.18642349e-04 outputs/V3.3e24_D30_G4/solution/solution-00029 
 30 3.204077104427e+10 2.942170129085e+08 768 7235 3201 11 6 7 7 1.88375334e-04 3.38862762e-04 outputs/V3.3e24_D30_G4/solution/solution-00030 
 31 3.231743171771e+10 2.766606734443e+08 768 7235 3201 10 6 7 7 1.99710345e-04 3.58562214e-04 outputs/V3.3e24_D30_G4/solution/solution-00031 
 32 3.257893920033e+10 2.615074826204e+08 768 7235 3201 10 6 7 7 2.10781755e-04 3.77740286e-04 outputs/V3.3e24_D30_G4/solution/solution-00032 
 33 3.282727479042e+10 2.483355900907e+08 768 7235 3201 10 6 7 7 2.21569304e-04 3.96269494e-04 outputs/V3.3e24_D30_G4/solution/solution-00033 
 34 3.306393639411e+10 2.366616036850e+08 768 7235 3201 10 6 7 7 2.32045653e-04 4.14103955e-04 outputs/V3.3e24_D30_G4/solution/solution-00034 
 35 3.329033729136e+10 2.264008972566e+08 768 7235 3201 10 6 7 7 2.42191131e-04 4.31213215e-04 outputs/V3.3e24_D30_G4/solution/solution-00035 
 36 3.350769389373e+10 2.173566023613e+08 768 7235 3201 10 6 7 7 2.51987148e-04 4.47570538e-04 outputs/V3.3e24_D30_G4/solution/solution-00036 
 37 3.371705161769e+10 2.093577239619e+08 768 7235 3201 10 6 7 7 2.61415810e-04 4.63376260e-04 outputs/V3.3e24_D30_G4/solution/solution-00037 
 38 3.391931656339e+10 2.022649457049e+08 768 7235 3201 10 6 7 7 2.70460168e-04 4.78385885e-04 outputs/V3.3e24_D30_G4/solution/solution-00038 
 39 3.411528020347e+10 1.959636400808e+08 768 7235 3201  9 6 7 7 2.79104442e-04 4.92575785e-04 outputs/V3.3e24_D30_G4/solution/solution-00039 
 40 3.430563885698e+10 1.903586535071e+08 768 7235 3201  9 6 7 7 2.87334230e-04 5.05929162e-04 outputs/V3.3e24_D30_G4/solution/solution-00040 
 41 3.449100921783e+10 1.853703608542e+08 768 7235 3201  9 6 7 7 2.95136688e-04 5.18432762e-04 outputs/V3.3e24_D30_G4/solution/solution-00041 
 42 3.467194086044e+10 1.809316426089e+08 768 7235 3201  9 6 7 7 3.02500686e-04 5.30076929e-04 outputs/V3.3e24_D30_G4/solution/solution-00042 
 43 3.484889301681e+10 1.769521563678e+08 768 7235 3201  9 5 6 6 3.09415660e-04 5.40853643e-04 outputs/V3.3e24_D30_G4/solution/solution-00043 
 44 3.502228698240e+10 1.733939655870e+08 768 7235 3201  9 5 6 6 3.15873625e-04 5.50759576e-04 outputs/V3.3e24_D30_G4/solution/solution-00044 
 45 3.519253376420e+10 1.702467818036e+08 768 7235 3201  9 5 6 6 3.21869895e-04 5.59796952e-04 outputs/V3.3e24_D30_G4/solution/solution-00045 
 46 3.536000711117e+10 1.674733469700e+08 768 7235 3201  9 5 6 6 3.27401751e-04 5.68039269e-04 outputs/V3.3e24_D30_G4/solution/solution-00046 
 47 3.552504851791e+10 1.650414067347e+08 768 7235 3201  9 5 6 6 3.32468440e-04 5.75425510e-04 outputs/V3.3e24_D30_G4/solution/solution-00047 
 48 3.568797143032e+10 1.629229124127e+08 768 7235 3201  9 5 6 6 3.37071150e-04 5.81960635e-04 outputs/V3.3e24_D30_G4/solution/solution-00048 
 49 3.584906480037e+10 1.610933700528e+08 768 7235 3201  9 5 6 6 3.41212960e-04 5.87658954e-04 outputs/V3.3e24_D30_G4/solution/solution-00049 
 50 3.600859610580e+10 1.595313054272e+08 768 7235 3201  9 5 6 6 3.44898770e-04 5.93947250e-04 outputs/V3.3e24_D30_G4/solution/solution-00050 
 51 3.616651299037e+10 1.579168845751e+08 768 7235 3201  9 5 6 6 3.48129444e-04 6.00549933e-04 outputs/V3.3e24_D30_G4/solution/solution-00051 
 52 3.632271763115e+10 1.562046407767e+08 768 7235 3201  9 5 6 6 3.50910189e-04 6.06222845e-04 outputs/V3.3e24_D30_G4/solution/solution-00052 
 53 3.647742748800e+10 1.547098568488e+08 768 7235 3201  9 5 6 6 3.53255715e-04 6.10976111e-04 outputs/V3.3e24_D30_G4/solution/solution-00053 
 54 3.663089716199e+10 1.534696739904e+08 768 7235 3201  9 5 6 6 3.55182490e-04 6.14875316e-04 outputs/V3.3e24_D30_G4/solution/solution-00054 
 55 3.678336709791e+10 1.524699359175e+08 768 7235 3201  9 5 6 6 3.56707394e-04 6.18006245e-04 outputs/V3.3e24_D30_G4/solution/solution-00055 
 56 3.693506459416e+10 1.516974962480e+08 768 7235 3201  9 5 6 6 3.57847550e-04 6.20282361e-04 outputs/V3.3e24_D30_G4/solution/solution-00056 
 57 3.708620543876e+10 1.511408446095e+08 768 7235 3201  9 5 6 6 3.58620188e-04 6.21726076e-04 outputs/V3.3e24_D30_G4/solution/solution-00057 
 58 3.723699531811e+10 1.507898793494e+08 768 7235 3201  9 5 6 6 3.59042529e-04 6.22362380e-04 outputs/V3.3e24_D30_G4/solution/solution-00058 
 59 3.738763102982e+10 1.506357117067e+08 768 7235 3201  9 5 6 6 3.59131684e-04 6.22316341e-04 outputs/V3.3e24_D30_G4/solution/solution-00059 
 60 3.753830152584e+10 1.506704960152e+08 768 7235 3201  9 5 6 6 3.58904563e-04 6.21622714e-04 outputs/V3.3e24_D30_G4/solution/solution-00060 
 61 3.768918880739e+10 1.508872815554e+08 768 7235 3201  9 5 6 6 3.58377810e-04 6.20209772e-04 outputs/V3.3e24_D30_G4/solution/solution-00061 
 62 3.784039127429e+10 1.512024669002e+08 768 7235 3201  9 5 6 6 3.57568227e-04 6.18110253e-04 outputs/V3.3e24_D30_G4/solution/solution-00062 
 63 3.799206567777e+10 1.516744034786e+08 768 7235 3201  9 5 6 6 3.56492257e-04 6.15358682e-04 outputs/V3.3e24_D30_G4/solution/solution-00063 
 64 3.814437688012e+10 1.523112023471e+08 768 7235 3201  9 5 6 6 3.55165850e-04 6.12143942e-04 outputs/V3.3e24_D30_G4/solution/solution-00064 
 65 3.829748531214e+10 1.531084320199e+08 768 7235 3201  9 5 6 6 3.53604465e-04 6.08523664e-04 outputs/V3.3e24_D30_G4/solution/solution-00065 
 66 3.845154736653e+10 1.540620543909e+08 768 7235 3201  9 5 6 6 3.51823061e-04 6.04348268e-04 outputs/V3.3e24_D30_G4/solution/solution-00066 
 67 3.860671571641e+10 1.551683498865e+08 768 7235 3201  9 5 6 6 3.49836089e-04 5.99654068e-04 outputs/V3.3e24_D30_G4/solution/solution-00067 
 68 3.876311307002e+10 1.563973536049e+08 768 7235 3201  9 5 6 6 3.47657885e-04 5.94479125e-04 outputs/V3.3e24_D30_G4/solution/solution-00068 
 69 3.892081898063e+10 1.577059106063e+08 768 7235 3201  9 5 6 6 3.45303005e-04 5.89034633e-04 outputs/V3.3e24_D30_G4/solution/solution-00069 
 70 3.907997770353e+10 1.591587229068e+08 768 7235 3201  9 5 6 6 3.42784635e-04 5.83193349e-04 outputs/V3.3e24_D30_G4/solution/solution-00070 
 71 3.924073056571e+10 1.607528621822e+08 768 7235 3201  9 5 6 6 3.40115450e-04 5.76974762e-04 outputs/V3.3e24_D30_G4/solution/solution-00071 
 72 3.940321600909e+10 1.624854433792e+08 768 7235 3201  9 5 6 6 3.37307634e-04 5.70520697e-04 outputs/V3.3e24_D30_G4/solution/solution-00072 
 73 3.956756958317e+10 1.643535740741e+08 768 7235 3201  9 5 6 6 3.34372920e-04 5.63815053e-04 outputs/V3.3e24_D30_G4/solution/solution-00073 
 74 3.973390066895e+10 1.663310857792e+08 768 7235 3201  9 5 6 6 3.31323056e-04 5.56829598e-04 outputs/V3.3e24_D30_G4/solution/solution-00074 
 75 3.990228001041e+10 1.683793414637e+08 768 7235 3201  9 5 6 6 3.28170112e-04 5.49603171e-04 outputs/V3.3e24_D30_G4/solution/solution-00075 
 76 4.007283744121e+10 1.705574308036e+08 768 7235 3201  9 5 6 6 3.24924676e-04 5.42203559e-04 outputs/V3.3e24_D30_G4/solution/solution-00076 
 77 4.024569963696e+10 1.728621957463e+08 768 7235 3201  9 5 6 6 3.21596995e-04 5.34795700e-04 outputs/V3.3e24_D30_G4/solution/solution-00077 
 78 4.042098989081e+10 1.752902538499e+08 768 7235 3201  9 5 6 6 3.18197015e-04 5.27225018e-04 outputs/V3.3e24_D30_G4/solution/solution-00078 
 79 4.059882784045e+10 1.778379496407e+08 768 7235 3201  9 5 6 6 3.14734425e-04 5.19524745e-04 outputs/V3.3e24_D30_G4/solution/solution-00079 
 80 4.077932914549e+10 1.805013050336e+08 768 7235 3201  9 5 6 6 3.11218702e-04 5.11727160e-04 outputs/V3.3e24_D30_G4/solution/solution-00080 
 81 4.096256523080e+10 1.832360853139e+08 768 7235 3201  9 5 6 6 3.07659920e-04 5.03865195e-04 outputs/V3.3e24_D30_G4/solution/solution-00081 
 82 4.114863012186e+10 1.860648910622e+08 768 7235 3201  9 5 6 6 3.04067468e-04 4.96028809e-04 outputs/V3.3e24_D30_G4/solution/solution-00082 
 83 4.133763124107e+10 1.890011192078e+08 768 7235 3201  9 5 6 6 3.00450255e-04 4.88181247e-04 outputs/V3.3e24_D30_G4/solution/solution-00083 
 84 4.152967057179e+10 1.920393307211e+08 768 7235 3201  9 5 6 6 2.96817099e-04 4.80341808e-04 outputs/V3.3e24_D30_G4/solution/solution-00084 
 85 4.172484408881e+10 1.951735170221e+08 768 7235 3201  9 5 6 6 2.93176759e-04 4.72537276e-04 outputs/V3.3e24_D30_G4/solution/solution-00085 
 86 4.192324113553e+10 1.983970467146e+08 768 7235 3201  9 5 6 6 2.89537954e-04 4.66007843e-04 outputs/V3.3e24_D30_G4/solution/solution-00086 
 87 4.212446748969e+10 2.012263541591e+08 768 7235 3201  9 5 6 6 2.85917848e-04 4.60010286e-04 outputs/V3.3e24_D30_G4/solution/solution-00087 
 88 4.232832280998e+10 2.038553202977e+08 768 7235 3201  9 5 6 6 2.82329306e-04 4.54115959e-04 outputs/V3.3e24_D30_G4/solution/solution-00088 
 89 4.253482958372e+10 2.065067737373e+08 768 7235 3201  9 5 6 6 2.78780689e-04 4.48334118e-04 outputs/V3.3e24_D30_G4/solution/solution-00089 
 90 4.274398707398e+10 2.091574902595e+08 768 7235 3201  9 5 6 6 2.75280363e-04 4.42673697e-04 outputs/V3.3e24_D30_G4/solution/solution-00090 
 91 4.295580498854e+10 2.118179145627e+08 768 7235 3201  9 5 6 6 2.71836104e-04 4.37142413e-04 outputs/V3.3e24_D30_G4/solution/solution-00091 
 92 4.317028750383e+10 2.144825152882e+08 768 7235 3201  9 5 6 6 2.68455371e-04 4.31747287e-04 outputs/V3.3e24_D30_G4/solution/solution-00092 
 93 4.338743314416e+10 2.171456403284e+08 768 7235 3201  9 5 6 6 2.65145297e-04 4.26521164e-04 outputs/V3.3e24_D30_G4/solution/solution-00093 
 94 4.360723466362e+10 2.198015194584e+08 768 7235 3201  9 5 6 6 2.61912668e-04 4.21453879e-04 outputs/V3.3e24_D30_G4/solution/solution-00094 
 95 4.382967893240e+10 2.224442687779e+08 768 7235 3201  9 5 6 6 2.58763914e-04 4.16540969e-04 outputs/V3.3e24_D30_G4/solution/solution-00095 
 96 4.405474682983e+10 2.250678974386e+08 768 7235 3201  9 5 6 6 2.55705087e-04 4.11786870e-04 outputs/V3.3e24_D30_G4/solution/solution-00096 
 97 4.428241314690e+10 2.276663170678e+08 768 7235 3201  9 5 6 6 2.52741846e-04 4.07195562e-04 outputs/V3.3e24_D30_G4/solution/solution-00097 
 98 4.451264650114e+10 2.302333542411e+08 768 7235 3201  9 5 6 6 2.49879442e-04 4.02770604e-04 outputs/V3.3e24_D30_G4/solution/solution-00098 
 99 4.474540926744e+10 2.327627662990e+08 768 7235 3201  9 5 6 6 2.47122701e-04 3.98966870e-04 outputs/V3.3e24_D30_G4/solution/solution-00099 
100 4.498059950515e+10 2.351902377100e+08 768 7235 3201  9 5 6 6 2.44476649e-04 3.95759406e-04 outputs/V3.3e24_D30_G4/solution/solution-00100 
