# 1: Time step number
# 2: Time (years)
# 3: Time step size (years)
# 4: Number of mesh cells
# 5: Number of Stokes degrees of freedom
# 6: Number of temperature degrees of freedom
# 7: Iterations for temperature solver
# 8: Iterations for Stokes solver
# 9: Velocity iterations in Stokes preconditioner
# 10: Schur complement iterations in Stokes preconditioner
# 11: RMS velocity (m/year)
# 12: Max. velocity (m/year)
# 13: Visualization file name
  0 0.000000000000e+00 0.000000000000e+00 768 7235 3201  0 8 9 9 6.71259769e-06 1.41428113e-05 outputs/V1e24_D3000_G10/solution/solution-00000 
  1 1.392571516413e+09 1.392571516413e+09 768 7235 3201 31 8 9 9 6.25364273e-05 1.07617258e-04 outputs/V1e24_D3000_G10/solution/solution-00001 
  2 2.263714319388e+09 8.711428029749e+08 768 7235 3201 23 8 9 9 4.35760017e-04 7.61694404e-04 outputs/V1e24_D3000_G10/solution/solution-00002 
  3 2.386795176433e+09 1.230808570458e+08 768 7235 3201 12 8 9 9 7.61445638e-04 1.33488004e-03 outputs/V1e24_D3000_G10/solution/solution-00003 
  4 2.457026206222e+09 7.023102978918e+07 768 7235 3201 11 7 8 8 1.10035972e-03 1.93254547e-03 outputs/V1e24_D3000_G10/solution/solution-00004 
  5 2.505552293692e+09 4.852608746925e+07 768 7235 3201 11 7 8 8 1.43785118e-03 2.52837680e-03 outputs/V1e24_D3000_G10/solution/solution-00005 
  6 2.542646913470e+09 3.709461977817e+07 768 7235 3201 12 7 8 8 1.76982939e-03 3.11473835e-03                                              "" 
  7 2.572749044279e+09 3.010213080955e+07 768 7235 3201 12 6 7 7 2.09486294e-03 3.68879062e-03                                              "" 
  8 2.598158693973e+09 2.540964969403e+07 768 7235 3201 12 6 7 7 2.41250932e-03 4.25017205e-03                                              "" 
  9 2.620208766501e+09 2.205007252755e+07 768 7235 3201 12 6 7 7 2.72255485e-03 4.79998958e-03 outputs/V1e24_D3000_G10/solution/solution-00006 
 10 2.639739254411e+09 1.953048790988e+07 768 7235 3201 12 6 7 7 3.02481792e-03 5.33594960e-03                                              "" 
 11 2.657313585959e+09 1.757433154848e+07 768 7235 3201 12 6 7 7 3.31909045e-03 5.85745002e-03                                              "" 
 12 2.673326741828e+09 1.601315586852e+07 768 7235 3201 12 6 7 7 3.60509884e-03 6.36379203e-03                                              "" 
 13 2.688060102901e+09 1.473336107317e+07 768 7235 3201 13 6 7 7 3.88239779e-03 6.85589413e-03                                              "" 
 14 2.701734468082e+09 1.367436518108e+07 768 7235 3201 13 6 7 7 4.15070765e-03 7.33221715e-03 outputs/V1e24_D3000_G10/solution/solution-00007 
 15 2.714520505112e+09 1.278603702958e+07 768 7235 3201 13 6 7 7 4.40973362e-03 7.79137292e-03                                              "" 
 16 2.726553044297e+09 1.203253918504e+07 768 7235 3201 13 6 7 7 4.65917377e-03 8.23280318e-03                                              "" 
 17 2.737940617724e+09 1.138757342716e+07 768 7235 3201 13 6 7 7 4.89872550e-03 8.65873197e-03                                              "" 
 18 2.748772026522e+09 1.083140879849e+07 768 7235 3201 13 6 7 7 5.12809083e-03 9.06570258e-03                                              "" 
 19 2.759117891352e+09 1.034586482985e+07 768 7235 3201 13 6 7 7 5.34691584e-03 9.45293405e-03 outputs/V1e24_D3000_G10/solution/solution-00008 
 20 2.769037078002e+09 9.919186650111e+06 768 7235 3201 13 6 7 7 5.55486213e-03 9.81968694e-03                                              "" 
 21 2.778583063965e+09 9.545985962259e+06 768 7235 3201 13 6 7 7 5.75169383e-03 1.01654164e-02                                              "" 
 22 2.787801780414e+09 9.218716448927e+06 768 7235 3201 13 6 7 7 5.93719389e-03 1.04939239e-02                                              "" 
 23 2.796733077296e+09 8.931296881978e+06 768 7235 3201 13 6 7 7 6.11116631e-03 1.08022264e-02                                              "" 
 24 2.805411858053e+09 8.678780757796e+06 768 7235 3201 13 6 7 7 6.27343767e-03 1.10883738e-02 outputs/V1e24_D3000_G10/solution/solution-00009 
 25 2.813868970623e+09 8.457112569590e+06 768 7235 3201 13 6 7 7 6.42385842e-03 1.13519727e-02                                              "" 
 26 2.822131915963e+09 8.262945340311e+06 768 7235 3201 13 6 7 7 6.56230377e-03 1.15926859e-02                                              "" 
 27 2.830221478947e+09 8.089562983904e+06 768 7235 3201 13 6 7 7 6.68861521e-03 1.18102302e-02                                              "" 
 28 2.838159512194e+09 7.938033247176e+06 768 7235 3201 13 6 7 7 6.80272646e-03 1.20080592e-02                                              "" 
 29 2.845966768849e+09 7.807256654358e+06 768 7235 3201 13 6 7 7 6.90461207e-03 1.21823493e-02 outputs/V1e24_D3000_G10/solution/solution-00010 
 30 2.853662328838e+09 7.695559989770e+06 768 7235 3201 13 6 7 7 6.99427152e-03 1.23330177e-02                                              "" 
 31 2.861263874708e+09 7.601545869924e+06 768 7235 3201 13 6 7 7 7.07172864e-03 1.24600434e-02                                              "" 
 32 2.868787925547e+09 7.524050838368e+06 768 7235 3201 13 6 7 7 7.13703091e-03 1.25648047e-02                                              "" 
 33 2.876250037697e+09 7.462112150418e+06 768 7235 3201 13 5 6 6 7.19024861e-03 1.26485539e-02                                              "" 
 34 2.883664979077e+09 7.414941379467e+06 768 7235 3201 13 5 6 6 7.23147372e-03 1.27089134e-02 outputs/V1e24_D3000_G10/solution/solution-00011 
 35 2.891045484799e+09 7.380505721970e+06 768 7235 3201 13 5 6 6 7.26081454e-03 1.27460717e-02                                              "" 
 36 2.898402659604e+09 7.357174805000e+06 768 7235 3201 13 5 6 6 7.27840594e-03 1.27602930e-02                                              "" 
 37 2.905749858481e+09 7.347198877580e+06 768 7235 3201 13 5 6 6 7.28441693e-03 1.27519216e-02 outputs/V1e24_D3000_G10/solution/solution-00012 
 38 2.913100141826e+09 7.350283344952e+06 768 7235 3201 13 5 6 6 7.27903241e-03 1.27213542e-02                                              "" 
 39 2.920466384828e+09 7.366243002098e+06 768 7235 3201 13 5 6 6 7.26245187e-03 1.26746172e-02                                              "" 
 40 2.927861381394e+09 7.394996565657e+06 768 7235 3201 13 6 7 7 7.23488804e-03 1.26067702e-02                                              "" 
 41 2.935297944828e+09 7.436563434555e+06 768 7235 3201 13 6 7 7 7.19656575e-03 1.25179658e-02                                              "" 
 42 2.942789007173e+09 7.491062344506e+06 768 7235 3201 13 6 7 7 7.14772052e-03 1.24120240e-02 outputs/V1e24_D3000_G10/solution/solution-00013 
 43 2.950346282234e+09 7.557275060754e+06 768 7235 3201 13 6 7 7 7.08860967e-03 1.22954822e-02                                              "" 
 44 2.957973045285e+09 7.626763051052e+06 768 7235 3201 13 6 7 7 7.01959017e-03 1.21585057e-02                                              "" 
 45 2.965683696769e+09 7.710651484293e+06 768 7235 3201 13 6 7 7 6.94095622e-03 1.20035383e-02                                              "" 
 46 2.973493893894e+09 7.810197125105e+06 768 7235 3201 13 6 7 7 6.85299186e-03 1.18281425e-02                                              "" 
 47 2.981419905927e+09 7.926012032743e+06 768 7235 3201 13 6 7 7 6.75597727e-03 1.16331677e-02 outputs/V1e24_D3000_G10/solution/solution-00014 
 48 2.989478759906e+09 8.058853979187e+06 768 7235 3201 13 6 7 7 6.65018932e-03 1.14232125e-02                                              "" 
 49 2.997688402169e+09 8.209642263304e+06 768 7235 3201 13 6 7 7 6.53590213e-03 1.11957615e-02                                              "" 
 50 3.006064764778e+09 8.376362608156e+06 768 7235 3201 13 6 7 7 6.41343359e-03 1.09511812e-02 outputs/V1e24_D3000_G10/solution/solution-00015 
 51 3.014625399757e+09 8.560634979031e+06 768 7235 3201 13 6 7 7 6.28310151e-03 1.06905030e-02                                              "" 
 52 3.023392028189e+09 8.766628432713e+06 768 7235 3201 13 6 7 7 6.14518310e-03 1.04208619e-02                                              "" 
 53 3.032388126968e+09 8.996098779019e+06 768 7235 3201 13 6 7 7 5.99995274e-03 1.01369390e-02                                              "" 
 54 3.041639239028e+09 9.251112059289e+06 768 7235 3201 13 6 7 7 5.84768326e-03 9.94555414e-03                                              "" 
 55 3.051065561446e+09 9.426322418539e+06 768 7235 3201 13 6 7 7 5.69045026e-03 9.81073452e-03 outputs/V1e24_D3000_G10/solution/solution-00016 
 56 3.060621420875e+09 9.555859428501e+06 768 7235 3201 13 6 7 7 5.52983795e-03 9.66617874e-03                                              "" 
 57 3.070320186280e+09 9.698765405195e+06 768 7235 3201 13 6 7 7 5.36643931e-03 9.51248196e-03                                              "" 
 58 3.080175658317e+09 9.855472037007e+06 768 7235 3201 13 6 7 7 5.20081458e-03 9.35023564e-03                                              "" 
 59 3.090202143596e+09 1.002648527902e+07 768 7235 3201 13 6 7 7 5.03349210e-03 9.18002749e-03                                              "" 
 60 3.100414531317e+09 1.021238772162e+07 768 7235 3201 13 6 7 7 4.86496988e-03 9.00244192e-03 outputs/V1e24_D3000_G10/solution/solution-00017 
 61 3.110828372453e+09 1.041384113604e+07 768 7235 3201 12 6 7 7 4.69571747e-03 8.81806053e-03                                              "" 
 62 3.121459961988e+09 1.063158953500e+07 768 7235 3201 12 6 7 7 4.52617782e-03 8.62838045e-03                                              "" 
 63 3.132326424832e+09 1.086646284365e+07 768 7235 3201 12 6 7 7 4.35676918e-03 8.43399887e-03                                              "" 
 64 3.143445806024e+09 1.111938119137e+07 768 7235 3201 12 6 7 7 4.18788687e-03 8.23442529e-03                                              "" 
 65 3.154837165828e+09 1.139135980467e+07 768 7235 3201 12 6 7 7 4.01990509e-03 8.03024351e-03 outputs/V1e24_D3000_G10/solution/solution-00018 
 66 3.166520680297e+09 1.168351446842e+07 768 7235 3201 12 6 7 7 3.85317844e-03 7.82203578e-03                                              "" 
 67 3.178517747809e+09 1.199706751237e+07 768 7235 3201 12 6 7 7 3.68804351e-03 7.61038222e-03                                              "" 
 68 3.190851102076e+09 1.233335426657e+07 768 7235 3201 12 6 7 7 3.52482018e-03 7.39586015e-03                                              "" 
 69 3.203540414678e+09 1.268931260293e+07 768 7235 3201 12 6 7 7 3.36386876e-03 7.17911951e-03 outputs/V1e24_D3000_G10/solution/solution-00019 
 70 3.216610295864e+09 1.306988118564e+07 768 7235 3201 11 6 7 7 3.20548514e-03 6.96074321e-03                                              "" 
 71 3.230087525005e+09 1.347722914133e+07 768 7235 3201 11 6 7 7 3.04994378e-03 6.74129813e-03                                              "" 
 72 3.244000584927e+09 1.391305992162e+07 768 7235 3201 11 6 7 7 2.89750635e-03 6.52134427e-03                                              "" 
 73 3.258379785682e+09 1.437920075481e+07 768 7235 3201 11 6 7 7 2.74842222e-03 6.30143358e-03                                              "" 
 74 3.273257391408e+09 1.487760572636e+07 768 7235 3201 11 6 7 7 2.60292889e-03 6.08210859e-03 outputs/V1e24_D3000_G10/solution/solution-00020 
 75 3.288667749110e+09 1.541035770216e+07 768 7235 3201 11 6 7 7 2.46125210e-03 5.86390096e-03                                              "" 
 76 3.304647417834e+09 1.597966872326e+07 768 7235 3201 11 6 7 7 2.32360579e-03 5.64732989e-03 outputs/V1e24_D3000_G10/solution/solution-00021 
 77 3.321235296254e+09 1.658787841990e+07 768 7235 3201 11 6 7 7 2.19019183e-03 5.43481535e-03                                              "" 
 78 3.338472746170e+09 1.723744991692e+07 768 7235 3201 11 6 7 7 2.06119946e-03 5.22639657e-03                                              "" 
 79 3.356403708803e+09 1.793096263223e+07 768 7235 3201 10 6 7 7 1.93680456e-03 5.02105435e-03                                              "" 
 80 3.375074810111e+09 1.867110130862e+07 768 7235 3201 10 6 7 7 1.81716858e-03 4.81923578e-03                                              "" 
 81 3.394535450691e+09 1.946064057978e+07 768 7235 3201 10 6 7 7 1.70243729e-03 4.62136414e-03 outputs/V1e24_D3000_G10/solution/solution-00022 
 82 3.414837875062e+09 2.030242437103e+07 768 7235 3201 10 6 7 7 1.59273917e-03 4.42783690e-03 outputs/V1e24_D3000_G10/solution/solution-00023 
 83 3.436027372975e+09 2.118949791316e+07 768 7235 3201 10 6 7 7 1.48822964e-03 4.23910795e-03                                              "" 
 84 3.458146388602e+09 2.211901562673e+07 768 7235 3201 10 6 7 7 1.38905004e-03 4.05767613e-03                                              "" 
 85 3.481250746141e+09 2.310435753939e+07 768 7235 3201 10 6 7 7 1.29525376e-03 3.88238030e-03                                              "" 
 86 3.505398303245e+09 2.414755710332e+07 768 7235 3201 10 6 7 7 1.20686731e-03 3.71280480e-03 outputs/V1e24_D3000_G10/solution/solution-00024 
 87 3.530648755376e+09 2.525045213130e+07 768 7235 3201  9 6 7 7 1.12388796e-03 3.55000793e-03                                              "" 
 88 3.557063388006e+09 2.641463262958e+07 768 7235 3201  9 6 7 7 1.04628169e-03 3.39533566e-03                                              "" 
 89 3.584704775862e+09 2.764138785662e+07 768 7235 3201  9 6 7 7 9.73981530e-04 3.24678652e-03                                              "" 
 90 3.613597183248e+09 2.889240738556e+07 768 7235 3201  9 6 7 7 9.06971181e-04 3.10463774e-03 outputs/V1e24_D3000_G10/solution/solution-00025 
 91 3.643789842497e+09 3.019265924891e+07 768 7235 3201  9 6 7 7 8.45112772e-04 2.96895635e-03                                              "" 
 92 3.675337949169e+09 3.154810667233e+07 768 7235 3201  9 6 7 7 7.88217366e-04 2.84383192e-03                                              "" 
 93 3.708295539464e+09 3.295759029479e+07 768 7235 3201  9 6 7 7 7.36065602e-04 2.72526093e-03 outputs/V1e24_D3000_G10/solution/solution-00026 
 94 3.742715027998e+09 3.441948853379e+07 768 7235 3201  8 6 7 7 6.88411256e-04 2.61272680e-03                                              "" 
 95 3.778632675379e+09 3.591764738091e+07 768 7235 3201  8 6 7 7 6.45001805e-04 2.50626714e-03                                              "" 
 96 3.816038903336e+09 3.740622795753e+07 768 7235 3201  8 6 7 7 6.05602491e-04 2.40815909e-03 outputs/V1e24_D3000_G10/solution/solution-00027 
 97 3.854969055584e+09 3.893015224776e+07 768 7235 3201  8 5 6 6 5.69901233e-04 2.31563211e-03                                              "" 
 98 3.895454761188e+09 4.048570560428e+07 768 7235 3201  8 5 6 6 5.37587197e-04 2.22849041e-03                                              "" 
 99 3.937523598242e+09 4.206883705377e+07 768 7235 3201  8 5 6 6 5.08357204e-04 2.14858334e-03 outputs/V1e24_D3000_G10/solution/solution-00028 
100 3.981198770594e+09 4.367517235204e+07 768 7235 3201  8 5 6 6 4.81921806e-04 2.07366169e-03                                              "" 
