# 1: Time step number
# 2: Time (years)
# 3: Time step size (years)
# 4: Number of mesh cells
# 5: Number of Stokes degrees of freedom
# 6: Number of temperature degrees of freedom
# 7: Iterations for temperature solver
# 8: Iterations for Stokes solver
# 9: Velocity iterations in Stokes preconditioner
# 10: Schur complement iterations in Stokes preconditioner
# 11: RMS velocity (m/year)
# 12: Max. velocity (m/year)
# 13: Visualization file name
  0 0.000000000000e+00 0.000000000000e+00 768 7235 3201  0 8 9 9 2.00650446e-08 3.52815112e-08 outputs/V3.3e26_D100_G10/solution/solution-00000 
  1 1.392571516413e+09 1.392571516413e+09 768 7235 3201 32 8 9 9 1.90242972e-08 3.20989251e-08 outputs/V3.3e26_D100_G10/solution/solution-00001 
  2 2.785143032825e+09 1.392571516413e+09 768 7235 3201 25 8 9 9 1.80686757e-08 3.05193568e-08 outputs/V3.3e26_D100_G10/solution/solution-00002 
  3 4.177714549238e+09 1.392571516413e+09 768 7235 3201 24 8 9 9 1.71816315e-08 2.90470594e-08 outputs/V3.3e26_D100_G10/solution/solution-00003 
  4 5.570286065650e+09 1.392571516413e+09 768 7235 3201 23 8 9 9 1.63503295e-08 2.76666520e-08 outputs/V3.3e26_D100_G10/solution/solution-00004 
  5 6.962857582063e+09 1.392571516413e+09 768 7235 3201 23 8 9 9 1.55705825e-08 2.63698480e-08 outputs/V3.3e26_D100_G10/solution/solution-00005 
  6 8.355429098476e+09 1.392571516413e+09 768 7235 3201 22 8 9 9 1.48376765e-08 2.51483189e-08 outputs/V3.3e26_D100_G10/solution/solution-00006 
  7 9.748000614888e+09 1.392571516413e+09 768 7235 3201 21 8 9 9 1.41473026e-08 2.39948079e-08 outputs/V3.3e26_D100_G10/solution/solution-00007 
  8 1.114057213130e+10 1.392571516413e+09 768 7235 3201 21 8 9 9 1.34956643e-08 2.29032021e-08 outputs/V3.3e26_D100_G10/solution/solution-00008 
  9 1.253314364771e+10 1.392571516413e+09 768 7235 3201 21 8 9 9 1.28794587e-08 2.18683570e-08 outputs/V3.3e26_D100_G10/solution/solution-00009 
 10 1.392571516413e+10 1.392571516413e+09 768 7235 3201 20 8 9 9 1.22958179e-08 2.08859001e-08 outputs/V3.3e26_D100_G10/solution/solution-00010 
 11 1.531828668054e+10 1.392571516413e+09 768 7235 3201 20 8 9 9 1.17422433e-08 1.99520678e-08 outputs/V3.3e26_D100_G10/solution/solution-00011 
 12 1.671085819695e+10 1.392571516413e+09 768 7235 3201 20 8 9 9 1.12165466e-08 1.90635799e-08 outputs/V3.3e26_D100_G10/solution/solution-00012 
 13 1.810342971336e+10 1.392571516413e+09 768 7235 3201 20 8 9 9 1.07167987e-08 1.82175441e-08 outputs/V3.3e26_D100_G10/solution/solution-00013 
 14 1.949600122978e+10 1.392571516413e+09 768 7235 3201 20 8 9 9 1.02412880e-08 1.74113837e-08 outputs/V3.3e26_D100_G10/solution/solution-00014 
 15 2.088857274619e+10 1.392571516413e+09 768 7235 3201 20 8 9 9 9.78848630e-09 1.66427821e-08 outputs/V3.3e26_D100_G10/solution/solution-00015 
 16 2.228114426260e+10 1.392571516413e+09 768 7235 3201 19 8 9 9 9.35701983e-09 1.59096397e-08 outputs/V3.3e26_D100_G10/solution/solution-00016 
 17 2.367371577901e+10 1.392571516413e+09 768 7235 3201 19 8 9 9 8.94564654e-09 1.52100399e-08 outputs/V3.3e26_D100_G10/solution/solution-00017 
 18 2.506628729543e+10 1.392571516413e+09 768 7235 3201 19 8 9 9 8.55323683e-09 1.45422225e-08 outputs/V3.3e26_D100_G10/solution/solution-00018 
 19 2.645885881184e+10 1.392571516413e+09 768 7235 3201 19 8 9 9 8.17875780e-09 1.39045614e-08 outputs/V3.3e26_D100_G10/solution/solution-00019 
 20 2.785143032825e+10 1.392571516413e+09 768 7235 3201 19 8 9 9 7.82126022e-09 1.32955478e-08 outputs/V3.3e26_D100_G10/solution/solution-00020 
 21 2.924400184466e+10 1.392571516413e+09 768 7235 3201 19 8 9 9 7.47986775e-09 1.27137758e-08 outputs/V3.3e26_D100_G10/solution/solution-00021 
 22 3.063657336108e+10 1.392571516413e+09 768 7235 3201 19 8 9 9 7.15376789e-09 1.21579302e-08 outputs/V3.3e26_D100_G10/solution/solution-00022 
 23 3.202914487749e+10 1.392571516413e+09 768 7235 3201 19 8 9 9 6.84220444e-09 1.16267771e-08 outputs/V3.3e26_D100_G10/solution/solution-00023 
 24 3.342171639390e+10 1.392571516413e+09 768 7235 3201 19 8 9 9 6.54447122e-09 1.11191557e-08 outputs/V3.3e26_D100_G10/solution/solution-00024 
 25 3.481428791032e+10 1.392571516413e+09 768 7235 3201 18 8 9 9 6.25990673e-09 1.06339712e-08 outputs/V3.3e26_D100_G10/solution/solution-00025 
 26 3.620685942673e+10 1.392571516413e+09 768 7235 3201 18 8 9 9 5.98788957e-09 1.01701894e-08 outputs/V3.3e26_D100_G10/solution/solution-00026 
 27 3.759943094314e+10 1.392571516413e+09 768 7235 3201 18 8 9 9 5.72783467e-09 9.72683104e-09 outputs/V3.3e26_D100_G10/solution/solution-00027 
 28 3.899200245955e+10 1.392571516413e+09 768 7235 3201 18 8 9 9 5.47918995e-09 9.30296790e-09 outputs/V3.3e26_D100_G10/solution/solution-00028 
 29 4.038457397597e+10 1.392571516413e+09 768 7235 3201 18 8 9 9 5.24143352e-09 8.89771897e-09 outputs/V3.3e26_D100_G10/solution/solution-00029 
 30 4.177714549238e+10 1.392571516413e+09 768 7235 3201 18 8 9 9 5.01407118e-09 8.51024708e-09 outputs/V3.3e26_D100_G10/solution/solution-00030 
 31 4.316971700879e+10 1.392571516413e+09 768 7235 3201 18 8 9 9 4.79663433e-09 8.13975599e-09 outputs/V3.3e26_D100_G10/solution/solution-00031 
 32 4.456228852520e+10 1.392571516413e+09 768 7235 3201 18 8 9 9 4.58867807e-09 7.78548780e-09 outputs/V3.3e26_D100_G10/solution/solution-00032 
 33 4.595486004162e+10 1.392571516413e+09 768 7235 3201 18 8 9 9 4.38977955e-09 7.44672066e-09 outputs/V3.3e26_D100_G10/solution/solution-00033 
 34 4.734743155803e+10 1.392571516413e+09 768 7235 3201 18 8 9 9 4.19953652e-09 7.12276658e-09 outputs/V3.3e26_D100_G10/solution/solution-00034 
 35 4.874000307444e+10 1.392571516413e+09 768 7235 3201 18 8 9 9 4.01756599e-09 6.81296961e-09 outputs/V3.3e26_D100_G10/solution/solution-00035 
 36 5.013257459085e+10 1.392571516413e+09 768 7235 3201 18 8 9 9 3.84350309e-09 6.51670403e-09 outputs/V3.3e26_D100_G10/solution/solution-00036 
 37 5.152514610727e+10 1.392571516413e+09 768 7235 3201 18 8 9 9 3.67699997e-09 6.23337277e-09 outputs/V3.3e26_D100_G10/solution/solution-00037 
 38 5.291771762368e+10 1.392571516413e+09 768 7235 3201 18 8 9 9 3.51772487e-09 5.96240594e-09 outputs/V3.3e26_D100_G10/solution/solution-00038 
 39 5.431028914009e+10 1.392571516413e+09 768 7235 3201 18 8 9 9 3.36536122e-09 5.70325944e-09 outputs/V3.3e26_D100_G10/solution/solution-00039 
 40 5.570286065650e+10 1.392571516413e+09 768 7235 3201 18 8 9 9 3.21960681e-09 5.45541368e-09 outputs/V3.3e26_D100_G10/solution/solution-00040 
 41 5.709543217292e+10 1.392571516413e+09 768 7235 3201 18 8 9 9 3.08017310e-09 5.21837239e-09 outputs/V3.3e26_D100_G10/solution/solution-00041 
 42 5.848800368933e+10 1.392571516413e+09 768 7235 3201 18 8 9 9 2.94678447e-09 4.99166150e-09 outputs/V3.3e26_D100_G10/solution/solution-00042 
 43 5.988057520574e+10 1.392571516413e+09 768 7235 3201 17 8 9 9 2.81917761e-09 4.77482809e-09 outputs/V3.3e26_D100_G10/solution/solution-00043 
 44 6.127314672215e+10 1.392571516413e+09 768 7235 3201 17 8 9 9 2.69710089e-09 4.56743939e-09 outputs/V3.3e26_D100_G10/solution/solution-00044 
 45 6.266571823857e+10 1.392571516413e+09 768 7235 3201 17 8 9 9 2.58031384e-09 4.36908182e-09 outputs/V3.3e26_D100_G10/solution/solution-00045 
 46 6.405828975498e+10 1.392571516413e+09 768 7235 3201 17 8 9 9 2.46858659e-09 4.17936015e-09 outputs/V3.3e26_D100_G10/solution/solution-00046 
 47 6.545086127139e+10 1.392571516413e+09 768 7235 3201 17 8 9 9 2.36169938e-09 3.99789664e-09 outputs/V3.3e26_D100_G10/solution/solution-00047 
 48 6.684343278781e+10 1.392571516413e+09 768 7235 3201 17 8 9 9 2.25944209e-09 3.82433022e-09 outputs/V3.3e26_D100_G10/solution/solution-00048 
 49 6.823600430422e+10 1.392571516413e+09 768 7235 3201 17 8 9 9 2.16161384e-09 3.65831576e-09 outputs/V3.3e26_D100_G10/solution/solution-00049 
 50 6.962857582063e+10 1.392571516413e+09 768 7235 3201 17 8 9 9 2.06802248e-09 3.49952335e-09 outputs/V3.3e26_D100_G10/solution/solution-00050 
 51 7.102114733704e+10 1.392571516413e+09 768 7235 3201 17 8 9 9 1.97848430e-09 3.34763760e-09 outputs/V3.3e26_D100_G10/solution/solution-00051 
 52 7.241371885346e+10 1.392571516413e+09 768 7235 3201 17 8 9 9 1.89282357e-09 3.20235699e-09 outputs/V3.3e26_D100_G10/solution/solution-00052 
 53 7.380629036987e+10 1.392571516413e+09 768 7235 3201 17 8 9 9 1.81087223e-09 3.06339326e-09 outputs/V3.3e26_D100_G10/solution/solution-00053 
 54 7.519886188628e+10 1.392571516413e+09 768 7235 3201 17 8 9 9 1.73246952e-09 2.93047082e-09 outputs/V3.3e26_D100_G10/solution/solution-00054 
 55 7.659143340269e+10 1.392571516413e+09 768 7235 3201 17 8 9 9 1.65746169e-09 2.80332617e-09 outputs/V3.3e26_D100_G10/solution/solution-00055 
 56 7.798400491911e+10 1.392571516413e+09 768 7235 3201 17 8 9 9 1.58570164e-09 2.68170738e-09 outputs/V3.3e26_D100_G10/solution/solution-00056 
 57 7.937657643552e+10 1.392571516413e+09 768 7235 3201 17 8 9 9 1.51704870e-09 2.56537356e-09 outputs/V3.3e26_D100_G10/solution/solution-00057 
 58 8.076914795193e+10 1.392571516413e+09 768 7235 3201 17 8 9 9 1.45136828e-09 2.45409438e-09 outputs/V3.3e26_D100_G10/solution/solution-00058 
 59 8.216171946834e+10 1.392571516413e+09 768 7235 3201 17 8 9 9 1.38853163e-09 2.34764960e-09 outputs/V3.3e26_D100_G10/solution/solution-00059 
 60 8.355429098476e+10 1.392571516413e+09 768 7235 3201 17 8 9 9 1.32841559e-09 2.24582862e-09 outputs/V3.3e26_D100_G10/solution/solution-00060 
 61 8.494686250117e+10 1.392571516413e+09 768 7235 3201 17 8 9 9 1.27090234e-09 2.14843006e-09 outputs/V3.3e26_D100_G10/solution/solution-00061 
 62 8.633943401758e+10 1.392571516413e+09 768 7235 3201 17 8 9 9 1.21587918e-09 2.05526137e-09 outputs/V3.3e26_D100_G10/solution/solution-00062 
 63 8.773200553399e+10 1.392571516413e+09 768 7235 3201 17 8 9 9 1.16323827e-09 1.96613839e-09 outputs/V3.3e26_D100_G10/solution/solution-00063 
 64 8.912457705041e+10 1.392571516413e+09 768 7235 3201 17 8 9 9 1.11287646e-09 1.88088503e-09 outputs/V3.3e26_D100_G10/solution/solution-00064 
 65 9.051714856682e+10 1.392571516413e+09 768 7235 3201 17 8 9 9 1.06469507e-09 1.79933289e-09 outputs/V3.3e26_D100_G10/solution/solution-00065 
 66 9.190972008323e+10 1.392571516413e+09 768 7235 3201 17 8 9 9 1.01859969e-09 1.72132094e-09 outputs/V3.3e26_D100_G10/solution/solution-00066 
 67 9.330229159964e+10 1.392571516413e+09 768 7235 3201 17 8 9 9 9.74499990e-10 1.64669517e-09 outputs/V3.3e26_D100_G10/solution/solution-00067 
 68 9.469486311606e+10 1.392571516413e+09 768 7235 3201 17 8 9 9 9.32309575e-10 1.57530829e-09 outputs/V3.3e26_D100_G10/solution/solution-00068 
 69 9.608743463247e+10 1.392571516413e+09 768 7235 3201 16 8 9 9 8.91945779e-10 1.50701947e-09 outputs/V3.3e26_D100_G10/solution/solution-00069 
 70 9.748000614888e+10 1.392571516413e+09 768 7235 3201 16 8 9 9 8.53329515e-10 1.44169399e-09 outputs/V3.3e26_D100_G10/solution/solution-00070 
 71 9.887257766530e+10 1.392571516413e+09 768 7235 3201 16 8 9 9 8.16385121e-10 1.37920302e-09 outputs/V3.3e26_D100_G10/solution/solution-00071 
 72 1.002651491817e+11 1.392571516413e+09 768 7235 3201 16 8 9 9 7.81040212e-10 1.31942335e-09 outputs/V3.3e26_D100_G10/solution/solution-00072 
 73 1.016577206981e+11 1.392571516413e+09 768 7235 3201 16 8 9 9 7.47225539e-10 1.26223713e-09 outputs/V3.3e26_D100_G10/solution/solution-00073 
 74 1.030502922145e+11 1.392571516413e+09 768 7235 3201 16 8 9 9 7.14874849e-10 1.20753169e-09 outputs/V3.3e26_D100_G10/solution/solution-00074 
 75 1.044428637309e+11 1.392571516413e+09 768 7235 3201 16 8 9 9 6.83924762e-10 1.15519921e-09 outputs/V3.3e26_D100_G10/solution/solution-00075 
 76 1.058354352474e+11 1.392571516413e+09 768 7235 3201 16 8 9 9 6.54314637e-10 1.10513661e-09 outputs/V3.3e26_D100_G10/solution/solution-00076 
 77 1.072280067638e+11 1.392571516413e+09 768 7235 3201 16 8 9 9 6.25986463e-10 1.05724530e-09 outputs/V3.3e26_D100_G10/solution/solution-00077 
 78 1.086205782802e+11 1.392571516413e+09 768 7235 3201 16 8 9 9 5.98884738e-10 1.01143095e-09 outputs/V3.3e26_D100_G10/solution/solution-00078 
 79 1.100131497966e+11 1.392571516413e+09 768 7235 3201 16 8 9 9 5.72956363e-10 9.67603383e-10 outputs/V3.3e26_D100_G10/solution/solution-00079 
 80 1.114057213130e+11 1.392571516413e+09 768 7235 3201 16 8 9 9 5.48150541e-10 9.25676314e-10 outputs/V3.3e26_D100_G10/solution/solution-00080 
 81 1.127982928294e+11 1.392571516413e+09 768 7235 3201 16 8 9 9 5.24418670e-10 8.85567228e-10 outputs/V3.3e26_D100_G10/solution/solution-00081 
 82 1.141908643458e+11 1.392571516413e+09 768 7235 3201 16 8 9 9 5.01714255e-10 8.47197197e-10 outputs/V3.3e26_D100_G10/solution/solution-00082 
 83 1.155834358622e+11 1.392571516413e+09 768 7235 3201 16 8 9 9 4.79992813e-10 8.10490729e-10 outputs/V3.3e26_D100_G10/solution/solution-00083 
 84 1.169760073787e+11 1.392571516413e+09 768 7235 3201 16 8 9 9 4.59211787e-10 7.75375618e-10 outputs/V3.3e26_D100_G10/solution/solution-00084 
 85 1.183685788951e+11 1.392571516413e+09 768 7235 3201 16 8 9 9 4.39330463e-10 7.41782792e-10 outputs/V3.3e26_D100_G10/solution/solution-00085 
 86 1.197611504115e+11 1.392571516413e+09 768 7235 3201 16 8 9 9 4.20309888e-10 7.09646191e-10 outputs/V3.3e26_D100_G10/solution/solution-00086 
 87 1.211537219279e+11 1.392571516413e+09 768 7235 3201 16 8 9 9 4.02112798e-10 6.78902622e-10 outputs/V3.3e26_D100_G10/solution/solution-00087 
 88 1.225462934443e+11 1.392571516413e+09 768 7235 3201 16 8 9 9 3.84703540e-10 6.49491641e-10 outputs/V3.3e26_D100_G10/solution/solution-00088 
 89 1.239388649607e+11 1.392571516413e+09 768 7235 3201 16 8 9 9 3.68048005e-10 6.21355431e-10 outputs/V3.3e26_D100_G10/solution/solution-00089 
 90 1.253314364771e+11 1.392571516413e+09 768 7235 3201 16 8 9 9 3.52113562e-10 5.94438688e-10 outputs/V3.3e26_D100_G10/solution/solution-00090 
 91 1.267240079935e+11 1.392571516413e+09 768 7235 3201 16 8 9 9 3.36868992e-10 5.68688512e-10 outputs/V3.3e26_D100_G10/solution/solution-00091 
 92 1.281165795100e+11 1.392571516413e+09 768 7235 3201 16 8 9 9 3.22284427e-10 5.44054299e-10 outputs/V3.3e26_D100_G10/solution/solution-00092 
 93 1.295091510264e+11 1.392571516413e+09 768 7235 3201 16 8 9 9 3.08331293e-10 5.20487649e-10 outputs/V3.3e26_D100_G10/solution/solution-00093 
 94 1.309017225428e+11 1.392571516413e+09 768 7235 3201 15 8 9 9 2.94982257e-10 4.97942268e-10 outputs/V3.3e26_D100_G10/solution/solution-00094 
 95 1.322942940592e+11 1.392571516413e+09 768 7235 3201 15 8 9 9 2.82211161e-10 4.76373858e-10 outputs/V3.3e26_D100_G10/solution/solution-00095 
 96 1.336868655756e+11 1.392571516413e+09 768 7235 3201 15 8 9 9 2.69992984e-10 4.55740051e-10 outputs/V3.3e26_D100_G10/solution/solution-00096 
 97 1.350794370920e+11 1.392571516413e+09 768 7235 3201 15 8 9 9 2.58303786e-10 4.36000319e-10 outputs/V3.3e26_D100_G10/solution/solution-00097 
 98 1.364720086084e+11 1.392571516413e+09 768 7235 3201 15 8 9 9 2.47120666e-10 4.17115893e-10 outputs/V3.3e26_D100_G10/solution/solution-00098 
 99 1.378645801248e+11 1.392571516413e+09 768 7235 3201 15 8 9 9 2.36421713e-10 3.99049691e-10 outputs/V3.3e26_D100_G10/solution/solution-00099 
100 1.392571516413e+11 1.392571516413e+09 768 7235 3201 15 8 9 9 2.26185965e-10 3.81766237e-10 outputs/V3.3e26_D100_G10/solution/solution-00100 
