# 1: Time step number
# 2: Time (years)
# 3: Time step size (years)
# 4: Number of mesh cells
# 5: Number of Stokes degrees of freedom
# 6: Number of temperature degrees of freedom
# 7: Iterations for temperature solver
# 8: Iterations for Stokes solver
# 9: Velocity iterations in Stokes preconditioner
# 10: Schur complement iterations in Stokes preconditioner
# 11: RMS velocity (m/year)
# 12: Max. velocity (m/year)
# 13: Visualization file name
  0 0.000000000000e+00 0.000000000000e+00 768 7235 3201  0 8 9 9 7.99772601e-09 1.34932359e-08 outputs/V3.3e26_D1000_G4/solution/solution-00000 
  1 1.392571516413e+09 1.392571516413e+09 768 7235 3201 19 6 7 7 7.61694371e-09 1.28508052e-08 outputs/V3.3e26_D1000_G4/solution/solution-00001 
  2 2.785143032825e+09 1.392571516413e+09 768 7235 3201 13 5 6 6 7.24748149e-09 1.22274729e-08 outputs/V3.3e26_D1000_G4/solution/solution-00002 
  3 4.177714549238e+09 1.392571516413e+09 768 7235 3201 13 5 6 6 6.89362160e-09 1.16304638e-08 outputs/V3.3e26_D1000_G4/solution/solution-00003 
  4 5.570286065650e+09 1.392571516413e+09 768 7235 3201 13 5 6 6 6.55624882e-09 1.10612707e-08 outputs/V3.3e26_D1000_G4/solution/solution-00004 
  5 6.962857582063e+09 1.392571516413e+09 768 7235 3201 13 5 6 6 6.23511762e-09 1.05194793e-08 outputs/V3.3e26_D1000_G4/solution/solution-00005 
  6 8.355429098476e+09 1.392571516413e+09 768 7235 3201 13 5 6 6 5.92962388e-09 1.00040704e-08 outputs/V3.3e26_D1000_G4/solution/solution-00006 
  7 9.748000614888e+09 1.392571516413e+09 768 7235 3201 13 5 6 6 5.63906668e-09 9.51386147e-09 outputs/V3.3e26_D1000_G4/solution/solution-00007 
  8 1.114057213130e+10 1.392571516413e+09 768 7235 3201 13 5 6 6 5.36273638e-09 9.04765522e-09 outputs/V3.3e26_D1000_G4/solution/solution-00008 
  9 1.253314364771e+10 1.392571516413e+09 768 7235 3201 13 5 6 6 5.09994341e-09 8.60428825e-09 outputs/V3.3e26_D1000_G4/solution/solution-00009 
 10 1.392571516413e+10 1.392571516413e+09 768 7235 3201 13 5 6 6 4.85002698e-09 8.18264573e-09 outputs/V3.3e26_D1000_G4/solution/solution-00010 
 11 1.531828668054e+10 1.392571516413e+09 768 7235 3201 13 5 6 6 4.61235698e-09 7.78166456e-09 outputs/V3.3e26_D1000_G4/solution/solution-00011 
 12 1.671085819695e+10 1.392571516413e+09 768 7235 3201 13 5 6 6 4.38633357e-09 7.40033278e-09 outputs/V3.3e26_D1000_G4/solution/solution-00012 
 13 1.810342971336e+10 1.392571516413e+09 768 7235 3201 13 5 6 6 4.17138614e-09 7.03768764e-09 outputs/V3.3e26_D1000_G4/solution/solution-00013 
 14 1.949600122978e+10 1.392571516413e+09 768 7235 3201 13 5 6 6 3.96697195e-09 6.69281351e-09 outputs/V3.3e26_D1000_G4/solution/solution-00014 
 15 2.088857274619e+10 1.392571516413e+09 768 7235 3201 13 5 6 6 3.77257485e-09 6.36483954e-09 outputs/V3.3e26_D1000_G4/solution/solution-00015 
 16 2.228114426260e+10 1.392571516413e+09 768 7235 3201 13 5 6 6 3.58770397e-09 6.05293757e-09 outputs/V3.3e26_D1000_G4/solution/solution-00016 
 17 2.367371577901e+10 1.392571516413e+09 768 7235 3201 12 5 6 6 3.41189248e-09 5.75632002e-09 outputs/V3.3e26_D1000_G4/solution/solution-00017 
 18 2.506628729543e+10 1.392571516413e+09 768 7235 3201 12 5 6 6 3.24469644e-09 5.47423788e-09 outputs/V3.3e26_D1000_G4/solution/solution-00018 
 19 2.645885881184e+10 1.392571516413e+09 768 7235 3201 12 5 6 6 3.08569365e-09 5.20597887e-09 outputs/V3.3e26_D1000_G4/solution/solution-00019 
 20 2.785143032825e+10 1.392571516413e+09 768 7235 3201 12 5 6 6 2.93448263e-09 4.95086560e-09 outputs/V3.3e26_D1000_G4/solution/solution-00020 
 21 2.924400184466e+10 1.392571516413e+09 768 7235 3201 12 5 6 6 2.79068153e-09 4.70825387e-09 outputs/V3.3e26_D1000_G4/solution/solution-00021 
 22 3.063657336108e+10 1.392571516413e+09 768 7235 3201 12 5 6 6 2.65392725e-09 4.47753107e-09 outputs/V3.3e26_D1000_G4/solution/solution-00022 
 23 3.202914487749e+10 1.392571516413e+09 768 7235 3201 12 5 6 6 2.52387446e-09 4.25811458e-09 outputs/V3.3e26_D1000_G4/solution/solution-00023 
 24 3.342171639390e+10 1.392571516413e+09 768 7235 3201 12 5 6 6 2.40019477e-09 4.04945035e-09 outputs/V3.3e26_D1000_G4/solution/solution-00024 
 25 3.481428791032e+10 1.392571516413e+09 768 7235 3201 12 5 6 6 2.28257586e-09 3.85101149e-09 outputs/V3.3e26_D1000_G4/solution/solution-00025 
 26 3.620685942673e+10 1.392571516413e+09 768 7235 3201 12 5 6 6 2.17072074e-09 3.66229690e-09 outputs/V3.3e26_D1000_G4/solution/solution-00026 
 27 3.759943094314e+10 1.392571516413e+09 768 7235 3201 12 5 6 6 2.06434695e-09 3.48283007e-09 outputs/V3.3e26_D1000_G4/solution/solution-00027 
 28 3.899200245955e+10 1.392571516413e+09 768 7235 3201 12 5 6 6 1.96318590e-09 3.31215781e-09 outputs/V3.3e26_D1000_G4/solution/solution-00028 
 29 4.038457397597e+10 1.392571516413e+09 768 7235 3201 12 5 6 6 1.86698213e-09 3.14984915e-09 outputs/V3.3e26_D1000_G4/solution/solution-00029 
 30 4.177714549238e+10 1.392571516413e+09 768 7235 3201 12 5 6 6 1.77549272e-09 2.99549426e-09 outputs/V3.3e26_D1000_G4/solution/solution-00030 
 31 4.316971700879e+10 1.392571516413e+09 768 7235 3201 12 5 6 6 1.68848665e-09 2.84870335e-09 outputs/V3.3e26_D1000_G4/solution/solution-00031 
 32 4.456228852520e+10 1.392571516413e+09 768 7235 3201 12 5 6 6 1.60574422e-09 2.70910578e-09 outputs/V3.3e26_D1000_G4/solution/solution-00032 
 33 4.595486004162e+10 1.392571516413e+09 768 7235 3201 12 5 6 6 1.52705649e-09 2.57634902e-09 outputs/V3.3e26_D1000_G4/solution/solution-00033 
 34 4.734743155803e+10 1.392571516413e+09 768 7235 3201 12 5 6 6 1.45222476e-09 2.45009787e-09 outputs/V3.3e26_D1000_G4/solution/solution-00034 
 35 4.874000307444e+10 1.392571516413e+09 768 7235 3201 12 5 6 6 1.38106009e-09 2.33003352e-09 outputs/V3.3e26_D1000_G4/solution/solution-00035 
 36 5.013257459085e+10 1.392571516413e+09 768 7235 3201 12 5 6 6 1.31338275e-09 2.21585279e-09 outputs/V3.3e26_D1000_G4/solution/solution-00036 
 37 5.152514610727e+10 1.392571516413e+09 768 7235 3201 12 5 6 6 1.24902188e-09 2.10726736e-09 outputs/V3.3e26_D1000_G4/solution/solution-00037 
 38 5.291771762368e+10 1.392571516413e+09 768 7235 3201 11 5 6 6 1.18781493e-09 2.00400304e-09 outputs/V3.3e26_D1000_G4/solution/solution-00038 
 39 5.431028914009e+10 1.392571516413e+09 768 7235 3201 11 5 6 6 1.12960736e-09 1.90579907e-09 outputs/V3.3e26_D1000_G4/solution/solution-00039 
 40 5.570286065650e+10 1.392571516413e+09 768 7235 3201 11 5 6 6 1.07425220e-09 1.81240748e-09 outputs/V3.3e26_D1000_G4/solution/solution-00040 
 41 5.709543217292e+10 1.392571516413e+09 768 7235 3201 11 5 6 6 1.02160965e-09 1.72359244e-09 outputs/V3.3e26_D1000_G4/solution/solution-00041 
 42 5.848800368933e+10 1.392571516413e+09 768 7235 3201 11 5 6 6 9.71546789e-10 1.63912969e-09 outputs/V3.3e26_D1000_G4/solution/solution-00042 
 43 5.988057520574e+10 1.392571516413e+09 768 7235 3201 11 5 6 6 9.23937206e-10 1.55880594e-09 outputs/V3.3e26_D1000_G4/solution/solution-00043 
 44 6.127314672215e+10 1.392571516413e+09 768 7235 3201 11 5 6 6 8.78660678e-10 1.48241837e-09 outputs/V3.3e26_D1000_G4/solution/solution-00044 
 45 6.266571823857e+10 1.392571516413e+09 768 7235 3201 11 5 6 6 8.35602877e-10 1.40977408e-09 outputs/V3.3e26_D1000_G4/solution/solution-00045 
 46 6.405828975498e+10 1.392571516413e+09 768 7235 3201 11 5 6 6 7.94655076e-10 1.34068965e-09 outputs/V3.3e26_D1000_G4/solution/solution-00046 
 47 6.545086127139e+10 1.392571516413e+09 768 7235 3201 11 5 6 6 7.55713877e-10 1.27499063e-09 outputs/V3.3e26_D1000_G4/solution/solution-00047 
 48 6.684343278781e+10 1.392571516413e+09 768 7235 3201 11 5 6 6 7.18680948e-10 1.21251111e-09 outputs/V3.3e26_D1000_G4/solution/solution-00048 
 49 6.823600430422e+10 1.392571516413e+09 768 7235 3201 11 5 6 6 6.83462778e-10 1.15309334e-09 outputs/V3.3e26_D1000_G4/solution/solution-00049 
 50 6.962857582063e+10 1.392571516413e+09 768 7235 3201 11 5 6 6 6.49970435e-10 1.09658727e-09 outputs/V3.3e26_D1000_G4/solution/solution-00050 
 51 7.102114733704e+10 1.392571516413e+09 768 7235 3201 11 5 6 6 6.18119348e-10 1.04285021e-09 outputs/V3.3e26_D1000_G4/solution/solution-00051 
 52 7.241371885346e+10 1.392571516413e+09 768 7235 3201 11 5 6 6 5.87829088e-10 9.91746484e-10 outputs/V3.3e26_D1000_G4/solution/solution-00052 
 53 7.380629036987e+10 1.392571516413e+09 768 7235 3201 11 5 6 6 5.59023169e-10 9.43147037e-10 outputs/V3.3e26_D1000_G4/solution/solution-00053 
 54 7.519886188628e+10 1.392571516413e+09 768 7235 3201 11 5 6 6 5.31628853e-10 8.96929152e-10 outputs/V3.3e26_D1000_G4/solution/solution-00054 
 55 7.659143340269e+10 1.392571516413e+09 768 7235 3201 11 5 6 6 5.05576965e-10 8.52976125e-10 outputs/V3.3e26_D1000_G4/solution/solution-00055 
 56 7.798400491911e+10 1.392571516413e+09 768 7235 3201 11 5 6 6 4.80801721e-10 8.11176967e-10 outputs/V3.3e26_D1000_G4/solution/solution-00056 
 57 7.937657643552e+10 1.392571516413e+09 768 7235 3201 10 5 6 6 4.57240561e-10 7.71426131e-10 outputs/V3.3e26_D1000_G4/solution/solution-00057 
 58 8.076914795193e+10 1.392571516413e+09 768 7235 3201 10 5 6 6 4.34833989e-10 7.33623240e-10 outputs/V3.3e26_D1000_G4/solution/solution-00058 
 59 8.216171946834e+10 1.392571516413e+09 768 7235 3201 10 5 6 6 4.13525427e-10 6.97672839e-10 outputs/V3.3e26_D1000_G4/solution/solution-00059 
 60 8.355429098476e+10 1.392571516413e+09 768 7235 3201 10 5 6 6 3.93261067e-10 6.63484148e-10 outputs/V3.3e26_D1000_G4/solution/solution-00060 
 61 8.494686250117e+10 1.392571516413e+09 768 7235 3201 10 5 6 6 3.73989740e-10 6.30970836e-10 outputs/V3.3e26_D1000_G4/solution/solution-00061 
 62 8.633943401758e+10 1.392571516413e+09 768 7235 3201 10 5 6 6 3.55662784e-10 6.00050803e-10 outputs/V3.3e26_D1000_G4/solution/solution-00062 
 63 8.773200553399e+10 1.392571516413e+09 768 7235 3201 10 5 6 6 3.38233919e-10 5.70645973e-10 outputs/V3.3e26_D1000_G4/solution/solution-00063 
 64 8.912457705041e+10 1.392571516413e+09 768 7235 3201 10 5 6 6 3.21659137e-10 5.42682093e-10 outputs/V3.3e26_D1000_G4/solution/solution-00064 
 65 9.051714856682e+10 1.392571516413e+09 768 7235 3201 10 5 6 6 3.05896585e-10 5.16088553e-10 outputs/V3.3e26_D1000_G4/solution/solution-00065 
 66 9.190972008323e+10 1.392571516413e+09 768 7235 3201 10 5 6 6 2.90906458e-10 4.90798201e-10 outputs/V3.3e26_D1000_G4/solution/solution-00066 
 67 9.330229159964e+10 1.392571516413e+09 768 7235 3201 10 5 6 6 2.76650907e-10 4.66747174e-10 outputs/V3.3e26_D1000_G4/solution/solution-00067 
 68 9.469486311606e+10 1.392571516413e+09 768 7235 3201 10 5 6 6 2.63093933e-10 4.43874741e-10 outputs/V3.3e26_D1000_G4/solution/solution-00068 
 69 9.608743463247e+10 1.392571516413e+09 768 7235 3201 10 5 6 6 2.50201303e-10 4.22123147e-10 outputs/V3.3e26_D1000_G4/solution/solution-00069 
 70 9.748000614888e+10 1.392571516413e+09 768 7235 3201 10 5 6 6 2.37940463e-10 4.01437465e-10 outputs/V3.3e26_D1000_G4/solution/solution-00070 
 71 9.887257766530e+10 1.392571516413e+09 768 7235 3201 10 5 6 6 2.26280452e-10 3.81765463e-10 outputs/V3.3e26_D1000_G4/solution/solution-00071 
 72 1.002651491817e+11 1.392571516413e+09 768 7235 3201 10 5 6 6 2.15191827e-10 3.63057466e-10 outputs/V3.3e26_D1000_G4/solution/solution-00072 
 73 1.016577206981e+11 1.392571516413e+09 768 7235 3201 10 5 6 6 2.04646587e-10 3.45266233e-10 outputs/V3.3e26_D1000_G4/solution/solution-00073 
 74 1.030502922145e+11 1.392571516413e+09 768 7235 3201 10 5 6 6 1.94618106e-10 3.28346841e-10 outputs/V3.3e26_D1000_G4/solution/solution-00074 
 75 1.044428637309e+11 1.392571516413e+09 768 7235 3201 10 5 6 6 1.85081059e-10 3.12256564e-10 outputs/V3.3e26_D1000_G4/solution/solution-00075 
 76 1.058354352474e+11 1.392571516413e+09 768 7235 3201 10 5 6 6 1.76011365e-10 2.96954774e-10 outputs/V3.3e26_D1000_G4/solution/solution-00076 
 77 1.072280067638e+11 1.392571516413e+09 768 7235 3201 10 5 6 6 1.67386122e-10 2.82402831e-10 outputs/V3.3e26_D1000_G4/solution/solution-00077 
 78 1.086205782802e+11 1.392571516413e+09 768 7235 3201 10 5 6 6 1.59183548e-10 2.68563991e-10 outputs/V3.3e26_D1000_G4/solution/solution-00078 
 79 1.100131497966e+11 1.392571516413e+09 768 7235 3201  9 5 6 6 1.51382934e-10 2.55403308e-10 outputs/V3.3e26_D1000_G4/solution/solution-00079 
 80 1.114057213130e+11 1.392571516413e+09 768 7235 3201  9 5 6 6 1.43964580e-10 2.42887551e-10 outputs/V3.3e26_D1000_G4/solution/solution-00080 
 81 1.127982928294e+11 1.392571516413e+09 768 7235 3201  9 5 6 6 1.36909755e-10 2.30985115e-10 outputs/V3.3e26_D1000_G4/solution/solution-00081 
 82 1.141908643458e+11 1.392571516413e+09 768 7235 3201  9 5 6 6 1.30200644e-10 2.19665945e-10 outputs/V3.3e26_D1000_G4/solution/solution-00082 
 83 1.155834358622e+11 1.392571516413e+09 768 7235 3201  9 5 6 6 1.23820305e-10 2.08901458e-10 outputs/V3.3e26_D1000_G4/solution/solution-00083 
 84 1.169760073787e+11 1.392571516413e+09 768 7235 3201  9 5 6 6 1.17752628e-10 1.98664473e-10 outputs/V3.3e26_D1000_G4/solution/solution-00084 
 85 1.183685788951e+11 1.392571516413e+09 768 7235 3201  9 5 6 6 1.11982290e-10 1.88929139e-10 outputs/V3.3e26_D1000_G4/solution/solution-00085 
 86 1.197611504115e+11 1.392571516413e+09 768 7235 3201  9 5 6 6 1.06494722e-10 1.79670876e-10 outputs/V3.3e26_D1000_G4/solution/solution-00086 
 87 1.211537219279e+11 1.392571516413e+09 768 7235 3201  9 5 6 6 1.01276066e-10 1.70866303e-10 outputs/V3.3e26_D1000_G4/solution/solution-00087 
 88 1.225462934443e+11 1.392571516413e+09 768 7235 3201  9 5 6 6 9.63131440e-11 1.62493189e-10 outputs/V3.3e26_D1000_G4/solution/solution-00088 
 89 1.239388649607e+11 1.392571516413e+09 768 7235 3201  9 5 6 6 9.15934247e-11 1.54530390e-10 outputs/V3.3e26_D1000_G4/solution/solution-00089 
 90 1.253314364771e+11 1.392571516413e+09 768 7235 3201  9 5 6 6 8.71049901e-11 1.46957799e-10 outputs/V3.3e26_D1000_G4/solution/solution-00090 
 91 1.267240079935e+11 1.392571516413e+09 768 7235 3201  9 5 6 6 8.28365062e-11 1.39756294e-10 outputs/V3.3e26_D1000_G4/solution/solution-00091 
 92 1.281165795100e+11 1.392571516413e+09 768 7235 3201  9 5 6 6 7.87771947e-11 1.32907691e-10 outputs/V3.3e26_D1000_G4/solution/solution-00092 
 93 1.295091510264e+11 1.392571516413e+09 768 7235 3201  9 5 6 6 7.49168053e-11 1.26394697e-10 outputs/V3.3e26_D1000_G4/solution/solution-00093 
 94 1.309017225428e+11 1.392571516413e+09 768 7235 3201  9 5 6 6 7.12455900e-11 1.20200864e-10 outputs/V3.3e26_D1000_G4/solution/solution-00094 
 95 1.322942940592e+11 1.392571516413e+09 768 7235 3201  9 5 6 6 6.77542786e-11 1.14310554e-10 outputs/V3.3e26_D1000_G4/solution/solution-00095 
 96 1.336868655756e+11 1.392571516413e+09 768 7235 3201  9 5 6 6 6.44340550e-11 1.08708891e-10 outputs/V3.3e26_D1000_G4/solution/solution-00096 
 97 1.350794370920e+11 1.392571516413e+09 768 7235 3201  9 5 6 6 6.12765352e-11 1.03381732e-10 outputs/V3.3e26_D1000_G4/solution/solution-00097 
 98 1.364720086084e+11 1.392571516413e+09 768 7235 3201  8 5 6 6 5.82737462e-11 9.83156241e-11 outputs/V3.3e26_D1000_G4/solution/solution-00098 
 99 1.378645801248e+11 1.392571516413e+09 768 7235 3201  8 5 6 6 5.54181054e-11 9.34977749e-11 outputs/V3.3e26_D1000_G4/solution/solution-00099 
100 1.392571516413e+11 1.392571516413e+09 768 7235 3201  8 5 6 6 5.27024023e-11 8.89160197e-11 outputs/V3.3e26_D1000_G4/solution/solution-00100 
