# 1: Time step number
# 2: Time (years)
# 3: Time step size (years)
# 4: Number of mesh cells
# 5: Number of Stokes degrees of freedom
# 6: Number of temperature degrees of freedom
# 7: Iterations for temperature solver
# 8: Iterations for Stokes solver
# 9: Velocity iterations in Stokes preconditioner
# 10: Schur complement iterations in Stokes preconditioner
# 11: RMS velocity (m/year)
# 12: Max. velocity (m/year)
# 13: Visualization file name
  0 0.000000000000e+00 0.000000000000e+00 768 7235 3201  0 8 9 9 5.37007815e-08 1.13142490e-07 outputs/V1e26_D3000_G8/solution/solution-00000 
  1 1.392571516413e+09 1.392571516413e+09 768 7235 3201 32 8 9 9 5.38668582e-08 9.55023504e-08 outputs/V1e26_D3000_G8/solution/solution-00001 
  2 2.785143032825e+09 1.392571516413e+09 768 7235 3201 25 8 9 9 5.44139620e-08 9.21126463e-08 outputs/V1e26_D3000_G8/solution/solution-00002 
  3 4.177714549238e+09 1.392571516413e+09 768 7235 3201 24 8 9 9 5.48680617e-08 9.31785993e-08 outputs/V1e26_D3000_G8/solution/solution-00003 
  4 5.570286065650e+09 1.392571516413e+09 768 7235 3201 23 8 9 9 5.50723262e-08 9.38538769e-08 outputs/V1e26_D3000_G8/solution/solution-00004 
  5 6.962857582063e+09 1.392571516413e+09 768 7235 3201 23 8 9 9 5.50445161e-08 9.41467524e-08 outputs/V1e26_D3000_G8/solution/solution-00005 
  6 8.355429098476e+09 1.392571516413e+09 768 7235 3201 22 8 9 9 5.48116825e-08 9.40834938e-08 outputs/V1e26_D3000_G8/solution/solution-00006 
  7 9.748000614888e+09 1.392571516413e+09 768 7235 3201 22 8 9 9 5.44032092e-08 9.36978730e-08 outputs/V1e26_D3000_G8/solution/solution-00007 
  8 1.114057213130e+10 1.392571516413e+09 768 7235 3201 21 8 9 9 5.38469476e-08 9.30264074e-08 outputs/V1e26_D3000_G8/solution/solution-00008 
  9 1.253314364771e+10 1.392571516413e+09 768 7235 3201 21 8 9 9 5.31680896e-08 9.21059162e-08 outputs/V1e26_D3000_G8/solution/solution-00009 
 10 1.392571516413e+10 1.392571516413e+09 768 7235 3201 21 8 9 9 5.23889425e-08 9.09720991e-08 outputs/V1e26_D3000_G8/solution/solution-00010 
 11 1.531828668054e+10 1.392571516413e+09 768 7235 3201 20 8 9 9 5.15290105e-08 8.96586451e-08 outputs/V1e26_D3000_G8/solution/solution-00011 
 12 1.671085819695e+10 1.392571516413e+09 768 7235 3201 20 8 9 9 5.06051916e-08 8.81966773e-08 outputs/V1e26_D3000_G8/solution/solution-00012 
 13 1.810342971336e+10 1.392571516413e+09 768 7235 3201 20 8 9 9 4.96320174e-08 8.66144392e-08 outputs/V1e26_D3000_G8/solution/solution-00013 
 14 1.949600122978e+10 1.392571516413e+09 768 7235 3201 20 8 9 9 4.86219036e-08 8.49371694e-08 outputs/V1e26_D3000_G8/solution/solution-00014 
 15 2.088857274619e+10 1.392571516413e+09 768 7235 3201 20 8 9 9 4.75853939e-08 8.31871192e-08 outputs/V1e26_D3000_G8/solution/solution-00015 
 16 2.228114426260e+10 1.392571516413e+09 768 7235 3201 20 8 9 9 4.65313918e-08 8.13836740e-08 outputs/V1e26_D3000_G8/solution/solution-00016 
 17 2.367371577901e+10 1.392571516413e+09 768 7235 3201 20 8 9 9 4.54673728e-08 7.95435442e-08 outputs/V1e26_D3000_G8/solution/solution-00017 
 18 2.506628729543e+10 1.392571516413e+09 768 7235 3201 20 8 9 9 4.43995786e-08 7.76809964e-08 outputs/V1e26_D3000_G8/solution/solution-00018 
 19 2.645885881184e+10 1.392571516413e+09 768 7235 3201 19 8 9 9 4.33331898e-08 7.58081032e-08 outputs/V1e26_D3000_G8/solution/solution-00019 
 20 2.785143032825e+10 1.392571516413e+09 768 7235 3201 19 8 9 9 4.22724791e-08 7.39349935e-08 outputs/V1e26_D3000_G8/solution/solution-00020 
 21 2.924400184466e+10 1.392571516413e+09 768 7235 3201 19 8 9 9 4.12209452e-08 7.20700939e-08 outputs/V1e26_D3000_G8/solution/solution-00021 
 22 3.063657336108e+10 1.392571516413e+09 768 7235 3201 19 8 9 9 4.01814306e-08 7.02203532e-08 outputs/V1e26_D3000_G8/solution/solution-00022 
 23 3.202914487749e+10 1.392571516413e+09 768 7235 3201 19 8 9 9 3.91562219e-08 6.83914464e-08 outputs/V1e26_D3000_G8/solution/solution-00023 
 24 3.342171639390e+10 1.392571516413e+09 768 7235 3201 19 8 9 9 3.81471372e-08 6.65879583e-08 outputs/V1e26_D3000_G8/solution/solution-00024 
 25 3.481428791032e+10 1.392571516413e+09 768 7235 3201 19 8 9 9 3.71556005e-08 6.48135448e-08 outputs/V1e26_D3000_G8/solution/solution-00025 
 26 3.620685942673e+10 1.392571516413e+09 768 7235 3201 19 8 9 9 3.61827055e-08 6.30710745e-08 outputs/V1e26_D3000_G8/solution/solution-00026 
 27 3.759943094314e+10 1.392571516413e+09 768 7235 3201 19 8 9 9 3.52292696e-08 6.13627514e-08 outputs/V1e26_D3000_G8/solution/solution-00027 
 28 3.899200245955e+10 1.392571516413e+09 768 7235 3201 19 8 9 9 3.42958795e-08 5.96902209e-08 outputs/V1e26_D3000_G8/solution/solution-00028 
 29 4.038457397597e+10 1.392571516413e+09 768 7235 3201 19 8 9 9 3.33829306e-08 5.80546608e-08 outputs/V1e26_D3000_G8/solution/solution-00029 
 30 4.177714549238e+10 1.392571516413e+09 768 7235 3201 19 8 9 9 3.24906592e-08 5.64568590e-08 outputs/V1e26_D3000_G8/solution/solution-00030 
 31 4.316971700879e+10 1.392571516413e+09 768 7235 3201 19 8 9 9 3.16191706e-08 5.48972796e-08 outputs/V1e26_D3000_G8/solution/solution-00031 
 32 4.456228852520e+10 1.392571516413e+09 768 7235 3201 19 8 9 9 3.07684619e-08 5.33761192e-08 outputs/V1e26_D3000_G8/solution/solution-00032 
 33 4.595486004162e+10 1.392571516413e+09 768 7235 3201 19 8 9 9 2.99384419e-08 5.18933544e-08 outputs/V1e26_D3000_G8/solution/solution-00033 
 34 4.734743155803e+10 1.392571516413e+09 768 7235 3201 18 8 9 9 2.91289474e-08 5.04487821e-08 outputs/V1e26_D3000_G8/solution/solution-00034 
 35 4.874000307444e+10 1.392571516413e+09 768 7235 3201 18 8 9 9 2.83397568e-08 4.90420534e-08 outputs/V1e26_D3000_G8/solution/solution-00035 
 36 5.013257459085e+10 1.392571516413e+09 768 7235 3201 18 8 9 9 2.75706019e-08 4.76727020e-08 outputs/V1e26_D3000_G8/solution/solution-00036 
 37 5.152514610727e+10 1.392571516413e+09 768 7235 3201 18 8 9 9 2.68211771e-08 4.63401682e-08 outputs/V1e26_D3000_G8/solution/solution-00037 
 38 5.291771762368e+10 1.392571516413e+09 768 7235 3201 18 8 9 9 2.60911477e-08 4.50438189e-08 outputs/V1e26_D3000_G8/solution/solution-00038 
 39 5.431028914009e+10 1.392571516413e+09 768 7235 3201 18 8 9 9 2.53801567e-08 4.37829645e-08 outputs/V1e26_D3000_G8/solution/solution-00039 
 40 5.570286065650e+10 1.392571516413e+09 768 7235 3201 18 8 9 9 2.46878301e-08 4.25568724e-08 outputs/V1e26_D3000_G8/solution/solution-00040 
 41 5.709543217292e+10 1.392571516413e+09 768 7235 3201 18 8 9 9 2.40137816e-08 4.13647792e-08 outputs/V1e26_D3000_G8/solution/solution-00041 
 42 5.848800368933e+10 1.392571516413e+09 768 7235 3201 18 8 9 9 2.33576165e-08 4.02058997e-08 outputs/V1e26_D3000_G8/solution/solution-00042 
 43 5.988057520574e+10 1.392571516413e+09 768 7235 3201 18 8 9 9 2.27189351e-08 3.90794356e-08 outputs/V1e26_D3000_G8/solution/solution-00043 
 44 6.127314672215e+10 1.392571516413e+09 768 7235 3201 18 8 9 9 2.20973347e-08 3.79845812e-08 outputs/V1e26_D3000_G8/solution/solution-00044 
 45 6.266571823857e+10 1.392571516413e+09 768 7235 3201 18 8 9 9 2.14924126e-08 3.69205295e-08 outputs/V1e26_D3000_G8/solution/solution-00045 
 46 6.405828975498e+10 1.392571516413e+09 768 7235 3201 18 8 9 9 2.09037671e-08 3.58864761e-08 outputs/V1e26_D3000_G8/solution/solution-00046 
 47 6.545086127139e+10 1.392571516413e+09 768 7235 3201 18 8 9 9 2.03309994e-08 3.48816228e-08 outputs/V1e26_D3000_G8/solution/solution-00047 
 48 6.684343278781e+10 1.392571516413e+09 768 7235 3201 18 8 9 9 1.97737147e-08 3.39051807e-08 outputs/V1e26_D3000_G8/solution/solution-00048 
 49 6.823600430422e+10 1.392571516413e+09 768 7235 3201 18 8 9 9 1.92315230e-08 3.29563722e-08 outputs/V1e26_D3000_G8/solution/solution-00049 
 50 6.962857582063e+10 1.392571516413e+09 768 7235 3201 18 8 9 9 1.87040400e-08 3.20344329e-08 outputs/V1e26_D3000_G8/solution/solution-00050 
 51 7.102114733704e+10 1.392571516413e+09 768 7235 3201 18 8 9 9 1.81908877e-08 3.11386131e-08 outputs/V1e26_D3000_G8/solution/solution-00051 
 52 7.241371885346e+10 1.392571516413e+09 768 7235 3201 18 8 9 9 1.76916948e-08 3.02681784e-08 outputs/V1e26_D3000_G8/solution/solution-00052 
 53 7.380629036987e+10 1.392571516413e+09 768 7235 3201 18 8 9 9 1.72060971e-08 2.94224109e-08 outputs/V1e26_D3000_G8/solution/solution-00053 
 54 7.519886188628e+10 1.392571516413e+09 768 7235 3201 18 8 9 9 1.67337376e-08 2.86006097e-08 outputs/V1e26_D3000_G8/solution/solution-00054 
 55 7.659143340269e+10 1.392571516413e+09 768 7235 3201 18 8 9 9 1.62742670e-08 2.78020909e-08 outputs/V1e26_D3000_G8/solution/solution-00055 
 56 7.798400491911e+10 1.392571516413e+09 768 7235 3201 18 8 9 9 1.58273436e-08 2.70261882e-08 outputs/V1e26_D3000_G8/solution/solution-00056 
 57 7.937657643552e+10 1.392571516413e+09 768 7235 3201 18 8 9 9 1.53926332e-08 2.62722526e-08 outputs/V1e26_D3000_G8/solution/solution-00057 
 58 8.076914795193e+10 1.392571516413e+09 768 7235 3201 18 8 9 9 1.49698097e-08 2.55396526e-08 outputs/V1e26_D3000_G8/solution/solution-00058 
 59 8.216171946834e+10 1.392571516413e+09 768 7235 3201 18 8 9 9 1.45585544e-08 2.48277740e-08 outputs/V1e26_D3000_G8/solution/solution-00059 
 60 8.355429098476e+10 1.392571516413e+09 768 7235 3201 18 8 9 9 1.41585565e-08 2.41360197e-08 outputs/V1e26_D3000_G8/solution/solution-00060 
 61 8.494686250117e+10 1.392571516413e+09 768 7235 3201 17 8 9 9 1.37695128e-08 2.34638092e-08 outputs/V1e26_D3000_G8/solution/solution-00061 
 62 8.633943401758e+10 1.392571516413e+09 768 7235 3201 17 8 9 9 1.33911275e-08 2.28105789e-08 outputs/V1e26_D3000_G8/solution/solution-00062 
 63 8.773200553399e+10 1.392571516413e+09 768 7235 3201 17 8 9 9 1.30231123e-08 2.21757812e-08 outputs/V1e26_D3000_G8/solution/solution-00063 
 64 8.912457705041e+10 1.392571516413e+09 768 7235 3201 17 8 9 9 1.26651863e-08 2.15588844e-08 outputs/V1e26_D3000_G8/solution/solution-00064 
 65 9.051714856682e+10 1.392571516413e+09 768 7235 3201 17 8 9 9 1.23170758e-08 2.09593723e-08 outputs/V1e26_D3000_G8/solution/solution-00065 
 66 9.190972008323e+10 1.392571516413e+09 768 7235 3201 17 8 9 9 1.19785141e-08 2.03767439e-08 outputs/V1e26_D3000_G8/solution/solution-00066 
 67 9.330229159964e+10 1.392571516413e+09 768 7235 3201 17 8 9 9 1.16492414e-08 1.98105127e-08 outputs/V1e26_D3000_G8/solution/solution-00067 
 68 9.469486311606e+10 1.392571516413e+09 768 7235 3201 17 8 9 9 1.13290049e-08 1.92602067e-08 outputs/V1e26_D3000_G8/solution/solution-00068 
 69 9.608743463247e+10 1.392571516413e+09 768 7235 3201 17 8 9 9 1.10175582e-08 1.87253680e-08 outputs/V1e26_D3000_G8/solution/solution-00069 
 70 9.748000614888e+10 1.392571516413e+09 768 7235 3201 17 8 9 9 1.07146617e-08 1.82055519e-08 outputs/V1e26_D3000_G8/solution/solution-00070 
 71 9.887257766530e+10 1.392571516413e+09 768 7235 3201 17 8 9 9 1.04200818e-08 1.77003272e-08 outputs/V1e26_D3000_G8/solution/solution-00071 
 72 1.002651491817e+11 1.392571516413e+09 768 7235 3201 17 8 9 9 1.01335914e-08 1.72092752e-08 outputs/V1e26_D3000_G8/solution/solution-00072 
 73 1.016577206981e+11 1.392571516413e+09 768 7235 3201 17 8 9 9 9.85496947e-09 1.67319898e-08 outputs/V1e26_D3000_G8/solution/solution-00073 
 74 1.030502922145e+11 1.392571516413e+09 768 7235 3201 17 8 9 9 9.58400070e-09 1.62680769e-08 outputs/V1e26_D3000_G8/solution/solution-00074 
 75 1.044428637309e+11 1.392571516413e+09 768 7235 3201 17 8 9 9 9.32047573e-09 1.58171539e-08 outputs/V1e26_D3000_G8/solution/solution-00075 
 76 1.058354352474e+11 1.392571516413e+09 768 7235 3201 17 8 9 9 9.06419079e-09 1.53788499e-08 outputs/V1e26_D3000_G8/solution/solution-00076 
 77 1.072280067638e+11 1.392571516413e+09 768 7235 3201 17 8 9 9 8.81494760e-09 1.49528046e-08 outputs/V1e26_D3000_G8/solution/solution-00077 
 78 1.086205782802e+11 1.392571516413e+09 768 7235 3201 17 8 9 9 8.57255325e-09 1.45386685e-08 outputs/V1e26_D3000_G8/solution/solution-00078 
 79 1.100131497966e+11 1.392571516413e+09 768 7235 3201 17 8 9 9 8.33682004e-09 1.41361025e-08 outputs/V1e26_D3000_G8/solution/solution-00079 
 80 1.114057213130e+11 1.392571516413e+09 768 7235 3201 17 8 9 9 8.10756538e-09 1.37447773e-08 outputs/V1e26_D3000_G8/solution/solution-00080 
 81 1.127982928294e+11 1.392571516413e+09 768 7235 3201 17 8 9 9 7.88461162e-09 1.33643734e-08 outputs/V1e26_D3000_G8/solution/solution-00081 
 82 1.141908643458e+11 1.392571516413e+09 768 7235 3201 17 8 9 9 7.66778594e-09 1.29945807e-08 outputs/V1e26_D3000_G8/solution/solution-00082 
 83 1.155834358622e+11 1.392571516413e+09 768 7235 3201 17 8 9 9 7.45692021e-09 1.26350982e-08 outputs/V1e26_D3000_G8/solution/solution-00083 
 84 1.169760073787e+11 1.392571516413e+09 768 7235 3201 17 8 9 9 7.25185091e-09 1.22856338e-08 outputs/V1e26_D3000_G8/solution/solution-00084 
 85 1.183685788951e+11 1.392571516413e+09 768 7235 3201 17 8 9 9 7.05241894e-09 1.19459037e-08 outputs/V1e26_D3000_G8/solution/solution-00085 
 86 1.197611504115e+11 1.392571516413e+09 768 7235 3201 17 8 9 9 6.85846957e-09 1.16156327e-08 outputs/V1e26_D3000_G8/solution/solution-00086 
 87 1.211537219279e+11 1.392571516413e+09 768 7235 3201 17 8 9 9 6.66985228e-09 1.12945534e-08 outputs/V1e26_D3000_G8/solution/solution-00087 
 88 1.225462934443e+11 1.392571516413e+09 768 7235 3201 17 8 9 9 6.48642064e-09 1.09824062e-08 outputs/V1e26_D3000_G8/solution/solution-00088 
 89 1.239388649607e+11 1.392571516413e+09 768 7235 3201 16 8 9 9 6.30803225e-09 1.06789392e-08 outputs/V1e26_D3000_G8/solution/solution-00089 
 90 1.253314364771e+11 1.392571516413e+09 768 7235 3201 16 8 9 9 6.13454860e-09 1.03839077e-08 outputs/V1e26_D3000_G8/solution/solution-00090 
 91 1.267240079935e+11 1.392571516413e+09 768 7235 3201 16 8 9 9 5.96583497e-09 1.00970741e-08 outputs/V1e26_D3000_G8/solution/solution-00091 
 92 1.281165795100e+11 1.392571516413e+09 768 7235 3201 16 8 9 9 5.80176032e-09 9.81820779e-09 outputs/V1e26_D3000_G8/solution/solution-00092 
 93 1.295091510264e+11 1.392571516413e+09 768 7235 3201 16 8 9 9 5.64219720e-09 9.54708464e-09 outputs/V1e26_D3000_G8/solution/solution-00093 
 94 1.309017225428e+11 1.392571516413e+09 768 7235 3201 16 8 9 9 5.48702166e-09 9.28348711e-09 outputs/V1e26_D3000_G8/solution/solution-00094 
 95 1.322942940592e+11 1.392571516413e+09 768 7235 3201 16 8 9 9 5.33611312e-09 9.02720389e-09 outputs/V1e26_D3000_G8/solution/solution-00095 
 96 1.336868655756e+11 1.392571516413e+09 768 7235 3201 16 8 9 9 5.18935433e-09 8.77802976e-09 outputs/V1e26_D3000_G8/solution/solution-00096 
 97 1.350794370920e+11 1.392571516413e+09 768 7235 3201 16 8 9 9 5.04663124e-09 8.53576540e-09 outputs/V1e26_D3000_G8/solution/solution-00097 
 98 1.364720086084e+11 1.392571516413e+09 768 7235 3201 16 8 9 9 4.90783294e-09 8.30021718e-09 outputs/V1e26_D3000_G8/solution/solution-00098 
 99 1.378645801248e+11 1.392571516413e+09 768 7235 3201 16 8 9 9 4.77285156e-09 8.07119706e-09 outputs/V1e26_D3000_G8/solution/solution-00099 
100 1.392571516413e+11 1.392571516413e+09 768 7235 3201 16 8 9 9 4.64158217e-09 7.84852234e-09 outputs/V1e26_D3000_G8/solution/solution-00100 
