# 1: Time step number
# 2: Time (years)
# 3: Time step size (years)
# 4: Number of mesh cells
# 5: Number of Stokes degrees of freedom
# 6: Number of temperature degrees of freedom
# 7: Iterations for temperature solver
# 8: Iterations for Stokes solver
# 9: Velocity iterations in Stokes preconditioner
# 10: Schur complement iterations in Stokes preconditioner
# 11: RMS velocity (m/year)
# 12: Max. velocity (m/year)
# 13: Visualization file name
  0 0.000000000000e+00 0.000000000000e+00 768 7235 3201  0 8 9 9 7.91774875e-07 1.33583036e-06 outputs/V1e25_D1000_G12/solution/solution-00000 
  1 1.392571516413e+09 1.392571516413e+09 768 7235 3201 22 8 9 9 1.04757452e-06 1.76739872e-06 outputs/V1e25_D1000_G12/solution/solution-00001 
  2 2.785143032825e+09 1.392571516413e+09 768 7235 3201 17 7 8 8 1.42439920e-06 2.40315266e-06 outputs/V1e25_D1000_G12/solution/solution-00002 
  3 4.177714549238e+09 1.392571516413e+09 768 7235 3201 18 7 8 8 1.95347057e-06 3.29576757e-06 outputs/V1e25_D1000_G12/solution/solution-00003 
  4 5.570286065650e+09 1.392571516413e+09 768 7235 3201 18 7 8 8 2.68611912e-06 4.53184550e-06 outputs/V1e25_D1000_G12/solution/solution-00004 
  5 6.962857582063e+09 1.392571516413e+09 768 7235 3201 18 7 8 8 3.69648970e-06 6.23648035e-06 outputs/V1e25_D1000_G12/solution/solution-00005 
  6 8.355429098476e+09 1.392571516413e+09 768 7235 3201 18 7 8 8 5.08808101e-06 8.58429260e-06 outputs/V1e25_D1000_G12/solution/solution-00006 
  7 9.748000614888e+09 1.392571516413e+09 768 7235 3201 19 7 8 8 7.00389757e-06 1.18165612e-05 outputs/V1e25_D1000_G12/solution/solution-00007 
  8 1.114057213130e+10 1.392571516413e+09 768 7235 3201 19 7 8 8 9.64083282e-06 1.62655006e-05 outputs/V1e25_D1000_G12/solution/solution-00008 
  9 1.253314364771e+10 1.392571516413e+09 768 7235 3201 19 7 8 8 1.32694496e-05 2.23876621e-05 outputs/V1e25_D1000_G12/solution/solution-00009 
 10 1.392571516413e+10 1.392571516413e+09 768 7235 3201 20 7 8 8 1.82607071e-05 3.08090997e-05 outputs/V1e25_D1000_G12/solution/solution-00010 
 11 1.531828668054e+10 1.392571516413e+09 768 7235 3201 20 7 8 8 2.51212591e-05 4.23851133e-05 outputs/V1e25_D1000_G12/solution/solution-00011 
 12 1.671085819695e+10 1.392571516413e+09 768 7235 3201 21 7 8 8 3.45380995e-05 5.82760588e-05 outputs/V1e25_D1000_G12/solution/solution-00012 
 13 1.810342971336e+10 1.392571516413e+09 768 7235 3201 22 7 8 8 4.74298759e-05 8.00351294e-05 outputs/V1e25_D1000_G12/solution/solution-00013 
 14 1.927479034871e+10 1.171360635349e+09 768 7235 3201 21 7 8 8 6.19744526e-05 1.04591193e-04 outputs/V1e25_D1000_G12/solution/solution-00014 
 15 2.017113733003e+10 8.963469813156e+08 768 7235 3201 18 6 7 7 7.61528664e-05 1.28538058e-04 outputs/V1e25_D1000_G12/solution/solution-00015 
 16 2.090049330263e+10 7.293559726064e+08 768 7235 3201 16 6 7 7 9.00821052e-05 1.52074250e-04 outputs/V1e25_D1000_G12/solution/solution-00016 
 17 2.151696847886e+10 6.164751762298e+08 768 7235 3201 15 6 7 7 1.03771618e-04 1.75216635e-04 outputs/V1e25_D1000_G12/solution/solution-00017 
 18 2.205202041678e+10 5.350519379132e+08 768 7235 3201 14 6 7 7 1.17213103e-04 1.97951831e-04 outputs/V1e25_D1000_G12/solution/solution-00018 
 19 2.252562048098e+10 4.736000642059e+08 768 7235 3201 13 6 7 7 1.30395552e-04 2.20261579e-04 outputs/V1e25_D1000_G12/solution/solution-00019 
 20 2.295125077211e+10 4.256302911224e+08 768 7235 3201 12 6 7 7 1.43307644e-04 2.42126749e-04 outputs/V1e25_D1000_G12/solution/solution-00020 
 21 2.333844467120e+10 3.871938990940e+08 768 7235 3201 12 6 7 7 1.55938016e-04 2.63527797e-04 outputs/V1e25_D1000_G12/solution/solution-00021 
 22 2.369419461900e+10 3.557499477984e+08 768 7235 3201 11 6 7 7 1.68275317e-04 2.84444844e-04 outputs/V1e25_D1000_G12/solution/solution-00022 
 23 2.402378399988e+10 3.295893808792e+08 768 7235 3201 11 6 7 7 1.80308302e-04 3.04857834e-04 outputs/V1e25_D1000_G12/solution/solution-00023 
 24 2.433130438951e+10 3.075203896312e+08 768 7235 3201 11 6 7 7 1.92025964e-04 3.24746759e-04 outputs/V1e25_D1000_G12/solution/solution-00024 
 25 2.461999087301e+10 2.886864835025e+08 768 7235 3201 11 6 7 7 2.03417666e-04 3.44091893e-04 outputs/V1e25_D1000_G12/solution/solution-00025 
 26 2.489244716129e+10 2.724562882747e+08 768 7235 3201 10 6 7 7 2.14473263e-04 3.62874011e-04 outputs/V1e25_D1000_G12/solution/solution-00026 
 27 2.515080129305e+10 2.583541317633e+08 768 7235 3201 10 6 7 7 2.25183201e-04 3.81074580e-04 outputs/V1e25_D1000_G12/solution/solution-00027 
 28 2.539681612798e+10 2.460148349279e+08 768 7235 3201 10 6 7 7 2.35538601e-04 3.98675923e-04 outputs/V1e25_D1000_G12/solution/solution-00028 
 29 2.563196953124e+10 2.351534032668e+08 768 7235 3201 10 6 7 7 2.45531318e-04 4.15661345e-04 outputs/V1e25_D1000_G12/solution/solution-00029 
 30 2.585751371810e+10 2.255441868535e+08 768 7235 3201 10 6 7 7 2.55153986e-04 4.32015251e-04 outputs/V1e25_D1000_G12/solution/solution-00030 
 31 2.607451994577e+10 2.170062276683e+08 768 7235 3201 10 6 7 7 2.64400050e-04 4.47723235e-04 outputs/V1e25_D1000_G12/solution/solution-00031 
 32 2.628391269687e+10 2.093927511043e+08 768 7235 3201  9 6 7 7 2.73263785e-04 4.62772152e-04 outputs/V1e25_D1000_G12/solution/solution-00032 
 33 2.648649619180e+10 2.025834949289e+08 768 7235 3201  9 6 7 7 2.81740307e-04 4.77150182e-04 outputs/V1e25_D1000_G12/solution/solution-00033 
 34 2.668297521150e+10 1.964790197042e+08 768 7235 3201  9 5 6 6 2.89825576e-04 4.90846877e-04 outputs/V1e25_D1000_G12/solution/solution-00034 
 35 2.687397163920e+10 1.909964277012e+08 768 7235 3201  9 5 6 6 2.97516385e-04 5.03878082e-04 outputs/V1e25_D1000_G12/solution/solution-00035 
 36 2.706003773852e+10 1.860660993165e+08 768 7235 3201  9 5 6 6 3.04810359e-04 5.16223085e-04 outputs/V1e25_D1000_G12/solution/solution-00036 
 37 2.724166691390e+10 1.816291753779e+08 768 7235 3201  9 5 6 6 3.11705931e-04 5.27867112e-04 outputs/V1e25_D1000_G12/solution/solution-00037 
 38 2.741930250737e+10 1.776355934687e+08 768 7235 3201  9 5 6 6 3.18202330e-04 5.38805358e-04 outputs/V1e25_D1000_G12/solution/solution-00038 
 39 2.759334504843e+10 1.740425410596e+08 768 7235 3201  9 5 6 6 3.24299554e-04 5.49034479e-04 outputs/V1e25_D1000_G12/solution/solution-00039 
 40 2.776415827405e+10 1.708132256201e+08 768 7235 3201  9 5 6 6 3.29998349e-04 5.58552592e-04 outputs/V1e25_D1000_G12/solution/solution-00040 
 41 2.793207416242e+10 1.679158883735e+08 768 7235 3201  8 5 6 6 3.35300181e-04 5.67359282e-04 outputs/V1e25_D1000_G12/solution/solution-00041 
 42 2.809739588664e+10 1.653217242177e+08 768 7235 3201  8 5 6 6 3.40207174e-04 5.75455531e-04 outputs/V1e25_D1000_G12/solution/solution-00042 
 43 2.826037965740e+10 1.629837707614e+08 768 7235 3201  8 5 6 6 3.44721509e-04 5.82842787e-04 outputs/V1e25_D1000_G12/solution/solution-00043 
 44 2.842128559580e+10 1.609059383982e+08 768 7235 3201  8 5 6 6 3.48846817e-04 5.89525287e-04 outputs/V1e25_D1000_G12/solution/solution-00044 
 45 2.858035544174e+10 1.590698459408e+08 768 7235 3201  8 5 6 6 3.52587338e-04 5.95508686e-04 outputs/V1e25_D1000_G12/solution/solution-00045 
 46 2.873781482199e+10 1.574593802492e+08 768 7235 3201  8 5 6 6 3.55947885e-04 6.00800023e-04 outputs/V1e25_D1000_G12/solution/solution-00046 
 47 2.889387521095e+10 1.560603889659e+08 768 7235 3201  8 5 6 6 3.58933817e-04 6.05407690e-04 outputs/V1e25_D1000_G12/solution/solution-00047 
 48 2.904873563359e+10 1.548604226339e+08 768 7235 3201  8 5 6 6 3.61551006e-04 6.09341391e-04 outputs/V1e25_D1000_G12/solution/solution-00048 
 49 2.920258415069e+10 1.538485171054e+08 768 7235 3201  8 5 6 6 3.63805807e-04 6.12612098e-04 outputs/V1e25_D1000_G12/solution/solution-00049 
 50 2.935559915970e+10 1.530150090095e+08 768 7235 3201  8 5 6 6 3.65705031e-04 6.15232003e-04 outputs/V1e25_D1000_G12/solution/solution-00050 
 51 2.950795053818e+10 1.523513784722e+08 768 7235 3201  8 5 6 6 3.67255916e-04 6.17214468e-04 outputs/V1e25_D1000_G12/solution/solution-00051 
 52 2.965980065257e+10 1.518501143972e+08 768 7235 3201  8 5 6 6 3.68466097e-04 6.18573966e-04 outputs/V1e25_D1000_G12/solution/solution-00052 
 53 2.981130525106e+10 1.515045984904e+08 768 7235 3201  8 5 6 6 3.69343584e-04 6.19412077e-04 outputs/V1e25_D1000_G12/solution/solution-00053 
 54 2.996261425596e+10 1.513090049013e+08 768 7235 3201  8 5 6 6 3.69896739e-04 6.19673092e-04 outputs/V1e25_D1000_G12/solution/solution-00054 
 55 3.011387246886e+10 1.512582128977e+08 768 7235 3201  9 5 6 6 3.70134248e-04 6.19358870e-04 outputs/V1e25_D1000_G12/solution/solution-00055 
 56 3.026522019929e+10 1.513477304289e+08 768 7235 3201  9 5 6 6 3.70065104e-04 6.18487201e-04 outputs/V1e25_D1000_G12/solution/solution-00056 
 57 3.041679382607e+10 1.515736267770e+08 768 7235 3201  9 5 6 6 3.69698586e-04 6.17076712e-04 outputs/V1e25_D1000_G12/solution/solution-00057 
 58 3.056872629885e+10 1.519324727794e+08 768 7235 3201  9 5 6 6 3.69044241e-04 6.15146805e-04 outputs/V1e25_D1000_G12/solution/solution-00058 
 59 3.072114758617e+10 1.524212873245e+08 768 7235 3201  9 5 6 6 3.68111865e-04 6.12717594e-04 outputs/V1e25_D1000_G12/solution/solution-00059 
 60 3.087418507518e+10 1.530374890098e+08 768 7235 3201  9 5 6 6 3.66911492e-04 6.09809840e-04 outputs/V1e25_D1000_G12/solution/solution-00060 
 61 3.102796392717e+10 1.537788519921e+08 768 7235 3201  9 5 6 6 3.65453375e-04 6.06444884e-04 outputs/V1e25_D1000_G12/solution/solution-00061 
 62 3.118260739235e+10 1.546434651812e+08 768 7235 3201  9 5 6 6 3.63747978e-04 6.02644586e-04 outputs/V1e25_D1000_G12/solution/solution-00062 
 63 3.133822490776e+10 1.556175154041e+08 768 7235 3201  9 5 6 6 3.61806119e-04 5.98431603e-04 outputs/V1e25_D1000_G12/solution/solution-00063 
 64 3.149492211009e+10 1.566972023297e+08 768 7235 3201  9 5 6 6 3.59638902e-04 5.93829164e-04 outputs/V1e25_D1000_G12/solution/solution-00064 
 65 3.165281829684e+10 1.578961867504e+08 768 7235 3201  9 5 6 6 3.57257438e-04 5.88860451e-04 outputs/V1e25_D1000_G12/solution/solution-00065 
 66 3.181203169614e+10 1.592133993039e+08 768 7235 3201  9 5 6 6 3.54672988e-04 5.83574347e-04 outputs/V1e25_D1000_G12/solution/solution-00066 
 67 3.197267960746e+10 1.606479113213e+08 768 7235 3201  9 5 6 6 3.51896957e-04 5.77994054e-04 outputs/V1e25_D1000_G12/solution/solution-00067 
 68 3.213487850797e+10 1.621989005049e+08 768 7235 3201  9 5 6 6 3.48940885e-04 5.72115141e-04 outputs/V1e25_D1000_G12/solution/solution-00068 
 69 3.229874412391e+10 1.638656159419e+08 768 7235 3201  9 5 6 6 3.45816439e-04 5.65961390e-04 outputs/V1e25_D1000_G12/solution/solution-00069 
 70 3.246439146600e+10 1.656473420854e+08 768 7235 3201  9 5 6 6 3.42535405e-04 5.59556638e-04 outputs/V1e25_D1000_G12/solution/solution-00070 
 71 3.263193482733e+10 1.675433613338e+08 768 7235 3201  9 5 6 6 3.39109683e-04 5.52924732e-04 outputs/V1e25_D1000_G12/solution/solution-00071 
 72 3.280148774220e+10 1.695529148744e+08 768 7235 3201  9 5 6 6 3.35551277e-04 5.46089482e-04 outputs/V1e25_D1000_G12/solution/solution-00072 
 73 3.297316290369e+10 1.716751614880e+08 768 7235 3201  9 5 6 6 3.31872281e-04 5.39074618e-04 outputs/V1e25_D1000_G12/solution/solution-00073 
 74 3.314707203776e+10 1.739091340675e+08 768 7235 3201  9 5 6 6 3.28084879e-04 5.31903747e-04 outputs/V1e25_D1000_G12/solution/solution-00074 
 75 3.332332573142e+10 1.762536936551e+08 768 7235 3201  9 5 6 6 3.24201322e-04 5.24600311e-04 outputs/V1e25_D1000_G12/solution/solution-00075 
 76 3.350203321229e+10 1.787074808763e+08 768 7235 3201  9 5 6 6 3.20233922e-04 5.17209665e-04 outputs/V1e25_D1000_G12/solution/solution-00076 
 77 3.368330207703e+10 1.812688647368e+08 768 7235 3201  9 5 6 6 3.16195035e-04 5.09745045e-04 outputs/V1e25_D1000_G12/solution/solution-00077 
 78 3.386723796587e+10 1.839358888462e+08 768 7235 3201  9 5 6 6 3.12097042e-04 5.02213803e-04 outputs/V1e25_D1000_G12/solution/solution-00078 
 79 3.405394418113e+10 1.867062152526e+08 768 7235 3201  9 5 6 6 3.07952329e-04 4.94638421e-04 outputs/V1e25_D1000_G12/solution/solution-00079 
 80 3.424352124734e+10 1.895770662141e+08 768 7235 3201  9 5 6 6 3.03773270e-04 4.87041032e-04 outputs/V1e25_D1000_G12/solution/solution-00080 
 81 3.443606223916e+10 1.925409918225e+08 768 7235 3201  9 5 6 6 2.99572286e-04 4.79443541e-04 outputs/V1e25_D1000_G12/solution/solution-00081 
 82 3.463164366290e+10 1.955814237411e+08 768 7235 3201  9 5 6 6 2.95361999e-04 4.71867896e-04 outputs/V1e25_D1000_G12/solution/solution-00082 
 83 3.483035491411e+10 1.987112512064e+08 768 7235 3201  9 5 6 6 2.91154544e-04 4.64334861e-04 outputs/V1e25_D1000_G12/solution/solution-00083 
 84 3.503228029530e+10 2.019253811850e+08 768 7235 3201  9 5 6 6 2.86961918e-04 4.56864678e-04 outputs/V1e25_D1000_G12/solution/solution-00084 
 85 3.523749829237e+10 2.052179970715e+08 768 7235 3201  9 5 6 6 2.82795951e-04 4.49477020e-04 outputs/V1e25_D1000_G12/solution/solution-00085 
 86 3.544608079867e+10 2.085825062999e+08 768 7235 3201  9 5 6 6 2.78668270e-04 4.42190955e-04 outputs/V1e25_D1000_G12/solution/solution-00086 
 87 3.565809229206e+10 2.120114933923e+08 768 7235 3201  9 5 6 6 2.74590258e-04 4.35024902e-04 outputs/V1e25_D1000_G12/solution/solution-00087 
 88 3.587358897246e+10 2.154966804015e+08 768 7235 3201  9 5 6 6 2.70573019e-04 4.27996589e-04 outputs/V1e25_D1000_G12/solution/solution-00088 
 89 3.609261786931e+10 2.190288968477e+08 768 7235 3201  9 5 6 6 2.66627337e-04 4.21123007e-04 outputs/V1e25_D1000_G12/solution/solution-00089 
 90 3.631521593068e+10 2.225980613711e+08 768 7235 3201  9 5 6 6 2.62763632e-04 4.14420375e-04 outputs/V1e25_D1000_G12/solution/solution-00090 
 91 3.654140910806e+10 2.261931773840e+08 768 7235 3201  9 5 6 6 2.58991925e-04 4.07904089e-04 outputs/V1e25_D1000_G12/solution/solution-00091 
 92 3.677121145306e+10 2.298023449940e+08 768 7235 3201  9 5 6 6 2.55321794e-04 4.01588688e-04 outputs/V1e25_D1000_G12/solution/solution-00092 
 93 3.700462424441e+10 2.334127913530e+08 768 7235 3201  9 5 6 6 2.51762333e-04 3.95487809e-04 outputs/V1e25_D1000_G12/solution/solution-00093 
 94 3.724163516577e+10 2.370109213601e+08 768 7235 3201  9 5 6 6 2.48322116e-04 3.89615987e-04 outputs/V1e25_D1000_G12/solution/solution-00094 
 95 3.748221755606e+10 2.405823902858e+08 768 7235 3201  9 5 6 6 2.45009158e-04 3.83985518e-04 outputs/V1e25_D1000_G12/solution/solution-00095 
 96 3.772632975545e+10 2.441121993917e+08 768 7235 3201  9 5 6 6 2.41830883e-04 3.78601237e-04 outputs/V1e25_D1000_G12/solution/solution-00096 
 97 3.797391457043e+10 2.475848149853e+08 768 7235 3201  9 5 6 6 2.38794092e-04 3.73472914e-04 outputs/V1e25_D1000_G12/solution/solution-00097 
 98 3.822489888102e+10 2.509843105876e+08 768 7235 3201  9 5 6 6 2.35904934e-04 3.68610907e-04 outputs/V1e25_D1000_G12/solution/solution-00098 
 99 3.847919341205e+10 2.542945310249e+08 768 7235 3201  9 5 6 6 2.33168883e-04 3.64028632e-04 outputs/V1e25_D1000_G12/solution/solution-00099 
100 3.873669268835e+10 2.574992763051e+08 768 7235 3201  9 5 6 6 2.30590722e-04 3.59728270e-04 outputs/V1e25_D1000_G12/solution/solution-00100 
