# 1: Time step number
# 2: Time (years)
# 3: Time step size (years)
# 4: Number of mesh cells
# 5: Number of Stokes degrees of freedom
# 6: Number of temperature degrees of freedom
# 7: Iterations for temperature solver
# 8: Iterations for Stokes solver
# 9: Velocity iterations in Stokes preconditioner
# 10: Schur complement iterations in Stokes preconditioner
# 11: RMS velocity (m/year)
# 12: Max. velocity (m/year)
# 13: Visualization file name
  0 0.000000000000e+00 0.000000000000e+00 768 7235 3201  0 8 9 9 2.39931780e-06 4.04797078e-06 outputs/V3.3e24_D1000_G12/solution/solution-00000 
  1 1.392571516413e+09 1.392571516413e+09 768 7235 3201 23 8 9 9 4.99859242e-06 8.43329807e-06 outputs/V3.3e24_D1000_G12/solution/solution-00001 
  2 2.785143032825e+09 1.392571516413e+09 768 7235 3201 20 8 9 9 1.15081155e-05 1.94157734e-05 outputs/V3.3e24_D1000_G12/solution/solution-00002 
  3 4.177714549238e+09 1.392571516413e+09 768 7235 3201 21 8 9 9 2.70637320e-05 4.56606832e-05 outputs/V3.3e24_D1000_G12/solution/solution-00003 
  4 5.570286065650e+09 1.392571516413e+09 768 7235 3201 22 8 9 9 6.38584076e-05 1.07744785e-04 outputs/V3.3e24_D1000_G12/solution/solution-00004 
  5 6.440397787397e+09 8.701117217462e+08 768 7235 3201 20 8 9 9 1.14032960e-04 1.92425079e-04 outputs/V3.3e24_D1000_G12/solution/solution-00005 
  6 6.927600394255e+09 4.872026068587e+08 768 7235 3201 15 7 8 8 1.62400731e-04 2.74084263e-04 outputs/V3.3e24_D1000_G12/solution/solution-00006 
  7 7.269648489576e+09 3.420480953209e+08 768 7235 3201 13 7 8 8 2.10333112e-04 3.55042805e-04 outputs/V3.3e24_D1000_G12/solution/solution-00007 
  8 7.533701157462e+09 2.640526678860e+08 768 7235 3201 12 6 7 7 2.57601567e-04 4.34920916e-04 outputs/V3.3e24_D1000_G12/solution/solution-00008 
  9 7.749257587714e+09 2.155564302522e+08 768 7235 3201 11 6 7 7 3.04054202e-04 5.13466857e-04 outputs/V3.3e24_D1000_G12/solution/solution-00009 
 10 7.931839966217e+09 1.825823785024e+08 768 7235 3201 10 6 7 7 3.49610065e-04 5.90547194e-04 outputs/V3.3e24_D1000_G12/solution/solution-00010 
 11 8.090591038088e+09 1.587510718713e+08 768 7235 3201 10 6 7 7 3.94217772e-04 6.66076862e-04 outputs/V3.3e24_D1000_G12/solution/solution-00011 
 12 8.231340560248e+09 1.407495221604e+08 768 7235 3201 10 6 7 7 4.37835385e-04 7.39985076e-04 outputs/V3.3e24_D1000_G12/solution/solution-00012 
 13 8.358032304578e+09 1.266917443297e+08 768 7235 3201 10 6 7 7 4.80422827e-04 8.12202444e-04 outputs/V3.3e24_D1000_G12/solution/solution-00013 
 14 8.473459191921e+09 1.154268873425e+08 768 7235 3201  9 6 7 7 5.21939737e-04 8.82657285e-04 outputs/V3.3e24_D1000_G12/solution/solution-00014 
 15 8.579672556500e+09 1.062133645793e+08 768 7235 3201  9 6 7 7 5.62345391e-04 9.51275454e-04 outputs/V3.3e24_D1000_G12/solution/solution-00015 
 16 8.678224452878e+09 9.855189637759e+07 768 7235 3201  9 6 7 7 6.01599275e-04 1.01798132e-03 outputs/V3.3e24_D1000_G12/solution/solution-00016 
 17 8.770318480935e+09 9.209402805700e+07 768 7235 3201  9 6 7 7 6.39661782e-04 1.08269895e-03 outputs/V3.3e24_D1000_G12/solution/solution-00017 
 18 8.856907647742e+09 8.658916680714e+07 768 7235 3201  9 6 7 7 6.76494834e-04 1.14535326e-03 outputs/V3.3e24_D1000_G12/solution/solution-00018 
 19 8.938760123731e+09 8.185247598939e+07 768 7235 3201  9 6 7 7 7.12062393e-04 1.20587092e-03 outputs/V3.3e24_D1000_G12/solution/solution-00019 
 20 9.016504763282e+09 7.774463955063e+07 768 7235 3201  9 6 7 7 7.46330844e-04 1.26418117e-03 outputs/V3.3e24_D1000_G12/solution/solution-00020 
 21 9.090663437756e+09 7.415867447387e+07 768 7235 3201  9 6 7 7 7.79269279e-04 1.32021643e-03                                                "" 
 22 9.161674521737e+09 7.101108398134e+07 768 7235 3201  9 6 7 7 8.10849700e-04 1.37391282e-03 outputs/V3.3e24_D1000_G12/solution/solution-00021 
 23 9.229910292364e+09 6.823577062685e+07 768 7235 3201  9 6 7 7 8.41047136e-04 1.42521056e-03 outputs/V3.3e24_D1000_G12/solution/solution-00022 
 24 9.295690046272e+09 6.577975390862e+07 768 7235 3201  9 6 7 7 8.69839721e-04 1.47415145e-03                                                "" 
 25 9.359290143568e+09 6.360009729558e+07 768 7235 3201  9 6 7 7 8.97208712e-04 1.52062597e-03 outputs/V3.3e24_D1000_G12/solution/solution-00023 
 26 9.420951807445e+09 6.166166387710e+07 768 7235 3201  9 6 7 7 9.23138478e-04 1.56456564e-03 outputs/V3.3e24_D1000_G12/solution/solution-00024 
 27 9.480887258509e+09 5.993545106434e+07 768 7235 3201  9 6 7 7 9.47616449e-04 1.60592962e-03                                                "" 
 28 9.539284595721e+09 5.839733721117e+07 768 7235 3201  9 6 7 7 9.70633055e-04 1.64468224e-03 outputs/V3.3e24_D1000_G12/solution/solution-00025 
 29 9.596311721753e+09 5.702712603272e+07 768 7235 3201  9 6 7 7 9.92181632e-04 1.68079309e-03                                                "" 
 30 9.652115197541e+09 5.580347578800e+07 768 7235 3201  9 5 6 6 1.01225680e-03 1.71423468e-03 outputs/V3.3e24_D1000_G12/solution/solution-00026 
 31 9.706824850110e+09 5.470965256823e+07 768 7235 3201  9 5 6 6 1.03085547e-03 1.74498437e-03 outputs/V3.3e24_D1000_G12/solution/solution-00027 
 32 9.760565132169e+09 5.374028205923e+07 768 7235 3201  9 5 6 6 1.04797982e-03 1.77302976e-03                                                "" 
 33 9.813449994186e+09 5.288486201725e+07 768 7235 3201  9 5 6 6 1.06363452e-03 1.79836410e-03 outputs/V3.3e24_D1000_G12/solution/solution-00028 
 34 9.865584409939e+09 5.213441575278e+07 768 7235 3201  9 5 6 6 1.07782657e-03 1.82098640e-03                                                "" 
 35 9.917065668210e+09 5.148125827101e+07 768 7235 3201  9 5 6 6 1.09056515e-03 1.84090137e-03 outputs/V3.3e24_D1000_G12/solution/solution-00029 
 36 9.967984475002e+09 5.091880679220e+07 768 7235 3201  9 5 6 6 1.10186147e-03 1.85811934e-03                                                "" 
 37 1.001842590135e+10 5.044142634919e+07 768 7235 3201  9 5 6 6 1.11172864e-03 1.87265629e-03 outputs/V3.3e24_D1000_G12/solution/solution-00030 
 38 1.006847020477e+10 5.004430341924e+07 768 7235 3201  9 5 6 6 1.12018153e-03 1.88493816e-03                                                "" 
 39 1.011819354693e+10 4.972334216409e+07 768 7235 3201  9 5 6 6 1.12723660e-03 1.89463149e-03 outputs/V3.3e24_D1000_G12/solution/solution-00031 
 40 1.016766862600e+10 4.947507906616e+07 768 7235 3201  9 5 6 6 1.13291180e-03 1.90172696e-03                                                "" 
 41 1.021696523867e+10 4.929661266991e+07 768 7235 3201  9 5 6 6 1.13722642e-03 1.90625811e-03 outputs/V3.3e24_D1000_G12/solution/solution-00032 
 42 1.026615078451e+10 4.918554584318e+07 768 7235 3201  9 5 6 6 1.14020101e-03 1.90826339e-03                                                "" 
 43 1.031529072303e+10 4.913993851825e+07 768 7235 3201  9 5 6 6 1.14185722e-03 1.90778596e-03 outputs/V3.3e24_D1000_G12/solution/solution-00033 
 44 1.036444899233e+10 4.915826929751e+07 768 7235 3201  9 5 6 6 1.14221773e-03 1.90487350e-03                                                "" 
 45 1.041368042683e+10 4.923143449762e+07 768 7235 3201  9 5 6 6 1.14130638e-03 1.89957904e-03 outputs/V3.3e24_D1000_G12/solution/solution-00034 
 46 1.046304070623e+10 4.936027940527e+07 768 7235 3201  9 5 6 6 1.13914859e-03 1.89200025e-03                                                "" 
 47 1.051259143973e+10 4.955073350188e+07 768 7235 3201  9 5 6 6 1.13577060e-03 1.88243024e-03 outputs/V3.3e24_D1000_G12/solution/solution-00035 
 48 1.056239408206e+10 4.980264232247e+07 768 7235 3201  9 5 6 6 1.13119929e-03 1.87065359e-03                                                "" 
 49 1.061251025572e+10 5.011617365885e+07 768 7235 3201  9 5 6 6 1.12546216e-03 1.85673669e-03 outputs/V3.3e24_D1000_G12/solution/solution-00036 
 50 1.066300206780e+10 5.049181208187e+07 768 7235 3201  9 5 6 6 1.11858725e-03 1.84074891e-03                                                "" 
 51 1.071393242528e+10 5.093035748076e+07 768 7235 3201  9 5 6 6 1.11060313e-03 1.82276228e-03 outputs/V3.3e24_D1000_G12/solution/solution-00037 
 52 1.076536535270e+10 5.143292742558e+07 768 7235 3201  9 5 6 6 1.10153892e-03 1.80311337e-03                                                "" 
 53 1.081736631593e+10 5.200096322763e+07 768 7235 3201  9 5 6 6 1.09142421e-03 1.78165623e-03 outputs/V3.3e24_D1000_G12/solution/solution-00038 
 54 1.087000255557e+10 5.263623963591e+07 768 7235 3201  9 5 6 6 1.08028920e-03 1.75841413e-03                                                "" 
 55 1.092332824124e+10 5.332568567472e+07 768 7235 3201  9 5 6 6 1.06816816e-03 1.73347365e-03 outputs/V3.3e24_D1000_G12/solution/solution-00039 
 56 1.097741285869e+10 5.408461744534e+07 768 7235 3201  9 5 6 6 1.05509369e-03 1.70691788e-03                                                "" 
 57 1.103233066452e+10 5.491780583404e+07 768 7235 3201  9 5 6 6 1.04109852e-03 1.67888815e-03 outputs/V3.3e24_D1000_G12/solution/solution-00040 
 58 1.108815907030e+10 5.582840577538e+07 768 7235 3201  9 5 6 6 1.02621609e-03 1.64985922e-03                                                "" 
 59 1.114497906751e+10 5.681999721791e+07 768 7235 3201  9 5 6 6 1.01048056e-03 1.61943939e-03 outputs/V3.3e24_D1000_G12/solution/solution-00041 
 60 1.120287568334e+10 5.789661582166e+07 768 7235 3201  9 5 6 6 9.93926985e-04 1.58771461e-03 outputs/V3.3e24_D1000_G12/solution/solution-00042 
 61 1.126193675821e+10 5.906107487117e+07 768 7235 3201  9 5 6 6 9.76591866e-04 1.55477277e-03                                                "" 
 62 1.132223593800e+10 6.029917979160e+07 768 7235 3201  9 6 7 7 9.58518675e-04 1.52101825e-03 outputs/V3.3e24_D1000_G12/solution/solution-00043 
 63 1.138387227927e+10 6.163634127270e+07 768 7235 3201  9 6 7 7 9.39746390e-04 1.48624176e-03                                                "" 
 64 1.144695084610e+10 6.307856683152e+07 768 7235 3201  9 6 7 7 9.20315285e-04 1.45060933e-03 outputs/V3.3e24_D1000_G12/solution/solution-00044 
 65 1.151158335281e+10 6.463250670983e+07 768 7235 3201  9 6 7 7 9.00267076e-04 1.41434785e-03 outputs/V3.3e24_D1000_G12/solution/solution-00045 
 66 1.157788148528e+10 6.629813246290e+07 768 7235 3201  9 6 7 7 8.79647372e-04 1.37729694e-03                                                "" 
 67 1.164594838225e+10 6.806689697591e+07 768 7235 3201  8 6 7 7 8.58508658e-04 1.33970641e-03 outputs/V3.3e24_D1000_G12/solution/solution-00046 
 68 1.171591755298e+10 6.996917072968e+07 768 7235 3201  8 6 7 7 8.36898463e-04 1.30196848e-03 outputs/V3.3e24_D1000_G12/solution/solution-00047 
 69 1.178793181714e+10 7.201426415885e+07 768 7235 3201  8 6 7 7 8.14866278e-04 1.26370448e-03                                                "" 
 70 1.186211923483e+10 7.418741769244e+07 768 7235 3201  8 6 7 7 7.92471148e-04 1.22540798e-03 outputs/V3.3e24_D1000_G12/solution/solution-00048 
 71 1.193862436760e+10 7.650513276984e+07 768 7235 3201  8 6 7 7 7.69772172e-04 1.20071471e-03 outputs/V3.3e24_D1000_G12/solution/solution-00049 
 72 1.201670286492e+10 7.807849731741e+07 768 7235 3201  8 6 7 7 7.47088256e-04 1.17955907e-03 outputs/V3.3e24_D1000_G12/solution/solution-00050 
 73 1.209618171609e+10 7.947885117466e+07 768 7235 3201  8 6 7 7 7.24556641e-04 1.15776907e-03                                                "" 
 74 1.217715641356e+10 8.097469746616e+07 768 7235 3201  8 6 7 7 7.02231705e-04 1.13543142e-03 outputs/V3.3e24_D1000_G12/solution/solution-00051 
 75 1.225972414772e+10 8.256773416207e+07 768 7235 3201  8 6 7 7 6.80164835e-04 1.11263342e-03 outputs/V3.3e24_D1000_G12/solution/solution-00052 
 76 1.234398370527e+10 8.425955754877e+07 768 7235 3201  8 6 7 7 6.58404438e-04 1.08960914e-03 outputs/V3.3e24_D1000_G12/solution/solution-00053 
 77 1.243003531725e+10 8.605161197765e+07 768 7235 3201  8 6 7 7 6.36995995e-04 1.06637620e-03 outputs/V3.3e24_D1000_G12/solution/solution-00054 
 78 1.251798044796e+10 8.794513071527e+07 768 7235 3201  8 6 7 7 6.15982109e-04 1.04293681e-03 outputs/V3.3e24_D1000_G12/solution/solution-00055 
 79 1.260792151808e+10 8.994107011302e+07 768 7235 3201  8 6 7 7 5.95402543e-04 1.01937685e-03 outputs/V3.3e24_D1000_G12/solution/solution-00056 
 80 1.269996155598e+10 9.204003790258e+07 768 7235 3201  8 6 7 7 5.75294236e-04 9.95780534e-04                                                "" 
 81 1.279420377205e+10 9.424221607218e+07 768 7235 3201  8 6 7 7 5.55691315e-04 9.72229953e-04 outputs/V3.3e24_D1000_G12/solution/solution-00057 
 82 1.289075105087e+10 9.654727882124e+07 768 7235 3201  8 6 7 7 5.36625077e-04 9.48804684e-04 outputs/V3.3e24_D1000_G12/solution/solution-00058 
 83 1.298967100379e+10 9.891995291761e+07 768 7235 3201  8 5 6 6 5.18130215e-04 9.25589278e-04 outputs/V3.3e24_D1000_G12/solution/solution-00059 
 84 1.309105208150e+10 1.013810777087e+08 768 7235 3201  8 5 6 6 5.00233299e-04 9.02658821e-04 outputs/V3.3e24_D1000_G12/solution/solution-00060 
 85 1.319498760599e+10 1.039355244940e+08 768 7235 3201  8 5 6 6 4.82956402e-04 8.80082685e-04 outputs/V3.3e24_D1000_G12/solution/solution-00061 
 86 1.330156732429e+10 1.065797182918e+08 768 7235 3201  8 5 6 6 4.66318639e-04 8.57926117e-04 outputs/V3.3e24_D1000_G12/solution/solution-00062 
 87 1.341087651226e+10 1.093091879737e+08 768 7235 3201  8 5 6 6 4.50336165e-04 8.36249972e-04 outputs/V3.3e24_D1000_G12/solution/solution-00063 
 88 1.352299501200e+10 1.121184997357e+08 768 7235 3201  8 5 6 6 4.35022188e-04 8.15110502e-04 outputs/V3.3e24_D1000_G12/solution/solution-00064 
 89 1.363799621075e+10 1.150011987514e+08 768 7235 3201  8 5 6 6 4.20386996e-04 7.94559195e-04 outputs/V3.3e24_D1000_G12/solution/solution-00065 
 90 1.375594597316e+10 1.179497624103e+08 768 7235 3201  8 5 6 6 4.06438020e-04 7.74642666e-04 outputs/V3.3e24_D1000_G12/solution/solution-00066 
 91 1.387690154131e+10 1.209555681490e+08 768 7235 3201  8 5 6 6 3.93179902e-04 7.55402601e-04 outputs/V3.3e24_D1000_G12/solution/solution-00067 
 92 1.400091042021e+10 1.240088789069e+08 768 7235 3201  8 5 6 6 3.80614598e-04 7.36875759e-04 outputs/V3.3e24_D1000_G12/solution/solution-00068 
 93 1.412800926936e+10 1.270988491468e+08 768 7235 3201  8 5 6 6 3.68741507e-04 7.19354476e-04 outputs/V3.3e24_D1000_G12/solution/solution-00069 
 94 1.425822282349e+10 1.302135541346e+08 768 7235 3201  8 5 6 6 3.57557615e-04 7.02634856e-04 outputs/V3.3e24_D1000_G12/solution/solution-00070 
 95 1.439156286828e+10 1.333400447814e+08 768 7235 3201  8 5 6 6 3.47057668e-04 6.86687146e-04 outputs/V3.3e24_D1000_G12/solution/solution-00071 
 96 1.452802729806e+10 1.364644297831e+08 768 7235 3201  8 5 6 6 3.37234366e-04 6.71528346e-04 outputs/V3.3e24_D1000_G12/solution/solution-00072 
 97 1.466759928411e+10 1.395719860554e+08 768 7235 3201  8 5 6 6 3.28078565e-04 6.57171270e-04 outputs/V3.3e24_D1000_G12/solution/solution-00073 
 98 1.481024658169e+10 1.426472975750e+08 768 7235 3201  8 5 6 6 3.19579496e-04 6.43624782e-04 outputs/V3.3e24_D1000_G12/solution/solution-00074 
 99 1.495592100340e+10 1.456744217087e+08 768 7235 3201  8 5 6 6 3.11724994e-04 6.30894041e-04 outputs/V3.3e24_D1000_G12/solution/solution-00075 
100 1.510455808440e+10 1.486370809971e+08 768 7235 3201  8 5 6 6 3.04501717e-04 6.18980760e-04 outputs/V3.3e24_D1000_G12/solution/solution-00076 
