# 1: Time step number
# 2: Time (years)
# 3: Time step size (years)
# 4: Number of mesh cells
# 5: Number of Stokes degrees of freedom
# 6: Number of temperature degrees of freedom
# 7: Iterations for temperature solver
# 8: Iterations for Stokes solver
# 9: Velocity iterations in Stokes preconditioner
# 10: Schur complement iterations in Stokes preconditioner
# 11: RMS velocity (m/year)
# 12: Max. velocity (m/year)
# 13: Visualization file name
  0 0.000000000000e+00 0.000000000000e+00 768 7235 3201  0 8 9 9 4.01300891e-07 7.05630225e-07 outputs/V3.3e24_D100_G2/solution/solution-00000 
  1 1.392571516413e+09 1.392571516413e+09 768 7235 3201 32 8 9 9 3.96309433e-07 6.75119700e-07 outputs/V3.3e24_D100_G2/solution/solution-00001 
  2 2.785143032825e+09 1.392571516413e+09 768 7235 3201 25 8 9 9 3.97748604e-07 6.87099600e-07 outputs/V3.3e24_D100_G2/solution/solution-00002 
  3 4.177714549238e+09 1.392571516413e+09 768 7235 3201 24 8 9 9 4.06642854e-07 7.12883889e-07 outputs/V3.3e24_D100_G2/solution/solution-00003 
  4 5.570286065650e+09 1.392571516413e+09 768 7235 3201 23 8 9 9 4.23157420e-07 7.52216725e-07 outputs/V3.3e24_D100_G2/solution/solution-00004 
  5 6.962857582063e+09 1.392571516413e+09 768 7235 3201 23 8 9 9 4.47447329e-07 8.04814719e-07 outputs/V3.3e24_D100_G2/solution/solution-00005 
  6 8.355429098476e+09 1.392571516413e+09 768 7235 3201 22 8 9 9 4.79750736e-07 8.70848526e-07 outputs/V3.3e24_D100_G2/solution/solution-00006 
  7 9.748000614888e+09 1.392571516413e+09 768 7235 3201 21 8 9 9 5.20497242e-07 9.51015037e-07 outputs/V3.3e24_D100_G2/solution/solution-00007 
  8 1.114057213130e+10 1.392571516413e+09 768 7235 3201 21 8 9 9 5.70341603e-07 1.04650493e-06 outputs/V3.3e24_D100_G2/solution/solution-00008 
  9 1.253314364771e+10 1.392571516413e+09 768 7235 3201 21 8 9 9 6.30177300e-07 1.15896851e-06 outputs/V3.3e24_D100_G2/solution/solution-00009 
 10 1.392571516413e+10 1.392571516413e+09 768 7235 3201 20 8 9 9 7.01147204e-07 1.29050288e-06 outputs/V3.3e24_D100_G2/solution/solution-00010 
 11 1.531828668054e+10 1.392571516413e+09 768 7235 3201 20 8 9 9 7.84657956e-07 1.44366166e-06 outputs/V3.3e24_D100_G2/solution/solution-00011 
 12 1.671085819695e+10 1.392571516413e+09 768 7235 3201 20 8 9 9 8.82400662e-07 1.62148425e-06 outputs/V3.3e24_D100_G2/solution/solution-00012 
 13 1.810342971336e+10 1.392571516413e+09 768 7235 3201 20 8 9 9 9.96378912e-07 1.82754209e-06 outputs/V3.3e24_D100_G2/solution/solution-00013 
 14 1.949600122978e+10 1.392571516413e+09 768 7235 3201 20 8 9 9 1.12894467e-06 2.06600022e-06 outputs/V3.3e24_D100_G2/solution/solution-00014 
 15 2.088857274619e+10 1.392571516413e+09 768 7235 3201 20 8 9 9 1.28284250e-06 2.34169391e-06 outputs/V3.3e24_D100_G2/solution/solution-00015 
 16 2.228114426260e+10 1.392571516413e+09 768 7235 3201 19 8 9 9 1.46126279e-06 2.66022082e-06 outputs/V3.3e24_D100_G2/solution/solution-00016 
 17 2.367371577901e+10 1.392571516413e+09 768 7235 3201 19 8 9 9 1.66790473e-06 3.02804979e-06 outputs/V3.3e24_D100_G2/solution/solution-00017 
 18 2.506628729543e+10 1.392571516413e+09 768 7235 3201 19 8 9 9 1.90705013e-06 3.45264799e-06 outputs/V3.3e24_D100_G2/solution/solution-00018 
 19 2.645885881184e+10 1.392571516413e+09 768 7235 3201 19 8 9 9 2.18364946e-06 3.94262864e-06 outputs/V3.3e24_D100_G2/solution/solution-00019 
 20 2.785143032825e+10 1.392571516413e+09 768 7235 3201 19 8 9 9 2.50342158e-06 4.50792196e-06 outputs/V3.3e24_D100_G2/solution/solution-00020 
 21 2.924400184466e+10 1.392571516413e+09 768 7235 3201 19 7 8 8 2.87296902e-06 5.15997235e-06 outputs/V3.3e24_D100_G2/solution/solution-00021 
 22 3.063657336108e+10 1.392571516413e+09 768 7235 3201 19 7 8 8 3.29991110e-06 5.91196553e-06 outputs/V3.3e24_D100_G2/solution/solution-00022 
 23 3.202914487749e+10 1.392571516413e+09 768 7235 3201 19 7 8 8 3.79303706e-06 6.77908957e-06 outputs/V3.3e24_D100_G2/solution/solution-00023 
 24 3.342171639390e+10 1.392571516413e+09 768 7235 3201 19 7 8 8 4.36248216e-06 7.77883423e-06 outputs/V3.3e24_D100_G2/solution/solution-00024 
 25 3.481428791032e+10 1.392571516413e+09 768 7235 3201 19 7 8 8 5.01992957e-06 8.93133352e-06 outputs/V3.3e24_D100_G2/solution/solution-00025 
 26 3.620685942673e+10 1.392571516413e+09 768 7235 3201 19 7 8 8 5.77884131e-06 1.02597566e-05 outputs/V3.3e24_D100_G2/solution/solution-00026 
 27 3.759943094314e+10 1.392571516413e+09 768 7235 3201 19 7 8 8 6.65472157e-06 1.17907518e-05 outputs/V3.3e24_D100_G2/solution/solution-00027 
 28 3.899200245955e+10 1.392571516413e+09 768 7235 3201 19 7 8 8 7.66541556e-06 1.35549495e-05 outputs/V3.3e24_D100_G2/solution/solution-00028 
 29 4.038457397597e+10 1.392571516413e+09 768 7235 3201 19 7 8 8 8.83144670e-06 1.55884500e-05 outputs/V3.3e24_D100_G2/solution/solution-00029 
 30 4.177714549238e+10 1.392571516413e+09 768 7235 3201 19 6 7 7 1.01763939e-05 1.79312865e-05 outputs/V3.3e24_D100_G2/solution/solution-00030 
 31 4.316971700879e+10 1.392571516413e+09 768 7235 3201 19 6 7 7 1.17273090e-05 2.06296699e-05 outputs/V3.3e24_D100_G2/solution/solution-00031 
 32 4.456228852520e+10 1.392571516413e+09 768 7235 3201 19 6 7 7 1.35151701e-05 2.37366097e-05 outputs/V3.3e24_D100_G2/solution/solution-00032 
 33 4.595486004162e+10 1.392571516413e+09 768 7235 3201 19 6 7 7 1.55753632e-05 2.73125485e-05 outputs/V3.3e24_D100_G2/solution/solution-00033 
 34 4.734743155803e+10 1.392571516413e+09 768 7235 3201 19 6 7 7 1.79481721e-05 3.14261483e-05 outputs/V3.3e24_D100_G2/solution/solution-00034 
 35 4.874000307444e+10 1.392571516413e+09 768 7235 3201 19 6 7 7 2.06792458e-05 3.61550125e-05 outputs/V3.3e24_D100_G2/solution/solution-00035 
 36 5.013257459085e+10 1.392571516413e+09 768 7235 3201 19 6 7 7 2.38199873e-05 4.15862446e-05 outputs/V3.3e24_D100_G2/solution/solution-00036 
 37 5.152514610727e+10 1.392571516413e+09 768 7235 3201 19 6 7 7 2.74277774e-05 4.78166799e-05 outputs/V3.3e24_D100_G2/solution/solution-00037 
 38 5.291771762368e+10 1.392571516413e+09 768 7235 3201 20 6 7 7 3.15658958e-05 5.49525443e-05 outputs/V3.3e24_D100_G2/solution/solution-00038 
 39 5.431028914009e+10 1.392571516413e+09 768 7235 3201 20 6 7 7 3.63029310e-05 6.31081685e-05 outputs/V3.3e24_D100_G2/solution/solution-00039 
 40 5.570286065650e+10 1.392571516413e+09 768 7235 3201 20 6 7 7 4.17113752e-05 7.24032250e-05 outputs/V3.3e24_D100_G2/solution/solution-00040 
 41 5.699736084275e+10 1.294500186241e+09 768 7235 3201 20 6 7 7 4.74127580e-05 8.21831582e-05 outputs/V3.3e24_D100_G2/solution/solution-00041 
 42 5.813762633857e+10 1.140265495824e+09 768 7235 3201 19 6 7 7 5.30297756e-05 9.18262195e-05 outputs/V3.3e24_D100_G2/solution/solution-00042 
 43 5.915828133347e+10 1.020654994903e+09 768 7235 3201 18 6 7 7 5.85658085e-05 1.01318796e-04 outputs/V3.3e24_D100_G2/solution/solution-00043 
 44 6.008344826816e+10 9.251669346889e+08 768 7235 3201 17 6 7 7 6.40183142e-05 1.10654280e-04 outputs/V3.3e24_D100_G2/solution/solution-00044 
 45 6.093068232143e+10 8.472340532712e+08 768 7235 3201 16 6 7 7 6.93830727e-05 1.19825240e-04 outputs/V3.3e24_D100_G2/solution/solution-00045 
 46 6.171317804220e+10 7.824957207715e+08 768 7235 3201 15 6 7 7 7.46554142e-05 1.28823563e-04 outputs/V3.3e24_D100_G2/solution/solution-00046 
 47 6.244111017260e+10 7.279321303986e+08 768 7235 3201 15 6 7 7 7.98305860e-05 1.37641092e-04 outputs/V3.3e24_D100_G2/solution/solution-00047 
 48 6.312249323966e+10 6.813830670577e+08 768 7235 3201 14 6 7 7 8.49038748e-05 1.46269835e-04 outputs/V3.3e24_D100_G2/solution/solution-00048 
 49 6.376375497037e+10 6.412617307139e+08 768 7235 3201 14 6 7 7 8.98706619e-05 1.54702055e-04 outputs/V3.3e24_D100_G2/solution/solution-00049 
 50 6.437002041340e+10 6.062654430214e+08 768 7235 3201 13 6 7 7 9.47255631e-05 1.62928807e-04 outputs/V3.3e24_D100_G2/solution/solution-00050 
 51 6.494559835400e+10 5.755779406064e+08 768 7235 3201 13 6 7 7 9.94640693e-05 1.70942715e-04 outputs/V3.3e24_D100_G2/solution/solution-00051 
 52 6.549412471447e+10 5.485263604709e+08 768 7235 3201 13 6 7 7 1.04082200e-04 1.78737373e-04 outputs/V3.3e24_D100_G2/solution/solution-00052 
 53 6.601866845729e+10 5.245437428181e+08 768 7235 3201 12 6 7 7 1.08576189e-04 1.86316400e-04 outputs/V3.3e24_D100_G2/solution/solution-00053 
 54 6.652184477541e+10 5.031763181243e+08 768 7235 3201 12 6 7 7 1.12942507e-04 1.93675699e-04 outputs/V3.3e24_D100_G2/solution/solution-00054 
 55 6.700590137435e+10 4.840565989344e+08 768 7235 3201 12 6 7 7 1.17177887e-04 2.00799426e-04 outputs/V3.3e24_D100_G2/solution/solution-00055 
 56 6.747278517887e+10 4.668838045199e+08 768 7235 3201 12 5 6 6 1.21279336e-04 2.07682877e-04 outputs/V3.3e24_D100_G2/solution/solution-00056 
 57 6.792419456564e+10 4.514093867690e+08 768 7235 3201 11 5 6 6 1.25244153e-04 2.14321882e-04 outputs/V3.3e24_D100_G2/solution/solution-00057 
 58 6.836162073512e+10 4.374261694780e+08 768 7235 3201 11 5 6 6 1.29069942e-04 2.20712826e-04 outputs/V3.3e24_D100_G2/solution/solution-00058 
 59 6.878638082671e+10 4.247600915937e+08 768 7235 3201 11 5 6 6 1.32754618e-04 2.26852650e-04 outputs/V3.3e24_D100_G2/solution/solution-00059 
 60 6.919964467862e+10 4.132638519137e+08 768 7235 3201 11 5 6 6 1.36296418e-04 2.32738867e-04 outputs/V3.3e24_D100_G2/solution/solution-00060 
 61 6.960245664261e+10 4.028119639858e+08 768 7235 3201 11 5 6 6 1.39693902e-04 2.38369556e-04 outputs/V3.3e24_D100_G2/solution/solution-00061 
 62 6.999575351106e+10 3.932968684547e+08 768 7235 3201 11 5 6 6 1.42945958e-04 2.43743369e-04 outputs/V3.3e24_D100_G2/solution/solution-00062 
 63 7.038037935896e+10 3.846258478930e+08 768 7235 3201 11 5 6 6 1.46051800e-04 2.48859522e-04 outputs/V3.3e24_D100_G2/solution/solution-00063 
 64 7.075709791598e+10 3.767185570264e+08 768 7235 3201 11 5 6 6 1.49010968e-04 2.53717791e-04 outputs/V3.3e24_D100_G2/solution/solution-00064 
 65 7.112660294549e+10 3.695050295096e+08 768 7235 3201 10 5 6 6 1.51823322e-04 2.58318505e-04 outputs/V3.3e24_D100_G2/solution/solution-00065 
 66 7.148952700259e+10 3.629240570950e+08 768 7235 3201 10 5 6 6 1.54489039e-04 2.62662532e-04 outputs/V3.3e24_D100_G2/solution/solution-00066 
 67 7.184644886485e+10 3.569218622618e+08 768 7235 3201 10 5 6 6 1.57008605e-04 2.66751265e-04 outputs/V3.3e24_D100_G2/solution/solution-00067 
 68 7.219789986878e+10 3.514510039331e+08 768 7235 3201 10 5 6 6 1.59382807e-04 2.70586612e-04 outputs/V3.3e24_D100_G2/solution/solution-00068 
 69 7.254436933848e+10 3.464694696922e+08 768 7235 3201 10 5 6 6 1.61612722e-04 2.74170973e-04 outputs/V3.3e24_D100_G2/solution/solution-00069 
 70 7.288630925673e+10 3.419399182531e+08 768 7235 3201 10 5 6 6 1.63699709e-04 2.77507224e-04 outputs/V3.3e24_D100_G2/solution/solution-00070 
 71 7.322413830050e+10 3.378290437688e+08 768 7235 3201 10 5 6 6 1.65645395e-04 2.80708796e-04 outputs/V3.3e24_D100_G2/solution/solution-00071 
 72 7.355821931016e+10 3.340810096644e+08 768 7235 3201 10 5 6 6 1.67451526e-04 2.83829514e-04 outputs/V3.3e24_D100_G2/solution/solution-00072 
 73 7.388860361202e+10 3.303843018585e+08 768 7235 3201 10 5 6 6 1.69118747e-04 2.86694744e-04 outputs/V3.3e24_D100_G2/solution/solution-00073 
 74 7.421566175475e+10 3.270581427253e+08 768 7235 3201 10 5 6 6 1.70649929e-04 2.89308510e-04 outputs/V3.3e24_D100_G2/solution/solution-00074 
 75 7.453974009195e+10 3.240783372044e+08 768 7235 3201 10 5 6 6 1.72048108e-04 2.91675314e-04 outputs/V3.3e24_D100_G2/solution/solution-00075 
 76 7.486116313314e+10 3.214230411912e+08 768 7235 3201 10 5 6 6 1.73316470e-04 2.93800111e-04 outputs/V3.3e24_D100_G2/solution/solution-00076 
 77 7.518023560130e+10 3.190724681621e+08 768 7235 3201 10 5 6 6 1.74458330e-04 2.95688285e-04 outputs/V3.3e24_D100_G2/solution/solution-00077 
 78 7.549724423674e+10 3.170086354419e+08 768 7235 3201 10 5 6 6 1.75477127e-04 2.97345626e-04 outputs/V3.3e24_D100_G2/solution/solution-00078 
 79 7.581245938071e+10 3.152151439703e+08 768 7235 3201 10 5 6 6 1.76376405e-04 2.98778303e-04 outputs/V3.3e24_D100_G2/solution/solution-00079 
 80 7.612613636711e+10 3.136769863912e+08 768 7235 3201 10 5 6 6 1.77159805e-04 2.99996351e-04 outputs/V3.3e24_D100_G2/solution/solution-00080 
 81 7.643851674626e+10 3.123803791551e+08 768 7235 3201 10 5 6 6 1.77831051e-04 3.01052538e-04 outputs/V3.3e24_D100_G2/solution/solution-00081 
 82 7.674982936131e+10 3.113126150505e+08 768 7235 3201 10 5 6 6 1.78393940e-04 3.01904688e-04 outputs/V3.3e24_D100_G2/solution/solution-00082 
 83 7.706029129449e+10 3.104619331804e+08 768 7235 3201 10 5 6 6 1.78852333e-04 3.02559894e-04 outputs/V3.3e24_D100_G2/solution/solution-00083 
 84 7.737010869839e+10 3.098174038954e+08 768 7235 3201 10 5 6 6 1.79210142e-04 3.03025501e-04 outputs/V3.3e24_D100_G2/solution/solution-00084 
 85 7.767947752499e+10 3.093688266015e+08 768 7235 3201 10 5 6 6 1.79471326e-04 3.03309080e-04 outputs/V3.3e24_D100_G2/solution/solution-00085 
 86 7.798858416369e+10 3.091066386998e+08 768 7235 3201 10 5 6 6 1.79639881e-04 3.03418404e-04 outputs/V3.3e24_D100_G2/solution/solution-00086 
 87 7.829760599788e+10 3.090218341880e+08 768 7235 3201 10 5 6 6 1.79719829e-04 3.03361416e-04 outputs/V3.3e24_D100_G2/solution/solution-00087 
 88 7.860671188858e+10 3.091058907009e+08 768 7235 3201 10 5 6 6 1.79715215e-04 3.03146206e-04 outputs/V3.3e24_D100_G2/solution/solution-00088 
 89 7.891606259253e+10 3.093507039509e+08 768 7235 3201 10 5 6 6 1.79630097e-04 3.02780977e-04 outputs/V3.3e24_D100_G2/solution/solution-00089 
 90 7.922581112123e+10 3.097485287055e+08 768 7235 3201 10 5 6 6 1.79468543e-04 3.02274026e-04 outputs/V3.3e24_D100_G2/solution/solution-00090 
 91 7.953610263154e+10 3.102915103055e+08 768 7235 3201 10 5 6 6 1.79234621e-04 3.01633711e-04 outputs/V3.3e24_D100_G2/solution/solution-00091 
 92 7.984702162525e+10 3.109189937072e+08 768 7235 3201 10 5 6 6 1.78932452e-04 3.00868572e-04 outputs/V3.3e24_D100_G2/solution/solution-00092 
 93 8.015870118645e+10 3.116795612069e+08 768 7235 3201 10 5 6 6 1.78566120e-04 2.99987066e-04 outputs/V3.3e24_D100_G2/solution/solution-00093 
 94 8.047126762132e+10 3.125664348675e+08 768 7235 3201 10 5 6 6 1.78139686e-04 2.98997626e-04 outputs/V3.3e24_D100_G2/solution/solution-00094 
 95 8.078484060332e+10 3.135729819998e+08 768 7235 3201 10 5 6 6 1.77657185e-04 2.97909691e-04 outputs/V3.3e24_D100_G2/solution/solution-00095 
 96 8.109953328658e+10 3.146926832590e+08 768 7235 3201 10 5 6 6 1.77122617e-04 2.96753184e-04 outputs/V3.3e24_D100_G2/solution/solution-00096 
 97 8.141545239065e+10 3.159191040713e+08 768 7235 3201 10 5 6 6 1.76539949e-04 2.95512122e-04 outputs/V3.3e24_D100_G2/solution/solution-00097 
 98 8.173269825998e+10 3.172458693320e+08 768 7235 3201 10 5 6 6 1.75913102e-04 2.94194584e-04 outputs/V3.3e24_D100_G2/solution/solution-00098 
 99 8.205136490127e+10 3.186666412829e+08 768 7235 3201 10 5 6 6 1.75245951e-04 2.92808528e-04 outputs/V3.3e24_D100_G2/solution/solution-00099 
100 8.237154000176e+10 3.201751004925e+08 768 7235 3201 10 5 6 6 1.74542319e-04 2.91361772e-04 outputs/V3.3e24_D100_G2/solution/solution-00100 
