# 1: Time step number
# 2: Time (years)
# 3: Time step size (years)
# 4: Number of mesh cells
# 5: Number of Stokes degrees of freedom
# 6: Number of temperature degrees of freedom
# 7: Iterations for temperature solver
# 8: Iterations for Stokes solver
# 9: Velocity iterations in Stokes preconditioner
# 10: Schur complement iterations in Stokes preconditioner
# 11: RMS velocity (m/year)
# 12: Max. velocity (m/year)
# 13: Visualization file name
  0 0.000000000000e+00 0.000000000000e+00 768 7235 3201  0 8 9 9 1.32429294e-07 2.32857974e-07 outputs/V1e25_D100_G2/solution/solution-00000 
  1 1.392571516413e+09 1.392571516413e+09 768 7235 3201 32 8 9 9 1.27098884e-07 2.15076173e-07 outputs/V1e25_D100_G2/solution/solution-00001 
  2 2.785143032825e+09 1.392571516413e+09 768 7235 3201 25 8 9 9 1.22691234e-07 2.08673621e-07 outputs/V1e25_D100_G2/solution/solution-00002 
  3 4.177714549238e+09 1.392571516413e+09 768 7235 3201 24 8 9 9 1.19163943e-07 2.03770406e-07 outputs/V1e25_D100_G2/solution/solution-00003 
  4 5.570286065650e+09 1.392571516413e+09 768 7235 3201 23 8 9 9 1.16384277e-07 2.00102717e-07 outputs/V1e25_D100_G2/solution/solution-00004 
  5 6.962857582063e+09 1.392571516413e+09 768 7235 3201 23 8 9 9 1.14249330e-07 1.97426324e-07 outputs/V1e25_D100_G2/solution/solution-00005 
  6 8.355429098476e+09 1.392571516413e+09 768 7235 3201 22 8 9 9 1.12655773e-07 1.95535086e-07 outputs/V1e25_D100_G2/solution/solution-00006 
  7 9.748000614888e+09 1.392571516413e+09 768 7235 3201 21 8 9 9 1.11513778e-07 1.94269828e-07 outputs/V1e25_D100_G2/solution/solution-00007 
  8 1.114057213130e+10 1.392571516413e+09 768 7235 3201 21 8 9 9 1.10748462e-07 1.93510231e-07 outputs/V1e25_D100_G2/solution/solution-00008 
  9 1.253314364771e+10 1.392571516413e+09 768 7235 3201 21 8 9 9 1.10298379e-07 1.93165059e-07 outputs/V1e25_D100_G2/solution/solution-00009 
 10 1.392571516413e+10 1.392571516413e+09 768 7235 3201 20 8 9 9 1.10113332e-07 1.93164299e-07 outputs/V1e25_D100_G2/solution/solution-00010 
 11 1.531828668054e+10 1.392571516413e+09 768 7235 3201 20 8 9 9 1.10152275e-07 1.93453424e-07 outputs/V1e25_D100_G2/solution/solution-00011 
 12 1.671085819695e+10 1.392571516413e+09 768 7235 3201 20 8 9 9 1.10381542e-07 1.93989342e-07 outputs/V1e25_D100_G2/solution/solution-00012 
 13 1.810342971336e+10 1.392571516413e+09 768 7235 3201 20 8 9 9 1.10773403e-07 1.94737527e-07 outputs/V1e25_D100_G2/solution/solution-00013 
 14 1.949600122978e+10 1.392571516413e+09 768 7235 3201 20 8 9 9 1.11304914e-07 1.95669979e-07 outputs/V1e25_D100_G2/solution/solution-00014 
 15 2.088857274619e+10 1.392571516413e+09 768 7235 3201 20 8 9 9 1.11957011e-07 1.96763734e-07 outputs/V1e25_D100_G2/solution/solution-00015 
 16 2.228114426260e+10 1.392571516413e+09 768 7235 3201 19 8 9 9 1.12713785e-07 1.97999784e-07 outputs/V1e25_D100_G2/solution/solution-00016 
 17 2.367371577901e+10 1.392571516413e+09 768 7235 3201 19 8 9 9 1.13561913e-07 1.99362262e-07 outputs/V1e25_D100_G2/solution/solution-00017 
 18 2.506628729543e+10 1.392571516413e+09 768 7235 3201 19 8 9 9 1.14490200e-07 2.00837828e-07 outputs/V1e25_D100_G2/solution/solution-00018 
 19 2.645885881184e+10 1.392571516413e+09 768 7235 3201 19 8 9 9 1.15489214e-07 2.02415204e-07 outputs/V1e25_D100_G2/solution/solution-00019 
 20 2.785143032825e+10 1.392571516413e+09 768 7235 3201 19 8 9 9 1.16550989e-07 2.04084807e-07 outputs/V1e25_D100_G2/solution/solution-00020 
 21 2.924400184466e+10 1.392571516413e+09 768 7235 3201 19 8 9 9 1.17668784e-07 2.05838461e-07 outputs/V1e25_D100_G2/solution/solution-00021 
 22 3.063657336108e+10 1.392571516413e+09 768 7235 3201 19 8 9 9 1.18836891e-07 2.07669175e-07 outputs/V1e25_D100_G2/solution/solution-00022 
 23 3.202914487749e+10 1.392571516413e+09 768 7235 3201 19 8 9 9 1.20050467e-07 2.09570950e-07 outputs/V1e25_D100_G2/solution/solution-00023 
 24 3.342171639390e+10 1.392571516413e+09 768 7235 3201 19 8 9 9 1.21305407e-07 2.11538642e-07 outputs/V1e25_D100_G2/solution/solution-00024 
 25 3.481428791032e+10 1.392571516413e+09 768 7235 3201 18 8 9 9 1.22598226e-07 2.13567827e-07 outputs/V1e25_D100_G2/solution/solution-00025 
 26 3.620685942673e+10 1.392571516413e+09 768 7235 3201 18 8 9 9 1.23925972e-07 2.15654707e-07 outputs/V1e25_D100_G2/solution/solution-00026 
 27 3.759943094314e+10 1.392571516413e+09 768 7235 3201 18 8 9 9 1.25286145e-07 2.17796022e-07 outputs/V1e25_D100_G2/solution/solution-00027 
 28 3.899200245955e+10 1.392571516413e+09 768 7235 3201 18 8 9 9 1.26676630e-07 2.19988977e-07 outputs/V1e25_D100_G2/solution/solution-00028 
 29 4.038457397597e+10 1.392571516413e+09 768 7235 3201 18 8 9 9 1.28095647e-07 2.22231181e-07 outputs/V1e25_D100_G2/solution/solution-00029 
 30 4.177714549238e+10 1.392571516413e+09 768 7235 3201 18 8 9 9 1.29541695e-07 2.24520596e-07 outputs/V1e25_D100_G2/solution/solution-00030 
 31 4.316971700879e+10 1.392571516413e+09 768 7235 3201 18 8 9 9 1.31013520e-07 2.26855487e-07 outputs/V1e25_D100_G2/solution/solution-00031 
 32 4.456228852520e+10 1.392571516413e+09 768 7235 3201 18 8 9 9 1.32510076e-07 2.29234390e-07 outputs/V1e25_D100_G2/solution/solution-00032 
 33 4.595486004162e+10 1.392571516413e+09 768 7235 3201 18 8 9 9 1.34030498e-07 2.31656073e-07 outputs/V1e25_D100_G2/solution/solution-00033 
 34 4.734743155803e+10 1.392571516413e+09 768 7235 3201 18 8 9 9 1.35574076e-07 2.34119509e-07 outputs/V1e25_D100_G2/solution/solution-00034 
 35 4.874000307444e+10 1.392571516413e+09 768 7235 3201 18 8 9 9 1.37140234e-07 2.36623847e-07 outputs/V1e25_D100_G2/solution/solution-00035 
 36 5.013257459085e+10 1.392571516413e+09 768 7235 3201 18 8 9 9 1.38728510e-07 2.39168397e-07 outputs/V1e25_D100_G2/solution/solution-00036 
 37 5.152514610727e+10 1.392571516413e+09 768 7235 3201 18 8 9 9 1.40338543e-07 2.41752601e-07 outputs/V1e25_D100_G2/solution/solution-00037 
 38 5.291771762368e+10 1.392571516413e+09 768 7235 3201 18 8 9 9 1.41970058e-07 2.44376025e-07 outputs/V1e25_D100_G2/solution/solution-00038 
 39 5.431028914009e+10 1.392571516413e+09 768 7235 3201 18 8 9 9 1.43622853e-07 2.47038339e-07 outputs/V1e25_D100_G2/solution/solution-00039 
 40 5.570286065650e+10 1.392571516413e+09 768 7235 3201 18 8 9 9 1.45296791e-07 2.49739306e-07 outputs/V1e25_D100_G2/solution/solution-00040 
 41 5.709543217292e+10 1.392571516413e+09 768 7235 3201 18 8 9 9 1.46991792e-07 2.52478768e-07 outputs/V1e25_D100_G2/solution/solution-00041 
 42 5.848800368933e+10 1.392571516413e+09 768 7235 3201 18 8 9 9 1.48707822e-07 2.55256641e-07 outputs/V1e25_D100_G2/solution/solution-00042 
 43 5.988057520574e+10 1.392571516413e+09 768 7235 3201 17 8 9 9 1.50444890e-07 2.58072902e-07 outputs/V1e25_D100_G2/solution/solution-00043 
 44 6.127314672215e+10 1.392571516413e+09 768 7235 3201 17 8 9 9 1.52203041e-07 2.60927584e-07 outputs/V1e25_D100_G2/solution/solution-00044 
 45 6.266571823857e+10 1.392571516413e+09 768 7235 3201 17 8 9 9 1.53982352e-07 2.63820768e-07 outputs/V1e25_D100_G2/solution/solution-00045 
 46 6.405828975498e+10 1.392571516413e+09 768 7235 3201 17 8 9 9 1.55782928e-07 2.66752579e-07 outputs/V1e25_D100_G2/solution/solution-00046 
 47 6.545086127139e+10 1.392571516413e+09 768 7235 3201 17 8 9 9 1.57604896e-07 2.69723180e-07 outputs/V1e25_D100_G2/solution/solution-00047 
 48 6.684343278781e+10 1.392571516413e+09 768 7235 3201 17 8 9 9 1.59448406e-07 2.72732765e-07 outputs/V1e25_D100_G2/solution/solution-00048 
 49 6.823600430422e+10 1.392571516413e+09 768 7235 3201 17 8 9 9 1.61313626e-07 2.75781562e-07 outputs/V1e25_D100_G2/solution/solution-00049 
 50 6.962857582063e+10 1.392571516413e+09 768 7235 3201 17 8 9 9 1.63200739e-07 2.78869823e-07 outputs/V1e25_D100_G2/solution/solution-00050 
 51 7.102114733704e+10 1.392571516413e+09 768 7235 3201 17 8 9 9 1.65109943e-07 2.81997824e-07 outputs/V1e25_D100_G2/solution/solution-00051 
 52 7.241371885346e+10 1.392571516413e+09 768 7235 3201 17 7 8 8 1.67041450e-07 2.85165863e-07 outputs/V1e25_D100_G2/solution/solution-00052 
 53 7.380629036987e+10 1.392571516413e+09 768 7235 3201 17 7 8 8 1.68995481e-07 2.88374258e-07 outputs/V1e25_D100_G2/solution/solution-00053 
 54 7.519886188628e+10 1.392571516413e+09 768 7235 3201 17 7 8 8 1.70972269e-07 2.91623344e-07 outputs/V1e25_D100_G2/solution/solution-00054 
 55 7.659143340269e+10 1.392571516413e+09 768 7235 3201 17 7 8 8 1.72972053e-07 2.94913470e-07 outputs/V1e25_D100_G2/solution/solution-00055 
 56 7.798400491911e+10 1.392571516413e+09 768 7235 3201 17 7 8 8 1.74995084e-07 2.98245001e-07 outputs/V1e25_D100_G2/solution/solution-00056 
 57 7.937657643552e+10 1.392571516413e+09 768 7235 3201 17 7 8 8 1.77041618e-07 3.01618318e-07 outputs/V1e25_D100_G2/solution/solution-00057 
 58 8.076914795193e+10 1.392571516413e+09 768 7235 3201 17 7 8 8 1.79111918e-07 3.05033809e-07 outputs/V1e25_D100_G2/solution/solution-00058 
 59 8.216171946834e+10 1.392571516413e+09 768 7235 3201 17 7 8 8 1.81206253e-07 3.08491877e-07 outputs/V1e25_D100_G2/solution/solution-00059 
 60 8.355429098476e+10 1.392571516413e+09 768 7235 3201 17 7 8 8 1.83324899e-07 3.11992937e-07 outputs/V1e25_D100_G2/solution/solution-00060 
 61 8.494686250117e+10 1.392571516413e+09 768 7235 3201 17 7 8 8 1.85468137e-07 3.15537409e-07 outputs/V1e25_D100_G2/solution/solution-00061 
 62 8.633943401758e+10 1.392571516413e+09 768 7235 3201 17 7 8 8 1.87636252e-07 3.19125729e-07 outputs/V1e25_D100_G2/solution/solution-00062 
 63 8.773200553399e+10 1.392571516413e+09 768 7235 3201 17 7 8 8 1.89829533e-07 3.22758337e-07 outputs/V1e25_D100_G2/solution/solution-00063 
 64 8.912457705041e+10 1.392571516413e+09 768 7235 3201 17 7 8 8 1.92048278e-07 3.26435684e-07 outputs/V1e25_D100_G2/solution/solution-00064 
 65 9.051714856682e+10 1.392571516413e+09 768 7235 3201 17 7 8 8 1.94292784e-07 3.30158230e-07 outputs/V1e25_D100_G2/solution/solution-00065 
 66 9.190972008323e+10 1.392571516413e+09 768 7235 3201 17 7 8 8 1.96563355e-07 3.33926442e-07 outputs/V1e25_D100_G2/solution/solution-00066 
 67 9.330229159964e+10 1.392571516413e+09 768 7235 3201 17 7 8 8 1.98860300e-07 3.37740795e-07 outputs/V1e25_D100_G2/solution/solution-00067 
 68 9.469486311606e+10 1.392571516413e+09 768 7235 3201 17 7 8 8 2.01183929e-07 3.41601774e-07 outputs/V1e25_D100_G2/solution/solution-00068 
 69 9.608743463247e+10 1.392571516413e+09 768 7235 3201 16 7 8 8 2.03534559e-07 3.45509870e-07 outputs/V1e25_D100_G2/solution/solution-00069 
 70 9.748000614888e+10 1.392571516413e+09 768 7235 3201 16 7 8 8 2.05912509e-07 3.49465580e-07 outputs/V1e25_D100_G2/solution/solution-00070 
 71 9.887257766530e+10 1.392571516413e+09 768 7235 3201 16 7 8 8 2.08318103e-07 3.53469412e-07 outputs/V1e25_D100_G2/solution/solution-00071 
 72 1.002651491817e+11 1.392571516413e+09 768 7235 3201 16 7 8 8 2.10751669e-07 3.57521878e-07 outputs/V1e25_D100_G2/solution/solution-00072 
 73 1.016577206981e+11 1.392571516413e+09 768 7235 3201 16 7 8 8 2.13213536e-07 3.61623502e-07 outputs/V1e25_D100_G2/solution/solution-00073 
 74 1.030502922145e+11 1.392571516413e+09 768 7235 3201 16 7 8 8 2.15704041e-07 3.65774810e-07 outputs/V1e25_D100_G2/solution/solution-00074 
 75 1.044428637309e+11 1.392571516413e+09 768 7235 3201 16 7 8 8 2.18223522e-07 3.69976339e-07 outputs/V1e25_D100_G2/solution/solution-00075 
 76 1.058354352474e+11 1.392571516413e+09 768 7235 3201 16 7 8 8 2.20772323e-07 3.74228632e-07 outputs/V1e25_D100_G2/solution/solution-00076 
 77 1.072280067638e+11 1.392571516413e+09 768 7235 3201 16 7 8 8 2.23350789e-07 3.78532241e-07 outputs/V1e25_D100_G2/solution/solution-00077 
 78 1.086205782802e+11 1.392571516413e+09 768 7235 3201 16 7 8 8 2.25959271e-07 3.82887724e-07 outputs/V1e25_D100_G2/solution/solution-00078 
 79 1.100131497966e+11 1.392571516413e+09 768 7235 3201 16 7 8 8 2.28598124e-07 3.87295646e-07 outputs/V1e25_D100_G2/solution/solution-00079 
 80 1.114057213130e+11 1.392571516413e+09 768 7235 3201 16 7 8 8 2.31267707e-07 3.91756582e-07 outputs/V1e25_D100_G2/solution/solution-00080 
 81 1.127982928294e+11 1.392571516413e+09 768 7235 3201 16 7 8 8 2.33968381e-07 3.96271112e-07 outputs/V1e25_D100_G2/solution/solution-00081 
 82 1.141908643458e+11 1.392571516413e+09 768 7235 3201 16 7 8 8 2.36700514e-07 4.00839824e-07 outputs/V1e25_D100_G2/solution/solution-00082 
 83 1.155834358622e+11 1.392571516413e+09 768 7235 3201 16 7 8 8 2.39464476e-07 4.05463316e-07 outputs/V1e25_D100_G2/solution/solution-00083 
 84 1.169760073787e+11 1.392571516413e+09 768 7235 3201 16 7 8 8 2.42260642e-07 4.10142191e-07 outputs/V1e25_D100_G2/solution/solution-00084 
 85 1.183685788951e+11 1.392571516413e+09 768 7235 3201 16 7 8 8 2.45089392e-07 4.14877061e-07 outputs/V1e25_D100_G2/solution/solution-00085 
 86 1.197611504115e+11 1.392571516413e+09 768 7235 3201 16 7 8 8 2.47951108e-07 4.19668546e-07 outputs/V1e25_D100_G2/solution/solution-00086 
 87 1.211537219279e+11 1.392571516413e+09 768 7235 3201 16 7 8 8 2.50846178e-07 4.24517274e-07 outputs/V1e25_D100_G2/solution/solution-00087 
 88 1.225462934443e+11 1.392571516413e+09 768 7235 3201 16 7 8 8 2.53774994e-07 4.29423882e-07 outputs/V1e25_D100_G2/solution/solution-00088 
 89 1.239388649607e+11 1.392571516413e+09 768 7235 3201 16 6 7 7 2.56737953e-07 4.34389012e-07 outputs/V1e25_D100_G2/solution/solution-00089 
 90 1.253314364771e+11 1.392571516413e+09 768 7235 3201 16 6 7 7 2.59735456e-07 4.39413317e-07 outputs/V1e25_D100_G2/solution/solution-00090 
 91 1.267240079935e+11 1.392571516413e+09 768 7235 3201 16 6 7 7 2.62767907e-07 4.44497458e-07 outputs/V1e25_D100_G2/solution/solution-00091 
 92 1.281165795100e+11 1.392571516413e+09 768 7235 3201 16 6 7 7 2.65835718e-07 4.49642104e-07 outputs/V1e25_D100_G2/solution/solution-00092 
 93 1.295091510264e+11 1.392571516413e+09 768 7235 3201 16 6 7 7 2.68939303e-07 4.54847932e-07 outputs/V1e25_D100_G2/solution/solution-00093 
 94 1.309017225428e+11 1.392571516413e+09 768 7235 3201 16 6 7 7 2.72079082e-07 4.60115627e-07 outputs/V1e25_D100_G2/solution/solution-00094 
 95 1.322942940592e+11 1.392571516413e+09 768 7235 3201 15 6 7 7 2.75255478e-07 4.65445885e-07 outputs/V1e25_D100_G2/solution/solution-00095 
 96 1.336868655756e+11 1.392571516413e+09 768 7235 3201 15 6 7 7 2.78468920e-07 4.70839408e-07 outputs/V1e25_D100_G2/solution/solution-00096 
 97 1.350794370920e+11 1.392571516413e+09 768 7235 3201 15 6 7 7 2.81719844e-07 4.76296909e-07 outputs/V1e25_D100_G2/solution/solution-00097 
 98 1.364720086084e+11 1.392571516413e+09 768 7235 3201 15 6 7 7 2.85008687e-07 4.81819109e-07 outputs/V1e25_D100_G2/solution/solution-00098 
 99 1.378645801248e+11 1.392571516413e+09 768 7235 3201 15 6 7 7 2.88335894e-07 4.87406737e-07 outputs/V1e25_D100_G2/solution/solution-00099 
100 1.392571516413e+11 1.392571516413e+09 768 7235 3201 15 6 7 7 2.91701913e-07 4.93060532e-07 outputs/V1e25_D100_G2/solution/solution-00100 
