# 1: Time step number
# 2: Time (years)
# 3: Time step size (years)
# 4: Number of mesh cells
# 5: Number of Stokes degrees of freedom
# 6: Number of temperature degrees of freedom
# 7: Iterations for temperature solver
# 8: Iterations for Stokes solver
# 9: Velocity iterations in Stokes preconditioner
# 10: Schur complement iterations in Stokes preconditioner
# 11: RMS velocity (m/year)
# 12: Max. velocity (m/year)
# 13: Visualization file name
  0 0.000000000000e+00 0.000000000000e+00 768 7235 3201  0 8 9 9 8.62500623e-06 4.19043308e-05 outputs/V1e24_D10000_G10/solution/solution-00000 
  1 1.392571516413e+09 1.392571516413e+09 768 7235 3201 32 8 9 9 1.87409646e-04 3.25628823e-04 outputs/V1e24_D10000_G10/solution/solution-00001 
  2 1.680476005972e+09 2.879044895593e+08 768 7235 3201 15 8 9 9 1.30161867e-03 2.28493217e-03 outputs/V1e24_D10000_G10/solution/solution-00002 
  3 1.721505670376e+09 4.102966440447e+07 768 7235 3201 13 8 9 9 2.39043707e-03 4.20359133e-03 outputs/V1e24_D10000_G10/solution/solution-00003 
  4 1.743808028665e+09 2.230235828846e+07 768 7235 3201 14 7 8 8 3.52627040e-03 6.20796719e-03                                               "" 
  5 1.758914994861e+09 1.510696619657e+07 768 7235 3201 15 7 8 8 4.66107949e-03 8.21169304e-03                                               "" 
  6 1.770335803358e+09 1.142080849611e+07 768 7235 3201 15 7 8 8 5.77974025e-03 1.01870190e-02                                               "" 
  7 1.779539107367e+09 9.203304009549e+06 768 7235 3201 15 6 7 7 6.87677588e-03 1.21233717e-02                                               "" 
  8 1.787269962187e+09 7.730854820407e+06 768 7235 3201 15 6 7 7 7.95024736e-03 1.40210452e-02 outputs/V1e24_D10000_G10/solution/solution-00004 
  9 1.793954487996e+09 6.684525808234e+06 768 7235 3201 15 6 7 7 8.99915094e-03 1.58792750e-02                                               "" 
 10 1.799858664388e+09 5.904176392649e+06 768 7235 3201 15 6 7 7 1.00226701e-02 1.76919663e-02                                               "" 
 11 1.805159599471e+09 5.300935082989e+06 768 7235 3201 15 6 7 7 1.10199390e-02 1.94568839e-02 outputs/V1e24_D10000_G10/solution/solution-00005 
 12 1.809979793241e+09 4.820193769811e+06 768 7235 3201 15 6 7 7 1.19896946e-02 2.11712251e-02                                               "" 
 13 1.814407973450e+09 4.428180209236e+06 768 7235 3201 15 6 7 7 1.29305145e-02 2.28405257e-02                                               "" 
 14 1.818512519966e+09 4.104546516005e+06 768 7235 3201 15 6 7 7 1.38413350e-02 2.44548495e-02                                               "" 
 15 1.822346115428e+09 3.833595461872e+06 768 7235 3201 15 6 7 7 1.47210490e-02 2.60116958e-02                                               "" 
 16 1.825950263373e+09 3.604147945076e+06 768 7235 3201 15 6 7 7 1.55685350e-02 2.75117620e-02 outputs/V1e24_D10000_G10/solution/solution-00006 
 17 1.829358289925e+09 3.408026551816e+06 768 7235 3201 15 6 7 7 1.63826804e-02 2.89569765e-02                                               "" 
 18 1.832597402558e+09 3.239112633136e+06 768 7235 3201 15 6 7 7 1.71623967e-02 3.03383556e-02                                               "" 
 19 1.835688741813e+09 3.091339255181e+06 768 7235 3201 15 6 7 7 1.79062982e-02 3.16529891e-02                                               "" 
 20 1.838650850254e+09 2.962108440680e+06 768 7235 3201 15 6 7 7 1.86133065e-02 3.28985532e-02                                               "" 
 21 1.841500014193e+09 2.849163938998e+06 768 7235 3201 15 6 7 7 1.92825564e-02 3.40731429e-02 outputs/V1e24_D10000_G10/solution/solution-00007 
 22 1.844250201596e+09 2.750187402496e+06 768 7235 3201 15 6 7 7 1.99132240e-02 3.51922862e-02                                               "" 
 23 1.846913517581e+09 2.663315985023e+06 768 7235 3201 15 6 7 7 2.05045720e-02 3.62396466e-02                                               "" 
 24 1.849500553076e+09 2.587035494997e+06 768 7235 3201 15 6 7 7 2.10559633e-02 3.72119297e-02                                               "" 
 25 1.852020657657e+09 2.520104581771e+06 768 7235 3201 15 6 7 7 2.15668583e-02 3.81077762e-02                                               "" 
 26 1.854482156771e+09 2.461499113930e+06 768 7235 3201 15 6 7 7 2.20368356e-02 3.89260564e-02 outputs/V1e24_D10000_G10/solution/solution-00008 
 27 1.856891309656e+09 2.409152884587e+06 768 7235 3201 15 6 7 7 2.24653672e-02 3.96657901e-02                                               "" 
 28 1.859254807261e+09 2.363497605170e+06 768 7235 3201 15 6 7 7 2.28522651e-02 4.03382516e-02                                               "" 
 29 1.861578904027e+09 2.324096765598e+06 768 7235 3201 15 6 7 7 2.31974649e-02 4.09310218e-02                                               "" 
 30 1.863869342815e+09 2.290438787804e+06 768 7235 3201 15 6 7 7 2.35009859e-02 4.14438490e-02                                               "" 
 31 1.866131439659e+09 2.262096843972e+06 768 7235 3201 15 6 7 7 2.37629232e-02 4.18766782e-02 outputs/V1e24_D10000_G10/solution/solution-00009 
 32 1.868370155909e+09 2.238716250388e+06 768 7235 3201 15 6 7 7 2.39834462e-02 4.22319761e-02                                               "" 
 33 1.870590159994e+09 2.220004084695e+06 768 7235 3201 15 6 7 7 2.41627741e-02 4.25178213e-02                                               "" 
 34 1.872795882353e+09 2.205722359759e+06 768 7235 3201 15 6 7 7 2.43011827e-02 4.27244544e-02                                               "" 
 35 1.874991421199e+09 2.195538845534e+06 768 7235 3201 15 6 7 7 2.43990119e-02 4.28524734e-02                                               "" 
 36 1.877179877341e+09 2.188456141899e+06 768 7235 3201 15 5 6 6 2.44565544e-02 4.29025560e-02 outputs/V1e24_D10000_G10/solution/solution-00010 
 37 1.879365266148e+09 2.185388807200e+06 768 7235 3201 15 5 6 6 2.44742660e-02 4.28757203e-02                                               "" 
 38 1.881551520999e+09 2.186254851069e+06 768 7235 3201 15 5 6 6 2.44527889e-02 4.27733249e-02                                               "" 
 39 1.883742518255e+09 2.190997255541e+06 768 7235 3201 15 6 7 7 2.43928875e-02 4.26084949e-02                                               "" 
 40 1.885942104757e+09 2.199586502004e+06 768 7235 3201 15 6 7 7 2.42953671e-02 4.23787500e-02                                               "" 
 41 1.888154129416e+09 2.212024659831e+06 768 7235 3201 15 6 7 7 2.41610348e-02 4.20779019e-02 outputs/V1e24_D10000_G10/solution/solution-00011 
 42 1.890382476725e+09 2.228347309032e+06 768 7235 3201 15 6 7 7 2.39906917e-02 4.17169985e-02                                               "" 
 43 1.892631009211e+09 2.248532485625e+06 768 7235 3201 15 6 7 7 2.37851487e-02 4.13055428e-02                                               "" 
 44 1.894901300748e+09 2.270291537381e+06 768 7235 3201 15 6 7 7 2.35455017e-02 4.08235088e-02                                               "" 
 45 1.897197771649e+09 2.296470900143e+06 768 7235 3201 15 6 7 7 2.32726554e-02 4.02800382e-02                                               "" 
 46 1.899525227237e+09 2.327455588144e+06 768 7235 3201 15 6 7 7 2.29674830e-02 3.96665976e-02 outputs/V1e24_D10000_G10/solution/solution-00012 
 47 1.901888676732e+09 2.363449495593e+06 768 7235 3201 15 6 7 7 2.26308454e-02 3.89860034e-02 outputs/V1e24_D10000_G10/solution/solution-00013 
 48 1.904293385903e+09 2.404709170615e+06 768 7235 3201 15 6 7 7 2.22635906e-02 3.82501313e-02                                               "" 
 49 1.906744934903e+09 2.451549000504e+06 768 7235 3201 15 6 7 7 2.18665558e-02 3.74567843e-02                                               "" 
 50 1.909248894622e+09 2.503959718144e+06 768 7235 3201 15 6 7 7 2.14406284e-02 3.66039611e-02                                               "" 
 51 1.911810384964e+09 2.561490342044e+06 768 7235 3201 15 6 7 7 2.09868584e-02 3.57260392e-02                                               "" 
 52 1.914434778725e+09 2.624393760901e+06 768 7235 3201 15 6 7 7 2.05063578e-02 3.48062495e-02 outputs/V1e24_D10000_G10/solution/solution-00014 
 53 1.917127764031e+09 2.692985306044e+06 768 7235 3201 15 6 7 7 2.00003168e-02 3.38521234e-02                                               "" 
 54 1.919896635274e+09 2.768871243858e+06 768 7235 3201 15 6 7 7 1.94697689e-02 3.33700032e-02                                               "" 
 55 1.922706044655e+09 2.809409380697e+06 768 7235 3201 15 6 7 7 1.89242072e-02 3.29101440e-02                                               "" 
 56 1.925554710404e+09 2.848665748948e+06 768 7235 3201 15 6 7 7 1.83667810e-02 3.24167747e-02                                               "" 
 57 1.928446731612e+09 2.892021208235e+06 768 7235 3201 15 6 7 7 1.77995371e-02 3.18918584e-02 outputs/V1e24_D10000_G10/solution/solution-00015 
 58 1.931386353340e+09 2.939621727323e+06 768 7235 3201 15 6 7 7 1.72244192e-02 3.13373776e-02                                               "" 
 59 1.934377988476e+09 2.991635136797e+06 768 7235 3201 15 6 7 7 1.66432700e-02 3.07552973e-02                                               "" 
 60 1.937426243840e+09 3.048255363553e+06 768 7235 3201 15 6 7 7 1.60578394e-02 3.01475691e-02                                               "" 
 61 1.940535947306e+09 3.109703466314e+06 768 7235 3201 15 6 7 7 1.54697694e-02 2.95180212e-02                                               "" 
 62 1.943712179988e+09 3.176232681803e+06 768 7235 3201 14 6 7 7 1.48806158e-02 2.88712970e-02 outputs/V1e24_D10000_G10/solution/solution-00016 
 63 1.946960303895e+09 3.248123906750e+06 768 7235 3201 14 6 7 7 1.42918577e-02 2.82041834e-02                                               "" 
 64 1.950285991509e+09 3.325687614045e+06 768 7235 3201 14 6 7 7 1.37049024e-02 2.75186294e-02                                               "" 
 65 1.953695260765e+09 3.409269255733e+06 768 7235 3201 14 6 7 7 1.31210948e-02 2.68165634e-02                                               "" 
 66 1.957194514757e+09 3.499253992088e+06 768 7235 3201 14 6 7 7 1.25417067e-02 2.60999014e-02                                               "" 
 67 1.960790584663e+09 3.596069905895e+06 768 7235 3201 14 6 7 7 1.19679564e-02 2.53705749e-02 outputs/V1e24_D10000_G10/solution/solution-00017 
 68 1.964489866917e+09 3.699282254552e+06 768 7235 3201 14 6 7 7 1.14011456e-02 2.46307075e-02                                               "" 
 69 1.968299591996e+09 3.809725078667e+06 768 7235 3201 13 6 7 7 1.08424592e-02 2.38823591e-02                                               "" 
 70 1.972227988798e+09 3.928396801715e+06 768 7235 3201 13 6 7 7 1.02929590e-02 2.31274571e-02                                               "" 
 71 1.976283871724e+09 4.055882926490e+06 768 7235 3201 13 6 7 7 9.75365217e-03 2.23678951e-02                                               "" 
 72 1.980476698787e+09 4.192827063223e+06 768 7235 3201 13 6 7 7 9.22550400e-03 2.16055713e-02 outputs/V1e24_D10000_G10/solution/solution-00018 
 73 1.984816626524e+09 4.339927736917e+06 768 7235 3201 13 6 7 7 8.70943709e-03 2.08423449e-02                                               "" 
 74 1.989314575984e+09 4.497949460110e+06 768 7235 3201 13 6 7 7 8.20633531e-03 2.00800238e-02                                               "" 
 75 1.993982306032e+09 4.667730048097e+06 768 7235 3201 13 6 7 7 7.71704614e-03 1.93203871e-02                                               "" 
 76 1.998832487333e+09 4.850181300451e+06 768 7235 3201 13 6 7 7 7.24237738e-03 1.85651981e-02                                               "" 
 77 2.003878777423e+09 5.046290090563e+06 768 7235 3201 13 6 7 7 6.78309682e-03 1.78187146e-02 outputs/V1e24_D10000_G10/solution/solution-00019 
 78 2.009135901337e+09 5.257123913733e+06 768 7235 3201 12 6 7 7 6.33993174e-03 1.70871248e-02                                               "" 
 79 2.014619735261e+09 5.483833924191e+06 768 7235 3201 12 6 7 7 5.91356469e-03 1.63648922e-02                                               "" 
 80 2.020347397748e+09 5.727662486639e+06 768 7235 3201 12 6 7 7 5.50462732e-03 1.56536017e-02                                               "" 
 81 2.026337339945e+09 5.989942197382e+06 768 7235 3201 12 6 7 7 5.11369333e-03 1.49548007e-02                                               "" 
 82 2.032609425039e+09 6.272085093363e+06 768 7235 3201 12 6 7 7 4.74127062e-03 1.42699210e-02 outputs/V1e24_D10000_G10/solution/solution-00020 
 83 2.039185043324e+09 6.575618285382e+06 768 7235 3201 12 6 7 7 4.38779398e-03 1.36004077e-02                                               "" 
 84 2.046081957273e+09 6.896913948412e+06 768 7235 3201 12 6 7 7 4.05385347e-03 1.29485345e-02                                               "" 
 85 2.053322158845e+09 7.240201572243e+06 768 7235 3201 12 6 7 7 3.73973469e-03 1.23221876e-02                                               "" 
 86 2.060930385840e+09 7.608226995487e+06 768 7235 3201 12 6 7 7 3.44553822e-03 1.17150311e-02                                               "" 
 87 2.068932925428e+09 8.002539588218e+06 768 7235 3201 12 6 7 7 3.17123790e-03 1.11281588e-02 outputs/V1e24_D10000_G10/solution/solution-00021 
 88 2.077357499683e+09 8.424574254231e+06 768 7235 3201 12 6 7 7 2.91666988e-03 1.05679093e-02                                               "" 
 89 2.086233154192e+09 8.875654509425e+06 768 7235 3201 12 6 7 7 2.68152028e-03 1.00319791e-02                                               "" 
 90 2.095586552206e+09 9.353398013865e+06 768 7235 3201 11 6 7 7 2.46538031e-03 9.51778247e-03                                               "" 
 91 2.105438796822e+09 9.852244616002e+06 768 7235 3201 11 6 7 7 2.26775357e-03 9.02578704e-03 outputs/V1e24_D10000_G10/solution/solution-00022 
 92 2.115821128219e+09 1.038233139748e+07 768 7235 3201 11 6 7 7 2.08773632e-03 8.56148507e-03                                               "" 
 93 2.126765892594e+09 1.094476437444e+07 768 7235 3201 11 6 7 7 1.92428594e-03 8.12560050e-03                                               "" 
 94 2.138306249058e+09 1.154035646359e+07 768 7235 3201 11 6 7 7 1.77624680e-03 7.71118561e-03                                               "" 
 95 2.150475558578e+09 1.216930952084e+07 768 7235 3201 11 6 7 7 1.64237178e-03 7.31745550e-03                                               "" 
 96 2.163287652605e+09 1.281209402631e+07 768 7235 3201 11 6 7 7 1.52153330e-03 6.94993792e-03 outputs/V1e24_D10000_G10/solution/solution-00023 
 97 2.176776981726e+09 1.348932912155e+07 768 7235 3201 11 6 7 7 1.41235643e-03 6.60071973e-03                                               "" 
 98 2.190979978354e+09 1.420299662804e+07 768 7235 3201 11 6 7 7 1.31352456e-03 6.26941731e-03                                               "" 
 99 2.205934655807e+09 1.495467745244e+07 768 7235 3201 10 6 7 7 1.22381535e-03 5.95993623e-03 outputs/V1e24_D10000_G10/solution/solution-00024 
100 2.221680271801e+09 1.574561599422e+07 768 7235 3201 10 6 7 7 1.14212385e-03 5.66633528e-03                                               "" 
