# 1: Time step number
# 2: Time (years)
# 3: Time step size (years)
# 4: Number of mesh cells
# 5: Number of Stokes degrees of freedom
# 6: Number of temperature degrees of freedom
# 7: Iterations for temperature solver
# 8: Iterations for Stokes solver
# 9: Velocity iterations in Stokes preconditioner
# 10: Schur complement iterations in Stokes preconditioner
# 11: RMS velocity (m/year)
# 12: Max. velocity (m/year)
# 13: Visualization file name
  0 0.000000000000e+00 0.000000000000e+00 768 7235 3201  0 8 9 9 2.81118125e-06 5.00137295e-06 outputs/V3.3e24_D10_G14/solution/solution-00000 
  1 1.392571516413e+09 1.392571516413e+09 768 7235 3201 32 8 9 9 3.18792835e-06 5.74467957e-06 outputs/V3.3e24_D10_G14/solution/solution-00001 
  2 2.785143032825e+09 1.392571516413e+09 768 7235 3201 25 8 9 9 4.12070144e-06 7.96984753e-06 outputs/V3.3e24_D10_G14/solution/solution-00002 
  3 4.177714549238e+09 1.392571516413e+09 768 7235 3201 24 8 9 9 6.17220121e-06 1.25413147e-05 outputs/V3.3e24_D10_G14/solution/solution-00003 
  4 5.570286065650e+09 1.392571516413e+09 768 7235 3201 23 8 9 9 1.04926264e-05 2.17993680e-05 outputs/V3.3e24_D10_G14/solution/solution-00004 
  5 6.962857582063e+09 1.392571516413e+09 768 7235 3201 23 8 9 9 1.96242833e-05 4.08949211e-05 outputs/V3.3e24_D10_G14/solution/solution-00005 
  6 8.355429098476e+09 1.392571516413e+09 768 7235 3201 22 8 9 9 3.93641829e-05 8.14221815e-05 outputs/V3.3e24_D10_G14/solution/solution-00006 
  7 9.506615301580e+09 1.151186203104e+09 768 7235 3201 22 8 9 9 7.42104367e-05 1.52255863e-04 outputs/V3.3e24_D10_G14/solution/solution-00007 
  8 1.012235513678e+10 6.157398352011e+08 768 7235 3201 17 8 9 9 1.08982349e-04 2.22840481e-04 outputs/V3.3e24_D10_G14/solution/solution-00008 
  9 1.054311606150e+10 4.207609247176e+08 768 7235 3201 14 7 8 8 1.44879508e-04 2.95823070e-04 outputs/V3.3e24_D10_G14/solution/solution-00009 
 10 1.086019020261e+10 3.170741411091e+08 768 7235 3201 12 7 8 8 1.81650897e-04 3.70654575e-04 outputs/V3.3e24_D10_G14/solution/solution-00010 
 11 1.111312111574e+10 2.529309131373e+08 768 7235 3201 11 7 8 8 2.19101515e-04 4.46903758e-04 outputs/V3.3e24_D10_G14/solution/solution-00011 
 12 1.132286266414e+10 2.097415483974e+08 768 7235 3201 11 6 7 7 2.57158782e-04 5.24500812e-04 outputs/V3.3e24_D10_G14/solution/solution-00012 
 13 1.150170119084e+10 1.788385266959e+08 768 7235 3201 10 6 7 7 2.95785596e-04 6.03002168e-04 outputs/V3.3e24_D10_G14/solution/solution-00013 
 14 1.165717326875e+10 1.554720779098e+08 768 7235 3201 10 6 7 7 3.34879153e-04 6.82114641e-04 outputs/V3.3e24_D10_G14/solution/solution-00014 
 15 1.179471581278e+10 1.375425440349e+08 768 7235 3201 10 6 7 7 3.74422333e-04 7.61241402e-04 outputs/V3.3e24_D10_G14/solution/solution-00015 
 16 1.191781668311e+10 1.231008703232e+08 768 7235 3201  9 6 7 7 4.14268185e-04 8.40886518e-04 outputs/V3.3e24_D10_G14/solution/solution-00016 
 17 1.202934008759e+10 1.115234044815e+08 768 7235 3201  9 6 7 7 4.54355435e-04 9.19667495e-04 outputs/V3.3e24_D10_G14/solution/solution-00017 
 18 1.213128492970e+10 1.019448421142e+08 768 7235 3201  9 6 7 7 4.94540129e-04 9.97963938e-04 outputs/V3.3e24_D10_G14/solution/solution-00018 
 19 1.222522619994e+10 9.394127023387e+07 768 7235 3201  9 6 7 7 5.34668496e-04 1.07454191e-03 outputs/V3.3e24_D10_G14/solution/solution-00019 
 20 1.231248666647e+10 8.726046653449e+07 768 7235 3201  9 6 7 7 5.74604709e-04 1.14981248e-03 outputs/V3.3e24_D10_G14/solution/solution-00020 
 21 1.239408093553e+10 8.159426906025e+07 768 7235 3201  9 6 7 7 6.14172909e-04 1.22243806e-03                                              "" 
 22 1.247077052713e+10 7.668959159658e+07 768 7235 3201  9 6 7 7 6.53148137e-04 1.29197053e-03 outputs/V3.3e24_D10_G14/solution/solution-00021 
 23 1.254328325116e+10 7.251272403602e+07 768 7235 3201  9 6 7 7 6.91347587e-04 1.35965542e-03 outputs/V3.3e24_D10_G14/solution/solution-00022 
 24 1.261222285482e+10 6.893960365705e+07 768 7235 3201  9 6 7 7 7.28577032e-04 1.42374064e-03 outputs/V3.3e24_D10_G14/solution/solution-00023 
 25 1.267809689057e+10 6.587403574601e+07 768 7235 3201  9 6 7 7 7.64634644e-04 1.50137790e-03                                              "" 
 26 1.274060835108e+10 6.251146051711e+07 768 7235 3201  9 6 7 7 7.98917983e-04 1.58403896e-03 outputs/V3.3e24_D10_G14/solution/solution-00024 
 27 1.279984915351e+10 5.924080242658e+07 768 7235 3201  9 6 7 7 8.31092044e-04 1.66169501e-03                                              "" 
 28 1.285630403019e+10 5.645487668482e+07 768 7235 3201  9 6 7 7 8.61100903e-04 1.73410827e-03 outputs/V3.3e24_D10_G14/solution/solution-00025 
 29 1.291038604365e+10 5.408201345505e+07 768 7235 3201 10 6 7 7 8.88903610e-04 1.80111129e-03 outputs/V3.3e24_D10_G14/solution/solution-00026 
 30 1.296244261460e+10 5.205657094960e+07 768 7235 3201 10 6 7 7 9.14469157e-04 1.86258879e-03                                              "" 
 31 1.301276915969e+10 5.032654509553e+07 768 7235 3201 10 6 7 7 9.37777481e-04 1.91847453e-03 outputs/V3.3e24_D10_G14/solution/solution-00027 
 32 1.306161943368e+10 4.885027398472e+07 768 7235 3201 10 6 7 7 9.58820082e-04 1.96874759e-03                                              "" 
 33 1.310921348750e+10 4.759405382351e+07 768 7235 3201 10 6 7 7 9.77600365e-04 2.01342881e-03 outputs/V3.3e24_D10_G14/solution/solution-00028 
 34 1.315574386761e+10 4.653038010999e+07 768 7235 3201 10 6 7 7 9.94133740e-04 2.05257724e-03                                              "" 
 35 1.320138049688e+10 4.563662926509e+07 768 7235 3201 10 6 7 7 1.00844751e-03 2.08635484e-03 outputs/V3.3e24_D10_G14/solution/solution-00029 
 36 1.324627455359e+10 4.489405671193e+07 768 7235 3201 10 6 7 7 1.02058054e-03 2.11516482e-03                                              "" 
 37 1.329056157956e+10 4.428702596887e+07 768 7235 3201 10 6 7 7 1.03058276e-03 2.13873760e-03                                              "" 
 38 1.333436398828e+10 4.380240872029e+07 768 7235 3201 10 6 7 7 1.03851449e-03 2.15725231e-03 outputs/V3.3e24_D10_G14/solution/solution-00030 
 39 1.337779310126e+10 4.342911298353e+07 768 7235 3201 10 6 7 7 1.04444562e-03 2.17091171e-03                                              "" 
 40 1.342095080957e+10 4.315770830864e+07 768 7235 3201 10 6 7 7 1.04845465e-03 2.17993883e-03 outputs/V3.3e24_D10_G14/solution/solution-00031 
 41 1.346393093480e+10 4.298012522407e+07 768 7235 3201 10 6 7 7 1.05062769e-03 2.18457385e-03                                              "" 
 42 1.350682034682e+10 4.288941202465e+07 768 7235 3201 10 6 7 7 1.05105734e-03 2.18507090e-03 outputs/V3.3e24_D10_G14/solution/solution-00032 
 43 1.354969988306e+10 4.287953623695e+07 768 7235 3201 10 6 7 7 1.04984154e-03 2.18169506e-03                                              "" 
 44 1.359264510424e+10 4.294522118617e+07 768 7235 3201 10 6 7 7 1.04708249e-03 2.17471939e-03                                              "" 
 45 1.363572691461e+10 4.308181036574e+07 768 7235 3201 10 6 7 7 1.04288544e-03 2.16442212e-03 outputs/V3.3e24_D10_G14/solution/solution-00033 
 46 1.367901206861e+10 4.328515400581e+07 768 7235 3201 10 6 7 7 1.03735763e-03 2.15108399e-03                                              "" 
 47 1.372256358213e+10 4.355151351216e+07 768 7235 3201 10 6 7 7 1.03060722e-03 2.13498571e-03 outputs/V3.3e24_D10_G14/solution/solution-00034 
 48 1.376644106254e+10 4.387748041650e+07 768 7235 3201  9 6 7 7 1.02274233e-03 2.11640562e-03                                              "" 
 49 1.381070096977e+10 4.425990722449e+07 768 7235 3201  9 6 7 7 1.01387008e-03 2.09561759e-03 outputs/V3.3e24_D10_G14/solution/solution-00035 
 50 1.385539681789e+10 4.469584812694e+07 768 7235 3201  9 6 7 7 1.00409580e-03 2.07317294e-03                                              "" 
 51 1.390057932589e+10 4.518250799544e+07 768 7235 3201  9 6 7 7 9.93522254e-04 2.04909342e-03 outputs/V3.3e24_D10_G14/solution/solution-00036 
 52 1.394629652434e+10 4.571719844527e+07 768 7235 3201  9 6 7 7 9.82248992e-04 2.02359418e-03                                              "" 
 53 1.399259382437e+10 4.629730003803e+07 768 7235 3201  9 6 7 7 9.70371774e-04 1.99691096e-03                                              "" 
 54 1.403951405430e+10 4.692022992877e+07 768 7235 3201  9 6 7 7 9.57982092e-04 1.96926807e-03 outputs/V3.3e24_D10_G14/solution/solution-00037 
 55 1.408709746875e+10 4.758341444959e+07 768 7235 3201  9 6 7 7 9.45166771e-04 1.94087755e-03                                              "" 
 56 1.413538173502e+10 4.828426627042e+07 768 7235 3201  9 6 7 7 9.32007652e-04 1.91193855e-03 outputs/V3.3e24_D10_G14/solution/solution-00038 
 57 1.418440190092e+10 4.902016589358e+07 768 7235 3201  9 6 7 7 9.18581357e-04 1.88263685e-03                                              "" 
 58 1.423419034824e+10 4.978844732530e+07 768 7235 3201  9 6 7 7 9.04959125e-04 1.85314462e-03 outputs/V3.3e24_D10_G14/solution/solution-00039 
 59 1.428477673607e+10 5.058638782736e+07 768 7235 3201  9 6 7 7 8.91206714e-04 1.82362022e-03                                              "" 
 60 1.433618793775e+10 5.141120168531e+07 768 7235 3201  9 6 7 7 8.77384375e-04 1.79420830e-03 outputs/V3.3e24_D10_G14/solution/solution-00040 
 61 1.438844797569e+10 5.226003794082e+07 768 7235 3201  9 6 7 7 8.63546875e-04 1.76503990e-03                                              "" 
 62 1.444157795772e+10 5.312998202213e+07 768 7235 3201  9 6 7 7 8.49743579e-04 1.73623269e-03 outputs/V3.3e24_D10_G14/solution/solution-00041 
 63 1.449559601889e+10 5.401806117461e+07 768 7235 3201  9 6 7 7 8.36018577e-04 1.70789136e-03                                              "" 
 64 1.455051727243e+10 5.492125354224e+07 768 7235 3201  9 6 7 7 8.22410857e-04 1.68010803e-03 outputs/V3.3e24_D10_G14/solution/solution-00042 
 65 1.460635377312e+10 5.583650068625e+07 768 7235 3201  9 6 7 7 8.08954510e-04 1.65296273e-03 outputs/V3.3e24_D10_G14/solution/solution-00043 
 66 1.466311449637e+10 5.676072325284e+07 768 7235 3201  9 6 7 7 7.95678974e-04 1.62652398e-03                                              "" 
 67 1.472080533580e+10 5.769083942220e+07 768 7235 3201  9 6 7 7 7.82609301e-04 1.60084937e-03 outputs/V3.3e24_D10_G14/solution/solution-00044 
 68 1.477942912149e+10 5.862378569272e+07 768 7235 3201  9 6 7 7 7.69766440e-04 1.57598620e-03                                              "" 
 69 1.483897595839e+10 5.954683690302e+07 768 7235 3201  8 6 7 7 7.57169565e-04 1.55197592e-03 outputs/V3.3e24_D10_G14/solution/solution-00045 
 70 1.489943390577e+10 6.045794737833e+07 768 7235 3201  8 6 7 7 7.44833895e-04 1.52884985e-03                                              "" 
 71 1.496079606644e+10 6.136216066749e+07 768 7235 3201  8 6 7 7 7.32769714e-04 1.50662756e-03 outputs/V3.3e24_D10_G14/solution/solution-00046 
 72 1.502305285319e+10 6.225678675802e+07 768 7235 3201  8 6 7 7 7.20984458e-04 1.48532092e-03 outputs/V3.3e24_D10_G14/solution/solution-00047 
 73 1.508619213909e+10 6.313928589707e+07 768 7235 3201  8 6 7 7 7.09483034e-04 1.46493485e-03                                              "" 
 74 1.515019942884e+10 6.400728974990e+07 768 7235 3201  8 6 7 7 6.98268138e-04 1.44546792e-03 outputs/V3.3e24_D10_G14/solution/solution-00048 
 75 1.521505804913e+10 6.485862028412e+07 768 7235 3201  8 6 7 7 6.87340560e-04 1.42712949e-03 outputs/V3.3e24_D10_G14/solution/solution-00049 
 76 1.528074935507e+10 6.569130594870e+07 768 7235 3201  8 5 6 6 6.76699470e-04 1.40969823e-03                                              "" 
 77 1.534725295004e+10 6.650359496435e+07 768 7235 3201  8 5 6 6 6.66342689e-04 1.39314128e-03 outputs/V3.3e24_D10_G14/solution/solution-00050 
 78 1.541454691446e+10 6.729396441673e+07 768 7235 3201  8 5 6 6 6.56266930e-04 1.37743824e-03 outputs/V3.3e24_D10_G14/solution/solution-00051 
 79 1.548260804206e+10 6.806112760230e+07 768 7235 3201  8 5 6 6 6.46468026e-04 1.36256541e-03                                              "" 
 80 1.555141207819e+10 6.880403612980e+07 768 7235 3201  8 5 6 6 6.36941132e-04 1.34849634e-03 outputs/V3.3e24_D10_G14/solution/solution-00052 
 81 1.562093395760e+10 6.952187941521e+07 768 7235 3201  8 5 6 6 6.27680896e-04 1.33520227e-03 outputs/V3.3e24_D10_G14/solution/solution-00053 
 82 1.569114803830e+10 7.021408070119e+07 768 7235 3201  8 5 6 6 6.18681616e-04 1.32265260e-03                                              "" 
 83 1.576202832832e+10 7.088029001439e+07 768 7235 3201  8 5 6 6 6.09937368e-04 1.31081529e-03 outputs/V3.3e24_D10_G14/solution/solution-00054 
 84 1.583354870269e+10 7.152037437227e+07 768 7235 3201  8 5 6 6 6.01442116e-04 1.29965721e-03 outputs/V3.3e24_D10_G14/solution/solution-00055 
 85 1.590568310829e+10 7.213440560409e+07 768 7235 3201  8 5 6 6 5.93189795e-04 1.28914451e-03 outputs/V3.3e24_D10_G14/solution/solution-00056 
 86 1.597840575448e+10 7.272264618735e+07 768 7235 3201  8 5 6 6 5.85174387e-04 1.27924292e-03                                              "" 
 87 1.605169128800e+10 7.328553352110e+07 768 7235 3201  8 5 6 6 5.77389965e-04 1.26991802e-03 outputs/V3.3e24_D10_G14/solution/solution-00057 
 88 1.612551495106e+10 7.382366306181e+07 768 7235 3201  8 5 6 6 5.69830736e-04 1.26113548e-03 outputs/V3.3e24_D10_G14/solution/solution-00058 
 89 1.619985272180e+10 7.433777073819e+07 768 7235 3201  8 5 6 6 5.62491063e-04 1.25286128e-03                                              "" 
 90 1.627468143684e+10 7.482871503968e+07 768 7235 3201  8 5 6 6 5.55365476e-04 1.24506193e-03 outputs/V3.3e24_D10_G14/solution/solution-00059 
 91 1.634997889598e+10 7.529745914204e+07 768 7235 3201  8 5 6 6 5.48448676e-04 1.23770459e-03 outputs/V3.3e24_D10_G14/solution/solution-00060 
 92 1.642572394938e+10 7.574505339401e+07 768 7235 3201  7 5 6 6 5.41735527e-04 1.23075722e-03 outputs/V3.3e24_D10_G14/solution/solution-00061 
 93 1.650189656782e+10 7.617261844444e+07 768 7235 3201  7 5 6 6 5.35221048e-04 1.22418873e-03 outputs/V3.3e24_D10_G14/solution/solution-00062 
 94 1.657847789706e+10 7.658132924142e+07 768 7235 3201  7 5 6 6 5.28900395e-04 1.21796904e-03                                              "" 
 95 1.665545029715e+10 7.697240008554e+07 768 7235 3201  7 5 6 6 5.22768840e-04 1.21206917e-03 outputs/V3.3e24_D10_G14/solution/solution-00063 
 96 1.673279736802e+10 7.734707087083e+07 768 7235 3201  7 5 6 6 5.16821750e-04 1.20646131e-03 outputs/V3.3e24_D10_G14/solution/solution-00064 
 97 1.681050396262e+10 7.770659460029e+07 768 7235 3201  7 5 6 6 5.11054563e-04 1.20111885e-03 outputs/V3.3e24_D10_G14/solution/solution-00065 
 98 1.688855618884e+10 7.805222622004e+07 768 7235 3201  7 5 6 6 5.05462767e-04 1.19601640e-03                                              "" 
 99 1.696694140162e+10 7.838521277729e+07 768 7235 3201  7 5 6 6 5.00041879e-04 1.19112984e-03 outputs/V3.3e24_D10_G14/solution/solution-00066 
100 1.704564818649e+10 7.870678487439e+07 768 7235 3201  7 5 6 6 4.94787426e-04 1.18643629e-03 outputs/V3.3e24_D10_G14/solution/solution-00067 
