# 1: Time step number
# 2: Time (years)
# 3: Time step size (years)
# 4: Number of mesh cells
# 5: Number of Stokes degrees of freedom
# 6: Number of temperature degrees of freedom
# 7: Iterations for temperature solver
# 8: Iterations for Stokes solver
# 9: Velocity iterations in Stokes preconditioner
# 10: Schur complement iterations in Stokes preconditioner
# 11: RMS velocity (m/year)
# 12: Max. velocity (m/year)
# 13: Visualization file name
  0 0.000000000000e+00 0.000000000000e+00 768 7235 3201  0 8 9 9 1.62729641e-08 3.42856032e-08 outputs/V3.3e26_D3000_G8/solution/solution-00000 
  1 1.392571516413e+09 1.392571516413e+09 768 7235 3201 32 8 9 9 1.55656093e-08 2.78217568e-08 outputs/V3.3e26_D3000_G8/solution/solution-00001 
  2 2.785143032825e+09 1.392571516413e+09 768 7235 3201 25 8 9 9 1.50050522e-08 2.53330433e-08 outputs/V3.3e26_D3000_G8/solution/solution-00002 
  3 4.177714549238e+09 1.392571516413e+09 768 7235 3201 24 8 9 9 1.44849301e-08 2.44844101e-08 outputs/V3.3e26_D3000_G8/solution/solution-00003 
  4 5.570286065650e+09 1.392571516413e+09 768 7235 3201 23 8 9 9 1.39626804e-08 2.36307449e-08 outputs/V3.3e26_D3000_G8/solution/solution-00004 
  5 6.962857582063e+09 1.392571516413e+09 768 7235 3201 23 8 9 9 1.34418329e-08 2.27775769e-08 outputs/V3.3e26_D3000_G8/solution/solution-00005 
  6 8.355429098476e+09 1.392571516413e+09 768 7235 3201 22 8 9 9 1.29254950e-08 2.19296720e-08 outputs/V3.3e26_D3000_G8/solution/solution-00006 
  7 9.748000614888e+09 1.392571516413e+09 768 7235 3201 22 8 9 9 1.24165700e-08 2.10911464e-08 outputs/V3.3e26_D3000_G8/solution/solution-00007 
  8 1.114057213130e+10 1.392571516413e+09 768 7235 3201 21 8 9 9 1.19174272e-08 2.02655179e-08 outputs/V3.3e26_D3000_G8/solution/solution-00008 
  9 1.253314364771e+10 1.392571516413e+09 768 7235 3201 21 8 9 9 1.14299035e-08 1.94557452e-08 outputs/V3.3e26_D3000_G8/solution/solution-00009 
 10 1.392571516413e+10 1.392571516413e+09 768 7235 3201 21 8 9 9 1.09553763e-08 1.86642660e-08 outputs/V3.3e26_D3000_G8/solution/solution-00010 
 11 1.531828668054e+10 1.392571516413e+09 768 7235 3201 20 8 9 9 1.04948396e-08 1.78930374e-08 outputs/V3.3e26_D3000_G8/solution/solution-00011 
 12 1.671085819695e+10 1.392571516413e+09 768 7235 3201 20 8 9 9 1.00489718e-08 1.71435794e-08 outputs/V3.3e26_D3000_G8/solution/solution-00012 
 13 1.810342971336e+10 1.392571516413e+09 768 7235 3201 20 8 9 9 9.61819427e-09 1.64170197e-08 outputs/V3.3e26_D3000_G8/solution/solution-00013 
 14 1.949600122978e+10 1.392571516413e+09 768 7235 3201 20 8 9 9 9.20272068e-09 1.57141397e-08 outputs/V3.3e26_D3000_G8/solution/solution-00014 
 15 2.088857274619e+10 1.392571516413e+09 768 7235 3201 20 8 9 9 8.80259838e-09 1.50354197e-08 outputs/V3.3e26_D3000_G8/solution/solution-00015 
 16 2.228114426260e+10 1.392571516413e+09 768 7235 3201 20 8 9 9 8.41774268e-09 1.43810826e-08 outputs/V3.3e26_D3000_G8/solution/solution-00016 
 17 2.367371577901e+10 1.392571516413e+09 768 7235 3201 20 8 9 9 8.04796522e-09 1.37511347e-08 outputs/V3.3e26_D3000_G8/solution/solution-00017 
 18 2.506628729543e+10 1.392571516413e+09 768 7235 3201 20 8 9 9 7.69299733e-09 1.31454032e-08 outputs/V3.3e26_D3000_G8/solution/solution-00018 
 19 2.645885881184e+10 1.392571516413e+09 768 7235 3201 19 8 9 9 7.35250921e-09 1.25635697e-08 outputs/V3.3e26_D3000_G8/solution/solution-00019 
 20 2.785143032825e+10 1.392571516413e+09 768 7235 3201 19 8 9 9 7.02612556e-09 1.20051996e-08 outputs/V3.3e26_D3000_G8/solution/solution-00020 
 21 2.924400184466e+10 1.392571516413e+09 768 7235 3201 19 8 9 9 6.71343828e-09 1.14697674e-08 outputs/V3.3e26_D3000_G8/solution/solution-00021 
 22 3.063657336108e+10 1.392571516413e+09 768 7235 3201 19 8 9 9 6.41401678e-09 1.09566784e-08 outputs/V3.3e26_D3000_G8/solution/solution-00022 
 23 3.202914487749e+10 1.392571516413e+09 768 7235 3201 19 8 9 9 6.12741625e-09 1.04652872e-08 outputs/V3.3e26_D3000_G8/solution/solution-00023 
 24 3.342171639390e+10 1.392571516413e+09 768 7235 3201 19 8 9 9 5.85318430e-09 9.99491227e-09 outputs/V3.3e26_D3000_G8/solution/solution-00024 
 25 3.481428791032e+10 1.392571516413e+09 768 7235 3201 19 8 9 9 5.59086627e-09 9.54484931e-09 outputs/V3.3e26_D3000_G8/solution/solution-00025 
 26 3.620685942673e+10 1.392571516413e+09 768 7235 3201 19 8 9 9 5.34000935e-09 9.11438084e-09 outputs/V3.3e26_D3000_G8/solution/solution-00026 
 27 3.759943094314e+10 1.392571516413e+09 768 7235 3201 19 8 9 9 5.10016588e-09 8.70278481e-09 outputs/V3.3e26_D3000_G8/solution/solution-00027 
 28 3.899200245955e+10 1.392571516413e+09 768 7235 3201 19 8 9 9 4.87089583e-09 8.30934117e-09 outputs/V3.3e26_D3000_G8/solution/solution-00028 
 29 4.038457397597e+10 1.392571516413e+09 768 7235 3201 19 8 9 9 4.65176874e-09 7.93333719e-09 outputs/V3.3e26_D3000_G8/solution/solution-00029 
 30 4.177714549238e+10 1.392571516413e+09 768 7235 3201 19 8 9 9 4.44236512e-09 7.57407159e-09 outputs/V3.3e26_D3000_G8/solution/solution-00030 
 31 4.316971700879e+10 1.392571516413e+09 768 7235 3201 19 8 9 9 4.24227748e-09 7.23085773e-09 outputs/V3.3e26_D3000_G8/solution/solution-00031 
 32 4.456228852520e+10 1.392571516413e+09 768 7235 3201 19 8 9 9 4.05111105e-09 6.90302602e-09 outputs/V3.3e26_D3000_G8/solution/solution-00032 
 33 4.595486004162e+10 1.392571516413e+09 768 7235 3201 19 8 9 9 3.86848420e-09 6.58992570e-09 outputs/V3.3e26_D3000_G8/solution/solution-00033 
 34 4.734743155803e+10 1.392571516413e+09 768 7235 3201 18 8 9 9 3.69402870e-09 6.29092605e-09 outputs/V3.3e26_D3000_G8/solution/solution-00034 
 35 4.874000307444e+10 1.392571516413e+09 768 7235 3201 18 8 9 9 3.52738983e-09 6.00541729e-09 outputs/V3.3e26_D3000_G8/solution/solution-00035 
 36 5.013257459085e+10 1.392571516413e+09 768 7235 3201 18 8 9 9 3.36822630e-09 5.73281098e-09 outputs/V3.3e26_D3000_G8/solution/solution-00036 
 37 5.152514610727e+10 1.392571516413e+09 768 7235 3201 18 8 9 9 3.21621010e-09 5.47254029e-09 outputs/V3.3e26_D3000_G8/solution/solution-00037 
 38 5.291771762368e+10 1.392571516413e+09 768 7235 3201 18 8 9 9 3.07102633e-09 5.22405994e-09 outputs/V3.3e26_D3000_G8/solution/solution-00038 
 39 5.431028914009e+10 1.392571516413e+09 768 7235 3201 18 8 9 9 2.93237286e-09 4.98684605e-09 outputs/V3.3e26_D3000_G8/solution/solution-00039 
 40 5.570286065650e+10 1.392571516413e+09 768 7235 3201 18 8 9 9 2.79996005e-09 4.76039580e-09 outputs/V3.3e26_D3000_G8/solution/solution-00040 
 41 5.709543217292e+10 1.392571516413e+09 768 7235 3201 18 8 9 9 2.67351038e-09 4.54422701e-09 outputs/V3.3e26_D3000_G8/solution/solution-00041 
 42 5.848800368933e+10 1.392571516413e+09 768 7235 3201 18 8 9 9 2.55275807e-09 4.33787767e-09 outputs/V3.3e26_D3000_G8/solution/solution-00042 
 43 5.988057520574e+10 1.392571516413e+09 768 7235 3201 18 8 9 9 2.43744870e-09 4.14090534e-09 outputs/V3.3e26_D3000_G8/solution/solution-00043 
 44 6.127314672215e+10 1.392571516413e+09 768 7235 3201 18 8 9 9 2.32733882e-09 3.95288657e-09 outputs/V3.3e26_D3000_G8/solution/solution-00044 
 45 6.266571823857e+10 1.392571516413e+09 768 7235 3201 18 8 9 9 2.22219552e-09 3.77341628e-09 outputs/V3.3e26_D3000_G8/solution/solution-00045 
 46 6.405828975498e+10 1.392571516413e+09 768 7235 3201 18 8 9 9 2.12179607e-09 3.60210711e-09 outputs/V3.3e26_D3000_G8/solution/solution-00046 
 47 6.545086127139e+10 1.392571516413e+09 768 7235 3201 18 8 9 9 2.02592750e-09 3.43858877e-09 outputs/V3.3e26_D3000_G8/solution/solution-00047 
 48 6.684343278781e+10 1.392571516413e+09 768 7235 3201 18 8 9 9 1.93438620e-09 3.28250741e-09 outputs/V3.3e26_D3000_G8/solution/solution-00048 
 49 6.823600430422e+10 1.392571516413e+09 768 7235 3201 18 8 9 9 1.84697759e-09 3.13352494e-09 outputs/V3.3e26_D3000_G8/solution/solution-00049 
 50 6.962857582063e+10 1.392571516413e+09 768 7235 3201 18 8 9 9 1.76351569e-09 2.99131841e-09 outputs/V3.3e26_D3000_G8/solution/solution-00050 
 51 7.102114733704e+10 1.392571516413e+09 768 7235 3201 18 8 9 9 1.68382279e-09 2.85557941e-09 outputs/V3.3e26_D3000_G8/solution/solution-00051 
 52 7.241371885346e+10 1.392571516413e+09 768 7235 3201 18 8 9 9 1.60772911e-09 2.72601341e-09 outputs/V3.3e26_D3000_G8/solution/solution-00052 
 53 7.380629036987e+10 1.392571516413e+09 768 7235 3201 18 8 9 9 1.53507243e-09 2.60233922e-09 outputs/V3.3e26_D3000_G8/solution/solution-00053 
 54 7.519886188628e+10 1.392571516413e+09 768 7235 3201 18 8 9 9 1.46569781e-09 2.48428839e-09 outputs/V3.3e26_D3000_G8/solution/solution-00054 
 55 7.659143340269e+10 1.392571516413e+09 768 7235 3201 18 8 9 9 1.39945721e-09 2.37160465e-09 outputs/V3.3e26_D3000_G8/solution/solution-00055 
 56 7.798400491911e+10 1.392571516413e+09 768 7235 3201 18 8 9 9 1.33620926e-09 2.26404340e-09 outputs/V3.3e26_D3000_G8/solution/solution-00056 
 57 7.937657643552e+10 1.392571516413e+09 768 7235 3201 18 8 9 9 1.27581891e-09 2.16137115e-09 outputs/V3.3e26_D3000_G8/solution/solution-00057 
 58 8.076914795193e+10 1.392571516413e+09 768 7235 3201 18 8 9 9 1.21815720e-09 2.06336508e-09 outputs/V3.3e26_D3000_G8/solution/solution-00058 
 59 8.216171946834e+10 1.392571516413e+09 768 7235 3201 18 8 9 9 1.16310096e-09 1.96981252e-09 outputs/V3.3e26_D3000_G8/solution/solution-00059 
 60 8.355429098476e+10 1.392571516413e+09 768 7235 3201 18 8 9 9 1.11053254e-09 1.88051050e-09 outputs/V3.3e26_D3000_G8/solution/solution-00060 
 61 8.494686250117e+10 1.392571516413e+09 768 7235 3201 17 8 9 9 1.06033961e-09 1.79526533e-09 outputs/V3.3e26_D3000_G8/solution/solution-00061 
 62 8.633943401758e+10 1.392571516413e+09 768 7235 3201 17 8 9 9 1.01241489e-09 1.71389217e-09 outputs/V3.3e26_D3000_G8/solution/solution-00062 
 63 8.773200553399e+10 1.392571516413e+09 768 7235 3201 17 8 9 9 9.66655950e-10 1.63621461e-09 outputs/V3.3e26_D3000_G8/solution/solution-00063 
 64 8.912457705041e+10 1.392571516413e+09 768 7235 3201 17 8 9 9 9.22964953e-10 1.56206433e-09 outputs/V3.3e26_D3000_G8/solution/solution-00064 
 65 9.051714856682e+10 1.392571516413e+09 768 7235 3201 17 8 9 9 8.81248487e-10 1.49128068e-09 outputs/V3.3e26_D3000_G8/solution/solution-00065 
 66 9.190972008323e+10 1.392571516413e+09 768 7235 3201 17 8 9 9 8.41417351e-10 1.42371035e-09 outputs/V3.3e26_D3000_G8/solution/solution-00066 
 67 9.330229159964e+10 1.392571516413e+09 768 7235 3201 17 8 9 9 8.03386368e-10 1.35920706e-09 outputs/V3.3e26_D3000_G8/solution/solution-00067 
 68 9.469486311606e+10 1.392571516413e+09 768 7235 3201 17 8 9 9 7.67074205e-10 1.29763120e-09 outputs/V3.3e26_D3000_G8/solution/solution-00068 
 69 9.608743463247e+10 1.392571516413e+09 768 7235 3201 17 8 9 9 7.32403200e-10 1.23884954e-09 outputs/V3.3e26_D3000_G8/solution/solution-00069 
 70 9.748000614888e+10 1.392571516413e+09 768 7235 3201 17 8 9 9 6.99299198e-10 1.18273493e-09 outputs/V3.3e26_D3000_G8/solution/solution-00070 
 71 9.887257766530e+10 1.392571516413e+09 768 7235 3201 17 8 9 9 6.67691389e-10 1.12916606e-09 outputs/V3.3e26_D3000_G8/solution/solution-00071 
 72 1.002651491817e+11 1.392571516413e+09 768 7235 3201 17 8 9 9 6.37512164e-10 1.07802711e-09 outputs/V3.3e26_D3000_G8/solution/solution-00072 
 73 1.016577206981e+11 1.392571516413e+09 768 7235 3201 17 8 9 9 6.08696965e-10 1.02920760e-09 outputs/V3.3e26_D3000_G8/solution/solution-00073 
 74 1.030502922145e+11 1.392571516413e+09 768 7235 3201 17 8 9 9 5.81184151e-10 9.82602063e-10 outputs/V3.3e26_D3000_G8/solution/solution-00074 
 75 1.044428637309e+11 1.392571516413e+09 768 7235 3201 17 8 9 9 5.54914864e-10 9.38109854e-10 outputs/V3.3e26_D3000_G8/solution/solution-00075 
 76 1.058354352474e+11 1.392571516413e+09 768 7235 3201 17 8 9 9 5.29832905e-10 8.95634920e-10 outputs/V3.3e26_D3000_G8/solution/solution-00076 
 77 1.072280067638e+11 1.392571516413e+09 768 7235 3201 17 8 9 9 5.05884616e-10 8.55085590e-10 outputs/V3.3e26_D3000_G8/solution/solution-00077 
 78 1.086205782802e+11 1.392571516413e+09 768 7235 3201 17 8 9 9 4.83018760e-10 8.16374379e-10 outputs/V3.3e26_D3000_G8/solution/solution-00078 
 79 1.100131497966e+11 1.392571516413e+09 768 7235 3201 17 8 9 9 4.61186417e-10 7.79417783e-10 outputs/V3.3e26_D3000_G8/solution/solution-00079 
 80 1.114057213130e+11 1.392571516413e+09 768 7235 3201 17 8 9 9 4.40340876e-10 7.44136110e-10 outputs/V3.3e26_D3000_G8/solution/solution-00080 
 81 1.127982928294e+11 1.392571516413e+09 768 7235 3201 17 8 9 9 4.20437539e-10 7.10453298e-10 outputs/V3.3e26_D3000_G8/solution/solution-00081 
 82 1.141908643458e+11 1.392571516413e+09 768 7235 3201 17 8 9 9 4.01433820e-10 6.78296754e-10 outputs/V3.3e26_D3000_G8/solution/solution-00082 
 83 1.155834358622e+11 1.392571516413e+09 768 7235 3201 17 8 9 9 3.83289060e-10 6.47597185e-10 outputs/V3.3e26_D3000_G8/solution/solution-00083 
 84 1.169760073787e+11 1.392571516413e+09 768 7235 3201 17 8 9 9 3.65964436e-10 6.18288461e-10 outputs/V3.3e26_D3000_G8/solution/solution-00084 
 85 1.183685788951e+11 1.392571516413e+09 768 7235 3201 17 8 9 9 3.49422879e-10 5.90307457e-10 outputs/V3.3e26_D3000_G8/solution/solution-00085 
 86 1.197611504115e+11 1.392571516413e+09 768 7235 3201 17 8 9 9 3.33628997e-10 5.63593926e-10 outputs/V3.3e26_D3000_G8/solution/solution-00086 
 87 1.211537219279e+11 1.392571516413e+09 768 7235 3201 17 8 9 9 3.18548996e-10 5.38090361e-10 outputs/V3.3e26_D3000_G8/solution/solution-00087 
 88 1.225462934443e+11 1.392571516413e+09 768 7235 3201 17 8 9 9 3.04150610e-10 5.13741870e-10 outputs/V3.3e26_D3000_G8/solution/solution-00088 
 89 1.239388649607e+11 1.392571516413e+09 768 7235 3201 16 8 9 9 2.90403026e-10 4.90496052e-10 outputs/V3.3e26_D3000_G8/solution/solution-00089 
 90 1.253314364771e+11 1.392571516413e+09 768 7235 3201 16 8 9 9 2.77276832e-10 4.68302903e-10 outputs/V3.3e26_D3000_G8/solution/solution-00090 
 91 1.267240079935e+11 1.392571516413e+09 768 7235 3201 16 8 9 9 2.64743943e-10 4.47114686e-10 outputs/V3.3e26_D3000_G8/solution/solution-00091 
 92 1.281165795100e+11 1.392571516413e+09 768 7235 3201 16 8 9 9 2.52777541e-10 4.26885838e-10 outputs/V3.3e26_D3000_G8/solution/solution-00092 
 93 1.295091510264e+11 1.392571516413e+09 768 7235 3201 16 8 9 9 2.41352023e-10 4.07572861e-10 outputs/V3.3e26_D3000_G8/solution/solution-00093 
 94 1.309017225428e+11 1.392571516413e+09 768 7235 3201 16 8 9 9 2.30442939e-10 3.89134236e-10 outputs/V3.3e26_D3000_G8/solution/solution-00094 
 95 1.322942940592e+11 1.392571516413e+09 768 7235 3201 16 8 9 9 2.20026949e-10 3.71530331e-10 outputs/V3.3e26_D3000_G8/solution/solution-00095 
 96 1.336868655756e+11 1.392571516413e+09 768 7235 3201 16 8 9 9 2.10081763e-10 3.54723314e-10 outputs/V3.3e26_D3000_G8/solution/solution-00096 
 97 1.350794370920e+11 1.392571516413e+09 768 7235 3201 16 8 9 9 2.00586102e-10 3.38677068e-10 outputs/V3.3e26_D3000_G8/solution/solution-00097 
 98 1.364720086084e+11 1.392571516413e+09 768 7235 3201 16 8 9 9 1.91519647e-10 3.23357122e-10 outputs/V3.3e26_D3000_G8/solution/solution-00098 
 99 1.378645801248e+11 1.392571516413e+09 768 7235 3201 16 8 9 9 1.82862999e-10 3.08730565e-10 outputs/V3.3e26_D3000_G8/solution/solution-00099 
100 1.392571516413e+11 1.392571516413e+09 768 7235 3201 16 8 9 9 1.74597632e-10 2.94765981e-10 outputs/V3.3e26_D3000_G8/solution/solution-00100 
