# 1: Time step number
# 2: Time (years)
# 3: Time step size (years)
# 4: Number of mesh cells
# 5: Number of Stokes degrees of freedom
# 6: Number of temperature degrees of freedom
# 7: Iterations for temperature solver
# 8: Iterations for Stokes solver
# 9: Velocity iterations in Stokes preconditioner
# 10: Schur complement iterations in Stokes preconditioner
# 11: RMS velocity (m/year)
# 12: Max. velocity (m/year)
# 13: Visualization file name
  0 0.000000000000e+00 0.000000000000e+00 768 7235 3201  0 8 9 9 2.80519846e-08 4.82043340e-08 outputs/V3.3e26_D300_G14/solution/solution-00000 
  1 1.392571516413e+09 1.392571516413e+09 768 7235 3201 31 8 9 9 2.67127077e-08 4.50717797e-08 outputs/V3.3e26_D300_G14/solution/solution-00001 
  2 2.785143032825e+09 1.392571516413e+09 768 7235 3201 25 8 9 9 2.54635114e-08 4.30163566e-08 outputs/V3.3e26_D300_G14/solution/solution-00002 
  3 4.177714549238e+09 1.392571516413e+09 768 7235 3201 24 8 9 9 2.42972750e-08 4.10849997e-08 outputs/V3.3e26_D300_G14/solution/solution-00003 
  4 5.570286065650e+09 1.392571516413e+09 768 7235 3201 23 8 9 9 2.32032703e-08 3.92730057e-08 outputs/V3.3e26_D300_G14/solution/solution-00004 
  5 6.962857582063e+09 1.392571516413e+09 768 7235 3201 22 8 9 9 2.21760434e-08 3.75689508e-08 outputs/V3.3e26_D300_G14/solution/solution-00005 
  6 8.355429098476e+09 1.392571516413e+09 768 7235 3201 22 8 9 9 2.12093155e-08 3.59614020e-08 outputs/V3.3e26_D300_G14/solution/solution-00006 
  7 9.748000614888e+09 1.392571516413e+09 768 7235 3201 21 8 9 9 2.02972831e-08 3.44404918e-08 outputs/V3.3e26_D300_G14/solution/solution-00007 
  8 1.114057213130e+10 1.392571516413e+09 768 7235 3201 21 8 9 9 1.94348407e-08 3.29980030e-08 outputs/V3.3e26_D300_G14/solution/solution-00008 
  9 1.253314364771e+10 1.392571516413e+09 768 7235 3201 20 8 9 9 1.86175715e-08 3.16271047e-08 outputs/V3.3e26_D300_G14/solution/solution-00009 
 10 1.392571516413e+10 1.392571516413e+09 768 7235 3201 20 8 9 9 1.78416679e-08 3.03220624e-08 outputs/V3.3e26_D300_G14/solution/solution-00010 
 11 1.531828668054e+10 1.392571516413e+09 768 7235 3201 20 8 9 9 1.71038390e-08 2.90779993e-08 outputs/V3.3e26_D300_G14/solution/solution-00011 
 12 1.671085819695e+10 1.392571516413e+09 768 7235 3201 20 8 9 9 1.64012270e-08 2.78907138e-08 outputs/V3.3e26_D300_G14/solution/solution-00012 
 13 1.810342971336e+10 1.392571516413e+09 768 7235 3201 20 8 9 9 1.57313346e-08 2.67565408e-08 outputs/V3.3e26_D300_G14/solution/solution-00013 
 14 1.949600122978e+10 1.392571516413e+09 768 7235 3201 19 8 9 9 1.50919655e-08 2.56722477e-08 outputs/V3.3e26_D300_G14/solution/solution-00014 
 15 2.088857274619e+10 1.392571516413e+09 768 7235 3201 19 8 9 9 1.44811752e-08 2.46349544e-08 outputs/V3.3e26_D300_G14/solution/solution-00015 
 16 2.228114426260e+10 1.392571516413e+09 768 7235 3201 19 8 9 9 1.38972306e-08 2.36420717e-08 outputs/V3.3e26_D300_G14/solution/solution-00016 
 17 2.367371577901e+10 1.392571516413e+09 768 7235 3201 19 8 9 9 1.33385768e-08 2.26912529e-08 outputs/V3.3e26_D300_G14/solution/solution-00017 
 18 2.506628729543e+10 1.392571516413e+09 768 7235 3201 19 8 9 9 1.28038104e-08 2.17803558e-08 outputs/V3.3e26_D300_G14/solution/solution-00018 
 19 2.645885881184e+10 1.392571516413e+09 768 7235 3201 19 8 9 9 1.22916564e-08 2.09074124e-08 outputs/V3.3e26_D300_G14/solution/solution-00019 
 20 2.785143032825e+10 1.392571516413e+09 768 7235 3201 19 8 9 9 1.18009506e-08 2.00706041e-08 outputs/V3.3e26_D300_G14/solution/solution-00020 
 21 2.924400184466e+10 1.392571516413e+09 768 7235 3201 19 8 9 9 1.13306235e-08 1.92682419e-08 outputs/V3.3e26_D300_G14/solution/solution-00021 
 22 3.063657336108e+10 1.392571516413e+09 768 7235 3201 18 8 9 9 1.08796881e-08 1.84987503e-08 outputs/V3.3e26_D300_G14/solution/solution-00022 
 23 3.202914487749e+10 1.392571516413e+09 768 7235 3201 18 8 9 9 1.04472295e-08 1.77606539e-08 outputs/V3.3e26_D300_G14/solution/solution-00023 
 24 3.342171639390e+10 1.392571516413e+09 768 7235 3201 18 8 9 9 1.00323957e-08 1.70525663e-08 outputs/V3.3e26_D300_G14/solution/solution-00024 
 25 3.481428791032e+10 1.392571516413e+09 768 7235 3201 18 8 9 9 9.63439049e-09 1.63731808e-08 outputs/V3.3e26_D300_G14/solution/solution-00025 
 26 3.620685942673e+10 1.392571516413e+09 768 7235 3201 18 8 9 9 9.25246722e-09 1.57212625e-08 outputs/V3.3e26_D300_G14/solution/solution-00026 
 27 3.759943094314e+10 1.392571516413e+09 768 7235 3201 18 8 9 9 8.88592356e-09 1.50956421e-08 outputs/V3.3e26_D300_G14/solution/solution-00027 
 28 3.899200245955e+10 1.392571516413e+09 768 7235 3201 18 8 9 9 8.53409710e-09 1.44952101e-08 outputs/V3.3e26_D300_G14/solution/solution-00028 
 29 4.038457397597e+10 1.392571516413e+09 768 7235 3201 18 8 9 9 8.19636153e-09 1.39189118e-08 outputs/V3.3e26_D300_G14/solution/solution-00029 
 30 4.177714549238e+10 1.392571516413e+09 768 7235 3201 18 8 9 9 7.87212350e-09 1.33657437e-08 outputs/V3.3e26_D300_G14/solution/solution-00030 
 31 4.316971700879e+10 1.392571516413e+09 768 7235 3201 18 8 9 9 7.56081977e-09 1.28347490e-08 outputs/V3.3e26_D300_G14/solution/solution-00031 
 32 4.456228852520e+10 1.392571516413e+09 768 7235 3201 18 8 9 9 7.26191483e-09 1.23250154e-08 outputs/V3.3e26_D300_G14/solution/solution-00032 
 33 4.595486004162e+10 1.392571516413e+09 768 7235 3201 18 8 9 9 6.97489886e-09 1.18356715e-08 outputs/V3.3e26_D300_G14/solution/solution-00033 
 34 4.734743155803e+10 1.392571516413e+09 768 7235 3201 18 8 9 9 6.69928583e-09 1.13658849e-08 outputs/V3.3e26_D300_G14/solution/solution-00034 
 35 4.874000307444e+10 1.392571516413e+09 768 7235 3201 18 8 9 9 6.43461195e-09 1.09148596e-08 outputs/V3.3e26_D300_G14/solution/solution-00035 
 36 5.013257459085e+10 1.392571516413e+09 768 7235 3201 18 8 9 9 6.18043423e-09 1.04818338e-08 outputs/V3.3e26_D300_G14/solution/solution-00036 
 37 5.152514610727e+10 1.392571516413e+09 768 7235 3201 18 8 9 9 5.93632920e-09 1.00660787e-08 outputs/V3.3e26_D300_G14/solution/solution-00037 
 38 5.291771762368e+10 1.392571516413e+09 768 7235 3201 17 8 9 9 5.70189178e-09 9.66689635e-09 outputs/V3.3e26_D300_G14/solution/solution-00038 
 39 5.431028914009e+10 1.392571516413e+09 768 7235 3201 17 8 9 9 5.47673425e-09 9.28361806e-09 outputs/V3.3e26_D300_G14/solution/solution-00039 
 40 5.570286065650e+10 1.392571516413e+09 768 7235 3201 17 8 9 9 5.26048531e-09 8.91560321e-09 outputs/V3.3e26_D300_G14/solution/solution-00040 
 41 5.709543217292e+10 1.392571516413e+09 768 7235 3201 17 8 9 9 5.05278923e-09 8.56223781e-09 outputs/V3.3e26_D300_G14/solution/solution-00041 
 42 5.848800368933e+10 1.392571516413e+09 768 7235 3201 17 8 9 9 4.85330509e-09 8.22293330e-09 outputs/V3.3e26_D300_G14/solution/solution-00042 
 43 5.988057520574e+10 1.392571516413e+09 768 7235 3201 17 8 9 9 4.66170605e-09 7.89712535e-09 outputs/V3.3e26_D300_G14/solution/solution-00043 
 44 6.127314672215e+10 1.392571516413e+09 768 7235 3201 17 8 9 9 4.47767864e-09 7.58427279e-09 outputs/V3.3e26_D300_G14/solution/solution-00044 
 45 6.266571823857e+10 1.392571516413e+09 768 7235 3201 17 8 9 9 4.30092221e-09 7.28385661e-09 outputs/V3.3e26_D300_G14/solution/solution-00045 
 46 6.405828975498e+10 1.392571516413e+09 768 7235 3201 17 8 9 9 4.13114830e-09 6.99537897e-09 outputs/V3.3e26_D300_G14/solution/solution-00046 
 47 6.545086127139e+10 1.392571516413e+09 768 7235 3201 17 8 9 9 3.96808011e-09 6.71836230e-09 outputs/V3.3e26_D300_G14/solution/solution-00047 
 48 6.684343278781e+10 1.392571516413e+09 768 7235 3201 17 8 9 9 3.81145200e-09 6.45234841e-09 outputs/V3.3e26_D300_G14/solution/solution-00048 
 49 6.823600430422e+10 1.392571516413e+09 768 7235 3201 17 8 9 9 3.66100899e-09 6.19689772e-09 outputs/V3.3e26_D300_G14/solution/solution-00049 
 50 6.962857582063e+10 1.392571516413e+09 768 7235 3201 17 8 9 9 3.51650631e-09 5.95158840e-09 outputs/V3.3e26_D300_G14/solution/solution-00050 
 51 7.102114733704e+10 1.392571516413e+09 768 7235 3201 17 8 9 9 3.37770899e-09 5.71601568e-09 outputs/V3.3e26_D300_G14/solution/solution-00051 
 52 7.241371885346e+10 1.392571516413e+09 768 7235 3201 17 8 9 9 3.24439141e-09 5.48979114e-09 outputs/V3.3e26_D300_G14/solution/solution-00052 
 53 7.380629036987e+10 1.392571516413e+09 768 7235 3201 17 8 9 9 3.11633697e-09 5.27254200e-09 outputs/V3.3e26_D300_G14/solution/solution-00053 
 54 7.519886188628e+10 1.392571516413e+09 768 7235 3201 17 8 9 9 2.99333766e-09 5.06391051e-09 outputs/V3.3e26_D300_G14/solution/solution-00054 
 55 7.659143340269e+10 1.392571516413e+09 768 7235 3201 17 8 9 9 2.87519374e-09 4.86355329e-09 outputs/V3.3e26_D300_G14/solution/solution-00055 
 56 7.798400491911e+10 1.392571516413e+09 768 7235 3201 17 8 9 9 2.76171338e-09 4.67114078e-09 outputs/V3.3e26_D300_G14/solution/solution-00056 
 57 7.937657643552e+10 1.392571516413e+09 768 7235 3201 17 8 9 9 2.65271240e-09 4.48635665e-09 outputs/V3.3e26_D300_G14/solution/solution-00057 
 58 8.076914795193e+10 1.392571516413e+09 768 7235 3201 17 8 9 9 2.54801388e-09 4.30889726e-09 outputs/V3.3e26_D300_G14/solution/solution-00058 
 59 8.216171946834e+10 1.392571516413e+09 768 7235 3201 17 8 9 9 2.44744791e-09 4.13847115e-09 outputs/V3.3e26_D300_G14/solution/solution-00059 
 60 8.355429098476e+10 1.392571516413e+09 768 7235 3201 17 8 9 9 2.35085133e-09 3.97479854e-09 outputs/V3.3e26_D300_G14/solution/solution-00060 
 61 8.494686250117e+10 1.392571516413e+09 768 7235 3201 17 8 9 9 2.25806740e-09 3.81761087e-09 outputs/V3.3e26_D300_G14/solution/solution-00061 
 62 8.633943401758e+10 1.392571516413e+09 768 7235 3201 17 8 9 9 2.16894561e-09 3.66665031e-09 outputs/V3.3e26_D300_G14/solution/solution-00062 
 63 8.773200553399e+10 1.392571516413e+09 768 7235 3201 16 8 9 9 2.08334139e-09 3.52166937e-09 outputs/V3.3e26_D300_G14/solution/solution-00063 
 64 8.912457705041e+10 1.392571516413e+09 768 7235 3201 16 8 9 9 2.00111587e-09 3.38243044e-09 outputs/V3.3e26_D300_G14/solution/solution-00064 
 65 9.051714856682e+10 1.392571516413e+09 768 7235 3201 16 8 9 9 1.92213569e-09 3.24870539e-09 outputs/V3.3e26_D300_G14/solution/solution-00065 
 66 9.190972008323e+10 1.392571516413e+09 768 7235 3201 16 8 9 9 1.84627273e-09 3.12027525e-09 outputs/V3.3e26_D300_G14/solution/solution-00066 
 67 9.330229159964e+10 1.392571516413e+09 768 7235 3201 16 8 9 9 1.77340395e-09 2.99692974e-09 outputs/V3.3e26_D300_G14/solution/solution-00067 
 68 9.469486311606e+10 1.392571516413e+09 768 7235 3201 16 8 9 9 1.70341117e-09 2.87846702e-09 outputs/V3.3e26_D300_G14/solution/solution-00068 
 69 9.608743463247e+10 1.392571516413e+09 768 7235 3201 16 8 9 9 1.63618087e-09 2.76469328e-09 outputs/V3.3e26_D300_G14/solution/solution-00069 
 70 9.748000614888e+10 1.392571516413e+09 768 7235 3201 16 8 9 9 1.57160402e-09 2.65542245e-09 outputs/V3.3e26_D300_G14/solution/solution-00070 
 71 9.887257766530e+10 1.392571516413e+09 768 7235 3201 16 8 9 9 1.50957589e-09 2.55047587e-09 outputs/V3.3e26_D300_G14/solution/solution-00071 
 72 1.002651491817e+11 1.392571516413e+09 768 7235 3201 16 8 9 9 1.44999588e-09 2.44968201e-09 outputs/V3.3e26_D300_G14/solution/solution-00072 
 73 1.016577206981e+11 1.392571516413e+09 768 7235 3201 16 8 9 9 1.39276736e-09 2.35287617e-09 outputs/V3.3e26_D300_G14/solution/solution-00073 
 74 1.030502922145e+11 1.392571516413e+09 768 7235 3201 16 8 9 9 1.33779754e-09 2.25990021e-09 outputs/V3.3e26_D300_G14/solution/solution-00074 
 75 1.044428637309e+11 1.392571516413e+09 768 7235 3201 16 8 9 9 1.28499725e-09 2.17060229e-09 outputs/V3.3e26_D300_G14/solution/solution-00075 
 76 1.058354352474e+11 1.392571516413e+09 768 7235 3201 16 8 9 9 1.23428088e-09 2.08483661e-09 outputs/V3.3e26_D300_G14/solution/solution-00076 
 77 1.072280067638e+11 1.392571516413e+09 768 7235 3201 16 8 9 9 1.18556618e-09 2.00246316e-09 outputs/V3.3e26_D300_G14/solution/solution-00077 
 78 1.086205782802e+11 1.392571516413e+09 768 7235 3201 16 8 9 9 1.13877415e-09 1.92334754e-09 outputs/V3.3e26_D300_G14/solution/solution-00078 
 79 1.100131497966e+11 1.392571516413e+09 768 7235 3201 16 8 9 9 1.09382889e-09 1.84736064e-09 outputs/V3.3e26_D300_G14/solution/solution-00079 
 80 1.114057213130e+11 1.392571516413e+09 768 7235 3201 16 8 9 9 1.05065753e-09 1.77437852e-09 outputs/V3.3e26_D300_G14/solution/solution-00080 
 81 1.127982928294e+11 1.392571516413e+09 768 7235 3201 16 8 9 9 1.00919006e-09 1.70428216e-09 outputs/V3.3e26_D300_G14/solution/solution-00081 
 82 1.141908643458e+11 1.392571516413e+09 768 7235 3201 16 8 9 9 9.69359216e-10 1.63695727e-09 outputs/V3.3e26_D300_G14/solution/solution-00082 
 83 1.155834358622e+11 1.392571516413e+09 768 7235 3201 16 8 9 9 9.31100416e-10 1.57229409e-09 outputs/V3.3e26_D300_G14/solution/solution-00083 
 84 1.169760073787e+11 1.392571516413e+09 768 7235 3201 16 8 9 9 8.94351612e-10 1.51018723e-09 outputs/V3.3e26_D300_G14/solution/solution-00084 
 85 1.183685788951e+11 1.392571516413e+09 768 7235 3201 16 8 9 9 8.59053209e-10 1.45053548e-09 outputs/V3.3e26_D300_G14/solution/solution-00085 
 86 1.197611504115e+11 1.392571516413e+09 768 7235 3201 16 8 9 9 8.25147962e-10 1.39324166e-09 outputs/V3.3e26_D300_G14/solution/solution-00086 
 87 1.211537219279e+11 1.392571516413e+09 768 7235 3201 16 8 9 9 7.92580888e-10 1.33821242e-09 outputs/V3.3e26_D300_G14/solution/solution-00087 
 88 1.225462934443e+11 1.392571516413e+09 768 7235 3201 15 8 9 9 7.61299177e-10 1.28535816e-09 outputs/V3.3e26_D300_G14/solution/solution-00088 
 89 1.239388649607e+11 1.392571516413e+09 768 7235 3201 15 8 9 9 7.31252095e-10 1.23459279e-09 outputs/V3.3e26_D300_G14/solution/solution-00089 
 90 1.253314364771e+11 1.392571516413e+09 768 7235 3201 15 8 9 9 7.02390913e-10 1.18583365e-09 outputs/V3.3e26_D300_G14/solution/solution-00090 
 91 1.267240079935e+11 1.392571516413e+09 768 7235 3201 15 8 9 9 6.74668826e-10 1.13900136e-09 outputs/V3.3e26_D300_G14/solution/solution-00091 
 92 1.281165795100e+11 1.392571516413e+09 768 7235 3201 15 8 9 9 6.48040875e-10 1.09401969e-09 outputs/V3.3e26_D300_G14/solution/solution-00092 
 93 1.295091510264e+11 1.392571516413e+09 768 7235 3201 15 8 9 9 6.22463878e-10 1.05081543e-09 outputs/V3.3e26_D300_G14/solution/solution-00093 
 94 1.309017225428e+11 1.392571516413e+09 768 7235 3201 15 8 9 9 5.97896357e-10 1.00931827e-09 outputs/V3.3e26_D300_G14/solution/solution-00094 
 95 1.322942940592e+11 1.392571516413e+09 768 7235 3201 15 8 9 9 5.74298468e-10 9.69460698e-10 outputs/V3.3e26_D300_G14/solution/solution-00095 
 96 1.336868655756e+11 1.392571516413e+09 768 7235 3201 15 8 9 9 5.51631943e-10 9.31177861e-10 outputs/V3.3e26_D300_G14/solution/solution-00096 
 97 1.350794370920e+11 1.392571516413e+09 768 7235 3201 15 8 9 9 5.29860023e-10 8.94407486e-10 outputs/V3.3e26_D300_G14/solution/solution-00097 
 98 1.364720086084e+11 1.392571516413e+09 768 7235 3201 15 8 9 9 5.08947400e-10 8.59089767e-10 outputs/V3.3e26_D300_G14/solution/solution-00098 
 99 1.378645801248e+11 1.392571516413e+09 768 7235 3201 15 8 9 9 4.88860158e-10 8.25167263e-10 outputs/V3.3e26_D300_G14/solution/solution-00099 
100 1.392571516413e+11 1.392571516413e+09 768 7235 3201 15 8 9 9 4.69565723e-10 7.92584811e-10 outputs/V3.3e26_D300_G14/solution/solution-00100 
