# 1: Time step number
# 2: Time (years)
# 3: Time step size (years)
# 4: Number of mesh cells
# 5: Number of Stokes degrees of freedom
# 6: Number of temperature degrees of freedom
# 7: Iterations for temperature solver
# 8: Iterations for Stokes solver
# 9: Velocity iterations in Stokes preconditioner
# 10: Schur complement iterations in Stokes preconditioner
# 11: RMS velocity (m/year)
# 12: Max. velocity (m/year)
# 13: Visualization file name
  0 0.000000000000e+00 0.000000000000e+00 768 7235 3201  0 8 9 9 1.32527116e-09 2.35779010e-09 outputs/V1e27_D10_G2/solution/solution-00000 
  1 1.392571516413e+09 1.392571516413e+09 768 7235 3201 32 8 9 9 1.25319475e-09 2.11821505e-09 outputs/V1e27_D10_G2/solution/solution-00001 
  2 2.785143032825e+09 1.392571516413e+09 768 7235 3201 25 8 9 9 1.18679159e-09 2.00218823e-09 outputs/V1e27_D10_G2/solution/solution-00002 
  3 4.177714549238e+09 1.392571516413e+09 768 7235 3201 24 8 9 9 1.12451552e-09 1.89736197e-09 outputs/V1e27_D10_G2/solution/solution-00003 
  4 5.570286065650e+09 1.392571516413e+09 768 7235 3201 23 8 9 9 1.06547897e-09 1.79792041e-09 outputs/V1e27_D10_G2/solution/solution-00004 
  5 6.962857582063e+09 1.392571516413e+09 768 7235 3201 23 8 9 9 1.00957168e-09 1.70370657e-09 outputs/V1e27_D10_G2/solution/solution-00005 
  6 8.355429098476e+09 1.392571516413e+09 768 7235 3201 22 8 9 9 9.56634066e-10 1.61447406e-09 outputs/V1e27_D10_G2/solution/solution-00006 
  7 9.748000614888e+09 1.392571516413e+09 768 7235 3201 21 8 9 9 9.06506635e-10 1.52996028e-09 outputs/V1e27_D10_G2/solution/solution-00007 
  8 1.114057213130e+10 1.392571516413e+09 768 7235 3201 21 8 9 9 8.59035635e-10 1.44990934e-09 outputs/V1e27_D10_G2/solution/solution-00008 
  9 1.253314364771e+10 1.392571516413e+09 768 7235 3201 21 8 9 9 8.14075306e-10 1.37407838e-09 outputs/V1e27_D10_G2/solution/solution-00009 
 10 1.392571516413e+10 1.392571516413e+09 768 7235 3201 20 8 9 9 7.71488385e-10 1.30223860e-09 outputs/V1e27_D10_G2/solution/solution-00010 
 11 1.531828668054e+10 1.392571516413e+09 768 7235 3201 20 8 9 9 7.31145811e-10 1.23417480e-09 outputs/V1e27_D10_G2/solution/solution-00011 
 12 1.671085819695e+10 1.392571516413e+09 768 7235 3201 20 8 9 9 6.92926204e-10 1.16968439e-09 outputs/V1e27_D10_G2/solution/solution-00012 
 13 1.810342971336e+10 1.392571516413e+09 768 7235 3201 20 8 9 9 6.56715320e-10 1.10857653e-09 outputs/V1e27_D10_G2/solution/solution-00013 
 14 1.949600122978e+10 1.392571516413e+09 768 7235 3201 20 8 9 9 6.22405537e-10 1.05067125e-09 outputs/V1e27_D10_G2/solution/solution-00014 
 15 2.088857274619e+10 1.392571516413e+09 768 7235 3201 20 8 9 9 5.89895382e-10 9.95798679e-10 outputs/V1e27_D10_G2/solution/solution-00015 
 16 2.228114426260e+10 1.392571516413e+09 768 7235 3201 19 8 9 9 5.59089115e-10 9.43798391e-10 outputs/V1e27_D10_G2/solution/solution-00016 
 17 2.367371577901e+10 1.392571516413e+09 768 7235 3201 19 8 9 9 5.29896340e-10 8.94518765e-10 outputs/V1e27_D10_G2/solution/solution-00017 
 18 2.506628729543e+10 1.392571516413e+09 768 7235 3201 19 8 9 9 5.02231664e-10 8.47816447e-10 outputs/V1e27_D10_G2/solution/solution-00018 
 19 2.645885881184e+10 1.392571516413e+09 768 7235 3201 19 8 9 9 4.76014382e-10 8.03555840e-10 outputs/V1e27_D10_G2/solution/solution-00019 
 20 2.785143032825e+10 1.392571516413e+09 768 7235 3201 19 8 9 9 4.51168184e-10 7.61608644e-10 outputs/V1e27_D10_G2/solution/solution-00020 
 21 2.924400184466e+10 1.392571516413e+09 768 7235 3201 19 8 9 9 4.27620896e-10 7.21853430e-10 outputs/V1e27_D10_G2/solution/solution-00021 
 22 3.063657336108e+10 1.392571516413e+09 768 7235 3201 19 8 9 9 4.05304230e-10 6.84175244e-10 outputs/V1e27_D10_G2/solution/solution-00022 
 23 3.202914487749e+10 1.392571516413e+09 768 7235 3201 19 8 9 9 3.84153563e-10 6.48465241e-10 outputs/V1e27_D10_G2/solution/solution-00023 
 24 3.342171639390e+10 1.392571516413e+09 768 7235 3201 19 8 9 9 3.64107720e-10 6.14620345e-10 outputs/V1e27_D10_G2/solution/solution-00024 
 25 3.481428791032e+10 1.392571516413e+09 768 7235 3201 19 8 9 9 3.45108787e-10 5.82542932e-10 outputs/V1e27_D10_G2/solution/solution-00025 
 26 3.620685942673e+10 1.392571516413e+09 768 7235 3201 18 8 9 9 3.27101922e-10 5.52140526e-10 outputs/V1e27_D10_G2/solution/solution-00026 
 27 3.759943094314e+10 1.392571516413e+09 768 7235 3201 18 8 9 9 3.10035189e-10 5.23325522e-10 outputs/V1e27_D10_G2/solution/solution-00027 
 28 3.899200245955e+10 1.392571516413e+09 768 7235 3201 18 8 9 9 2.93859395e-10 4.96014925e-10 outputs/V1e27_D10_G2/solution/solution-00028 
 29 4.038457397597e+10 1.392571516413e+09 768 7235 3201 18 8 9 9 2.78527941e-10 4.70130099e-10 outputs/V1e27_D10_G2/solution/solution-00029 
 30 4.177714549238e+10 1.392571516413e+09 768 7235 3201 18 8 9 9 2.63996683e-10 4.45596535e-10 outputs/V1e27_D10_G2/solution/solution-00030 
 31 4.316971700879e+10 1.392571516413e+09 768 7235 3201 18 8 9 9 2.50223798e-10 4.22343631e-10 outputs/V1e27_D10_G2/solution/solution-00031 
 32 4.456228852520e+10 1.392571516413e+09 768 7235 3201 18 8 9 9 2.37169660e-10 4.00304485e-10 outputs/V1e27_D10_G2/solution/solution-00032 
 33 4.595486004162e+10 1.392571516413e+09 768 7235 3201 18 8 9 9 2.24796724e-10 3.79415698e-10 outputs/V1e27_D10_G2/solution/solution-00033 
 34 4.734743155803e+10 1.392571516413e+09 768 7235 3201 18 8 9 9 2.13069410e-10 3.59617191e-10 outputs/V1e27_D10_G2/solution/solution-00034 
 35 4.874000307444e+10 1.392571516413e+09 768 7235 3201 18 8 9 9 2.01954005e-10 3.40852027e-10 outputs/V1e27_D10_G2/solution/solution-00035 
 36 5.013257459085e+10 1.392571516413e+09 768 7235 3201 18 8 9 9 1.91418560e-10 3.23066247e-10 outputs/V1e27_D10_G2/solution/solution-00036 
 37 5.152514610727e+10 1.392571516413e+09 768 7235 3201 18 8 9 9 1.81432798e-10 3.06208714e-10 outputs/V1e27_D10_G2/solution/solution-00037 
 38 5.291771762368e+10 1.392571516413e+09 768 7235 3201 18 8 9 9 1.71968027e-10 2.90230963e-10 outputs/V1e27_D10_G2/solution/solution-00038 
 39 5.431028914009e+10 1.392571516413e+09 768 7235 3201 18 8 9 9 1.62997054e-10 2.75087064e-10 outputs/V1e27_D10_G2/solution/solution-00039 
 40 5.570286065650e+10 1.392571516413e+09 768 7235 3201 18 8 9 9 1.54494107e-10 2.60733485e-10 outputs/V1e27_D10_G2/solution/solution-00040 
 41 5.709543217292e+10 1.392571516413e+09 768 7235 3201 18 8 9 9 1.46434762e-10 2.47128968e-10 outputs/V1e27_D10_G2/solution/solution-00041 
 42 5.848800368933e+10 1.392571516413e+09 768 7235 3201 18 8 9 9 1.38795869e-10 2.34234412e-10 outputs/V1e27_D10_G2/solution/solution-00042 
 43 5.988057520574e+10 1.392571516413e+09 768 7235 3201 18 8 9 9 1.31555490e-10 2.22012758e-10 outputs/V1e27_D10_G2/solution/solution-00043 
 44 6.127314672215e+10 1.392571516413e+09 768 7235 3201 18 8 9 9 1.24692830e-10 2.10428882e-10 outputs/V1e27_D10_G2/solution/solution-00044 
 45 6.266571823857e+10 1.392571516413e+09 768 7235 3201 18 8 9 9 1.18188181e-10 1.99449493e-10 outputs/V1e27_D10_G2/solution/solution-00045 
 46 6.405828975498e+10 1.392571516413e+09 768 7235 3201 17 8 9 9 1.12022865e-10 1.89043041e-10 outputs/V1e27_D10_G2/solution/solution-00046 
 47 6.545086127139e+10 1.392571516413e+09 768 7235 3201 17 8 9 9 1.06179176e-10 1.79179622e-10 outputs/V1e27_D10_G2/solution/solution-00047 
 48 6.684343278781e+10 1.392571516413e+09 768 7235 3201 17 8 9 9 1.00640334e-10 1.69830894e-10 outputs/V1e27_D10_G2/solution/solution-00048 
 49 6.823600430422e+10 1.392571516413e+09 768 7235 3201 17 8 9 9 9.53904355e-11 1.60969993e-10 outputs/V1e27_D10_G2/solution/solution-00049 
 50 6.962857582063e+10 1.392571516413e+09 768 7235 3201 17 8 9 9 9.04144057e-11 1.52571459e-10 outputs/V1e27_D10_G2/solution/solution-00050 
 51 7.102114733704e+10 1.392571516413e+09 768 7235 3201 17 8 9 9 8.56979568e-11 1.44611162e-10 outputs/V1e27_D10_G2/solution/solution-00051 
 52 7.241371885346e+10 1.392571516413e+09 768 7235 3201 17 8 9 9 8.12275466e-11 1.37066231e-10 outputs/V1e27_D10_G2/solution/solution-00052 
 53 7.380629036987e+10 1.392571516413e+09 768 7235 3201 17 8 9 9 7.69903398e-11 1.29914988e-10 outputs/V1e27_D10_G2/solution/solution-00053 
 54 7.519886188628e+10 1.392571516413e+09 768 7235 3201 17 8 9 9 7.29741705e-11 1.23136887e-10 outputs/V1e27_D10_G2/solution/solution-00054 
 55 7.659143340269e+10 1.392571516413e+09 768 7235 3201 17 8 9 9 6.91675075e-11 1.16712456e-10 outputs/V1e27_D10_G2/solution/solution-00055 
 56 7.798400491911e+10 1.392571516413e+09 768 7235 3201 17 8 9 9 6.55594215e-11 1.10623238e-10 outputs/V1e27_D10_G2/solution/solution-00056 
 57 7.937657643552e+10 1.392571516413e+09 768 7235 3201 17 8 9 9 6.21395533e-11 1.04851739e-10 outputs/V1e27_D10_G2/solution/solution-00057 
 58 8.076914795193e+10 1.392571516413e+09 768 7235 3201 17 8 9 9 5.88980841e-11 9.93813795e-11 outputs/V1e27_D10_G2/solution/solution-00058 
 59 8.216171946834e+10 1.392571516413e+09 768 7235 3201 17 8 9 9 5.58257075e-11 9.41964449e-11 outputs/V1e27_D10_G2/solution/solution-00059 
 60 8.355429098476e+10 1.392571516413e+09 768 7235 3201 17 8 9 9 5.29136023e-11 8.92820408e-11 outputs/V1e27_D10_G2/solution/solution-00060 
 61 8.494686250117e+10 1.392571516413e+09 768 7235 3201 17 8 9 9 5.01534080e-11 8.46240500e-11 outputs/V1e27_D10_G2/solution/solution-00061 
 62 8.633943401758e+10 1.392571516413e+09 768 7235 3201 17 8 9 9 4.75371998e-11 8.02090921e-11 outputs/V1e27_D10_G2/solution/solution-00062 
 63 8.773200553399e+10 1.392571516413e+09 768 7235 3201 17 8 9 9 4.50574666e-11 7.60244855e-11 outputs/V1e27_D10_G2/solution/solution-00063 
 64 8.912457705041e+10 1.392571516413e+09 768 7235 3201 17 8 9 9 4.27070889e-11 7.20582100e-11 outputs/V1e27_D10_G2/solution/solution-00064 
 65 9.051714856682e+10 1.392571516413e+09 768 7235 3201 17 8 9 9 4.04793189e-11 6.82988729e-11 outputs/V1e27_D10_G2/solution/solution-00065 
 66 9.190972008323e+10 1.392571516413e+09 768 7235 3201 17 8 9 9 3.83677606e-11 6.47356763e-11 outputs/V1e27_D10_G2/solution/solution-00066 
 67 9.330229159964e+10 1.392571516413e+09 768 7235 3201 17 8 9 9 3.63663518e-11 6.13583855e-11 outputs/V1e27_D10_G2/solution/solution-00067 
 68 9.469486311606e+10 1.392571516413e+09 768 7235 3201 17 8 9 9 3.44693464e-11 5.81573002e-11 outputs/V1e27_D10_G2/solution/solution-00068 
 69 9.608743463247e+10 1.392571516413e+09 768 7235 3201 17 8 9 9 3.26712981e-11 5.51232261e-11 outputs/V1e27_D10_G2/solution/solution-00069 
 70 9.748000614888e+10 1.392571516413e+09 768 7235 3201 17 8 9 9 3.09670448e-11 5.22474490e-11 outputs/V1e27_D10_G2/solution/solution-00070 
 71 9.887257766530e+10 1.392571516413e+09 768 7235 3201 17 8 9 9 2.93516937e-11 4.95217091e-11 outputs/V1e27_D10_G2/solution/solution-00071 
 72 1.002651491817e+11 1.392571516413e+09 768 7235 3201 16 8 9 9 2.78206073e-11 4.69381787e-11 outputs/V1e27_D10_G2/solution/solution-00072 
 73 1.016577206981e+11 1.392571516413e+09 768 7235 3201 16 8 9 9 2.63693898e-11 4.44894370e-11 outputs/V1e27_D10_G2/solution/solution-00073 
 74 1.030502922145e+11 1.392571516413e+09 768 7235 3201 16 8 9 9 2.49938747e-11 4.21684513e-11 outputs/V1e27_D10_G2/solution/solution-00074 
 75 1.044428637309e+11 1.392571516413e+09 768 7235 3201 16 8 9 9 2.36901130e-11 3.99685557e-11 outputs/V1e27_D10_G2/solution/solution-00075 
 76 1.058354352474e+11 1.392571516413e+09 768 7235 3201 16 8 9 9 2.24543616e-11 3.78834320e-11 outputs/V1e27_D10_G2/solution/solution-00076 
 77 1.072280067638e+11 1.392571516413e+09 768 7235 3201 16 8 9 9 2.12830726e-11 3.59070921e-11 outputs/V1e27_D10_G2/solution/solution-00077 
 78 1.086205782802e+11 1.392571516413e+09 768 7235 3201 16 8 9 9 2.01728835e-11 3.40338601e-11 outputs/V1e27_D10_G2/solution/solution-00078 
 79 1.100131497966e+11 1.392571516413e+09 768 7235 3201 16 8 9 9 1.91206069e-11 3.22583565e-11 outputs/V1e27_D10_G2/solution/solution-00079 
 80 1.114057213130e+11 1.392571516413e+09 768 7235 3201 16 8 9 9 1.81232218e-11 3.05754822e-11 outputs/V1e27_D10_G2/solution/solution-00080 
 81 1.127982928294e+11 1.392571516413e+09 768 7235 3201 16 8 9 9 1.71778647e-11 2.89804046e-11 outputs/V1e27_D10_G2/solution/solution-00081 
 82 1.141908643458e+11 1.392571516413e+09 768 7235 3201 16 8 9 9 1.62818217e-11 2.74685426e-11 outputs/V1e27_D10_G2/solution/solution-00082 
 83 1.155834358622e+11 1.392571516413e+09 768 7235 3201 16 8 9 9 1.54325202e-11 2.60355550e-11 outputs/V1e27_D10_G2/solution/solution-00083 
 84 1.169760073787e+11 1.392571516413e+09 768 7235 3201 16 8 9 9 1.46275219e-11 2.46773263e-11 outputs/V1e27_D10_G2/solution/solution-00084 
 85 1.183685788951e+11 1.392571516413e+09 768 7235 3201 16 8 9 9 1.38645159e-11 2.33899564e-11 outputs/V1e27_D10_G2/solution/solution-00085 
 86 1.197611504115e+11 1.392571516413e+09 768 7235 3201 16 8 9 9 1.31413114e-11 2.21697482e-11 outputs/V1e27_D10_G2/solution/solution-00086 
 87 1.211537219279e+11 1.392571516413e+09 768 7235 3201 16 8 9 9 1.24558323e-11 2.10131977e-11 outputs/V1e27_D10_G2/solution/solution-00087 
 88 1.225462934443e+11 1.392571516413e+09 768 7235 3201 16 8 9 9 1.18061107e-11 1.99169839e-11 outputs/V1e27_D10_G2/solution/solution-00088 
 89 1.239388649607e+11 1.392571516413e+09 768 7235 3201 16 8 9 9 1.11902812e-11 1.88779589e-11 outputs/V1e27_D10_G2/solution/solution-00089 
 90 1.253314364771e+11 1.392571516413e+09 768 7235 3201 16 8 9 9 1.06065759e-11 1.78931389e-11 outputs/V1e27_D10_G2/solution/solution-00090 
 91 1.267240079935e+11 1.392571516413e+09 768 7235 3201 16 8 9 9 1.00533190e-11 1.69596961e-11 outputs/V1e27_D10_G2/solution/solution-00091 
 92 1.281165795100e+11 1.392571516413e+09 768 7235 3201 16 8 9 9 9.52892216e-12 1.60749500e-11 outputs/V1e27_D10_G2/solution/solution-00092 
 93 1.295091510264e+11 1.392571516413e+09 768 7235 3201 16 8 9 9 9.03187988e-12 1.52363600e-11 outputs/V1e27_D10_G2/solution/solution-00093 
 94 1.309017225428e+11 1.392571516413e+09 768 7235 3201 16 8 9 9 8.56076525e-12 1.44415182e-11 outputs/V1e27_D10_G2/solution/solution-00094 
 95 1.322942940592e+11 1.392571516413e+09 768 7235 3201 16 8 9 9 8.11422573e-12 1.36881422e-11 outputs/V1e27_D10_G2/solution/solution-00095 
 96 1.336868655756e+11 1.392571516413e+09 768 7235 3201 16 8 9 9 7.69097937e-12 1.29740687e-11 outputs/V1e27_D10_G2/solution/solution-00096 
 97 1.350794370920e+11 1.392571516413e+09 768 7235 3201 15 8 9 9 7.28981138e-12 1.22972479e-11 outputs/V1e27_D10_G2/solution/solution-00097 
 98 1.364720086084e+11 1.392571516413e+09 768 7235 3201 15 8 9 9 6.90956985e-12 1.16557359e-11 outputs/V1e27_D10_G2/solution/solution-00098 
 99 1.378645801248e+11 1.392571516413e+09 768 7235 3201 15 8 9 9 6.54916306e-12 1.10476903e-11 outputs/V1e27_D10_G2/solution/solution-00099 
100 1.392571516413e+11 1.392571516413e+09 768 7235 3201 15 8 9 9 6.20755635e-12 1.04713655e-11 outputs/V1e27_D10_G2/solution/solution-00100 
