# 1: Time step number
# 2: Time (years)
# 3: Time step size (years)
# 4: Number of mesh cells
# 5: Number of Stokes degrees of freedom
# 6: Number of temperature degrees of freedom
# 7: Iterations for temperature solver
# 8: Iterations for Stokes solver
# 9: Velocity iterations in Stokes preconditioner
# 10: Schur complement iterations in Stokes preconditioner
# 11: RMS velocity (m/year)
# 12: Max. velocity (m/year)
# 13: Visualization file name
  0 0.000000000000e+00 0.000000000000e+00 768 7235 3201  0 8 9 9 3.97581349e-07 7.07337031e-07 outputs/V1e25_D10_G6/solution/solution-00000 
  1 1.392571516413e+09 1.392571516413e+09 768 7235 3201 32 8 9 9 3.86472855e-07 6.59215437e-07 outputs/V1e25_D10_G6/solution/solution-00001 
  2 2.785143032825e+09 1.392571516413e+09 768 7235 3201 25 8 9 9 3.82302383e-07 6.62006518e-07 outputs/V1e25_D10_G6/solution/solution-00002 
  3 4.177714549238e+09 1.392571516413e+09 768 7235 3201 24 8 9 9 3.85900228e-07 6.79172446e-07 outputs/V1e25_D10_G6/solution/solution-00003 
  4 5.570286065650e+09 1.392571516413e+09 768 7235 3201 23 8 9 9 3.97158191e-07 7.09791032e-07 outputs/V1e25_D10_G6/solution/solution-00004 
  5 6.962857582063e+09 1.392571516413e+09 768 7235 3201 23 8 9 9 4.15998181e-07 7.53186055e-07 outputs/V1e25_D10_G6/solution/solution-00005 
  6 8.355429098476e+09 1.392571516413e+09 768 7235 3201 22 8 9 9 4.42439533e-07 8.09176556e-07 outputs/V1e25_D10_G6/solution/solution-00006 
  7 9.748000614888e+09 1.392571516413e+09 768 7235 3201 21 8 9 9 4.76705485e-07 8.78133343e-07 outputs/V1e25_D10_G6/solution/solution-00007 
  8 1.114057213130e+10 1.392571516413e+09 768 7235 3201 21 8 9 9 5.19248090e-07 9.60925229e-07 outputs/V1e25_D10_G6/solution/solution-00008 
  9 1.253314364771e+10 1.392571516413e+09 768 7235 3201 21 8 9 9 5.70752484e-07 1.05886624e-06 outputs/V1e25_D10_G6/solution/solution-00009 
 10 1.392571516413e+10 1.392571516413e+09 768 7235 3201 20 8 9 9 6.32138725e-07 1.17368727e-06 outputs/V1e25_D10_G6/solution/solution-00010 
 11 1.531828668054e+10 1.392571516413e+09 768 7235 3201 20 8 9 9 7.04567890e-07 1.30753218e-06 outputs/V1e25_D10_G6/solution/solution-00011 
 12 1.671085819695e+10 1.392571516413e+09 768 7235 3201 20 8 9 9 7.89454738e-07 1.46297437e-06 outputs/V1e25_D10_G6/solution/solution-00012 
 13 1.810342971336e+10 1.392571516413e+09 768 7235 3201 20 8 9 9 8.88487622e-07 1.64304998e-06 outputs/V1e25_D10_G6/solution/solution-00013 
 14 1.949600122978e+10 1.392571516413e+09 768 7235 3201 20 8 9 9 1.00365586e-06 1.85130567e-06 outputs/V1e25_D10_G6/solution/solution-00014 
 15 2.088857274619e+10 1.392571516413e+09 768 7235 3201 20 8 9 9 1.13728468e-06 2.09186000e-06 outputs/V1e25_D10_G6/solution/solution-00015 
 16 2.228114426260e+10 1.392571516413e+09 768 7235 3201 20 8 9 9 1.29207810e-06 2.36947829e-06 outputs/V1e25_D10_G6/solution/solution-00016 
 17 2.367371577901e+10 1.392571516413e+09 768 7235 3201 19 8 9 9 1.47117015e-06 2.68966178e-06 outputs/V1e25_D10_G6/solution/solution-00017 
 18 2.506628729543e+10 1.392571516413e+09 768 7235 3201 19 8 9 9 1.67818536e-06 3.05875217e-06 outputs/V1e25_D10_G6/solution/solution-00018 
 19 2.645885881184e+10 1.392571516413e+09 768 7235 3201 19 8 9 9 1.91730930e-06 3.48405322e-06 outputs/V1e25_D10_G6/solution/solution-00019 
 20 2.785143032825e+10 1.392571516413e+09 768 7235 3201 19 8 9 9 2.19337052e-06 3.97397158e-06 outputs/V1e25_D10_G6/solution/solution-00020 
 21 2.924400184466e+10 1.392571516413e+09 768 7235 3201 19 8 9 9 2.51193536e-06 4.53817922e-06 outputs/V1e25_D10_G6/solution/solution-00021 
 22 3.063657336108e+10 1.392571516413e+09 768 7235 3201 19 7 8 8 2.87941721e-06 5.18780042e-06 outputs/V1e25_D10_G6/solution/solution-00022 
 23 3.202914487749e+10 1.392571516413e+09 768 7235 3201 19 7 8 8 3.30320241e-06 5.93562652e-06 outputs/V1e25_D10_G6/solution/solution-00023 
 24 3.342171639390e+10 1.392571516413e+09 768 7235 3201 19 7 8 8 3.79179476e-06 6.79636226e-06 outputs/V1e25_D10_G6/solution/solution-00024 
 25 3.481428791032e+10 1.392571516413e+09 768 7235 3201 19 7 8 8 4.35498142e-06 7.78690763e-06 outputs/V1e25_D10_G6/solution/solution-00025 
 26 3.620685942673e+10 1.392571516413e+09 768 7235 3201 19 7 8 8 5.00402259e-06 8.92667968e-06 outputs/V1e25_D10_G6/solution/solution-00026 
 27 3.759943094314e+10 1.392571516413e+09 768 7235 3201 19 7 8 8 5.75186825e-06 1.02379789e-05 outputs/V1e25_D10_G6/solution/solution-00027 
 28 3.899200245955e+10 1.392571516413e+09 768 7235 3201 19 7 8 8 6.61340461e-06 1.17464049e-05 outputs/V1e25_D10_G6/solution/solution-00028 
 29 4.038457397597e+10 1.392571516413e+09 768 7235 3201 19 7 8 8 7.60573339e-06 1.34818155e-05 outputs/V1e25_D10_G6/solution/solution-00029 
 30 4.177714549238e+10 1.392571516413e+09 768 7235 3201 19 7 8 8 8.74848642e-06 1.54780980e-05 outputs/V1e25_D10_G6/solution/solution-00030 
 31 4.316971700879e+10 1.392571516413e+09 768 7235 3201 19 6 7 7 1.00641770e-05 1.77735532e-05 outputs/V1e25_D10_G6/solution/solution-00031 
 32 4.456228852520e+10 1.392571516413e+09 768 7235 3201 19 6 7 7 1.15785877e-05 2.04123862e-05 outputs/V1e25_D10_G6/solution/solution-00032 
 33 4.595486004162e+10 1.392571516413e+09 768 7235 3201 19 6 7 7 1.33211924e-05 2.34450482e-05 outputs/V1e25_D10_G6/solution/solution-00033 
 34 4.734743155803e+10 1.392571516413e+09 768 7235 3201 19 6 7 7 1.53256025e-05 2.69289630e-05 outputs/V1e25_D10_G6/solution/solution-00034 
 35 4.874000307444e+10 1.392571516413e+09 768 7235 3201 19 6 7 7 1.76300230e-05 3.09292541e-05 outputs/V1e25_D10_G6/solution/solution-00035 
 36 5.013257459085e+10 1.392571516413e+09 768 7235 3201 19 6 7 7 2.02776881e-05 3.55194148e-05 outputs/V1e25_D10_G6/solution/solution-00036 
 37 5.152514610727e+10 1.392571516413e+09 768 7235 3201 19 6 7 7 2.33172286e-05 4.07818295e-05 outputs/V1e25_D10_G6/solution/solution-00037 
 38 5.291771762368e+10 1.392571516413e+09 768 7235 3201 19 6 7 7 2.68028929e-05 4.68080050e-05 outputs/V1e25_D10_G6/solution/solution-00038 
 39 5.431028914009e+10 1.392571516413e+09 768 7235 3201 20 6 7 7 3.07945012e-05 5.36982894e-05 outputs/V1e25_D10_G6/solution/solution-00039 
 40 5.570286065650e+10 1.392571516413e+09 768 7235 3201 20 6 7 7 3.53569491e-05 6.15607529e-05 outputs/V1e25_D10_G6/solution/solution-00040 
 41 5.709543217292e+10 1.392571516413e+09 768 7235 3201 20 6 7 7 4.05589929e-05 7.05087596e-05 outputs/V1e25_D10_G6/solution/solution-00041 
 42 5.842461338923e+10 1.329181216311e+09 768 7235 3201 20 6 7 7 4.61898587e-05 8.01861801e-05 outputs/V1e25_D10_G6/solution/solution-00042 
 43 5.959334474451e+10 1.168731355284e+09 768 7235 3201 19 6 7 7 5.17367348e-05 8.97190073e-05 outputs/V1e25_D10_G6/solution/solution-00043 
 44 6.063806616739e+10 1.044721422874e+09 768 7235 3201 18 6 7 7 5.72045492e-05 9.91015950e-05 outputs/V1e25_D10_G6/solution/solution-00044 
 45 6.158402381949e+10 9.459576521058e+08 768 7235 3201 17 6 7 7 6.25912542e-05 1.08330243e-04 outputs/V1e25_D10_G6/solution/solution-00045 
 46 6.244952338539e+10 8.654995658975e+08 768 7235 3201 16 6 7 7 6.78928089e-05 1.17397838e-04 outputs/V1e25_D10_G6/solution/solution-00046 
 47 6.324828592343e+10 7.987625380452e+08 768 7235 3201 15 6 7 7 7.31046237e-05 1.26296416e-04 outputs/V1e25_D10_G6/solution/solution-00047 
 48 6.399086901777e+10 7.425830943313e+08 768 7235 3201 15 6 7 7 7.82219901e-05 1.35017917e-04 outputs/V1e25_D10_G6/solution/solution-00048 
 49 6.468557356384e+10 6.947045460774e+08 768 7235 3201 14 6 7 7 8.32402217e-05 1.43554425e-04 outputs/V1e25_D10_G6/solution/solution-00049 
 50 6.533890757448e+10 6.533340106341e+08 768 7235 3201 14 6 7 7 8.81536547e-05 1.51896469e-04 outputs/V1e25_D10_G6/solution/solution-00050 
 51 6.595627250100e+10 6.173649265257e+08 768 7235 3201 14 6 7 7 9.29576636e-05 1.60036444e-04 outputs/V1e25_D10_G6/solution/solution-00051 
 52 6.654215664737e+10 5.858841463691e+08 768 7235 3201 13 6 7 7 9.76480815e-05 1.67967610e-04 outputs/V1e25_D10_G6/solution/solution-00052 
 53 6.710030449995e+10 5.581478525756e+08 768 7235 3201 13 6 7 7 1.02220921e-04 1.75703523e-04 outputs/V1e25_D10_G6/solution/solution-00053 
 54 6.763387376752e+10 5.335692675694e+08 768 7235 3201 13 6 7 7 1.06672401e-04 1.83220240e-04 outputs/V1e25_D10_G6/solution/solution-00054 
 55 6.814555304414e+10 5.116792766237e+08 768 7235 3201 12 6 7 7 1.10998971e-04 1.90510702e-04 outputs/V1e25_D10_G6/solution/solution-00055 
 56 6.863765138371e+10 4.920983395734e+08 768 7235 3201 12 6 7 7 1.15197335e-04 1.97569698e-04 outputs/V1e25_D10_G6/solution/solution-00056 
 57 6.911216746953e+10 4.745160858141e+08 768 7235 3201 12 5 6 6 1.19264465e-04 2.04392533e-04 outputs/V1e25_D10_G6/solution/solution-00057 
 58 6.957084371638e+10 4.586762468512e+08 768 7235 3201 12 5 6 6 1.23197622e-04 2.10975039e-04 outputs/V1e25_D10_G6/solution/solution-00058 
 59 7.001520908069e+10 4.443653643135e+08 768 7235 3201 11 5 6 6 1.26994363e-04 2.17313593e-04 outputs/V1e25_D10_G6/solution/solution-00059 
 60 7.044661329579e+10 4.314042150986e+08 768 7235 3201 11 5 6 6 1.30652558e-04 2.23405128e-04 outputs/V1e25_D10_G6/solution/solution-00060 
 61 7.086625451388e+10 4.196412180841e+08 768 7235 3201 11 5 6 6 1.34170391e-04 2.29247138e-04 outputs/V1e25_D10_G6/solution/solution-00061 
 62 7.127520182267e+10 4.089473087977e+08 768 7235 3201 11 5 6 6 1.37546369e-04 2.34837681e-04 outputs/V1e25_D10_G6/solution/solution-00062 
 63 7.167441373632e+10 3.992119136491e+08 768 7235 3201 11 5 6 6 1.40779326e-04 2.40175381e-04 outputs/V1e25_D10_G6/solution/solution-00063 
 64 7.206475349411e+10 3.903397577846e+08 768 7235 3201 11 5 6 6 1.43868418e-04 2.45259422e-04 outputs/V1e25_D10_G6/solution/solution-00064 
 65 7.244700180574e+10 3.822483116307e+08 768 7235 3201 11 5 6 6 1.46813128e-04 2.50089544e-04 outputs/V1e25_D10_G6/solution/solution-00065 
 66 7.282186753734e+10 3.748657316071e+08 768 7235 3201 10 5 6 6 1.49613260e-04 2.54666034e-04 outputs/V1e25_D10_G6/solution/solution-00066 
 67 7.318999672404e+10 3.681291866970e+08 768 7235 3201 10 5 6 6 1.52268932e-04 2.58989713e-04 outputs/V1e25_D10_G6/solution/solution-00067 
 68 7.355198021291e+10 3.619834888639e+08 768 7235 3201 10 5 6 6 1.54780573e-04 2.63061926e-04 outputs/V1e25_D10_G6/solution/solution-00068 
 69 7.390836017755e+10 3.563799646420e+08 768 7235 3201 10 5 6 6 1.57148913e-04 2.66884524e-04 outputs/V1e25_D10_G6/solution/solution-00069 
 70 7.425963569712e+10 3.512755195700e+08 768 7235 3201 10 5 6 6 1.59374973e-04 2.70459849e-04 outputs/V1e25_D10_G6/solution/solution-00070 
 71 7.460626755502e+10 3.466318579008e+08 768 7235 3201 10 5 6 6 1.61460055e-04 2.73790713e-04 outputs/V1e25_D10_G6/solution/solution-00071 
 72 7.494868238317e+10 3.424148281476e+08 768 7235 3201 10 5 6 6 1.63405730e-04 2.76949960e-04 outputs/V1e25_D10_G6/solution/solution-00072 
 73 7.528727625440e+10 3.385938712331e+08 768 7235 3201 10 5 6 6 1.65213827e-04 2.80087025e-04 outputs/V1e25_D10_G6/solution/solution-00073 
 74 7.562213095308e+10 3.348546986808e+08 768 7235 3201 10 5 6 6 1.66885037e-04 2.82972317e-04 outputs/V1e25_D10_G6/solution/solution-00074 
 75 7.595354629985e+10 3.314153467665e+08 768 7235 3201 10 5 6 6 1.68421771e-04 2.85608990e-04 outputs/V1e25_D10_G6/solution/solution-00075 
 76 7.628187629468e+10 3.283299948316e+08 768 7235 3201 10 5 6 6 1.69827039e-04 2.88001429e-04 outputs/V1e25_D10_G6/solution/solution-00076 
 77 7.660745240675e+10 3.255761120718e+08 768 7235 3201 10 5 6 6 1.71103997e-04 2.90154472e-04 outputs/V1e25_D10_G6/solution/solution-00077 
 78 7.693058570334e+10 3.231332965902e+08 768 7235 3201 10 5 6 6 1.72255931e-04 2.92073383e-04 outputs/V1e25_D10_G6/solution/solution-00078 
 79 7.725156871579e+10 3.209830124491e+08 768 7235 3201 10 5 6 6 1.73286249e-04 2.93763830e-04 outputs/V1e25_D10_G6/solution/solution-00079 
 80 7.757067707734e+10 3.191083615497e+08 768 7235 3201 10 5 6 6 1.74198460e-04 2.95231862e-04 outputs/V1e25_D10_G6/solution/solution-00080 
 81 7.788817096233e+10 3.174938849919e+08 768 7235 3201 10 5 6 6 1.74996168e-04 2.96483875e-04 outputs/V1e25_D10_G6/solution/solution-00081 
 82 7.820429635176e+10 3.161253894279e+08 768 7235 3201 10 5 6 6 1.75683059e-04 2.97526592e-04 outputs/V1e25_D10_G6/solution/solution-00082 
 83 7.851928614644e+10 3.149897946784e+08 768 7235 3201 10 5 6 6 1.76262889e-04 2.98387066e-04 outputs/V1e25_D10_G6/solution/solution-00083 
 84 7.883336114594e+10 3.140749994998e+08 768 7235 3201 10 5 6 6 1.76739473e-04 2.99086205e-04 outputs/V1e25_D10_G6/solution/solution-00084 
 85 7.914673090885e+10 3.133697629090e+08 768 7235 3201 10 5 6 6 1.77116678e-04 2.99597497e-04 outputs/V1e25_D10_G6/solution/solution-00085 
 86 7.945959450774e+10 3.128635988970e+08 768 7235 3201 10 5 6 6 1.77398413e-04 2.99928379e-04 outputs/V1e25_D10_G6/solution/solution-00086 
 87 7.977214119046e+10 3.125466827153e+08 768 7235 3201 10 5 6 6 1.77588621e-04 3.00086487e-04 outputs/V1e25_D10_G6/solution/solution-00087 
 88 8.008455095767e+10 3.124097672078e+08 768 7235 3201 10 5 6 6 1.77691268e-04 3.00079626e-04 outputs/V1e25_D10_G6/solution/solution-00088 
 89 8.039699506557e+10 3.124441079075e+08 768 7235 3201 10 5 6 6 1.77710342e-04 2.99915750e-04 outputs/V1e25_D10_G6/solution/solution-00089 
 90 8.070963646140e+10 3.126413958224e+08 768 7235 3201 10 5 6 6 1.77649842e-04 2.99602927e-04 outputs/V1e25_D10_G6/solution/solution-00090 
 91 8.102263015840e+10 3.129936970072e+08 768 7235 3201 10 5 6 6 1.77513771e-04 2.99149317e-04 outputs/V1e25_D10_G6/solution/solution-00091 
 92 8.133612355656e+10 3.134933981614e+08 768 7235 3201 10 5 6 6 1.77306133e-04 2.98563145e-04 outputs/V1e25_D10_G6/solution/solution-00092 
 93 8.165025671419e+10 3.141331576245e+08 768 7235 3201 10 5 6 6 1.77030923e-04 2.97852671e-04 outputs/V1e25_D10_G6/solution/solution-00093 
 94 8.196514076310e+10 3.148840489093e+08 768 7235 3201 10 5 6 6 1.76692153e-04 2.97026230e-04 outputs/V1e25_D10_G6/solution/solution-00094 
 95 8.228087049664e+10 3.157297335408e+08 768 7235 3201 10 5 6 6 1.76293840e-04 2.96092202e-04 outputs/V1e25_D10_G6/solution/solution-00095 
 96 8.259756697735e+10 3.166964807073e+08 768 7235 3201 10 5 6 6 1.75839953e-04 2.95058848e-04 outputs/V1e25_D10_G6/solution/solution-00096 
 97 8.291534462940e+10 3.177776520533e+08 768 7235 3201 10 5 6 6 1.75334423e-04 2.93934362e-04 outputs/V1e25_D10_G6/solution/solution-00097 
 98 8.323431133439e+10 3.189667049906e+08 768 7235 3201 10 5 6 6 1.74781144e-04 2.92733495e-04 outputs/V1e25_D10_G6/solution/solution-00098 
 99 8.355456850159e+10 3.202571671962e+08 768 7235 3201 10 5 6 6 1.74183967e-04 2.91472572e-04 outputs/V1e25_D10_G6/solution/solution-00099 
100 8.387621111584e+10 3.216426142579e+08 768 7235 3201 10 5 6 6 1.73546694e-04 2.90142894e-04 outputs/V1e25_D10_G6/solution/solution-00100 
