# 1: Time step number
# 2: Time (years)
# 3: Time step size (years)
# 4: Number of mesh cells
# 5: Number of Stokes degrees of freedom
# 6: Number of temperature degrees of freedom
# 7: Iterations for temperature solver
# 8: Iterations for Stokes solver
# 9: Velocity iterations in Stokes preconditioner
# 10: Schur complement iterations in Stokes preconditioner
# 11: RMS velocity (m/year)
# 12: Max. velocity (m/year)
# 13: Visualization file name
  0 0.000000000000e+00 0.000000000000e+00 768 7235 3201  0 8 9 9 8.01485275e-09 1.37726669e-08 outputs/V3.3e26_D300_G4/solution/solution-00000 
  1 1.392571516413e+09 1.392571516413e+09 768 7235 3201 31 8 9 9 7.60245177e-09 1.28220199e-08 outputs/V3.3e26_D300_G4/solution/solution-00001 
  2 2.785143032825e+09 1.392571516413e+09 768 7235 3201 25 8 9 9 7.21463298e-09 1.21760147e-08 outputs/V3.3e26_D300_G4/solution/solution-00002 
  3 4.177714549238e+09 1.392571516413e+09 768 7235 3201 24 8 9 9 6.84891032e-09 1.15621992e-08 outputs/V3.3e26_D300_G4/solution/solution-00003 
  4 5.570286065650e+09 1.392571516413e+09 768 7235 3201 23 8 9 9 6.50274225e-09 1.09809894e-08 outputs/V3.3e26_D300_G4/solution/solution-00004 
  5 6.962857582063e+09 1.392571516413e+09 768 7235 3201 22 8 9 9 6.17530740e-09 1.04309015e-08 outputs/V3.3e26_D300_G4/solution/solution-00005 
  6 8.355429098476e+09 1.392571516413e+09 768 7235 3201 22 8 9 9 5.86548821e-09 9.91004260e-09 outputs/V3.3e26_D300_G4/solution/solution-00006 
  7 9.748000614888e+09 1.392571516413e+09 768 7235 3201 21 8 9 9 5.57217540e-09 9.41655403e-09 outputs/V3.3e26_D300_G4/solution/solution-00007 
  8 1.114057213130e+10 1.392571516413e+09 768 7235 3201 21 8 9 9 5.29432888e-09 8.94872228e-09 outputs/V3.3e26_D300_G4/solution/solution-00008 
  9 1.253314364771e+10 1.392571516413e+09 768 7235 3201 20 8 9 9 5.03099162e-09 8.50498908e-09 outputs/V3.3e26_D300_G4/solution/solution-00009 
 10 1.392571516413e+10 1.392571516413e+09 768 7235 3201 20 8 9 9 4.78128698e-09 8.08393586e-09 outputs/V3.3e26_D300_G4/solution/solution-00010 
 11 1.531828668054e+10 1.392571516413e+09 768 7235 3201 20 8 9 9 4.54441111e-09 7.68426454e-09 outputs/V3.3e26_D300_G4/solution/solution-00011 
 12 1.671085819695e+10 1.392571516413e+09 768 7235 3201 20 8 9 9 4.31962462e-09 7.30478044e-09 outputs/V3.3e26_D300_G4/solution/solution-00012 
 13 1.810342971336e+10 1.392571516413e+09 768 7235 3201 20 8 9 9 4.10624501e-09 6.94437831e-09 outputs/V3.3e26_D300_G4/solution/solution-00013 
 14 1.949600122978e+10 1.392571516413e+09 768 7235 3201 19 8 9 9 3.90364005e-09 6.60203108e-09 outputs/V3.3e26_D300_G4/solution/solution-00014 
 15 2.088857274619e+10 1.392571516413e+09 768 7235 3201 19 8 9 9 3.71122222e-09 6.27678076e-09 outputs/V3.3e26_D300_G4/solution/solution-00015 
 16 2.228114426260e+10 1.392571516413e+09 768 7235 3201 19 8 9 9 3.52844394e-09 5.96773100e-09 outputs/V3.3e26_D300_G4/solution/solution-00016 
 17 2.367371577901e+10 1.392571516413e+09 768 7235 3201 19 8 9 9 3.35479350e-09 5.67404101e-09 outputs/V3.3e26_D300_G4/solution/solution-00017 
 18 2.506628729543e+10 1.392571516413e+09 768 7235 3201 19 8 9 9 3.18979165e-09 5.39492037e-09 outputs/V3.3e26_D300_G4/solution/solution-00018 
 19 2.645885881184e+10 1.392571516413e+09 768 7235 3201 19 8 9 9 3.03298857e-09 5.12962470e-09 outputs/V3.3e26_D300_G4/solution/solution-00019 
 20 2.785143032825e+10 1.392571516413e+09 768 7235 3201 19 8 9 9 2.88396137e-09 4.87745192e-09 outputs/V3.3e26_D300_G4/solution/solution-00020 
 21 2.924400184466e+10 1.392571516413e+09 768 7235 3201 19 8 9 9 2.74231181e-09 4.63773897e-09 outputs/V3.3e26_D300_G4/solution/solution-00021 
 22 3.063657336108e+10 1.392571516413e+09 768 7235 3201 18 8 9 9 2.60766441e-09 4.40985904e-09 outputs/V3.3e26_D300_G4/solution/solution-00022 
 23 3.202914487749e+10 1.392571516413e+09 768 7235 3201 18 8 9 9 2.47966465e-09 4.19321899e-09 outputs/V3.3e26_D300_G4/solution/solution-00023 
 24 3.342171639390e+10 1.392571516413e+09 768 7235 3201 18 8 9 9 2.35797756e-09 3.98725713e-09 outputs/V3.3e26_D300_G4/solution/solution-00024 
 25 3.481428791032e+10 1.392571516413e+09 768 7235 3201 18 8 9 9 2.24228626e-09 3.79144125e-09 outputs/V3.3e26_D300_G4/solution/solution-00025 
 26 3.620685942673e+10 1.392571516413e+09 768 7235 3201 18 8 9 9 2.13229083e-09 3.60526676e-09 outputs/V3.3e26_D300_G4/solution/solution-00026 
 27 3.759943094314e+10 1.392571516413e+09 768 7235 3201 18 8 9 9 2.02770718e-09 3.42825505e-09 outputs/V3.3e26_D300_G4/solution/solution-00027 
 28 3.899200245955e+10 1.392571516413e+09 768 7235 3201 18 8 9 9 1.92826608e-09 3.25995200e-09 outputs/V3.3e26_D300_G4/solution/solution-00028 
 29 4.038457397597e+10 1.392571516413e+09 768 7235 3201 18 8 9 9 1.83371224e-09 3.09992654e-09 outputs/V3.3e26_D300_G4/solution/solution-00029 
 30 4.177714549238e+10 1.392571516413e+09 768 7235 3201 18 8 9 9 1.74380349e-09 2.94776944e-09 outputs/V3.3e26_D300_G4/solution/solution-00030 
 31 4.316971700879e+10 1.392571516413e+09 768 7235 3201 18 8 9 9 1.65831003e-09 2.80309203e-09 outputs/V3.3e26_D300_G4/solution/solution-00031 
 32 4.456228852520e+10 1.392571516413e+09 768 7235 3201 18 8 9 9 1.57701373e-09 2.66552517e-09 outputs/V3.3e26_D300_G4/solution/solution-00032 
 33 4.595486004162e+10 1.392571516413e+09 768 7235 3201 18 8 9 9 1.49970748e-09 2.53471816e-09 outputs/V3.3e26_D300_G4/solution/solution-00033 
 34 4.734743155803e+10 1.392571516413e+09 768 7235 3201 18 8 9 9 1.42619458e-09 2.41033781e-09 outputs/V3.3e26_D300_G4/solution/solution-00034 
 35 4.874000307444e+10 1.392571516413e+09 768 7235 3201 18 8 9 9 1.35628819e-09 2.29206751e-09 outputs/V3.3e26_D300_G4/solution/solution-00035 
 36 5.013257459085e+10 1.392571516413e+09 768 7235 3201 18 8 9 9 1.28981081e-09 2.17960635e-09 outputs/V3.3e26_D300_G4/solution/solution-00036 
 37 5.152514610727e+10 1.392571516413e+09 768 7235 3201 18 8 9 9 1.22659379e-09 2.07266839e-09 outputs/V3.3e26_D300_G4/solution/solution-00037 
 38 5.291771762368e+10 1.392571516413e+09 768 7235 3201 17 8 9 9 1.16647683e-09 1.97098183e-09 outputs/V3.3e26_D300_G4/solution/solution-00038 
 39 5.431028914009e+10 1.392571516413e+09 768 7235 3201 17 8 9 9 1.10930762e-09 1.87428830e-09 outputs/V3.3e26_D300_G4/solution/solution-00039 
 40 5.570286065650e+10 1.392571516413e+09 768 7235 3201 17 8 9 9 1.05494136e-09 1.78234224e-09 outputs/V3.3e26_D300_G4/solution/solution-00040 
 41 5.709543217292e+10 1.392571516413e+09 768 7235 3201 17 8 9 9 1.00324043e-09 1.69491019e-09 outputs/V3.3e26_D300_G4/solution/solution-00041 
 42 5.848800368933e+10 1.392571516413e+09 768 7235 3201 17 8 9 9 9.54073988e-10 1.61177021e-09 outputs/V3.3e26_D300_G4/solution/solution-00042 
 43 5.988057520574e+10 1.392571516413e+09 768 7235 3201 17 8 9 9 9.07317658e-10 1.53271133e-09 outputs/V3.3e26_D300_G4/solution/solution-00043 
 44 6.127314672215e+10 1.392571516413e+09 768 7235 3201 17 8 9 9 8.62853190e-10 1.45753297e-09 outputs/V3.3e26_D300_G4/solution/solution-00044 
 45 6.266571823857e+10 1.392571516413e+09 768 7235 3201 17 8 9 9 8.20568154e-10 1.38604442e-09 outputs/V3.3e26_D300_G4/solution/solution-00045 
 46 6.405828975498e+10 1.392571516413e+09 768 7235 3201 17 8 9 9 7.80355654e-10 1.31806439e-09 outputs/V3.3e26_D300_G4/solution/solution-00046 
 47 6.545086127139e+10 1.392571516413e+09 768 7235 3201 17 8 9 9 7.42114049e-10 1.25342050e-09 outputs/V3.3e26_D300_G4/solution/solution-00047 
 48 6.684343278781e+10 1.392571516413e+09 768 7235 3201 17 8 9 9 7.05746694e-10 1.19194886e-09 outputs/V3.3e26_D300_G4/solution/solution-00048 
 49 6.823600430422e+10 1.392571516413e+09 768 7235 3201 17 8 9 9 6.71161693e-10 1.13349364e-09 outputs/V3.3e26_D300_G4/solution/solution-00049 
 50 6.962857582063e+10 1.392571516413e+09 768 7235 3201 17 8 9 9 6.38271661e-10 1.07790670e-09 outputs/V3.3e26_D300_G4/solution/solution-00050 
 51 7.102114733704e+10 1.392571516413e+09 768 7235 3201 17 8 9 9 6.06993505e-10 1.02504717e-09 outputs/V3.3e26_D300_G4/solution/solution-00051 
 52 7.241371885346e+10 1.392571516413e+09 768 7235 3201 17 8 9 9 5.77248210e-10 9.74781112e-10 outputs/V3.3e26_D300_G4/solution/solution-00052 
 53 7.380629036987e+10 1.392571516413e+09 768 7235 3201 17 8 9 9 5.48960637e-10 9.26981172e-10 outputs/V3.3e26_D300_G4/solution/solution-00053 
 54 7.519886188628e+10 1.392571516413e+09 768 7235 3201 17 8 9 9 5.22059335e-10 8.81526266e-10 outputs/V3.3e26_D300_G4/solution/solution-00054 
 55 7.659143340269e+10 1.392571516413e+09 768 7235 3201 17 8 9 9 4.96476355e-10 8.38301259e-10 outputs/V3.3e26_D300_G4/solution/solution-00055 
 56 7.798400491911e+10 1.392571516413e+09 768 7235 3201 17 8 9 9 4.72147085e-10 7.97196676e-10 outputs/V3.3e26_D300_G4/solution/solution-00056 
 57 7.937657643552e+10 1.392571516413e+09 768 7235 3201 17 8 9 9 4.49010077e-10 7.58108425e-10 outputs/V3.3e26_D300_G4/solution/solution-00057 
 58 8.076914795193e+10 1.392571516413e+09 768 7235 3201 17 8 9 9 4.27006900e-10 7.20937528e-10 outputs/V3.3e26_D300_G4/solution/solution-00058 
 59 8.216171946834e+10 1.392571516413e+09 768 7235 3201 17 8 9 9 4.06081983e-10 6.85589872e-10 outputs/V3.3e26_D300_G4/solution/solution-00059 
 60 8.355429098476e+10 1.392571516413e+09 768 7235 3201 17 8 9 9 3.86182485e-10 6.51975969e-10 outputs/V3.3e26_D300_G4/solution/solution-00060 
 61 8.494686250117e+10 1.392571516413e+09 768 7235 3201 17 8 9 9 3.67258151e-10 6.20010728e-10 outputs/V3.3e26_D300_G4/solution/solution-00061 
 62 8.633943401758e+10 1.392571516413e+09 768 7235 3201 17 8 9 9 3.49261191e-10 5.89613236e-10 outputs/V3.3e26_D300_G4/solution/solution-00062 
 63 8.773200553399e+10 1.392571516413e+09 768 7235 3201 16 8 9 9 3.32146160e-10 5.60706564e-10 outputs/V3.3e26_D300_G4/solution/solution-00063 
 64 8.912457705041e+10 1.392571516413e+09 768 7235 3201 16 8 9 9 3.15869837e-10 5.33217549e-10 outputs/V3.3e26_D300_G4/solution/solution-00064 
 65 9.051714856682e+10 1.392571516413e+09 768 7235 3201 16 8 9 9 3.00391119e-10 5.07076628e-10 outputs/V3.3e26_D300_G4/solution/solution-00065 
 66 9.190972008323e+10 1.392571516413e+09 768 7235 3201 16 8 9 9 2.85670919e-10 4.82217653e-10 outputs/V3.3e26_D300_G4/solution/solution-00066 
 67 9.330229159964e+10 1.392571516413e+09 768 7235 3201 16 8 9 9 2.71672067e-10 4.58577726e-10 outputs/V3.3e26_D300_G4/solution/solution-00067 
 68 9.469486311606e+10 1.392571516413e+09 768 7235 3201 16 8 9 9 2.58359212e-10 4.36097036e-10 outputs/V3.3e26_D300_G4/solution/solution-00068 
 69 9.608743463247e+10 1.392571516413e+09 768 7235 3201 16 8 9 9 2.45698738e-10 4.14718711e-10 outputs/V3.3e26_D300_G4/solution/solution-00069 
 70 9.748000614888e+10 1.392571516413e+09 768 7235 3201 16 8 9 9 2.33658674e-10 3.94388670e-10 outputs/V3.3e26_D300_G4/solution/solution-00070 
 71 9.887257766530e+10 1.392571516413e+09 768 7235 3201 16 8 9 9 2.22208618e-10 3.75055487e-10 outputs/V3.3e26_D300_G4/solution/solution-00071 
 72 1.002651491817e+11 1.392571516413e+09 768 7235 3201 16 8 9 9 2.11319657e-10 3.56670263e-10 outputs/V3.3e26_D300_G4/solution/solution-00072 
 73 1.016577206981e+11 1.392571516413e+09 768 7235 3201 16 8 9 9 2.00964295e-10 3.39186495e-10 outputs/V3.3e26_D300_G4/solution/solution-00073 
 74 1.030502922145e+11 1.392571516413e+09 768 7235 3201 16 8 9 9 1.91116384e-10 3.22559967e-10 outputs/V3.3e26_D300_G4/solution/solution-00074 
 75 1.044428637309e+11 1.392571516413e+09 768 7235 3201 16 8 9 9 1.81751055e-10 3.06748632e-10 outputs/V3.3e26_D300_G4/solution/solution-00075 
 76 1.058354352474e+11 1.392571516413e+09 768 7235 3201 16 8 9 9 1.72844661e-10 2.91712506e-10 outputs/V3.3e26_D300_G4/solution/solution-00076 
 77 1.072280067638e+11 1.392571516413e+09 768 7235 3201 16 8 9 9 1.64374713e-10 2.77413567e-10 outputs/V3.3e26_D300_G4/solution/solution-00077 
 78 1.086205782802e+11 1.392571516413e+09 768 7235 3201 16 8 9 9 1.56319822e-10 2.63815661e-10 outputs/V3.3e26_D300_G4/solution/solution-00078 
 79 1.100131497966e+11 1.392571516413e+09 768 7235 3201 16 8 9 9 1.48659649e-10 2.50884407e-10 outputs/V3.3e26_D300_G4/solution/solution-00079 
 80 1.114057213130e+11 1.392571516413e+09 768 7235 3201 16 8 9 9 1.41374852e-10 2.38587110e-10 outputs/V3.3e26_D300_G4/solution/solution-00080 
 81 1.127982928294e+11 1.392571516413e+09 768 7235 3201 16 8 9 9 1.34447036e-10 2.26892681e-10 outputs/V3.3e26_D300_G4/solution/solution-00081 
 82 1.141908643458e+11 1.392571516413e+09 768 7235 3201 16 8 9 9 1.27858707e-10 2.15771556e-10 outputs/V3.3e26_D300_G4/solution/solution-00082 
 83 1.155834358622e+11 1.392571516413e+09 768 7235 3201 16 8 9 9 1.21593229e-10 2.05195621e-10 outputs/V3.3e26_D300_G4/solution/solution-00083 
 84 1.169760073787e+11 1.392571516413e+09 768 7235 3201 16 8 9 9 1.15634781e-10 1.95138142e-10 outputs/V3.3e26_D300_G4/solution/solution-00084 
 85 1.183685788951e+11 1.392571516413e+09 768 7235 3201 16 8 9 9 1.09968318e-10 1.85573696e-10 outputs/V3.3e26_D300_G4/solution/solution-00085 
 86 1.197611504115e+11 1.392571516413e+09 768 7235 3201 16 8 9 9 1.04579531e-10 1.76478108e-10 outputs/V3.3e26_D300_G4/solution/solution-00086 
 87 1.211537219279e+11 1.392571516413e+09 768 7235 3201 16 8 9 9 9.94548133e-11 1.67828387e-10 outputs/V3.3e26_D300_G4/solution/solution-00087 
 88 1.225462934443e+11 1.392571516413e+09 768 7235 3201 15 8 9 9 9.45812261e-11 1.59602677e-10 outputs/V3.3e26_D300_G4/solution/solution-00088 
 89 1.239388649607e+11 1.392571516413e+09 768 7235 3201 15 8 9 9 8.99464620e-11 1.51780185e-10 outputs/V3.3e26_D300_G4/solution/solution-00089 
 90 1.253314364771e+11 1.392571516413e+09 768 7235 3201 15 8 9 9 8.55388173e-11 1.44341139e-10 outputs/V3.3e26_D300_G4/solution/solution-00090 
 91 1.267240079935e+11 1.392571516413e+09 768 7235 3201 15 8 9 9 8.13471621e-11 1.37266740e-10 outputs/V3.3e26_D300_G4/solution/solution-00091 
 92 1.281165795100e+11 1.392571516413e+09 768 7235 3201 15 8 9 9 7.73609124e-11 1.30539109e-10 outputs/V3.3e26_D300_G4/solution/solution-00092 
 93 1.295091510264e+11 1.392571516413e+09 768 7235 3201 15 8 9 9 7.35700022e-11 1.24141245e-10 outputs/V3.3e26_D300_G4/solution/solution-00093 
 94 1.309017225428e+11 1.392571516413e+09 768 7235 3201 15 8 9 9 6.99648591e-11 1.18056982e-10 outputs/V3.3e26_D300_G4/solution/solution-00094 
 95 1.322942940592e+11 1.392571516413e+09 768 7235 3201 15 8 9 9 6.65363803e-11 1.12270944e-10 outputs/V3.3e26_D300_G4/solution/solution-00095 
 96 1.336868655756e+11 1.392571516413e+09 768 7235 3201 15 8 9 9 6.32759084e-11 1.06768512e-10 outputs/V3.3e26_D300_G4/solution/solution-00096 
 97 1.350794370920e+11 1.392571516413e+09 768 7235 3201 15 8 9 9 6.01752102e-11 1.01535781e-10 outputs/V3.3e26_D300_G4/solution/solution-00097 
 98 1.364720086084e+11 1.392571516413e+09 768 7235 3201 15 8 9 9 5.72264567e-11 9.65595305e-11 outputs/V3.3e26_D300_G4/solution/solution-00098 
 99 1.378645801248e+11 1.392571516413e+09 768 7235 3201 15 8 9 9 5.44222016e-11 9.18271868e-11 outputs/V3.3e26_D300_G4/solution/solution-00099 
100 1.392571516413e+11 1.392571516413e+09 768 7235 3201 15 8 9 9 5.17553643e-11 8.73267935e-11 outputs/V3.3e26_D300_G4/solution/solution-00100 
