# 1: Time step number
# 2: Time (years)
# 3: Time step size (years)
# 4: Number of mesh cells
# 5: Number of Stokes degrees of freedom
# 6: Number of temperature degrees of freedom
# 7: Iterations for temperature solver
# 8: Iterations for Stokes solver
# 9: Velocity iterations in Stokes preconditioner
# 10: Schur complement iterations in Stokes preconditioner
# 11: RMS velocity (m/year)
# 12: Max. velocity (m/year)
# 13: Visualization file name
  0 0.000000000000e+00 0.000000000000e+00 768 7235 3201  0 8 9 9 1.32245070e-06 2.27249003e-06 outputs/V1e24_D300_G2/solution/solution-00000 
  1 1.392571516413e+09 1.392571516413e+09 768 7235 3201 31 8 9 9 1.57659171e-06 2.71776945e-06 outputs/V1e24_D300_G2/solution/solution-00001 
  2 2.785143032825e+09 1.392571516413e+09 768 7235 3201 25 8 9 9 1.97905148e-06 3.50562083e-06 outputs/V1e24_D300_G2/solution/solution-00002 
  3 4.177714549238e+09 1.392571516413e+09 768 7235 3201 24 8 9 9 2.60942781e-06 4.73971094e-06 outputs/V1e24_D300_G2/solution/solution-00003 
  4 5.570286065650e+09 1.392571516413e+09 768 7235 3201 23 8 9 9 3.59323407e-06 6.65039723e-06 outputs/V1e24_D300_G2/solution/solution-00004 
  5 6.962857582063e+09 1.392571516413e+09 768 7235 3201 22 8 9 9 5.13187502e-06 9.60900641e-06 outputs/V1e24_D300_G2/solution/solution-00005 
  6 8.355429098476e+09 1.392571516413e+09 768 7235 3201 22 8 9 9 7.55160811e-06 1.42183835e-05 outputs/V1e24_D300_G2/solution/solution-00006 
  7 9.748000614888e+09 1.392571516413e+09 768 7235 3201 21 8 9 9 1.13848006e-05 2.14598899e-05 outputs/V1e24_D300_G2/solution/solution-00007 
  8 1.114057213130e+10 1.392571516413e+09 768 7235 3201 21 8 9 9 1.75045760e-05 3.29428809e-05 outputs/V1e24_D300_G2/solution/solution-00008 
  9 1.253314364771e+10 1.392571516413e+09 768 7235 3201 21 8 9 9 2.73481817e-05 5.12988609e-05 outputs/V1e24_D300_G2/solution/solution-00009 
 10 1.392571516413e+10 1.392571516413e+09 768 7235 3201 22 8 9 9 4.32849616e-05 8.08230894e-05 outputs/V1e24_D300_G2/solution/solution-00010 
 11 1.508542849502e+10 1.159713330890e+09 768 7235 3201 21 7 8 8 6.43363151e-05 1.19680398e-04 outputs/V1e24_D300_G2/solution/solution-00011 
 12 1.586881260771e+10 7.833841126908e+08 768 7235 3201 18 7 8 8 8.51260610e-05 1.57941491e-04 outputs/V1e24_D300_G2/solution/solution-00012 
 13 1.646252860489e+10 5.937159971846e+08 768 7235 3201 15 7 8 8 1.05960824e-04 1.96213236e-04 outputs/V1e24_D300_G2/solution/solution-00013 
 14 1.694032511871e+10 4.777965138218e+08 768 7235 3201 14 6 7 7 1.26792597e-04 2.34355654e-04 outputs/V1e24_D300_G2/solution/solution-00014 
 15 1.734041453752e+10 4.000894188048e+08 768 7235 3201 12 6 7 7 1.47583090e-04 2.72366734e-04 outputs/V1e24_D300_G2/solution/solution-00015 
 16 1.768470136960e+10 3.442868320864e+08 768 7235 3201 12 6 7 7 1.68287206e-04 3.09969395e-04 outputs/V1e24_D300_G2/solution/solution-00016 
 17 1.798702740707e+10 3.023260374636e+08 768 7235 3201 11 6 7 7 1.88865932e-04 3.47441844e-04 outputs/V1e24_D300_G2/solution/solution-00017 
 18 1.825688687176e+10 2.698594646876e+08 768 7235 3201 11 6 7 7 2.09297477e-04 3.84413989e-04 outputs/V1e24_D300_G2/solution/solution-00018 
 19 1.850085992987e+10 2.439730581097e+08 768 7235 3201 10 6 7 7 2.29551011e-04 4.20893363e-04 outputs/V1e24_D300_G2/solution/solution-00019 
 20 1.872360043417e+10 2.227405043086e+08 768 7235 3201 10 6 7 7 2.49579333e-04 4.56817081e-04 outputs/V1e24_D300_G2/solution/solution-00020 
 21 1.892882480941e+10 2.052243752394e+08 768 7235 3201 10 6 7 7 2.69353489e-04 4.92042477e-04 outputs/V1e24_D300_G2/solution/solution-00021 
 22 1.911939110788e+10 1.905662984689e+08 768 7235 3201 10 6 7 7 2.88840843e-04 5.26644032e-04 outputs/V1e24_D300_G2/solution/solution-00022 
 23 1.929749377783e+10 1.781026699482e+08 768 7235 3201  9 6 7 7 3.07999708e-04 5.60315696e-04 outputs/V1e24_D300_G2/solution/solution-00023 
 24 1.946481520244e+10 1.673214246130e+08 768 7235 3201  9 6 7 7 3.26777230e-04 5.92952709e-04 outputs/V1e24_D300_G2/solution/solution-00024 
 25 1.962285707515e+10 1.580418727065e+08 768 7235 3201  9 6 7 7 3.45134828e-04 6.24881291e-04 outputs/V1e24_D300_G2/solution/solution-00025 
 26 1.977285696455e+10 1.499998893992e+08 768 7235 3201  9 6 7 7 3.63032227e-04 6.55767791e-04 outputs/V1e24_D300_G2/solution/solution-00026 
 27 1.991584798969e+10 1.429910251409e+08 768 7235 3201  9 6 7 7 3.80428097e-04 6.85423615e-04 outputs/V1e24_D300_G2/solution/solution-00027 
 28 2.005270257147e+10 1.368545817753e+08 768 7235 3201  9 6 7 7 3.97280698e-04 7.13781219e-04 outputs/V1e24_D300_G2/solution/solution-00028 
 29 2.018408079826e+10 1.313782267948e+08 768 7235 3201  9 6 7 7 4.13538112e-04 7.40856811e-04 outputs/V1e24_D300_G2/solution/solution-00029 
 30 2.031062346974e+10 1.265426714770e+08 768 7235 3201  9 6 7 7 4.29159860e-04 7.66690979e-04 outputs/V1e24_D300_G2/solution/solution-00030 
 31 2.043290220083e+10 1.222787310963e+08 768 7235 3201  9 6 7 7 4.44109218e-04 7.91042959e-04 outputs/V1e24_D300_G2/solution/solution-00031 
 32 2.055141662404e+10 1.185144232029e+08 768 7235 3201  9 6 7 7 4.58351526e-04 8.13871772e-04 outputs/V1e24_D300_G2/solution/solution-00032 
 33 2.066660675996e+10 1.151901359252e+08 768 7235 3201  9 6 7 7 4.71854733e-04 8.35143873e-04 outputs/V1e24_D300_G2/solution/solution-00033 
 34 2.077886286702e+10 1.122561070565e+08 768 7235 3201  9 6 7 7 4.84589867e-04 8.54900028e-04 outputs/V1e24_D300_G2/solution/solution-00034 
 35 2.088853336426e+10 1.096704972416e+08 768 7235 3201  9 6 7 7 4.96531464e-04 8.73196831e-04 outputs/V1e24_D300_G2/solution/solution-00035 
 36 2.099593126392e+10 1.073978996619e+08 768 7235 3201  9 6 7 7 5.07657920e-04 8.89866990e-04 outputs/V1e24_D300_G2/solution/solution-00036 
 37 2.110133943887e+10 1.054081749433e+08 768 7235 3201  9 6 7 7 5.17951773e-04 9.04906043e-04 outputs/V1e24_D300_G2/solution/solution-00037 
 38 2.120501096594e+10 1.036715270765e+08 768 7235 3201  9 6 7 7 5.27399558e-04 9.18316915e-04 outputs/V1e24_D300_G2/solution/solution-00038 
 39 2.130715417129e+10 1.021432053523e+08 768 7235 3201  9 5 6 6 5.35990594e-04 9.30107950e-04 outputs/V1e24_D300_G2/solution/solution-00039 
 40 2.140799023266e+10 1.008360613639e+08 768 7235 3201  9 5 6 6 5.43721866e-04 9.40299342e-04 outputs/V1e24_D300_G2/solution/solution-00040 
 41 2.150772304583e+10 9.973281316980e+07 768 7235 3201  9 5 6 6 5.50594704e-04 9.49778649e-04 outputs/V1e24_D300_G2/solution/solution-00041 
 42 2.160643579654e+10 9.871275070898e+07 768 7235 3201  9 5 6 6 5.56608663e-04 9.62855797e-04 outputs/V1e24_D300_G2/solution/solution-00042 
 43 2.170379300037e+10 9.735720383241e+07 768 7235 3201  9 5 6 6 5.61751048e-04 9.74136420e-04 outputs/V1e24_D300_G2/solution/solution-00043 
 44 2.180000547310e+10 9.621247273501e+07 768 7235 3201  9 5 6 6 5.66052299e-04 9.83628037e-04 outputs/V1e24_D300_G2/solution/solution-00044 
 45 2.189526998204e+10 9.526450893587e+07 768 7235 3201  8 5 6 6 5.69544495e-04 9.91757572e-04                                            "" 
 46 2.198977133657e+10 9.450135452910e+07 768 7235 3201  8 5 6 6 5.72260896e-04 9.98229086e-04 outputs/V1e24_D300_G2/solution/solution-00045 
 47 2.208368417764e+10 9.391284107088e+07 768 7235 3201  8 5 6 6 5.74235507e-04 1.00301713e-03 outputs/V1e24_D300_G2/solution/solution-00046 
 48 2.217717451562e+10 9.349033798496e+07 768 7235 3201  8 5 6 6 5.75502698e-04 1.00614923e-03 outputs/V1e24_D300_G2/solution/solution-00047 
 49 2.227040105541e+10 9.322653978962e+07 768 7235 3201  8 5 6 6 5.76096860e-04 1.00765900e-03 outputs/V1e24_D300_G2/solution/solution-00048 
 50 2.236346541131e+10 9.306435589096e+07 768 7235 3201  9 5 6 6 5.76052300e-04 1.00770939e-03 outputs/V1e24_D300_G2/solution/solution-00049 
 51 2.245649818550e+10 9.303277419405e+07 768 7235 3201  9 5 6 6 5.75403750e-04 1.00652721e-03 outputs/V1e24_D300_G2/solution/solution-00050 
 52 2.254964022819e+10 9.314204269482e+07 768 7235 3201  9 5 6 6 5.74185269e-04 1.00386936e-03 outputs/V1e24_D300_G2/solution/solution-00051 
 53 2.264302887426e+10 9.338864606282e+07 768 7235 3201  9 5 6 6 5.72429916e-04 9.99895530e-04 outputs/V1e24_D300_G2/solution/solution-00052 
 54 2.273679858933e+10 9.376971507070e+07 768 7235 3201  9 5 6 6 5.70169614e-04 9.94908289e-04 outputs/V1e24_D300_G2/solution/solution-00053 
 55 2.283107112611e+10 9.427253678432e+07 768 7235 3201  9 5 6 6 5.67435375e-04 9.88613280e-04 outputs/V1e24_D300_G2/solution/solution-00054 
 56 2.292590712011e+10 9.483599399964e+07 768 7235 3201  9 5 6 6 5.64259185e-04 9.81079625e-04 outputs/V1e24_D300_G2/solution/solution-00055 
 57 2.302143471386e+10 9.552759374662e+07 768 7235 3201  9 5 6 6 5.60670036e-04 9.72995670e-04 outputs/V1e24_D300_G2/solution/solution-00056 
 58 2.311778105259e+10 9.634633872905e+07 768 7235 3201  9 5 6 6 5.56695394e-04 9.63917133e-04 outputs/V1e24_D300_G2/solution/solution-00057 
 59 2.321507259657e+10 9.729154397826e+07 768 7235 3201  9 5 6 6 5.52361216e-04 9.53777622e-04 outputs/V1e24_D300_G2/solution/solution-00058 
 60 2.331337543588e+10 9.830283931389e+07 768 7235 3201  9 5 6 6 5.47694909e-04 9.43019327e-04 outputs/V1e24_D300_G2/solution/solution-00059 
 61 2.341279015341e+10 9.941471752636e+07 768 7235 3201  9 5 6 6 5.42721264e-04 9.31418609e-04 outputs/V1e24_D300_G2/solution/solution-00060 
 62 2.351344307051e+10 1.006529171066e+08 768 7235 3201  9 5 6 6 5.37462451e-04 9.19269735e-04 outputs/V1e24_D300_G2/solution/solution-00061 
 63 2.361546077172e+10 1.020177012055e+08 768 7235 3201  9 5 6 6 5.31939215e-04 9.06428298e-04 outputs/V1e24_D300_G2/solution/solution-00062 
 64 2.371889307007e+10 1.034322983499e+08 768 7235 3201  9 5 6 6 5.26175328e-04 8.92918547e-04 outputs/V1e24_D300_G2/solution/solution-00063 
 65 2.382385931588e+10 1.049662458103e+08 768 7235 3201  9 5 6 6 5.20189750e-04 8.79314303e-04 outputs/V1e24_D300_G2/solution/solution-00064 
 66 2.393048928548e+10 1.066299695995e+08 768 7235 3201  9 5 6 6 5.13999695e-04 8.65061762e-04 outputs/V1e24_D300_G2/solution/solution-00065 
 67 2.403887880384e+10 1.083895183615e+08 768 7235 3201  9 5 6 6 5.07623345e-04 8.50484435e-04 outputs/V1e24_D300_G2/solution/solution-00066 
 68 2.414911009803e+10 1.102312941924e+08 768 7235 3201  9 5 6 6 5.01078863e-04 8.35499876e-04 outputs/V1e24_D300_G2/solution/solution-00067 
 69 2.426131837325e+10 1.122082752159e+08 768 7235 3201  9 5 6 6 4.94380513e-04 8.20334410e-04 outputs/V1e24_D300_G2/solution/solution-00068 
 70 2.437563366519e+10 1.143152919461e+08 768 7235 3201  8 5 6 6 4.87542187e-04 8.04785894e-04 outputs/V1e24_D300_G2/solution/solution-00069 
 71 2.449211973414e+10 1.164860689497e+08 768 7235 3201  8 5 6 6 4.80581210e-04 7.90551217e-04 outputs/V1e24_D300_G2/solution/solution-00070 
 72 2.461081060099e+10 1.186908668430e+08 768 7235 3201  8 5 6 6 4.73516216e-04 7.80826495e-04 outputs/V1e24_D300_G2/solution/solution-00071 
 73 2.473099144726e+10 1.201808462776e+08 768 7235 3201  8 5 6 6 4.66409404e-04 7.71178433e-04 outputs/V1e24_D300_G2/solution/solution-00072 
 74 2.485268764834e+10 1.216962010755e+08 768 7235 3201  8 5 6 6 4.59277612e-04 7.61632494e-04 outputs/V1e24_D300_G2/solution/solution-00073 
 75 2.497592096534e+10 1.232333169976e+08 768 7235 3201  8 5 6 6 4.52136909e-04 7.52211314e-04 outputs/V1e24_D300_G2/solution/solution-00074 
 76 2.510068828510e+10 1.247673197643e+08 768 7235 3201  8 5 6 6 4.45003863e-04 7.42936376e-04 outputs/V1e24_D300_G2/solution/solution-00075 
 77 2.522699843969e+10 1.263101545886e+08 768 7235 3201  8 5 6 6 4.37893469e-04 7.33825317e-04 outputs/V1e24_D300_G2/solution/solution-00076 
 78 2.535486205112e+10 1.278636114323e+08 768 7235 3201  8 5 6 6 4.30819815e-04 7.24892947e-04 outputs/V1e24_D300_G2/solution/solution-00077 
 79 2.548428646098e+10 1.294244098618e+08 768 7235 3201  8 5 6 6 4.23796443e-04 7.16151822e-04 outputs/V1e24_D300_G2/solution/solution-00078 
 80 2.561527584177e+10 1.309893807812e+08 768 7235 3201  8 5 6 6 4.16836371e-04 7.07612407e-04 outputs/V1e24_D300_G2/solution/solution-00079 
 81 2.574783131590e+10 1.325554741371e+08 768 7235 3201  8 5 6 6 4.09952121e-04 6.99283242e-04 outputs/V1e24_D300_G2/solution/solution-00080 
 82 2.588195108193e+10 1.341197660294e+08 768 7235 3201  8 5 6 6 4.03155714e-04 6.91171099e-04 outputs/V1e24_D300_G2/solution/solution-00081 
 83 2.601763054708e+10 1.356794651466e+08 768 7235 3201  8 5 6 6 3.96458670e-04 6.83281142e-04 outputs/V1e24_D300_G2/solution/solution-00082 
 84 2.615486246552e+10 1.372319184391e+08 768 7235 3201  8 5 6 6 3.89871983e-04 6.75617072e-04 outputs/V1e24_D300_G2/solution/solution-00083 
 85 2.629363708149e+10 1.387746159704e+08 768 7235 3201  8 5 6 6 3.83406099e-04 6.68186235e-04 outputs/V1e24_D300_G2/solution/solution-00084 
 86 2.643394227639e+10 1.403051949009e+08 768 7235 3201  8 5 6 6 3.77070873e-04 6.61042493e-04 outputs/V1e24_D300_G2/solution/solution-00085 
 87 2.657576371897e+10 1.418214425785e+08 768 7235 3201  8 5 6 6 3.70875539e-04 6.54124689e-04 outputs/V1e24_D300_G2/solution/solution-00086 
 88 2.671908501768e+10 1.433212987158e+08 768 7235 3201  8 5 6 6 3.64828664e-04 6.47431979e-04 outputs/V1e24_D300_G2/solution/solution-00087 
 89 2.686388787432e+10 1.448028566387e+08 768 7235 3201  8 5 6 6 3.58938111e-04 6.40962690e-04 outputs/V1e24_D300_G2/solution/solution-00088 
 90 2.701015223791e+10 1.462643635841e+08 768 7235 3201  8 5 6 6 3.53211004e-04 6.34714431e-04 outputs/V1e24_D300_G2/solution/solution-00089 
 91 2.715785645793e+10 1.477042200229e+08 768 7235 3201  8 5 6 6 3.47653700e-04 6.28684182e-04 outputs/V1e24_D300_G2/solution/solution-00090 
 92 2.730697743591e+10 1.491209779776e+08 768 7235 3201  8 5 6 6 3.42271762e-04 6.22868385e-04 outputs/V1e24_D300_G2/solution/solution-00091 
 93 2.745749077421e+10 1.505133383000e+08 768 7235 3201  8 5 6 6 3.37069954e-04 6.17263032e-04 outputs/V1e24_D300_G2/solution/solution-00092 
 94 2.760937092108e+10 1.518801468780e+08 768 7235 3201  8 5 6 6 3.32052234e-04 6.11863735e-04 outputs/V1e24_D300_G2/solution/solution-00093 
 95 2.776259131083e+10 1.532203897474e+08 768 7235 3201  8 5 6 6 3.27221766e-04 6.06665803e-04 outputs/V1e24_D300_G2/solution/solution-00094 
 96 2.791712449793e+10 1.545331870982e+08 768 7235 3201  8 5 6 6 3.22580933e-04 6.01664305e-04 outputs/V1e24_D300_G2/solution/solution-00095 
 97 2.807294228411e+10 1.558177861840e+08 768 7235 3201  8 5 6 6 3.18131373e-04 5.96854137e-04 outputs/V1e24_D300_G2/solution/solution-00096 
 98 2.823001583728e+10 1.570735531703e+08 768 7235 3201  8 5 6 6 3.13874014e-04 5.92230078e-04 outputs/V1e24_D300_G2/solution/solution-00097 
 99 2.838831580127e+10 1.582999639817e+08 768 7235 3201  8 5 6 6 3.09809119e-04 5.87786846e-04 outputs/V1e24_D300_G2/solution/solution-00098 
100 2.854781239551e+10 1.594965942399e+08 768 7235 3201  8 5 6 6 3.05936343e-04 5.83519147e-04 outputs/V1e24_D300_G2/solution/solution-00099 
