# 1: Time step number
# 2: Time (years)
# 3: Time step size (years)
# 4: Number of mesh cells
# 5: Number of Stokes degrees of freedom
# 6: Number of temperature degrees of freedom
# 7: Iterations for temperature solver
# 8: Iterations for Stokes solver
# 9: Velocity iterations in Stokes preconditioner
# 10: Schur complement iterations in Stokes preconditioner
# 11: RMS velocity (m/year)
# 12: Max. velocity (m/year)
# 13: Visualization file name
  0 0.000000000000e+00 0.000000000000e+00 768 7235 3201  0 8 9 9 2.44094461e-06 5.14284048e-06 outputs/V3.3e24_D3000_G12/solution/solution-00000 
  1 1.392571516413e+09 1.392571516413e+09 768 7235 3201 31 8 9 9 9.71999197e-06 1.66752179e-05 outputs/V3.3e24_D3000_G12/solution/solution-00001 
  2 2.785143032825e+09 1.392571516413e+09 768 7235 3201 25 8 9 9 4.45854842e-05 7.81207021e-05 outputs/V3.3e24_D3000_G12/solution/solution-00002 
  3 3.985209052270e+09 1.200066019445e+09 768 7235 3201 25 8 9 9 1.71286711e-04 3.05307518e-04 outputs/V3.3e24_D3000_G12/solution/solution-00003 
  4 4.292276498456e+09 3.070674461858e+08 768 7235 3201 14 8 9 9 2.76218505e-04 4.94815957e-04 outputs/V3.3e24_D3000_G12/solution/solution-00004 
  5 4.481807258418e+09 1.895307599625e+08 768 7235 3201 12 7 8 8 3.82600717e-04 6.87456215e-04 outputs/V3.3e24_D3000_G12/solution/solution-00005 
  6 4.618213500434e+09 1.364062420159e+08 768 7235 3201 11 7 8 8 4.87535801e-04 8.77616984e-04 outputs/V3.3e24_D3000_G12/solution/solution-00006 
  7 4.725014496383e+09 1.068009959488e+08 768 7235 3201 10 7 8 8 5.90263611e-04 1.06417084e-03 outputs/V3.3e24_D3000_G12/solution/solution-00007 
  8 4.813094140327e+09 8.807964394407e+07 768 7235 3201 10 6 7 7 6.90632820e-04 1.24685904e-03 outputs/V3.3e24_D3000_G12/solution/solution-00008 
  9 4.888304303360e+09 7.521016303347e+07 768 7235 3201 10 6 7 7 7.88646208e-04 1.42507667e-03                                                "" 
 10 4.954108384058e+09 6.580408069783e+07 768 7235 3201 10 6 7 7 8.84280548e-04 1.59910001e-03 outputs/V3.3e24_D3000_G12/solution/solution-00009 
 11 5.012735111079e+09 5.862672702130e+07 768 7235 3201 10 6 7 7 9.77490689e-04 1.76877018e-03 outputs/V3.3e24_D3000_G12/solution/solution-00010 
 12 5.065738040031e+09 5.300292895181e+07 768 7235 3201 10 6 7 7 1.06826502e-03 1.93371831e-03                                                "" 
 13 5.114224758458e+09 4.848671842714e+07 768 7235 3201 10 6 7 7 1.15656469e-03 2.09456837e-03 outputs/V3.3e24_D3000_G12/solution/solution-00011 
 14 5.159006277476e+09 4.478151901768e+07 768 7235 3201 10 6 7 7 1.24231280e-03 2.25020994e-03                                                "" 
 15 5.200671432005e+09 4.166515452910e+07 768 7235 3201 10 6 7 7 1.32535744e-03 2.40026265e-03 outputs/V3.3e24_D3000_G12/solution/solution-00012 
 16 5.239714336078e+09 3.904290407257e+07 768 7235 3201 10 6 7 7 1.40561242e-03 2.54627186e-03                                                "" 
 17 5.276527927041e+09 3.681359096342e+07 768 7235 3201 10 6 7 7 1.48297985e-03 2.68685249e-03                                                "" 
 18 5.311430429272e+09 3.490250223038e+07 768 7235 3201 10 6 7 7 1.55735346e-03 2.82130846e-03 outputs/V3.3e24_D3000_G12/solution/solution-00013 
 19 5.344675016836e+09 3.324458756467e+07 768 7235 3201 10 6 7 7 1.62860283e-03 2.94949581e-03                                                "" 
 20 5.376460110306e+09 3.178509347019e+07 768 7235 3201 11 6 7 7 1.69657073e-03 3.07234152e-03                                                "" 
 21 5.406974296135e+09 3.051418582879e+07 768 7235 3201 11 6 7 7 1.76115274e-03 3.18831410e-03 outputs/V3.3e24_D3000_G12/solution/solution-00014 
 22 5.436378550902e+09 2.940425476676e+07 768 7235 3201 11 6 7 7 1.82224615e-03 3.29719774e-03                                                "" 
 23 5.464811786434e+09 2.843323553184e+07 768 7235 3201 11 6 7 7 1.87975187e-03 3.40022908e-03                                                "" 
 24 5.492395098436e+09 2.758331200227e+07 768 7235 3201 11 6 7 7 1.93357612e-03 3.49600420e-03                                                "" 
 25 5.519224907457e+09 2.682980902141e+07 768 7235 3201 11 6 7 7 1.98361340e-03 3.58416403e-03 outputs/V3.3e24_D3000_G12/solution/solution-00015 
 26 5.545385348539e+09 2.616044108196e+07 768 7235 3201 11 6 7 7 2.02976998e-03 3.66453431e-03                                                "" 
 27 5.570963015700e+09 2.557766716056e+07 768 7235 3201 11 6 7 7 2.07198642e-03 3.73709323e-03                                                "" 
 28 5.596035987752e+09 2.507297205237e+07 768 7235 3201 11 6 7 7 2.11021310e-03 3.80415948e-03                                                "" 
 29 5.620675267674e+09 2.463927992189e+07 768 7235 3201 11 6 7 7 2.14441069e-03 3.86320727e-03 outputs/V3.3e24_D3000_G12/solution/solution-00016 
 30 5.644945969523e+09 2.427070184841e+07 768 7235 3201 11 6 7 7 2.17455063e-03 3.91418391e-03                                                "" 
 31 5.668908308563e+09 2.396233904059e+07 768 7235 3201 11 6 7 7 2.20061531e-03 3.95706258e-03                                                "" 
 32 5.692612525606e+09 2.370421704256e+07 768 7235 3201 11 6 7 7 2.22259314e-03 3.99183479e-03                                                "" 
 33 5.716101132271e+09 2.348860666499e+07 768 7235 3201 11 6 7 7 2.24048454e-03 4.01950066e-03 outputs/V3.3e24_D3000_G12/solution/solution-00017 
 34 5.739424924941e+09 2.332379267036e+07 768 7235 3201 11 6 7 7 2.25431339e-03 4.03965978e-03                                                "" 
 35 5.762632324874e+09 2.320739993300e+07 768 7235 3201 11 5 6 6 2.26411369e-03 4.05185437e-03                                                "" 
 36 5.785769879036e+09 2.313755416162e+07 768 7235 3201 11 5 6 6 2.26992906e-03 4.05618850e-03                                                "" 
 37 5.808882710211e+09 2.311283117490e+07 768 7235 3201 11 5 6 6 2.27181236e-03 4.05291564e-03 outputs/V3.3e24_D3000_G12/solution/solution-00018 
 38 5.832014927171e+09 2.313221696060e+07 768 7235 3201 11 5 6 6 2.26982514e-03 4.04333026e-03                                                "" 
 39 5.855210006078e+09 2.319507890706e+07 768 7235 3201 11 6 7 7 2.26403713e-03 4.02627683e-03                                                "" 
 40 5.878509808910e+09 2.329980283185e+07 768 7235 3201 11 6 7 7 2.25452634e-03 4.00193884e-03                                                "" 
 41 5.901944675618e+09 2.343486670762e+07 768 7235 3201 11 6 7 7 2.24138593e-03 3.97053773e-03 outputs/V3.3e24_D3000_G12/solution/solution-00019 
 42 5.925558359126e+09 2.361368350806e+07 768 7235 3201 11 6 7 7 2.22471280e-03 3.93230391e-03                                                "" 
 43 5.949395227683e+09 2.383686855739e+07 768 7235 3201 11 6 7 7 2.20460914e-03 3.88748295e-03                                                "" 
 44 5.973500611432e+09 2.410538374854e+07 768 7235 3201 11 6 7 7 2.18118198e-03 3.83779709e-03                                                "" 
 45 5.997921159223e+09 2.442054779083e+07 768 7235 3201 11 6 7 7 2.15454264e-03 3.78574822e-03                                                "" 
 46 6.022685088201e+09 2.476392897820e+07 768 7235 3201 11 6 7 7 2.12483142e-03 3.72943333e-03 outputs/V3.3e24_D3000_G12/solution/solution-00020 
 47 6.047822955457e+09 2.513786725634e+07 768 7235 3201 11 6 7 7 2.09219918e-03 3.66678945e-03                                                "" 
 48 6.073393985302e+09 2.557102984487e+07 768 7235 3201 11 6 7 7 2.05676786e-03 3.59873547e-03                                                "" 
 49 6.099460430305e+09 2.606644500308e+07 768 7235 3201 11 6 7 7 2.01865767e-03 3.52440823e-03                                                "" 
 50 6.126066605856e+09 2.660617555057e+07 768 7235 3201 11 6 7 7 1.97802096e-03 3.44424276e-03 outputs/V3.3e24_D3000_G12/solution/solution-00021 
 51 6.153281542670e+09 2.721493681386e+07 768 7235 3201 11 6 7 7 1.93498043e-03 3.39559254e-03                                                "" 
 52 6.180891589970e+09 2.761004730005e+07 768 7235 3201 10 6 7 7 1.89012861e-03 3.35280693e-03                                                "" 
 53 6.208853235791e+09 2.796164582141e+07 768 7235 3201 10 6 7 7 1.84381318e-03 3.30667485e-03 outputs/V3.3e24_D3000_G12/solution/solution-00022 
 54 6.237204980175e+09 2.835174438364e+07 768 7235 3201 10 6 7 7 1.79624491e-03 3.25735191e-03                                                "" 
 55 6.265986027625e+09 2.878104745029e+07 768 7235 3201 10 6 7 7 1.74762433e-03 3.20507896e-03                                                "" 
 56 6.295236477038e+09 2.925044941276e+07 768 7235 3201 10 6 7 7 1.69814173e-03 3.15009255e-03                                                "" 
 57 6.324997507391e+09 2.976103035323e+07 768 7235 3201 10 6 7 7 1.64797732e-03 3.09262516e-03 outputs/V3.3e24_D3000_G12/solution/solution-00023 
 58 6.355311559432e+09 3.031405204138e+07 768 7235 3201 10 6 7 7 1.59730154e-03 3.03290537e-03                                                "" 
 59 6.386222514009e+09 3.091095457707e+07 768 7235 3201 10 6 7 7 1.54627543e-03 2.97115803e-03                                                "" 
 60 6.417775867631e+09 3.155335362132e+07 768 7235 3201 10 6 7 7 1.49505106e-03 2.90760443e-03 outputs/V3.3e24_D3000_G12/solution/solution-00024 
 61 6.450018905629e+09 3.224303799880e+07 768 7235 3201 10 6 7 7 1.44377193e-03 2.84246233e-03                                                "" 
 62 6.483000873027e+09 3.298196739703e+07 768 7235 3201  9 6 7 7 1.39257341e-03 2.77594608e-03                                                "" 
 63 6.516773142885e+09 3.377226985873e+07 768 7235 3201  9 6 7 7 1.34158322e-03 2.70843391e-03 outputs/V3.3e24_D3000_G12/solution/solution-00025 
 64 6.551389381626e+09 3.461623874077e+07 768 7235 3201  9 6 7 7 1.29092182e-03 2.64043954e-03                                                "" 
 65 6.586905710414e+09 3.551632878792e+07 768 7235 3201  9 6 7 7 1.24070285e-03 2.57167305e-03                                                "" 
 66 6.623380861354e+09 3.647515093975e+07 768 7235 3201  9 6 7 7 1.19103346e-03 2.50233752e-03 outputs/V3.3e24_D3000_G12/solution/solution-00026 
 67 6.660876326808e+09 3.749546545427e+07 768 7235 3201  9 6 7 7 1.14201467e-03 2.43263176e-03                                                "" 
 68 6.699456499701e+09 3.858017289279e+07 768 7235 3201  9 6 7 7 1.09374168e-03 2.36274989e-03                                                "" 
 69 6.739179263550e+09 3.972276384935e+07 768 7235 3201  9 6 7 7 1.04631518e-03 2.29289740e-03 outputs/V3.3e24_D3000_G12/solution/solution-00027 
 70 6.780102152193e+09 4.092288864274e+07 768 7235 3201  9 6 7 7 9.99832122e-04 2.22327780e-03                                                "" 
 71 6.822295629120e+09 4.219347692693e+07 768 7235 3201  9 6 7 7 9.54371023e-04 2.15406954e-03 outputs/V3.3e24_D3000_G12/solution/solution-00028 
 72 6.865832899841e+09 4.353727072097e+07 768 7235 3201  9 6 7 7 9.10005130e-04 2.08544424e-03                                                "" 
 73 6.910789891126e+09 4.495699128565e+07 768 7235 3201  8 6 7 7 8.66802428e-04 2.01756613e-03 outputs/V3.3e24_D3000_G12/solution/solution-00029 
 74 6.957245193126e+09 4.645530200001e+07 768 7235 3201  8 6 7 7 8.24825622e-04 1.95059146e-03                                                "" 
 75 7.005279958705e+09 4.803476557870e+07 768 7235 3201  8 6 7 7 7.84132062e-04 1.88466802e-03 outputs/V3.3e24_D3000_G12/solution/solution-00030 
 76 7.054977754212e+09 4.969779550663e+07 768 7235 3201  8 6 7 7 7.44773623e-04 1.82112177e-03                                                "" 
 77 7.106424355851e+09 5.144660163893e+07 768 7235 3201  8 6 7 7 7.06796550e-04 1.75905087e-03 outputs/V3.3e24_D3000_G12/solution/solution-00031 
 78 7.159707485934e+09 5.328313008295e+07 768 7235 3201  8 6 7 7 6.70241266e-04 1.69840323e-03                                                "" 
 79 7.214916483648e+09 5.520899771434e+07 768 7235 3201  8 6 7 7 6.35142156e-04 1.63928558e-03 outputs/V3.3e24_D3000_G12/solution/solution-00032 
 80 7.272141905616e+09 5.722542196849e+07 768 7235 3201  8 6 7 7 6.01527337e-04 1.58179365e-03                                                "" 
 81 7.331475052498e+09 5.933314688153e+07 768 7235 3201  8 6 7 7 5.69418427e-04 1.52601199e-03 outputs/V3.3e24_D3000_G12/solution/solution-00033 
 82 7.392949406027e+09 6.147435352859e+07 768 7235 3201  8 6 7 7 5.38857825e-04 1.47206285e-03                                                "" 
 83 7.456635586712e+09 6.368618068505e+07 768 7235 3201  8 6 7 7 5.09855274e-04 1.42096909e-03 outputs/V3.3e24_D3000_G12/solution/solution-00034 
 84 7.522611687507e+09 6.597610079563e+07 768 7235 3201  8 6 7 7 4.82407809e-04 1.37179244e-03 outputs/V3.3e24_D3000_G12/solution/solution-00035 
 85 7.590952930197e+09 6.834124268934e+07 768 7235 3201  7 6 7 7 4.56505130e-04 1.32456493e-03                                                "" 
 86 7.661730887592e+09 7.077795739571e+07 768 7235 3201  7 6 7 7 4.32129655e-04 1.27930820e-03 outputs/V3.3e24_D3000_G12/solution/solution-00036 
 87 7.735012681602e+09 7.328179400999e+07 768 7235 3201  7 5 6 6 4.09256685e-04 1.23672347e-03 outputs/V3.3e24_D3000_G12/solution/solution-00037 
 88 7.810860171405e+09 7.584748980255e+07 768 7235 3201  7 5 6 6 3.87854722e-04 1.19633668e-03 outputs/V3.3e24_D3000_G12/solution/solution-00038 
 89 7.889329144316e+09 7.846897291127e+07 768 7235 3201  7 5 6 6 3.67885826e-04 1.15787939e-03                                                "" 
 90 7.970376502313e+09 8.104735799656e+07 768 7235 3201  8 5 6 6 3.49326028e-04 1.12137276e-03 outputs/V3.3e24_D3000_G12/solution/solution-00039 
 91 8.054010070158e+09 8.363356784502e+07 768 7235 3201  8 5 6 6 3.32126508e-04 1.08679375e-03 outputs/V3.3e24_D3000_G12/solution/solution-00040 
 92 8.140250400111e+09 8.624032995304e+07 768 7235 3201  8 5 6 6 3.16228677e-04 1.05410168e-03 outputs/V3.3e24_D3000_G12/solution/solution-00041 
 93 8.229109424464e+09 8.885902435317e+07 768 7235 3201  8 5 6 6 3.01570627e-04 1.02379472e-03 outputs/V3.3e24_D3000_G12/solution/solution-00042 
 94 8.320590145191e+09 9.148072072687e+07 768 7235 3201  8 5 6 6 2.88088032e-04 9.95935315e-04 outputs/V3.3e24_D3000_G12/solution/solution-00043 
 95 8.414686423101e+09 9.409627791038e+07 768 7235 3201  8 5 6 6 2.75715077e-04 9.69729312e-04 outputs/V3.3e24_D3000_G12/solution/solution-00044 
 96 8.511382867182e+09 9.669644408129e+07 768 7235 3201  8 5 6 6 2.64385359e-04 9.45120373e-04 outputs/V3.3e24_D3000_G12/solution/solution-00045 
 97 8.610654822723e+09 9.927195554085e+07 768 7235 3201  8 5 6 6 2.54032747e-04 9.22050233e-04 outputs/V3.3e24_D3000_G12/solution/solution-00046 
 98 8.712468454841e+09 1.018136321177e+08 768 7235 3201  8 5 6 6 2.44592164e-04 9.00459492e-04 outputs/V3.3e24_D3000_G12/solution/solution-00047 
 99 8.816712661306e+09 1.042442064652e+08 768 7235 3201  8 5 6 6 2.36005538e-04 8.80300895e-04 outputs/V3.3e24_D3000_G12/solution/solution-00048 
100 8.923276977334e+09 1.065643160275e+08 768 7235 3201  8 5 6 6 2.28214076e-04 8.61521296e-04 outputs/V3.3e24_D3000_G12/solution/solution-00049 
