# 1: Time step number
# 2: Time (years)
# 3: Time step size (years)
# 4: Number of mesh cells
# 5: Number of Stokes degrees of freedom
# 6: Number of temperature degrees of freedom
# 7: Iterations for temperature solver
# 8: Iterations for Stokes solver
# 9: Velocity iterations in Stokes preconditioner
# 10: Schur complement iterations in Stokes preconditioner
# 11: RMS velocity (m/year)
# 12: Max. velocity (m/year)
# 13: Visualization file name
  0 0.000000000000e+00 0.000000000000e+00 768 7235 3201  0 8 9 9 8.03194644e-09 1.42896370e-08 outputs/V3.3e26_D10_G4/solution/solution-00000 
  1 1.392571516413e+09 1.392571516413e+09 768 7235 3201 32 8 9 9 7.59871152e-09 1.28456504e-08 outputs/V3.3e26_D10_G4/solution/solution-00001 
  2 2.785143032825e+09 1.392571516413e+09 768 7235 3201 25 8 9 9 7.20134103e-09 1.21547387e-08 outputs/V3.3e26_D10_G4/solution/solution-00002 
  3 4.177714549238e+09 1.392571516413e+09 768 7235 3201 24 8 9 9 6.83060402e-09 1.15340192e-08 outputs/V3.3e26_D10_G4/solution/solution-00003 
  4 5.570286065650e+09 1.392571516413e+09 768 7235 3201 23 8 9 9 6.48077437e-09 1.09478925e-08 outputs/V3.3e26_D10_G4/solution/solution-00004 
  5 6.962857582063e+09 1.392571516413e+09 768 7235 3201 23 8 9 9 6.15074802e-09 1.03944252e-08 outputs/V3.3e26_D10_G4/solution/solution-00005 
  6 8.355429098476e+09 1.392571516413e+09 768 7235 3201 22 8 9 9 5.83916442e-09 9.87135910e-09 outputs/V3.3e26_D10_G4/solution/solution-00006 
  7 9.748000614888e+09 1.392571516413e+09 768 7235 3201 21 8 9 9 5.54473673e-09 9.37655466e-09 outputs/V3.3e26_D10_G4/solution/solution-00007 
  8 1.114057213130e+10 1.392571516413e+09 768 7235 3201 21 8 9 9 5.26628535e-09 8.90808437e-09 outputs/V3.3e26_D10_G4/solution/solution-00008 
  9 1.253314364771e+10 1.392571516413e+09 768 7235 3201 21 8 9 9 5.00274152e-09 8.46422685e-09 outputs/V3.3e26_D10_G4/solution/solution-00009 
 10 1.392571516413e+10 1.392571516413e+09 768 7235 3201 20 8 9 9 4.75313906e-09 8.04343847e-09 outputs/V3.3e26_D10_G4/solution/solution-00010 
 11 1.531828668054e+10 1.392571516413e+09 768 7235 3201 20 8 9 9 4.51660238e-09 7.64432461e-09 outputs/V3.3e26_D10_G4/solution/solution-00011 
 12 1.671085819695e+10 1.392571516413e+09 768 7235 3201 20 8 9 9 4.29233467e-09 7.26561573e-09 outputs/V3.3e26_D10_G4/solution/solution-00012 
 13 1.810342971336e+10 1.392571516413e+09 768 7235 3201 20 8 9 9 4.07960756e-09 6.90614833e-09 outputs/V3.3e26_D10_G4/solution/solution-00013 
 14 1.949600122978e+10 1.392571516413e+09 768 7235 3201 20 8 9 9 3.87775223e-09 6.56484986e-09 outputs/V3.3e26_D10_G4/solution/solution-00014 
 15 2.088857274619e+10 1.392571516413e+09 768 7235 3201 20 8 9 9 3.68615206e-09 6.24072683e-09 outputs/V3.3e26_D10_G4/solution/solution-00015 
 16 2.228114426260e+10 1.392571516413e+09 768 7235 3201 19 8 9 9 3.50423640e-09 5.93285523e-09 outputs/V3.3e26_D10_G4/solution/solution-00016 
 17 2.367371577901e+10 1.392571516413e+09 768 7235 3201 19 8 9 9 3.33147534e-09 5.64037265e-09 outputs/V3.3e26_D10_G4/solution/solution-00017 
 18 2.506628729543e+10 1.392571516413e+09 768 7235 3201 19 8 9 9 3.16737530e-09 5.36247192e-09 outputs/V3.3e26_D10_G4/solution/solution-00018 
 19 2.645885881184e+10 1.392571516413e+09 768 7235 3201 19 8 9 9 3.01147534e-09 5.09839570e-09 outputs/V3.3e26_D10_G4/solution/solution-00019 
 20 2.785143032825e+10 1.392571516413e+09 768 7235 3201 19 8 9 9 2.86334393e-09 4.84743192e-09 outputs/V3.3e26_D10_G4/solution/solution-00020 
 21 2.924400184466e+10 1.392571516413e+09 768 7235 3201 19 8 9 9 2.72257625e-09 4.60890998e-09 outputs/V3.3e26_D10_G4/solution/solution-00021 
 22 3.063657336108e+10 1.392571516413e+09 768 7235 3201 19 8 9 9 2.58879184e-09 4.38219735e-09 outputs/V3.3e26_D10_G4/solution/solution-00022 
 23 3.202914487749e+10 1.392571516413e+09 768 7235 3201 19 8 9 9 2.46163255e-09 4.16669669e-09 outputs/V3.3e26_D10_G4/solution/solution-00023 
 24 3.342171639390e+10 1.392571516413e+09 768 7235 3201 19 8 9 9 2.34076077e-09 3.96184329e-09 outputs/V3.3e26_D10_G4/solution/solution-00024 
 25 3.481428791032e+10 1.392571516413e+09 768 7235 3201 19 8 9 9 2.22585785e-09 3.76710283e-09 outputs/V3.3e26_D10_G4/solution/solution-00025 
 26 3.620685942673e+10 1.392571516413e+09 768 7235 3201 18 8 9 9 2.11662273e-09 3.58196938e-09 outputs/V3.3e26_D10_G4/solution/solution-00026 
 27 3.759943094314e+10 1.392571516413e+09 768 7235 3201 18 8 9 9 2.01277071e-09 3.40596353e-09 outputs/V3.3e26_D10_G4/solution/solution-00027 
 28 3.899200245955e+10 1.392571516413e+09 768 7235 3201 18 8 9 9 1.91403233e-09 3.23863081e-09 outputs/V3.3e26_D10_G4/solution/solution-00028 
 29 4.038457397597e+10 1.392571516413e+09 768 7235 3201 18 8 9 9 1.82015241e-09 3.07954019e-09 outputs/V3.3e26_D10_G4/solution/solution-00029 
 30 4.177714549238e+10 1.392571516413e+09 768 7235 3201 18 8 9 9 1.73088912e-09 2.92828270e-09 outputs/V3.3e26_D10_G4/solution/solution-00030 
 31 4.316971700879e+10 1.392571516413e+09 768 7235 3201 18 8 9 9 1.64601320e-09 2.78447018e-09 outputs/V3.3e26_D10_G4/solution/solution-00031 
 32 4.456228852520e+10 1.392571516413e+09 768 7235 3201 18 8 9 9 1.56530718e-09 2.64773414e-09 outputs/V3.3e26_D10_G4/solution/solution-00032 
 33 4.595486004162e+10 1.392571516413e+09 768 7235 3201 18 8 9 9 1.48856471e-09 2.51772465e-09 outputs/V3.3e26_D10_G4/solution/solution-00033 
 34 4.734743155803e+10 1.392571516413e+09 768 7235 3201 18 8 9 9 1.41558993e-09 2.39410936e-09 outputs/V3.3e26_D10_G4/solution/solution-00034 
 35 4.874000307444e+10 1.392571516413e+09 768 7235 3201 18 8 9 9 1.34619688e-09 2.27657259e-09 outputs/V3.3e26_D10_G4/solution/solution-00035 
 36 5.013257459085e+10 1.392571516413e+09 768 7235 3201 18 8 9 9 1.28020897e-09 2.16481439e-09 outputs/V3.3e26_D10_G4/solution/solution-00036 
 37 5.152514610727e+10 1.392571516413e+09 768 7235 3201 18 8 9 9 1.21745847e-09 2.05854979e-09 outputs/V3.3e26_D10_G4/solution/solution-00037 
 38 5.291771762368e+10 1.392571516413e+09 768 7235 3201 18 8 9 9 1.15778602e-09 1.95750799e-09 outputs/V3.3e26_D10_G4/solution/solution-00038 
 39 5.431028914009e+10 1.392571516413e+09 768 7235 3201 18 8 9 9 1.10104019e-09 1.86143162e-09 outputs/V3.3e26_D10_G4/solution/solution-00039 
 40 5.570286065650e+10 1.392571516413e+09 768 7235 3201 18 8 9 9 1.04707712e-09 1.77007611e-09 outputs/V3.3e26_D10_G4/solution/solution-00040 
 41 5.709543217292e+10 1.392571516413e+09 768 7235 3201 18 8 9 9 9.95760059e-10 1.68320898e-09 outputs/V3.3e26_D10_G4/solution/solution-00041 
 42 5.848800368933e+10 1.392571516413e+09 768 7235 3201 18 8 9 9 9.46959027e-10 1.60060927e-09 outputs/V3.3e26_D10_G4/solution/solution-00042 
 43 5.988057520574e+10 1.392571516413e+09 768 7235 3201 18 8 9 9 9.00550484e-10 1.52206693e-09 outputs/V3.3e26_D10_G4/solution/solution-00043 
 44 6.127314672215e+10 1.392571516413e+09 768 7235 3201 18 8 9 9 8.56416985e-10 1.44738233e-09 outputs/V3.3e26_D10_G4/solution/solution-00044 
 45 6.266571823857e+10 1.392571516413e+09 768 7235 3201 18 8 9 9 8.14446881e-10 1.37636566e-09 outputs/V3.3e26_D10_G4/solution/solution-00045 
 46 6.405828975498e+10 1.392571516413e+09 768 7235 3201 17 8 9 9 7.74534025e-10 1.30883650e-09 outputs/V3.3e26_D10_G4/solution/solution-00046 
 47 6.545086127139e+10 1.392571516413e+09 768 7235 3201 17 8 9 9 7.36577495e-10 1.24462333e-09 outputs/V3.3e26_D10_G4/solution/solution-00047 
 48 6.684343278781e+10 1.392571516413e+09 768 7235 3201 17 8 9 9 7.00481336e-10 1.18356308e-09 outputs/V3.3e26_D10_G4/solution/solution-00048 
 49 6.823600430422e+10 1.392571516413e+09 768 7235 3201 17 8 9 9 6.66154312e-10 1.12550073e-09 outputs/V3.3e26_D10_G4/solution/solution-00049 
 50 6.962857582063e+10 1.392571516413e+09 768 7235 3201 17 8 9 9 6.33509672e-10 1.07028890e-09 outputs/V3.3e26_D10_G4/solution/solution-00050 
 51 7.102114733704e+10 1.392571516413e+09 768 7235 3201 17 8 9 9 6.02464925e-10 1.01778747e-09 outputs/V3.3e26_D10_G4/solution/solution-00051 
 52 7.241371885346e+10 1.392571516413e+09 768 7235 3201 17 8 9 9 5.72941634e-10 9.67863218e-10 outputs/V3.3e26_D10_G4/solution/solution-00052 
 53 7.380629036987e+10 1.392571516413e+09 768 7235 3201 17 8 9 9 5.44865212e-10 9.20389497e-10 outputs/V3.3e26_D10_G4/solution/solution-00053 
 54 7.519886188628e+10 1.392571516413e+09 768 7235 3201 17 8 9 9 5.18164732e-10 8.75245883e-10 outputs/V3.3e26_D10_G4/solution/solution-00054 
 55 7.659143340269e+10 1.392571516413e+09 768 7235 3201 17 8 9 9 4.92772748e-10 8.32317888e-10 outputs/V3.3e26_D10_G4/solution/solution-00055 
 56 7.798400491911e+10 1.392571516413e+09 768 7235 3201 17 8 9 9 4.68625123e-10 7.91496656e-10 outputs/V3.3e26_D10_G4/solution/solution-00056 
 57 7.937657643552e+10 1.392571516413e+09 768 7235 3201 17 8 9 9 4.45660867e-10 7.52678690e-10 outputs/V3.3e26_D10_G4/solution/solution-00057 
 58 8.076914795193e+10 1.392571516413e+09 768 7235 3201 17 8 9 9 4.23821979e-10 7.15765586e-10 outputs/V3.3e26_D10_G4/solution/solution-00058 
 59 8.216171946834e+10 1.392571516413e+09 768 7235 3201 17 8 9 9 4.03053303e-10 6.80663780e-10 outputs/V3.3e26_D10_G4/solution/solution-00059 
 60 8.355429098476e+10 1.392571516413e+09 768 7235 3201 17 8 9 9 3.83302390e-10 6.47284314e-10 outputs/V3.3e26_D10_G4/solution/solution-00060 
 61 8.494686250117e+10 1.392571516413e+09 768 7235 3201 17 8 9 9 3.64519359e-10 6.15542602e-10 outputs/V3.3e26_D10_G4/solution/solution-00061 
 62 8.633943401758e+10 1.392571516413e+09 768 7235 3201 17 8 9 9 3.46656777e-10 5.85358220e-10 outputs/V3.3e26_D10_G4/solution/solution-00062 
 63 8.773200553399e+10 1.392571516413e+09 768 7235 3201 17 8 9 9 3.29669534e-10 5.56654698e-10 outputs/V3.3e26_D10_G4/solution/solution-00063 
 64 8.912457705041e+10 1.392571516413e+09 768 7235 3201 17 8 9 9 3.13514734e-10 5.29359326e-10 outputs/V3.3e26_D10_G4/solution/solution-00064 
 65 9.051714856682e+10 1.392571516413e+09 768 7235 3201 17 8 9 9 2.98151581e-10 5.03402970e-10 outputs/V3.3e26_D10_G4/solution/solution-00065 
 66 9.190972008323e+10 1.392571516413e+09 768 7235 3201 17 8 9 9 2.83541280e-10 4.78719893e-10 outputs/V3.3e26_D10_G4/solution/solution-00066 
 67 9.330229159964e+10 1.392571516413e+09 768 7235 3201 17 8 9 9 2.69646938e-10 4.55247590e-10 outputs/V3.3e26_D10_G4/solution/solution-00067 
 68 9.469486311606e+10 1.392571516413e+09 768 7235 3201 17 8 9 9 2.56433468e-10 4.32926627e-10 outputs/V3.3e26_D10_G4/solution/solution-00068 
 69 9.608743463247e+10 1.392571516413e+09 768 7235 3201 17 8 9 9 2.43867504e-10 4.11700493e-10 outputs/V3.3e26_D10_G4/solution/solution-00069 
 70 9.748000614888e+10 1.392571516413e+09 768 7235 3201 17 8 9 9 2.31917316e-10 3.91515451e-10 outputs/V3.3e26_D10_G4/solution/solution-00070 
 71 9.887257766530e+10 1.392571516413e+09 768 7235 3201 17 8 9 9 2.20552728e-10 3.72320406e-10 outputs/V3.3e26_D10_G4/solution/solution-00071 
 72 1.002651491817e+11 1.392571516413e+09 768 7235 3201 16 8 9 9 2.09745045e-10 3.54066778e-10 outputs/V3.3e26_D10_G4/solution/solution-00072 
 73 1.016577206981e+11 1.392571516413e+09 768 7235 3201 16 8 9 9 1.99466975e-10 3.36708365e-10 outputs/V3.3e26_D10_G4/solution/solution-00073 
 74 1.030502922145e+11 1.392571516413e+09 768 7235 3201 16 8 9 9 1.89692565e-10 3.20201236e-10 outputs/V3.3e26_D10_G4/solution/solution-00074 
 75 1.044428637309e+11 1.392571516413e+09 768 7235 3201 16 8 9 9 1.80397132e-10 3.04503621e-10 outputs/V3.3e26_D10_G4/solution/solution-00075 
 76 1.058354352474e+11 1.392571516413e+09 768 7235 3201 16 8 9 9 1.71557206e-10 2.89575800e-10 outputs/V3.3e26_D10_G4/solution/solution-00076 
 77 1.072280067638e+11 1.392571516413e+09 768 7235 3201 16 8 9 9 1.63150464e-10 2.75380004e-10 outputs/V3.3e26_D10_G4/solution/solution-00077 
 78 1.086205782802e+11 1.392571516413e+09 768 7235 3201 16 8 9 9 1.55155679e-10 2.61880317e-10 outputs/V3.3e26_D10_G4/solution/solution-00078 
 79 1.100131497966e+11 1.392571516413e+09 768 7235 3201 16 8 9 9 1.47552664e-10 2.49042590e-10 outputs/V3.3e26_D10_G4/solution/solution-00079 
 80 1.114057213130e+11 1.392571516413e+09 768 7235 3201 16 8 9 9 1.40322220e-10 2.36834349e-10 outputs/V3.3e26_D10_G4/solution/solution-00080 
 81 1.127982928294e+11 1.392571516413e+09 768 7235 3201 16 8 9 9 1.33446091e-10 2.25224713e-10 outputs/V3.3e26_D10_G4/solution/solution-00081 
 82 1.141908643458e+11 1.392571516413e+09 768 7235 3201 16 8 9 9 1.26906913e-10 2.14184318e-10 outputs/V3.3e26_D10_G4/solution/solution-00082 
 83 1.155834358622e+11 1.392571516413e+09 768 7235 3201 16 8 9 9 1.20688175e-10 2.03685243e-10 outputs/V3.3e26_D10_G4/solution/solution-00083 
 84 1.169760073787e+11 1.392571516413e+09 768 7235 3201 16 8 9 9 1.14774174e-10 1.93700935e-10 outputs/V3.3e26_D10_G4/solution/solution-00084 
 85 1.183685788951e+11 1.392571516413e+09 768 7235 3201 16 8 9 9 1.09149977e-10 1.84206146e-10 outputs/V3.3e26_D10_G4/solution/solution-00085 
 86 1.197611504115e+11 1.392571516413e+09 768 7235 3201 16 8 9 9 1.03801382e-10 1.75176866e-10 outputs/V3.3e26_D10_G4/solution/solution-00086 
 87 1.211537219279e+11 1.392571516413e+09 768 7235 3201 16 8 9 9 9.87148848e-11 1.66590265e-10 outputs/V3.3e26_D10_G4/solution/solution-00087 
 88 1.225462934443e+11 1.392571516413e+09 768 7235 3201 16 8 9 9 9.38776408e-11 1.58424631e-10 outputs/V3.3e26_D10_G4/solution/solution-00088 
 89 1.239388649607e+11 1.392571516413e+09 768 7235 3201 16 8 9 9 8.92774360e-11 1.50659321e-10 outputs/V3.3e26_D10_G4/solution/solution-00089 
 90 1.253314364771e+11 1.392571516413e+09 768 7235 3201 16 8 9 9 8.49026547e-11 1.43274701e-10 outputs/V3.3e26_D10_G4/solution/solution-00090 
 91 1.267240079935e+11 1.392571516413e+09 768 7235 3201 16 8 9 9 8.07422502e-11 1.36252102e-10 outputs/V3.3e26_D10_G4/solution/solution-00091 
 92 1.281165795100e+11 1.392571516413e+09 768 7235 3201 16 8 9 9 7.67857176e-11 1.29573773e-10 outputs/V3.3e26_D10_G4/solution/solution-00092 
 93 1.295091510264e+11 1.392571516413e+09 768 7235 3201 16 8 9 9 7.30230664e-11 1.23222830e-10 outputs/V3.3e26_D10_G4/solution/solution-00093 
 94 1.309017225428e+11 1.392571516413e+09 768 7235 3201 16 8 9 9 6.94447957e-11 1.17183220e-10 outputs/V3.3e26_D10_G4/solution/solution-00094 
 95 1.322942940592e+11 1.392571516413e+09 768 7235 3201 16 8 9 9 6.60418703e-11 1.11439678e-10 outputs/V3.3e26_D10_G4/solution/solution-00095 
 96 1.336868655756e+11 1.392571516413e+09 768 7235 3201 16 8 9 9 6.28056978e-11 1.05977686e-10 outputs/V3.3e26_D10_G4/solution/solution-00096 
 97 1.350794370920e+11 1.392571516413e+09 768 7235 3201 15 8 9 9 5.97281085e-11 1.00783443e-10 outputs/V3.3e26_D10_G4/solution/solution-00097 
 98 1.364720086084e+11 1.392571516413e+09 768 7235 3201 15 8 9 9 5.68013299e-11 9.58438180e-11 outputs/V3.3e26_D10_G4/solution/solution-00098 
 99 1.378645801248e+11 1.392571516413e+09 768 7235 3201 15 8 9 9 5.40179715e-11 9.11463260e-11 outputs/V3.3e26_D10_G4/solution/solution-00099 
100 1.392571516413e+11 1.392571516413e+09 768 7235 3201 15 8 9 9 5.13710051e-11 8.66790954e-11 outputs/V3.3e26_D10_G4/solution/solution-00100 
