# 1: Time step number
# 2: Time (years)
# 3: Time step size (years)
# 4: Number of mesh cells
# 5: Number of Stokes degrees of freedom
# 6: Number of temperature degrees of freedom
# 7: Iterations for temperature solver
# 8: Iterations for Stokes solver
# 9: Velocity iterations in Stokes preconditioner
# 10: Schur complement iterations in Stokes preconditioner
# 11: RMS velocity (m/year)
# 12: Max. velocity (m/year)
# 13: Visualization file name
  0 0.000000000000e+00 0.000000000000e+00 768 7235 3201  0 8 9 9 9.27689814e-06 1.65045307e-05 outputs/V1e24_D10_G14/solution/solution-00000 
  1 1.392571516413e+09 1.392571516413e+09 768 7235 3201 31 8 9 9 1.45851701e-05 2.85477373e-05 outputs/V1e24_D10_G14/solution/solution-00001 
  2 2.785143032825e+09 1.392571516413e+09 768 7235 3201 25 8 9 9 3.40458690e-05 7.34390831e-05 outputs/V1e24_D10_G14/solution/solution-00002 
  3 4.062223608050e+09 1.277080575225e+09 768 7235 3201 24 8 9 9 1.00969824e-04 2.22912385e-04 outputs/V1e24_D10_G14/solution/solution-00003 
  4 4.482803551353e+09 4.205799433030e+08 768 7235 3201 16 8 9 9 1.68383378e-04 3.74239389e-04 outputs/V1e24_D10_G14/solution/solution-00004 
  5 4.733237346268e+09 2.504337949151e+08 768 7235 3201 12 8 9 9 2.41377582e-04 5.39865462e-04 outputs/V1e24_D10_G14/solution/solution-00005 
  6 4.906891722349e+09 1.736543760811e+08 768 7235 3201 11 7 8 8 3.18435719e-04 7.16858205e-04 outputs/V1e24_D10_G14/solution/solution-00006 
  7 5.037717970802e+09 1.308262484525e+08 768 7235 3201 11 7 8 8 3.99103441e-04 9.04481515e-04 outputs/V1e24_D10_G14/solution/solution-00007 
  8 5.141436542505e+09 1.037185717030e+08 768 7235 3201 10 7 8 8 4.83301337e-04 1.10213293e-03 outputs/V1e24_D10_G14/solution/solution-00008 
  9 5.226544387724e+09 8.510784521905e+07 768 7235 3201 10 7 8 8 5.71034813e-04 1.30882927e-03 outputs/V1e24_D10_G14/solution/solution-00009 
 10 5.298173287274e+09 7.162889955013e+07 768 7235 3201 10 7 8 8 6.62299813e-04 1.52327611e-03                                            "" 
 11 5.359683011783e+09 6.150972450934e+07 768 7235 3201 10 6 7 7 7.57058158e-04 1.74551090e-03 outputs/V1e24_D10_G14/solution/solution-00010 
 12 5.413425342065e+09 5.374233028162e+07 768 7235 3201 10 6 7 7 8.55272720e-04 1.97217039e-03 outputs/V1e24_D10_G14/solution/solution-00011 
 13 5.460961802623e+09 4.753646055770e+07 768 7235 3201 10 6 7 7 9.56558675e-04 2.20157424e-03                                            "" 
 14 5.503589014633e+09 4.262721201060e+07 768 7235 3201 11 6 7 7 1.06074684e-03 2.43009363e-03 outputs/V1e24_D10_G14/solution/solution-00012 
 15 5.542148440423e+09 3.855942578973e+07 768 7235 3201 11 6 7 7 1.16719126e-03 2.65862236e-03                                            "" 
 16 5.577410439359e+09 3.526199893606e+07 768 7235 3201 11 6 7 7 1.27547772e-03 2.88309477e-03                                            "" 
 17 5.609963442114e+09 3.255300275462e+07 768 7235 3201 12 6 7 7 1.38504576e-03 3.16029319e-03 outputs/V1e24_D10_G14/solution/solution-00013 
 18 5.639669971159e+09 2.970652904496e+07 768 7235 3201 12 6 7 7 1.49296878e-03 3.47331068e-03                                            "" 
 19 5.666680322761e+09 2.701035160216e+07 768 7235 3201 12 6 7 7 1.59721375e-03 3.77589875e-03                                            "" 
 20 5.691507920425e+09 2.482759766462e+07 768 7235 3201 12 6 7 7 1.69745506e-03 4.06594684e-03                                            "" 
 21 5.714547217852e+09 2.303929742674e+07 768 7235 3201 12 6 7 7 1.79336890e-03 4.34526636e-03 outputs/V1e24_D10_G14/solution/solution-00014 
 22 5.736107483406e+09 2.156026555413e+07 768 7235 3201 12 6 7 7 1.88464351e-03 4.61215675e-03                                            "" 
 23 5.756435488001e+09 2.032800459489e+07 768 7235 3201 12 6 7 7 1.97098399e-03 4.86247029e-03                                            "" 
 24 5.775731245816e+09 1.929575781446e+07 768 7235 3201 12 6 7 7 2.05211531e-03 5.09507284e-03                                            "" 
 25 5.794151238979e+09 1.841999316334e+07 768 7235 3201 12 6 7 7 2.12775298e-03 5.30898928e-03                                            "" 
 26 5.811813365906e+09 1.766212692658e+07 768 7235 3201 12 6 7 7 2.19760052e-03 5.50696874e-03 outputs/V1e24_D10_G14/solution/solution-00015 
 27 5.828837250458e+09 1.702388455200e+07 768 7235 3201 13 6 7 7 2.26149293e-03 5.68615819e-03                                            "" 
 28 5.845324656680e+09 1.648740622217e+07 768 7235 3201 13 6 7 7 2.31929540e-03 5.84530836e-03                                            "" 
 29 5.861363160423e+09 1.603850374319e+07 768 7235 3201 13 6 7 7 2.37090565e-03 5.98461992e-03                                            "" 
 30 5.877028971994e+09 1.566581157074e+07 768 7235 3201 13 6 7 7 2.41625621e-03 6.10800729e-03                                            "" 
 31 5.892389129794e+09 1.536015780087e+07 768 7235 3201 13 6 7 7 2.45531661e-03 6.21152907e-03 outputs/V1e24_D10_G14/solution/solution-00016 
 32 5.907495097357e+09 1.510596756221e+07 768 7235 3201 13 6 7 7 2.48807931e-03 6.29549473e-03 outputs/V1e24_D10_G14/solution/solution-00017 
 33 5.922392014028e+09 1.489691667114e+07 768 7235 3201 13 6 7 7 2.51458977e-03 6.36038656e-03                                            "" 
 34 5.937130023510e+09 1.473800948260e+07 768 7235 3201 13 6 7 7 2.53496042e-03 6.40687673e-03                                            "" 
 35 5.951754782305e+09 1.462475879476e+07 768 7235 3201 13 6 7 7 2.54934246e-03 6.43663211e-03                                            "" 
 36 5.966308222562e+09 1.455344025695e+07 768 7235 3201 13 6 7 7 2.55792528e-03 6.45341172e-03                                            "" 
 37 5.980829161789e+09 1.452093922660e+07 768 7235 3201 13 6 7 7 2.56093516e-03 6.45390356e-03 outputs/V1e24_D10_G14/solution/solution-00018 
 38 5.995353789316e+09 1.452462752680e+07 768 7235 3201 13 6 7 7 2.55863301e-03 6.43911118e-03                                            "" 
 39 6.009916052443e+09 1.456226312703e+07 768 7235 3201 13 6 7 7 2.55131139e-03 6.41010835e-03 outputs/V1e24_D10_G14/solution/solution-00019 
 40 6.024547959989e+09 1.463190754648e+07 768 7235 3201 13 6 7 7 2.53929070e-03 6.36802617e-03                                            "" 
 41 6.039279817083e+09 1.473185709422e+07 768 7235 3201 13 6 7 7 2.52291479e-03 6.31403934e-03                                            "" 
 42 6.054140402189e+09 1.486058510524e+07 768 7235 3201 13 6 7 7 2.50254599e-03 6.24935189e-03                                            "" 
 43 6.069157095354e+09 1.501669316547e+07 768 7235 3201 13 6 7 7 2.47855979e-03 6.17518244e-03                                            "" 
 44 6.084352326613e+09 1.519523125879e+07 768 7235 3201 13 6 7 7 2.45134613e-03 6.09276968e-03 outputs/V1e24_D10_G14/solution/solution-00020 
 45 6.099751229050e+09 1.539890243684e+07 768 7235 3201 13 6 7 7 2.42129111e-03 6.00331872e-03                                            "" 
 46 6.115378273824e+09 1.562704477468e+07 768 7235 3201 13 6 7 7 2.38877553e-03 5.90799988e-03 outputs/V1e24_D10_G14/solution/solution-00021 
 47 6.131256679656e+09 1.587840583210e+07 768 7235 3201 12 6 7 7 2.35417113e-03 5.80793977e-03                                            "" 
 48 6.147408399951e+09 1.615172029474e+07 768 7235 3201 12 6 7 7 2.31783650e-03 5.70421078e-03                                            "" 
 49 6.163854092614e+09 1.644569266279e+07 768 7235 3201 12 6 7 7 2.28011360e-03 5.59782229e-03                                            "" 
 50 6.180613076782e+09 1.675898416758e+07 768 7235 3201 12 6 7 7 2.24132494e-03 5.48971369e-03                                            "" 
 51 6.197703280463e+09 1.709020368123e+07 768 7235 3201 12 6 7 7 2.20177145e-03 5.38074911e-03 outputs/V1e24_D10_G14/solution/solution-00022 
 52 6.215141182892e+09 1.743790242903e+07 768 7235 3201 12 6 7 7 2.16173097e-03 5.27171401e-03 outputs/V1e24_D10_G14/solution/solution-00023 
 53 6.232941755215e+09 1.780057232282e+07 768 7235 3201 12 6 7 7 2.12145735e-03 5.16331346e-03                                            "" 
 54 6.251114519399e+09 1.817276418474e+07 768 7235 3201 12 6 7 7 2.08118854e-03 5.05619435e-03                                            "" 
 55 6.269669932937e+09 1.855541353759e+07 768 7235 3201 12 6 7 7 2.04113186e-03 4.95090648e-03                                            "" 
 56 6.288617357149e+09 1.894742421181e+07 768 7235 3201 12 6 7 7 2.00146910e-03 4.84791804e-03                                            "" 
 57 6.307964485863e+09 1.934712871471e+07 768 7235 3201 12 6 7 7 1.96235863e-03 4.74762256e-03 outputs/V1e24_D10_G14/solution/solution-00024 
 58 6.327717328890e+09 1.975284302624e+07 768 7235 3201 12 6 7 7 1.92393646e-03 4.65034328e-03                                            "" 
 59 6.347880209643e+09 2.016288075374e+07 768 7235 3201 12 6 7 7 1.88631752e-03 4.55633816e-03                                            "" 
 60 6.368455777992e+09 2.057556834861e+07 768 7235 3201 12 6 7 7 1.84959707e-03 4.46580520e-03                                            "" 
 61 6.389445038912e+09 2.098926091963e+07 768 7235 3201 11 6 7 7 1.81385217e-03 4.37888807e-03                                            "" 
 62 6.410847397069e+09 2.140235815757e+07 768 7235 3201 11 6 7 7 1.77914318e-03 4.29568167e-03 outputs/V1e24_D10_G14/solution/solution-00025 
 63 6.432660716954e+09 2.181331988441e+07 768 7235 3201 11 6 7 7 1.74551527e-03 4.21623771e-03                                            "" 
 64 6.454881397712e+09 2.222068075828e+07 768 7235 3201 11 6 7 7 1.71299991e-03 4.14129763e-03                                            "" 
 65 6.477504461415e+09 2.262306370288e+07 768 7235 3201 11 6 7 7 1.68161630e-03 4.07071142e-03                                            "" 
 66 6.500523653102e+09 2.301919168726e+07 768 7235 3201 11 6 7 7 1.65137278e-03 4.00377130e-03 outputs/V1e24_D10_G14/solution/solution-00026 
 67 6.523931550658e+09 2.340789755553e+07 768 7235 3201 11 6 7 7 1.62226810e-03 3.94040792e-03                                            "" 
 68 6.547719682349e+09 2.378813169158e+07 768 7235 3201 11 6 7 7 1.59429273e-03 3.88053311e-03                                            "" 
 69 6.571878649746e+09 2.415896739680e+07 768 7235 3201 11 6 7 7 1.56742997e-03 3.82404340e-03                                            "" 
 70 6.596398253698e+09 2.451960395175e+07 768 7235 3201 11 6 7 7 1.54165708e-03 3.77082326e-03                                            "" 
 71 6.621267621118e+09 2.486936742037e+07 768 7235 3201 11 6 7 7 1.51694627e-03 3.72074790e-03 outputs/V1e24_D10_G14/solution/solution-00027 
 72 6.646475330452e+09 2.520770933383e+07 768 7235 3201 11 6 7 7 1.49326564e-03 3.67368588e-03                                            "" 
 73 6.672009533906e+09 2.553420345443e+07 768 7235 3201 11 6 7 7 1.47058002e-03 3.62950123e-03                                            "" 
 74 6.697858074775e+09 2.584854086854e+07 768 7235 3201 11 6 7 7 1.44885172e-03 3.58805545e-03                                            "" 
 75 6.724008598463e+09 2.615052368836e+07 768 7235 3201 11 6 7 7 1.42804121e-03 3.54920907e-03 outputs/V1e24_D10_G14/solution/solution-00028 
 76 6.750443791633e+09 2.643519317017e+07 768 7235 3201 11 6 7 7 1.40811134e-03 3.51282950e-03                                            "" 
 77 6.777148730427e+09 2.670493879307e+07 768 7235 3201 11 6 7 7 1.38902183e-03 3.47878088e-03                                            "" 
 78 6.804111158287e+09 2.696242786072e+07 768 7235 3201 11 6 7 7 1.37073024e-03 3.44692626e-03 outputs/V1e24_D10_G14/solution/solution-00029 
 79 6.831319011630e+09 2.720785334234e+07 768 7235 3201 11 6 7 7 1.35319439e-03 3.41713223e-03                                            "" 
 80 6.858760484993e+09 2.744147336366e+07 768 7235 3201 10 6 7 7 1.33637268e-03 3.38926943e-03                                            "" 
 81 6.886424087296e+09 2.766360230302e+07 768 7235 3201 10 6 7 7 1.32022444e-03 3.36327669e-03                                            "" 
 82 6.914298689540e+09 2.787460224362e+07 768 7235 3201 10 6 7 7 1.30471005e-03 3.33928469e-03 outputs/V1e24_D10_G14/solution/solution-00030 
 83 6.942373564439e+09 2.807487489871e+07 768 7235 3201 10 6 7 7 1.28979121e-03 3.31684005e-03                                            "" 
 84 6.970638418527e+09 2.826485408883e+07 768 7235 3201 10 6 7 7 1.27543099e-03 3.29583420e-03                                            "" 
 85 6.999083417347e+09 2.844499881959e+07 768 7235 3201 10 5 6 6 1.26159401e-03 3.27616360e-03                                            "" 
 86 7.027699204418e+09 2.861578707104e+07 768 7235 3201 10 5 6 6 1.24824647e-03 3.25772971e-03 outputs/V1e24_D10_G14/solution/solution-00031 
 87 7.056476914188e+09 2.877770977009e+07 768 7235 3201 10 5 6 6 1.23535617e-03 3.24043888e-03                                            "" 
 88 7.085408180467e+09 2.893126627874e+07 768 7235 3201 10 5 6 6 1.22289260e-03 3.22420230e-03                                            "" 
 89 7.114485140023e+09 2.907695955579e+07 768 7235 3201 10 5 6 6 1.21082687e-03 3.20893589e-03 outputs/V1e24_D10_G14/solution/solution-00032 
 90 7.143700432363e+09 2.921529234037e+07 768 7235 3201 10 5 6 6 1.19913174e-03 3.19456008e-03                                            "" 
 91 7.173047196121e+09 2.934676375837e+07 768 7235 3201 10 5 6 6 1.18778159e-03 3.18099976e-03                                            "" 
 92 7.202519062527e+09 2.947186640588e+07 768 7235 3201 10 5 6 6 1.17675238e-03 3.16818405e-03 outputs/V1e24_D10_G14/solution/solution-00033 
 93 7.232110146395e+09 2.959108386739e+07 768 7235 3201 10 5 6 6 1.16602160e-03 3.15604617e-03                                            "" 
 94 7.261815035022e+09 2.970488862727e+07 768 7235 3201 10 5 6 6 1.15556825e-03 3.14452326e-03                                            "" 
 95 7.291628775357e+09 2.981374033470e+07 768 7235 3201 10 5 6 6 1.14537275e-03 3.13355624e-03                                            "" 
 96 7.321546859741e+09 2.991808438478e+07 768 7235 3201 10 5 6 6 1.13541692e-03 3.12308963e-03 outputs/V1e24_D10_G14/solution/solution-00034 
 97 7.351565210523e+09 3.001835078113e+07 768 7235 3201 10 5 6 6 1.12568392e-03 3.11307141e-03                                            "" 
 98 7.381680163771e+09 3.011495324849e+07 768 7235 3201  9 5 6 6 1.11615817e-03 3.10345287e-03                                            "" 
 99 7.411888452337e+09 3.020828856644e+07 768 7235 3201  9 5 6 6 1.10682533e-03 3.09418847e-03 outputs/V1e24_D10_G14/solution/solution-00035 
100 7.442187188436e+09 3.029873609845e+07 768 7235 3201  9 5 6 6 1.09767223e-03 3.08523568e-03                                            "" 
