# 1: Time step number
# 2: Time (years)
# 3: Time step size (years)
# 4: Number of mesh cells
# 5: Number of Stokes degrees of freedom
# 6: Number of temperature degrees of freedom
# 7: Iterations for temperature solver
# 8: Iterations for Stokes solver
# 9: Velocity iterations in Stokes preconditioner
# 10: Schur complement iterations in Stokes preconditioner
# 11: RMS velocity (m/year)
# 12: Max. velocity (m/year)
# 13: Visualization file name
  0 0.000000000000e+00 0.000000000000e+00 768 7235 3201  0 8 9 9 2.64858588e-09 4.65715948e-09 outputs/V1e27_D100_G4/solution/solution-00000 
  1 1.392571516413e+09 1.392571516413e+09 768 7235 3201 32 8 9 9 2.50643862e-09 4.22706623e-09 outputs/V1e27_D100_G4/solution/solution-00001 
  2 2.785143032825e+09 1.392571516413e+09 768 7235 3201 25 8 9 9 2.37455707e-09 4.00641529e-09 outputs/V1e27_D100_G4/solution/solution-00002 
  3 4.177714549238e+09 1.392571516413e+09 768 7235 3201 24 8 9 9 2.25062860e-09 3.79794402e-09 outputs/V1e27_D100_G4/solution/solution-00003 
  4 5.570286065650e+09 1.392571516413e+09 768 7235 3201 23 8 9 9 2.13320460e-09 3.60030048e-09 outputs/V1e27_D100_G4/solution/solution-00004 
  5 6.962857582063e+09 1.392571516413e+09 768 7235 3201 23 8 9 9 2.02205090e-09 3.41312165e-09 outputs/V1e27_D100_G4/solution/solution-00005 
  6 8.355429098476e+09 1.392571516413e+09 768 7235 3201 22 8 9 9 1.91683463e-09 3.23587712e-09 outputs/V1e27_D100_G4/solution/solution-00006 
  7 9.748000614888e+09 1.392571516413e+09 768 7235 3201 21 8 9 9 1.81722287e-09 3.06801551e-09 outputs/V1e27_D100_G4/solution/solution-00007 
  8 1.114057213130e+10 1.392571516413e+09 768 7235 3201 21 8 9 9 1.72289701e-09 2.90900784e-09 outputs/V1e27_D100_G4/solution/solution-00008 
  9 1.253314364771e+10 1.392571516413e+09 768 7235 3201 21 8 9 9 1.63355748e-09 2.75835783e-09 outputs/V1e27_D100_G4/solution/solution-00009 
 10 1.392571516413e+10 1.392571516413e+09 768 7235 3201 20 8 9 9 1.54892418e-09 2.61560216e-09 outputs/V1e27_D100_G4/solution/solution-00010 
 11 1.531828668054e+10 1.392571516413e+09 768 7235 3201 20 8 9 9 1.46873552e-09 2.48030803e-09 outputs/V1e27_D100_G4/solution/solution-00011 
 12 1.671085819695e+10 1.392571516413e+09 768 7235 3201 20 8 9 9 1.39274687e-09 2.35207037e-09 outputs/V1e27_D100_G4/solution/solution-00012 
 13 1.810342971336e+10 1.392571516413e+09 768 7235 3201 20 8 9 9 1.32072911e-09 2.23050932e-09 outputs/V1e27_D100_G4/solution/solution-00013 
 14 1.949600122978e+10 1.392571516413e+09 768 7235 3201 20 8 9 9 1.25246733e-09 2.11526791e-09 outputs/V1e27_D100_G4/solution/solution-00014 
 15 2.088857274619e+10 1.392571516413e+09 768 7235 3201 20 8 9 9 1.18775961e-09 2.00601024e-09 outputs/V1e27_D100_G4/solution/solution-00015 
 16 2.228114426260e+10 1.392571516413e+09 768 7235 3201 19 8 9 9 1.12641602e-09 1.90241976e-09 outputs/V1e27_D100_G4/solution/solution-00016 
 17 2.367371577901e+10 1.392571516413e+09 768 7235 3201 19 8 9 9 1.06825771e-09 1.80419789e-09 outputs/V1e27_D100_G4/solution/solution-00017 
 18 2.506628729543e+10 1.392571516413e+09 768 7235 3201 19 8 9 9 1.01311605e-09 1.71106269e-09 outputs/V1e27_D100_G4/solution/solution-00018 
 19 2.645885881184e+10 1.392571516413e+09 768 7235 3201 19 8 9 9 9.60831967e-10 1.62274781e-09 outputs/V1e27_D100_G4/solution/solution-00019 
 20 2.785143032825e+10 1.392571516413e+09 768 7235 3201 19 8 9 9 9.11255253e-10 1.53900142e-09 outputs/V1e27_D100_G4/solution/solution-00020 
 21 2.924400184466e+10 1.392571516413e+09 768 7235 3201 19 8 9 9 8.64243995e-10 1.45958530e-09 outputs/V1e27_D100_G4/solution/solution-00021 
 22 3.063657336108e+10 1.392571516413e+09 768 7235 3201 19 8 9 9 8.19664043e-10 1.38427405e-09 outputs/V1e27_D100_G4/solution/solution-00022 
 23 3.202914487749e+10 1.392571516413e+09 768 7235 3201 19 8 9 9 7.77388523e-10 1.31285429e-09 outputs/V1e27_D100_G4/solution/solution-00023 
 24 3.342171639390e+10 1.392571516413e+09 768 7235 3201 19 8 9 9 7.37297397e-10 1.24512396e-09 outputs/V1e27_D100_G4/solution/solution-00024 
 25 3.481428791032e+10 1.392571516413e+09 768 7235 3201 18 8 9 9 6.99277050e-10 1.18089169e-09 outputs/V1e27_D100_G4/solution/solution-00025 
 26 3.620685942673e+10 1.392571516413e+09 768 7235 3201 18 8 9 9 6.63219917e-10 1.11997619e-09 outputs/V1e27_D100_G4/solution/solution-00026 
 27 3.759943094314e+10 1.392571516413e+09 768 7235 3201 18 8 9 9 6.29024134e-10 1.06220566e-09 outputs/V1e27_D100_G4/solution/solution-00027 
 28 3.899200245955e+10 1.392571516413e+09 768 7235 3201 18 8 9 9 5.96593217e-10 1.00741733e-09 outputs/V1e27_D100_G4/solution/solution-00028 
 29 4.038457397597e+10 1.392571516413e+09 768 7235 3201 18 8 9 9 5.65835755e-10 9.55456915e-10 outputs/V1e27_D100_G4/solution/solution-00029 
 30 4.177714549238e+10 1.392571516413e+09 768 7235 3201 18 8 9 9 5.36665135e-10 9.06178164e-10 outputs/V1e27_D100_G4/solution/solution-00030 
 31 4.316971700879e+10 1.392571516413e+09 768 7235 3201 18 8 9 9 5.08999275e-10 8.59442450e-10 outputs/V1e27_D100_G4/solution/solution-00031 
 32 4.456228852520e+10 1.392571516413e+09 768 7235 3201 18 8 9 9 4.82760380e-10 8.15118350e-10 outputs/V1e27_D100_G4/solution/solution-00032 
 33 4.595486004162e+10 1.392571516413e+09 768 7235 3201 18 8 9 9 4.57874709e-10 7.73081264e-10 outputs/V1e27_D100_G4/solution/solution-00033 
 34 4.734743155803e+10 1.392571516413e+09 768 7235 3201 18 8 9 9 4.34272358e-10 7.33213056e-10 outputs/V1e27_D100_G4/solution/solution-00034 
 35 4.874000307444e+10 1.392571516413e+09 768 7235 3201 18 8 9 9 4.11887055e-10 6.95401712e-10 outputs/V1e27_D100_G4/solution/solution-00035 
 36 5.013257459085e+10 1.392571516413e+09 768 7235 3201 18 8 9 9 3.90655969e-10 6.59541021e-10 outputs/V1e27_D100_G4/solution/solution-00036 
 37 5.152514610727e+10 1.392571516413e+09 768 7235 3201 18 8 9 9 3.70519525e-10 6.25530269e-10 outputs/V1e27_D100_G4/solution/solution-00037 
 38 5.291771762368e+10 1.392571516413e+09 768 7235 3201 18 8 9 9 3.51421236e-10 5.93273955e-10 outputs/V1e27_D100_G4/solution/solution-00038 
 39 5.431028914009e+10 1.392571516413e+09 768 7235 3201 18 8 9 9 3.33307540e-10 5.62681517e-10 outputs/V1e27_D100_G4/solution/solution-00039 
 40 5.570286065650e+10 1.392571516413e+09 768 7235 3201 18 8 9 9 3.16127643e-10 5.33667074e-10 outputs/V1e27_D100_G4/solution/solution-00040 
 41 5.709543217292e+10 1.392571516413e+09 768 7235 3201 18 8 9 9 2.99833380e-10 5.06149186e-10 outputs/V1e27_D100_G4/solution/solution-00041 
 42 5.848800368933e+10 1.392571516413e+09 768 7235 3201 18 8 9 9 2.84379074e-10 4.80050620e-10 outputs/V1e27_D100_G4/solution/solution-00042 
 43 5.988057520574e+10 1.392571516413e+09 768 7235 3201 17 8 9 9 2.69721410e-10 4.55298135e-10 outputs/V1e27_D100_G4/solution/solution-00043 
 44 6.127314672215e+10 1.392571516413e+09 768 7235 3201 17 8 9 9 2.55819307e-10 4.31822272e-10 outputs/V1e27_D100_G4/solution/solution-00044 
 45 6.266571823857e+10 1.392571516413e+09 768 7235 3201 17 8 9 9 2.42633808e-10 4.09557159e-10 outputs/V1e27_D100_G4/solution/solution-00045 
 46 6.405828975498e+10 1.392571516413e+09 768 7235 3201 17 8 9 9 2.30127963e-10 3.88440327e-10 outputs/V1e27_D100_G4/solution/solution-00046 
 47 6.545086127139e+10 1.392571516413e+09 768 7235 3201 17 8 9 9 2.18266732e-10 3.68412532e-10 outputs/V1e27_D100_G4/solution/solution-00047 
 48 6.684343278781e+10 1.392571516413e+09 768 7235 3201 17 8 9 9 2.07016883e-10 3.49417589e-10 outputs/V1e27_D100_G4/solution/solution-00048 
 49 6.823600430422e+10 1.392571516413e+09 768 7235 3201 17 8 9 9 1.96346897e-10 3.31402213e-10 outputs/V1e27_D100_G4/solution/solution-00049 
 50 6.962857582063e+10 1.392571516413e+09 768 7235 3201 17 8 9 9 1.86226881e-10 3.14315871e-10 outputs/V1e27_D100_G4/solution/solution-00050 
 51 7.102114733704e+10 1.392571516413e+09 768 7235 3201 17 8 9 9 1.76628484e-10 2.98110638e-10 outputs/V1e27_D100_G4/solution/solution-00051 
 52 7.241371885346e+10 1.392571516413e+09 768 7235 3201 17 8 9 9 1.67524818e-10 2.82741062e-10 outputs/V1e27_D100_G4/solution/solution-00052 
 53 7.380629036987e+10 1.392571516413e+09 768 7235 3201 17 8 9 9 1.58890381e-10 2.68164036e-10 outputs/V1e27_D100_G4/solution/solution-00053 
 54 7.519886188628e+10 1.392571516413e+09 768 7235 3201 17 8 9 9 1.50700986e-10 2.54338681e-10 outputs/V1e27_D100_G4/solution/solution-00054 
 55 7.659143340269e+10 1.392571516413e+09 768 7235 3201 17 8 9 9 1.42933691e-10 2.41226224e-10 outputs/V1e27_D100_G4/solution/solution-00055 
 56 7.798400491911e+10 1.392571516413e+09 768 7235 3201 17 8 9 9 1.35566741e-10 2.28789895e-10 outputs/V1e27_D100_G4/solution/solution-00056 
 57 7.937657643552e+10 1.392571516413e+09 768 7235 3201 17 8 9 9 1.28579498e-10 2.16994821e-10 outputs/V1e27_D100_G4/solution/solution-00057 
 58 8.076914795193e+10 1.392571516413e+09 768 7235 3201 17 8 9 9 1.21952392e-10 2.05807928e-10 outputs/V1e27_D100_G4/solution/solution-00058 
 59 8.216171946834e+10 1.392571516413e+09 768 7235 3201 17 8 9 9 1.15666860e-10 1.95197848e-10 outputs/V1e27_D100_G4/solution/solution-00059 
 60 8.355429098476e+10 1.392571516413e+09 768 7235 3201 17 8 9 9 1.09705296e-10 1.85134834e-10 outputs/V1e27_D100_G4/solution/solution-00060 
 61 8.494686250117e+10 1.392571516413e+09 768 7235 3201 17 8 9 9 1.04051001e-10 1.75590671e-10 outputs/V1e27_D100_G4/solution/solution-00061 
 62 8.633943401758e+10 1.392571516413e+09 768 7235 3201 17 8 9 9 9.86881373e-11 1.66538601e-10 outputs/V1e27_D100_G4/solution/solution-00062 
 63 8.773200553399e+10 1.392571516413e+09 768 7235 3201 17 8 9 9 9.36016844e-11 1.57953246e-10 outputs/V1e27_D100_G4/solution/solution-00063 
 64 8.912457705041e+10 1.392571516413e+09 768 7235 3201 17 8 9 9 8.87773951e-11 1.49810538e-10 outputs/V1e27_D100_G4/solution/solution-00064 
 65 9.051714856682e+10 1.392571516413e+09 768 7235 3201 17 8 9 9 8.42017568e-11 1.42087649e-10 outputs/V1e27_D100_G4/solution/solution-00065 
 66 9.190972008323e+10 1.392571516413e+09 768 7235 3201 17 8 9 9 7.98619534e-11 1.34762931e-10 outputs/V1e27_D100_G4/solution/solution-00066 
 67 9.330229159964e+10 1.392571516413e+09 768 7235 3201 17 8 9 9 7.57458295e-11 1.27815851e-10 outputs/V1e27_D100_G4/solution/solution-00067 
 68 9.469486311606e+10 1.392571516413e+09 768 7235 3201 17 8 9 9 7.18418562e-11 1.21226936e-10 outputs/V1e27_D100_G4/solution/solution-00068 
 69 9.608743463247e+10 1.392571516413e+09 768 7235 3201 16 8 9 9 6.81390994e-11 1.14977717e-10 outputs/V1e27_D100_G4/solution/solution-00069 
 70 9.748000614888e+10 1.392571516413e+09 768 7235 3201 16 8 9 9 6.46271876e-11 1.09050677e-10 outputs/V1e27_D100_G4/solution/solution-00070 
 71 9.887257766530e+10 1.392571516413e+09 768 7235 3201 16 8 9 9 6.12962841e-11 1.03429205e-10 outputs/V1e27_D100_G4/solution/solution-00071 
 72 1.002651491817e+11 1.392571516413e+09 768 7235 3201 16 8 9 9 5.81370594e-11 9.80975417e-11 outputs/V1e27_D100_G4/solution/solution-00072 
 73 1.016577206981e+11 1.392571516413e+09 768 7235 3201 16 8 9 9 5.51406649e-11 9.30407460e-11 outputs/V1e27_D100_G4/solution/solution-00073 
 74 1.030502922145e+11 1.392571516413e+09 768 7235 3201 16 8 9 9 5.22987078e-11 8.82446445e-11 outputs/V1e27_D100_G4/solution/solution-00074 
 75 1.044428637309e+11 1.392571516413e+09 768 7235 3201 16 8 9 9 4.96032285e-11 8.36957958e-11 outputs/V1e27_D100_G4/solution/solution-00075 
 76 1.058354352474e+11 1.392571516413e+09 768 7235 3201 16 8 9 9 4.70466771e-11 7.93814514e-11 outputs/V1e27_D100_G4/solution/solution-00076 
 77 1.072280067638e+11 1.392571516413e+09 768 7235 3201 16 8 9 9 4.46218929e-11 7.52895203e-11 outputs/V1e27_D100_G4/solution/solution-00077 
 78 1.086205782802e+11 1.392571516413e+09 768 7235 3201 16 8 9 9 4.23220846e-11 7.14085352e-11 outputs/V1e27_D100_G4/solution/solution-00078 
 79 1.100131497966e+11 1.392571516413e+09 768 7235 3201 16 8 9 9 4.01408108e-11 6.77276200e-11 outputs/V1e27_D100_G4/solution/solution-00079 
 80 1.114057213130e+11 1.392571516413e+09 768 7235 3201 16 8 9 9 3.80719618e-11 6.42364596e-11 outputs/V1e27_D100_G4/solution/solution-00080 
 81 1.127982928294e+11 1.392571516413e+09 768 7235 3201 16 8 9 9 3.61097432e-11 6.09252707e-11 outputs/V1e27_D100_G4/solution/solution-00081 
 82 1.141908643458e+11 1.392571516413e+09 768 7235 3201 16 8 9 9 3.42486592e-11 5.77847747e-11 outputs/V1e27_D100_G4/solution/solution-00082 
 83 1.155834358622e+11 1.392571516413e+09 768 7235 3201 16 8 9 9 3.24834970e-11 5.48061713e-11 outputs/V1e27_D100_G4/solution/solution-00083 
 84 1.169760073787e+11 1.392571516413e+09 768 7235 3201 16 8 9 9 3.08093128e-11 5.19811140e-11 outputs/V1e27_D100_G4/solution/solution-00084 
 85 1.183685788951e+11 1.392571516413e+09 768 7235 3201 16 8 9 9 2.92214173e-11 4.93016867e-11 outputs/V1e27_D100_G4/solution/solution-00085 
 86 1.197611504115e+11 1.392571516413e+09 768 7235 3201 16 8 9 9 2.77153632e-11 4.67603817e-11 outputs/V1e27_D100_G4/solution/solution-00086 
 87 1.211537219279e+11 1.392571516413e+09 768 7235 3201 16 8 9 9 2.62869323e-11 4.43500779e-11 outputs/V1e27_D100_G4/solution/solution-00087 
 88 1.225462934443e+11 1.392571516413e+09 768 7235 3201 16 8 9 9 2.49321236e-11 4.20640220e-11 outputs/V1e27_D100_G4/solution/solution-00088 
 89 1.239388649607e+11 1.392571516413e+09 768 7235 3201 16 8 9 9 2.36471427e-11 3.98958085e-11 outputs/V1e27_D100_G4/solution/solution-00089 
 90 1.253314364771e+11 1.392571516413e+09 768 7235 3201 16 8 9 9 2.24283906e-11 3.78393623e-11 outputs/V1e27_D100_G4/solution/solution-00090 
 91 1.267240079935e+11 1.392571516413e+09 768 7235 3201 16 8 9 9 2.12724536e-11 3.58889215e-11 outputs/V1e27_D100_G4/solution/solution-00091 
 92 1.281165795100e+11 1.392571516413e+09 768 7235 3201 16 8 9 9 2.01760943e-11 3.40390213e-11 outputs/V1e27_D100_G4/solution/solution-00092 
 93 1.295091510264e+11 1.392571516413e+09 768 7235 3201 16 8 9 9 1.91362419e-11 3.22844789e-11 outputs/V1e27_D100_G4/solution/solution-00093 
 94 1.309017225428e+11 1.392571516413e+09 768 7235 3201 15 8 9 9 1.81499846e-11 3.06203796e-11 outputs/V1e27_D100_G4/solution/solution-00094 
 95 1.322942940592e+11 1.392571516413e+09 768 7235 3201 15 8 9 9 1.72145595e-11 2.90420600e-11 outputs/V1e27_D100_G4/solution/solution-00095 
 96 1.336868655756e+11 1.392571516413e+09 768 7235 3201 15 8 9 9 1.63273468e-11 2.75450979e-11 outputs/V1e27_D100_G4/solution/solution-00096 
 97 1.350794370920e+11 1.392571516413e+09 768 7235 3201 15 8 9 9 1.54858612e-11 2.61252989e-11 outputs/V1e27_D100_G4/solution/solution-00097 
 98 1.364720086084e+11 1.392571516413e+09 768 7235 3201 15 8 9 9 1.46877461e-11 2.47786858e-11 outputs/V1e27_D100_G4/solution/solution-00098 
 99 1.378645801248e+11 1.392571516413e+09 768 7235 3201 15 8 9 9 1.39307659e-11 2.35014851e-11 outputs/V1e27_D100_G4/solution/solution-00099 
100 1.392571516413e+11 1.392571516413e+09 768 7235 3201 15 8 9 9 1.32128006e-11 2.22901193e-11 outputs/V1e27_D100_G4/solution/solution-00100 
