# 1: Time step number
# 2: Time (years)
# 3: Time step size (years)
# 4: Number of mesh cells
# 5: Number of Stokes degrees of freedom
# 6: Number of temperature degrees of freedom
# 7: Iterations for temperature solver
# 8: Iterations for Stokes solver
# 9: Velocity iterations in Stokes preconditioner
# 10: Schur complement iterations in Stokes preconditioner
# 11: RMS velocity (m/year)
# 12: Max. velocity (m/year)
# 13: Visualization file name
  0 0.000000000000e+00 0.000000000000e+00 768 7235 3201  0 8 9 9 1.20479197e-07 2.14344555e-07 outputs/V3.3e25_D10_G6/solution/solution-00000 
  1 1.392571516413e+09 1.392571516413e+09 768 7235 3201 32 8 9 9 1.14884266e-07 1.94693016e-07 outputs/V3.3e25_D10_G6/solution/solution-00001 
  2 2.785143032825e+09 1.392571516413e+09 768 7235 3201 25 8 9 9 1.10223557e-07 1.87472354e-07 outputs/V3.3e25_D10_G6/solution/solution-00002 
  3 4.177714549238e+09 1.392571516413e+09 768 7235 3201 24 8 9 9 1.06415154e-07 1.81983143e-07 outputs/V3.3e25_D10_G6/solution/solution-00003 
  4 5.570286065650e+09 1.392571516413e+09 768 7235 3201 23 8 9 9 1.03312014e-07 1.77651682e-07 outputs/V3.3e25_D10_G6/solution/solution-00004 
  5 6.962857582063e+09 1.392571516413e+09 768 7235 3201 23 8 9 9 1.00811371e-07 1.74242791e-07 outputs/V3.3e25_D10_G6/solution/solution-00005 
  6 8.355429098476e+09 1.392571516413e+09 768 7235 3201 22 8 9 9 9.88121124e-08 1.71559151e-07 outputs/V3.3e25_D10_G6/solution/solution-00006 
  7 9.748000614888e+09 1.392571516413e+09 768 7235 3201 21 8 9 9 9.72272113e-08 1.69448652e-07 outputs/V3.3e25_D10_G6/solution/solution-00007 
  8 1.114057213130e+10 1.392571516413e+09 768 7235 3201 21 8 9 9 9.59845418e-08 1.67796342e-07 outputs/V3.3e25_D10_G6/solution/solution-00008 
  9 1.253314364771e+10 1.392571516413e+09 768 7235 3201 21 8 9 9 9.50251615e-08 1.66515043e-07 outputs/V3.3e25_D10_G6/solution/solution-00009 
 10 1.392571516413e+10 1.392571516413e+09 768 7235 3201 20 8 9 9 9.43010820e-08 1.65537844e-07 outputs/V3.3e25_D10_G6/solution/solution-00010 
 11 1.531828668054e+10 1.392571516413e+09 768 7235 3201 20 8 9 9 9.37731894e-08 1.64812646e-07 outputs/V3.3e25_D10_G6/solution/solution-00011 
 12 1.671085819695e+10 1.392571516413e+09 768 7235 3201 20 8 9 9 9.34094975e-08 1.64298295e-07 outputs/V3.3e25_D10_G6/solution/solution-00012 
 13 1.810342971336e+10 1.392571516413e+09 768 7235 3201 20 8 9 9 9.31837391e-08 1.63961851e-07 outputs/V3.3e25_D10_G6/solution/solution-00013 
 14 1.949600122978e+10 1.392571516413e+09 768 7235 3201 20 8 9 9 9.30742468e-08 1.63776630e-07 outputs/V3.3e25_D10_G6/solution/solution-00014 
 15 2.088857274619e+10 1.392571516413e+09 768 7235 3201 20 8 9 9 9.30630690e-08 1.63720785e-07 outputs/V3.3e25_D10_G6/solution/solution-00015 
 16 2.228114426260e+10 1.392571516413e+09 768 7235 3201 19 8 9 9 9.31352710e-08 1.63776265e-07 outputs/V3.3e25_D10_G6/solution/solution-00016 
 17 2.367371577901e+10 1.392571516413e+09 768 7235 3201 19 8 9 9 9.32783807e-08 1.63928029e-07 outputs/V3.3e25_D10_G6/solution/solution-00017 
 18 2.506628729543e+10 1.392571516413e+09 768 7235 3201 19 8 9 9 9.34819473e-08 1.64163456e-07 outputs/V3.3e25_D10_G6/solution/solution-00018 
 19 2.645885881184e+10 1.392571516413e+09 768 7235 3201 19 8 9 9 9.37371872e-08 1.64471895e-07 outputs/V3.3e25_D10_G6/solution/solution-00019 
 20 2.785143032825e+10 1.392571516413e+09 768 7235 3201 19 8 9 9 9.40366986e-08 1.64844307e-07 outputs/V3.3e25_D10_G6/solution/solution-00020 
 21 2.924400184466e+10 1.392571516413e+09 768 7235 3201 19 8 9 9 9.43742308e-08 1.65272990e-07 outputs/V3.3e25_D10_G6/solution/solution-00021 
 22 3.063657336108e+10 1.392571516413e+09 768 7235 3201 19 8 9 9 9.47444951e-08 1.65751356e-07 outputs/V3.3e25_D10_G6/solution/solution-00022 
 23 3.202914487749e+10 1.392571516413e+09 768 7235 3201 19 8 9 9 9.51430097e-08 1.66273752e-07 outputs/V3.3e25_D10_G6/solution/solution-00023 
 24 3.342171639390e+10 1.392571516413e+09 768 7235 3201 19 8 9 9 9.55659722e-08 1.66835318e-07 outputs/V3.3e25_D10_G6/solution/solution-00024 
 25 3.481428791032e+10 1.392571516413e+09 768 7235 3201 19 8 9 9 9.60101536e-08 1.67431866e-07 outputs/V3.3e25_D10_G6/solution/solution-00025 
 26 3.620685942673e+10 1.392571516413e+09 768 7235 3201 18 8 9 9 9.64728098e-08 1.68059779e-07 outputs/V3.3e25_D10_G6/solution/solution-00026 
 27 3.759943094314e+10 1.392571516413e+09 768 7235 3201 18 8 9 9 9.69516078e-08 1.68715933e-07 outputs/V3.3e25_D10_G6/solution/solution-00027 
 28 3.899200245955e+10 1.392571516413e+09 768 7235 3201 18 8 9 9 9.74445636e-08 1.69397626e-07 outputs/V3.3e25_D10_G6/solution/solution-00028 
 29 4.038457397597e+10 1.392571516413e+09 768 7235 3201 18 8 9 9 9.79499901e-08 1.70102515e-07 outputs/V3.3e25_D10_G6/solution/solution-00029 
 30 4.177714549238e+10 1.392571516413e+09 768 7235 3201 18 8 9 9 9.84664528e-08 1.70828573e-07 outputs/V3.3e25_D10_G6/solution/solution-00030 
 31 4.316971700879e+10 1.392571516413e+09 768 7235 3201 18 8 9 9 9.89927326e-08 1.71574044e-07 outputs/V3.3e25_D10_G6/solution/solution-00031 
 32 4.456228852520e+10 1.392571516413e+09 768 7235 3201 18 8 9 9 9.95277939e-08 1.72337401e-07 outputs/V3.3e25_D10_G6/solution/solution-00032 
 33 4.595486004162e+10 1.392571516413e+09 768 7235 3201 18 8 9 9 1.00070758e-07 1.73117325e-07 outputs/V3.3e25_D10_G6/solution/solution-00033 
 34 4.734743155803e+10 1.392571516413e+09 768 7235 3201 18 8 9 9 1.00620880e-07 1.73912668e-07 outputs/V3.3e25_D10_G6/solution/solution-00034 
 35 4.874000307444e+10 1.392571516413e+09 768 7235 3201 18 8 9 9 1.01177528e-07 1.74722434e-07 outputs/V3.3e25_D10_G6/solution/solution-00035 
 36 5.013257459085e+10 1.392571516413e+09 768 7235 3201 18 8 9 9 1.01740170e-07 1.75545761e-07 outputs/V3.3e25_D10_G6/solution/solution-00036 
 37 5.152514610727e+10 1.392571516413e+09 768 7235 3201 18 8 9 9 1.02308356e-07 1.76381898e-07 outputs/V3.3e25_D10_G6/solution/solution-00037 
 38 5.291771762368e+10 1.392571516413e+09 768 7235 3201 18 8 9 9 1.02881706e-07 1.77230195e-07 outputs/V3.3e25_D10_G6/solution/solution-00038 
 39 5.431028914009e+10 1.392571516413e+09 768 7235 3201 18 8 9 9 1.03459903e-07 1.78090087e-07 outputs/V3.3e25_D10_G6/solution/solution-00039 
 40 5.570286065650e+10 1.392571516413e+09 768 7235 3201 18 8 9 9 1.04042680e-07 1.78961082e-07 outputs/V3.3e25_D10_G6/solution/solution-00040 
 41 5.709543217292e+10 1.392571516413e+09 768 7235 3201 18 8 9 9 1.04629816e-07 1.79842754e-07 outputs/V3.3e25_D10_G6/solution/solution-00041 
 42 5.848800368933e+10 1.392571516413e+09 768 7235 3201 18 8 9 9 1.05221126e-07 1.80734732e-07 outputs/V3.3e25_D10_G6/solution/solution-00042 
 43 5.988057520574e+10 1.392571516413e+09 768 7235 3201 18 8 9 9 1.05816459e-07 1.81636694e-07 outputs/V3.3e25_D10_G6/solution/solution-00043 
 44 6.127314672215e+10 1.392571516413e+09 768 7235 3201 18 8 9 9 1.06415691e-07 1.82548359e-07 outputs/V3.3e25_D10_G6/solution/solution-00044 
 45 6.266571823857e+10 1.392571516413e+09 768 7235 3201 17 8 9 9 1.07018720e-07 1.83469483e-07 outputs/V3.3e25_D10_G6/solution/solution-00045 
 46 6.405828975498e+10 1.392571516413e+09 768 7235 3201 17 8 9 9 1.07625465e-07 1.84399853e-07 outputs/V3.3e25_D10_G6/solution/solution-00046 
 47 6.545086127139e+10 1.392571516413e+09 768 7235 3201 17 8 9 9 1.08235862e-07 1.85339285e-07 outputs/V3.3e25_D10_G6/solution/solution-00047 
 48 6.684343278781e+10 1.392571516413e+09 768 7235 3201 17 8 9 9 1.08849862e-07 1.86287615e-07 outputs/V3.3e25_D10_G6/solution/solution-00048 
 49 6.823600430422e+10 1.392571516413e+09 768 7235 3201 17 8 9 9 1.09467427e-07 1.87244704e-07 outputs/V3.3e25_D10_G6/solution/solution-00049 
 50 6.962857582063e+10 1.392571516413e+09 768 7235 3201 17 8 9 9 1.10088529e-07 1.88210428e-07 outputs/V3.3e25_D10_G6/solution/solution-00050 
 51 7.102114733704e+10 1.392571516413e+09 768 7235 3201 17 8 9 9 1.10713151e-07 1.89184680e-07 outputs/V3.3e25_D10_G6/solution/solution-00051 
 52 7.241371885346e+10 1.392571516413e+09 768 7235 3201 17 8 9 9 1.11341280e-07 1.90167365e-07 outputs/V3.3e25_D10_G6/solution/solution-00052 
 53 7.380629036987e+10 1.392571516413e+09 768 7235 3201 17 8 9 9 1.11972914e-07 1.91158402e-07 outputs/V3.3e25_D10_G6/solution/solution-00053 
 54 7.519886188628e+10 1.392571516413e+09 768 7235 3201 17 8 9 9 1.12608051e-07 1.92157718e-07 outputs/V3.3e25_D10_G6/solution/solution-00054 
 55 7.659143340269e+10 1.392571516413e+09 768 7235 3201 17 8 9 9 1.13246698e-07 1.93165250e-07 outputs/V3.3e25_D10_G6/solution/solution-00055 
 56 7.798400491911e+10 1.392571516413e+09 768 7235 3201 17 8 9 9 1.13888862e-07 1.94180944e-07 outputs/V3.3e25_D10_G6/solution/solution-00056 
 57 7.937657643552e+10 1.392571516413e+09 768 7235 3201 17 8 9 9 1.14534556e-07 1.95204751e-07 outputs/V3.3e25_D10_G6/solution/solution-00057 
 58 8.076914795193e+10 1.392571516413e+09 768 7235 3201 17 8 9 9 1.15183793e-07 1.96236629e-07 outputs/V3.3e25_D10_G6/solution/solution-00058 
 59 8.216171946834e+10 1.392571516413e+09 768 7235 3201 17 8 9 9 1.15836591e-07 1.97276541e-07 outputs/V3.3e25_D10_G6/solution/solution-00059 
 60 8.355429098476e+10 1.392571516413e+09 768 7235 3201 17 8 9 9 1.16492968e-07 1.98324456e-07 outputs/V3.3e25_D10_G6/solution/solution-00060 
 61 8.494686250117e+10 1.392571516413e+09 768 7235 3201 17 7 8 8 1.17152943e-07 1.99380345e-07 outputs/V3.3e25_D10_G6/solution/solution-00061 
 62 8.633943401758e+10 1.392571516413e+09 768 7235 3201 17 7 8 8 1.17816538e-07 2.00444185e-07 outputs/V3.3e25_D10_G6/solution/solution-00062 
 63 8.773200553399e+10 1.392571516413e+09 768 7235 3201 17 7 8 8 1.18483774e-07 2.01515955e-07 outputs/V3.3e25_D10_G6/solution/solution-00063 
 64 8.912457705041e+10 1.392571516413e+09 768 7235 3201 17 7 8 8 1.19154675e-07 2.02595637e-07 outputs/V3.3e25_D10_G6/solution/solution-00064 
 65 9.051714856682e+10 1.392571516413e+09 768 7235 3201 17 7 8 8 1.19829264e-07 2.03683217e-07 outputs/V3.3e25_D10_G6/solution/solution-00065 
 66 9.190972008323e+10 1.392571516413e+09 768 7235 3201 17 7 8 8 1.20507566e-07 2.04778683e-07 outputs/V3.3e25_D10_G6/solution/solution-00066 
 67 9.330229159964e+10 1.392571516413e+09 768 7235 3201 17 7 8 8 1.21189603e-07 2.05882024e-07 outputs/V3.3e25_D10_G6/solution/solution-00067 
 68 9.469486311606e+10 1.392571516413e+09 768 7235 3201 17 7 8 8 1.21875403e-07 2.06993232e-07 outputs/V3.3e25_D10_G6/solution/solution-00068 
 69 9.608743463247e+10 1.392571516413e+09 768 7235 3201 17 7 8 8 1.22564989e-07 2.08112303e-07 outputs/V3.3e25_D10_G6/solution/solution-00069 
 70 9.748000614888e+10 1.392571516413e+09 768 7235 3201 17 7 8 8 1.23258387e-07 2.09239230e-07 outputs/V3.3e25_D10_G6/solution/solution-00070 
 71 9.887257766530e+10 1.392571516413e+09 768 7235 3201 16 7 8 8 1.23955622e-07 2.10374013e-07 outputs/V3.3e25_D10_G6/solution/solution-00071 
 72 1.002651491817e+11 1.392571516413e+09 768 7235 3201 16 7 8 8 1.24656720e-07 2.11516650e-07 outputs/V3.3e25_D10_G6/solution/solution-00072 
 73 1.016577206981e+11 1.392571516413e+09 768 7235 3201 16 7 8 8 1.25361706e-07 2.12667143e-07 outputs/V3.3e25_D10_G6/solution/solution-00073 
 74 1.030502922145e+11 1.392571516413e+09 768 7235 3201 16 7 8 8 1.26070607e-07 2.13825492e-07 outputs/V3.3e25_D10_G6/solution/solution-00074 
 75 1.044428637309e+11 1.392571516413e+09 768 7235 3201 16 7 8 8 1.26783447e-07 2.14991701e-07 outputs/V3.3e25_D10_G6/solution/solution-00075 
 76 1.058354352474e+11 1.392571516413e+09 768 7235 3201 16 7 8 8 1.27500254e-07 2.16165776e-07 outputs/V3.3e25_D10_G6/solution/solution-00076 
 77 1.072280067638e+11 1.392571516413e+09 768 7235 3201 16 7 8 8 1.28221051e-07 2.17347722e-07 outputs/V3.3e25_D10_G6/solution/solution-00077 
 78 1.086205782802e+11 1.392571516413e+09 768 7235 3201 16 7 8 8 1.28945867e-07 2.18537546e-07 outputs/V3.3e25_D10_G6/solution/solution-00078 
 79 1.100131497966e+11 1.392571516413e+09 768 7235 3201 16 7 8 8 1.29674725e-07 2.19735257e-07 outputs/V3.3e25_D10_G6/solution/solution-00079 
 80 1.114057213130e+11 1.392571516413e+09 768 7235 3201 16 7 8 8 1.30407652e-07 2.20940863e-07 outputs/V3.3e25_D10_G6/solution/solution-00080 
 81 1.127982928294e+11 1.392571516413e+09 768 7235 3201 16 7 8 8 1.31144673e-07 2.22154376e-07 outputs/V3.3e25_D10_G6/solution/solution-00081 
 82 1.141908643458e+11 1.392571516413e+09 768 7235 3201 16 7 8 8 1.31885816e-07 2.23375807e-07 outputs/V3.3e25_D10_G6/solution/solution-00082 
 83 1.155834358622e+11 1.392571516413e+09 768 7235 3201 16 7 8 8 1.32631104e-07 2.24605169e-07 outputs/V3.3e25_D10_G6/solution/solution-00083 
 84 1.169760073787e+11 1.392571516413e+09 768 7235 3201 16 7 8 8 1.33380565e-07 2.25842475e-07 outputs/V3.3e25_D10_G6/solution/solution-00084 
 85 1.183685788951e+11 1.392571516413e+09 768 7235 3201 16 7 8 8 1.34134224e-07 2.27087739e-07 outputs/V3.3e25_D10_G6/solution/solution-00085 
 86 1.197611504115e+11 1.392571516413e+09 768 7235 3201 16 7 8 8 1.34892106e-07 2.28340978e-07 outputs/V3.3e25_D10_G6/solution/solution-00086 
 87 1.211537219279e+11 1.392571516413e+09 768 7235 3201 16 7 8 8 1.35654239e-07 2.29602207e-07 outputs/V3.3e25_D10_G6/solution/solution-00087 
 88 1.225462934443e+11 1.392571516413e+09 768 7235 3201 16 7 8 8 1.36420647e-07 2.30871444e-07 outputs/V3.3e25_D10_G6/solution/solution-00088 
 89 1.239388649607e+11 1.392571516413e+09 768 7235 3201 16 7 8 8 1.37191356e-07 2.32148707e-07 outputs/V3.3e25_D10_G6/solution/solution-00089 
 90 1.253314364771e+11 1.392571516413e+09 768 7235 3201 16 7 8 8 1.37966393e-07 2.33434016e-07 outputs/V3.3e25_D10_G6/solution/solution-00090 
 91 1.267240079935e+11 1.392571516413e+09 768 7235 3201 16 7 8 8 1.38745784e-07 2.34727389e-07 outputs/V3.3e25_D10_G6/solution/solution-00091 
 92 1.281165795100e+11 1.392571516413e+09 768 7235 3201 16 7 8 8 1.39529554e-07 2.36028848e-07 outputs/V3.3e25_D10_G6/solution/solution-00092 
 93 1.295091510264e+11 1.392571516413e+09 768 7235 3201 16 7 8 8 1.40317730e-07 2.37338415e-07 outputs/V3.3e25_D10_G6/solution/solution-00093 
 94 1.309017225428e+11 1.392571516413e+09 768 7235 3201 16 7 8 8 1.41110338e-07 2.38656113e-07 outputs/V3.3e25_D10_G6/solution/solution-00094 
 95 1.322942940592e+11 1.392571516413e+09 768 7235 3201 16 7 8 8 1.41907405e-07 2.39981963e-07 outputs/V3.3e25_D10_G6/solution/solution-00095 
 96 1.336868655756e+11 1.392571516413e+09 768 7235 3201 16 7 8 8 1.42708956e-07 2.41315991e-07 outputs/V3.3e25_D10_G6/solution/solution-00096 
 97 1.350794370920e+11 1.392571516413e+09 768 7235 3201 15 7 8 8 1.43515017e-07 2.42658221e-07 outputs/V3.3e25_D10_G6/solution/solution-00097 
 98 1.364720086084e+11 1.392571516413e+09 768 7235 3201 15 7 8 8 1.44325617e-07 2.44008678e-07 outputs/V3.3e25_D10_G6/solution/solution-00098 
 99 1.378645801248e+11 1.392571516413e+09 768 7235 3201 15 7 8 8 1.45140780e-07 2.45367390e-07 outputs/V3.3e25_D10_G6/solution/solution-00099 
100 1.392571516413e+11 1.392571516413e+09 768 7235 3201 15 7 8 8 1.45960534e-07 2.46734383e-07 outputs/V3.3e25_D10_G6/solution/solution-00100 
