# 1: Time step number
# 2: Time (years)
# 3: Time step size (years)
# 4: Number of mesh cells
# 5: Number of Stokes degrees of freedom
# 6: Number of temperature degrees of freedom
# 7: Iterations for temperature solver
# 8: Iterations for Stokes solver
# 9: Velocity iterations in Stokes preconditioner
# 10: Schur complement iterations in Stokes preconditioner
# 11: RMS velocity (m/year)
# 12: Max. velocity (m/year)
# 13: Visualization file name
  0 0.000000000000e+00 0.000000000000e+00 768 7235 3201  0 8 9 9 5.37007815e-09 1.13142490e-08 outputs/V1e27_D3000_G8/solution/solution-00000 
  1 1.392571516413e+09 1.392571516413e+09 768 7235 3201 32 8 9 9 5.06383406e-09 9.07414550e-09 outputs/V1e27_D3000_G8/solution/solution-00001 
  2 2.785143032825e+09 1.392571516413e+09 768 7235 3201 25 8 9 9 4.81460520e-09 8.12176702e-09 outputs/V1e27_D3000_G8/solution/solution-00002 
  3 4.177714549238e+09 1.392571516413e+09 768 7235 3201 24 8 9 9 4.58885765e-09 7.74541823e-09 outputs/V1e27_D3000_G8/solution/solution-00003 
  4 5.570286065650e+09 1.392571516413e+09 768 7235 3201 23 8 9 9 4.37163647e-09 7.38243882e-09 outputs/V1e27_D3000_G8/solution/solution-00004 
  5 6.962857582063e+09 1.392571516413e+09 768 7235 3201 23 8 9 9 4.16299034e-09 7.03328090e-09 outputs/V1e27_D3000_G8/solution/solution-00005 
  6 8.355429098476e+09 1.392571516413e+09 768 7235 3201 22 8 9 9 3.96280224e-09 6.69799362e-09 outputs/V1e27_D3000_G8/solution/solution-00006 
  7 9.748000614888e+09 1.392571516413e+09 768 7235 3201 22 8 9 9 3.77099759e-09 6.37645252e-09 outputs/V1e27_D3000_G8/solution/solution-00007 
  8 1.114057213130e+10 1.392571516413e+09 768 7235 3201 21 8 9 9 3.58745962e-09 6.06844256e-09 outputs/V1e27_D3000_G8/solution/solution-00008 
  9 1.253314364771e+10 1.392571516413e+09 768 7235 3201 21 8 9 9 3.41202445e-09 5.77369117e-09 outputs/V1e27_D3000_G8/solution/solution-00009 
 10 1.392571516413e+10 1.392571516413e+09 768 7235 3201 21 8 9 9 3.24449137e-09 5.49188386e-09 outputs/V1e27_D3000_G8/solution/solution-00010 
 11 1.531828668054e+10 1.392571516413e+09 768 7235 3201 20 8 9 9 3.08463230e-09 5.22267369e-09 outputs/V1e27_D3000_G8/solution/solution-00011 
 12 1.671085819695e+10 1.392571516413e+09 768 7235 3201 20 8 9 9 2.93219984e-09 4.96568830e-09 outputs/V1e27_D3000_G8/solution/solution-00012 
 13 1.810342971336e+10 1.392571516413e+09 768 7235 3201 20 8 9 9 2.78693371e-09 4.72053590e-09 outputs/V1e27_D3000_G8/solution/solution-00013 
 14 1.949600122978e+10 1.392571516413e+09 768 7235 3201 20 8 9 9 2.64856590e-09 4.48681062e-09 outputs/V1e27_D3000_G8/solution/solution-00014 
 15 2.088857274619e+10 1.392571516413e+09 768 7235 3201 20 8 9 9 2.51682491e-09 4.26409735e-09 outputs/V1e27_D3000_G8/solution/solution-00015 
 16 2.228114426260e+10 1.392571516413e+09 768 7235 3201 20 8 9 9 2.39143896e-09 4.05197607e-09 outputs/V1e27_D3000_G8/solution/solution-00016 
 17 2.367371577901e+10 1.392571516413e+09 768 7235 3201 20 8 9 9 2.27213859e-09 3.85002572e-09 outputs/V1e27_D3000_G8/solution/solution-00017 
 18 2.506628729543e+10 1.392571516413e+09 768 7235 3201 20 8 9 9 2.15865860e-09 3.65782750e-09 outputs/V1e27_D3000_G8/solution/solution-00018 
 19 2.645885881184e+10 1.392571516413e+09 768 7235 3201 19 8 9 9 2.05073956e-09 3.47496761e-09 outputs/V1e27_D3000_G8/solution/solution-00019 
 20 2.785143032825e+10 1.392571516413e+09 768 7235 3201 19 8 9 9 1.94812893e-09 3.30103961e-09 outputs/V1e27_D3000_G8/solution/solution-00020 
 21 2.924400184466e+10 1.392571516413e+09 768 7235 3201 19 8 9 9 1.85058182e-09 3.13564623e-09 outputs/V1e27_D3000_G8/solution/solution-00021 
 22 3.063657336108e+10 1.392571516413e+09 768 7235 3201 19 8 9 9 1.75786157e-09 2.97840077e-09 outputs/V1e27_D3000_G8/solution/solution-00022 
 23 3.202914487749e+10 1.392571516413e+09 768 7235 3201 19 8 9 9 1.66974008e-09 2.82892821e-09 outputs/V1e27_D3000_G8/solution/solution-00023 
 24 3.342171639390e+10 1.392571516413e+09 768 7235 3201 19 8 9 9 1.58599801e-09 2.68686595e-09 outputs/V1e27_D3000_G8/solution/solution-00024 
 25 3.481428791032e+10 1.392571516413e+09 768 7235 3201 19 8 9 9 1.50642480e-09 2.55186432e-09 outputs/V1e27_D3000_G8/solution/solution-00025 
 26 3.620685942673e+10 1.392571516413e+09 768 7235 3201 19 8 9 9 1.43081872e-09 2.42358688e-09 outputs/V1e27_D3000_G8/solution/solution-00026 
 27 3.759943094314e+10 1.392571516413e+09 768 7235 3201 19 8 9 9 1.35898669e-09 2.30171050e-09 outputs/V1e27_D3000_G8/solution/solution-00027 
 28 3.899200245955e+10 1.392571516413e+09 768 7235 3201 19 8 9 9 1.29074414e-09 2.18592539e-09 outputs/V1e27_D3000_G8/solution/solution-00028 
 29 4.038457397597e+10 1.392571516413e+09 768 7235 3201 19 8 9 9 1.22591484e-09 2.07593494e-09 outputs/V1e27_D3000_G8/solution/solution-00029 
 30 4.177714549238e+10 1.392571516413e+09 768 7235 3201 19 8 9 9 1.16433059e-09 1.97145550e-09 outputs/V1e27_D3000_G8/solution/solution-00030 
 31 4.316971700879e+10 1.392571516413e+09 768 7235 3201 19 8 9 9 1.10583103e-09 1.87221608e-09 outputs/V1e27_D3000_G8/solution/solution-00031 
 32 4.456228852520e+10 1.392571516413e+09 768 7235 3201 19 8 9 9 1.05026333e-09 1.77795802e-09 outputs/V1e27_D3000_G8/solution/solution-00032 
 33 4.595486004162e+10 1.392571516413e+09 768 7235 3201 19 8 9 9 9.97481915e-10 1.68843464e-09 outputs/V1e27_D3000_G8/solution/solution-00033 
 34 4.734743155803e+10 1.392571516413e+09 768 7235 3201 18 8 9 9 9.47348196e-10 1.60341079e-09 outputs/V1e27_D3000_G8/solution/solution-00034 
 35 4.874000307444e+10 1.392571516413e+09 768 7235 3201 18 8 9 9 8.99730259e-10 1.52266247e-09 outputs/V1e27_D3000_G8/solution/solution-00035 
 36 5.013257459085e+10 1.392571516413e+09 768 7235 3201 18 8 9 9 8.54502597e-10 1.44597639e-09 outputs/V1e27_D3000_G8/solution/solution-00036 
 37 5.152514610727e+10 1.392571516413e+09 768 7235 3201 18 8 9 9 8.11545827e-10 1.37314956e-09 outputs/V1e27_D3000_G8/solution/solution-00037 
 38 5.291771762368e+10 1.392571516413e+09 768 7235 3201 18 8 9 9 7.70746415e-10 1.30398882e-09 outputs/V1e27_D3000_G8/solution/solution-00038 
 39 5.431028914009e+10 1.392571516413e+09 768 7235 3201 18 8 9 9 7.31996416e-10 1.23831045e-09 outputs/V1e27_D3000_G8/solution/solution-00039 
 40 5.570286065650e+10 1.392571516413e+09 768 7235 3201 18 8 9 9 6.95193208e-10 1.17593976e-09 outputs/V1e27_D3000_G8/solution/solution-00040 
 41 5.709543217292e+10 1.392571516413e+09 768 7235 3201 18 8 9 9 6.60239250e-10 1.11671066e-09 outputs/V1e27_D3000_G8/solution/solution-00041 
 42 5.848800368933e+10 1.392571516413e+09 768 7235 3201 18 8 9 9 6.27041838e-10 1.06046528e-09 outputs/V1e27_D3000_G8/solution/solution-00042 
 43 5.988057520574e+10 1.392571516413e+09 768 7235 3201 18 8 9 9 5.95512875e-10 1.00705359e-09 outputs/V1e27_D3000_G8/solution/solution-00043 
 44 6.127314672215e+10 1.392571516413e+09 768 7235 3201 18 8 9 9 5.65568650e-10 9.56333011e-10 outputs/V1e27_D3000_G8/solution/solution-00044 
 45 6.266571823857e+10 1.392571516413e+09 768 7235 3201 18 8 9 9 5.37129628e-10 9.08168098e-10 outputs/V1e27_D3000_G8/solution/solution-00045 
 46 6.405828975498e+10 1.392571516413e+09 768 7235 3201 18 8 9 9 5.10120240e-10 8.62430158e-10 outputs/V1e27_D3000_G8/solution/solution-00046 
 47 6.545086127139e+10 1.392571516413e+09 768 7235 3201 18 8 9 9 4.84468696e-10 8.18996947e-10 outputs/V1e27_D3000_G8/solution/solution-00047 
 48 6.684343278781e+10 1.392571516413e+09 768 7235 3201 18 8 9 9 4.60106796e-10 7.77752346e-10 outputs/V1e27_D3000_G8/solution/solution-00048 
 49 6.823600430422e+10 1.392571516413e+09 768 7235 3201 18 8 9 9 4.36969754e-10 7.38586066e-10 outputs/V1e27_D3000_G8/solution/solution-00049 
 50 6.962857582063e+10 1.392571516413e+09 768 7235 3201 18 8 9 9 4.14996029e-10 7.01393357e-10 outputs/V1e27_D3000_G8/solution/solution-00050 
 51 7.102114733704e+10 1.392571516413e+09 768 7235 3201 18 8 9 9 3.94127164e-10 6.66074738e-10 outputs/V1e27_D3000_G8/solution/solution-00051 
 52 7.241371885346e+10 1.392571516413e+09 768 7235 3201 18 8 9 9 3.74307632e-10 6.32535730e-10 outputs/V1e27_D3000_G8/solution/solution-00052 
 53 7.380629036987e+10 1.392571516413e+09 768 7235 3201 18 8 9 9 3.55484695e-10 6.00686615e-10 outputs/V1e27_D3000_G8/solution/solution-00053 
 54 7.519886188628e+10 1.392571516413e+09 768 7235 3201 18 8 9 9 3.37608257e-10 5.70442192e-10 outputs/V1e27_D3000_G8/solution/solution-00054 
 55 7.659143340269e+10 1.392571516413e+09 768 7235 3201 18 8 9 9 3.20630739e-10 5.41721554e-10 outputs/V1e27_D3000_G8/solution/solution-00055 
 56 7.798400491911e+10 1.392571516413e+09 768 7235 3201 18 8 9 9 3.04506952e-10 5.14447871e-10 outputs/V1e27_D3000_G8/solution/solution-00056 
 57 7.937657643552e+10 1.392571516413e+09 768 7235 3201 18 8 9 9 2.89193974e-10 4.88548190e-10 outputs/V1e27_D3000_G8/solution/solution-00057 
 58 8.076914795193e+10 1.392571516413e+09 768 7235 3201 18 8 9 9 2.74651040e-10 4.63953233e-10 outputs/V1e27_D3000_G8/solution/solution-00058 
 59 8.216171946834e+10 1.392571516413e+09 768 7235 3201 18 8 9 9 2.60839434e-10 4.40597222e-10 outputs/V1e27_D3000_G8/solution/solution-00059 
 60 8.355429098476e+10 1.392571516413e+09 768 7235 3201 18 8 9 9 2.47722384e-10 4.18417692e-10 outputs/V1e27_D3000_G8/solution/solution-00060 
 61 8.494686250117e+10 1.392571516413e+09 768 7235 3201 17 8 9 9 2.35264965e-10 3.97355329e-10 outputs/V1e27_D3000_G8/solution/solution-00061 
 62 8.633943401758e+10 1.392571516413e+09 768 7235 3201 17 8 9 9 2.23434010e-10 3.77353818e-10 outputs/V1e27_D3000_G8/solution/solution-00062 
 63 8.773200553399e+10 1.392571516413e+09 768 7235 3201 17 8 9 9 2.12198017e-10 3.58359682e-10 outputs/V1e27_D3000_G8/solution/solution-00063 
 64 8.912457705041e+10 1.392571516413e+09 768 7235 3201 17 8 9 9 2.01527069e-10 3.40322141e-10 outputs/V1e27_D3000_G8/solution/solution-00064 
 65 9.051714856682e+10 1.392571516413e+09 768 7235 3201 17 8 9 9 1.91392751e-10 3.23192980e-10 outputs/V1e27_D3000_G8/solution/solution-00065 
 66 9.190972008323e+10 1.392571516413e+09 768 7235 3201 17 8 9 9 1.81768080e-10 3.06926415e-10 outputs/V1e27_D3000_G8/solution/solution-00066 
 67 9.330229159964e+10 1.392571516413e+09 768 7235 3201 17 8 9 9 1.72627425e-10 2.91478972e-10 outputs/V1e27_D3000_G8/solution/solution-00067 
 68 9.469486311606e+10 1.392571516413e+09 768 7235 3201 17 8 9 9 1.63946448e-10 2.76809371e-10 outputs/V1e27_D3000_G8/solution/solution-00068 
 69 9.608743463247e+10 1.392571516413e+09 768 7235 3201 17 8 9 9 1.55702030e-10 2.62878414e-10 outputs/V1e27_D3000_G8/solution/solution-00069 
 70 9.748000614888e+10 1.392571516413e+09 768 7235 3201 17 8 9 9 1.47872219e-10 2.49648881e-10 outputs/V1e27_D3000_G8/solution/solution-00070 
 71 9.887257766530e+10 1.392571516413e+09 768 7235 3201 17 8 9 9 1.40436164e-10 2.37085430e-10 outputs/V1e27_D3000_G8/solution/solution-00071 
 72 1.002651491817e+11 1.392571516413e+09 768 7235 3201 17 8 9 9 1.33374064e-10 2.25154500e-10 outputs/V1e27_D3000_G8/solution/solution-00072 
 73 1.016577206981e+11 1.392571516413e+09 768 7235 3201 17 8 9 9 1.26667112e-10 2.13824224e-10 outputs/V1e27_D3000_G8/solution/solution-00073 
 74 1.030502922145e+11 1.392571516413e+09 768 7235 3201 17 8 9 9 1.20297449e-10 2.03064343e-10 outputs/V1e27_D3000_G8/solution/solution-00074 
 75 1.044428637309e+11 1.392571516413e+09 768 7235 3201 17 8 9 9 1.14248112e-10 1.92846122e-10 outputs/V1e27_D3000_G8/solution/solution-00075 
 76 1.058354352474e+11 1.392571516413e+09 768 7235 3201 17 8 9 9 1.08502992e-10 1.83142276e-10 outputs/V1e27_D3000_G8/solution/solution-00076 
 77 1.072280067638e+11 1.392571516413e+09 768 7235 3201 17 8 9 9 1.03046789e-10 1.73926896e-10 outputs/V1e27_D3000_G8/solution/solution-00077 
 78 1.086205782802e+11 1.392571516413e+09 768 7235 3201 17 8 9 9 9.78649751e-11 1.65175380e-10 outputs/V1e27_D3000_G8/solution/solution-00078 
 79 1.100131497966e+11 1.392571516413e+09 768 7235 3201 17 8 9 9 9.29437500e-11 1.56864365e-10 outputs/V1e27_D3000_G8/solution/solution-00079 
 80 1.114057213130e+11 1.392571516413e+09 768 7235 3201 17 8 9 9 8.82700088e-11 1.48971665e-10 outputs/V1e27_D3000_G8/solution/solution-00080 
 81 1.127982928294e+11 1.392571516413e+09 768 7235 3201 17 8 9 9 8.38313057e-11 1.41476216e-10 outputs/V1e27_D3000_G8/solution/solution-00081 
 82 1.141908643458e+11 1.392571516413e+09 768 7235 3201 17 8 9 9 7.96158205e-11 1.34358011e-10 outputs/V1e27_D3000_G8/solution/solution-00082 
 83 1.155834358622e+11 1.392571516413e+09 768 7235 3201 17 8 9 9 7.56123272e-11 1.27598055e-10 outputs/V1e27_D3000_G8/solution/solution-00083 
 84 1.169760073787e+11 1.392571516413e+09 768 7235 3201 17 8 9 9 7.18101649e-11 1.21178309e-10 outputs/V1e27_D3000_G8/solution/solution-00084 
 85 1.183685788951e+11 1.392571516413e+09 768 7235 3201 17 8 9 9 6.81992086e-11 1.15081643e-10 outputs/V1e27_D3000_G8/solution/solution-00085 
 86 1.197611504115e+11 1.392571516413e+09 768 7235 3201 17 8 9 9 6.47698424e-11 1.09291789e-10 outputs/V1e27_D3000_G8/solution/solution-00086 
 87 1.211537219279e+11 1.392571516413e+09 768 7235 3201 17 8 9 9 6.15129339e-11 1.03793302e-10 outputs/V1e27_D3000_G8/solution/solution-00087 
 88 1.225462934443e+11 1.392571516413e+09 768 7235 3201 17 8 9 9 5.84198105e-11 9.85715119e-11 outputs/V1e27_D3000_G8/solution/solution-00088 
 89 1.239388649607e+11 1.392571516413e+09 768 7235 3201 16 8 9 9 5.54822339e-11 9.36124863e-11 outputs/V1e27_D3000_G8/solution/solution-00089 
 90 1.253314364771e+11 1.392571516413e+09 768 7235 3201 16 8 9 9 5.26923824e-11 8.89029995e-11 outputs/V1e27_D3000_G8/solution/solution-00090 
 91 1.267240079935e+11 1.392571516413e+09 768 7235 3201 16 8 9 9 5.00428274e-11 8.44304904e-11 outputs/V1e27_D3000_G8/solution/solution-00091 
 92 1.281165795100e+11 1.392571516413e+09 768 7235 3201 16 8 9 9 4.75265133e-11 8.01830302e-11 outputs/V1e27_D3000_G8/solution/solution-00092 
 93 1.295091510264e+11 1.392571516413e+09 768 7235 3201 16 8 9 9 4.51367394e-11 7.61492909e-11 outputs/V1e27_D3000_G8/solution/solution-00093 
 94 1.309017225428e+11 1.392571516413e+09 768 7235 3201 16 8 9 9 4.28671419e-11 7.23185150e-11 outputs/V1e27_D3000_G8/solution/solution-00094 
 95 1.322942940592e+11 1.392571516413e+09 768 7235 3201 16 8 9 9 4.07116773e-11 6.86804868e-11 outputs/V1e27_D3000_G8/solution/solution-00095 
 96 1.336868655756e+11 1.392571516413e+09 768 7235 3201 16 8 9 9 3.86646058e-11 6.52255049e-11 outputs/V1e27_D3000_G8/solution/solution-00096 
 97 1.350794370920e+11 1.392571516413e+09 768 7235 3201 16 8 9 9 3.67204762e-11 6.19443565e-11 outputs/V1e27_D3000_G8/solution/solution-00097 
 98 1.364720086084e+11 1.392571516413e+09 768 7235 3201 16 8 9 9 3.48741116e-11 5.88282928e-11 outputs/V1e27_D3000_G8/solution/solution-00098 
 99 1.378645801248e+11 1.392571516413e+09 768 7235 3201 16 8 9 9 3.31205955e-11 5.58690055e-11 outputs/V1e27_D3000_G8/solution/solution-00099 
100 1.392571516413e+11 1.392571516413e+09 768 7235 3201 16 8 9 9 3.14552584e-11 5.30586047e-11 outputs/V1e27_D3000_G8/solution/solution-00100 
