# 1: Time step number
# 2: Time (years)
# 3: Time step size (years)
# 4: Number of mesh cells
# 5: Number of Stokes degrees of freedom
# 6: Number of temperature degrees of freedom
# 7: Iterations for temperature solver
# 8: Iterations for Stokes solver
# 9: Velocity iterations in Stokes preconditioner
# 10: Schur complement iterations in Stokes preconditioner
# 11: RMS velocity (m/year)
# 12: Max. velocity (m/year)
# 13: Visualization file name
  0 0.000000000000e+00 0.000000000000e+00 768 7235 3201  0 8 9 9 2.81070320e-06 4.98716801e-06 outputs/V3.3e24_D30_G14/solution/solution-00000 
  1 1.392571516413e+09 1.392571516413e+09 768 7235 3201 32 8 9 9 3.25183023e-06 5.84543879e-06 outputs/V3.3e24_D30_G14/solution/solution-00001 
  2 2.785143032825e+09 1.392571516413e+09 768 7235 3201 25 8 9 9 4.27958967e-06 8.23802046e-06 outputs/V3.3e24_D30_G14/solution/solution-00002 
  3 4.177714549238e+09 1.392571516413e+09 768 7235 3201 24 8 9 9 6.49669155e-06 1.31212104e-05 outputs/V3.3e24_D30_G14/solution/solution-00003 
  4 5.570286065650e+09 1.392571516413e+09 768 7235 3201 23 8 9 9 1.11450648e-05 2.30106541e-05 outputs/V3.3e24_D30_G14/solution/solution-00004 
  5 6.962857582063e+09 1.392571516413e+09 768 7235 3201 23 8 9 9 2.09729552e-05 4.34514963e-05 outputs/V3.3e24_D30_G14/solution/solution-00005 
  6 8.355429098476e+09 1.392571516413e+09 768 7235 3201 22 8 9 9 4.22532447e-05 8.69461693e-05 outputs/V3.3e24_D30_G14/solution/solution-00006 
  7 9.433518815168e+09 1.078089716693e+09 768 7235 3201 21 8 9 9 7.70635172e-05 1.57483086e-04 outputs/V3.3e24_D30_G14/solution/solution-00007 
  8 1.002882083866e+10 5.953020234880e+08 768 7235 3201 17 8 9 9 1.12004111e-04 2.28198233e-04 outputs/V3.3e24_D30_G14/solution/solution-00008 
  9 1.043971369879e+10 4.108928601327e+08 768 7235 3201 14 7 8 8 1.48012214e-04 3.01169120e-04 outputs/V3.3e24_D30_G14/solution/solution-00009 
 10 1.075114190407e+10 3.114282052858e+08 768 7235 3201 12 7 8 8 1.84850766e-04 3.75890452e-04 outputs/V3.3e24_D30_G14/solution/solution-00010 
 11 1.100054967583e+10 2.494077717568e+08 768 7235 3201 11 7 8 8 2.22339222e-04 4.51956657e-04 outputs/V3.3e24_D30_G14/solution/solution-00011 
 12 1.120796957705e+10 2.074199012163e+08 768 7235 3201 11 6 7 7 2.60411146e-04 5.29255864e-04 outputs/V3.3e24_D30_G14/solution/solution-00012 
 13 1.138517704900e+10 1.772074719560e+08 768 7235 3201 10 6 7 7 2.99020610e-04 6.07414208e-04 outputs/V3.3e24_D30_G14/solution/solution-00013 
 14 1.153951983322e+10 1.543427842185e+08 768 7235 3201 10 6 7 7 3.38078418e-04 6.86127504e-04 outputs/V3.3e24_D30_G14/solution/solution-00014 
 15 1.167622975733e+10 1.367099241095e+08 768 7235 3201 10 6 7 7 3.77554588e-04 7.64953594e-04 outputs/V3.3e24_D30_G14/solution/solution-00015 
 16 1.179875690056e+10 1.225271432259e+08 768 7235 3201  9 6 7 7 4.17319383e-04 8.43970202e-04 outputs/V3.3e24_D30_G14/solution/solution-00016 
 17 1.190984990823e+10 1.110930076745e+08 768 7235 3201  9 6 7 7 4.57296364e-04 9.22403732e-04 outputs/V3.3e24_D30_G14/solution/solution-00017 
 18 1.201151968260e+10 1.016697743655e+08 768 7235 3201  9 6 7 7 4.97363560e-04 1.00010304e-03 outputs/V3.3e24_D30_G14/solution/solution-00018 
 19 1.210526002403e+10 9.374034143685e+07 768 7235 3201  9 6 7 7 5.37350220e-04 1.07615951e-03 outputs/V3.3e24_D30_G14/solution/solution-00019 
 20 1.219237536277e+10 8.711533873399e+07 768 7235 3201  9 6 7 7 5.77123205e-04 1.15091131e-03                                              "" 
 21 1.227390296210e+10 8.152759932843e+07 768 7235 3201  9 6 7 7 6.16527724e-04 1.22320389e-03 outputs/V3.3e24_D30_G14/solution/solution-00020 
 22 1.235056341490e+10 7.666045280254e+07 768 7235 3201  9 6 7 7 6.55329122e-04 1.29242842e-03 outputs/V3.3e24_D30_G14/solution/solution-00021 
 23 1.242306879578e+10 7.250538087814e+07 768 7235 3201  9 6 7 7 6.93344381e-04 1.35913252e-03 outputs/V3.3e24_D30_G14/solution/solution-00022 
 24 1.249201745558e+10 6.894865980034e+07 768 7235 3201  9 6 7 7 7.30383511e-04 1.42291502e-03                                              "" 
 25 1.255791269689e+10 6.589524131031e+07 768 7235 3201  9 6 7 7 7.66249204e-04 1.49554627e-03 outputs/V3.3e24_D30_G14/solution/solution-00023 
 26 1.262067424850e+10 6.276155161196e+07 768 7235 3201  9 6 7 7 8.00465313e-04 1.57764868e-03 outputs/V3.3e24_D30_G14/solution/solution-00024 
 27 1.268015051895e+10 5.947627044655e+07 768 7235 3201  9 6 7 7 8.32568358e-04 1.65476619e-03                                              "" 
 28 1.273683790795e+10 5.668738900579e+07 768 7235 3201  9 6 7 7 8.62510552e-04 1.72668027e-03 outputs/V3.3e24_D30_G14/solution/solution-00025 
 29 1.279114922661e+10 5.431131865540e+07 768 7235 3201 10 6 7 7 8.90252158e-04 1.79322561e-03                                              "" 
 30 1.284343181751e+10 5.228259089842e+07 768 7235 3201 10 6 7 7 9.15763243e-04 1.85428854e-03 outputs/V3.3e24_D30_G14/solution/solution-00026 
 31 1.289398113117e+10 5.054931366527e+07 768 7235 3201 10 6 7 7 9.39024710e-04 1.90980390e-03                                              "" 
 32 1.294305102502e+10 4.906989385212e+07 768 7235 3201 10 6 7 7 9.60028915e-04 1.95975150e-03 outputs/V3.3e24_D30_G14/solution/solution-00027 
 33 1.299086169164e+10 4.781066661502e+07 768 7235 3201 10 6 7 7 9.78780013e-04 2.00415258e-03                                              "" 
 34 1.303760583748e+10 4.674414584346e+07 768 7235 3201 10 6 7 7 9.95294048e-04 2.04306623e-03 outputs/V3.3e24_D30_G14/solution/solution-00028 
 35 1.308345354965e+10 4.584771216448e+07 768 7235 3201 10 6 7 7 1.00959884e-03 2.07675886e-03                                              "" 
 36 1.312855616503e+10 4.510261538173e+07 768 7235 3201 10 6 7 7 1.02173364e-03 2.10540718e-03 outputs/V3.3e24_D30_G14/solution/solution-00029 
 37 1.317304937159e+10 4.449320655825e+07 768 7235 3201 10 6 7 7 1.03174866e-03 2.12886323e-03                                              "" 
 38 1.321705571173e+10 4.400634014404e+07 768 7235 3201 10 6 7 7 1.03970435e-03 2.14730526e-03 outputs/V3.3e24_D30_G14/solution/solution-00030 
 39 1.326068661529e+10 4.363090356285e+07 768 7235 3201 10 6 7 7 1.04567060e-03 2.16093485e-03                                              "" 
 40 1.330404405869e+10 4.335744339497e+07 768 7235 3201 10 6 7 7 1.04972581e-03 2.16997365e-03 outputs/V3.3e24_D30_G14/solution/solution-00031 
 41 1.334722192420e+10 4.317786550693e+07 768 7235 3201 10 6 7 7 1.05195584e-03 2.17466017e-03                                              "" 
 42 1.339030711652e+10 4.308519231962e+07 768 7235 3201 10 6 7 7 1.05245294e-03 2.17524671e-03                                              "" 
 43 1.343338048113e+10 4.307336461635e+07 768 7235 3201 10 6 7 7 1.05131461e-03 2.17199629e-03 outputs/V3.3e24_D30_G14/solution/solution-00032 
 44 1.347651755949e+10 4.313707836214e+07 768 7235 3201 10 6 7 7 1.04864247e-03 2.16517977e-03                                              "" 
 45 1.351978920876e+10 4.327164926901e+07 768 7235 3201 10 6 7 7 1.04454114e-03 2.15507306e-03 outputs/V3.3e24_D30_G14/solution/solution-00033 
 46 1.356326210829e+10 4.347289952793e+07 768 7235 3201 10 6 7 7 1.03911714e-03 2.14195444e-03                                              "" 
 47 1.360699917069e+10 4.373706239712e+07 768 7235 3201 10 6 7 7 1.03247786e-03 2.12610207e-03 outputs/V3.3e24_D30_G14/solution/solution-00034 
 48 1.365105987199e+10 4.406070130166e+07 768 7235 3201  9 6 7 7 1.02473056e-03 2.10779174e-03                                              "" 
 49 1.369550051283e+10 4.444064084110e+07 768 7235 3201  9 6 7 7 1.01598149e-03 2.08729469e-03                                              "" 
 50 1.374037442051e+10 4.487390767930e+07 768 7235 3201  9 6 7 7 1.00633506e-03 2.06516987e-03 outputs/V3.3e24_D30_G14/solution/solution-00035 
 51 1.378573210025e+10 4.535767974394e+07 768 7235 3201  9 6 7 7 9.95893097e-04 2.04141456e-03                                              "" 
 52 1.383162134278e+10 4.588924252357e+07 768 7235 3201  9 6 7 7 9.84754178e-04 2.01625236e-03 outputs/V3.3e24_D30_G14/solution/solution-00036 
 53 1.387808729432e+10 4.646595153777e+07 768 7235 3201  9 6 7 7 9.73013100e-04 1.98991664e-03                                              "" 
 54 1.392517249460e+10 4.708520028700e+07 768 7235 3201  9 6 7 7 9.60760378e-04 1.96262942e-03 outputs/V3.3e24_D30_G14/solution/solution-00037 
 55 1.397291688778e+10 4.774439317406e+07 768 7235 3201  9 6 7 7 9.48081870e-04 1.93460057e-03                                              "" 
 56 1.402135781081e+10 4.844092303583e+07 768 7235 3201  9 6 7 7 9.35058455e-04 1.90602715e-03 outputs/V3.3e24_D30_G14/solution/solution-00038 
 57 1.407052996385e+10 4.917215303792e+07 768 7235 3201  9 6 7 7 9.21765812e-04 1.87709296e-03                                              "" 
 58 1.412046536662e+10 4.993540276934e+07 768 7235 3201  9 6 7 7 9.08274257e-04 1.84796830e-03 outputs/V3.3e24_D30_G14/solution/solution-00039 
 59 1.417119330505e+10 5.072793843148e+07 768 7235 3201  9 6 7 7 8.94648653e-04 1.81880982e-03                                              "" 
 60 1.422274027210e+10 5.154696704731e+07 768 7235 3201  9 6 7 7 8.80948383e-04 1.78976055e-03 outputs/V3.3e24_D30_G14/solution/solution-00040 
 61 1.427512990672e+10 5.238963462496e+07 768 7235 3201  9 6 7 7 8.67227387e-04 1.76095004e-03                                              "" 
 62 1.432838293492e+10 5.325302819517e+07 768 7235 3201  9 6 7 7 8.53534240e-04 1.73249460e-03 outputs/V3.3e24_D30_G14/solution/solution-00041 
 63 1.438251711653e+10 5.413418160799e+07 768 7235 3201  9 6 7 7 8.39912291e-04 1.70449766e-03                                              "" 
 64 1.443754720145e+10 5.503008492278e+07 768 7235 3201  9 6 7 7 8.26399834e-04 1.67705021e-03 outputs/V3.3e24_D30_G14/solution/solution-00042 
 65 1.449348489861e+10 5.593769716094e+07 768 7235 3201  9 6 7 7 8.13030325e-04 1.65023127e-03                                              "" 
 66 1.455033886073e+10 5.685396211712e+07 768 7235 3201  9 6 7 7 7.99832624e-04 1.62410843e-03 outputs/V3.3e24_D30_G14/solution/solution-00043 
 67 1.460811468757e+10 5.777582684740e+07 768 7235 3201  9 6 7 7 7.86831265e-04 1.59873849e-03 outputs/V3.3e24_D30_G14/solution/solution-00044 
 68 1.466681494995e+10 5.870026237700e+07 768 7235 3201  9 6 7 7 7.74046753e-04 1.57416802e-03                                              "" 
 69 1.472643206509e+10 5.961711513729e+07 768 7235 3201  8 6 7 7 7.61497350e-04 1.55043682e-03 outputs/V3.3e24_D30_G14/solution/solution-00045 
 70 1.478695168050e+10 6.051961541253e+07 768 7235 3201  8 6 7 7 7.49198472e-04 1.52757664e-03                                              "" 
 71 1.484836679322e+10 6.141511271635e+07 768 7235 3201  8 6 7 7 7.37160190e-04 1.50560661e-03 outputs/V3.3e24_D30_G14/solution/solution-00046 
 72 1.491066776240e+10 6.230096918306e+07 768 7235 3201  8 6 7 7 7.25389797e-04 1.48453828e-03 outputs/V3.3e24_D30_G14/solution/solution-00047 
 73 1.497384246261e+10 6.317470020911e+07 768 7235 3201  8 6 7 7 7.13892139e-04 1.46437627e-03                                              "" 
 74 1.503787645747e+10 6.403399485982e+07 768 7235 3201  8 6 7 7 7.02669929e-04 1.44511898e-03 outputs/V3.3e24_D30_G14/solution/solution-00048 
 75 1.510275319141e+10 6.487673394003e+07 768 7235 3201  8 5 6 6 6.91724046e-04 1.42691880e-03 outputs/V3.3e24_D30_G14/solution/solution-00049 
 76 1.516845419690e+10 6.570100549193e+07 768 7235 3201  8 5 6 6 6.81053827e-04 1.40966598e-03                                              "" 
 77 1.523495931329e+10 6.650511638628e+07 768 7235 3201  8 5 6 6 6.70657328e-04 1.39327301e-03 outputs/V3.3e24_D30_G14/solution/solution-00050 
 78 1.530224691554e+10 6.728760225466e+07 768 7235 3201  8 5 6 6 6.60531567e-04 1.37771952e-03 outputs/V3.3e24_D30_G14/solution/solution-00051 
 79 1.537029414788e+10 6.804723234064e+07 768 7235 3201  8 5 6 6 6.50672746e-04 1.36298190e-03                                              "" 
 80 1.543907715958e+10 6.878301170095e+07 768 7235 3201  8 5 6 6 6.41076448e-04 1.34903384e-03 outputs/V3.3e24_D30_G14/solution/solution-00052 
 81 1.550857133944e+10 6.949417985861e+07 768 7235 3201  8 5 6 6 6.31737803e-04 1.33584674e-03 outputs/V3.3e24_D30_G14/solution/solution-00053 
 82 1.557875154569e+10 7.018020624405e+07 768 7235 3201  8 5 6 6 6.22651640e-04 1.32339023e-03                                              "" 
 83 1.564959232836e+10 7.084078267762e+07 768 7235 3201  8 5 6 6 6.13812609e-04 1.31163251e-03 outputs/V3.3e24_D30_G14/solution/solution-00054 
 84 1.572106814158e+10 7.147581321237e+07 768 7235 3201  8 5 6 6 6.05215280e-04 1.30054072e-03 outputs/V3.3e24_D30_G14/solution/solution-00055 
 85 1.579315354328e+10 7.208540170580e+07 768 7235 3201  8 5 6 6 5.96854229e-04 1.29008132e-03                                              "" 
 86 1.586582338080e+10 7.266983752212e+07 768 7235 3201  8 5 6 6 5.88724096e-04 1.28022037e-03 outputs/V3.3e24_D30_G14/solution/solution-00056 
 87 1.593905296059e+10 7.322957978289e+07 768 7235 3201  8 5 6 6 5.80819628e-04 1.27092380e-03 outputs/V3.3e24_D30_G14/solution/solution-00057 
 88 1.601281820117e+10 7.376524058614e+07 768 7235 3201  8 5 6 6 5.73135715e-04 1.26215765e-03 outputs/V3.3e24_D30_G14/solution/solution-00058 
 89 1.608709576878e+10 7.427756760149e+07 768 7235 3201  8 5 6 6 5.65667402e-04 1.25388828e-03                                              "" 
 90 1.616186319520e+10 7.476742642564e+07 768 7235 3201  8 5 6 6 5.58409893e-04 1.24608260e-03 outputs/V3.3e24_D30_G14/solution/solution-00059 
 91 1.623709897825e+10 7.523578304926e+07 768 7235 3201  8 5 6 6 5.51358551e-04 1.23870816e-03 outputs/V3.3e24_D30_G14/solution/solution-00060 
 92 1.631278266500e+10 7.568368674600e+07 768 7235 3201  7 5 6 6 5.44508882e-04 1.23173333e-03 outputs/V3.3e24_D30_G14/solution/solution-00061 
 93 1.638889491864e+10 7.611225364876e+07 768 7235 3201  7 5 6 6 5.37856518e-04 1.22512744e-03                                              "" 
 94 1.646541756988e+10 7.652265123013e+07 768 7235 3201  7 5 6 6 5.31397196e-04 1.21886081e-03 outputs/V3.3e24_D30_G14/solution/solution-00062 
 95 1.654233365373e+10 7.691608385459e+07 768 7235 3201  7 5 6 6 5.25126732e-04 1.21290485e-03 outputs/V3.3e24_D30_G14/solution/solution-00063 
 96 1.661962743325e+10 7.729377952170e+07 768 7235 3201  7 5 6 6 5.19040994e-04 1.20723215e-03 outputs/V3.3e24_D30_G14/solution/solution-00064 
 97 1.669728441113e+10 7.765697787390e+07 768 7235 3201  7 5 6 6 5.13135876e-04 1.20181646e-03                                              "" 
 98 1.677529133063e+10 7.800691950019e+07 768 7235 3201  7 5 6 6 5.07407275e-04 1.19663279e-03 outputs/V3.3e24_D30_G14/solution/solution-00065 
 99 1.685363616716e+10 7.834483653025e+07 768 7235 3201  7 5 6 6 5.01851065e-04 1.19165734e-03 outputs/V3.3e24_D30_G14/solution/solution-00066 
100 1.693230811164e+10 7.867194448154e+07 768 7235 3201  7 5 6 6 4.96463080e-04 1.18686758e-03 outputs/V3.3e24_D30_G14/solution/solution-00067 
