# 1: Time step number
# 2: Time (years)
# 3: Time step size (years)
# 4: Number of mesh cells
# 5: Number of Stokes degrees of freedom
# 6: Number of temperature degrees of freedom
# 7: Iterations for temperature solver
# 8: Iterations for Stokes solver
# 9: Velocity iterations in Stokes preconditioner
# 10: Schur complement iterations in Stokes preconditioner
# 11: RMS velocity (m/year)
# 12: Max. velocity (m/year)
# 13: Visualization file name
  0 0.000000000000e+00 0.000000000000e+00 768 7235 3201  0 8 9 9 8.02601782e-09 1.41126045e-08 outputs/V3.3e26_D100_G4/solution/solution-00000 
  1 1.392571516413e+09 1.392571516413e+09 768 7235 3201 32 8 9 9 7.59973010e-09 1.28186402e-08 outputs/V3.3e26_D100_G4/solution/solution-00001 
  2 2.785143032825e+09 1.392571516413e+09 768 7235 3201 25 8 9 9 7.20544616e-09 1.21613389e-08 outputs/V3.3e26_D100_G4/solution/solution-00002 
  3 4.177714549238e+09 1.392571516413e+09 768 7235 3201 24 8 9 9 6.83627161e-09 1.15427584e-08 outputs/V3.3e26_D100_G4/solution/solution-00003 
  4 5.570286065650e+09 1.392571516413e+09 768 7235 3201 23 8 9 9 6.48757947e-09 1.09581537e-08 outputs/V3.3e26_D100_G4/solution/solution-00004 
  5 6.962857582063e+09 1.392571516413e+09 768 7235 3201 23 8 9 9 6.15835614e-09 1.04057316e-08 outputs/V3.3e26_D100_G4/solution/solution-00005 
  6 8.355429098476e+09 1.392571516413e+09 768 7235 3201 22 8 9 9 5.84731842e-09 9.88334740e-09 outputs/V3.3e26_D100_G4/solution/solution-00006 
  7 9.748000614888e+09 1.392571516413e+09 768 7235 3201 21 8 9 9 5.55323507e-09 9.38894867e-09 outputs/V3.3e26_D100_G4/solution/solution-00007 
  8 1.114057213130e+10 1.392571516413e+09 768 7235 3201 21 8 9 9 5.27496997e-09 8.92067438e-09 outputs/V3.3e26_D100_G4/solution/solution-00008 
  9 1.253314364771e+10 1.392571516413e+09 768 7235 3201 21 8 9 9 5.01148907e-09 8.47685375e-09 outputs/V3.3e26_D100_G4/solution/solution-00009 
 10 1.392571516413e+10 1.392571516413e+09 768 7235 3201 20 8 9 9 4.76185401e-09 8.05598189e-09 outputs/V3.3e26_D100_G4/solution/solution-00010 
 11 1.531828668054e+10 1.392571516413e+09 768 7235 3201 20 8 9 9 4.52521144e-09 7.65669411e-09 outputs/V3.3e26_D100_G4/solution/solution-00011 
 12 1.671085819695e+10 1.392571516413e+09 768 7235 3201 20 8 9 9 4.30078235e-09 7.27774405e-09 outputs/V3.3e26_D100_G4/solution/solution-00012 
 13 1.810342971336e+10 1.392571516413e+09 768 7235 3201 20 8 9 9 4.08785256e-09 6.91798623e-09 outputs/V3.3e26_D100_G4/solution/solution-00013 
 14 1.949600122978e+10 1.392571516413e+09 768 7235 3201 20 8 9 9 3.88576458e-09 6.57636217e-09 outputs/V3.3e26_D100_G4/solution/solution-00014 
 15 2.088857274619e+10 1.392571516413e+09 768 7235 3201 20 8 9 9 3.69391081e-09 6.25188936e-09 outputs/V3.3e26_D100_G4/solution/solution-00015 
 16 2.228114426260e+10 1.392571516413e+09 768 7235 3201 19 8 9 9 3.51172772e-09 5.94365235e-09 outputs/V3.3e26_D100_G4/solution/solution-00016 
 17 2.367371577901e+10 1.392571516413e+09 768 7235 3201 19 8 9 9 3.33869101e-09 5.65079540e-09 outputs/V3.3e26_D100_G4/solution/solution-00017 
 18 2.506628729543e+10 1.392571516413e+09 768 7235 3201 19 8 9 9 3.17431155e-09 5.37251652e-09 outputs/V3.3e26_D100_G4/solution/solution-00018 
 19 2.645885881184e+10 1.392571516413e+09 768 7235 3201 19 8 9 9 3.01813183e-09 5.10806236e-09 outputs/V3.3e26_D100_G4/solution/solution-00019 
 20 2.785143032825e+10 1.392571516413e+09 768 7235 3201 19 8 9 9 2.86972297e-09 4.85672395e-09 outputs/V3.3e26_D100_G4/solution/solution-00020 
 21 2.924400184466e+10 1.392571516413e+09 768 7235 3201 19 8 9 9 2.72868220e-09 4.61783301e-09 outputs/V3.3e26_D100_G4/solution/solution-00021 
 22 3.063657336108e+10 1.392571516413e+09 768 7235 3201 19 8 9 9 2.59463058e-09 4.39075877e-09 outputs/V3.3e26_D100_G4/solution/solution-00022 
 23 3.202914487749e+10 1.392571516413e+09 768 7235 3201 19 8 9 9 2.46721109e-09 4.17490517e-09 outputs/V3.3e26_D100_G4/solution/solution-00023 
 24 3.342171639390e+10 1.392571516413e+09 768 7235 3201 19 8 9 9 2.34608691e-09 3.96970846e-09 outputs/V3.3e26_D100_G4/solution/solution-00024 
 25 3.481428791032e+10 1.392571516413e+09 768 7235 3201 18 8 9 9 2.23093996e-09 3.77463495e-09 outputs/V3.3e26_D100_G4/solution/solution-00025 
 26 3.620685942673e+10 1.392571516413e+09 768 7235 3201 18 8 9 9 2.12146951e-09 3.58917912e-09 outputs/V3.3e26_D100_G4/solution/solution-00026 
 27 3.759943094314e+10 1.392571516413e+09 768 7235 3201 18 8 9 9 2.01739106e-09 3.41286181e-09 outputs/V3.3e26_D100_G4/solution/solution-00027 
 28 3.899200245955e+10 1.392571516413e+09 768 7235 3201 18 8 9 9 1.91843521e-09 3.24522865e-09 outputs/V3.3e26_D100_G4/solution/solution-00028 
 29 4.038457397597e+10 1.392571516413e+09 768 7235 3201 18 8 9 9 1.82434674e-09 3.08584860e-09 outputs/V3.3e26_D100_G4/solution/solution-00029 
 30 4.177714549238e+10 1.392571516413e+09 768 7235 3201 18 8 9 9 1.73488372e-09 2.93431260e-09 outputs/V3.3e26_D100_G4/solution/solution-00030 
 31 4.316971700879e+10 1.392571516413e+09 768 7235 3201 18 8 9 9 1.64981671e-09 2.79023233e-09 outputs/V3.3e26_D100_G4/solution/solution-00031 
 32 4.456228852520e+10 1.392571516413e+09 768 7235 3201 18 8 9 9 1.56892805e-09 2.65323910e-09 outputs/V3.3e26_D100_G4/solution/solution-00032 
 33 4.595486004162e+10 1.392571516413e+09 768 7235 3201 18 8 9 9 1.49201114e-09 2.52298274e-09 outputs/V3.3e26_D100_G4/solution/solution-00033 
 34 4.734743155803e+10 1.392571516413e+09 768 7235 3201 18 8 9 9 1.41886987e-09 2.39913065e-09 outputs/V3.3e26_D100_G4/solution/solution-00034 
 35 4.874000307444e+10 1.392571516413e+09 768 7235 3201 18 8 9 9 1.34931801e-09 2.28136683e-09 outputs/V3.3e26_D100_G4/solution/solution-00035 
 36 5.013257459085e+10 1.392571516413e+09 768 7235 3201 18 8 9 9 1.28317868e-09 2.16939106e-09 outputs/V3.3e26_D100_G4/solution/solution-00036 
 37 5.152514610727e+10 1.392571516413e+09 768 7235 3201 18 8 9 9 1.22028385e-09 2.06291806e-09 outputs/V3.3e26_D100_G4/solution/solution-00037 
 38 5.291771762368e+10 1.392571516413e+09 768 7235 3201 18 8 9 9 1.16047388e-09 1.96167670e-09 outputs/V3.3e26_D100_G4/solution/solution-00038 
 39 5.431028914009e+10 1.392571516413e+09 768 7235 3201 18 8 9 9 1.10359709e-09 1.86540934e-09 outputs/V3.3e26_D100_G4/solution/solution-00039 
 40 5.570286065650e+10 1.392571516413e+09 768 7235 3201 18 8 9 9 1.04950929e-09 1.77387107e-09 outputs/V3.3e26_D100_G4/solution/solution-00040 
 41 5.709543217292e+10 1.392571516413e+09 768 7235 3201 18 8 9 9 9.98073481e-10 1.68682911e-09 outputs/V3.3e26_D100_G4/solution/solution-00041 
 42 5.848800368933e+10 1.392571516413e+09 768 7235 3201 18 8 9 9 9.49159416e-10 1.60406221e-09 outputs/V3.3e26_D100_G4/solution/solution-00042 
 43 5.988057520574e+10 1.392571516413e+09 768 7235 3201 17 8 9 9 9.02643295e-10 1.52536004e-09 outputs/V3.3e26_D100_G4/solution/solution-00043 
 44 6.127314672215e+10 1.392571516413e+09 768 7235 3201 17 8 9 9 8.58407422e-10 1.45052265e-09 outputs/V3.3e26_D100_G4/solution/solution-00044 
 45 6.266571823857e+10 1.392571516413e+09 768 7235 3201 17 8 9 9 8.16339906e-10 1.37935997e-09 outputs/V3.3e26_D100_G4/solution/solution-00045 
 46 6.405828975498e+10 1.392571516413e+09 768 7235 3201 17 8 9 9 7.76334367e-10 1.31169130e-09 outputs/V3.3e26_D100_G4/solution/solution-00046 
 47 6.545086127139e+10 1.392571516413e+09 768 7235 3201 17 8 9 9 7.38289662e-10 1.24734485e-09 outputs/V3.3e26_D100_G4/solution/solution-00047 
 48 6.684343278781e+10 1.392571516413e+09 768 7235 3201 17 8 9 9 7.02109621e-10 1.18615731e-09 outputs/V3.3e26_D100_G4/solution/solution-00048 
 49 6.823600430422e+10 1.392571516413e+09 768 7235 3201 17 8 9 9 6.67702805e-10 1.12797341e-09 outputs/V3.3e26_D100_G4/solution/solution-00049 
 50 6.962857582063e+10 1.392571516413e+09 768 7235 3201 17 8 9 9 6.34982265e-10 1.07264552e-09 outputs/V3.3e26_D100_G4/solution/solution-00050 
 51 7.102114733704e+10 1.392571516413e+09 768 7235 3201 17 8 9 9 6.03865327e-10 1.02003329e-09 outputs/V3.3e26_D100_G4/solution/solution-00051 
 52 7.241371885346e+10 1.392571516413e+09 768 7235 3201 17 8 9 9 5.74273372e-10 9.70003285e-10 outputs/V3.3e26_D100_G4/solution/solution-00052 
 53 7.380629036987e+10 1.392571516413e+09 768 7235 3201 17 8 9 9 5.46131644e-10 9.22428634e-10 outputs/V3.3e26_D100_G4/solution/solution-00053 
 54 7.519886188628e+10 1.392571516413e+09 768 7235 3201 17 8 9 9 5.19369052e-10 8.77188710e-10 outputs/V3.3e26_D100_G4/solution/solution-00054 
 55 7.659143340269e+10 1.392571516413e+09 768 7235 3201 17 8 9 9 4.93917997e-10 8.34168824e-10 outputs/V3.3e26_D100_G4/solution/solution-00055 
 56 7.798400491911e+10 1.392571516413e+09 768 7235 3201 17 8 9 9 4.69714193e-10 7.93259929e-10 outputs/V3.3e26_D100_G4/solution/solution-00056 
 57 7.937657643552e+10 1.392571516413e+09 768 7235 3201 17 8 9 9 4.46696509e-10 7.54358343e-10 outputs/V3.3e26_D100_G4/solution/solution-00057 
 58 8.076914795193e+10 1.392571516413e+09 768 7235 3201 17 8 9 9 4.24806810e-10 7.17365485e-10 outputs/V3.3e26_D100_G4/solution/solution-00058 
 59 8.216171946834e+10 1.392571516413e+09 768 7235 3201 17 8 9 9 4.03989814e-10 6.82187620e-10 outputs/V3.3e26_D100_G4/solution/solution-00059 
 60 8.355429098476e+10 1.392571516413e+09 768 7235 3201 17 8 9 9 3.84192948e-10 6.48735627e-10 outputs/V3.3e26_D100_G4/solution/solution-00060 
 61 8.494686250117e+10 1.392571516413e+09 768 7235 3201 17 8 9 9 3.65366217e-10 6.16924763e-10 outputs/V3.3e26_D100_G4/solution/solution-00061 
 62 8.633943401758e+10 1.392571516413e+09 768 7235 3201 17 8 9 9 3.47462076e-10 5.86674453e-10 outputs/V3.3e26_D100_G4/solution/solution-00062 
 63 8.773200553399e+10 1.392571516413e+09 768 7235 3201 17 8 9 9 3.30435313e-10 5.57908083e-10 outputs/V3.3e26_D100_G4/solution/solution-00063 
 64 8.912457705041e+10 1.392571516413e+09 768 7235 3201 17 8 9 9 3.14242930e-10 5.30552804e-10 outputs/V3.3e26_D100_G4/solution/solution-00064 
 65 9.051714856682e+10 1.392571516413e+09 768 7235 3201 17 8 9 9 2.98844037e-10 5.04539351e-10 outputs/V3.3e26_D100_G4/solution/solution-00065 
 66 9.190972008323e+10 1.392571516413e+09 768 7235 3201 17 8 9 9 2.84199748e-10 4.79801858e-10 outputs/V3.3e26_D100_G4/solution/solution-00066 
 67 9.330229159964e+10 1.392571516413e+09 768 7235 3201 17 8 9 9 2.70273085e-10 4.56277699e-10 outputs/V3.3e26_D100_G4/solution/solution-00067 
 68 9.469486311606e+10 1.392571516413e+09 768 7235 3201 17 8 9 9 2.57028880e-10 4.33907324e-10 outputs/V3.3e26_D100_G4/solution/solution-00068 
 69 9.608743463247e+10 1.392571516413e+09 768 7235 3201 16 8 9 9 2.44433690e-10 4.12634113e-10 outputs/V3.3e26_D100_G4/solution/solution-00069 
 70 9.748000614888e+10 1.392571516413e+09 768 7235 3201 16 8 9 9 2.32455710e-10 3.92404220e-10 outputs/V3.3e26_D100_G4/solution/solution-00070 
 71 9.887257766530e+10 1.392571516413e+09 768 7235 3201 16 8 9 9 2.21064693e-10 3.73166447e-10 outputs/V3.3e26_D100_G4/solution/solution-00071 
 72 1.002651491817e+11 1.392571516413e+09 768 7235 3201 16 8 9 9 2.10231877e-10 3.54872111e-10 outputs/V3.3e26_D100_G4/solution/solution-00072 
 73 1.016577206981e+11 1.392571516413e+09 768 7235 3201 16 8 9 9 1.99929905e-10 3.37474921e-10 outputs/V3.3e26_D100_G4/solution/solution-00073 
 74 1.030502922145e+11 1.392571516413e+09 768 7235 3201 16 8 9 9 1.90132765e-10 3.20930857e-10 outputs/V3.3e26_D100_G4/solution/solution-00074 
 75 1.044428637309e+11 1.392571516413e+09 768 7235 3201 16 8 9 9 1.80815718e-10 3.05198064e-10 outputs/V3.3e26_D100_G4/solution/solution-00075 
 76 1.058354352474e+11 1.392571516413e+09 768 7235 3201 16 8 9 9 1.71955237e-10 2.90236740e-10 outputs/V3.3e26_D100_G4/solution/solution-00076 
 77 1.072280067638e+11 1.392571516413e+09 768 7235 3201 16 8 9 9 1.63528950e-10 2.76009037e-10 outputs/V3.3e26_D100_G4/solution/solution-00077 
 78 1.086205782802e+11 1.392571516413e+09 768 7235 3201 16 8 9 9 1.55515578e-10 2.62478968e-10 outputs/V3.3e26_D100_G4/solution/solution-00078 
 79 1.100131497966e+11 1.392571516413e+09 768 7235 3201 16 8 9 9 1.47894888e-10 2.49612309e-10 outputs/V3.3e26_D100_G4/solution/solution-00079 
 80 1.114057213130e+11 1.392571516413e+09 768 7235 3201 16 8 9 9 1.40647637e-10 2.37376520e-10 outputs/V3.3e26_D100_G4/solution/solution-00080 
 81 1.127982928294e+11 1.392571516413e+09 768 7235 3201 16 8 9 9 1.33755525e-10 2.25740655e-10 outputs/V3.3e26_D100_G4/solution/solution-00081 
 82 1.141908643458e+11 1.392571516413e+09 768 7235 3201 16 8 9 9 1.27201149e-10 2.14675288e-10 outputs/V3.3e26_D100_G4/solution/solution-00082 
 83 1.155834358622e+11 1.392571516413e+09 768 7235 3201 16 8 9 9 1.20967957e-10 2.04152437e-10 outputs/V3.3e26_D100_G4/solution/solution-00083 
 84 1.169760073787e+11 1.392571516413e+09 768 7235 3201 16 8 9 9 1.15040213e-10 1.94145495e-10 outputs/V3.3e26_D100_G4/solution/solution-00084 
 85 1.183685788951e+11 1.392571516413e+09 768 7235 3201 16 8 9 9 1.09402946e-10 1.84629159e-10 outputs/V3.3e26_D100_G4/solution/solution-00085 
 86 1.197611504115e+11 1.392571516413e+09 768 7235 3201 16 8 9 9 1.04041924e-10 1.75579368e-10 outputs/V3.3e26_D100_G4/solution/solution-00086 
 87 1.211537219279e+11 1.392571516413e+09 768 7235 3201 16 8 9 9 9.89436083e-11 1.66973242e-10 outputs/V3.3e26_D100_G4/solution/solution-00087 
 88 1.225462934443e+11 1.392571516413e+09 768 7235 3201 16 8 9 9 9.40951261e-11 1.58789024e-10 outputs/V3.3e26_D100_G4/solution/solution-00088 
 89 1.239388649607e+11 1.392571516413e+09 768 7235 3201 16 8 9 9 8.94842348e-11 1.51006024e-10 outputs/V3.3e26_D100_G4/solution/solution-00089 
 90 1.253314364771e+11 1.392571516413e+09 768 7235 3201 16 8 9 9 8.50992914e-11 1.43604567e-10 outputs/V3.3e26_D100_G4/solution/solution-00090 
 91 1.267240079935e+11 1.392571516413e+09 768 7235 3201 16 8 9 9 8.09292236e-11 1.36565944e-10 outputs/V3.3e26_D100_G4/solution/solution-00091 
 92 1.281165795100e+11 1.392571516413e+09 768 7235 3201 16 8 9 9 7.69635019e-11 1.29872363e-10 outputs/V3.3e26_D100_G4/solution/solution-00092 
 93 1.295091510264e+11 1.392571516413e+09 768 7235 3201 16 8 9 9 7.31921127e-11 1.23506905e-10 outputs/V3.3e26_D100_G4/solution/solution-00093 
 94 1.309017225428e+11 1.392571516413e+09 768 7235 3201 15 8 9 9 6.96055346e-11 1.17453487e-10 outputs/V3.3e26_D100_G4/solution/solution-00094 
 95 1.322942940592e+11 1.392571516413e+09 768 7235 3201 15 8 9 9 6.61947104e-11 1.11696804e-10 outputs/V3.3e26_D100_G4/solution/solution-00095 
 96 1.336868655756e+11 1.392571516413e+09 768 7235 3201 15 8 9 9 6.29510267e-11 1.06222307e-10 outputs/V3.3e26_D100_G4/solution/solution-00096 
 97 1.350794370920e+11 1.392571516413e+09 768 7235 3201 15 8 9 9 5.98662930e-11 1.01016159e-10 outputs/V3.3e26_D100_G4/solution/solution-00097 
 98 1.364720086084e+11 1.392571516413e+09 768 7235 3201 15 8 9 9 5.69327204e-11 9.60652055e-11 outputs/V3.3e26_D100_G4/solution/solution-00098 
 99 1.378645801248e+11 1.392571516413e+09 768 7235 3201 15 8 9 9 5.41429013e-11 9.13569329e-11 outputs/V3.3e26_D100_G4/solution/solution-00099 
100 1.392571516413e+11 1.392571516413e+09 768 7235 3201 15 8 9 9 5.14897913e-11 8.68794439e-11 outputs/V3.3e26_D100_G4/solution/solution-00100 
