# 1: Time step number
# 2: Time (years)
# 3: Time step size (years)
# 4: Number of mesh cells
# 5: Number of Stokes degrees of freedom
# 6: Number of temperature degrees of freedom
# 7: Iterations for temperature solver
# 8: Iterations for Stokes solver
# 9: Velocity iterations in Stokes preconditioner
# 10: Schur complement iterations in Stokes preconditioner
# 11: RMS velocity (m/year)
# 12: Max. velocity (m/year)
# 13: Visualization file name
  0 0.000000000000e+00 0.000000000000e+00 768 7235 3201  0 8 9 9 1.20390267e-06 2.11689067e-06 outputs/V3.3e24_D100_G6/solution/solution-00000 
  1 1.392571516413e+09 1.392571516413e+09 768 7235 3201 32 8 9 9 1.28899867e-06 2.23557876e-06 outputs/V3.3e24_D100_G6/solution/solution-00001 
  2 2.785143032825e+09 1.392571516413e+09 768 7235 3201 25 8 9 9 1.45156282e-06 2.60738178e-06 outputs/V3.3e24_D100_G6/solution/solution-00002 
  3 4.177714549238e+09 1.392571516413e+09 768 7235 3201 24 8 9 9 1.73122234e-06 3.21340121e-06 outputs/V3.3e24_D100_G6/solution/solution-00003 
  4 5.570286065650e+09 1.392571516413e+09 768 7235 3201 23 8 9 9 2.17950790e-06 4.14759478e-06 outputs/V3.3e24_D100_G6/solution/solution-00004 
  5 6.962857582063e+09 1.392571516413e+09 768 7235 3201 23 8 9 9 2.87438245e-06 5.55517789e-06 outputs/V3.3e24_D100_G6/solution/solution-00005 
  6 8.355429098476e+09 1.392571516413e+09 768 7235 3201 22 8 9 9 3.93748549e-06 7.66539413e-06 outputs/V3.3e24_D100_G6/solution/solution-00006 
  7 9.748000614888e+09 1.392571516413e+09 768 7235 3201 21 8 9 9 5.56043482e-06 1.08391120e-05 outputs/V3.3e24_D100_G6/solution/solution-00007 
  8 1.114057213130e+10 1.392571516413e+09 768 7235 3201 21 8 9 9 8.04594862e-06 1.56437446e-05 outputs/V3.3e24_D100_G6/solution/solution-00008 
  9 1.253314364771e+10 1.392571516413e+09 768 7235 3201 21 8 9 9 1.18733821e-05 2.29787931e-05 outputs/V3.3e24_D100_G6/solution/solution-00009 
 10 1.392571516413e+10 1.392571516413e+09 768 7235 3201 21 8 9 9 1.78038339e-05 3.42553285e-05 outputs/V3.3e24_D100_G6/solution/solution-00010 
 11 1.531828668054e+10 1.392571516413e+09 768 7235 3201 21 8 9 9 2.70488834e-05 5.17054799e-05 outputs/V3.3e24_D100_G6/solution/solution-00011 
 12 1.671085819695e+10 1.392571516413e+09 768 7235 3201 22 7 8 8 4.15400615e-05 7.89038923e-05 outputs/V3.3e24_D100_G6/solution/solution-00012 
 13 1.789896057992e+10 1.188102382965e+09 768 7235 3201 21 7 8 8 6.05972851e-05 1.14505723e-04 outputs/V3.3e24_D100_G6/solution/solution-00013 
 14 1.871785304215e+10 8.188924622346e+08 768 7235 3201 18 7 8 8 7.94623258e-05 1.49662706e-04 outputs/V3.3e24_D100_G6/solution/solution-00014 
 15 1.934426160057e+10 6.264085584169e+08 768 7235 3201 16 7 8 8 9.83792515e-05 1.84835208e-04 outputs/V3.3e24_D100_G6/solution/solution-00015 
 16 1.985171659545e+10 5.074549948794e+08 768 7235 3201 14 6 7 7 1.17335977e-04 2.19961232e-04 outputs/V3.3e24_D100_G6/solution/solution-00016 
 17 2.027786347060e+10 4.261468751499e+08 768 7235 3201 13 6 7 7 1.36270673e-04 2.55010482e-04 outputs/V3.3e24_D100_G6/solution/solution-00017 
 18 2.064548983781e+10 3.676263672097e+08 768 7235 3201 12 6 7 7 1.55158333e-04 2.89877439e-04 outputs/V3.3e24_D100_G6/solution/solution-00018 
 19 2.096903098941e+10 3.235411516071e+08 768 7235 3201 11 6 7 7 1.73972770e-04 3.24473735e-04 outputs/V3.3e24_D100_G6/solution/solution-00019 
 20 2.125796038421e+10 2.889293947940e+08 768 7235 3201 11 6 7 7 1.92668563e-04 3.58681575e-04 outputs/V3.3e24_D100_G6/solution/solution-00020 
 21 2.151933427858e+10 2.613738943695e+08 768 7235 3201 10 6 7 7 2.11223261e-04 3.92536388e-04 outputs/V3.3e24_D100_G6/solution/solution-00021 
 22 2.175830712391e+10 2.389728453301e+08 768 7235 3201 10 6 7 7 2.29610102e-04 4.25829279e-04 outputs/V3.3e24_D100_G6/solution/solution-00022 
 23 2.197848193516e+10 2.201748112527e+08 768 7235 3201 10 6 7 7 2.47774377e-04 4.58364904e-04 outputs/V3.3e24_D100_G6/solution/solution-00023 
 24 2.218291247193e+10 2.044305367724e+08 768 7235 3201 10 6 7 7 2.65681814e-04 4.90562885e-04 outputs/V3.3e24_D100_G6/solution/solution-00024 
 25 2.237401789763e+10 1.911054256955e+08 768 7235 3201 10 6 7 7 2.83295930e-04 5.21903805e-04 outputs/V3.3e24_D100_G6/solution/solution-00025 
 26 2.255373791815e+10 1.797200205194e+08 768 7235 3201  9 6 7 7 3.00577118e-04 5.52281934e-04 outputs/V3.3e24_D100_G6/solution/solution-00026 
 27 2.272352730337e+10 1.697893852223e+08 768 7235 3201  9 6 7 7 3.17470615e-04 5.81783181e-04 outputs/V3.3e24_D100_G6/solution/solution-00027 
 28 2.288466980982e+10 1.611425064461e+08 768 7235 3201  9 6 7 7 3.33929310e-04 6.10276107e-04 outputs/V3.3e24_D100_G6/solution/solution-00028 
 29 2.303828880113e+10 1.536189913120e+08 768 7235 3201  9 6 7 7 3.49910861e-04 6.37562731e-04 outputs/V3.3e24_D100_G6/solution/solution-00029 
 30 2.318533315535e+10 1.470443542271e+08 768 7235 3201  9 6 7 7 3.65372611e-04 6.63636835e-04 outputs/V3.3e24_D100_G6/solution/solution-00030 
 31 2.332661276918e+10 1.412796138278e+08 768 7235 3201  9 6 7 7 3.80272310e-04 6.88610584e-04 outputs/V3.3e24_D100_G6/solution/solution-00031 
 32 2.346282550334e+10 1.362127341583e+08 768 7235 3201  9 6 7 7 3.94568820e-04 7.12196885e-04 outputs/V3.3e24_D100_G6/solution/solution-00032 
 33 2.359454015113e+10 1.317146477879e+08 768 7235 3201  9 6 7 7 4.08218922e-04 7.34340278e-04 outputs/V3.3e24_D100_G6/solution/solution-00033 
 34 2.372224614153e+10 1.277059904029e+08 768 7235 3201  9 6 7 7 4.21181780e-04 7.54993467e-04 outputs/V3.3e24_D100_G6/solution/solution-00034 
 35 2.384642581533e+10 1.241796738011e+08 768 7235 3201  9 6 7 7 4.33425644e-04 7.74127172e-04 outputs/V3.3e24_D100_G6/solution/solution-00035 
 36 2.396750706002e+10 1.210812446847e+08 768 7235 3201  9 6 7 7 4.44922220e-04 7.91720102e-04 outputs/V3.3e24_D100_G6/solution/solution-00036 
 37 2.408587201963e+10 1.183649596101e+08 768 7235 3201  9 6 7 7 4.55647099e-04 8.07793048e-04 outputs/V3.3e24_D100_G6/solution/solution-00037 
 38 2.420186415938e+10 1.159921397484e+08 768 7235 3201  9 6 7 7 4.65580107e-04 8.22563661e-04 outputs/V3.3e24_D100_G6/solution/solution-00038 
 39 2.431579404556e+10 1.139298861838e+08 768 7235 3201  9 6 7 7 4.74705573e-04 8.35751438e-04 outputs/V3.3e24_D100_G6/solution/solution-00039 
 40 2.442794411173e+10 1.121500661694e+08 768 7235 3201  9 6 7 7 4.83012513e-04 8.47364667e-04 outputs/V3.3e24_D100_G6/solution/solution-00040 
 41 2.453857261730e+10 1.106285055693e+08 768 7235 3201  9 5 6 6 4.90494722e-04 8.57419504e-04 outputs/V3.3e24_D100_G6/solution/solution-00041 
 42 2.464791695670e+10 1.093443394027e+08 768 7235 3201  9 5 6 6 4.97150777e-04 8.65939568e-04 outputs/V3.3e24_D100_G6/solution/solution-00042 
 43 2.475619644429e+10 1.082794875845e+08 768 7235 3201  9 5 6 6 5.02983982e-04 8.73312531e-04 outputs/V3.3e24_D100_G6/solution/solution-00043 
 44 2.486354632958e+10 1.073498852961e+08 768 7235 3201  9 5 6 6 5.07999265e-04 8.84970310e-04 outputs/V3.3e24_D100_G6/solution/solution-00044 
 45 2.496948208691e+10 1.059357573308e+08 768 7235 3201  9 5 6 6 5.12186099e-04 8.94875383e-04 outputs/V3.3e24_D100_G6/solution/solution-00045 
 46 2.507424527716e+10 1.047631902524e+08 768 7235 3201  9 5 6 6 5.15578495e-04 9.03129640e-04 outputs/V3.3e24_D100_G6/solution/solution-00046 
 47 2.517806120796e+10 1.038159307988e+08 768 7235 3201  9 5 6 6 5.18211703e-04 9.09873742e-04 outputs/V3.3e24_D100_G6/solution/solution-00047 
 48 2.528114139625e+10 1.030801882883e+08 768 7235 3201  9 5 6 6 5.20121751e-04 9.14953305e-04 outputs/V3.3e24_D100_G6/solution/solution-00048 
 49 2.538365973000e+10 1.025183337464e+08 768 7235 3201  9 5 6 6 5.21344794e-04 9.18397063e-04 outputs/V3.3e24_D100_G6/solution/solution-00049 
 50 2.548576148757e+10 1.021017575681e+08 768 7235 3201  9 5 6 6 5.21917573e-04 9.20241662e-04 outputs/V3.3e24_D100_G6/solution/solution-00050 
 51 2.558762479077e+10 1.018633032072e+08 768 7235 3201  9 5 6 6 5.21877375e-04 9.20532625e-04 outputs/V3.3e24_D100_G6/solution/solution-00051 
 52 2.568942077644e+10 1.017959856615e+08 768 7235 3201  9 5 6 6 5.21260846e-04 9.19917623e-04 outputs/V3.3e24_D100_G6/solution/solution-00052 
 53 2.579131470816e+10 1.018939317247e+08 768 7235 3201  9 5 6 6 5.20103754e-04 9.17938132e-04 outputs/V3.3e24_D100_G6/solution/solution-00053 
 54 2.589346692463e+10 1.021522164720e+08 768 7235 3201  9 5 6 6 5.18440812e-04 9.14577323e-04 outputs/V3.3e24_D100_G6/solution/solution-00054 
 55 2.599603348212e+10 1.025665574837e+08 768 7235 3201  9 5 6 6 5.16305541e-04 9.09894080e-04 outputs/V3.3e24_D100_G6/solution/solution-00055 
 56 2.609907620815e+10 1.030427260392e+08 768 7235 3201  9 5 6 6 5.13732612e-04 9.04333035e-04 outputs/V3.3e24_D100_G6/solution/solution-00056 
 57 2.620274376904e+10 1.036675608818e+08 768 7235 3201  9 5 6 6 5.10753915e-04 8.97655231e-04 outputs/V3.3e24_D100_G6/solution/solution-00057 
 58 2.630718252986e+10 1.044387608205e+08 768 7235 3201  9 6 7 7 5.07399774e-04 8.89967793e-04 outputs/V3.3e24_D100_G6/solution/solution-00058 
 59 2.641253696437e+10 1.053544345131e+08 768 7235 3201  9 6 7 7 5.03698943e-04 8.81559097e-04 outputs/V3.3e24_D100_G6/solution/solution-00059 
 60 2.651892251679e+10 1.063855524248e+08 768 7235 3201  9 6 7 7 4.99679693e-04 8.72154307e-04 outputs/V3.3e24_D100_G6/solution/solution-00060 
 61 2.662640997997e+10 1.074874631768e+08 768 7235 3201  9 6 7 7 4.95370798e-04 8.61975355e-04 outputs/V3.3e24_D100_G6/solution/solution-00061 
 62 2.673514023769e+10 1.087302577196e+08 768 7235 3201  9 6 7 7 4.90796987e-04 8.51502874e-04 outputs/V3.3e24_D100_G6/solution/solution-00062 
 63 2.684525336898e+10 1.101131312921e+08 768 7235 3201  9 6 7 7 4.85981422e-04 8.40222531e-04 outputs/V3.3e24_D100_G6/solution/solution-00063 
 64 2.695686496853e+10 1.116115995487e+08 768 7235 3201  9 6 7 7 4.80946873e-04 8.28374988e-04 outputs/V3.3e24_D100_G6/solution/solution-00064 
 65 2.707003835173e+10 1.131733831962e+08 768 7235 3201  9 6 7 7 4.75717227e-04 8.16103453e-04 outputs/V3.3e24_D100_G6/solution/solution-00065 
 66 2.718491349362e+10 1.148751418894e+08 768 7235 3201  9 5 6 6 4.70311622e-04 8.03381456e-04 outputs/V3.3e24_D100_G6/solution/solution-00066 
 67 2.730162994690e+10 1.167164532859e+08 768 7235 3201  9 5 6 6 4.64747887e-04 7.90328136e-04 outputs/V3.3e24_D100_G6/solution/solution-00067 
 68 2.742026867353e+10 1.186387266283e+08 768 7235 3201  9 5 6 6 4.59045461e-04 7.76788780e-04 outputs/V3.3e24_D100_G6/solution/solution-00068 
 69 2.754093157029e+10 1.206628967544e+08 768 7235 3201  9 5 6 6 4.53221714e-04 7.63276744e-04 outputs/V3.3e24_D100_G6/solution/solution-00069 
 70 2.766375998354e+10 1.228284132576e+08 768 7235 3201  9 5 6 6 4.47291087e-04 7.53004265e-04 outputs/V3.3e24_D100_G6/solution/solution-00070 
 71 2.778834033394e+10 1.245803504002e+08 768 7235 3201  9 5 6 6 4.41293699e-04 7.43715073e-04 outputs/V3.3e24_D100_G6/solution/solution-00071 
 72 2.791448908816e+10 1.261487542181e+08 768 7235 3201  9 5 6 6 4.35257125e-04 7.34481583e-04 outputs/V3.3e24_D100_G6/solution/solution-00072 
 73 2.804223604958e+10 1.277469614153e+08 768 7235 3201  9 5 6 6 4.29197206e-04 7.25333132e-04 outputs/V3.3e24_D100_G6/solution/solution-00073 
 74 2.817160655639e+10 1.293705068106e+08 768 7235 3201  8 5 6 6 4.23128664e-04 7.16295997e-04 outputs/V3.3e24_D100_G6/solution/solution-00074 
 75 2.830262152804e+10 1.310149716567e+08 768 7235 3201  8 5 6 6 4.17065194e-04 7.07393511e-04 outputs/V3.3e24_D100_G6/solution/solution-00075 
 76 2.843529752598e+10 1.326759979318e+08 768 7235 3201  8 5 6 6 4.11019560e-04 6.98646194e-04 outputs/V3.3e24_D100_G6/solution/solution-00076 
 77 2.856963962586e+10 1.343420998807e+08 768 7235 3201  8 5 6 6 4.05004002e-04 6.90072345e-04 outputs/V3.3e24_D100_G6/solution/solution-00077 
 78 2.870563592262e+10 1.359962967616e+08 768 7235 3201  8 5 6 6 3.99030541e-04 6.81688460e-04 outputs/V3.3e24_D100_G6/solution/solution-00078 
 79 2.884328998438e+10 1.376540617580e+08 768 7235 3201  8 5 6 6 3.93109614e-04 6.73507350e-04 outputs/V3.3e24_D100_G6/solution/solution-00079 
 80 2.898260148115e+10 1.393114967705e+08 768 7235 3201  8 5 6 6 3.87251046e-04 6.65539614e-04 outputs/V3.3e24_D100_G6/solution/solution-00080 
 81 2.912356633532e+10 1.409648541698e+08 768 7235 3201  8 5 6 6 3.81464106e-04 6.57793798e-04 outputs/V3.3e24_D100_G6/solution/solution-00081 
 82 2.926617688608e+10 1.426105507606e+08 768 7235 3201  8 5 6 6 3.75757558e-04 6.50276556e-04 outputs/V3.3e24_D100_G6/solution/solution-00082 
 83 2.941042206666e+10 1.442451805858e+08 768 7235 3201  8 5 6 6 3.70139700e-04 6.42992809e-04 outputs/V3.3e24_D100_G6/solution/solution-00083 
 84 2.955628759301e+10 1.458655263446e+08 768 7235 3201  8 5 6 6 3.64618387e-04 6.35945900e-04 outputs/V3.3e24_D100_G6/solution/solution-00084 
 85 2.970375616224e+10 1.474685692362e+08 768 7235 3201  8 5 6 6 3.59201050e-04 6.29137738e-04 outputs/V3.3e24_D100_G6/solution/solution-00085 
 86 2.985280765934e+10 1.490514970908e+08 768 7235 3201  8 5 6 6 3.53894703e-04 6.22568949e-04 outputs/V3.3e24_D100_G6/solution/solution-00086 
 87 3.000341937004e+10 1.506117107065e+08 768 7235 3201  8 5 6 6 3.48705937e-04 6.16239006e-04 outputs/V3.3e24_D100_G6/solution/solution-00087 
 88 3.015556619840e+10 1.521468283558e+08 768 7235 3201  8 5 6 6 3.43640915e-04 6.10146358e-04 outputs/V3.3e24_D100_G6/solution/solution-00088 
 89 3.030922088687e+10 1.536546884719e+08 768 7235 3201  8 5 6 6 3.38705357e-04 6.04318798e-04 outputs/V3.3e24_D100_G6/solution/solution-00089 
 90 3.046435423742e+10 1.551333505497e+08 768 7235 3201  8 5 6 6 3.33904524e-04 5.98731286e-04 outputs/V3.3e24_D100_G6/solution/solution-00090 
 91 3.062093533174e+10 1.565810943229e+08 768 7235 3201  8 5 6 6 3.29243196e-04 5.93367885e-04 outputs/V3.3e24_D100_G6/solution/solution-00091 
 92 3.077893174903e+10 1.579964172898e+08 768 7235 3201  8 5 6 6 3.24725658e-04 5.88224108e-04 outputs/V3.3e24_D100_G6/solution/solution-00092 
 93 3.093830977970e+10 1.593780306657e+08 768 7235 3201  8 5 6 6 3.20355680e-04 5.83294977e-04 outputs/V3.3e24_D100_G6/solution/solution-00093 
 94 3.109903463354e+10 1.607248538442e+08 768 7235 3201  8 5 6 6 3.16136507e-04 5.78575105e-04 outputs/V3.3e24_D100_G6/solution/solution-00094 
 95 3.126107064099e+10 1.620360074464e+08 768 7235 3201  8 5 6 6 3.12070848e-04 5.74058771e-04 outputs/V3.3e24_D100_G6/solution/solution-00095 
 96 3.142438144603e+10 1.633108050406e+08 768 7235 3201  8 5 6 6 3.08160879e-04 5.69739993e-04 outputs/V3.3e24_D100_G6/solution/solution-00096 
 97 3.158893018964e+10 1.645487436119e+08 768 7235 3201  8 5 6 6 3.04408240e-04 5.65612590e-04 outputs/V3.3e24_D100_G6/solution/solution-00097 
 98 3.175467968251e+10 1.657494928723e+08 768 7235 3201  8 5 6 6 3.00814050e-04 5.61670244e-04 outputs/V3.3e24_D100_G6/solution/solution-00098 
 99 3.192159256602e+10 1.669128835030e+08 768 7235 3201  8 5 6 6 2.97378922e-04 5.57906551e-04 outputs/V3.3e24_D100_G6/solution/solution-00099 
100 3.208963146045e+10 1.680388944379e+08 768 7235 3201  8 5 6 6 2.94102988e-04 5.54315075e-04 outputs/V3.3e24_D100_G6/solution/solution-00100 
