# 1: Time step number
# 2: Time (years)
# 3: Time step size (years)
# 4: Number of mesh cells
# 5: Number of Stokes degrees of freedom
# 6: Number of temperature degrees of freedom
# 7: Iterations for temperature solver
# 8: Iterations for Stokes solver
# 9: Velocity iterations in Stokes preconditioner
# 10: Schur complement iterations in Stokes preconditioner
# 11: RMS velocity (m/year)
# 12: Max. velocity (m/year)
# 13: Visualization file name
  0 0.000000000000e+00 0.000000000000e+00 768 7235 3201  0 8 9 9 6.61225352e-07 1.13624502e-06 outputs/V1e25_D300_G10/solution/solution-00000 
  1 1.392571516413e+09 1.392571516413e+09 768 7235 3201 31 8 9 9 7.07239009e-07 1.20743527e-06 outputs/V1e25_D300_G10/solution/solution-00001 
  2 2.785143032825e+09 1.392571516413e+09 768 7235 3201 25 8 9 9 7.74398521e-07 1.34356123e-06 outputs/V1e25_D300_G10/solution/solution-00002 
  3 4.177714549238e+09 1.392571516413e+09 768 7235 3201 24 8 9 9 8.68916970e-07 1.53261025e-06 outputs/V1e25_D300_G10/solution/solution-00003 
  4 5.570286065650e+09 1.392571516413e+09 768 7235 3201 23 8 9 9 9.97347962e-07 1.78490562e-06 outputs/V1e25_D300_G10/solution/solution-00004 
  5 6.962857582063e+09 1.392571516413e+09 768 7235 3201 22 8 9 9 1.16787543e-06 2.11384969e-06 outputs/V1e25_D300_G10/solution/solution-00005 
  6 8.355429098476e+09 1.392571516413e+09 768 7235 3201 22 8 9 9 1.39106895e-06 2.53768576e-06 outputs/V1e25_D300_G10/solution/solution-00006 
  7 9.748000614888e+09 1.392571516413e+09 768 7235 3201 21 8 9 9 1.68078291e-06 3.08089645e-06 outputs/V1e25_D300_G10/solution/solution-00007 
  8 1.114057213130e+10 1.392571516413e+09 768 7235 3201 21 8 9 9 2.05518302e-06 3.77583891e-06 outputs/V1e25_D300_G10/solution/solution-00008 
  9 1.253314364771e+10 1.392571516413e+09 768 7235 3201 20 8 9 9 2.53802679e-06 4.66488099e-06 outputs/V1e25_D300_G10/solution/solution-00009 
 10 1.392571516413e+10 1.392571516413e+09 768 7235 3201 20 8 9 9 3.16030917e-06 5.80322315e-06 outputs/V1e25_D300_G10/solution/solution-00010 
 11 1.531828668054e+10 1.392571516413e+09 768 7235 3201 20 8 9 9 3.96239757e-06 7.26260237e-06 outputs/V1e25_D300_G10/solution/solution-00011 
 12 1.671085819695e+10 1.392571516413e+09 768 7235 3201 20 8 9 9 4.99680749e-06 9.13612302e-06 outputs/V1e25_D300_G10/solution/solution-00012 
 13 1.810342971336e+10 1.392571516413e+09 768 7235 3201 20 8 9 9 6.33180847e-06 1.15445268e-05 outputs/V1e25_D300_G10/solution/solution-00013 
 14 1.949600122978e+10 1.392571516413e+09 768 7235 3201 20 7 8 8 8.05609890e-06 1.46442948e-05 outputs/V1e25_D300_G10/solution/solution-00014 
 15 2.088857274619e+10 1.392571516413e+09 768 7235 3201 20 7 8 8 1.02848461e-05 1.86387109e-05 outputs/V1e25_D300_G10/solution/solution-00015 
 16 2.228114426260e+10 1.392571516413e+09 768 7235 3201 20 7 8 8 1.31674471e-05 2.37927040e-05 outputs/V1e25_D300_G10/solution/solution-00016 
 17 2.367371577901e+10 1.392571516413e+09 768 7235 3201 20 7 8 8 1.68974076e-05 3.04443712e-05 outputs/V1e25_D300_G10/solution/solution-00017 
 18 2.506628729543e+10 1.392571516413e+09 768 7235 3201 20 7 8 8 2.17247086e-05 3.90308397e-05 outputs/V1e25_D300_G10/solution/solution-00018 
 19 2.645885881184e+10 1.392571516413e+09 768 7235 3201 20 7 8 8 2.79708220e-05 5.01114308e-05 outputs/V1e25_D300_G10/solution/solution-00019 
 20 2.785143032825e+10 1.392571516413e+09 768 7235 3201 21 7 8 8 3.60458716e-05 6.43944292e-05 outputs/V1e25_D300_G10/solution/solution-00020 
 21 2.924400184466e+10 1.392571516413e+09 768 7235 3201 21 7 8 8 4.64657391e-05 8.27692508e-05 outputs/V1e25_D300_G10/solution/solution-00021 
 22 3.037623837549e+10 1.132236530830e+09 768 7235 3201 20 6 7 7 5.71873967e-05 1.01673633e-04 outputs/V1e25_D300_G10/solution/solution-00022 
 23 3.129829247810e+10 9.220541026016e+08 768 7235 3201 18 6 7 7 6.77832205e-05 1.20309428e-04 outputs/V1e25_D300_G10/solution/solution-00023 
 24 3.207779566741e+10 7.795031893154e+08 768 7235 3201 16 6 7 7 7.82724615e-05 1.38704832e-04 outputs/V1e25_D300_G10/solution/solution-00024 
 25 3.275393320425e+10 6.761375368408e+08 768 7235 3201 15 6 7 7 8.86451887e-05 1.56843898e-04 outputs/V1e25_D300_G10/solution/solution-00025 
 26 3.335166127333e+10 5.977280690783e+08 768 7235 3201 14 6 7 7 9.88862068e-05 1.74748607e-04 outputs/V1e25_D300_G10/solution/solution-00026 
 27 3.388814623769e+10 5.364849643615e+08 768 7235 3201 13 6 7 7 1.08984631e-04 1.92344864e-04 outputs/V1e25_D300_G10/solution/solution-00027 
 28 3.437555202576e+10 4.874057880712e+08 768 7235 3201 13 6 7 7 1.18929395e-04 2.09608954e-04 outputs/V1e25_D300_G10/solution/solution-00028 
 29 3.482281345356e+10 4.472614277952e+08 768 7235 3201 12 6 7 7 1.28709229e-04 2.26558946e-04 outputs/V1e25_D300_G10/solution/solution-00029 
 30 3.523668810065e+10 4.138746470909e+08 768 7235 3201 12 6 7 7 1.38312611e-04 2.43173965e-04 outputs/V1e25_D300_G10/solution/solution-00030 
 31 3.562241253857e+10 3.857244379240e+08 768 7235 3201 11 6 7 7 1.47727789e-04 2.59396366e-04 outputs/V1e25_D300_G10/solution/solution-00031 
 32 3.598395483265e+10 3.615422940778e+08 768 7235 3201 11 6 7 7 1.56938351e-04 2.75196145e-04 outputs/V1e25_D300_G10/solution/solution-00032 
 33 3.632465692265e+10 3.407020900028e+08 768 7235 3201 11 6 7 7 1.65932088e-04 2.90551501e-04 outputs/V1e25_D300_G10/solution/solution-00033 
 34 3.664727839421e+10 3.226214715551e+08 768 7235 3201 11 6 7 7 1.74697732e-04 3.05443100e-04 outputs/V1e25_D300_G10/solution/solution-00034 
 35 3.695410315397e+10 3.068247597600e+08 768 7235 3201 11 6 7 7 1.83224181e-04 3.19915929e-04 outputs/V1e25_D300_G10/solution/solution-00035 
 36 3.724704413472e+10 2.929409807507e+08 768 7235 3201 10 6 7 7 1.91500615e-04 3.33961093e-04 outputs/V1e25_D300_G10/solution/solution-00036 
 37 3.752772070824e+10 2.806765735192e+08 768 7235 3201 10 6 7 7 1.99516606e-04 3.47494028e-04 outputs/V1e25_D300_G10/solution/solution-00037 
 38 3.779751692507e+10 2.697962168333e+08 768 7235 3201 10 6 7 7 2.07262218e-04 3.60498932e-04 outputs/V1e25_D300_G10/solution/solution-00038 
 39 3.805762601381e+10 2.601090887421e+08 768 7235 3201 10 6 7 7 2.14728105e-04 3.72961573e-04 outputs/V1e25_D300_G10/solution/solution-00039 
 40 3.830908485705e+10 2.514588432379e+08 768 7235 3201 10 6 7 7 2.21905598e-04 3.84869373e-04 outputs/V1e25_D300_G10/solution/solution-00040 
 41 3.855280103830e+10 2.437161812473e+08 768 7235 3201 10 6 7 7 2.28786778e-04 3.96211466e-04 outputs/V1e25_D300_G10/solution/solution-00041 
 42 3.878951693399e+10 2.367158956874e+08 768 7235 3201 10 6 7 7 2.35362977e-04 4.06976181e-04 outputs/V1e25_D300_G10/solution/solution-00042 
 43 3.901993285856e+10 2.304159245772e+08 768 7235 3201 10 5 6 6 2.41627859e-04 4.17156072e-04 outputs/V1e25_D300_G10/solution/solution-00043 
 44 3.924469101169e+10 2.247581531213e+08 768 7235 3201 10 5 6 6 2.47576569e-04 4.26765359e-04 outputs/V1e25_D300_G10/solution/solution-00044 
 45 3.946436676070e+10 2.196757490141e+08 768 7235 3201  9 5 6 6 2.53205188e-04 4.35820473e-04 outputs/V1e25_D300_G10/solution/solution-00045 
 46 3.967947827045e+10 2.151115097533e+08 768 7235 3201  9 5 6 6 2.58510755e-04 4.44278672e-04 outputs/V1e25_D300_G10/solution/solution-00046 
 47 3.989049447673e+10 2.110162062821e+08 768 7235 3201  9 5 6 6 2.63491280e-04 4.52140052e-04 outputs/V1e25_D300_G10/solution/solution-00047 
 48 4.009784173474e+10 2.073472580053e+08 768 7235 3201  9 5 6 6 2.68145744e-04 4.59406446e-04 outputs/V1e25_D300_G10/solution/solution-00048 
 49 4.030190939821e+10 2.040676634660e+08 768 7235 3201  9 5 6 6 2.72474092e-04 4.66081379e-04 outputs/V1e25_D300_G10/solution/solution-00049 
 50 4.050305452899e+10 2.011451307811e+08 768 7235 3201  9 5 6 6 2.76477219e-04 4.72170009e-04 outputs/V1e25_D300_G10/solution/solution-00050 
 51 4.070160589440e+10 1.985513654136e+08 768 7235 3201  9 5 6 6 2.80156941e-04 4.77679057e-04 outputs/V1e25_D300_G10/solution/solution-00051 
 52 4.089786737725e+10 1.962614828462e+08 768 7235 3201  9 5 6 6 2.83515968e-04 4.83013152e-04 outputs/V1e25_D300_G10/solution/solution-00052 
 53 4.109192558811e+10 1.940582108598e+08 768 7235 3201  9 5 6 6 2.86554946e-04 4.88631813e-04 outputs/V1e25_D300_G10/solution/solution-00053 
 54 4.128377350429e+10 1.918479161825e+08 768 7235 3201  9 5 6 6 2.89275494e-04 4.93636499e-04 outputs/V1e25_D300_G10/solution/solution-00054 
 55 4.147369918147e+10 1.899256771838e+08 768 7235 3201  9 5 6 6 2.91685351e-04 4.98033689e-04 outputs/V1e25_D300_G10/solution/solution-00055 
 56 4.166197224310e+10 1.882730616316e+08 768 7235 3201  9 5 6 6 2.93792667e-04 5.01831424e-04 outputs/V1e25_D300_G10/solution/solution-00056 
 57 4.184884603314e+10 1.868737900327e+08 768 7235 3201  9 5 6 6 2.95605943e-04 5.05039275e-04 outputs/V1e25_D300_G10/solution/solution-00057 
 58 4.203455947965e+10 1.857134465167e+08 768 7235 3201  9 5 6 6 2.97133970e-04 5.07668294e-04 outputs/V1e25_D300_G10/solution/solution-00058 
 59 4.221930752931e+10 1.847480496522e+08 768 7235 3201  9 5 6 6 2.98385582e-04 5.09730663e-04 outputs/V1e25_D300_G10/solution/solution-00059 
 60 4.240327099319e+10 1.839634638813e+08 768 7235 3201  9 5 6 6 2.99369956e-04 5.11240283e-04 outputs/V1e25_D300_G10/solution/solution-00060 
 61 4.258665336687e+10 1.833823736840e+08 768 7235 3201  9 5 6 6 3.00096690e-04 5.12307008e-04 outputs/V1e25_D300_G10/solution/solution-00061 
 62 4.276964910682e+10 1.829957399458e+08 768 7235 3201  9 5 6 6 3.00575468e-04 5.12868325e-04 outputs/V1e25_D300_G10/solution/solution-00062 
 63 4.295244456414e+10 1.827954573222e+08 768 7235 3201  9 5 6 6 3.00816011e-04 5.12927878e-04 outputs/V1e25_D300_G10/solution/solution-00063 
 64 4.313521879814e+10 1.827742340021e+08 768 7235 3201  9 5 6 6 3.00828052e-04 5.12503765e-04 outputs/V1e25_D300_G10/solution/solution-00064 
 65 4.331814428367e+10 1.829254855310e+08 768 7235 3201  9 5 6 6 3.00621302e-04 5.11615052e-04 outputs/V1e25_D300_G10/solution/solution-00065 
 66 4.350138752416e+10 1.832432404882e+08 768 7235 3201  9 5 6 6 3.00205426e-04 5.10329770e-04 outputs/V1e25_D300_G10/solution/solution-00066 
 67 4.368510958030e+10 1.837220561420e+08 768 7235 3201  9 5 6 6 2.99590023e-04 5.08684514e-04 outputs/V1e25_D300_G10/solution/solution-00067 
 68 4.386946652279e+10 1.843569424878e+08 768 7235 3201  9 5 6 6 2.98784616e-04 5.06633276e-04 outputs/V1e25_D300_G10/solution/solution-00068 
 69 4.405458114176e+10 1.851146189715e+08 768 7235 3201  9 5 6 6 2.97798801e-04 5.04197667e-04 outputs/V1e25_D300_G10/solution/solution-00069 
 70 4.424055603368e+10 1.859748919134e+08 768 7235 3201  9 5 6 6 2.96642280e-04 5.01400310e-04 outputs/V1e25_D300_G10/solution/solution-00070 
 71 4.442753536722e+10 1.869793335408e+08 768 7235 3201  9 5 6 6 2.95324448e-04 4.98263754e-04 outputs/V1e25_D300_G10/solution/solution-00071 
 72 4.461565956605e+10 1.881241988363e+08 768 7235 3201  9 5 6 6 2.93854565e-04 4.94810830e-04 outputs/V1e25_D300_G10/solution/solution-00072 
 73 4.480506548030e+10 1.894059142490e+08 768 7235 3201  9 5 6 6 2.92241762e-04 4.91208276e-04 outputs/V1e25_D300_G10/solution/solution-00073 
 74 4.499588650966e+10 1.908210293569e+08 768 7235 3201  9 5 6 6 2.90495041e-04 4.87341290e-04 outputs/V1e25_D300_G10/solution/solution-00074 
 75 4.518825268011e+10 1.923661704525e+08 768 7235 3201  9 5 6 6 2.88623285e-04 4.83216036e-04 outputs/V1e25_D300_G10/solution/solution-00075 
 76 4.538229067581e+10 1.940379956989e+08 768 7235 3201  9 5 6 6 2.86635263e-04 4.78855083e-04 outputs/V1e25_D300_G10/solution/solution-00076 
 77 4.557812382731e+10 1.958331514953e+08 768 7235 3201  9 5 6 6 2.84539639e-04 4.74280971e-04 outputs/V1e25_D300_G10/solution/solution-00077 
 78 4.577585715108e+10 1.977333237747e+08 768 7235 3201  9 5 6 6 2.82345152e-04 4.69516489e-04 outputs/V1e25_D300_G10/solution/solution-00078 
 79 4.597556286987e+10 1.997057187888e+08 768 7235 3201  9 5 6 6 2.80060811e-04 4.64584999e-04 outputs/V1e25_D300_G10/solution/solution-00079 
 80 4.617735658107e+10 2.017937112031e+08 768 7235 3201  9 5 6 6 2.77695034e-04 4.59573214e-04 outputs/V1e25_D300_G10/solution/solution-00080 
 81 4.638135019322e+10 2.039936121466e+08 768 7235 3201  9 5 6 6 2.75256150e-04 4.54431934e-04 outputs/V1e25_D300_G10/solution/solution-00081 
 82 4.658765171608e+10 2.063015228646e+08 768 7235 3201  9 5 6 6 2.72752409e-04 4.49180780e-04 outputs/V1e25_D300_G10/solution/solution-00082 
 83 4.679636500952e+10 2.087132934334e+08 768 7235 3201  9 5 6 6 2.70191988e-04 4.43840597e-04 outputs/V1e25_D300_G10/solution/solution-00083 
 84 4.700758949131e+10 2.112244817970e+08 768 7235 3201  9 5 6 6 2.67583003e-04 4.38431757e-04 outputs/V1e25_D300_G10/solution/solution-00084 
 85 4.722141980487e+10 2.138303135584e+08 768 7235 3201  9 5 6 6 2.64933509e-04 4.32974121e-04 outputs/V1e25_D300_G10/solution/solution-00085 
 86 4.743794544786e+10 2.165256429912e+08 768 7235 3201  9 5 6 6 2.62251505e-04 4.27486997e-04 outputs/V1e25_D300_G10/solution/solution-00086 
 87 4.765725036369e+10 2.193049158291e+08 768 7235 3201  9 5 6 6 2.59544933e-04 4.22003571e-04 outputs/V1e25_D300_G10/solution/solution-00087 
 88 4.787941249821e+10 2.221621345162e+08 768 7235 3201  9 5 6 6 2.56821676e-04 4.16534262e-04 outputs/V1e25_D300_G10/solution/solution-00088 
 89 4.810450332493e+10 2.250908267216e+08 768 7235 3201  9 5 6 6 2.54089553e-04 4.11329616e-04 outputs/V1e25_D300_G10/solution/solution-00089 
 90 4.833242272666e+10 2.279194017342e+08 768 7235 3201  9 5 6 6 2.51358264e-04 4.06665850e-04 outputs/V1e25_D300_G10/solution/solution-00090 
 91 4.856295597643e+10 2.305332497704e+08 768 7235 3201  9 5 6 6 2.48638540e-04 4.02047314e-04 outputs/V1e25_D300_G10/solution/solution-00091 
 92 4.879613748719e+10 2.331815107593e+08 768 7235 3201  9 5 6 6 2.45937788e-04 3.97484246e-04 outputs/V1e25_D300_G10/solution/solution-00092 
 93 4.903199589151e+10 2.358584043121e+08 768 7235 3201  9 5 6 6 2.43263186e-04 3.92986404e-04 outputs/V1e25_D300_G10/solution/solution-00093 
 94 4.927055376257e+10 2.385578710669e+08 768 7235 3201  9 5 6 6 2.40621665e-04 3.88563069e-04 outputs/V1e25_D300_G10/solution/solution-00094 
 95 4.951182733542e+10 2.412735728482e+08 768 7235 3201  9 5 6 6 2.38019896e-04 3.84223049e-04 outputs/V1e25_D300_G10/solution/solution-00095 
 96 4.975582623177e+10 2.439988963452e+08 768 7235 3201  9 5 6 6 2.35464276e-04 3.79974688e-04 outputs/V1e25_D300_G10/solution/solution-00096 
 97 5.000255319296e+10 2.467269611923e+08 768 7235 3201  9 5 6 6 2.32960911e-04 3.75825865e-04 outputs/V1e25_D300_G10/solution/solution-00097 
 98 5.025200382598e+10 2.494506330177e+08 768 7235 3201  9 5 6 6 2.30515602e-04 3.71784006e-04 outputs/V1e25_D300_G10/solution/solution-00098 
 99 5.050416636785e+10 2.521625418732e+08 768 7235 3201  9 5 6 6 2.28133834e-04 3.67856078e-04 outputs/V1e25_D300_G10/solution/solution-00099 
100 5.075902147420e+10 2.548551063526e+08 768 7235 3201  9 5 6 6 2.25820758e-04 3.64048597e-04 outputs/V1e25_D300_G10/solution/solution-00100 
