# 1: Time step number
# 2: Time (years)
# 3: Time step size (years)
# 4: Number of mesh cells
# 5: Number of Stokes degrees of freedom
# 6: Number of temperature degrees of freedom
# 7: Iterations for temperature solver
# 8: Iterations for Stokes solver
# 9: Velocity iterations in Stokes preconditioner
# 10: Schur complement iterations in Stokes preconditioner
# 11: RMS velocity (m/year)
# 12: Max. velocity (m/year)
# 13: Visualization file name
  0 0.000000000000e+00 0.000000000000e+00 768 7235 3201  0 8 9 9 9.39763677e-09 1.97999358e-08 outputs/V1e27_D3000_G14/solution/solution-00000 
  1 1.392571516413e+09 1.392571516413e+09 768 7235 3201 32 8 9 9 8.90878066e-09 1.59489019e-08 outputs/V1e27_D3000_G14/solution/solution-00001 
  2 2.785143032825e+09 1.392571516413e+09 768 7235 3201 25 8 9 9 8.51364871e-09 1.43661299e-08 outputs/V1e27_D3000_G14/solution/solution-00002 
  3 4.177714549238e+09 1.392571516413e+09 768 7235 3201 24 8 9 9 8.15276303e-09 1.37683312e-08 outputs/V1e27_D3000_G14/solution/solution-00003 
  4 5.570286065650e+09 1.392571516413e+09 768 7235 3201 23 8 9 9 7.80067699e-09 1.31839108e-08 outputs/V1e27_D3000_G14/solution/solution-00004 
  5 6.962857582063e+09 1.392571516413e+09 768 7235 3201 23 8 9 9 7.45828282e-09 1.26147004e-08 outputs/V1e27_D3000_G14/solution/solution-00005 
  6 8.355429098476e+09 1.392571516413e+09 768 7235 3201 22 8 9 9 7.12616961e-09 1.20618752e-08 outputs/V1e27_D3000_G14/solution/solution-00006 
  7 9.748000614888e+09 1.392571516413e+09 768 7235 3201 22 8 9 9 6.80491027e-09 1.15262471e-08 outputs/V1e27_D3000_G14/solution/solution-00007 
  8 1.114057213130e+10 1.392571516413e+09 768 7235 3201 21 8 9 9 6.49490411e-09 1.10083773e-08 outputs/V1e27_D3000_G14/solution/solution-00008 
  9 1.253314364771e+10 1.392571516413e+09 768 7235 3201 21 8 9 9 6.19637591e-09 1.05086271e-08 outputs/V1e27_D3000_G14/solution/solution-00009 
 10 1.392571516413e+10 1.392571516413e+09 768 7235 3201 21 8 9 9 5.90940559e-09 1.00271880e-08 outputs/V1e27_D3000_G14/solution/solution-00010 
 11 1.531828668054e+10 1.392571516413e+09 768 7235 3201 20 8 9 9 5.63395685e-09 9.56410398e-09 outputs/V1e27_D3000_G14/solution/solution-00011 
 12 1.671085819695e+10 1.392571516413e+09 768 7235 3201 20 8 9 9 5.36990188e-09 9.11929128e-09 outputs/V1e27_D3000_G14/solution/solution-00012 
 13 1.810342971336e+10 1.392571516413e+09 768 7235 3201 20 8 9 9 5.11704191e-09 8.69255654e-09 outputs/V1e27_D3000_G14/solution/solution-00013 
 14 1.949600122978e+10 1.392571516413e+09 768 7235 3201 20 8 9 9 4.87512423e-09 8.28361394e-09 outputs/V1e27_D3000_G14/solution/solution-00014 
 15 2.088857274619e+10 1.392571516413e+09 768 7235 3201 20 8 9 9 4.64385602e-09 7.89210141e-09 outputs/V1e27_D3000_G14/solution/solution-00015 
 16 2.228114426260e+10 1.392571516413e+09 768 7235 3201 20 8 9 9 4.42291569e-09 7.51759546e-09 outputs/V1e27_D3000_G14/solution/solution-00016 
 17 2.367371577901e+10 1.392571516413e+09 768 7235 3201 20 8 9 9 4.21196195e-09 7.15962479e-09 outputs/V1e27_D3000_G14/solution/solution-00017 
 18 2.506628729543e+10 1.392571516413e+09 768 7235 3201 20 8 9 9 4.01064109e-09 6.81768226e-09 outputs/V1e27_D3000_G14/solution/solution-00018 
 19 2.645885881184e+10 1.392571516413e+09 768 7235 3201 19 8 9 9 3.81859289e-09 6.49123540e-09 outputs/V1e27_D3000_G14/solution/solution-00019 
 20 2.785143032825e+10 1.392571516413e+09 768 7235 3201 19 8 9 9 3.63545515e-09 6.17973538e-09 outputs/V1e27_D3000_G14/solution/solution-00020 
 21 2.924400184466e+10 1.392571516413e+09 768 7235 3201 19 8 9 9 3.46086736e-09 5.88262456e-09 outputs/V1e27_D3000_G14/solution/solution-00021 
 22 3.063657336108e+10 1.392571516413e+09 768 7235 3201 19 8 9 9 3.29447349e-09 5.59934271e-09 outputs/V1e27_D3000_G14/solution/solution-00022 
 23 3.202914487749e+10 1.392571516413e+09 768 7235 3201 19 8 9 9 3.13592415e-09 5.32933213e-09 outputs/V1e27_D3000_G14/solution/solution-00023 
 24 3.342171639390e+10 1.392571516413e+09 768 7235 3201 19 8 9 9 2.98487819e-09 5.07204167e-09 outputs/V1e27_D3000_G14/solution/solution-00024 
 25 3.481428791032e+10 1.392571516413e+09 768 7235 3201 19 8 9 9 2.84100390e-09 4.82693000e-09 outputs/V1e27_D3000_G14/solution/solution-00025 
 26 3.620685942673e+10 1.392571516413e+09 768 7235 3201 19 8 9 9 2.70397985e-09 4.59346807e-09 outputs/V1e27_D3000_G14/solution/solution-00026 
 27 3.759943094314e+10 1.392571516413e+09 768 7235 3201 19 8 9 9 2.57349545e-09 4.37114096e-09 outputs/V1e27_D3000_G14/solution/solution-00027 
 28 3.899200245955e+10 1.392571516413e+09 768 7235 3201 19 8 9 9 2.44925128e-09 4.15944926e-09 outputs/V1e27_D3000_G14/solution/solution-00028 
 29 4.038457397597e+10 1.392571516413e+09 768 7235 3201 19 8 9 9 2.33095928e-09 3.95791001e-09 outputs/V1e27_D3000_G14/solution/solution-00029 
 30 4.177714549238e+10 1.392571516413e+09 768 7235 3201 19 8 9 9 2.21834274e-09 3.76605729e-09 outputs/V1e27_D3000_G14/solution/solution-00030 
 31 4.316971700879e+10 1.392571516413e+09 768 7235 3201 19 8 9 9 2.11113627e-09 3.58344260e-09 outputs/V1e27_D3000_G14/solution/solution-00031 
 32 4.456228852520e+10 1.392571516413e+09 768 7235 3201 19 8 9 9 2.00908561e-09 3.40963490e-09 outputs/V1e27_D3000_G14/solution/solution-00032 
 33 4.595486004162e+10 1.392571516413e+09 768 7235 3201 19 8 9 9 1.91194741e-09 3.24422062e-09 outputs/V1e27_D3000_G14/solution/solution-00033 
 34 4.734743155803e+10 1.392571516413e+09 768 7235 3201 18 8 9 9 1.81948894e-09 3.08680340e-09 outputs/V1e27_D3000_G14/solution/solution-00034 
 35 4.874000307444e+10 1.392571516413e+09 768 7235 3201 18 8 9 9 1.73148783e-09 2.93700383e-09 outputs/V1e27_D3000_G14/solution/solution-00035 
 36 5.013257459085e+10 1.392571516413e+09 768 7235 3201 18 8 9 9 1.64773170e-09 2.79445905e-09 outputs/V1e27_D3000_G14/solution/solution-00036 
 37 5.152514610727e+10 1.392571516413e+09 768 7235 3201 18 8 9 9 1.56801783e-09 2.65882229e-09 outputs/V1e27_D3000_G14/solution/solution-00037 
 38 5.291771762368e+10 1.392571516413e+09 768 7235 3201 18 8 9 9 1.49215281e-09 2.52976240e-09 outputs/V1e27_D3000_G14/solution/solution-00038 
 39 5.431028914009e+10 1.392571516413e+09 768 7235 3201 18 8 9 9 1.41995217e-09 2.40696331e-09 outputs/V1e27_D3000_G14/solution/solution-00039 
 40 5.570286065650e+10 1.392571516413e+09 768 7235 3201 18 8 9 9 1.35124003e-09 2.29012352e-09 outputs/V1e27_D3000_G14/solution/solution-00040 
 41 5.709543217292e+10 1.392571516413e+09 768 7235 3201 18 8 9 9 1.28584876e-09 2.17895554e-09 outputs/V1e27_D3000_G14/solution/solution-00041 
 42 5.848800368933e+10 1.392571516413e+09 768 7235 3201 18 8 9 9 1.22361862e-09 2.07318532e-09 outputs/V1e27_D3000_G14/solution/solution-00042 
 43 5.988057520574e+10 1.392571516413e+09 768 7235 3201 18 8 9 9 1.16439739e-09 1.97255173e-09 outputs/V1e27_D3000_G14/solution/solution-00043 
 44 6.127314672215e+10 1.392571516413e+09 768 7235 3201 18 8 9 9 1.10804010e-09 1.87680602e-09 outputs/V1e27_D3000_G14/solution/solution-00044 
 45 6.266571823857e+10 1.392571516413e+09 768 7235 3201 18 8 9 9 1.05440866e-09 1.78571126e-09 outputs/V1e27_D3000_G14/solution/solution-00045 
 46 6.405828975498e+10 1.392571516413e+09 768 7235 3201 18 8 9 9 1.00337157e-09 1.69904184e-09 outputs/V1e27_D3000_G14/solution/solution-00046 
 47 6.545086127139e+10 1.392571516413e+09 768 7235 3201 18 8 9 9 9.54803594e-10 1.61658296e-09 outputs/V1e27_D3000_G14/solution/solution-00047 
 48 6.684343278781e+10 1.392571516413e+09 768 7235 3201 18 8 9 9 9.08585516e-10 1.53813015e-09 outputs/V1e27_D3000_G14/solution/solution-00048 
 49 6.823600430422e+10 1.392571516413e+09 768 7235 3201 18 8 9 9 8.64603823e-10 1.46348880e-09 outputs/V1e27_D3000_G14/solution/solution-00049 
 50 6.962857582063e+10 1.392571516413e+09 768 7235 3201 18 8 9 9 8.22750454e-10 1.39247367e-09 outputs/V1e27_D3000_G14/solution/solution-00050 
 51 7.102114733704e+10 1.392571516413e+09 768 7235 3201 18 8 9 9 7.82922543e-10 1.32490850e-09 outputs/V1e27_D3000_G14/solution/solution-00051 
 52 7.241371885346e+10 1.392571516413e+09 768 7235 3201 18 8 9 9 7.45022172e-10 1.26062555e-09 outputs/V1e27_D3000_G14/solution/solution-00052 
 53 7.380629036987e+10 1.392571516413e+09 768 7235 3201 18 8 9 9 7.08956139e-10 1.19946523e-09 outputs/V1e27_D3000_G14/solution/solution-00053 
 54 7.519886188628e+10 1.392571516413e+09 768 7235 3201 18 8 9 9 6.74635733e-10 1.14127567e-09 outputs/V1e27_D3000_G14/solution/solution-00054 
 55 7.659143340269e+10 1.392571516413e+09 768 7235 3201 18 8 9 9 6.41976522e-10 1.08591240e-09 outputs/V1e27_D3000_G14/solution/solution-00055 
 56 7.798400491911e+10 1.392571516413e+09 768 7235 3201 18 8 9 9 6.10898147e-10 1.03323795e-09 outputs/V1e27_D3000_G14/solution/solution-00056 
 57 7.937657643552e+10 1.392571516413e+09 768 7235 3201 18 8 9 9 5.81324127e-10 9.83121564e-10 outputs/V1e27_D3000_G14/solution/solution-00057 
 58 8.076914795193e+10 1.392571516413e+09 768 7235 3201 18 8 9 9 5.53181677e-10 9.35438819e-10 outputs/V1e27_D3000_G14/solution/solution-00058 
 59 8.216171946834e+10 1.392571516413e+09 768 7235 3201 18 8 9 9 5.26401524e-10 8.90071364e-10 outputs/V1e27_D3000_G14/solution/solution-00059 
 60 8.355429098476e+10 1.392571516413e+09 768 7235 3201 18 8 9 9 5.00917746e-10 8.46906603e-10 outputs/V1e27_D3000_G14/solution/solution-00060 
 61 8.494686250117e+10 1.392571516413e+09 768 7235 3201 17 8 9 9 4.76667604e-10 8.05837420e-10 outputs/V1e27_D3000_G14/solution/solution-00061 
 62 8.633943401758e+10 1.392571516413e+09 768 7235 3201 17 8 9 9 4.53591394e-10 7.66761923e-10 outputs/V1e27_D3000_G14/solution/solution-00062 
 63 8.773200553399e+10 1.392571516413e+09 768 7235 3201 17 8 9 9 4.31632300e-10 7.29583179e-10 outputs/V1e27_D3000_G14/solution/solution-00063 
 64 8.912457705041e+10 1.392571516413e+09 768 7235 3201 17 8 9 9 4.10736253e-10 6.94208978e-10 outputs/V1e27_D3000_G14/solution/solution-00064 
 65 9.051714856682e+10 1.392571516413e+09 768 7235 3201 17 8 9 9 3.90851799e-10 6.60551597e-10 outputs/V1e27_D3000_G14/solution/solution-00065 
 66 9.190972008323e+10 1.392571516413e+09 768 7235 3201 17 8 9 9 3.71929971e-10 6.28527587e-10 outputs/V1e27_D3000_G14/solution/solution-00066 
 67 9.330229159964e+10 1.392571516413e+09 768 7235 3201 17 8 9 9 3.53924175e-10 5.98057566e-10 outputs/V1e27_D3000_G14/solution/solution-00067 
 68 9.469486311606e+10 1.392571516413e+09 768 7235 3201 17 8 9 9 3.36790067e-10 5.69066013e-10 outputs/V1e27_D3000_G14/solution/solution-00068 
 69 9.608743463247e+10 1.392571516413e+09 768 7235 3201 17 8 9 9 3.20485453e-10 5.41481089e-10 outputs/V1e27_D3000_G14/solution/solution-00069 
 70 9.748000614888e+10 1.392571516413e+09 768 7235 3201 17 8 9 9 3.04970178e-10 5.15234449e-10 outputs/V1e27_D3000_G14/solution/solution-00070 
 71 9.887257766530e+10 1.392571516413e+09 768 7235 3201 17 8 9 9 2.90206030e-10 4.90261078e-10 outputs/V1e27_D3000_G14/solution/solution-00071 
 72 1.002651491817e+11 1.392571516413e+09 768 7235 3201 17 8 9 9 2.76156648e-10 4.66499125e-10 outputs/V1e27_D3000_G14/solution/solution-00072 
 73 1.016577206981e+11 1.392571516413e+09 768 7235 3201 17 8 9 9 2.62787430e-10 4.43889750e-10 outputs/V1e27_D3000_G14/solution/solution-00073 
 74 1.030502922145e+11 1.392571516413e+09 768 7235 3201 17 8 9 9 2.50065450e-10 4.22376976e-10 outputs/V1e27_D3000_G14/solution/solution-00074 
 75 1.044428637309e+11 1.392571516413e+09 768 7235 3201 17 8 9 9 2.37959373e-10 4.01907550e-10 outputs/V1e27_D3000_G14/solution/solution-00075 
 76 1.058354352474e+11 1.392571516413e+09 768 7235 3201 17 8 9 9 2.26439383e-10 3.82430811e-10 outputs/V1e27_D3000_G14/solution/solution-00076 
 77 1.072280067638e+11 1.392571516413e+09 768 7235 3201 17 8 9 9 2.15477106e-10 3.63898562e-10 outputs/V1e27_D3000_G14/solution/solution-00077 
 78 1.086205782802e+11 1.392571516413e+09 768 7235 3201 17 8 9 9 2.05045543e-10 3.46264949e-10 outputs/V1e27_D3000_G14/solution/solution-00078 
 79 1.100131497966e+11 1.392571516413e+09 768 7235 3201 17 8 9 9 1.95119000e-10 3.29486351e-10 outputs/V1e27_D3000_G14/solution/solution-00079 
 80 1.114057213130e+11 1.392571516413e+09 768 7235 3201 17 8 9 9 1.85673029e-10 3.13521266e-10 outputs/V1e27_D3000_G14/solution/solution-00080 
 81 1.127982928294e+11 1.392571516413e+09 768 7235 3201 17 8 9 9 1.76684363e-10 2.98330210e-10 outputs/V1e27_D3000_G14/solution/solution-00081 
 82 1.141908643458e+11 1.392571516413e+09 768 7235 3201 17 8 9 9 1.68130864e-10 2.83875619e-10 outputs/V1e27_D3000_G14/solution/solution-00082 
 83 1.155834358622e+11 1.392571516413e+09 768 7235 3201 17 8 9 9 1.59991463e-10 2.70121757e-10 outputs/V1e27_D3000_G14/solution/solution-00083 
 84 1.169760073787e+11 1.392571516413e+09 768 7235 3201 17 8 9 9 1.52246113e-10 2.57034620e-10 outputs/V1e27_D3000_G14/solution/solution-00084 
 85 1.183685788951e+11 1.392571516413e+09 768 7235 3201 17 8 9 9 1.44875737e-10 2.44581862e-10 outputs/V1e27_D3000_G14/solution/solution-00085 
 86 1.197611504115e+11 1.392571516413e+09 768 7235 3201 17 8 9 9 1.37862180e-10 2.32732705e-10 outputs/V1e27_D3000_G14/solution/solution-00086 
 87 1.211537219279e+11 1.392571516413e+09 768 7235 3201 17 8 9 9 1.31188169e-10 2.21457867e-10 outputs/V1e27_D3000_G14/solution/solution-00087 
 88 1.225462934443e+11 1.392571516413e+09 768 7235 3201 17 8 9 9 1.24837265e-10 2.10729489e-10 outputs/V1e27_D3000_G14/solution/solution-00088 
 89 1.239388649607e+11 1.392571516413e+09 768 7235 3201 16 8 9 9 1.18793822e-10 2.00521061e-10 outputs/V1e27_D3000_G14/solution/solution-00089 
 90 1.253314364771e+11 1.392571516413e+09 768 7235 3201 16 8 9 9 1.13042958e-10 1.90807368e-10 outputs/V1e27_D3000_G14/solution/solution-00090 
 91 1.267240079935e+11 1.392571516413e+09 768 7235 3201 16 8 9 9 1.07570507e-10 1.81564418e-10 outputs/V1e27_D3000_G14/solution/solution-00091 
 92 1.281165795100e+11 1.392571516413e+09 768 7235 3201 16 8 9 9 1.02362992e-10 1.72769381e-10 outputs/V1e27_D3000_G14/solution/solution-00092 
 93 1.295091510264e+11 1.392571516413e+09 768 7235 3201 16 8 9 9 9.74075852e-11 1.64400538e-10 outputs/V1e27_D3000_G14/solution/solution-00093 
 94 1.309017225428e+11 1.392571516413e+09 768 7235 3201 16 8 9 9 9.26920818e-11 1.56437222e-10 outputs/V1e27_D3000_G14/solution/solution-00094 
 95 1.322942940592e+11 1.392571516413e+09 768 7235 3201 16 8 9 9 8.82048673e-11 1.48859770e-10 outputs/V1e27_D3000_G14/solution/solution-00095 
 96 1.336868655756e+11 1.392571516413e+09 768 7235 3201 16 8 9 9 8.39348892e-11 1.41649476e-10 outputs/V1e27_D3000_G14/solution/solution-00096 
 97 1.350794370920e+11 1.392571516413e+09 768 7235 3201 16 8 9 9 7.98716304e-11 1.34788538e-10 outputs/V1e27_D3000_G14/solution/solution-00097 
 98 1.364720086084e+11 1.392571516413e+09 768 7235 3201 16 8 9 9 7.60050830e-11 1.28260018e-10 outputs/V1e27_D3000_G14/solution/solution-00098 
 99 1.378645801248e+11 1.392571516413e+09 768 7235 3201 16 8 9 9 7.23257233e-11 1.22047804e-10 outputs/V1e27_D3000_G14/solution/solution-00099 
100 1.392571516413e+11 1.392571516413e+09 768 7235 3201 16 8 9 9 6.88244892e-11 1.16136562e-10 outputs/V1e27_D3000_G14/solution/solution-00100 
