# 1: Time step number
# 2: Time (years)
# 3: Time step size (years)
# 4: Number of mesh cells
# 5: Number of Stokes degrees of freedom
# 6: Number of temperature degrees of freedom
# 7: Iterations for temperature solver
# 8: Iterations for Stokes solver
# 9: Velocity iterations in Stokes preconditioner
# 10: Schur complement iterations in Stokes preconditioner
# 11: RMS velocity (m/year)
# 12: Max. velocity (m/year)
# 13: Visualization file name
  0 0.000000000000e+00 0.000000000000e+00 768 7235 3201  0 8 9 9 2.79920410e-06 4.72263258e-06 outputs/V3.3e24_D1000_G14/solution/solution-00000 
  1 1.392571516413e+09 1.392571516413e+09 768 7235 3201 23 8 9 9 6.36107186e-06 1.07319854e-05 outputs/V3.3e24_D1000_G14/solution/solution-00001 
  2 2.785143032825e+09 1.392571516413e+09 768 7235 3201 20 8 9 9 1.61947493e-05 2.73228035e-05 outputs/V3.3e24_D1000_G14/solution/solution-00002 
  3 4.177714549238e+09 1.392571516413e+09 768 7235 3201 21 8 9 9 4.21499853e-05 7.11143155e-05 outputs/V3.3e24_D1000_G14/solution/solution-00003 
  4 5.496014519664e+09 1.318299970426e+09 768 7235 3201 23 8 9 9 1.05592802e-04 1.78174379e-04 outputs/V3.3e24_D1000_G14/solution/solution-00004 
  5 6.022184447679e+09 5.261699280155e+08 768 7235 3201 16 7 8 8 1.61823968e-04 2.73094902e-04 outputs/V3.3e24_D1000_G14/solution/solution-00005 
  6 6.365471705731e+09 3.432872580512e+08 768 7235 3201 13 7 8 8 2.18252189e-04 3.68384552e-04 outputs/V3.3e24_D1000_G14/solution/solution-00006 
  7 6.619961204601e+09 2.544894988707e+08 768 7235 3201 12 7 8 8 2.74156769e-04 4.62835009e-04 outputs/V3.3e24_D1000_G14/solution/solution-00007 
  8 6.822517187329e+09 2.025559827281e+08 768 7235 3201 11 6 7 7 3.29196899e-04 5.55877355e-04 outputs/V3.3e24_D1000_G14/solution/solution-00008 
  9 6.991169497324e+09 1.686523099941e+08 768 7235 3201 10 6 7 7 3.83221761e-04 6.47261662e-04 outputs/V3.3e24_D1000_G14/solution/solution-00009 
 10 7.136010456467e+09 1.448409591436e+08 768 7235 3201 10 6 7 7 4.36153079e-04 7.36858655e-04 outputs/V3.3e24_D1000_G14/solution/solution-00010 
 11 7.263239741711e+09 1.272292852437e+08 768 7235 3201 10 6 7 7 4.87936696e-04 8.24577828e-04 outputs/V3.3e24_D1000_G14/solution/solution-00011 
 12 7.376934285586e+09 1.136945438756e+08 768 7235 3201 10 6 7 7 5.38524711e-04 9.10337182e-04 outputs/V3.3e24_D1000_G14/solution/solution-00012 
 13 7.479918105069e+09 1.029838194824e+08 768 7235 3201  9 6 7 7 5.87869804e-04 9.94053534e-04 outputs/V3.3e24_D1000_G14/solution/solution-00013 
 14 7.574228921088e+09 9.431081601944e+07 768 7235 3201  9 6 7 7 6.35924092e-04 1.07564054e-03 outputs/V3.3e24_D1000_G14/solution/solution-00014 
 15 7.661386290622e+09 8.715736953384e+07 768 7235 3201  9 6 7 7 6.82639537e-04 1.15500935e-03 outputs/V3.3e24_D1000_G14/solution/solution-00015 
 16 7.742554464619e+09 8.116817399682e+07 768 7235 3201  9 6 7 7 7.27968752e-04 1.23207000e-03 outputs/V3.3e24_D1000_G14/solution/solution-00016 
 17 7.818645920268e+09 7.609145564890e+07 768 7235 3201  9 6 7 7 7.71865808e-04 1.30673282e-03 outputs/V3.3e24_D1000_G14/solution/solution-00017 
 18 7.890389736933e+09 7.174381666461e+07 768 7235 3201  9 6 7 7 8.14286908e-04 1.37890967e-03                                                "" 
 19 7.958378237068e+09 6.798850013543e+07 768 7235 3201  9 6 7 7 8.55190916e-04 1.44851495e-03 outputs/V3.3e24_D1000_G14/solution/solution-00018 
 20 8.023099695396e+09 6.472145832836e+07 768 7235 3201  9 6 7 7 8.94539757e-04 1.51546648e-03 outputs/V3.3e24_D1000_G14/solution/solution-00019 
 21 8.084961835633e+09 6.186214023644e+07 768 7235 3201  9 6 7 7 9.32298691e-04 1.57968613e-03                                                "" 
 22 8.144309068108e+09 5.934723247489e+07 768 7235 3201  9 6 7 7 9.68436502e-04 1.64110038e-03 outputs/V3.3e24_D1000_G14/solution/solution-00020 
 23 8.201435372546e+09 5.712630443798e+07 768 7235 3201  9 6 7 7 1.00292561e-03 1.69971853e-03 outputs/V3.3e24_D1000_G14/solution/solution-00021 
 24 8.256594086592e+09 5.515871404662e+07 768 7235 3201  9 6 7 7 1.03574211e-03 1.75547697e-03                                                "" 
 25 8.310005454314e+09 5.341136772184e+07 768 7235 3201  9 6 7 7 1.06686580e-03 1.80825967e-03 outputs/V3.3e24_D1000_G14/solution/solution-00022 
 26 8.361862525747e+09 5.185707143284e+07 768 7235 3201  9 6 7 7 1.09628009e-03 1.85801497e-03                                                "" 
 27 8.412335824234e+09 5.047329848664e+07 768 7235 3201  9 6 7 7 1.12397199e-03 1.90469716e-03 outputs/V3.3e24_D1000_G14/solution/solution-00023 
 28 8.461577080411e+09 4.924125617712e+07 768 7235 3201  9 6 7 7 1.14993196e-03 1.94826670e-03                                                "" 
 29 8.509720206203e+09 4.814312579217e+07 768 7235 3201  9 5 6 6 1.17415283e-03 1.98868873e-03 outputs/V3.3e24_D1000_G14/solution/solution-00024 
 30 8.556880259034e+09 4.716005283120e+07 768 7235 3201  9 5 6 6 1.19662829e-03 2.02593099e-03                                                "" 
 31 8.603168777471e+09 4.628851843704e+07 768 7235 3201  9 5 6 6 1.21735940e-03 2.05997505e-03 outputs/V3.3e24_D1000_G14/solution/solution-00025 
 32 8.648687637225e+09 4.551885975359e+07 768 7235 3201  9 5 6 6 1.23635019e-03 2.09080922e-03                                                "" 
 33 8.693530472737e+09 4.484283551183e+07 768 7235 3201  9 5 6 6 1.25360748e-03 2.11842856e-03                                                "" 
 34 8.737783876883e+09 4.425340414690e+07 768 7235 3201  9 5 6 6 1.26914072e-03 2.14283493e-03 outputs/V3.3e24_D1000_G14/solution/solution-00026 
 35 8.781528421558e+09 4.374454467441e+07 768 7235 3201  9 5 6 6 1.28296180e-03 2.16403693e-03                                                "" 
 36 8.824839532788e+09 4.331111123021e+07 768 7235 3201  9 5 6 6 1.29508487e-03 2.18204981e-03 outputs/V3.3e24_D1000_G14/solution/solution-00027 
 37 8.867788247198e+09 4.294871440996e+07 768 7235 3201  9 5 6 6 1.30552620e-03 2.19735271e-03                                                "" 
 38 8.910441871344e+09 4.265362414552e+07 768 7235 3201  9 5 6 6 1.31430396e-03 2.20959374e-03 outputs/V3.3e24_D1000_G14/solution/solution-00028 
 39 8.952864561394e+09 4.242269005075e+07 768 7235 3201  9 5 6 6 1.32143808e-03 2.21873479e-03                                                "" 
 40 8.995117837467e+09 4.225327607268e+07 768 7235 3201  9 5 6 6 1.32695013e-03 2.22481223e-03                                                "" 
 41 9.037261044441e+09 4.214320697368e+07 768 7235 3201  9 5 6 6 1.33086310e-03 2.22786831e-03 outputs/V3.3e24_D1000_G14/solution/solution-00029 
 42 9.079351769142e+09 4.209072470163e+07 768 7235 3201  9 5 6 6 1.33320133e-03 2.22795099e-03                                                "" 
 43 9.121446222260e+09 4.209445311816e+07 768 7235 3201  9 5 6 6 1.33399032e-03 2.22511371e-03 outputs/V3.3e24_D1000_G14/solution/solution-00030 
 44 9.163591578176e+09 4.214535591551e+07 768 7235 3201  9 5 6 6 1.33325697e-03 2.21941645e-03                                                "" 
 45 9.205837783232e+09 4.224620505592e+07 768 7235 3201  9 5 6 6 1.33103000e-03 2.21102376e-03 outputs/V3.3e24_D1000_G14/solution/solution-00031 
 46 9.248238955836e+09 4.240117260447e+07 768 7235 3201  9 5 6 6 1.32733913e-03 2.20018093e-03                                                "" 
 47 9.290849087939e+09 4.261013210286e+07 768 7235 3201  9 5 6 6 1.32221478e-03 2.18667802e-03                                                "" 
 48 9.333722340891e+09 4.287325295215e+07 768 7235 3201  9 5 6 6 1.31568805e-03 2.17059127e-03 outputs/V3.3e24_D1000_G14/solution/solution-00032 
 49 9.376913337331e+09 4.319099643945e+07 768 7235 3201  9 5 6 6 1.30779064e-03 2.15200053e-03                                                "" 
 50 9.420477453029e+09 4.356411569800e+07 768 7235 3201  9 5 6 6 1.29855480e-03 2.13102532e-03 outputs/V3.3e24_D1000_G14/solution/solution-00033 
 51 9.464471112492e+09 4.399365946361e+07 768 7235 3201  9 5 6 6 1.28801336e-03 2.10805688e-03                                                "" 
 52 9.508952092059e+09 4.448097956667e+07 768 7235 3201  9 5 6 6 1.27619969e-03 2.08282465e-03 outputs/V3.3e24_D1000_G14/solution/solution-00034 
 53 9.553976909222e+09 4.502481716282e+07 768 7235 3201  9 5 6 6 1.26314861e-03 2.05542017e-03                                                "" 
 54 9.599594713009e+09 4.561780378728e+07 768 7235 3201  9 5 6 6 1.24889881e-03 2.02594387e-03                                                "" 
 55 9.645868954750e+09 4.627424174053e+07 768 7235 3201  9 5 6 6 1.23348649e-03 1.99449132e-03 outputs/V3.3e24_D1000_G14/solution/solution-00035 
 56 9.692865696404e+09 4.699674165480e+07 768 7235 3201  9 5 6 6 1.21694848e-03 1.96148529e-03                                                "" 
 57 9.740653999010e+09 4.778830260582e+07 768 7235 3201  9 5 6 6 1.19932231e-03 1.92697369e-03 outputs/V3.3e24_D1000_G14/solution/solution-00036 
 58 9.789306341498e+09 4.865234248796e+07 768 7235 3201  9 5 6 6 1.18064634e-03 1.89074526e-03                                                "" 
 59 9.838899074760e+09 4.959273326207e+07 768 7235 3201  9 5 6 6 1.16095987e-03 1.85290003e-03 outputs/V3.3e24_D1000_G14/solution/solution-00037 
 60 9.889501883143e+09 5.060280838269e+07 768 7235 3201  9 5 6 6 1.14030788e-03 1.81372550e-03                                                "" 
 61 9.941191072006e+09 5.168918886340e+07 768 7235 3201  9 6 7 7 1.11873622e-03 1.77336621e-03 outputs/V3.3e24_D1000_G14/solution/solution-00038 
 62 9.994056633201e+09 5.286556119490e+07 768 7235 3201  9 6 7 7 1.09628880e-03 1.73169071e-03                                                "" 
 63 1.004819447636e+10 5.413784315589e+07 768 7235 3201  9 6 7 7 1.07301108e-03 1.68916751e-03 outputs/V3.3e24_D1000_G14/solution/solution-00039 
 64 1.010370711534e+10 5.551263898527e+07 768 7235 3201  9 6 7 7 1.04895023e-03 1.64557448e-03 outputs/V3.3e24_D1000_G14/solution/solution-00040 
 65 1.016068170359e+10 5.697458824777e+07 768 7235 3201  9 6 7 7 1.02416526e-03 1.60097843e-03                                                "" 
 66 1.021923029792e+10 5.854859432659e+07 768 7235 3201  9 6 7 7 9.98709994e-04 1.55614113e-03 outputs/V3.3e24_D1000_G14/solution/solution-00041 
 67 1.027947756615e+10 6.024726822914e+07 768 7235 3201  9 6 7 7 9.72638852e-04 1.51056325e-03                                                "" 
 68 1.034154700476e+10 6.206943861739e+07 768 7235 3201  9 6 7 7 9.46013374e-04 1.46462171e-03 outputs/V3.3e24_D1000_G14/solution/solution-00042 
 69 1.040555670714e+10 6.400970237429e+07 768 7235 3201  9 6 7 7 9.18904296e-04 1.42921343e-03 outputs/V3.3e24_D1000_G14/solution/solution-00043 
 70 1.047115222837e+10 6.559552123569e+07 768 7235 3201  8 6 7 7 8.91583713e-04 1.40476288e-03                                                "" 
 71 1.053788947011e+10 6.673724173765e+07 768 7235 3201  8 6 7 7 8.64348846e-04 1.37939961e-03 outputs/V3.3e24_D1000_G14/solution/solution-00044 
 72 1.060585382152e+10 6.796435141075e+07 768 7235 3201  8 6 7 7 8.37268341e-04 1.35322374e-03 outputs/V3.3e24_D1000_G14/solution/solution-00045 
 73 1.067513283063e+10 6.927900910484e+07 768 7235 3201  8 6 7 7 8.10407365e-04 1.32640833e-03                                                "" 
 74 1.074581623226e+10 7.068340162952e+07 768 7235 3201  8 6 7 7 7.83827599e-04 1.29920060e-03 outputs/V3.3e24_D1000_G14/solution/solution-00046 
 75 1.081799594309e+10 7.217971083652e+07 768 7235 3201  8 6 7 7 7.57587313e-04 1.27147723e-03 outputs/V3.3e24_D1000_G14/solution/solution-00047 
 76 1.089176601452e+10 7.377007142969e+07 768 7235 3201  8 6 7 7 7.31741449e-04 1.24334254e-03                                                "" 
 77 1.096722253640e+10 7.545652187651e+07 768 7235 3201  8 6 7 7 7.06341694e-04 1.21490036e-03 outputs/V3.3e24_D1000_G14/solution/solution-00048 
 78 1.104446348536e+10 7.724094896490e+07 768 7235 3201  8 6 7 7 6.81436516e-04 1.18625353e-03 outputs/V3.3e24_D1000_G14/solution/solution-00049 
 79 1.112358851135e+10 7.912502598583e+07 768 7235 3201  8 6 7 7 6.57071184e-04 1.15750339e-03 outputs/V3.3e24_D1000_G14/solution/solution-00050 
 80 1.120467437559e+10 8.108586424333e+07 768 7235 3201  8 6 7 7 6.33294686e-04 1.12875769e-03 outputs/V3.3e24_D1000_G14/solution/solution-00051 
 81 1.128780806460e+10 8.313368901145e+07 768 7235 3201  8 6 7 7 6.10148846e-04 1.10011752e-03                                                "" 
 82 1.137308785298e+10 8.527978837403e+07 768 7235 3201  8 6 7 7 5.87668606e-04 1.07167656e-03 outputs/V3.3e24_D1000_G14/solution/solution-00052 
 83 1.146061156443e+10 8.752371145382e+07 768 7235 3201  8 5 6 6 5.65885501e-04 1.04352471e-03 outputs/V3.3e24_D1000_G14/solution/solution-00053 
 84 1.155047596110e+10 8.986439666969e+07 768 7235 3201  8 5 6 6 5.44827619e-04 1.01574769e-03 outputs/V3.3e24_D1000_G14/solution/solution-00054 
 85 1.164277604745e+10 9.230008635255e+07 768 7235 3201  8 5 6 6 5.24519526e-04 9.88426546e-04 outputs/V3.3e24_D1000_G14/solution/solution-00055 
 86 1.173760429298e+10 9.482824552781e+07 768 7235 3201  8 5 6 6 5.04982246e-04 9.61637303e-04 outputs/V3.3e24_D1000_G14/solution/solution-00056 
 87 1.183504977065e+10 9.744547766429e+07 768 7235 3201  8 5 6 6 4.86233222e-04 9.35450662e-04 outputs/V3.3e24_D1000_G14/solution/solution-00057 
 88 1.193519721726e+10 1.001474466145e+08 768 7235 3201  8 5 6 6 4.68286320e-04 9.09931730e-04 outputs/V3.3e24_D1000_G14/solution/solution-00058 
 89 1.203812602192e+10 1.029288046596e+08 768 7235 3201  8 5 6 6 4.51151842e-04 8.85540711e-04 outputs/V3.3e24_D1000_G14/solution/solution-00059 
 90 1.214390915200e+10 1.057831300841e+08 768 7235 3201  8 5 6 6 4.34836573e-04 8.61992030e-04 outputs/V3.3e24_D1000_G14/solution/solution-00060 
 91 1.225261202946e+10 1.087028774588e+08 768 7235 3201  8 5 6 6 4.19343870e-04 8.39250979e-04 outputs/V3.3e24_D1000_G14/solution/solution-00061 
 92 1.236429137344e+10 1.116793439807e+08 768 7235 3201  8 5 6 6 4.04673764e-04 8.17357486e-04 outputs/V3.3e24_D1000_G14/solution/solution-00062 
 93 1.247899402867e+10 1.147026552219e+08 768 7235 3201  8 5 6 6 3.90823123e-04 7.96345613e-04 outputs/V3.3e24_D1000_G14/solution/solution-00063 
 94 1.259675580217e+10 1.177617735085e+08 768 7235 3201  8 5 6 6 3.77785827e-04 7.76243713e-04 outputs/V3.3e24_D1000_G14/solution/solution-00064 
 95 1.271760033403e+10 1.208445318513e+08 768 7235 3201  8 5 6 6 3.65552990e-04 7.57074621e-04 outputs/V3.3e24_D1000_G14/solution/solution-00065 
 96 1.284153802988e+10 1.239376958587e+08 768 7235 3201  8 5 6 6 3.54113205e-04 7.38855897e-04 outputs/V3.3e24_D1000_G14/solution/solution-00066 
 97 1.296856508526e+10 1.270270553800e+08 768 7235 3201  8 5 6 6 3.43452811e-04 7.21600098e-04 outputs/V3.3e24_D1000_G14/solution/solution-00067 
 98 1.309863391820e+10 1.300688329360e+08 768 7235 3201  8 5 6 6 3.33558261e-04 7.05318532e-04 outputs/V3.3e24_D1000_G14/solution/solution-00068 
 99 1.323166610883e+10 1.330321906296e+08 768 7235 3201  8 5 6 6 3.24414508e-04 6.90018653e-04 outputs/V3.3e24_D1000_G14/solution/solution-00069 
100 1.336761052667e+10 1.359444178442e+08 768 7235 3201  8 5 6 6 3.16001525e-04 6.75697929e-04 outputs/V3.3e24_D1000_G14/solution/solution-00070 
