# 1: Time step number
# 2: Time (years)
# 3: Time step size (years)
# 4: Number of mesh cells
# 5: Number of Stokes degrees of freedom
# 6: Number of temperature degrees of freedom
# 7: Iterations for temperature solver
# 8: Iterations for Stokes solver
# 9: Velocity iterations in Stokes preconditioner
# 10: Schur complement iterations in Stokes preconditioner
# 11: RMS velocity (m/year)
# 12: Max. velocity (m/year)
# 13: Visualization file name
  0 0.000000000000e+00 0.000000000000e+00 768 7235 3201  0 8 9 9 1.56818295e-07 7.61896923e-07 outputs/V3.3e25_D10000_G6/solution/solution-00000 
  1 1.392571516413e+09 1.392571516413e+09 768 7235 3201 32 8 9 9 1.79842496e-07 4.61226404e-07 outputs/V3.3e25_D10000_G6/solution/solution-00001 
  2 2.785143032825e+09 1.392571516413e+09 768 7235 3201 26 8 9 9 2.53418211e-07 4.38133258e-07 outputs/V3.3e25_D10000_G6/solution/solution-00002 
  3 4.177714549238e+09 1.392571516413e+09 768 7235 3201 25 8 9 9 3.57962061e-07 6.31322150e-07 outputs/V3.3e25_D10000_G6/solution/solution-00003 
  4 5.570286065650e+09 1.392571516413e+09 768 7235 3201 24 8 9 9 4.89137754e-07 8.79269748e-07 outputs/V3.3e25_D10000_G6/solution/solution-00004 
  5 6.962857582063e+09 1.392571516413e+09 768 7235 3201 23 8 9 9 6.47102740e-07 1.18423687e-06 outputs/V3.3e25_D10000_G6/solution/solution-00005 
  6 8.355429098476e+09 1.392571516413e+09 768 7235 3201 22 8 9 9 8.31315808e-07 1.54648024e-06 outputs/V3.3e25_D10000_G6/solution/solution-00006 
  7 9.748000614888e+09 1.392571516413e+09 768 7235 3201 22 8 9 9 1.04037864e-06 1.96403279e-06 outputs/V3.3e25_D10000_G6/solution/solution-00007 
  8 1.114057213130e+10 1.392571516413e+09 768 7235 3201 22 8 9 9 1.27209624e-06 2.43285658e-06 outputs/V3.3e25_D10000_G6/solution/solution-00008 
  9 1.253314364771e+10 1.392571516413e+09 768 7235 3201 21 8 9 9 1.52366015e-06 2.94722860e-06 outputs/V3.3e25_D10000_G6/solution/solution-00009 
 10 1.392571516413e+10 1.392571516413e+09 768 7235 3201 21 8 9 9 1.79187178e-06 3.50024106e-06 outputs/V3.3e25_D10000_G6/solution/solution-00010 
 11 1.531828668054e+10 1.392571516413e+09 768 7235 3201 21 8 9 9 2.07336115e-06 4.08432089e-06 outputs/V3.3e25_D10000_G6/solution/solution-00011 
 12 1.671085819695e+10 1.392571516413e+09 768 7235 3201 21 8 9 9 2.36477534e-06 4.69170153e-06 outputs/V3.3e25_D10000_G6/solution/solution-00012 
 13 1.810342971336e+10 1.392571516413e+09 768 7235 3201 21 8 9 9 2.66292471e-06 5.31480856e-06 outputs/V3.3e25_D10000_G6/solution/solution-00013 
 14 1.949600122978e+10 1.392571516413e+09 768 7235 3201 21 8 9 9 2.96488442e-06 5.94654525e-06 outputs/V3.3e25_D10000_G6/solution/solution-00014 
 15 2.088857274619e+10 1.392571516413e+09 768 7235 3201 20 8 9 9 3.26805534e-06 6.58048130e-06 outputs/V3.3e25_D10000_G6/solution/solution-00015 
 16 2.228114426260e+10 1.392571516413e+09 768 7235 3201 20 8 9 9 3.57019145e-06 7.21195057e-06 outputs/V3.3e25_D10000_G6/solution/solution-00016 
 17 2.367371577901e+10 1.392571516413e+09 768 7235 3201 20 8 9 9 3.86940175e-06 7.83547463e-06 outputs/V3.3e25_D10000_G6/solution/solution-00017 
 18 2.506628729543e+10 1.392571516413e+09 768 7235 3201 20 8 9 9 4.16413450e-06 8.44697489e-06 outputs/V3.3e25_D10000_G6/solution/solution-00018 
 19 2.645885881184e+10 1.392571516413e+09 768 7235 3201 20 8 9 9 4.45315028e-06 9.04317887e-06 outputs/V3.3e25_D10000_G6/solution/solution-00019 
 20 2.785143032825e+10 1.392571516413e+09 768 7235 3201 20 8 9 9 4.73548893e-06 9.62150652e-06 outputs/V3.3e25_D10000_G6/solution/solution-00020 
 21 2.924400184466e+10 1.392571516413e+09 768 7235 3201 20 8 9 9 5.01043419e-06 1.01799986e-05 outputs/V3.3e25_D10000_G6/solution/solution-00021 
 22 3.063657336108e+10 1.392571516413e+09 768 7235 3201 20 8 9 9 5.27747852e-06 1.07172416e-05 outputs/V3.3e25_D10000_G6/solution/solution-00022 
 23 3.202914487749e+10 1.392571516413e+09 768 7235 3201 20 7 8 8 5.53628992e-06 1.12322937e-05 outputs/V3.3e25_D10000_G6/solution/solution-00023 
 24 3.342171639390e+10 1.392571516413e+09 768 7235 3201 20 7 8 8 5.78668149e-06 1.17256622e-05 outputs/V3.3e25_D10000_G6/solution/solution-00024 
 25 3.481428791032e+10 1.392571516413e+09 768 7235 3201 20 7 8 8 6.02858438e-06 1.21998994e-05 outputs/V3.3e25_D10000_G6/solution/solution-00025 
 26 3.620685942673e+10 1.392571516413e+09 768 7235 3201 20 7 8 8 6.26202421e-06 1.26516851e-05 outputs/V3.3e25_D10000_G6/solution/solution-00026 
 27 3.759943094314e+10 1.392571516413e+09 768 7235 3201 20 7 8 8 6.48710077e-06 1.30812644e-05 outputs/V3.3e25_D10000_G6/solution/solution-00027 
 28 3.899200245955e+10 1.392571516413e+09 768 7235 3201 20 7 8 8 6.70397096e-06 1.34890617e-05 outputs/V3.3e25_D10000_G6/solution/solution-00028 
 29 4.038457397597e+10 1.392571516413e+09 768 7235 3201 20 7 8 8 6.91283455e-06 1.38756432e-05 outputs/V3.3e25_D10000_G6/solution/solution-00029 
 30 4.177714549238e+10 1.392571516413e+09 768 7235 3201 20 7 8 8 7.11392249e-06 1.42416850e-05 outputs/V3.3e25_D10000_G6/solution/solution-00030 
 31 4.316971700879e+10 1.392571516413e+09 768 7235 3201 20 7 8 8 7.30748738e-06 1.45882313e-05 outputs/V3.3e25_D10000_G6/solution/solution-00031 
 32 4.456228852520e+10 1.392571516413e+09 768 7235 3201 20 7 8 8 7.49379597e-06 1.49189266e-05 outputs/V3.3e25_D10000_G6/solution/solution-00032 
 33 4.595486004162e+10 1.392571516413e+09 768 7235 3201 19 7 8 8 7.67312308e-06 1.52315378e-05 outputs/V3.3e25_D10000_G6/solution/solution-00033 
 34 4.734743155803e+10 1.392571516413e+09 768 7235 3201 19 7 8 8 7.84574703e-06 1.55269124e-05 outputs/V3.3e25_D10000_G6/solution/solution-00034 
 35 4.874000307444e+10 1.392571516413e+09 768 7235 3201 19 7 8 8 8.01194609e-06 1.58059113e-05 outputs/V3.3e25_D10000_G6/solution/solution-00035 
 36 5.013257459085e+10 1.392571516413e+09 768 7235 3201 19 7 8 8 8.17199578e-06 1.60693980e-05 outputs/V3.3e25_D10000_G6/solution/solution-00036 
 37 5.152514610727e+10 1.392571516413e+09 768 7235 3201 19 7 8 8 8.32616702e-06 1.63182298e-05 outputs/V3.3e25_D10000_G6/solution/solution-00037 
 38 5.291771762368e+10 1.392571516413e+09 768 7235 3201 19 7 8 8 8.47472469e-06 1.65542296e-05 outputs/V3.3e25_D10000_G6/solution/solution-00038 
 39 5.431028914009e+10 1.392571516413e+09 768 7235 3201 19 7 8 8 8.61792674e-06 1.67788725e-05 outputs/V3.3e25_D10000_G6/solution/solution-00039 
 40 5.570286065650e+10 1.392571516413e+09 768 7235 3201 19 7 8 8 8.75602361e-06 1.69911917e-05 outputs/V3.3e25_D10000_G6/solution/solution-00040 
 41 5.709543217292e+10 1.392571516413e+09 768 7235 3201 19 7 8 8 8.88925784e-06 1.71919484e-05 outputs/V3.3e25_D10000_G6/solution/solution-00041 
 42 5.848800368933e+10 1.392571516413e+09 768 7235 3201 19 7 8 8 9.01786395e-06 1.73818781e-05 outputs/V3.3e25_D10000_G6/solution/solution-00042 
 43 5.988057520574e+10 1.392571516413e+09 768 7235 3201 19 7 8 8 9.14206838e-06 1.75616882e-05 outputs/V3.3e25_D10000_G6/solution/solution-00043 
 44 6.127314672215e+10 1.392571516413e+09 768 7235 3201 19 7 8 8 9.26208957e-06 1.77320571e-05 outputs/V3.3e25_D10000_G6/solution/solution-00044 
 45 6.266571823857e+10 1.392571516413e+09 768 7235 3201 19 7 8 8 9.37813806e-06 1.78936329e-05 outputs/V3.3e25_D10000_G6/solution/solution-00045 
 46 6.405828975498e+10 1.392571516413e+09 768 7235 3201 19 7 8 8 9.49041662e-06 1.80470337e-05 outputs/V3.3e25_D10000_G6/solution/solution-00046 
 47 6.545086127139e+10 1.392571516413e+09 768 7235 3201 19 7 8 8 9.59912048e-06 1.81928466e-05 outputs/V3.3e25_D10000_G6/solution/solution-00047 
 48 6.684343278781e+10 1.392571516413e+09 768 7235 3201 19 7 8 8 9.70443741e-06 1.83316289e-05 outputs/V3.3e25_D10000_G6/solution/solution-00048 
 49 6.823600430422e+10 1.392571516413e+09 768 7235 3201 19 7 8 8 9.80654799e-06 1.84639077e-05 outputs/V3.3e25_D10000_G6/solution/solution-00049 
 50 6.962857582063e+10 1.392571516413e+09 768 7235 3201 19 6 7 7 9.90562571e-06 1.85901811e-05 outputs/V3.3e25_D10000_G6/solution/solution-00050 
 51 7.102114733704e+10 1.392571516413e+09 768 7235 3201 19 6 7 7 1.00018372e-05 1.87109186e-05 outputs/V3.3e25_D10000_G6/solution/solution-00051 
 52 7.241371885346e+10 1.392571516413e+09 768 7235 3201 19 6 7 7 1.00953424e-05 1.88265624e-05 outputs/V3.3e25_D10000_G6/solution/solution-00052 
 53 7.380629036987e+10 1.392571516413e+09 768 7235 3201 19 6 7 7 1.01862945e-05 1.89375278e-05 outputs/V3.3e25_D10000_G6/solution/solution-00053 
 54 7.519886188628e+10 1.392571516413e+09 768 7235 3201 19 6 7 7 1.02748405e-05 1.90442046e-05 outputs/V3.3e25_D10000_G6/solution/solution-00054 
 55 7.659143340269e+10 1.392571516413e+09 768 7235 3201 19 6 7 7 1.03611211e-05 1.91469582e-05 outputs/V3.3e25_D10000_G6/solution/solution-00055 
 56 7.798400491911e+10 1.392571516413e+09 768 7235 3201 19 6 7 7 1.04452707e-05 1.92461305e-05 outputs/V3.3e25_D10000_G6/solution/solution-00056 
 57 7.937657643552e+10 1.392571516413e+09 768 7235 3201 19 6 7 7 1.05274178e-05 1.93420410e-05 outputs/V3.3e25_D10000_G6/solution/solution-00057 
 58 8.076914795193e+10 1.392571516413e+09 768 7235 3201 19 6 7 7 1.06076853e-05 1.94349880e-05 outputs/V3.3e25_D10000_G6/solution/solution-00058 
 59 8.216171946834e+10 1.392571516413e+09 768 7235 3201 19 6 7 7 1.06861901e-05 1.95252498e-05 outputs/V3.3e25_D10000_G6/solution/solution-00059 
 60 8.355429098476e+10 1.392571516413e+09 768 7235 3201 19 6 7 7 1.07630437e-05 1.96130853e-05 outputs/V3.3e25_D10000_G6/solution/solution-00060 
 61 8.494686250117e+10 1.392571516413e+09 768 7235 3201 19 6 7 7 1.08383523e-05 1.96987356e-05 outputs/V3.3e25_D10000_G6/solution/solution-00061 
 62 8.633943401758e+10 1.392571516413e+09 768 7235 3201 19 6 7 7 1.09122168e-05 1.97824247e-05 outputs/V3.3e25_D10000_G6/solution/solution-00062 
 63 8.773200553399e+10 1.392571516413e+09 768 7235 3201 19 6 7 7 1.09847331e-05 1.98643606e-05 outputs/V3.3e25_D10000_G6/solution/solution-00063 
 64 8.912457705041e+10 1.392571516413e+09 768 7235 3201 19 6 7 7 1.10559921e-05 1.99447362e-05 outputs/V3.3e25_D10000_G6/solution/solution-00064 
 65 9.051714856682e+10 1.392571516413e+09 768 7235 3201 19 6 7 7 1.11260800e-05 2.00237301e-05 outputs/V3.3e25_D10000_G6/solution/solution-00065 
 66 9.190972008323e+10 1.392571516413e+09 768 7235 3201 19 6 7 7 1.11950784e-05 2.01015077e-05 outputs/V3.3e25_D10000_G6/solution/solution-00066 
 67 9.330229159964e+10 1.392571516413e+09 768 7235 3201 19 6 7 7 1.12630647e-05 2.01782220e-05 outputs/V3.3e25_D10000_G6/solution/solution-00067 
 68 9.469486311606e+10 1.392571516413e+09 768 7235 3201 19 6 7 7 1.13301116e-05 2.02540140e-05 outputs/V3.3e25_D10000_G6/solution/solution-00068 
 69 9.608743463247e+10 1.392571516413e+09 768 7235 3201 19 6 7 7 1.13962883e-05 2.03290140e-05 outputs/V3.3e25_D10000_G6/solution/solution-00069 
 70 9.748000614888e+10 1.392571516413e+09 768 7235 3201 19 6 7 7 1.14616595e-05 2.04033422e-05 outputs/V3.3e25_D10000_G6/solution/solution-00070 
 71 9.887257766530e+10 1.392571516413e+09 768 7235 3201 19 6 7 7 1.15262865e-05 2.04771089e-05 outputs/V3.3e25_D10000_G6/solution/solution-00071 
 72 1.002651491817e+11 1.392571516413e+09 768 7235 3201 19 6 7 7 1.15902270e-05 2.05504158e-05 outputs/V3.3e25_D10000_G6/solution/solution-00072 
 73 1.016577206981e+11 1.392571516413e+09 768 7235 3201 19 6 7 7 1.16535351e-05 2.06243877e-05 outputs/V3.3e25_D10000_G6/solution/solution-00073 
 74 1.030502922145e+11 1.392571516413e+09 768 7235 3201 18 6 7 7 1.17162618e-05 2.06989142e-05 outputs/V3.3e25_D10000_G6/solution/solution-00074 
 75 1.044428637309e+11 1.392571516413e+09 768 7235 3201 18 6 7 7 1.17784547e-05 2.07732682e-05 outputs/V3.3e25_D10000_G6/solution/solution-00075 
 76 1.058354352474e+11 1.392571516413e+09 768 7235 3201 18 6 7 7 1.18401587e-05 2.08475174e-05 outputs/V3.3e25_D10000_G6/solution/solution-00076 
 77 1.072280067638e+11 1.392571516413e+09 768 7235 3201 18 6 7 7 1.19014158e-05 2.09217237e-05 outputs/V3.3e25_D10000_G6/solution/solution-00077 
 78 1.086205782802e+11 1.392571516413e+09 768 7235 3201 18 6 7 7 1.19622652e-05 2.09959434e-05 outputs/V3.3e25_D10000_G6/solution/solution-00078 
 79 1.100131497966e+11 1.392571516413e+09 768 7235 3201 18 6 7 7 1.20227436e-05 2.10702275e-05 outputs/V3.3e25_D10000_G6/solution/solution-00079 
 80 1.114057213130e+11 1.392571516413e+09 768 7235 3201 18 6 7 7 1.20828854e-05 2.11446224e-05 outputs/V3.3e25_D10000_G6/solution/solution-00080 
 81 1.127982928294e+11 1.392571516413e+09 768 7235 3201 18 6 7 7 1.21427225e-05 2.12191699e-05 outputs/V3.3e25_D10000_G6/solution/solution-00081 
 82 1.141908643458e+11 1.392571516413e+09 768 7235 3201 18 6 7 7 1.22022848e-05 2.12939079e-05 outputs/V3.3e25_D10000_G6/solution/solution-00082 
 83 1.155834358622e+11 1.392571516413e+09 768 7235 3201 18 6 7 7 1.22616002e-05 2.13688704e-05 outputs/V3.3e25_D10000_G6/solution/solution-00083 
 84 1.169760073787e+11 1.392571516413e+09 768 7235 3201 18 6 7 7 1.23206943e-05 2.14440879e-05 outputs/V3.3e25_D10000_G6/solution/solution-00084 
 85 1.183685788951e+11 1.392571516413e+09 768 7235 3201 18 6 7 7 1.23795914e-05 2.15195876e-05 outputs/V3.3e25_D10000_G6/solution/solution-00085 
 86 1.197611504115e+11 1.392571516413e+09 768 7235 3201 18 6 7 7 1.24383136e-05 2.15953939e-05 outputs/V3.3e25_D10000_G6/solution/solution-00086 
 87 1.211537219279e+11 1.392571516413e+09 768 7235 3201 18 6 7 7 1.24968817e-05 2.16715282e-05 outputs/V3.3e25_D10000_G6/solution/solution-00087 
 88 1.225462934443e+11 1.392571516413e+09 768 7235 3201 18 6 7 7 1.25553149e-05 2.17494291e-05 outputs/V3.3e25_D10000_G6/solution/solution-00088 
 89 1.239388649607e+11 1.392571516413e+09 768 7235 3201 18 6 7 7 1.26136308e-05 2.18281968e-05 outputs/V3.3e25_D10000_G6/solution/solution-00089 
 90 1.253314364771e+11 1.392571516413e+09 768 7235 3201 18 6 7 7 1.26718459e-05 2.19073355e-05 outputs/V3.3e25_D10000_G6/solution/solution-00090 
 91 1.267240079935e+11 1.392571516413e+09 768 7235 3201 18 6 7 7 1.27299753e-05 2.19868564e-05 outputs/V3.3e25_D10000_G6/solution/solution-00091 
 92 1.281165795100e+11 1.392571516413e+09 768 7235 3201 18 6 7 7 1.27880328e-05 2.20667688e-05 outputs/V3.3e25_D10000_G6/solution/solution-00092 
 93 1.295091510264e+11 1.392571516413e+09 768 7235 3201 18 6 7 7 1.28460313e-05 2.21470804e-05 outputs/V3.3e25_D10000_G6/solution/solution-00093 
 94 1.309017225428e+11 1.392571516413e+09 768 7235 3201 18 6 7 7 1.29039825e-05 2.22277976e-05 outputs/V3.3e25_D10000_G6/solution/solution-00094 
 95 1.322942940592e+11 1.392571516413e+09 768 7235 3201 18 6 7 7 1.29618972e-05 2.23089253e-05 outputs/V3.3e25_D10000_G6/solution/solution-00095 
 96 1.336868655756e+11 1.392571516413e+09 768 7235 3201 18 6 7 7 1.30197852e-05 2.23904671e-05 outputs/V3.3e25_D10000_G6/solution/solution-00096 
 97 1.350794370920e+11 1.392571516413e+09 768 7235 3201 18 6 7 7 1.30776555e-05 2.24724256e-05 outputs/V3.3e25_D10000_G6/solution/solution-00097 
 98 1.364720086084e+11 1.392571516413e+09 768 7235 3201 18 6 7 7 1.31355164e-05 2.25548024e-05 outputs/V3.3e25_D10000_G6/solution/solution-00098 
 99 1.378645801248e+11 1.392571516413e+09 768 7235 3201 18 6 7 7 1.31933752e-05 2.26375979e-05 outputs/V3.3e25_D10000_G6/solution/solution-00099 
100 1.392571516413e+11 1.392571516413e+09 768 7235 3201 18 6 7 7 1.32512386e-05 2.27208117e-05 outputs/V3.3e25_D10000_G6/solution/solution-00100 
