# 1: Time step number
# 2: Time (years)
# 3: Time step size (years)
# 4: Number of mesh cells
# 5: Number of Stokes degrees of freedom
# 6: Number of temperature degrees of freedom
# 7: Iterations for temperature solver
# 8: Iterations for Stokes solver
# 9: Velocity iterations in Stokes preconditioner
# 10: Schur complement iterations in Stokes preconditioner
# 11: RMS velocity (m/year)
# 12: Max. velocity (m/year)
# 13: Visualization file name
  0 0.000000000000e+00 0.000000000000e+00 768 7235 3201  0 8 9 9 5.27849917e-08 8.90553572e-08 outputs/V1e26_D1000_G8/solution/solution-00000 
  1 1.392571516413e+09 1.392571516413e+09 768 7235 3201 19 6 7 7 5.13899151e-08 8.67016761e-08 outputs/V1e26_D1000_G8/solution/solution-00001 
  2 2.785143032825e+09 1.392571516413e+09 768 7235 3201  9 4 5 5 4.99962249e-08 8.43503340e-08 outputs/V1e26_D1000_G8/solution/solution-00002 
  3 4.177714549238e+09 1.392571516413e+09 768 7235 3201 12 5 6 6 4.86279880e-08 8.20419349e-08 outputs/V1e26_D1000_G8/solution/solution-00003 
  4 5.570286065650e+09 1.392571516413e+09 768 7235 3201 12 5 6 6 4.72928991e-08 7.97894609e-08 outputs/V1e26_D1000_G8/solution/solution-00004 
  5 6.962857582063e+09 1.392571516413e+09 768 7235 3201 12 5 6 6 4.59929692e-08 7.75963051e-08 outputs/V1e26_D1000_G8/solution/solution-00005 
  6 8.355429098476e+09 1.392571516413e+09 768 7235 3201 12 5 6 6 4.47282494e-08 7.54625531e-08 outputs/V1e26_D1000_G8/solution/solution-00006 
  7 9.748000614888e+09 1.392571516413e+09 768 7235 3201 12 5 6 6 4.34981255e-08 7.33871692e-08 outputs/V1e26_D1000_G8/solution/solution-00007 
  8 1.114057213130e+10 1.392571516413e+09 768 7235 3201 12 5 6 6 4.23017695e-08 7.13687563e-08 outputs/V1e26_D1000_G8/solution/solution-00008 
  9 1.253314364771e+10 1.392571516413e+09 768 7235 3201 12 5 6 6 4.11382956e-08 6.94058200e-08 outputs/V1e26_D1000_G8/solution/solution-00009 
 10 1.392571516413e+10 1.392571516413e+09 768 7235 3201 12 5 6 6 4.00068145e-08 6.74968595e-08 outputs/V1e26_D1000_G8/solution/solution-00010 
 11 1.531828668054e+10 1.392571516413e+09 768 7235 3201 12 5 6 6 3.89064512e-08 6.56403992e-08 outputs/V1e26_D1000_G8/solution/solution-00011 
 12 1.671085819695e+10 1.392571516413e+09 768 7235 3201 12 5 6 6 3.78363519e-08 6.38349982e-08 outputs/V1e26_D1000_G8/solution/solution-00012 
 13 1.810342971336e+10 1.392571516413e+09 768 7235 3201 12 5 6 6 3.67956847e-08 6.20792532e-08 outputs/V1e26_D1000_G8/solution/solution-00013 
 14 1.949600122978e+10 1.392571516413e+09 768 7235 3201 12 5 6 6 3.57836404e-08 6.03717987e-08 outputs/V1e26_D1000_G8/solution/solution-00014 
 15 2.088857274619e+10 1.392571516413e+09 768 7235 3201 12 5 6 6 3.47994317e-08 5.87113067e-08 outputs/V1e26_D1000_G8/solution/solution-00015 
 16 2.228114426260e+10 1.392571516413e+09 768 7235 3201 12 5 6 6 3.38422931e-08 5.70964856e-08 outputs/V1e26_D1000_G8/solution/solution-00016 
 17 2.367371577901e+10 1.392571516413e+09 768 7235 3201 12 5 6 6 3.29114801e-08 5.55260793e-08 outputs/V1e26_D1000_G8/solution/solution-00017 
 18 2.506628729543e+10 1.392571516413e+09 768 7235 3201 12 5 6 6 3.20062686e-08 5.39988661e-08 outputs/V1e26_D1000_G8/solution/solution-00018 
 19 2.645885881184e+10 1.392571516413e+09 768 7235 3201 12 5 6 6 3.11259544e-08 5.25136581e-08 outputs/V1e26_D1000_G8/solution/solution-00019 
 20 2.785143032825e+10 1.392571516413e+09 768 7235 3201 12 5 6 6 3.02698528e-08 5.10692998e-08 outputs/V1e26_D1000_G8/solution/solution-00020 
 21 2.924400184466e+10 1.392571516413e+09 768 7235 3201 12 5 6 6 2.94372978e-08 4.96646679e-08 outputs/V1e26_D1000_G8/solution/solution-00021 
 22 3.063657336108e+10 1.392571516413e+09 768 7235 3201 12 5 6 6 2.86276417e-08 4.82986695e-08 outputs/V1e26_D1000_G8/solution/solution-00022 
 23 3.202914487749e+10 1.392571516413e+09 768 7235 3201 12 5 6 6 2.78402548e-08 4.69702422e-08 outputs/V1e26_D1000_G8/solution/solution-00023 
 24 3.342171639390e+10 1.392571516413e+09 768 7235 3201 12 5 6 6 2.70745245e-08 4.56783526e-08 outputs/V1e26_D1000_G8/solution/solution-00024 
 25 3.481428791032e+10 1.392571516413e+09 768 7235 3201 11 5 6 6 2.63298552e-08 4.44219956e-08 outputs/V1e26_D1000_G8/solution/solution-00025 
 26 3.620685942673e+10 1.392571516413e+09 768 7235 3201 11 5 6 6 2.56056676e-08 4.32001940e-08 outputs/V1e26_D1000_G8/solution/solution-00026 
 27 3.759943094314e+10 1.392571516413e+09 768 7235 3201 11 5 6 6 2.49013984e-08 4.20119974e-08 outputs/V1e26_D1000_G8/solution/solution-00027 
 28 3.899200245955e+10 1.392571516413e+09 768 7235 3201 11 5 6 6 2.42164997e-08 4.08564815e-08 outputs/V1e26_D1000_G8/solution/solution-00028 
 29 4.038457397597e+10 1.392571516413e+09 768 7235 3201 11 5 6 6 2.35504387e-08 3.97327474e-08 outputs/V1e26_D1000_G8/solution/solution-00029 
 30 4.177714549238e+10 1.392571516413e+09 768 7235 3201 11 5 6 6 2.29026974e-08 3.86399210e-08 outputs/V1e26_D1000_G8/solution/solution-00030 
 31 4.316971700879e+10 1.392571516413e+09 768 7235 3201 11 5 6 6 2.22727719e-08 3.75771521e-08 outputs/V1e26_D1000_G8/solution/solution-00031 
 32 4.456228852520e+10 1.392571516413e+09 768 7235 3201 11 5 6 6 2.16601721e-08 3.65436142e-08 outputs/V1e26_D1000_G8/solution/solution-00032 
 33 4.595486004162e+10 1.392571516413e+09 768 7235 3201 11 5 6 6 2.10644215e-08 3.55385030e-08 outputs/V1e26_D1000_G8/solution/solution-00033 
 34 4.734743155803e+10 1.392571516413e+09 768 7235 3201 11 5 6 6 2.04850567e-08 3.45610369e-08 outputs/V1e26_D1000_G8/solution/solution-00034 
 35 4.874000307444e+10 1.392571516413e+09 768 7235 3201 11 5 6 6 1.99216270e-08 3.36104555e-08 outputs/V1e26_D1000_G8/solution/solution-00035 
 36 5.013257459085e+10 1.392571516413e+09 768 7235 3201 11 5 6 6 1.93736941e-08 3.26860192e-08 outputs/V1e26_D1000_G8/solution/solution-00036 
 37 5.152514610727e+10 1.392571516413e+09 768 7235 3201 11 5 6 6 1.88408318e-08 3.17870091e-08 outputs/V1e26_D1000_G8/solution/solution-00037 
 38 5.291771762368e+10 1.392571516413e+09 768 7235 3201 11 5 6 6 1.83226255e-08 3.09127257e-08 outputs/V1e26_D1000_G8/solution/solution-00038 
 39 5.431028914009e+10 1.392571516413e+09 768 7235 3201 11 5 6 6 1.78186723e-08 3.00624890e-08 outputs/V1e26_D1000_G8/solution/solution-00039 
 40 5.570286065650e+10 1.392571516413e+09 768 7235 3201 11 5 6 6 1.73285800e-08 2.92356376e-08 outputs/V1e26_D1000_G8/solution/solution-00040 
 41 5.709543217292e+10 1.392571516413e+09 768 7235 3201 11 5 6 6 1.68519674e-08 2.84315282e-08 outputs/V1e26_D1000_G8/solution/solution-00041 
 42 5.848800368933e+10 1.392571516413e+09 768 7235 3201 11 5 6 6 1.63884637e-08 2.76495354e-08 outputs/V1e26_D1000_G8/solution/solution-00042 
 43 5.988057520574e+10 1.392571516413e+09 768 7235 3201 11 5 6 6 1.59377085e-08 2.68890509e-08 outputs/V1e26_D1000_G8/solution/solution-00043 
 44 6.127314672215e+10 1.392571516413e+09 768 7235 3201 11 5 6 6 1.54993510e-08 2.61494830e-08 outputs/V1e26_D1000_G8/solution/solution-00044 
 45 6.266571823857e+10 1.392571516413e+09 768 7235 3201 11 5 6 6 1.50730503e-08 2.54302566e-08 outputs/V1e26_D1000_G8/solution/solution-00045 
 46 6.405828975498e+10 1.392571516413e+09 768 7235 3201 11 5 6 6 1.46584747e-08 2.47308121e-08 outputs/V1e26_D1000_G8/solution/solution-00046 
 47 6.545086127139e+10 1.392571516413e+09 768 7235 3201 11 5 6 6 1.42553018e-08 2.40506054e-08 outputs/V1e26_D1000_G8/solution/solution-00047 
 48 6.684343278781e+10 1.392571516413e+09 768 7235 3201 11 5 6 6 1.38632180e-08 2.33891073e-08 outputs/V1e26_D1000_G8/solution/solution-00048 
 49 6.823600430422e+10 1.392571516413e+09 768 7235 3201 11 5 6 6 1.34819182e-08 2.27458035e-08 outputs/V1e26_D1000_G8/solution/solution-00049 
 50 6.962857582063e+10 1.392571516413e+09 768 7235 3201 11 5 6 6 1.31111058e-08 2.21201933e-08 outputs/V1e26_D1000_G8/solution/solution-00050 
 51 7.102114733704e+10 1.392571516413e+09 768 7235 3201 11 5 6 6 1.27504924e-08 2.15117901e-08 outputs/V1e26_D1000_G8/solution/solution-00051 
 52 7.241371885346e+10 1.392571516413e+09 768 7235 3201 11 5 6 6 1.23997975e-08 2.09201208e-08 outputs/V1e26_D1000_G8/solution/solution-00052 
 53 7.380629036987e+10 1.392571516413e+09 768 7235 3201 11 5 6 6 1.20587482e-08 2.03447249e-08 outputs/V1e26_D1000_G8/solution/solution-00053 
 54 7.519886188628e+10 1.392571516413e+09 768 7235 3201 11 5 6 6 1.17270793e-08 1.97851550e-08 outputs/V1e26_D1000_G8/solution/solution-00054 
 55 7.659143340269e+10 1.392571516413e+09 768 7235 3201 11 5 6 6 1.14045328e-08 1.92409758e-08 outputs/V1e26_D1000_G8/solution/solution-00055 
 56 7.798400491911e+10 1.392571516413e+09 768 7235 3201 11 5 6 6 1.10908577e-08 1.87117639e-08 outputs/V1e26_D1000_G8/solution/solution-00056 
 57 7.937657643552e+10 1.392571516413e+09 768 7235 3201 11 5 6 6 1.07858101e-08 1.81971076e-08 outputs/V1e26_D1000_G8/solution/solution-00057 
 58 8.076914795193e+10 1.392571516413e+09 768 7235 3201 11 5 6 6 1.04891526e-08 1.76966067e-08 outputs/V1e26_D1000_G8/solution/solution-00058 
 59 8.216171946834e+10 1.392571516413e+09 768 7235 3201 10 5 6 6 1.02006546e-08 1.72098718e-08 outputs/V1e26_D1000_G8/solution/solution-00059 
 60 8.355429098476e+10 1.392571516413e+09 768 7235 3201 10 5 6 6 9.92009145e-09 1.67365242e-08 outputs/V1e26_D1000_G8/solution/solution-00060 
 61 8.494686250117e+10 1.392571516413e+09 768 7235 3201 10 5 6 6 9.64724508e-09 1.62761958e-08 outputs/V1e26_D1000_G8/solution/solution-00061 
 62 8.633943401758e+10 1.392571516413e+09 768 7235 3201 10 5 6 6 9.38190318e-09 1.58285285e-08 outputs/V1e26_D1000_G8/solution/solution-00062 
 63 8.773200553399e+10 1.392571516413e+09 768 7235 3201 10 5 6 6 9.12385936e-09 1.53931739e-08 outputs/V1e26_D1000_G8/solution/solution-00063 
 64 8.912457705041e+10 1.392571516413e+09 768 7235 3201 10 5 6 6 8.87291289e-09 1.49697936e-08 outputs/V1e26_D1000_G8/solution/solution-00064 
 65 9.051714856682e+10 1.392571516413e+09 768 7235 3201 10 5 6 6 8.62886855e-09 1.45580581e-08 outputs/V1e26_D1000_G8/solution/solution-00065 
 66 9.190972008323e+10 1.392571516413e+09 768 7235 3201 10 5 6 6 8.39153652e-09 1.41576471e-08 outputs/V1e26_D1000_G8/solution/solution-00066 
 67 9.330229159964e+10 1.392571516413e+09 768 7235 3201 10 5 6 6 8.16073216e-09 1.37682492e-08 outputs/V1e26_D1000_G8/solution/solution-00067 
 68 9.469486311606e+10 1.392571516413e+09 768 7235 3201 10 5 6 6 7.93627595e-09 1.33895615e-08 outputs/V1e26_D1000_G8/solution/solution-00068 
 69 9.608743463247e+10 1.392571516413e+09 768 7235 3201 10 5 6 6 7.71799327e-09 1.30212894e-08 outputs/V1e26_D1000_G8/solution/solution-00069 
 70 9.748000614888e+10 1.392571516413e+09 768 7235 3201 10 5 6 6 7.50571434e-09 1.26631464e-08 outputs/V1e26_D1000_G8/solution/solution-00070 
 71 9.887257766530e+10 1.392571516413e+09 768 7235 3201 10 5 6 6 7.29927401e-09 1.23148539e-08 outputs/V1e26_D1000_G8/solution/solution-00071 
 72 1.002651491817e+11 1.392571516413e+09 768 7235 3201 10 5 6 6 7.09851170e-09 1.19761409e-08 outputs/V1e26_D1000_G8/solution/solution-00072 
 73 1.016577206981e+11 1.392571516413e+09 768 7235 3201 10 5 6 6 6.90327125e-09 1.16467441e-08 outputs/V1e26_D1000_G8/solution/solution-00073 
 74 1.030502922145e+11 1.392571516413e+09 768 7235 3201 10 5 6 6 6.71340077e-09 1.13264072e-08 outputs/V1e26_D1000_G8/solution/solution-00074 
 75 1.044428637309e+11 1.392571516413e+09 768 7235 3201 10 5 6 6 6.52875257e-09 1.10148809e-08 outputs/V1e26_D1000_G8/solution/solution-00075 
 76 1.058354352474e+11 1.392571516413e+09 768 7235 3201 10 5 6 6 6.34918301e-09 1.07119230e-08 outputs/V1e26_D1000_G8/solution/solution-00076 
 77 1.072280067638e+11 1.392571516413e+09 768 7235 3201 10 5 6 6 6.17455241e-09 1.04172977e-08 outputs/V1e26_D1000_G8/solution/solution-00077 
 78 1.086205782802e+11 1.392571516413e+09 768 7235 3201 10 5 6 6 6.00472492e-09 1.01307760e-08 outputs/V1e26_D1000_G8/solution/solution-00078 
 79 1.100131497966e+11 1.392571516413e+09 768 7235 3201 10 5 6 6 5.83956844e-09 9.85213486e-09 outputs/V1e26_D1000_G8/solution/solution-00079 
 80 1.114057213130e+11 1.392571516413e+09 768 7235 3201 10 5 6 6 5.67895449e-09 9.58115760e-09 outputs/V1e26_D1000_G8/solution/solution-00080 
 81 1.127982928294e+11 1.392571516413e+09 768 7235 3201 10 5 6 6 5.52275814e-09 9.31763341e-09 outputs/V1e26_D1000_G8/solution/solution-00081 
 82 1.141908643458e+11 1.392571516413e+09 768 7235 3201 10 5 6 6 5.37085788e-09 9.06135730e-09 outputs/V1e26_D1000_G8/solution/solution-00082 
 83 1.155834358622e+11 1.392571516413e+09 768 7235 3201 10 5 6 6 5.22313554e-09 8.81212991e-09 outputs/V1e26_D1000_G8/solution/solution-00083 
 84 1.169760073787e+11 1.392571516413e+09 768 7235 3201 10 5 6 6 5.07947622e-09 8.56975739e-09 outputs/V1e26_D1000_G8/solution/solution-00084 
 85 1.183685788951e+11 1.392571516413e+09 768 7235 3201 10 5 6 6 4.93976817e-09 8.33405117e-09 outputs/V1e26_D1000_G8/solution/solution-00085 
 86 1.197611504115e+11 1.392571516413e+09 768 7235 3201 10 5 6 6 4.80390271e-09 8.10482792e-09 outputs/V1e26_D1000_G8/solution/solution-00086 
 87 1.211537219279e+11 1.392571516413e+09 768 7235 3201 10 5 6 6 4.67177415e-09 7.88190933e-09 outputs/V1e26_D1000_G8/solution/solution-00087 
 88 1.225462934443e+11 1.392571516413e+09 768 7235 3201 10 5 6 6 4.54327971e-09 7.66512198e-09 outputs/V1e26_D1000_G8/solution/solution-00088 
 89 1.239388649607e+11 1.392571516413e+09 768 7235 3201 10 5 6 6 4.41831943e-09 7.45429724e-09 outputs/V1e26_D1000_G8/solution/solution-00089 
 90 1.253314364771e+11 1.392571516413e+09 768 7235 3201 10 5 6 6 4.29679612e-09 7.24927111e-09 outputs/V1e26_D1000_G8/solution/solution-00090 
 91 1.267240079935e+11 1.392571516413e+09 768 7235 3201 10 5 6 6 4.17861523e-09 7.04988411e-09 outputs/V1e26_D1000_G8/solution/solution-00091 
 92 1.281165795100e+11 1.392571516413e+09 768 7235 3201 10 5 6 6 4.06368484e-09 6.85598113e-09 outputs/V1e26_D1000_G8/solution/solution-00092 
 93 1.295091510264e+11 1.392571516413e+09 768 7235 3201 10 5 6 6 3.95191554e-09 6.66741134e-09 outputs/V1e26_D1000_G8/solution/solution-00093 
 94 1.309017225428e+11 1.392571516413e+09 768 7235 3201 10 5 6 6 3.84322039e-09 6.48402806e-09 outputs/V1e26_D1000_G8/solution/solution-00094 
 95 1.322942940592e+11 1.392571516413e+09 768 7235 3201 10 5 6 6 3.73751484e-09 6.30568862e-09 outputs/V1e26_D1000_G8/solution/solution-00095 
 96 1.336868655756e+11 1.392571516413e+09 768 7235 3201 10 5 6 6 3.63471666e-09 6.13225431e-09 outputs/V1e26_D1000_G8/solution/solution-00096 
 97 1.350794370920e+11 1.392571516413e+09 768 7235 3201 10 5 6 6 3.53474589e-09 5.96359021e-09 outputs/V1e26_D1000_G8/solution/solution-00097 
 98 1.364720086084e+11 1.392571516413e+09 768 7235 3201 10 5 6 6 3.43752475e-09 5.79956512e-09 outputs/V1e26_D1000_G8/solution/solution-00098 
 99 1.378645801248e+11 1.392571516413e+09 768 7235 3201  9 5 6 6 3.34297763e-09 5.64005145e-09 outputs/V1e26_D1000_G8/solution/solution-00099 
100 1.392571516413e+11 1.392571516413e+09 768 7235 3201  9 5 6 6 3.25103097e-09 5.48492511e-09 outputs/V1e26_D1000_G8/solution/solution-00100 
