# 1: Time step number
# 2: Time (years)
# 3: Time step size (years)
# 4: Number of mesh cells
# 5: Number of Stokes degrees of freedom
# 6: Number of temperature degrees of freedom
# 7: Iterations for temperature solver
# 8: Iterations for Stokes solver
# 9: Velocity iterations in Stokes preconditioner
# 10: Schur complement iterations in Stokes preconditioner
# 11: RMS velocity (m/year)
# 12: Max. velocity (m/year)
# 13: Visualization file name
  0 0.000000000000e+00 0.000000000000e+00 768 7235 3201  0 8 9 9 7.93470422e-07 1.36349402e-06 outputs/V1e25_D300_G12/solution/solution-00000 
  1 1.392571516413e+09 1.392571516413e+09 768 7235 3201 31 8 9 9 8.68137302e-07 1.48527069e-06 outputs/V1e25_D300_G12/solution/solution-00001 
  2 2.785143032825e+09 1.392571516413e+09 768 7235 3201 25 8 9 9 9.77650699e-07 1.70411435e-06 outputs/V1e25_D300_G12/solution/solution-00002 
  3 4.177714549238e+09 1.392571516413e+09 768 7235 3201 24 8 9 9 1.13396383e-06 2.01390846e-06 outputs/V1e25_D300_G12/solution/solution-00003 
  4 5.570286065650e+09 1.392571516413e+09 768 7235 3201 23 8 9 9 1.35147463e-06 2.43880312e-06 outputs/V1e25_D300_G12/solution/solution-00004 
  5 6.962857582063e+09 1.392571516413e+09 768 7235 3201 22 8 9 9 1.64934252e-06 3.01180139e-06 outputs/V1e25_D300_G12/solution/solution-00005 
  6 8.355429098476e+09 1.392571516413e+09 768 7235 3201 22 8 9 9 2.05360350e-06 3.77907010e-06 outputs/V1e25_D300_G12/solution/solution-00006 
  7 9.748000614888e+09 1.392571516413e+09 768 7235 3201 21 8 9 9 2.59997040e-06 4.80467165e-06 outputs/V1e25_D300_G12/solution/solution-00007 
  8 1.114057213130e+10 1.392571516413e+09 768 7235 3201 21 8 9 9 3.33749305e-06 6.17682535e-06 outputs/V1e25_D300_G12/solution/solution-00008 
  9 1.253314364771e+10 1.392571516413e+09 768 7235 3201 20 8 9 9 4.33351200e-06 8.01652204e-06 outputs/V1e25_D300_G12/solution/solution-00009 
 10 1.392571516413e+10 1.392571516413e+09 768 7235 3201 20 8 9 9 5.68043715e-06 1.04894027e-05 outputs/V1e25_D300_G12/solution/solution-00010 
 11 1.531828668054e+10 1.392571516413e+09 768 7235 3201 20 8 9 9 7.50505183e-06 1.38220766e-05 outputs/V1e25_D300_G12/solution/solution-00011 
 12 1.671085819695e+10 1.392571516413e+09 768 7235 3201 20 8 9 9 9.98127584e-06 1.83244312e-05 outputs/V1e25_D300_G12/solution/solution-00012 
 13 1.810342971336e+10 1.392571516413e+09 768 7235 3201 20 7 8 8 1.33476202e-05 2.44244828e-05 outputs/V1e25_D300_G12/solution/solution-00013 
 14 1.949600122978e+10 1.392571516413e+09 768 7235 3201 20 7 8 8 1.79309053e-05 3.27007507e-05 outputs/V1e25_D300_G12/solution/solution-00014 
 15 2.088857274619e+10 1.392571516413e+09 768 7235 3201 20 7 8 8 2.41780797e-05 4.39429139e-05 outputs/V1e25_D300_G12/solution/solution-00015 
 16 2.228114426260e+10 1.392571516413e+09 768 7235 3201 21 7 8 8 3.26978072e-05 5.92197188e-05 outputs/V1e25_D300_G12/solution/solution-00016 
 17 2.367371577901e+10 1.392571516413e+09 768 7235 3201 21 7 8 8 4.43118373e-05 7.99590723e-05 outputs/V1e25_D300_G12/solution/solution-00017 
 18 2.484569463628e+10 1.171978857263e+09 768 7235 3201 20 7 8 8 5.73960098e-05 1.03313176e-04 outputs/V1e25_D300_G12/solution/solution-00018 
 19 2.575315006512e+10 9.074554288471e+08 768 7235 3201 18 7 8 8 7.03174627e-05 1.26310054e-04 outputs/V1e25_D300_G12/solution/solution-00019 
 20 2.649571997454e+10 7.425699094125e+08 768 7235 3201 16 6 7 7 8.31430729e-05 1.49057264e-04 outputs/V1e25_D300_G12/solution/solution-00020 
 21 2.712472077848e+10 6.290008039407e+08 768 7235 3201 15 6 7 7 9.58569077e-05 1.71590030e-04 outputs/V1e25_D300_G12/solution/solution-00021 
 22 2.767108119315e+10 5.463604146683e+08 768 7235 3201 14 6 7 7 1.08443108e-04 1.93823494e-04 outputs/V1e25_D300_G12/solution/solution-00022 
 23 2.815476868622e+10 4.836874930724e+08 768 7235 3201 13 6 7 7 1.20887092e-04 2.15728215e-04 outputs/V1e25_D300_G12/solution/solution-00023 
 24 2.858938150346e+10 4.346128172425e+08 768 7235 3201 12 6 7 7 1.33174413e-04 2.37344017e-04 outputs/V1e25_D300_G12/solution/solution-00024 
 25 2.898459676196e+10 3.952152585005e+08 768 7235 3201 12 6 7 7 1.45290376e-04 2.58559087e-04 outputs/V1e25_D300_G12/solution/solution-00025 
 26 2.934726038838e+10 3.626636264143e+08 768 7235 3201 11 6 7 7 1.57210076e-04 2.79322679e-04 outputs/V1e25_D300_G12/solution/solution-00026 
 27 2.968284944176e+10 3.355890533868e+08 768 7235 3201 11 6 7 7 1.68918386e-04 2.99605072e-04 outputs/V1e25_D300_G12/solution/solution-00027 
 28 2.999561884365e+10 3.127694018837e+08 768 7235 3201 11 6 7 7 1.80399771e-04 3.19573266e-04 outputs/V1e25_D300_G12/solution/solution-00028 
 29 3.028893743535e+10 2.933185916996e+08 768 7235 3201 10 6 7 7 1.91638202e-04 3.39012569e-04 outputs/V1e25_D300_G12/solution/solution-00029 
 30 3.056551973206e+10 2.765822967112e+08 768 7235 3201 10 6 7 7 2.02617319e-04 3.57891779e-04 outputs/V1e25_D300_G12/solution/solution-00030 
 31 3.082758660401e+10 2.620668719568e+08 768 7235 3201 10 6 7 7 2.13320608e-04 3.76181053e-04 outputs/V1e25_D300_G12/solution/solution-00031 
 32 3.107689686259e+10 2.493102585757e+08 768 7235 3201 10 6 7 7 2.23728117e-04 3.93846249e-04 outputs/V1e25_D300_G12/solution/solution-00032 
 33 3.131494917724e+10 2.380523146476e+08 768 7235 3201 10 6 7 7 2.33821487e-04 4.10954195e-04 outputs/V1e25_D300_G12/solution/solution-00033 
 34 3.154307679146e+10 2.281276142235e+08 768 7235 3201 10 6 7 7 2.43585810e-04 4.27412862e-04 outputs/V1e25_D300_G12/solution/solution-00034 
 35 3.176241974609e+10 2.193429546317e+08 768 7235 3201 10 6 7 7 2.53006753e-04 4.43174963e-04 outputs/V1e25_D300_G12/solution/solution-00035 
 36 3.197396147970e+10 2.115417336032e+08 768 7235 3201 10 6 7 7 2.62070730e-04 4.58220784e-04 outputs/V1e25_D300_G12/solution/solution-00036 
 37 3.217855717517e+10 2.045956954760e+08 768 7235 3201  9 6 7 7 2.70765053e-04 4.72533056e-04 outputs/V1e25_D300_G12/solution/solution-00037 
 38 3.237695599345e+10 1.983988182778e+08 768 7235 3201  9 6 7 7 2.79078071e-04 4.86112045e-04 outputs/V1e25_D300_G12/solution/solution-00038 
 39 3.256981871276e+10 1.928627193122e+08 768 7235 3201  9 6 7 7 2.86999291e-04 4.99015304e-04 outputs/V1e25_D300_G12/solution/solution-00039 
 40 3.275773186898e+10 1.879131562193e+08 768 7235 3201  9 6 7 7 2.94519484e-04 5.11145136e-04 outputs/V1e25_D300_G12/solution/solution-00040 
 41 3.294121919923e+10 1.834873302514e+08 768 7235 3201  9 5 6 6 3.01630774e-04 5.22493890e-04 outputs/V1e25_D300_G12/solution/solution-00041 
 42 3.312075098415e+10 1.795317849163e+08 768 7235 3201  9 5 6 6 3.08326702e-04 5.33056693e-04 outputs/V1e25_D300_G12/solution/solution-00042 
 43 3.329671187660e+10 1.759608924531e+08 768 7235 3201  9 5 6 6 3.14600896e-04 5.42829292e-04 outputs/V1e25_D300_G12/solution/solution-00043 
 44 3.346948502393e+10 1.727731473311e+08 768 7235 3201  9 5 6 6 3.20450029e-04 5.51812625e-04 outputs/V1e25_D300_G12/solution/solution-00044 
 45 3.363942788611e+10 1.699428621772e+08 768 7235 3201  9 5 6 6 3.25872591e-04 5.60010743e-04 outputs/V1e25_D300_G12/solution/solution-00045 
 46 3.380686749016e+10 1.674396040512e+08 768 7235 3201  9 5 6 6 3.30868524e-04 5.67430157e-04 outputs/V1e25_D300_G12/solution/solution-00046 
 47 3.397210434539e+10 1.652368552297e+08 768 7235 3201  9 5 6 6 3.35439198e-04 5.74079729e-04 outputs/V1e25_D300_G12/solution/solution-00047 
 48 3.413541576531e+10 1.633114199169e+08 768 7235 3201  9 5 6 6 3.39587369e-04 5.80385252e-04 outputs/V1e25_D300_G12/solution/solution-00048 
 49 3.429701710704e+10 1.616013417342e+08 768 7235 3201  9 5 6 6 3.43316219e-04 5.87523161e-04 outputs/V1e25_D300_G12/solution/solution-00049 
 50 3.445667000408e+10 1.596528970415e+08 768 7235 3201  9 5 6 6 3.46622087e-04 5.93828409e-04 outputs/V1e25_D300_G12/solution/solution-00050 
 51 3.461460575235e+10 1.579357482682e+08 768 7235 3201  9 5 6 6 3.49515398e-04 5.99306764e-04 outputs/V1e25_D300_G12/solution/solution-00051 
 52 3.477107401741e+10 1.564682650562e+08 768 7235 3201  9 5 6 6 3.52008079e-04 6.03968147e-04 outputs/V1e25_D300_G12/solution/solution-00052 
 53 3.492630930576e+10 1.552352883572e+08 768 7235 3201  9 5 6 6 3.54112574e-04 6.07824915e-04 outputs/V1e25_D300_G12/solution/solution-00053 
 54 3.508053284128e+10 1.542235355201e+08 768 7235 3201  9 5 6 6 3.55841726e-04 6.10891782e-04 outputs/V1e25_D300_G12/solution/solution-00054 
 55 3.523395418926e+10 1.534213479718e+08 768 7235 3201  9 5 6 6 3.57208673e-04 6.13234095e-04 outputs/V1e25_D300_G12/solution/solution-00055 
 56 3.538677266541e+10 1.528184761561e+08 768 7235 3201  9 5 6 6 3.58226754e-04 6.15019936e-04 outputs/V1e25_D300_G12/solution/solution-00056 
 57 3.553917856046e+10 1.524058950496e+08 768 7235 3201  9 5 6 6 3.58909426e-04 6.16079418e-04 outputs/V1e25_D300_G12/solution/solution-00057 
 58 3.569135420542e+10 1.521756449571e+08 768 7235 3201  9 5 6 6 3.59270181e-04 6.16432981e-04 outputs/V1e25_D300_G12/solution/solution-00058 
 59 3.584347489874e+10 1.521206933170e+08 768 7235 3201  9 5 6 6 3.59322489e-04 6.16102894e-04 outputs/V1e25_D300_G12/solution/solution-00059 
 60 3.599570971277e+10 1.522348140376e+08 768 7235 3201  9 5 6 6 3.59079738e-04 6.15113144e-04 outputs/V1e25_D300_G12/solution/solution-00060 
 61 3.614816387350e+10 1.524541607217e+08 768 7235 3201  9 5 6 6 3.58555443e-04 6.13490056e-04 outputs/V1e25_D300_G12/solution/solution-00061 
 62 3.630097821314e+10 1.528143396473e+08 768 7235 3201  9 5 6 6 3.57763105e-04 6.11432155e-04 outputs/V1e25_D300_G12/solution/solution-00062 
 63 3.645430675381e+10 1.533285406652e+08 768 7235 3201  9 5 6 6 3.56715983e-04 6.08794380e-04 outputs/V1e25_D300_G12/solution/solution-00063 
 64 3.660829963391e+10 1.539928801015e+08 768 7235 3201  9 5 6 6 3.55427075e-04 6.05605016e-04 outputs/V1e25_D300_G12/solution/solution-00064 
 65 3.676310350371e+10 1.548038697962e+08 768 7235 3201  9 5 6 6 3.53909110e-04 6.01896486e-04 outputs/V1e25_D300_G12/solution/solution-00065 
 66 3.691886185936e+10 1.557583556497e+08 768 7235 3201  9 5 6 6 3.52174535e-04 5.97858912e-04 outputs/V1e25_D300_G12/solution/solution-00066 
 67 3.707571532040e+10 1.568534610407e+08 768 7235 3201  9 5 6 6 3.50235519e-04 5.93353097e-04 outputs/V1e25_D300_G12/solution/solution-00067 
 68 3.723376531623e+10 1.580499958318e+08 768 7235 3201  9 5 6 6 3.48104464e-04 5.88411109e-04 outputs/V1e25_D300_G12/solution/solution-00068 
 69 3.739310728836e+10 1.593419721305e+08 768 7235 3201  9 5 6 6 3.45793701e-04 5.83065976e-04 outputs/V1e25_D300_G12/solution/solution-00069 
 70 3.755387581116e+10 1.607685227962e+08 768 7235 3201  9 5 6 6 3.43314770e-04 5.77359920e-04 outputs/V1e25_D300_G12/solution/solution-00070 
 71 3.771620330840e+10 1.623274972496e+08 768 7235 3201  9 5 6 6 3.40678930e-04 5.71531314e-04 outputs/V1e25_D300_G12/solution/solution-00071 
 72 3.788022011103e+10 1.640168026285e+08 768 7235 3201  9 5 6 6 3.37897178e-04 5.65376945e-04 outputs/V1e25_D300_G12/solution/solution-00072 
 73 3.804605447151e+10 1.658343604751e+08 768 7235 3201  9 5 6 6 3.34980276e-04 5.58928122e-04 outputs/V1e25_D300_G12/solution/solution-00073 
 74 3.821383253477e+10 1.677780632576e+08 768 7235 3201  9 5 6 6 3.31938779e-04 5.52216066e-04 outputs/V1e25_D300_G12/solution/solution-00074 
 75 3.838364166180e+10 1.698091270372e+08 768 7235 3201  9 5 6 6 3.28783751e-04 5.45273285e-04 outputs/V1e25_D300_G12/solution/solution-00075 
 76 3.855557649083e+10 1.719348290240e+08 768 7235 3201  9 5 6 6 3.25525971e-04 5.38227191e-04 outputs/V1e25_D300_G12/solution/solution-00076 
 77 3.872975944100e+10 1.741829501735e+08 768 7235 3201  9 5 6 6 3.22175523e-04 5.31007986e-04 outputs/V1e25_D300_G12/solution/solution-00077 
 78 3.890631045804e+10 1.765510170381e+08 768 7235 3201  9 5 6 6 3.18742366e-04 5.23636787e-04 outputs/V1e25_D300_G12/solution/solution-00078 
 79 3.908534677152e+10 1.790363134789e+08 768 7235 3201  9 5 6 6 3.15236361e-04 5.16142660e-04 outputs/V1e25_D300_G12/solution/solution-00079 
 80 3.926698260055e+10 1.816358290353e+08 768 7235 3201  9 5 6 6 3.11667305e-04 5.08577703e-04 outputs/V1e25_D300_G12/solution/solution-00080 
 81 3.945132880567e+10 1.843462051218e+08 768 7235 3201  9 5 6 6 3.08044951e-04 5.00981634e-04 outputs/V1e25_D300_G12/solution/solution-00081 
 82 3.963849248500e+10 1.871636793302e+08 768 7235 3201  9 5 6 6 3.04379032e-04 4.93333828e-04 outputs/V1e25_D300_G12/solution/solution-00082 
 83 3.982857651321e+10 1.900840282076e+08 768 7235 3201  9 5 6 6 3.00679279e-04 4.85660868e-04 outputs/V1e25_D300_G12/solution/solution-00083 
 84 4.002165350232e+10 1.930769891050e+08 768 7235 3201  9 5 6 6 2.96955921e-04 4.77989522e-04 outputs/V1e25_D300_G12/solution/solution-00084 
 85 4.021781652735e+10 1.961630250278e+08 768 7235 3201  9 5 6 6 2.93218693e-04 4.71167203e-04 outputs/V1e25_D300_G12/solution/solution-00085 
 86 4.041683119779e+10 1.990146704424e+08 768 7235 3201  9 5 6 6 2.89483316e-04 4.64908468e-04 outputs/V1e25_D300_G12/solution/solution-00086 
 87 4.061851692517e+10 2.016857273826e+08 768 7235 3201  9 5 6 6 2.85763964e-04 4.58718294e-04 outputs/V1e25_D300_G12/solution/solution-00087 
 88 4.082291501314e+10 2.043980879730e+08 768 7235 3201  9 5 6 6 2.82070232e-04 4.52608709e-04 outputs/V1e25_D300_G12/solution/solution-00088 
 89 4.103006177035e+10 2.071467572074e+08 768 7235 3201  9 5 6 6 2.78411459e-04 4.46591098e-04 outputs/V1e25_D300_G12/solution/solution-00089 
 90 4.123998821544e+10 2.099264450901e+08 768 7235 3201  9 5 6 6 2.74796712e-04 4.40676225e-04 outputs/V1e25_D300_G12/solution/solution-00090 
 91 4.145271977111e+10 2.127315556726e+08 768 7235 3201  9 5 6 6 2.71234765e-04 4.34874263e-04 outputs/V1e25_D300_G12/solution/solution-00091 
 92 4.166827594917e+10 2.155561780587e+08 768 7235 3201  9 5 6 6 2.67734075e-04 4.29194817e-04 outputs/V1e25_D300_G12/solution/solution-00092 
 93 4.188667002971e+10 2.183940805358e+08 768 7235 3201  9 5 6 6 2.64302761e-04 4.23657560e-04 outputs/V1e25_D300_G12/solution/solution-00093 
 94 4.210790873837e+10 2.212387086602e+08 768 7235 3201  9 5 6 6 2.60948579e-04 4.18312036e-04 outputs/V1e25_D300_G12/solution/solution-00094 
 95 4.233199192637e+10 2.240831880032e+08 768 7235 3201  9 5 6 6 2.57678900e-04 4.13114508e-04 outputs/V1e25_D300_G12/solution/solution-00095 
 96 4.255891225857e+10 2.269203322031e+08 768 7235 3201  9 5 6 6 2.54500686e-04 4.08072052e-04 outputs/V1e25_D300_G12/solution/solution-00096 
 97 4.278865491549e+10 2.297426569114e+08 768 7235 3201  9 5 6 6 2.51420470e-04 4.03191268e-04 outputs/V1e25_D300_G12/solution/solution-00097 
 98 4.302119731563e+10 2.325424001433e+08 768 7235 3201  9 5 6 6 2.48444332e-04 3.98478296e-04 outputs/V1e25_D300_G12/solution/solution-00098 
 99 4.325650886508e+10 2.353115494461e+08 768 7235 3201  9 5 6 6 2.45577888e-04 3.93938822e-04 outputs/V1e25_D300_G12/solution/solution-00099 
100 4.349455074125e+10 2.380418761755e+08 768 7235 3201  9 5 6 6 2.42826267e-04 3.89578085e-04 outputs/V1e25_D300_G12/solution/solution-00100 
