# 1: Time step number
# 2: Time (years)
# 3: Time step size (years)
# 4: Number of mesh cells
# 5: Number of Stokes degrees of freedom
# 6: Number of temperature degrees of freedom
# 7: Iterations for temperature solver
# 8: Iterations for Stokes solver
# 9: Velocity iterations in Stokes preconditioner
# 10: Schur complement iterations in Stokes preconditioner
# 11: RMS velocity (m/year)
# 12: Max. velocity (m/year)
# 13: Visualization file name
  0 0.000000000000e+00 0.000000000000e+00 768 7235 3201  0 8 9 9 2.40445582e-08 4.13180006e-08 outputs/V3.3e26_D300_G12/solution/solution-00000 
  1 1.392571516413e+09 1.392571516413e+09 768 7235 3201 31 8 9 9 2.28787562e-08 3.85995752e-08 outputs/V3.3e26_D300_G12/solution/solution-00001 
  2 2.785143032825e+09 1.392571516413e+09 768 7235 3201 25 8 9 9 2.17893826e-08 3.68023615e-08 outputs/V3.3e26_D300_G12/solution/solution-00002 
  3 4.177714549238e+09 1.392571516413e+09 768 7235 3201 24 8 9 9 2.07700551e-08 3.51093437e-08 outputs/V3.3e26_D300_G12/solution/solution-00003 
  4 5.570286065650e+09 1.392571516413e+09 768 7235 3201 23 8 9 9 1.98118771e-08 3.35175216e-08 outputs/V3.3e26_D300_G12/solution/solution-00004 
  5 6.962857582063e+09 1.392571516413e+09 768 7235 3201 22 8 9 9 1.89106044e-08 3.20181558e-08 outputs/V3.3e26_D300_G12/solution/solution-00005 
  6 8.355429098476e+09 1.392571516413e+09 768 7235 3201 22 8 9 9 1.80612553e-08 3.06022659e-08 outputs/V3.3e26_D300_G12/solution/solution-00006 
  7 9.748000614888e+09 1.392571516413e+09 768 7235 3201 21 8 9 9 1.72591841e-08 2.92619753e-08 outputs/V3.3e26_D300_G12/solution/solution-00007 
  8 1.114057213130e+10 1.392571516413e+09 768 7235 3201 21 8 9 9 1.65002702e-08 2.79906335e-08 outputs/V3.3e26_D300_G12/solution/solution-00008 
  9 1.253314364771e+10 1.392571516413e+09 768 7235 3201 20 8 9 9 1.57809180e-08 2.67826384e-08 outputs/V3.3e26_D300_G12/solution/solution-00009 
 10 1.392571516413e+10 1.392571516413e+09 768 7235 3201 20 8 9 9 1.50980005e-08 2.56332268e-08 outputs/V3.3e26_D300_G12/solution/solution-00010 
 11 1.531828668054e+10 1.392571516413e+09 768 7235 3201 20 8 9 9 1.44487902e-08 2.45382982e-08 outputs/V3.3e26_D300_G12/solution/solution-00011 
 12 1.671085819695e+10 1.392571516413e+09 768 7235 3201 20 8 9 9 1.38308962e-08 2.34942776e-08 outputs/V3.3e26_D300_G12/solution/solution-00012 
 13 1.810342971336e+10 1.392571516413e+09 768 7235 3201 20 8 9 9 1.32422092e-08 2.24980121e-08 outputs/V3.3e26_D300_G12/solution/solution-00013 
 14 1.949600122978e+10 1.392571516413e+09 768 7235 3201 19 8 9 9 1.26808570e-08 2.15466914e-08 outputs/V3.3e26_D300_G12/solution/solution-00014 
 15 2.088857274619e+10 1.392571516413e+09 768 7235 3201 19 8 9 9 1.21451661e-08 2.06377880e-08 outputs/V3.3e26_D300_G12/solution/solution-00015 
 16 2.228114426260e+10 1.392571516413e+09 768 7235 3201 19 8 9 9 1.16336319e-08 1.97690092e-08 outputs/V3.3e26_D300_G12/solution/solution-00016 
 17 2.367371577901e+10 1.392571516413e+09 768 7235 3201 19 8 9 9 1.11448927e-08 1.89382611e-08 outputs/V3.3e26_D300_G12/solution/solution-00017 
 18 2.506628729543e+10 1.392571516413e+09 768 7235 3201 19 8 9 9 1.06777094e-08 1.81436184e-08 outputs/V3.3e26_D300_G12/solution/solution-00018 
 19 2.645885881184e+10 1.392571516413e+09 768 7235 3201 19 8 9 9 1.02309480e-08 1.73833016e-08 outputs/V3.3e26_D300_G12/solution/solution-00019 
 20 2.785143032825e+10 1.392571516413e+09 768 7235 3201 19 8 9 9 9.80356537e-09 1.66556572e-08 outputs/V3.3e26_D300_G12/solution/solution-00020 
 21 2.924400184466e+10 1.392571516413e+09 768 7235 3201 19 8 9 9 9.39459781e-09 1.59591428e-08 outputs/V3.3e26_D300_G12/solution/solution-00021 
 22 3.063657336108e+10 1.392571516413e+09 768 7235 3201 18 8 9 9 9.00315073e-09 1.52923140e-08 outputs/V3.3e26_D300_G12/solution/solution-00022 
 23 3.202914487749e+10 1.392571516413e+09 768 7235 3201 18 8 9 9 8.62839066e-09 1.46538137e-08 outputs/V3.3e26_D300_G12/solution/solution-00023 
 24 3.342171639390e+10 1.392571516413e+09 768 7235 3201 18 8 9 9 8.26953834e-09 1.40423634e-08 outputs/V3.3e26_D300_G12/solution/solution-00024 
 25 3.481428791032e+10 1.392571516413e+09 768 7235 3201 18 8 9 9 7.92586283e-09 1.34567557e-08 outputs/V3.3e26_D300_G12/solution/solution-00025 
 26 3.620685942673e+10 1.392571516413e+09 768 7235 3201 18 8 9 9 7.59667664e-09 1.28958479e-08 outputs/V3.3e26_D300_G12/solution/solution-00026 
 27 3.759943094314e+10 1.392571516413e+09 768 7235 3201 18 8 9 9 7.28133152e-09 1.23585569e-08 outputs/V3.3e26_D300_G12/solution/solution-00027 
 28 3.899200245955e+10 1.392571516413e+09 768 7235 3201 18 8 9 9 6.97921486e-09 1.18438539e-08 outputs/V3.3e26_D300_G12/solution/solution-00028 
 29 4.038457397597e+10 1.392571516413e+09 768 7235 3201 18 8 9 9 6.68974666e-09 1.13507610e-08 outputs/V3.3e26_D300_G12/solution/solution-00029 
 30 4.177714549238e+10 1.392571516413e+09 768 7235 3201 18 8 9 9 6.41237682e-09 1.08783472e-08 outputs/V3.3e26_D300_G12/solution/solution-00030 
 31 4.316971700879e+10 1.392571516413e+09 768 7235 3201 18 8 9 9 6.14658285e-09 1.04257258e-08 outputs/V3.3e26_D300_G12/solution/solution-00031 
 32 4.456228852520e+10 1.392571516413e+09 768 7235 3201 18 8 9 9 5.89186787e-09 9.99205095e-09 outputs/V3.3e26_D300_G12/solution/solution-00032 
 33 4.595486004162e+10 1.392571516413e+09 768 7235 3201 18 8 9 9 5.64775878e-09 9.57651570e-09 outputs/V3.3e26_D300_G12/solution/solution-00033 
 34 4.734743155803e+10 1.392571516413e+09 768 7235 3201 18 8 9 9 5.41380476e-09 9.17834960e-09 outputs/V3.3e26_D300_G12/solution/solution-00034 
 35 4.874000307444e+10 1.392571516413e+09 768 7235 3201 18 8 9 9 5.18957578e-09 8.79681663e-09 outputs/V3.3e26_D300_G12/solution/solution-00035 
 36 5.013257459085e+10 1.392571516413e+09 768 7235 3201 18 8 9 9 4.97466141e-09 8.43121344e-09 outputs/V3.3e26_D300_G12/solution/solution-00036 
 37 5.152514610727e+10 1.392571516413e+09 768 7235 3201 18 8 9 9 4.76866966e-09 8.08086757e-09 outputs/V3.3e26_D300_G12/solution/solution-00037 
 38 5.291771762368e+10 1.392571516413e+09 768 7235 3201 17 8 9 9 4.57122596e-09 7.74513600e-09 outputs/V3.3e26_D300_G12/solution/solution-00038 
 39 5.431028914009e+10 1.392571516413e+09 768 7235 3201 17 8 9 9 4.38197220e-09 7.42340359e-09 outputs/V3.3e26_D300_G12/solution/solution-00039 
 40 5.570286065650e+10 1.392571516413e+09 768 7235 3201 17 8 9 9 4.20056591e-09 7.11508178e-09 outputs/V3.3e26_D300_G12/solution/solution-00040 
 41 5.709543217292e+10 1.392571516413e+09 768 7235 3201 17 8 9 9 4.02667943e-09 6.81960735e-09 outputs/V3.3e26_D300_G12/solution/solution-00041 
 42 5.848800368933e+10 1.392571516413e+09 768 7235 3201 17 8 9 9 3.85999921e-09 6.53644123e-09 outputs/V3.3e26_D300_G12/solution/solution-00042 
 43 5.988057520574e+10 1.392571516413e+09 768 7235 3201 17 8 9 9 3.70022508e-09 6.26506738e-09 outputs/V3.3e26_D300_G12/solution/solution-00043 
 44 6.127314672215e+10 1.392571516413e+09 768 7235 3201 17 8 9 9 3.54706968e-09 6.00499175e-09 outputs/V3.3e26_D300_G12/solution/solution-00044 
 45 6.266571823857e+10 1.392571516413e+09 768 7235 3201 17 8 9 9 3.40025783e-09 5.75574131e-09 outputs/V3.3e26_D300_G12/solution/solution-00045 
 46 6.405828975498e+10 1.392571516413e+09 768 7235 3201 17 8 9 9 3.25952597e-09 5.51686307e-09 outputs/V3.3e26_D300_G12/solution/solution-00046 
 47 6.545086127139e+10 1.392571516413e+09 768 7235 3201 17 8 9 9 3.12462163e-09 5.28792326e-09 outputs/V3.3e26_D300_G12/solution/solution-00047 
 48 6.684343278781e+10 1.392571516413e+09 768 7235 3201 17 8 9 9 2.99530297e-09 5.06850643e-09 outputs/V3.3e26_D300_G12/solution/solution-00048 
 49 6.823600430422e+10 1.392571516413e+09 768 7235 3201 17 8 9 9 2.87133827e-09 4.85821469e-09 outputs/V3.3e26_D300_G12/solution/solution-00049 
 50 6.962857582063e+10 1.392571516413e+09 768 7235 3201 17 8 9 9 2.75250552e-09 4.65666692e-09 outputs/V3.3e26_D300_G12/solution/solution-00050 
 51 7.102114733704e+10 1.392571516413e+09 768 7235 3201 17 8 9 9 2.63859196e-09 4.46349806e-09 outputs/V3.3e26_D300_G12/solution/solution-00051 
 52 7.241371885346e+10 1.392571516413e+09 768 7235 3201 17 8 9 9 2.52939373e-09 4.27835842e-09 outputs/V3.3e26_D300_G12/solution/solution-00052 
 53 7.380629036987e+10 1.392571516413e+09 768 7235 3201 17 8 9 9 2.42471544e-09 4.10091301e-09 outputs/V3.3e26_D300_G12/solution/solution-00053 
 54 7.519886188628e+10 1.392571516413e+09 768 7235 3201 17 8 9 9 2.32436986e-09 3.93084092e-09 outputs/V3.3e26_D300_G12/solution/solution-00054 
 55 7.659143340269e+10 1.392571516413e+09 768 7235 3201 17 8 9 9 2.22817753e-09 3.76783472e-09 outputs/V3.3e26_D300_G12/solution/solution-00055 
 56 7.798400491911e+10 1.392571516413e+09 768 7235 3201 17 8 9 9 2.13596644e-09 3.61159989e-09 outputs/V3.3e26_D300_G12/solution/solution-00056 
 57 7.937657643552e+10 1.392571516413e+09 768 7235 3201 17 8 9 9 2.04757173e-09 3.46185423e-09 outputs/V3.3e26_D300_G12/solution/solution-00057 
 58 8.076914795193e+10 1.392571516413e+09 768 7235 3201 17 8 9 9 1.96283539e-09 3.31832741e-09 outputs/V3.3e26_D300_G12/solution/solution-00058 
 59 8.216171946834e+10 1.392571516413e+09 768 7235 3201 17 8 9 9 1.88160596e-09 3.18076040e-09 outputs/V3.3e26_D300_G12/solution/solution-00059 
 60 8.355429098476e+10 1.392571516413e+09 768 7235 3201 17 8 9 9 1.80373825e-09 3.04890502e-09 outputs/V3.3e26_D300_G12/solution/solution-00060 
 61 8.494686250117e+10 1.392571516413e+09 768 7235 3201 17 8 9 9 1.72909312e-09 2.92252348e-09 outputs/V3.3e26_D300_G12/solution/solution-00061 
 62 8.633943401758e+10 1.392571516413e+09 768 7235 3201 17 8 9 9 1.65753715e-09 2.80138795e-09 outputs/V3.3e26_D300_G12/solution/solution-00062 
 63 8.773200553399e+10 1.392571516413e+09 768 7235 3201 16 8 9 9 1.58894250e-09 2.68528012e-09 outputs/V3.3e26_D300_G12/solution/solution-00063 
 64 8.912457705041e+10 1.392571516413e+09 768 7235 3201 16 8 9 9 1.52318658e-09 2.57399080e-09 outputs/V3.3e26_D300_G12/solution/solution-00064 
 65 9.051714856682e+10 1.392571516413e+09 768 7235 3201 16 8 9 9 1.46015191e-09 2.46731955e-09 outputs/V3.3e26_D300_G12/solution/solution-00065 
 66 9.190972008323e+10 1.392571516413e+09 768 7235 3201 16 8 9 9 1.39972586e-09 2.36507429e-09 outputs/V3.3e26_D300_G12/solution/solution-00066 
 67 9.330229159964e+10 1.392571516413e+09 768 7235 3201 16 8 9 9 1.34180046e-09 2.26707098e-09 outputs/V3.3e26_D300_G12/solution/solution-00067 
 68 9.469486311606e+10 1.392571516413e+09 768 7235 3201 16 8 9 9 1.28627223e-09 2.17313326e-09 outputs/V3.3e26_D300_G12/solution/solution-00068 
 69 9.608743463247e+10 1.392571516413e+09 768 7235 3201 16 8 9 9 1.23304195e-09 2.08309211e-09 outputs/V3.3e26_D300_G12/solution/solution-00069 
 70 9.748000614888e+10 1.392571516413e+09 768 7235 3201 16 8 9 9 1.18201452e-09 1.99678560e-09 outputs/V3.3e26_D300_G12/solution/solution-00070 
 71 9.887257766530e+10 1.392571516413e+09 768 7235 3201 16 8 9 9 1.13309878e-09 1.91405851e-09 outputs/V3.3e26_D300_G12/solution/solution-00071 
 72 1.002651491817e+11 1.392571516413e+09 768 7235 3201 16 8 9 9 1.08620734e-09 1.83476214e-09 outputs/V3.3e26_D300_G12/solution/solution-00072 
 73 1.016577206981e+11 1.392571516413e+09 768 7235 3201 16 8 9 9 1.04125642e-09 1.75875395e-09 outputs/V3.3e26_D300_G12/solution/solution-00073 
 74 1.030502922145e+11 1.392571516413e+09 768 7235 3201 16 8 9 9 9.98165722e-10 1.68589736e-09 outputs/V3.3e26_D300_G12/solution/solution-00074 
 75 1.044428637309e+11 1.392571516413e+09 768 7235 3201 16 8 9 9 9.56858256e-10 1.61606147e-09 outputs/V3.3e26_D300_G12/solution/solution-00075 
 76 1.058354352474e+11 1.392571516413e+09 768 7235 3201 16 8 9 9 9.17260229e-10 1.54912085e-09 outputs/V3.3e26_D300_G12/solution/solution-00076 
 77 1.072280067638e+11 1.392571516413e+09 768 7235 3201 16 8 9 9 8.79300897e-10 1.48495527e-09 outputs/V3.3e26_D300_G12/solution/solution-00077 
 78 1.086205782802e+11 1.392571516413e+09 768 7235 3201 16 8 9 9 8.42912447e-10 1.42344953e-09 outputs/V3.3e26_D300_G12/solution/solution-00078 
 79 1.100131497966e+11 1.392571516413e+09 768 7235 3201 16 8 9 9 8.08029870e-10 1.36449321e-09 outputs/V3.3e26_D300_G12/solution/solution-00079 
 80 1.114057213130e+11 1.392571516413e+09 768 7235 3201 16 8 9 9 7.74590847e-10 1.30798049e-09 outputs/V3.3e26_D300_G12/solution/solution-00080 
 81 1.127982928294e+11 1.392571516413e+09 768 7235 3201 16 8 9 9 7.42535642e-10 1.25380996e-09 outputs/V3.3e26_D300_G12/solution/solution-00081 
 82 1.141908643458e+11 1.392571516413e+09 768 7235 3201 16 8 9 9 7.11806986e-10 1.20188442e-09 outputs/V3.3e26_D300_G12/solution/solution-00082 
 83 1.155834358622e+11 1.392571516413e+09 768 7235 3201 16 8 9 9 6.82349983e-10 1.15211071e-09 outputs/V3.3e26_D300_G12/solution/solution-00083 
 84 1.169760073787e+11 1.392571516413e+09 768 7235 3201 16 8 9 9 6.54112008e-10 1.10439955e-09 outputs/V3.3e26_D300_G12/solution/solution-00084 
 85 1.183685788951e+11 1.392571516413e+09 768 7235 3201 16 8 9 9 6.27042614e-10 1.05866539e-09 outputs/V3.3e26_D300_G12/solution/solution-00085 
 86 1.197611504115e+11 1.392571516413e+09 768 7235 3201 16 8 9 9 6.01093441e-10 1.01482620e-09 outputs/V3.3e26_D300_G12/solution/solution-00086 
 87 1.211537219279e+11 1.392571516413e+09 768 7235 3201 16 8 9 9 5.76218132e-10 9.72803390e-10 outputs/V3.3e26_D300_G12/solution/solution-00087 
 88 1.225462934443e+11 1.392571516413e+09 768 7235 3201 15 8 9 9 5.52372251e-10 9.32521634e-10 outputs/V3.3e26_D300_G12/solution/solution-00088 
 89 1.239388649607e+11 1.392571516413e+09 768 7235 3201 15 8 9 9 5.29513194e-10 8.93908717e-10 outputs/V3.3e26_D300_G12/solution/solution-00089 
 90 1.253314364771e+11 1.392571516413e+09 768 7235 3201 15 8 9 9 5.07600122e-10 8.56895434e-10 outputs/V3.3e26_D300_G12/solution/solution-00090 
 91 1.267240079935e+11 1.392571516413e+09 768 7235 3201 15 8 9 9 4.86593887e-10 8.21415455e-10 outputs/V3.3e26_D300_G12/solution/solution-00091 
 92 1.281165795100e+11 1.392571516413e+09 768 7235 3201 15 8 9 9 4.66456960e-10 7.87405203e-10 outputs/V3.3e26_D300_G12/solution/solution-00092 
 93 1.295091510264e+11 1.392571516413e+09 768 7235 3201 15 8 9 9 4.47153367e-10 7.54803745e-10 outputs/V3.3e26_D300_G12/solution/solution-00093 
 94 1.309017225428e+11 1.392571516413e+09 768 7235 3201 15 8 9 9 4.28648622e-10 7.23552678e-10 outputs/V3.3e26_D300_G12/solution/solution-00094 
 95 1.322942940592e+11 1.392571516413e+09 768 7235 3201 15 8 9 9 4.10909666e-10 6.93596023e-10 outputs/V3.3e26_D300_G12/solution/solution-00095 
 96 1.336868655756e+11 1.392571516413e+09 768 7235 3201 15 8 9 9 3.93904808e-10 6.64880125e-10 outputs/V3.3e26_D300_G12/solution/solution-00096 
 97 1.350794370920e+11 1.392571516413e+09 768 7235 3201 15 8 9 9 3.77603670e-10 6.37353557e-10 outputs/V3.3e26_D300_G12/solution/solution-00097 
 98 1.364720086084e+11 1.392571516413e+09 768 7235 3201 15 8 9 9 3.61977127e-10 6.10967023e-10 outputs/V3.3e26_D300_G12/solution/solution-00098 
 99 1.378645801248e+11 1.392571516413e+09 768 7235 3201 15 8 9 9 3.46997264e-10 5.85673279e-10 outputs/V3.3e26_D300_G12/solution/solution-00099 
100 1.392571516413e+11 1.392571516413e+09 768 7235 3201 15 8 9 9 3.32637319e-10 5.61427035e-10 outputs/V3.3e26_D300_G12/solution/solution-00100 
