# 1: Time step number
# 2: Time (years)
# 3: Time step size (years)
# 4: Number of mesh cells
# 5: Number of Stokes degrees of freedom
# 6: Number of temperature degrees of freedom
# 7: Iterations for temperature solver
# 8: Iterations for Stokes solver
# 9: Velocity iterations in Stokes preconditioner
# 10: Schur complement iterations in Stokes preconditioner
# 11: RMS velocity (m/year)
# 12: Max. velocity (m/year)
# 13: Visualization file name
  0 0.000000000000e+00 0.000000000000e+00 768 7235 3201  0 8 9 9 1.99943150e-07 3.37330898e-07 outputs/V3.3e25_D1000_G10/solution/solution-00000 
  1 1.392571516413e+09 1.392571516413e+09 768 7235 3201 19 6 7 7 2.08574343e-07 3.51892878e-07 outputs/V3.3e25_D1000_G10/solution/solution-00001 
  2 2.785143032825e+09 1.392571516413e+09 768 7235 3201 14 6 7 7 2.18011860e-07 3.67815236e-07 outputs/V3.3e25_D1000_G10/solution/solution-00002 
  3 4.177714549238e+09 1.392571516413e+09 768 7235 3201 13 5 6 6 2.28036827e-07 3.84728701e-07 outputs/V3.3e25_D1000_G10/solution/solution-00003 
  4 5.570286065650e+09 1.392571516413e+09 768 7235 3201 13 5 6 6 2.38581993e-07 4.02519813e-07 outputs/V3.3e25_D1000_G10/solution/solution-00004 
  5 6.962857582063e+09 1.392571516413e+09 768 7235 3201 13 5 6 6 2.49636640e-07 4.21170486e-07 outputs/V3.3e25_D1000_G10/solution/solution-00005 
  6 8.355429098476e+09 1.392571516413e+09 768 7235 3201 13 5 6 6 2.61211547e-07 4.40698910e-07 outputs/V3.3e25_D1000_G10/solution/solution-00006 
  7 9.748000614888e+09 1.392571516413e+09 768 7235 3201 13 5 6 6 2.73326107e-07 4.61137801e-07 outputs/V3.3e25_D1000_G10/solution/solution-00007 
  8 1.114057213130e+10 1.392571516413e+09 768 7235 3201 13 5 6 6 2.86003604e-07 4.82526442e-07 outputs/V3.3e25_D1000_G10/solution/solution-00008 
  9 1.253314364771e+10 1.392571516413e+09 768 7235 3201 13 5 6 6 2.99269503e-07 5.04907796e-07 outputs/V3.3e25_D1000_G10/solution/solution-00009 
 10 1.392571516413e+10 1.392571516413e+09 768 7235 3201 13 5 6 6 3.13150856e-07 5.28327505e-07 outputs/V3.3e25_D1000_G10/solution/solution-00010 
 11 1.531828668054e+10 1.392571516413e+09 768 7235 3201 14 5 6 6 3.27676123e-07 5.52833583e-07 outputs/V3.3e25_D1000_G10/solution/solution-00011 
 12 1.671085819695e+10 1.392571516413e+09 768 7235 3201 14 5 6 6 3.42875134e-07 5.78476359e-07 outputs/V3.3e25_D1000_G10/solution/solution-00012 
 13 1.810342971336e+10 1.392571516413e+09 768 7235 3201 14 5 6 6 3.58779128e-07 6.05308535e-07 outputs/V3.3e25_D1000_G10/solution/solution-00013 
 14 1.949600122978e+10 1.392571516413e+09 768 7235 3201 14 5 6 6 3.75420794e-07 6.33385266e-07 outputs/V3.3e25_D1000_G10/solution/solution-00014 
 15 2.088857274619e+10 1.392571516413e+09 768 7235 3201 14 5 6 6 3.92834345e-07 6.62764270e-07 outputs/V3.3e25_D1000_G10/solution/solution-00015 
 16 2.228114426260e+10 1.392571516413e+09 768 7235 3201 14 5 6 6 4.11055579e-07 6.93505944e-07 outputs/V3.3e25_D1000_G10/solution/solution-00016 
 17 2.367371577901e+10 1.392571516413e+09 768 7235 3201 14 5 6 6 4.30121952e-07 7.25673484e-07 outputs/V3.3e25_D1000_G10/solution/solution-00017 
 18 2.506628729543e+10 1.392571516413e+09 768 7235 3201 14 5 6 6 4.50072661e-07 7.59333017e-07 outputs/V3.3e25_D1000_G10/solution/solution-00018 
 19 2.645885881184e+10 1.392571516413e+09 768 7235 3201 14 5 6 6 4.70948716e-07 7.94553736e-07 outputs/V3.3e25_D1000_G10/solution/solution-00019 
 20 2.785143032825e+10 1.392571516413e+09 768 7235 3201 14 5 6 6 4.92793031e-07 8.31408042e-07 outputs/V3.3e25_D1000_G10/solution/solution-00020 
 21 2.924400184466e+10 1.392571516413e+09 768 7235 3201 14 5 6 6 5.15650507e-07 8.69971689e-07 outputs/V3.3e25_D1000_G10/solution/solution-00021 
 22 3.063657336108e+10 1.392571516413e+09 768 7235 3201 14 5 6 6 5.39568129e-07 9.10323946e-07 outputs/V3.3e25_D1000_G10/solution/solution-00022 
 23 3.202914487749e+10 1.392571516413e+09 768 7235 3201 14 5 6 6 5.64595057e-07 9.52547754e-07 outputs/V3.3e25_D1000_G10/solution/solution-00023 
 24 3.342171639390e+10 1.392571516413e+09 768 7235 3201 14 5 6 6 5.90782730e-07 9.96729899e-07 outputs/V3.3e25_D1000_G10/solution/solution-00024 
 25 3.481428791032e+10 1.392571516413e+09 768 7235 3201 14 5 6 6 6.18184971e-07 1.04296119e-06 outputs/V3.3e25_D1000_G10/solution/solution-00025 
 26 3.620685942673e+10 1.392571516413e+09 768 7235 3201 14 5 6 6 6.46858096e-07 1.09133663e-06 outputs/V3.3e25_D1000_G10/solution/solution-00026 
 27 3.759943094314e+10 1.392571516413e+09 768 7235 3201 14 5 6 6 6.76861033e-07 1.14195566e-06 outputs/V3.3e25_D1000_G10/solution/solution-00027 
 28 3.899200245955e+10 1.392571516413e+09 768 7235 3201 14 5 6 6 7.08255437e-07 1.19492228e-06 outputs/V3.3e25_D1000_G10/solution/solution-00028 
 29 4.038457397597e+10 1.392571516413e+09 768 7235 3201 14 5 6 6 7.41105820e-07 1.25034533e-06 outputs/V3.3e25_D1000_G10/solution/solution-00029 
 30 4.177714549238e+10 1.392571516413e+09 768 7235 3201 14 5 6 6 7.75479680e-07 1.30833871e-06 outputs/V3.3e25_D1000_G10/solution/solution-00030 
 31 4.316971700879e+10 1.392571516413e+09 768 7235 3201 14 5 6 6 8.11447645e-07 1.36902157e-06 outputs/V3.3e25_D1000_G10/solution/solution-00031 
 32 4.456228852520e+10 1.392571516413e+09 768 7235 3201 14 5 6 6 8.49083608e-07 1.43251857e-06 outputs/V3.3e25_D1000_G10/solution/solution-00032 
 33 4.595486004162e+10 1.392571516413e+09 768 7235 3201 15 5 6 6 8.88464887e-07 1.49896017e-06 outputs/V3.3e25_D1000_G10/solution/solution-00033 
 34 4.734743155803e+10 1.392571516413e+09 768 7235 3201 15 5 6 6 9.29672375e-07 1.56848284e-06 outputs/V3.3e25_D1000_G10/solution/solution-00034 
 35 4.874000307444e+10 1.392571516413e+09 768 7235 3201 15 5 6 6 9.72790710e-07 1.64122939e-06 outputs/V3.3e25_D1000_G10/solution/solution-00035 
 36 5.013257459085e+10 1.392571516413e+09 768 7235 3201 15 5 6 6 1.01790845e-06 1.71734921e-06 outputs/V3.3e25_D1000_G10/solution/solution-00036 
 37 5.152514610727e+10 1.392571516413e+09 768 7235 3201 15 5 6 6 1.06511823e-06 1.79699863e-06 outputs/V3.3e25_D1000_G10/solution/solution-00037 
 38 5.291771762368e+10 1.392571516413e+09 768 7235 3201 15 5 6 6 1.11451701e-06 1.88034118e-06 outputs/V3.3e25_D1000_G10/solution/solution-00038 
 39 5.431028914009e+10 1.392571516413e+09 768 7235 3201 15 5 6 6 1.16620617e-06 1.96754796e-06 outputs/V3.3e25_D1000_G10/solution/solution-00039 
 40 5.570286065650e+10 1.392571516413e+09 768 7235 3201 15 5 6 6 1.22029184e-06 2.05879800e-06 outputs/V3.3e25_D1000_G10/solution/solution-00040 
 41 5.709543217292e+10 1.392571516413e+09 768 7235 3201 15 5 6 6 1.27688501e-06 2.15427856e-06 outputs/V3.3e25_D1000_G10/solution/solution-00041 
 42 5.848800368933e+10 1.392571516413e+09 768 7235 3201 15 5 6 6 1.33610180e-06 2.25418558e-06 outputs/V3.3e25_D1000_G10/solution/solution-00042 
 43 5.988057520574e+10 1.392571516413e+09 768 7235 3201 15 5 6 6 1.39806371e-06 2.35872402e-06 outputs/V3.3e25_D1000_G10/solution/solution-00043 
 44 6.127314672215e+10 1.392571516413e+09 768 7235 3201 15 5 6 6 1.46289783e-06 2.46810832e-06 outputs/V3.3e25_D1000_G10/solution/solution-00044 
 45 6.266571823857e+10 1.392571516413e+09 768 7235 3201 15 5 6 6 1.53073711e-06 2.58256279e-06 outputs/V3.3e25_D1000_G10/solution/solution-00045 
 46 6.405828975498e+10 1.392571516413e+09 768 7235 3201 15 5 6 6 1.60172062e-06 2.70232209e-06 outputs/V3.3e25_D1000_G10/solution/solution-00046 
 47 6.545086127139e+10 1.392571516413e+09 768 7235 3201 15 5 6 6 1.67599385e-06 2.82763167e-06 outputs/V3.3e25_D1000_G10/solution/solution-00047 
 48 6.684343278781e+10 1.392571516413e+09 768 7235 3201 15 5 6 6 1.75370899e-06 2.95874830e-06 outputs/V3.3e25_D1000_G10/solution/solution-00048 
 49 6.823600430422e+10 1.392571516413e+09 768 7235 3201 15 5 6 6 1.83502520e-06 3.09594055e-06 outputs/V3.3e25_D1000_G10/solution/solution-00049 
 50 6.962857582063e+10 1.392571516413e+09 768 7235 3201 15 5 6 6 1.92010899e-06 3.23948934e-06 outputs/V3.3e25_D1000_G10/solution/solution-00050 
 51 7.102114733704e+10 1.392571516413e+09 768 7235 3201 15 5 6 6 2.00913449e-06 3.38968847e-06 outputs/V3.3e25_D1000_G10/solution/solution-00051 
 52 7.241371885346e+10 1.392571516413e+09 768 7235 3201 15 5 6 6 2.10228383e-06 3.54684523e-06 outputs/V3.3e25_D1000_G10/solution/solution-00052 
 53 7.380629036987e+10 1.392571516413e+09 768 7235 3201 15 5 6 6 2.19974747e-06 3.71128100e-06 outputs/V3.3e25_D1000_G10/solution/solution-00053 
 54 7.519886188628e+10 1.392571516413e+09 768 7235 3201 15 5 6 6 2.30172460e-06 3.88333185e-06 outputs/V3.3e25_D1000_G10/solution/solution-00054 
 55 7.659143340269e+10 1.392571516413e+09 768 7235 3201 15 5 6 6 2.40842351e-06 4.06334923e-06 outputs/V3.3e25_D1000_G10/solution/solution-00055 
 56 7.798400491911e+10 1.392571516413e+09 768 7235 3201 16 5 6 6 2.52006198e-06 4.25170062e-06 outputs/V3.3e25_D1000_G10/solution/solution-00056 
 57 7.937657643552e+10 1.392571516413e+09 768 7235 3201 16 5 6 6 2.63686775e-06 4.44877025e-06 outputs/V3.3e25_D1000_G10/solution/solution-00057 
 58 8.076914795193e+10 1.392571516413e+09 768 7235 3201 16 5 6 6 2.75907887e-06 4.65495984e-06 outputs/V3.3e25_D1000_G10/solution/solution-00058 
 59 8.216171946834e+10 1.392571516413e+09 768 7235 3201 16 5 6 6 2.88694425e-06 4.87068936e-06 outputs/V3.3e25_D1000_G10/solution/solution-00059 
 60 8.355429098476e+10 1.392571516413e+09 768 7235 3201 16 5 6 6 3.02072404e-06 5.09639778e-06 outputs/V3.3e25_D1000_G10/solution/solution-00060 
 61 8.494686250117e+10 1.392571516413e+09 768 7235 3201 16 5 6 6 3.16069017e-06 5.33254397e-06 outputs/V3.3e25_D1000_G10/solution/solution-00061 
 62 8.633943401758e+10 1.392571516413e+09 768 7235 3201 16 5 6 6 3.30712682e-06 5.57960745e-06 outputs/V3.3e25_D1000_G10/solution/solution-00062 
 63 8.773200553399e+10 1.392571516413e+09 768 7235 3201 16 5 6 6 3.46033096e-06 5.83808935e-06 outputs/V3.3e25_D1000_G10/solution/solution-00063 
 64 8.912457705041e+10 1.392571516413e+09 768 7235 3201 16 5 6 6 3.62061286e-06 6.10851327e-06 outputs/V3.3e25_D1000_G10/solution/solution-00064 
 65 9.051714856682e+10 1.392571516413e+09 768 7235 3201 16 5 6 6 3.78829668e-06 6.39142620e-06 outputs/V3.3e25_D1000_G10/solution/solution-00065 
 66 9.190972008323e+10 1.392571516413e+09 768 7235 3201 16 5 6 6 3.96372099e-06 6.68739951e-06 outputs/V3.3e25_D1000_G10/solution/solution-00066 
 67 9.330229159964e+10 1.392571516413e+09 768 7235 3201 16 5 6 6 4.14723938e-06 6.99702994e-06 outputs/V3.3e25_D1000_G10/solution/solution-00067 
 68 9.469486311606e+10 1.392571516413e+09 768 7235 3201 16 5 6 6 4.33922105e-06 7.32094055e-06 outputs/V3.3e25_D1000_G10/solution/solution-00068 
 69 9.608743463247e+10 1.392571516413e+09 768 7235 3201 16 5 6 6 4.54005144e-06 7.65978184e-06 outputs/V3.3e25_D1000_G10/solution/solution-00069 
 70 9.748000614888e+10 1.392571516413e+09 768 7235 3201 16 5 6 6 4.75013280e-06 8.01423271e-06 outputs/V3.3e25_D1000_G10/solution/solution-00070 
 71 9.887257766530e+10 1.392571516413e+09 768 7235 3201 16 5 6 6 4.96988487e-06 8.38500161e-06 outputs/V3.3e25_D1000_G10/solution/solution-00071 
 72 1.002651491817e+11 1.392571516413e+09 768 7235 3201 16 5 6 6 5.19974551e-06 8.77282759e-06 outputs/V3.3e25_D1000_G10/solution/solution-00072 
 73 1.016577206981e+11 1.392571516413e+09 768 7235 3201 16 5 6 6 5.44017133e-06 9.17848137e-06 outputs/V3.3e25_D1000_G10/solution/solution-00073 
 74 1.030502922145e+11 1.392571516413e+09 768 7235 3201 16 5 6 6 5.69163835e-06 9.60276648e-06 outputs/V3.3e25_D1000_G10/solution/solution-00074 
 75 1.044428637309e+11 1.392571516413e+09 768 7235 3201 16 5 6 6 5.95464262e-06 1.00465203e-05 outputs/V3.3e25_D1000_G10/solution/solution-00075 
 76 1.058354352474e+11 1.392571516413e+09 768 7235 3201 16 5 6 6 6.22970092e-06 1.05106153e-05 outputs/V3.3e25_D1000_G10/solution/solution-00076 
 77 1.072280067638e+11 1.392571516413e+09 768 7235 3201 17 5 6 6 6.51735131e-06 1.09959599e-05 outputs/V3.3e25_D1000_G10/solution/solution-00077 
 78 1.086205782802e+11 1.392571516413e+09 768 7235 3201 17 5 6 6 6.81815378e-06 1.15034995e-05 outputs/V3.3e25_D1000_G10/solution/solution-00078 
 79 1.100131497966e+11 1.392571516413e+09 768 7235 3201 17 5 6 6 7.13269085e-06 1.20342178e-05 outputs/V3.3e25_D1000_G10/solution/solution-00079 
 80 1.114057213130e+11 1.392571516413e+09 768 7235 3201 17 5 6 6 7.46156806e-06 1.25891373e-05 outputs/V3.3e25_D1000_G10/solution/solution-00080 
 81 1.127982928294e+11 1.392571516413e+09 768 7235 3201 17 5 6 6 7.80541456e-06 1.31693205e-05 outputs/V3.3e25_D1000_G10/solution/solution-00081 
 82 1.141908643458e+11 1.392571516413e+09 768 7235 3201 17 5 6 6 8.16488347e-06 1.37758707e-05 outputs/V3.3e25_D1000_G10/solution/solution-00082 
 83 1.155834358622e+11 1.392571516413e+09 768 7235 3201 17 5 6 6 8.54065233e-06 1.44099322e-05 outputs/V3.3e25_D1000_G10/solution/solution-00083 
 84 1.169760073787e+11 1.392571516413e+09 768 7235 3201 17 5 6 6 8.93342336e-06 1.50726914e-05 outputs/V3.3e25_D1000_G10/solution/solution-00084 
 85 1.183685788951e+11 1.392571516413e+09 768 7235 3201 17 5 6 6 9.34392367e-06 1.57653768e-05 outputs/V3.3e25_D1000_G10/solution/solution-00085 
 86 1.197611504115e+11 1.392571516413e+09 768 7235 3201 17 5 6 6 9.77290534e-06 1.64892593e-05 outputs/V3.3e25_D1000_G10/solution/solution-00086 
 87 1.211537219279e+11 1.392571516413e+09 768 7235 3201 17 5 6 6 1.02211453e-05 1.72456521e-05 outputs/V3.3e25_D1000_G10/solution/solution-00087 
 88 1.225462934443e+11 1.392571516413e+09 768 7235 3201 17 5 6 6 1.06894453e-05 1.80359103e-05 outputs/V3.3e25_D1000_G10/solution/solution-00088 
 89 1.239388649607e+11 1.392571516413e+09 768 7235 3201 17 5 6 6 1.11786311e-05 1.88614302e-05 outputs/V3.3e25_D1000_G10/solution/solution-00089 
 90 1.253314364771e+11 1.392571516413e+09 768 7235 3201 17 5 6 6 1.16895521e-05 1.97236482e-05 outputs/V3.3e25_D1000_G10/solution/solution-00090 
 91 1.267240079935e+11 1.392571516413e+09 768 7235 3201 17 5 6 6 1.22230803e-05 2.06240395e-05 outputs/V3.3e25_D1000_G10/solution/solution-00091 
 92 1.281165795100e+11 1.392571516413e+09 768 7235 3201 17 5 6 6 1.27801092e-05 2.15641157e-05 outputs/V3.3e25_D1000_G10/solution/solution-00092 
 93 1.295091510264e+11 1.392571516413e+09 768 7235 3201 17 5 6 6 1.33615520e-05 2.25454224e-05 outputs/V3.3e25_D1000_G10/solution/solution-00093 
 94 1.309017225428e+11 1.392571516413e+09 768 7235 3201 17 5 6 6 1.39683396e-05 2.35695358e-05 outputs/V3.3e25_D1000_G10/solution/solution-00094 
 95 1.322942940592e+11 1.392571516413e+09 768 7235 3201 17 5 6 6 1.46014183e-05 2.46380586e-05 outputs/V3.3e25_D1000_G10/solution/solution-00095 
 96 1.336868655756e+11 1.392571516413e+09 768 7235 3201 17 5 6 6 1.52617467e-05 2.57526153e-05 outputs/V3.3e25_D1000_G10/solution/solution-00096 
 97 1.350794370920e+11 1.392571516413e+09 768 7235 3201 17 5 6 6 1.59502922e-05 2.69148457e-05 outputs/V3.3e25_D1000_G10/solution/solution-00097 
 98 1.364720086084e+11 1.392571516413e+09 768 7235 3201 17 5 6 6 1.66680268e-05 2.81263985e-05 outputs/V3.3e25_D1000_G10/solution/solution-00098 
 99 1.378645801248e+11 1.392571516413e+09 768 7235 3201 17 5 6 6 1.74159217e-05 2.93889226e-05 outputs/V3.3e25_D1000_G10/solution/solution-00099 
100 1.392571516413e+11 1.392571516413e+09 768 7235 3201 18 5 6 6 1.81949424e-05 3.07040572e-05 outputs/V3.3e25_D1000_G10/solution/solution-00100 
