# 1: Time step number
# 2: Time (years)
# 3: Time step size (years)
# 4: Number of mesh cells
# 5: Number of Stokes degrees of freedom
# 6: Number of temperature degrees of freedom
# 7: Iterations for temperature solver
# 8: Iterations for Stokes solver
# 9: Velocity iterations in Stokes preconditioner
# 10: Schur complement iterations in Stokes preconditioner
# 11: RMS velocity (m/year)
# 12: Max. velocity (m/year)
# 13: Visualization file name
  0 0.000000000000e+00 0.000000000000e+00 768 7235 3201  0 8 9 9 4.01597322e-07 7.14481850e-07 outputs/V3.3e24_D10_G2/solution/solution-00000 
  1 1.392571516413e+09 1.392571516413e+09 768 7235 3201 32 8 9 9 3.90484357e-07 6.66130647e-07 outputs/V3.3e24_D10_G2/solution/solution-00001 
  2 2.785143032825e+09 1.392571516413e+09 768 7235 3201 25 8 9 9 3.86442618e-07 6.69343416e-07 outputs/V3.3e24_D10_G2/solution/solution-00002 
  3 4.177714549238e+09 1.392571516413e+09 768 7235 3201 24 8 9 9 3.90334426e-07 6.87245318e-07 outputs/V3.3e24_D10_G2/solution/solution-00003 
  4 5.570286065650e+09 1.392571516413e+09 768 7235 3201 23 8 9 9 4.02067241e-07 7.18929598e-07 outputs/V3.3e24_D10_G2/solution/solution-00004 
  5 6.962857582063e+09 1.392571516413e+09 768 7235 3201 23 8 9 9 4.21580168e-07 7.63741617e-07 outputs/V3.3e24_D10_G2/solution/solution-00005 
  6 8.355429098476e+09 1.392571516413e+09 768 7235 3201 22 8 9 9 4.48915236e-07 8.21537656e-07 outputs/V3.3e24_D10_G2/solution/solution-00006 
  7 9.748000614888e+09 1.392571516413e+09 768 7235 3201 21 8 9 9 4.84326605e-07 8.92743780e-07 outputs/V3.3e24_D10_G2/solution/solution-00007 
  8 1.114057213130e+10 1.392571516413e+09 768 7235 3201 21 8 9 9 5.28306977e-07 9.78302847e-07 outputs/V3.3e24_D10_G2/solution/solution-00008 
  9 1.253314364771e+10 1.392571516413e+09 768 7235 3201 21 8 9 9 5.81593149e-07 1.07962286e-06 outputs/V3.3e24_D10_G2/solution/solution-00009 
 10 1.392571516413e+10 1.392571516413e+09 768 7235 3201 20 8 9 9 6.45169278e-07 1.19855057e-06 outputs/V3.3e24_D10_G2/solution/solution-00010 
 11 1.531828668054e+10 1.392571516413e+09 768 7235 3201 20 8 9 9 7.20274729e-07 1.33737046e-06 outputs/V3.3e24_D10_G2/solution/solution-00011 
 12 1.671085819695e+10 1.392571516413e+09 768 7235 3201 20 8 9 9 8.08418909e-07 1.49882499e-06 outputs/V3.3e24_D10_G2/solution/solution-00012 
 13 1.810342971336e+10 1.392571516413e+09 768 7235 3201 20 8 9 9 9.11403843e-07 1.68615246e-06 outputs/V3.3e24_D10_G2/solution/solution-00013 
 14 1.949600122978e+10 1.392571516413e+09 768 7235 3201 20 8 9 9 1.03135475e-06 1.90314038e-06 outputs/V3.3e24_D10_G2/solution/solution-00014 
 15 2.088857274619e+10 1.392571516413e+09 768 7235 3201 20 8 9 9 1.17075888e-06 2.15419355e-06 outputs/V3.3e24_D10_G2/solution/solution-00015 
 16 2.228114426260e+10 1.392571516413e+09 768 7235 3201 20 8 9 9 1.33251288e-06 2.44441684e-06 outputs/V3.3e24_D10_G2/solution/solution-00016 
 17 2.367371577901e+10 1.392571516413e+09 768 7235 3201 19 8 9 9 1.51997957e-06 2.77971374e-06 outputs/V3.3e24_D10_G2/solution/solution-00017 
 18 2.506628729543e+10 1.392571516413e+09 768 7235 3201 19 8 9 9 1.73705468e-06 3.16690181e-06 outputs/V3.3e24_D10_G2/solution/solution-00018 
 19 2.645885881184e+10 1.392571516413e+09 768 7235 3201 19 8 9 9 1.98824496e-06 3.61384728e-06 outputs/V3.3e24_D10_G2/solution/solution-00019 
 20 2.785143032825e+10 1.392571516413e+09 768 7235 3201 19 8 9 9 2.27875892e-06 4.12962096e-06 outputs/V3.3e24_D10_G2/solution/solution-00020 
 21 2.924400184466e+10 1.392571516413e+09 768 7235 3201 19 7 8 8 2.61461196e-06 4.72467835e-06 outputs/V3.3e24_D10_G2/solution/solution-00021 
 22 3.063657336108e+10 1.392571516413e+09 768 7235 3201 19 7 8 8 3.00274777e-06 5.41106735e-06 outputs/V3.3e24_D10_G2/solution/solution-00022 
 23 3.202914487749e+10 1.392571516413e+09 768 7235 3201 19 7 8 8 3.45117826e-06 6.20266708e-06 outputs/V3.3e24_D10_G2/solution/solution-00023 
 24 3.342171639390e+10 1.392571516413e+09 768 7235 3201 19 7 8 8 3.96914468e-06 7.11546225e-06 outputs/V3.3e24_D10_G2/solution/solution-00024 
 25 3.481428791032e+10 1.392571516413e+09 768 7235 3201 19 7 8 8 4.56730253e-06 8.16785746e-06 outputs/V3.3e24_D10_G2/solution/solution-00025 
 26 3.620685942673e+10 1.392571516413e+09 768 7235 3201 19 7 8 8 5.25793359e-06 9.38103661e-06 outputs/V3.3e24_D10_G2/solution/solution-00026 
 27 3.759943094314e+10 1.392571516413e+09 768 7235 3201 19 7 8 8 6.05518817e-06 1.07793723e-05 outputs/V3.3e24_D10_G2/solution/solution-00027 
 28 3.899200245955e+10 1.392571516413e+09 768 7235 3201 19 7 8 8 6.97536096e-06 1.23908903e-05 outputs/V3.3e24_D10_G2/solution/solution-00028 
 29 4.038457397597e+10 1.392571516413e+09 768 7235 3201 19 7 8 8 8.03720374e-06 1.42487784e-05 outputs/V3.3e24_D10_G2/solution/solution-00029 
 30 4.177714549238e+10 1.392571516413e+09 768 7235 3201 19 7 8 8 9.26227727e-06 1.63894627e-05 outputs/V3.3e24_D10_G2/solution/solution-00030 
 31 4.316971700879e+10 1.392571516413e+09 768 7235 3201 19 6 7 7 1.06753440e-05 1.88554429e-05 outputs/V3.3e24_D10_G2/solution/solution-00031 
 32 4.456228852520e+10 1.392571516413e+09 768 7235 3201 19 6 7 7 1.23048002e-05 2.16954031e-05 outputs/V3.3e24_D10_G2/solution/solution-00032 
 33 4.595486004162e+10 1.392571516413e+09 768 7235 3201 19 6 7 7 1.41831430e-05 2.49649583e-05 outputs/V3.3e24_D10_G2/solution/solution-00033 
 34 4.734743155803e+10 1.392571516413e+09 768 7235 3201 19 6 7 7 1.63474601e-05 2.87274457e-05 outputs/V3.3e24_D10_G2/solution/solution-00034 
 35 4.874000307444e+10 1.392571516413e+09 768 7235 3201 19 6 7 7 1.88399203e-05 3.30546970e-05 outputs/V3.3e24_D10_G2/solution/solution-00035 
 36 5.013257459085e+10 1.392571516413e+09 768 7235 3201 19 6 7 7 2.17082262e-05 3.80277165e-05 outputs/V3.3e24_D10_G2/solution/solution-00036 
 37 5.152514610727e+10 1.392571516413e+09 768 7235 3201 19 6 7 7 2.50059634e-05 4.37371437e-05 outputs/V3.3e24_D10_G2/solution/solution-00037 
 38 5.291771762368e+10 1.392571516413e+09 768 7235 3201 19 6 7 7 2.87927449e-05 5.02833116e-05 outputs/V3.3e24_D10_G2/solution/solution-00038 
 39 5.431028914009e+10 1.392571516413e+09 768 7235 3201 20 6 7 7 3.31339899e-05 5.77756118e-05 outputs/V3.3e24_D10_G2/solution/solution-00039 
 40 5.570286065650e+10 1.392571516413e+09 768 7235 3201 20 6 7 7 3.81000982e-05 6.63307408e-05 outputs/V3.3e24_D10_G2/solution/solution-00040 
 41 5.709543217292e+10 1.392571516413e+09 768 7235 3201 20 6 7 7 4.37646710e-05 7.60721827e-05 outputs/V3.3e24_D10_G2/solution/solution-00041 
 42 5.832730532230e+10 1.231873149388e+09 768 7235 3201 19 6 7 7 4.94282790e-05 8.58181999e-05 outputs/V3.3e24_D10_G2/solution/solution-00042 
 43 5.941946719878e+10 1.092161876473e+09 768 7235 3201 18 6 7 7 5.50114974e-05 9.54109856e-05 outputs/V3.3e24_D10_G2/solution/solution-00043 
 44 6.040198171299e+10 9.825145142122e+08 768 7235 3201 17 6 7 7 6.05143029e-05 1.04850342e-04 outputs/V3.3e24_D10_G2/solution/solution-00044 
 45 6.129618270772e+10 8.942009947288e+08 768 7235 3201 16 6 7 7 6.59331486e-05 1.14129940e-04 outputs/V3.3e24_D10_G2/solution/solution-00045 
 46 6.211780063074e+10 8.216179230254e+08 768 7235 3201 16 6 7 7 7.12634980e-05 1.23241831e-04 outputs/V3.3e24_D10_G2/solution/solution-00046 
 47 6.287877986901e+10 7.609792382643e+08 768 7235 3201 15 6 7 7 7.65005618e-05 1.32177744e-04 outputs/V3.3e24_D10_G2/solution/solution-00047 
 48 6.358840847987e+10 7.096286108659e+08 768 7235 3201 15 6 7 7 8.16395234e-05 1.40929483e-04 outputs/V3.3e24_D10_G2/solution/solution-00048 
 49 6.425391006449e+10 6.655015846200e+08 768 7235 3201 14 6 7 7 8.66745149e-05 1.49487177e-04 outputs/V3.3e24_D10_G2/solution/solution-00049 
 50 6.488121877076e+10 6.273087062665e+08 768 7235 3201 14 6 7 7 9.16006786e-05 1.57842791e-04 outputs/V3.3e24_D10_G2/solution/solution-00050 
 51 6.547523480416e+10 5.940160334027e+08 768 7235 3201 13 6 7 7 9.64136664e-05 1.65992085e-04 outputs/V3.3e24_D10_G2/solution/solution-00051 
 52 6.604002077009e+10 5.647859659297e+08 768 7235 3201 13 6 7 7 1.01109295e-04 1.73945188e-04 outputs/V3.3e24_D10_G2/solution/solution-00052 
 53 6.657898365219e+10 5.389628820932e+08 768 7235 3201 13 6 7 7 1.05683576e-04 1.81676804e-04 outputs/V3.3e24_D10_G2/solution/solution-00053 
 54 6.709500990205e+10 5.160262498617e+08 768 7235 3201 12 6 7 7 1.10132744e-04 1.89180860e-04 outputs/V3.3e24_D10_G2/solution/solution-00054 
 55 6.759056743446e+10 4.955575324156e+08 768 7235 3201 12 6 7 7 1.14453278e-04 1.96451768e-04 outputs/V3.3e24_D10_G2/solution/solution-00055 
 56 6.806778380677e+10 4.772163723037e+08 768 7235 3201 12 6 7 7 1.18641925e-04 2.03484455e-04 outputs/V3.3e24_D10_G2/solution/solution-00056 
 57 6.852850696070e+10 4.607231539362e+08 768 7235 3201 12 5 6 6 1.22695716e-04 2.10274383e-04 outputs/V3.3e24_D10_G2/solution/solution-00057 
 58 6.897435299698e+10 4.458460362785e+08 768 7235 3201 11 5 6 6 1.26611979e-04 2.16817562e-04 outputs/V3.3e24_D10_G2/solution/solution-00058 
 59 6.940674416934e+10 4.323911723593e+08 768 7235 3201 11 5 6 6 1.30388357e-04 2.23110572e-04 outputs/V3.3e24_D10_G2/solution/solution-00059 
 60 6.982693940850e+10 4.201952391548e+08 768 7235 3201 11 5 6 6 1.34022812e-04 2.29150560e-04 outputs/V3.3e24_D10_G2/solution/solution-00060 
 61 7.023605907135e+10 4.091196628507e+08 768 7235 3201 11 5 6 6 1.37513634e-04 2.34935257e-04 outputs/V3.3e24_D10_G2/solution/solution-00061 
 62 7.063510517928e+10 3.990461079314e+08 768 7235 3201 11 5 6 6 1.40859445e-04 2.40462971e-04 outputs/V3.3e24_D10_G2/solution/solution-00062 
 63 7.102497809727e+10 3.898729179900e+08 768 7235 3201 11 5 6 6 1.44059203e-04 2.45732587e-04 outputs/V3.3e24_D10_G2/solution/solution-00063 
 64 7.140649037902e+10 3.815122817485e+08 768 7235 3201 11 5 6 6 1.47112197e-04 2.50743567e-04 outputs/V3.3e24_D10_G2/solution/solution-00064 
 65 7.178037833632e+10 3.738879573042e+08 768 7235 3201 10 5 6 6 1.50018052e-04 2.55495935e-04 outputs/V3.3e24_D10_G2/solution/solution-00065 
 66 7.214731176649e+10 3.669334301655e+08 768 7235 3201 10 5 6 6 1.52776716e-04 2.59990274e-04 outputs/V3.3e24_D10_G2/solution/solution-00066 
 67 7.250790217785e+10 3.605904113608e+08 768 7235 3201 10 5 6 6 1.55388462e-04 2.64227708e-04 outputs/V3.3e24_D10_G2/solution/solution-00067 
 68 7.286270978220e+10 3.548076043505e+08 768 7235 3201 10 5 6 6 1.57853875e-04 2.68216285e-04 outputs/V3.3e24_D10_G2/solution/solution-00068 
 69 7.321224946824e+10 3.495396860407e+08 768 7235 3201 10 5 6 6 1.60173847e-04 2.71953799e-04 outputs/V3.3e24_D10_G2/solution/solution-00069 
 70 7.355699592780e+10 3.447464595610e+08 768 7235 3201 10 5 6 6 1.62349562e-04 2.75439889e-04 outputs/V3.3e24_D10_G2/solution/solution-00070 
 71 7.389738807356e+10 3.403921457640e+08 768 7235 3201 10 5 6 6 1.64382488e-04 2.78677671e-04 outputs/V3.3e24_D10_G2/solution/solution-00071 
 72 7.423383286104e+10 3.364447874721e+08 768 7235 3201 10 5 6 6 1.66274365e-04 2.81885024e-04 outputs/V3.3e24_D10_G2/solution/solution-00072 
 73 7.456658534510e+10 3.327524840628e+08 768 7235 3201 10 5 6 6 1.68026562e-04 2.84922946e-04 outputs/V3.3e24_D10_G2/solution/solution-00073 
 74 7.489576911609e+10 3.291837709903e+08 768 7235 3201 10 5 6 6 1.69640373e-04 2.87705346e-04 outputs/V3.3e24_D10_G2/solution/solution-00074 
 75 7.522174364587e+10 3.259745297819e+08 768 7235 3201 10 5 6 6 1.71118788e-04 2.90236422e-04 outputs/V3.3e24_D10_G2/solution/solution-00075 
 76 7.554484901744e+10 3.231053715651e+08 768 7235 3201 10 5 6 6 1.72464976e-04 2.92520888e-04 outputs/V3.3e24_D10_G2/solution/solution-00076 
 77 7.586540406786e+10 3.205550504198e+08 768 7235 3201 10 5 6 6 1.73682248e-04 2.94563909e-04 outputs/V3.3e24_D10_G2/solution/solution-00077 
 78 7.618370836925e+10 3.183043013921e+08 768 7235 3201 10 5 6 6 1.74774041e-04 2.96371076e-04 outputs/V3.3e24_D10_G2/solution/solution-00078 
 79 7.650004396589e+10 3.163355966420e+08 768 7235 3201 10 5 6 6 1.75743903e-04 2.97948386e-04 outputs/V3.3e24_D10_G2/solution/solution-00079 
 80 7.681467689942e+10 3.146329335254e+08 768 7235 3201 10 5 6 6 1.76595484e-04 2.99302206e-04 outputs/V3.3e24_D10_G2/solution/solution-00080 
 81 7.712785854913e+10 3.131816497130e+08 768 7235 3201 10 5 6 6 1.77332520e-04 3.00439255e-04 outputs/V3.3e24_D10_G2/solution/solution-00081 
 82 7.743982681039e+10 3.119682612605e+08 768 7235 3201 10 5 6 6 1.77958821e-04 3.01366567e-04 outputs/V3.3e24_D10_G2/solution/solution-00082 
 83 7.775080713062e+10 3.109803202304e+08 768 7235 3201 10 5 6 6 1.78478264e-04 3.02106000e-04 outputs/V3.3e24_D10_G2/solution/solution-00083 
 84 7.806101341965e+10 3.102062890320e+08 768 7235 3201 10 5 6 6 1.78894780e-04 3.02691519e-04 outputs/V3.3e24_D10_G2/solution/solution-00084 
 85 7.837064884877e+10 3.096354291154e+08 768 7235 3201 10 5 6 6 1.79212346e-04 3.03089495e-04 outputs/V3.3e24_D10_G2/solution/solution-00085 
 86 7.867990655080e+10 3.092577020365e+08 768 7235 3201 10 5 6 6 1.79434974e-04 3.03307642e-04 outputs/V3.3e24_D10_G2/solution/solution-00086 
 87 7.898897023204e+10 3.090636812405e+08 768 7235 3201 10 5 6 6 1.79566707e-04 3.03353862e-04 outputs/V3.3e24_D10_G2/solution/solution-00087 
 88 7.929801470520e+10 3.090444731599e+08 768 7235 3201 10 5 6 6 1.79611607e-04 3.03236222e-04 outputs/V3.3e24_D10_G2/solution/solution-00088 
 89 7.960720635167e+10 3.091916464659e+08 768 7235 3201 10 5 6 6 1.79573751e-04 3.02962924e-04 outputs/V3.3e24_D10_G2/solution/solution-00089 
 90 7.991670352016e+10 3.094971684856e+08 768 7235 3201 10 5 6 6 1.79457222e-04 3.02542276e-04 outputs/V3.3e24_D10_G2/solution/solution-00090 
 91 8.022665686812e+10 3.099533479627e+08 768 7235 3201 10 5 6 6 1.79266104e-04 3.01982666e-04 outputs/V3.3e24_D10_G2/solution/solution-00091 
 92 8.053720965159e+10 3.105527834726e+08 768 7235 3201 10 5 6 6 1.79004479e-04 3.01292533e-04 outputs/V3.3e24_D10_G2/solution/solution-00092 
 93 8.084849796851e+10 3.112883169183e+08 768 7235 3201 10 5 6 6 1.78676414e-04 3.00480343e-04 outputs/V3.3e24_D10_G2/solution/solution-00093 
 94 8.116062514226e+10 3.121271737526e+08 768 7235 3201 10 5 6 6 1.78285997e-04 2.99554642e-04 outputs/V3.3e24_D10_G2/solution/solution-00094 
 95 8.147368660315e+10 3.130614608898e+08 768 7235 3201 10 5 6 6 1.77837315e-04 2.98523985e-04 outputs/V3.3e24_D10_G2/solution/solution-00095 
 96 8.178779990845e+10 3.141133052992e+08 768 7235 3201 10 5 6 6 1.77334391e-04 2.97396799e-04 outputs/V3.3e24_D10_G2/solution/solution-00096 
 97 8.210307606982e+10 3.152761613653e+08 768 7235 3201 10 5 6 6 1.76781217e-04 2.96181424e-04 outputs/V3.3e24_D10_G2/solution/solution-00097 
 98 8.241961962988e+10 3.165435600658e+08 768 7235 3201 10 5 6 6 1.76181736e-04 2.94895630e-04 outputs/V3.3e24_D10_G2/solution/solution-00098 
 99 8.273752871482e+10 3.179090849435e+08 768 7235 3201 10 5 6 6 1.75539850e-04 2.93550024e-04 outputs/V3.3e24_D10_G2/solution/solution-00099 
100 8.305689506600e+10 3.193663511727e+08 768 7235 3201 10 5 6 6 1.74859407e-04 2.92138904e-04 outputs/V3.3e24_D10_G2/solution/solution-00100 
