# 1: Time step number
# 2: Time (years)
# 3: Time step size (years)
# 4: Number of mesh cells
# 5: Number of Stokes degrees of freedom
# 6: Number of temperature degrees of freedom
# 7: Iterations for temperature solver
# 8: Iterations for Stokes solver
# 9: Velocity iterations in Stokes preconditioner
# 10: Schur complement iterations in Stokes preconditioner
# 11: RMS velocity (m/year)
# 12: Max. velocity (m/year)
# 13: Visualization file name
  0 0.000000000000e+00 0.000000000000e+00 768 7235 3201  0 8 9 9 2.63924958e-09 4.45276786e-09 outputs/V1e27_D1000_G4/solution/solution-00000 
  1 1.392571516413e+09 1.392571516413e+09 768 7235 3201 20 6 7 7 2.50690287e-09 4.22948122e-09 outputs/V1e27_D1000_G4/solution/solution-00001 
  2 2.785143032825e+09 1.392571516413e+09 768 7235 3201 13 5 6 6 2.37894562e-09 4.01360018e-09 outputs/V1e27_D1000_G4/solution/solution-00002 
  3 4.177714549238e+09 1.392571516413e+09 768 7235 3201 13 5 6 6 2.25675646e-09 3.80745069e-09 outputs/V1e27_D1000_G4/solution/solution-00003 
  4 5.570286065650e+09 1.392571516413e+09 768 7235 3201 13 5 6 6 2.14058389e-09 3.61145198e-09 outputs/V1e27_D1000_G4/solution/solution-00004 
  5 6.962857582063e+09 1.392571516413e+09 768 7235 3201 13 5 6 6 2.03030341e-09 3.42539404e-09 outputs/V1e27_D1000_G4/solution/solution-00005 
  6 8.355429098476e+09 1.392571516413e+09 768 7235 3201 13 5 6 6 1.92567447e-09 3.24887098e-09 outputs/V1e27_D1000_G4/solution/solution-00006 
  7 9.748000614888e+09 1.392571516413e+09 768 7235 3201 13 5 6 6 1.82642723e-09 3.08142760e-09 outputs/V1e27_D1000_G4/solution/solution-00007 
  8 1.114057213130e+10 1.392571516413e+09 768 7235 3201 13 5 6 6 1.73229163e-09 2.92260822e-09 outputs/V1e27_D1000_G4/solution/solution-00008 
  9 1.253314364771e+10 1.392571516413e+09 768 7235 3201 13 5 6 6 1.64300668e-09 2.77197253e-09 outputs/V1e27_D1000_G4/solution/solution-00009 
 10 1.392571516413e+10 1.392571516413e+09 768 7235 3201 13 5 6 6 1.55832320e-09 2.62910016e-09 outputs/V1e27_D1000_G4/solution/solution-00010 
 11 1.531828668054e+10 1.392571516413e+09 768 7235 3201 13 5 6 6 1.47800433e-09 2.49359145e-09 outputs/V1e27_D1000_G4/solution/solution-00011 
 12 1.671085819695e+10 1.392571516413e+09 768 7235 3201 13 5 6 6 1.40182520e-09 2.36506704e-09 outputs/V1e27_D1000_G4/solution/solution-00012 
 13 1.810342971336e+10 1.392571516413e+09 768 7235 3201 13 5 6 6 1.32957246e-09 2.24316699e-09 outputs/V1e27_D1000_G4/solution/solution-00013 
 14 1.949600122978e+10 1.392571516413e+09 768 7235 3201 13 5 6 6 1.26104376e-09 2.12754989e-09 outputs/V1e27_D1000_G4/solution/solution-00014 
 15 2.088857274619e+10 1.392571516413e+09 768 7235 3201 13 5 6 6 1.19604717e-09 2.01789191e-09 outputs/V1e27_D1000_G4/solution/solution-00015 
 16 2.228114426260e+10 1.392571516413e+09 768 7235 3201 13 5 6 6 1.13440061e-09 1.91388592e-09 outputs/V1e27_D1000_G4/solution/solution-00016 
 17 2.367371577901e+10 1.392571516413e+09 768 7235 3201 13 5 6 6 1.07593144e-09 1.81524059e-09 outputs/V1e27_D1000_G4/solution/solution-00017 
 18 2.506628729543e+10 1.392571516413e+09 768 7235 3201 12 5 6 6 1.02047589e-09 1.72167963e-09 outputs/V1e27_D1000_G4/solution/solution-00018 
 19 2.645885881184e+10 1.392571516413e+09 768 7235 3201 12 5 6 6 9.67878613e-10 1.63294098e-09 outputs/V1e27_D1000_G4/solution/solution-00019 
 20 2.785143032825e+10 1.392571516413e+09 768 7235 3201 12 5 6 6 9.17992304e-10 1.54877609e-09 outputs/V1e27_D1000_G4/solution/solution-00020 
 21 2.924400184466e+10 1.392571516413e+09 768 7235 3201 12 5 6 6 8.70677231e-10 1.46894921e-09 outputs/V1e27_D1000_G4/solution/solution-00021 
 22 3.063657336108e+10 1.392571516413e+09 768 7235 3201 12 5 6 6 8.25800866e-10 1.39323677e-09 outputs/V1e27_D1000_G4/solution/solution-00022 
 23 3.202914487749e+10 1.392571516413e+09 768 7235 3201 12 5 6 6 7.83237515e-10 1.32142669e-09 outputs/V1e27_D1000_G4/solution/solution-00023 
 24 3.342171639390e+10 1.392571516413e+09 768 7235 3201 12 5 6 6 7.42867960e-10 1.25331784e-09 outputs/V1e27_D1000_G4/solution/solution-00024 
 25 3.481428791032e+10 1.392571516413e+09 768 7235 3201 12 5 6 6 7.04579129e-10 1.18871945e-09 outputs/V1e27_D1000_G4/solution/solution-00025 
 26 3.620685942673e+10 1.392571516413e+09 768 7235 3201 12 5 6 6 6.68263778e-10 1.12745058e-09 outputs/V1e27_D1000_G4/solution/solution-00026 
 27 3.759943094314e+10 1.392571516413e+09 768 7235 3201 12 5 6 6 6.33820189e-10 1.06933963e-09 outputs/V1e27_D1000_G4/solution/solution-00027 
 28 3.899200245955e+10 1.392571516413e+09 768 7235 3201 12 5 6 6 6.01151888e-10 1.01422383e-09 outputs/V1e27_D1000_G4/solution/solution-00028 
 29 4.038457397597e+10 1.392571516413e+09 768 7235 3201 12 5 6 6 5.70167373e-10 9.61948799e-10 outputs/V1e27_D1000_G4/solution/solution-00029 
 30 4.177714549238e+10 1.392571516413e+09 768 7235 3201 12 5 6 6 5.40779860e-10 9.12368124e-10 outputs/V1e27_D1000_G4/solution/solution-00030 
 31 4.316971700879e+10 1.392571516413e+09 768 7235 3201 12 5 6 6 5.12907035e-10 8.65342932e-10 outputs/V1e27_D1000_G4/solution/solution-00031 
 32 4.456228852520e+10 1.392571516413e+09 768 7235 3201 12 5 6 6 4.86470828e-10 8.20741507e-10 outputs/V1e27_D1000_G4/solution/solution-00032 
 33 4.595486004162e+10 1.392571516413e+09 768 7235 3201 12 5 6 6 4.61397194e-10 7.78438925e-10 outputs/V1e27_D1000_G4/solution/solution-00033 
 34 4.734743155803e+10 1.392571516413e+09 768 7235 3201 12 5 6 6 4.37615903e-10 7.38316699e-10 outputs/V1e27_D1000_G4/solution/solution-00034 
 35 4.874000307444e+10 1.392571516413e+09 768 7235 3201 12 5 6 6 4.15060345e-10 7.00262449e-10 outputs/V1e27_D1000_G4/solution/solution-00035 
 36 5.013257459085e+10 1.392571516413e+09 768 7235 3201 12 5 6 6 3.93667344e-10 6.64169587e-10 outputs/V1e27_D1000_G4/solution/solution-00036 
 37 5.152514610727e+10 1.392571516413e+09 768 7235 3201 12 5 6 6 3.73376979e-10 6.29937020e-10 outputs/V1e27_D1000_G4/solution/solution-00037 
 38 5.291771762368e+10 1.392571516413e+09 768 7235 3201 11 5 6 6 3.54132417e-10 5.97468865e-10 outputs/V1e27_D1000_G4/solution/solution-00038 
 39 5.431028914009e+10 1.392571516413e+09 768 7235 3201 11 5 6 6 3.35879757e-10 5.66674181e-10 outputs/V1e27_D1000_G4/solution/solution-00039 
 40 5.570286065650e+10 1.392571516413e+09 768 7235 3201 11 5 6 6 3.18567874e-10 5.37466713e-10 outputs/V1e27_D1000_G4/solution/solution-00040 
 41 5.709543217292e+10 1.392571516413e+09 768 7235 3201 11 5 6 6 3.02148278e-10 5.09764654e-10 outputs/V1e27_D1000_G4/solution/solution-00041 
 42 5.848800368933e+10 1.392571516413e+09 768 7235 3201 11 5 6 6 2.86574980e-10 4.83490412e-10 outputs/V1e27_D1000_G4/solution/solution-00042 
 43 5.988057520574e+10 1.392571516413e+09 768 7235 3201 11 5 6 6 2.71804359e-10 4.58570394e-10 outputs/V1e27_D1000_G4/solution/solution-00043 
 44 6.127314672215e+10 1.392571516413e+09 768 7235 3201 11 5 6 6 2.57795044e-10 4.34934802e-10 outputs/V1e27_D1000_G4/solution/solution-00044 
 45 6.266571823857e+10 1.392571516413e+09 768 7235 3201 11 5 6 6 2.44507795e-10 4.12517433e-10 outputs/V1e27_D1000_G4/solution/solution-00045 
 46 6.405828975498e+10 1.392571516413e+09 768 7235 3201 11 5 6 6 2.31905397e-10 3.91255498e-10 outputs/V1e27_D1000_G4/solution/solution-00046 
 47 6.545086127139e+10 1.392571516413e+09 768 7235 3201 11 5 6 6 2.19952551e-10 3.71089443e-10 outputs/V1e27_D1000_G4/solution/solution-00047 
 48 6.684343278781e+10 1.392571516413e+09 768 7235 3201 11 5 6 6 2.08615777e-10 3.51962786e-10 outputs/V1e27_D1000_G4/solution/solution-00048 
 49 6.823600430422e+10 1.392571516413e+09 768 7235 3201 11 5 6 6 1.97863322e-10 3.33821952e-10 outputs/V1e27_D1000_G4/solution/solution-00049 
 50 6.962857582063e+10 1.392571516413e+09 768 7235 3201 11 5 6 6 1.87665069e-10 3.16616133e-10 outputs/V1e27_D1000_G4/solution/solution-00050 
 51 7.102114733704e+10 1.392571516413e+09 768 7235 3201 11 5 6 6 1.77992453e-10 3.00297133e-10 outputs/V1e27_D1000_G4/solution/solution-00051 
 52 7.241371885346e+10 1.392571516413e+09 768 7235 3201 11 5 6 6 1.68818383e-10 2.84819246e-10 outputs/V1e27_D1000_G4/solution/solution-00052 
 53 7.380629036987e+10 1.392571516413e+09 768 7235 3201 11 5 6 6 1.60117162e-10 2.70139119e-10 outputs/V1e27_D1000_G4/solution/solution-00053 
 54 7.519886188628e+10 1.392571516413e+09 768 7235 3201 11 5 6 6 1.51864418e-10 2.56215634e-10 outputs/V1e27_D1000_G4/solution/solution-00054 
 55 7.659143340269e+10 1.392571516413e+09 768 7235 3201 11 5 6 6 1.44037036e-10 2.43009792e-10 outputs/V1e27_D1000_G4/solution/solution-00055 
 56 7.798400491911e+10 1.392571516413e+09 768 7235 3201 10 5 6 6 1.36613092e-10 2.30484603e-10 outputs/V1e27_D1000_G4/solution/solution-00056 
 57 7.937657643552e+10 1.392571516413e+09 768 7235 3201 10 5 6 6 1.29571793e-10 2.18604987e-10 outputs/V1e27_D1000_G4/solution/solution-00057 
 58 8.076914795193e+10 1.392571516413e+09 768 7235 3201 10 5 6 6 1.22893416e-10 2.07337669e-10 outputs/V1e27_D1000_G4/solution/solution-00058 
 59 8.216171946834e+10 1.392571516413e+09 768 7235 3201 10 5 6 6 1.16559255e-10 1.96651091e-10 outputs/V1e27_D1000_G4/solution/solution-00059 
 60 8.355429098476e+10 1.392571516413e+09 768 7235 3201 10 5 6 6 1.10551568e-10 1.86515318e-10 outputs/V1e27_D1000_G4/solution/solution-00060 
 61 8.494686250117e+10 1.392571516413e+09 768 7235 3201 10 5 6 6 1.04853529e-10 1.76901963e-10 outputs/V1e27_D1000_G4/solution/solution-00061 
 62 8.633943401758e+10 1.392571516413e+09 768 7235 3201 10 5 6 6 9.94491785e-11 1.67784098e-10 outputs/V1e27_D1000_G4/solution/solution-00062 
 63 8.773200553399e+10 1.392571516413e+09 768 7235 3201 10 5 6 6 9.43233781e-11 1.59136186e-10 outputs/V1e27_D1000_G4/solution/solution-00063 
 64 8.912457705041e+10 1.392571516413e+09 768 7235 3201 10 5 6 6 8.94617712e-11 1.50934003e-10 outputs/V1e27_D1000_G4/solution/solution-00064 
 65 9.051714856682e+10 1.392571516413e+09 768 7235 3201 10 5 6 6 8.48507409e-11 1.43154577e-10 outputs/V1e27_D1000_G4/solution/solution-00065 
 66 9.190972008323e+10 1.392571516413e+09 768 7235 3201 10 5 6 6 8.04773718e-11 1.35776117e-10 outputs/V1e27_D1000_G4/solution/solution-00066 
 67 9.330229159964e+10 1.392571516413e+09 768 7235 3201 10 5 6 6 7.63294145e-11 1.28777957e-10 outputs/V1e27_D1000_G4/solution/solution-00067 
 68 9.469486311606e+10 1.392571516413e+09 768 7235 3201 10 5 6 6 7.23952509e-11 1.22140496e-10 outputs/V1e27_D1000_G4/solution/solution-00068 
 69 9.608743463247e+10 1.392571516413e+09 768 7235 3201 10 5 6 6 6.86638615e-11 1.15845141e-10 outputs/V1e27_D1000_G4/solution/solution-00069 
 70 9.748000614888e+10 1.392571516413e+09 768 7235 3201 10 5 6 6 6.51247951e-11 1.09874262e-10 outputs/V1e27_D1000_G4/solution/solution-00070 
 71 9.887257766530e+10 1.392571516413e+09 768 7235 3201 10 5 6 6 6.17681389e-11 1.04211133e-10 outputs/V1e27_D1000_G4/solution/solution-00071 
 72 1.002651491817e+11 1.392571516413e+09 768 7235 3201 10 5 6 6 5.85844912e-11 9.88398921e-11 outputs/V1e27_D1000_G4/solution/solution-00072 
 73 1.016577206981e+11 1.392571516413e+09 768 7235 3201 10 5 6 6 5.55649347e-11 9.37454956e-11 outputs/V1e27_D1000_G4/solution/solution-00073 
 74 1.030502922145e+11 1.392571516413e+09 768 7235 3201 10 5 6 6 5.27010120e-11 8.89136739e-11 outputs/V1e27_D1000_G4/solution/solution-00074 
 75 1.044428637309e+11 1.392571516413e+09 768 7235 3201 10 5 6 6 4.99847013e-11 8.43308935e-11 outputs/V1e27_D1000_G4/solution/solution-00075 
 76 1.058354352474e+11 1.392571516413e+09 768 7235 3201 10 5 6 6 4.74083944e-11 7.99843184e-11 outputs/V1e27_D1000_G4/solution/solution-00076 
 77 1.072280067638e+11 1.392571516413e+09 768 7235 3201  9 5 6 6 4.49648755e-11 7.58617744e-11 outputs/V1e27_D1000_G4/solution/solution-00077 
 78 1.086205782802e+11 1.392571516413e+09 768 7235 3201  9 5 6 6 4.26473004e-11 7.19517144e-11 outputs/V1e27_D1000_G4/solution/solution-00078 
 79 1.100131497966e+11 1.392571516413e+09 768 7235 3201  9 5 6 6 4.04491774e-11 6.82431862e-11 outputs/V1e27_D1000_G4/solution/solution-00079 
 80 1.114057213130e+11 1.392571516413e+09 768 7235 3201  9 5 6 6 3.83643500e-11 6.47258027e-11 outputs/V1e27_D1000_G4/solution/solution-00080 
 81 1.127982928294e+11 1.392571516413e+09 768 7235 3201  9 5 6 6 3.63869785e-11 6.13897119e-11 outputs/V1e27_D1000_G4/solution/solution-00081 
 82 1.141908643458e+11 1.392571516413e+09 768 7235 3201  9 5 6 6 3.45115244e-11 5.82255696e-11 outputs/V1e27_D1000_G4/solution/solution-00082 
 83 1.155834358622e+11 1.392571516413e+09 768 7235 3201  9 5 6 6 3.27327349e-11 5.52245131e-11 outputs/V1e27_D1000_G4/solution/solution-00083 
 84 1.169760073787e+11 1.392571516413e+09 768 7235 3201  9 5 6 6 3.10456275e-11 5.23781367e-11 outputs/V1e27_D1000_G4/solution/solution-00084 
 85 1.183685788951e+11 1.392571516413e+09 768 7235 3201  9 5 6 6 2.94454769e-11 4.96784681e-11 outputs/V1e27_D1000_G4/solution/solution-00085 
 86 1.197611504115e+11 1.392571516413e+09 768 7235 3201  9 5 6 6 2.79278011e-11 4.71179454e-11 outputs/V1e27_D1000_G4/solution/solution-00086 
 87 1.211537219279e+11 1.392571516413e+09 768 7235 3201  9 5 6 6 2.64883491e-11 4.46893971e-11 outputs/V1e27_D1000_G4/solution/solution-00087 
 88 1.225462934443e+11 1.392571516413e+09 768 7235 3201  9 5 6 6 2.51230893e-11 4.23860206e-11 outputs/V1e27_D1000_G4/solution/solution-00088 
 89 1.239388649607e+11 1.392571516413e+09 768 7235 3201  9 5 6 6 2.38281975e-11 4.02013645e-11 outputs/V1e27_D1000_G4/solution/solution-00089 
 90 1.253314364771e+11 1.392571516413e+09 768 7235 3201  9 5 6 6 2.26000469e-11 3.81293099e-11 outputs/V1e27_D1000_G4/solution/solution-00090 
 91 1.267240079935e+11 1.392571516413e+09 768 7235 3201  9 5 6 6 2.14351976e-11 3.61640528e-11 outputs/V1e27_D1000_G4/solution/solution-00091 
 92 1.281165795100e+11 1.392571516413e+09 768 7235 3201  9 5 6 6 2.03303867e-11 3.43000887e-11 outputs/V1e27_D1000_G4/solution/solution-00092 
 93 1.295091510264e+11 1.392571516413e+09 768 7235 3201  9 5 6 6 1.92825200e-11 3.25321970e-11 outputs/V1e27_D1000_G4/solution/solution-00093 
 94 1.309017225428e+11 1.392571516413e+09 768 7235 3201  9 5 6 6 1.82886623e-11 3.08554257e-11 outputs/V1e27_D1000_G4/solution/solution-00094 
 95 1.322942940592e+11 1.392571516413e+09 768 7235 3201  8 5 6 6 1.73460298e-11 2.92650783e-11 outputs/V1e27_D1000_G4/solution/solution-00095 
 96 1.336868655756e+11 1.392571516413e+09 768 7235 3201  8 5 6 6 1.64519824e-11 2.77567003e-11 outputs/V1e27_D1000_G4/solution/solution-00096 
 97 1.350794370920e+11 1.392571516413e+09 768 7235 3201  8 5 6 6 1.56040159e-11 2.63260671e-11 outputs/V1e27_D1000_G4/solution/solution-00097 
 98 1.364720086084e+11 1.392571516413e+09 768 7235 3201  8 5 6 6 1.47997552e-11 2.49691714e-11 outputs/V1e27_D1000_G4/solution/solution-00098 
 99 1.378645801248e+11 1.392571516413e+09 768 7235 3201  8 5 6 6 1.40369476e-11 2.36822127e-11 outputs/V1e27_D1000_G4/solution/solution-00099 
100 1.392571516413e+11 1.392571516413e+09 768 7235 3201  8 5 6 6 1.33134566e-11 2.24615863e-11 outputs/V1e27_D1000_G4/solution/solution-00100 
