# 1: Time step number
# 2: Time (years)
# 3: Time step size (years)
# 4: Number of mesh cells
# 5: Number of Stokes degrees of freedom
# 6: Number of temperature degrees of freedom
# 7: Iterations for temperature solver
# 8: Iterations for Stokes solver
# 9: Velocity iterations in Stokes preconditioner
# 10: Schur complement iterations in Stokes preconditioner
# 11: RMS velocity (m/year)
# 12: Max. velocity (m/year)
# 13: Visualization file name
  0 0.000000000000e+00 0.000000000000e+00 768 7235 3201  0 8 9 9 1.03500075e-05 5.02851969e-05 outputs/V1e24_D10000_G12/solution/solution-00000 
  1 1.392571516413e+09 1.392571516413e+09 768 7235 3201 32 8 9 9 2.68328333e-04 4.66325101e-04 outputs/V1e24_D10000_G12/solution/solution-00001 
  2 1.593611519900e+09 2.010400034876e+08 768 7235 3201 14 8 9 9 1.60156056e-03 2.80662332e-03 outputs/V1e24_D10000_G12/solution/solution-00002 
  3 1.627014648594e+09 3.340312869385e+07 768 7235 3201 14 8 9 9 2.92618005e-03 5.13572790e-03 outputs/V1e24_D10000_G12/solution/solution-00003 
  4 1.645269120379e+09 1.825447178501e+07 768 7235 3201 15 7 8 8 4.30421815e-03 7.56188157e-03                                               "" 
  5 1.657670835119e+09 1.240171474018e+07 768 7235 3201 15 7 8 8 5.68046942e-03 9.98636743e-03                                               "" 
  6 1.667062447431e+09 9.391612311783e+06 768 7235 3201 15 7 8 8 7.03716186e-03 1.23766548e-02                                               "" 
  7 1.674637959878e+09 7.575512446983e+06 768 7235 3201 15 6 7 7 8.36761831e-03 1.47200048e-02                                               "" 
  8 1.681005530307e+09 6.367570429038e+06 768 7235 3201 15 6 7 7 9.66946178e-03 1.70139438e-02 outputs/V1e24_D10000_G12/solution/solution-00004 
  9 1.686513723158e+09 5.508192850901e+06 768 7235 3201 15 6 7 7 1.09414304e-02 1.92624056e-02                                               "" 
 10 1.691380442346e+09 4.866719187698e+06 768 7235 3201 15 6 7 7 1.21824929e-02 2.14559271e-02                                               "" 
 11 1.695750949576e+09 4.370507230579e+06 768 7235 3201 15 6 7 7 1.33915712e-02 2.35918157e-02                                               "" 
 12 1.699726934393e+09 3.975984817236e+06 768 7235 3201 15 6 7 7 1.45674591e-02 2.56672173e-02                                               "" 
 13 1.703380078209e+09 3.653143815220e+06 768 7235 3201 15 6 7 7 1.57080806e-02 2.76832354e-02 outputs/V1e24_D10000_G12/solution/solution-00005 
 14 1.706766604341e+09 3.386526131913e+06 768 7235 3201 15 6 7 7 1.68121422e-02 2.96373125e-02                                               "" 
 15 1.709929846619e+09 3.163242278319e+06 768 7235 3201 15 6 7 7 1.78783159e-02 3.15220714e-02                                               "" 
 16 1.712903953195e+09 2.974106576365e+06 768 7235 3201 15 6 7 7 1.89052671e-02 3.33345590e-02                                               "" 
 17 1.715716349781e+09 2.812396586185e+06 768 7235 3201 15 6 7 7 1.98916738e-02 3.50799211e-02                                               "" 
 18 1.718389430604e+09 2.673080822836e+06 768 7235 3201 15 6 7 7 2.08362381e-02 3.67523644e-02 outputs/V1e24_D10000_G12/solution/solution-00006 
 19 1.720941751423e+09 2.552320818561e+06 768 7235 3201 15 6 7 7 2.17377139e-02 3.83451189e-02                                               "" 
 20 1.723387439597e+09 2.445688174273e+06 768 7235 3201 15 6 7 7 2.25944139e-02 3.98546737e-02                                               "" 
 21 1.725739859569e+09 2.352419971516e+06 768 7235 3201 15 6 7 7 2.34052762e-02 4.12786805e-02                                               "" 
 22 1.728010522817e+09 2.270663248155e+06 768 7235 3201 15 6 7 7 2.41693609e-02 4.26150353e-02                                               "" 
 23 1.730209403681e+09 2.198880864425e+06 768 7235 3201 15 6 7 7 2.48858460e-02 4.38845260e-02 outputs/V1e24_D10000_G12/solution/solution-00007 
 24 1.732345226243e+09 2.135822561428e+06 768 7235 3201 15 6 7 7 2.55540345e-02 4.50637818e-02                                               "" 
 25 1.734425689260e+09 2.080463017682e+06 768 7235 3201 15 6 7 7 2.61733403e-02 4.61511645e-02                                               "" 
 26 1.736457645768e+09 2.031956507934e+06 768 7235 3201 15 6 7 7 2.67432902e-02 4.71453273e-02                                               "" 
 27 1.738447247275e+09 1.989601506959e+06 768 7235 3201 15 6 7 7 2.72635284e-02 4.80451751e-02                                               "" 
 28 1.740399184478e+09 1.951937203226e+06 768 7235 3201 15 6 7 7 2.77336080e-02 4.88495186e-02 outputs/V1e24_D10000_G12/solution/solution-00008 
 29 1.742318399590e+09 1.919215111311e+06 768 7235 3201 15 6 7 7 2.81534164e-02 4.95711500e-02                                               "" 
 30 1.744209620594e+09 1.891221003947e+06 768 7235 3201 15 6 7 7 2.85229927e-02 5.01980549e-02                                               "" 
 31 1.746077222838e+09 1.867602244757e+06 768 7235 3201 15 6 7 7 2.88424573e-02 5.07287101e-02                                               "" 
 32 1.747925288752e+09 1.848065913066e+06 768 7235 3201 15 6 7 7 2.91120298e-02 5.11632693e-02                                               "" 
 33 1.749757657974e+09 1.832369222191e+06 768 7235 3201 15 6 7 7 2.93319937e-02 5.15020972e-02 outputs/V1e24_D10000_G12/solution/solution-00009 
 34 1.751577972195e+09 1.820314221325e+06 768 7235 3201 15 6 7 7 2.95026998e-02 5.17600729e-02                                               "" 
 35 1.753389714279e+09 1.811742083597e+06 768 7235 3201 15 6 7 7 2.96245579e-02 5.19238612e-02                                               "" 
 36 1.755196243224e+09 1.806528945346e+06 768 7235 3201 15 5 6 6 2.96979408e-02 5.19938440e-02                                               "" 
 37 1.757000014857e+09 1.803771632552e+06 768 7235 3201 15 5 6 6 2.97233577e-02 5.19711476e-02                                               "" 
 38 1.758804158504e+09 1.804143647630e+06 768 7235 3201 15 5 6 6 2.97015993e-02 5.18574019e-02 outputs/V1e24_D10000_G12/solution/solution-00010 
 39 1.760611851506e+09 1.807693001471e+06 768 7235 3201 15 6 7 7 2.96335993e-02 5.16545344e-02                                               "" 
 40 1.762426243587e+09 1.814392081019e+06 768 7235 3201 15 6 7 7 2.95203308e-02 5.13736286e-02                                               "" 
 41 1.764250483075e+09 1.824239488322e+06 768 7235 3201 15 6 7 7 2.93627536e-02 5.10283130e-02                                               "" 
 42 1.766087744780e+09 1.837261704676e+06 768 7235 3201 15 6 7 7 2.91618159e-02 5.06242678e-02                                               "" 
 43 1.767939885523e+09 1.852140743125e+06 768 7235 3201 15 6 7 7 2.89186617e-02 5.01389262e-02 outputs/V1e24_D10000_G12/solution/solution-00011 
 44 1.769809690225e+09 1.869804702272e+06 768 7235 3201 15 6 7 7 2.86344317e-02 4.95709139e-02                                               "" 
 45 1.771700920234e+09 1.891230009136e+06 768 7235 3201 15 6 7 7 2.83101685e-02 4.89161673e-02                                               "" 
 46 1.773617464503e+09 1.916544268463e+06 768 7235 3201 15 6 7 7 2.79468939e-02 4.81778930e-02                                               "" 
 47 1.775563377746e+09 1.945913242880e+06 768 7235 3201 15 6 7 7 2.75456191e-02 4.73733317e-02                                               "" 
 48 1.777542921303e+09 1.979543557901e+06 768 7235 3201 15 6 7 7 2.71073365e-02 4.64935886e-02 outputs/V1e24_D10000_G12/solution/solution-00012 
 49 1.779560140752e+09 2.017219448901e+06 768 7235 3201 15 6 7 7 2.66331289e-02 4.55392592e-02                                               "" 
 50 1.781618999697e+09 2.058858944507e+06 768 7235 3201 15 6 7 7 2.61241838e-02 4.45142377e-02                                               "" 
 51 1.783724647417e+09 2.105647720526e+06 768 7235 3201 15 6 7 7 2.55814928e-02 4.34401891e-02                                               "" 
 52 1.785882647816e+09 2.158000398338e+06 768 7235 3201 15 6 7 7 2.50060354e-02 4.23401899e-02                                               "" 
 53 1.788096900917e+09 2.214253101116e+06 768 7235 3201 15 6 7 7 2.43993777e-02 4.11865934e-02 outputs/V1e24_D10000_G12/solution/solution-00013 
 54 1.790372520921e+09 2.275620004308e+06 768 7235 3201 15 6 7 7 2.37629414e-02 4.03674748e-02                                               "" 
 55 1.792694935200e+09 2.322414279070e+06 768 7235 3201 15 6 7 7 2.31039546e-02 3.98244244e-02                                               "" 
 56 1.795049018188e+09 2.354082988029e+06 768 7235 3201 15 6 7 7 2.24301466e-02 3.92402980e-02                                               "" 
 57 1.797438143776e+09 2.389125588096e+06 768 7235 3201 15 6 7 7 2.17440164e-02 3.86174459e-02                                               "" 
 58 1.799865803034e+09 2.427659257674e+06 768 7235 3201 15 6 7 7 2.10479249e-02 3.79581789e-02 outputs/V1e24_D10000_G12/solution/solution-00014 
 59 1.802335626475e+09 2.469823440489e+06 768 7235 3201 15 6 7 7 2.03441053e-02 3.72647889e-02 outputs/V1e24_D10000_G12/solution/solution-00015 
 60 1.804851406192e+09 2.515779717930e+06 768 7235 3201 15 6 7 7 1.96346812e-02 3.65396117e-02                                               "" 
 61 1.807417114900e+09 2.565708707436e+06 768 7235 3201 15 6 7 7 1.89216639e-02 3.57870044e-02                                               "" 
 62 1.810036928199e+09 2.619813299591e+06 768 7235 3201 14 6 7 7 1.82069499e-02 3.50133542e-02                                               "" 
 63 1.812715249188e+09 2.678320988359e+06 768 7235 3201 14 6 7 7 1.74923341e-02 3.42143489e-02                                               "" 
 64 1.815456731070e+09 2.741481882668e+06 768 7235 3201 14 6 7 7 1.67795254e-02 3.33923840e-02 outputs/V1e24_D10000_G12/solution/solution-00016 
 65 1.818266304471e+09 2.809573400375e+06 768 7235 3201 14 6 7 7 1.60701598e-02 3.25498070e-02                                               "" 
 66 1.821149211460e+09 2.882906989569e+06 768 7235 3201 14 6 7 7 1.53658028e-02 3.16889587e-02                                               "" 
 67 1.824111039324e+09 2.961827863490e+06 768 7235 3201 14 6 7 7 1.46679471e-02 3.08121252e-02                                               "" 
 68 1.827157021018e+09 3.045981694418e+06 768 7235 3201 14 6 7 7 1.39781738e-02 2.99217500e-02                                               "" 
 69 1.830293089714e+09 3.136068696019e+06 768 7235 3201 14 6 7 7 1.32979134e-02 2.90202219e-02 outputs/V1e24_D10000_G12/solution/solution-00017 
 70 1.833526011430e+09 3.232921715467e+06 768 7235 3201 13 6 7 7 1.26284418e-02 2.81098350e-02                                               "" 
 71 1.836863040743e+09 3.337029312973e+06 768 7235 3201 13 6 7 7 1.19709867e-02 2.71928776e-02                                               "" 
 72 1.840311966708e+09 3.448925965227e+06 768 7235 3201 13 6 7 7 1.13267222e-02 2.62716257e-02                                               "" 
 73 1.843881162627e+09 3.569195919081e+06 768 7235 3201 13 6 7 7 1.06967692e-02 2.53483047e-02                                               "" 
 74 1.847579644409e+09 3.698481782027e+06 768 7235 3201 13 6 7 7 1.00822098e-02 2.44250940e-02 outputs/V1e24_D10000_G12/solution/solution-00018 
 75 1.851417133943e+09 3.837489533805e+06 768 7235 3201 13 6 7 7 9.48407689e-03 2.35041489e-02                                               "" 
 76 1.855404124075e+09 3.986990131856e+06 768 7235 3201 13 6 7 7 8.90336158e-03 2.25875954e-02                                               "" 
 77 1.859551948474e+09 4.147824399338e+06 768 7235 3201 13 6 7 7 8.34100810e-03 2.16783553e-02                                               "" 
 78 1.863872863342e+09 4.320914867400e+06 768 7235 3201 13 6 7 7 7.79791092e-03 2.07880558e-02                                               "" 
 79 1.868380134994e+09 4.507271652101e+06 768 7235 3201 12 6 7 7 7.27491011e-03 1.99078849e-02 outputs/V1e24_D10000_G12/solution/solution-00019 
 80 1.873088133699e+09 4.707998705770e+06 768 7235 3201 12 6 7 7 6.77278718e-03 1.90396656e-02                                               "" 
 81 1.878012437248e+09 4.924303549082e+06 768 7235 3201 12 6 7 7 6.29225970e-03 1.81851712e-02                                               "" 
 82 1.883169930516e+09 5.157493267537e+06 768 7235 3201 12 6 7 7 5.83396976e-03 1.73461043e-02                                               "" 
 83 1.888578912949e+09 5.408982433246e+06 768 7235 3201 12 6 7 7 5.39846779e-03 1.65240966e-02                                               "" 
 84 1.894256163846e+09 5.677250896329e+06 768 7235 3201 12 6 7 7 4.98641619e-03 1.57211465e-02 outputs/V1e24_D10000_G12/solution/solution-00020 
 85 1.900220006985e+09 5.963843139243e+06 768 7235 3201 12 6 7 7 4.59828591e-03 1.49465850e-02 outputs/V1e24_D10000_G12/solution/solution-00021 
 86 1.906492342784e+09 6.272335799645e+06 768 7235 3201 12 6 7 7 4.23424764e-03 1.41952777e-02                                               "" 
 87 1.913096651758e+09 6.604308973453e+06 768 7235 3201 12 6 7 7 3.89431544e-03 1.34670052e-02                                               "" 
 88 1.920058110420e+09 6.961458661594e+06 768 7235 3201 12 6 7 7 3.57833173e-03 1.27676419e-02                                               "" 
 89 1.927403625158e+09 7.345514738374e+06 768 7235 3201 12 6 7 7 3.28595085e-03 1.20966712e-02                                               "" 
 90 1.935161151217e+09 7.757526058937e+06 768 7235 3201 12 6 7 7 3.01664994e-03 1.14499337e-02 outputs/V1e24_D10000_G12/solution/solution-00022 
 91 1.943352055128e+09 8.190903911515e+06 768 7235 3201 11 6 7 7 2.76994715e-03 1.08292867e-02                                               "" 
 92 1.952007462057e+09 8.655406928790e+06 768 7235 3201 11 6 7 7 2.54486042e-03 1.02363630e-02                                               "" 
 93 1.961159002697e+09 9.151540639985e+06 768 7235 3201 11 6 7 7 2.34028325e-03 9.68384219e-03                                               "" 
 94 1.970838591534e+09 9.679588836519e+06 768 7235 3201 11 6 7 7 2.15497446e-03 9.16089860e-03                                               "" 
 95 1.981078244183e+09 1.023965264898e+07 768 7235 3201 11 6 7 7 1.98756144e-03 8.66913979e-03 outputs/V1e24_D10000_G12/solution/solution-00023 
 96 1.991894769595e+09 1.081652541253e+07 768 7235 3201 11 6 7 7 1.83676273e-03 8.21848173e-03                                               "" 
 97 2.003301986047e+09 1.140721645220e+07 768 7235 3201 11 6 7 7 1.70113853e-03 7.80168642e-03 outputs/V1e24_D10000_G12/solution/solution-00024 
 98 2.015318618721e+09 1.201663267346e+07 768 7235 3201 11 6 7 7 1.57901367e-03 7.41632069e-03                                               "" 
 99 2.027968553389e+09 1.264993466849e+07 768 7235 3201 11 6 7 7 1.46872007e-03 7.05221826e-03                                               "" 
100 2.041281412618e+09 1.331285922915e+07 768 7235 3201 11 6 7 7 1.36870385e-03 6.70603126e-03                                               "" 
