# 1: Time step number
# 2: Time (years)
# 3: Time step size (years)
# 4: Number of mesh cells
# 5: Number of Stokes degrees of freedom
# 6: Number of temperature degrees of freedom
# 7: Iterations for temperature solver
# 8: Iterations for Stokes solver
# 9: Velocity iterations in Stokes preconditioner
# 10: Schur complement iterations in Stokes preconditioner
# 11: RMS velocity (m/year)
# 12: Max. velocity (m/year)
# 13: Visualization file name
  0 0.000000000000e+00 0.000000000000e+00 768 7235 3201  0 8 9 9 2.79920410e-07 4.72263258e-07 outputs/V3.3e25_D1000_G14/solution/solution-00000 
  1 1.392571516413e+09 1.392571516413e+09 768 7235 3201 20 7 8 8 3.02592010e-07 5.10513289e-07 outputs/V3.3e25_D1000_G14/solution/solution-00001 
  2 2.785143032825e+09 1.392571516413e+09 768 7235 3201 15 6 7 7 3.28544910e-07 5.54299313e-07 outputs/V3.3e25_D1000_G14/solution/solution-00002 
  3 4.177714549238e+09 1.392571516413e+09 768 7235 3201 15 6 7 7 3.57273831e-07 6.02768862e-07 outputs/V3.3e25_D1000_G14/solution/solution-00003 
  4 5.570286065650e+09 1.392571516413e+09 768 7235 3201 15 6 7 7 3.88723346e-07 6.55828418e-07 outputs/V3.3e25_D1000_G14/solution/solution-00004 
  5 6.962857582063e+09 1.392571516413e+09 768 7235 3201 15 6 7 7 4.23020094e-07 7.13691642e-07 outputs/V3.3e25_D1000_G14/solution/solution-00005 
  6 8.355429098476e+09 1.392571516413e+09 768 7235 3201 15 6 7 7 4.60372595e-07 7.76710335e-07 outputs/V3.3e25_D1000_G14/solution/solution-00006 
  7 9.748000614888e+09 1.392571516413e+09 768 7235 3201 15 6 7 7 5.01034515e-07 8.45312465e-07 outputs/V3.3e25_D1000_G14/solution/solution-00007 
  8 1.114057213130e+10 1.392571516413e+09 768 7235 3201 15 6 7 7 5.45292027e-07 9.19980848e-07 outputs/V3.3e25_D1000_G14/solution/solution-00008 
  9 1.253314364771e+10 1.392571516413e+09 768 7235 3201 15 6 7 7 5.93460400e-07 1.00124738e-06 outputs/V3.3e25_D1000_G14/solution/solution-00009 
 10 1.392571516413e+10 1.392571516413e+09 768 7235 3201 15 6 7 7 6.45884185e-07 1.08969338e-06 outputs/V3.3e25_D1000_G14/solution/solution-00010 
 11 1.531828668054e+10 1.392571516413e+09 768 7235 3201 15 6 7 7 7.02938904e-07 1.18595240e-06 outputs/V3.3e25_D1000_G14/solution/solution-00011 
 12 1.671085819695e+10 1.392571516413e+09 768 7235 3201 15 6 7 7 7.65033442e-07 1.29071428e-06 outputs/V3.3e25_D1000_G14/solution/solution-00012 
 13 1.810342971336e+10 1.392571516413e+09 768 7235 3201 15 6 7 7 8.32612858e-07 1.40472990e-06 outputs/V3.3e25_D1000_G14/solution/solution-00013 
 14 1.949600122978e+10 1.392571516413e+09 768 7235 3201 15 6 7 7 9.06161529e-07 1.52881649e-06 outputs/V3.3e25_D1000_G14/solution/solution-00014 
 15 2.088857274619e+10 1.392571516413e+09 768 7235 3201 15 6 7 7 9.86206593e-07 1.66386339e-06 outputs/V3.3e25_D1000_G14/solution/solution-00015 
 16 2.228114426260e+10 1.392571516413e+09 768 7235 3201 16 6 7 7 1.07332171e-06 1.81083847e-06 outputs/V3.3e25_D1000_G14/solution/solution-00016 
 17 2.367371577901e+10 1.392571516413e+09 768 7235 3201 16 6 7 7 1.16813117e-06 1.97079498e-06 outputs/V3.3e25_D1000_G14/solution/solution-00017 
 18 2.506628729543e+10 1.392571516413e+09 768 7235 3201 16 6 7 7 1.27131430e-06 2.14487908e-06 outputs/V3.3e25_D1000_G14/solution/solution-00018 
 19 2.645885881184e+10 1.392571516413e+09 768 7235 3201 16 6 7 7 1.38361037e-06 2.33433802e-06 outputs/V3.3e25_D1000_G14/solution/solution-00019 
 20 2.785143032825e+10 1.392571516413e+09 768 7235 3201 16 6 7 7 1.50582381e-06 2.54052901e-06 outputs/V3.3e25_D1000_G14/solution/solution-00020 
 21 2.924400184466e+10 1.392571516413e+09 768 7235 3201 16 6 7 7 1.63882993e-06 2.76492886e-06 outputs/V3.3e25_D1000_G14/solution/solution-00021 
 22 3.063657336108e+10 1.392571516413e+09 768 7235 3201 16 6 7 7 1.78358117e-06 3.00914449e-06 outputs/V3.3e25_D1000_G14/solution/solution-00022 
 23 3.202914487749e+10 1.392571516413e+09 768 7235 3201 16 6 7 7 1.94111380e-06 3.27492430e-06 outputs/V3.3e25_D1000_G14/solution/solution-00023 
 24 3.342171639390e+10 1.392571516413e+09 768 7235 3201 16 6 7 7 2.11255528e-06 3.56417053e-06 outputs/V3.3e25_D1000_G14/solution/solution-00024 
 25 3.481428791032e+10 1.392571516413e+09 768 7235 3201 16 6 7 7 2.29913219e-06 3.87895270e-06 outputs/V3.3e25_D1000_G14/solution/solution-00025 
 26 3.620685942673e+10 1.392571516413e+09 768 7235 3201 16 6 7 7 2.50217888e-06 4.22152213e-06 outputs/V3.3e25_D1000_G14/solution/solution-00026 
 27 3.759943094314e+10 1.392571516413e+09 768 7235 3201 17 6 7 7 2.72314677e-06 4.59432774e-06 outputs/V3.3e25_D1000_G14/solution/solution-00027 
 28 3.899200245955e+10 1.392571516413e+09 768 7235 3201 17 6 7 7 2.96361450e-06 5.00003311e-06 outputs/V3.3e25_D1000_G14/solution/solution-00028 
 29 4.038457397597e+10 1.392571516413e+09 768 7235 3201 17 6 7 7 3.22529888e-06 5.44153498e-06 outputs/V3.3e25_D1000_G14/solution/solution-00029 
 30 4.177714549238e+10 1.392571516413e+09 768 7235 3201 17 6 7 7 3.51006670e-06 5.92198322e-06 outputs/V3.3e25_D1000_G14/solution/solution-00030 
 31 4.316971700879e+10 1.392571516413e+09 768 7235 3201 17 6 7 7 3.81994750e-06 6.44480239e-06 outputs/V3.3e25_D1000_G14/solution/solution-00031 
 32 4.456228852520e+10 1.392571516413e+09 768 7235 3201 17 6 7 7 4.15714738e-06 7.01371500e-06 outputs/V3.3e25_D1000_G14/solution/solution-00032 
 33 4.595486004162e+10 1.392571516413e+09 768 7235 3201 17 6 7 7 4.52406370e-06 7.63276649e-06 outputs/V3.3e25_D1000_G14/solution/solution-00033 
 34 4.734743155803e+10 1.392571516413e+09 768 7235 3201 17 6 7 7 4.92330106e-06 8.30635205e-06 outputs/V3.3e25_D1000_G14/solution/solution-00034 
 35 4.874000307444e+10 1.392571516413e+09 768 7235 3201 17 6 7 7 5.35768818e-06 9.03924536e-06 outputs/V3.3e25_D1000_G14/solution/solution-00035 
 36 5.013257459085e+10 1.392571516413e+09 768 7235 3201 17 6 7 7 5.83029607e-06 9.83662914e-06 outputs/V3.3e25_D1000_G14/solution/solution-00036 
 37 5.152514610727e+10 1.392571516413e+09 768 7235 3201 17 6 7 7 6.34445721e-06 1.07041277e-05 outputs/V3.3e25_D1000_G14/solution/solution-00037 
 38 5.291771762368e+10 1.392571516413e+09 768 7235 3201 17 6 7 7 6.90378584e-06 1.16478414e-05 outputs/V3.3e25_D1000_G14/solution/solution-00038 
 39 5.431028914009e+10 1.392571516413e+09 768 7235 3201 17 6 7 7 7.51219921e-06 1.26743824e-05 outputs/V3.3e25_D1000_G14/solution/solution-00039 
 40 5.570286065650e+10 1.392571516413e+09 768 7235 3201 18 6 7 7 8.17393971e-06 1.37909123e-05 outputs/V3.3e25_D1000_G14/solution/solution-00040 
 41 5.709543217292e+10 1.392571516413e+09 768 7235 3201 18 6 7 7 8.89359757e-06 1.50051810e-05 outputs/V3.3e25_D1000_G14/solution/solution-00041 
 42 5.848800368933e+10 1.392571516413e+09 768 7235 3201 18 6 7 7 9.67613397e-06 1.63255655e-05 outputs/V3.3e25_D1000_G14/solution/solution-00042 
 43 5.988057520574e+10 1.392571516413e+09 768 7235 3201 18 6 7 7 1.05269039e-05 1.77611094e-05 outputs/V3.3e25_D1000_G14/solution/solution-00043 
 44 6.127314672215e+10 1.392571516413e+09 768 7235 3201 18 6 7 7 1.14516783e-05 1.93215604e-05 outputs/V3.3e25_D1000_G14/solution/solution-00044 
 45 6.266571823857e+10 1.392571516413e+09 768 7235 3201 18 6 7 7 1.24566646e-05 2.10174061e-05 outputs/V3.3e25_D1000_G14/solution/solution-00045 
 46 6.405828975498e+10 1.392571516413e+09 768 7235 3201 18 6 7 7 1.35485250e-05 2.28599048e-05 outputs/V3.3e25_D1000_G14/solution/solution-00046 
 47 6.545086127139e+10 1.392571516413e+09 768 7235 3201 18 6 7 7 1.47343895e-05 2.48611098e-05 outputs/V3.3e25_D1000_G14/solution/solution-00047 
 48 6.684343278781e+10 1.392571516413e+09 768 7235 3201 18 6 7 7 1.60218643e-05 2.70338841e-05 outputs/V3.3e25_D1000_G14/solution/solution-00048 
 49 6.823600430422e+10 1.392571516413e+09 768 7235 3201 18 6 7 7 1.74190308e-05 2.93919002e-05 outputs/V3.3e25_D1000_G14/solution/solution-00049 
 50 6.962857582063e+10 1.392571516413e+09 768 7235 3201 19 6 7 7 1.89344335e-05 3.19496226e-05 outputs/V3.3e25_D1000_G14/solution/solution-00050 
 51 7.102114733704e+10 1.392571516413e+09 768 7235 3201 19 6 7 7 2.05770522e-05 3.47222626e-05 outputs/V3.3e25_D1000_G14/solution/solution-00051 
 52 7.241371885346e+10 1.392571516413e+09 768 7235 3201 19 6 7 7 2.23562544e-05 3.77257012e-05 outputs/V3.3e25_D1000_G14/solution/solution-00052 
 53 7.380629036987e+10 1.392571516413e+09 768 7235 3201 19 6 7 7 2.42817212e-05 4.09763678e-05 outputs/V3.3e25_D1000_G14/solution/solution-00053 
 54 7.519886188628e+10 1.392571516413e+09 768 7235 3201 19 6 7 7 2.63633400e-05 4.44910628e-05 outputs/V3.3e25_D1000_G14/solution/solution-00054 
 55 7.659143340269e+10 1.392571516413e+09 768 7235 3201 19 6 7 7 2.86110557e-05 4.82867115e-05 outputs/V3.3e25_D1000_G14/solution/solution-00055 
 56 7.798400491911e+10 1.392571516413e+09 768 7235 3201 19 6 7 7 3.10346702e-05 5.23800297e-05 outputs/V3.3e25_D1000_G14/solution/solution-00056 
 57 7.937657643552e+10 1.392571516413e+09 768 7235 3201 19 6 7 7 3.36435790e-05 5.67870850e-05 outputs/V3.3e25_D1000_G14/solution/solution-00057 
 58 8.076914795193e+10 1.392571516413e+09 768 7235 3201 19 6 7 7 3.64464342e-05 6.15227311e-05 outputs/V3.3e25_D1000_G14/solution/solution-00058 
 59 8.216171946834e+10 1.392571516413e+09 768 7235 3201 20 6 7 7 3.94507208e-05 6.65998962e-05 outputs/V3.3e25_D1000_G14/solution/solution-00059 
 60 8.355429098476e+10 1.392571516413e+09 768 7235 3201 20 6 7 7 4.26622362e-05 7.20287032e-05 outputs/V3.3e25_D1000_G14/solution/solution-00060 
 61 8.485585544249e+10 1.301564457734e+09 768 7235 3201 19 6 7 7 4.58559067e-05 7.74288756e-05 outputs/V3.3e25_D1000_G14/solution/solution-00061 
 62 8.606664404332e+10 1.210788600834e+09 768 7235 3201 18 6 7 7 4.89951227e-05 8.27385115e-05 outputs/V3.3e25_D1000_G14/solution/solution-00062 
 63 8.719973186829e+10 1.133087824965e+09 768 7235 3201 18 6 7 7 5.20785821e-05 8.79553660e-05 outputs/V3.3e25_D1000_G14/solution/solution-00063 
 64 8.826561339780e+10 1.065881529507e+09 768 7235 3201 17 6 7 7 5.51045343e-05 9.30764149e-05 outputs/V3.3e25_D1000_G14/solution/solution-00064 
 65 8.927285030197e+10 1.007236904170e+09 768 7235 3201 17 6 7 7 5.80711397e-05 9.80984611e-05 outputs/V3.3e25_D1000_G14/solution/solution-00065 
 66 9.022852278613e+10 9.556724841621e+08 768 7235 3201 16 6 7 7 6.09765936e-05 1.03018345e-04 outputs/V3.3e25_D1000_G14/solution/solution-00066 
 67 9.113855487681e+10 9.100320906801e+08 768 7235 3201 16 6 7 7 6.38191730e-05 1.07833025e-04 outputs/V3.3e25_D1000_G14/solution/solution-00067 
 68 9.200795458353e+10 8.693997067216e+08 768 7235 3201 15 6 7 7 6.65972559e-05 1.12539609e-04 outputs/V3.3e25_D1000_G14/solution/solution-00068 
 69 9.284099462086e+10 8.330400373280e+08 768 7235 3201 15 5 6 6 6.93093317e-05 1.17135378e-04 outputs/V3.3e25_D1000_G14/solution/solution-00069 
 70 9.364135059935e+10 8.003559784942e+08 768 7235 3201 15 5 6 6 7.19540081e-05 1.21617795e-04 outputs/V3.3e25_D1000_G14/solution/solution-00070 
 71 9.441220818352e+10 7.708575841707e+08 768 7235 3201 14 5 6 6 7.45300153e-05 1.25984519e-04 outputs/V3.3e25_D1000_G14/solution/solution-00071 
 72 9.515634723196e+10 7.441390484376e+08 768 7235 3201 14 5 6 6 7.70362100e-05 1.30233407e-04 outputs/V3.3e25_D1000_G14/solution/solution-00072 
 73 9.587620860985e+10 7.198613778921e+08 768 7235 3201 14 5 6 6 7.94715778e-05 1.34362528e-04 outputs/V3.3e25_D1000_G14/solution/solution-00073 
 74 9.657394778931e+10 6.977391794555e+08 768 7235 3201 14 5 6 6 8.18352349e-05 1.38370162e-04 outputs/V3.3e25_D1000_G14/solution/solution-00074 
 75 9.725147825388e+10 6.775304645673e+08 768 7235 3201 13 5 6 6 8.41264292e-05 1.42254807e-04 outputs/V3.3e25_D1000_G14/solution/solution-00075 
 76 9.791050694937e+10 6.590286954925e+08 768 7235 3201 13 5 6 6 8.63445402e-05 1.46015183e-04 outputs/V3.3e25_D1000_G14/solution/solution-00076 
 77 9.855256346784e+10 6.420565184689e+08 768 7235 3201 13 5 6 6 8.84890794e-05 1.49650230e-04 outputs/V3.3e25_D1000_G14/solution/solution-00077 
 78 9.917902424808e+10 6.264607802471e+08 768 7235 3201 13 5 6 6 9.05596887e-05 1.53159113e-04 outputs/V3.3e25_D1000_G14/solution/solution-00078 
 79 9.979113277932e+10 6.121085312335e+08 768 7235 3201 13 5 6 6 9.25561393e-05 1.56541220e-04 outputs/V3.3e25_D1000_G14/solution/solution-00079 
 80 1.003900165737e+11 5.988837943900e+08 768 7235 3201 12 5 6 6 9.44783301e-05 1.59796161e-04 outputs/V3.3e25_D1000_G14/solution/solution-00080 
 81 1.009767015075e+11 5.866849338086e+08 768 7235 3201 12 5 6 6 9.63262848e-05 1.62923766e-04 outputs/V3.3e25_D1000_G14/solution/solution-00081 
 82 1.015521240043e+11 5.754224968182e+08 768 7235 3201 12 5 6 6 9.81001501e-05 1.65924084e-04 outputs/V3.3e25_D1000_G14/solution/solution-00082 
 83 1.021171414373e+11 5.650174329311e+08 768 7235 3201 12 5 6 6 9.98001918e-05 1.68797380e-04 outputs/V3.3e25_D1000_G14/solution/solution-00083 
 84 1.026725410521e+11 5.553996148709e+08 768 7235 3201 12 5 6 6 1.01426792e-04 1.71544130e-04 outputs/V3.3e25_D1000_G14/solution/solution-00084 
 85 1.032190476555e+11 5.465066034116e+08 768 7235 3201 12 5 6 6 1.02980447e-04 1.74165017e-04 outputs/V3.3e25_D1000_G14/solution/solution-00085 
 86 1.037573302658e+11 5.382826102691e+08 768 7235 3201 12 5 6 6 1.04461760e-04 1.76660926e-04 outputs/V3.3e25_D1000_G14/solution/solution-00086 
 87 1.042880078887e+11 5.306776228489e+08 768 7235 3201 12 5 6 6 1.05871439e-04 1.79032937e-04 outputs/V3.3e25_D1000_G14/solution/solution-00087 
 88 1.048116545507e+11 5.236466620295e+08 768 7235 3201 12 5 6 6 1.07210297e-04 1.81282324e-04 outputs/V3.3e25_D1000_G14/solution/solution-00088 
 89 1.053288037006e+11 5.171491498821e+08 768 7235 3201 11 5 6 6 1.08479237e-04 1.83410543e-04 outputs/V3.3e25_D1000_G14/solution/solution-00089 
 90 1.058399520693e+11 5.111483687059e+08 768 7235 3201 11 5 6 6 1.09679261e-04 1.85419227e-04 outputs/V3.3e25_D1000_G14/solution/solution-00090 
 91 1.063455630656e+11 5.056109962872e+08 768 7235 3201 11 5 6 6 1.10811454e-04 1.87310178e-04 outputs/V3.3e25_D1000_G14/solution/solution-00091 
 92 1.068460697707e+11 5.005067050827e+08 768 7235 3201 11 5 6 6 1.11876985e-04 1.89088326e-04 outputs/V3.3e25_D1000_G14/solution/solution-00092 
 93 1.073418775859e+11 4.958078152523e+08 768 7235 3201 11 5 6 6 1.12877102e-04 1.90755293e-04 outputs/V3.3e25_D1000_G14/solution/solution-00093 
 94 1.078333665791e+11 4.914889932438e+08 768 7235 3201 11 5 6 6 1.13813126e-04 1.92310927e-04 outputs/V3.3e25_D1000_G14/solution/solution-00094 
 95 1.083208935682e+11 4.875269890751e+08 768 7235 3201 11 5 6 6 1.14686447e-04 1.93757604e-04 outputs/V3.3e25_D1000_G14/solution/solution-00095 
 96 1.088047939748e+11 4.839004066177e+08 768 7235 3201 11 5 6 6 1.15498519e-04 1.95097832e-04 outputs/V3.3e25_D1000_G14/solution/solution-00096 
 97 1.092853834770e+11 4.805895021381e+08 768 7235 3201 11 5 6 6 1.16250855e-04 1.96334236e-04 outputs/V3.3e25_D1000_G14/solution/solution-00097 
 98 1.097629594841e+11 4.775760071239e+08 768 7235 3201 11 5 6 6 1.16945022e-04 1.97469552e-04 outputs/V3.3e25_D1000_G14/solution/solution-00098 
 99 1.102378024562e+11 4.748429720579e+08 768 7235 3201 11 5 6 6 1.17582636e-04 1.98506620e-04 outputs/V3.3e25_D1000_G14/solution/solution-00099 
100 1.107101770845e+11 4.723746283288e+08 768 7235 3201 11 5 6 6 1.18165359e-04 1.99448368e-04 outputs/V3.3e25_D1000_G14/solution/solution-00100 
