# 1: Time step number
# 2: Time (years)
# 3: Time step size (years)
# 4: Number of mesh cells
# 5: Number of Stokes degrees of freedom
# 6: Number of temperature degrees of freedom
# 7: Iterations for temperature solver
# 8: Iterations for Stokes solver
# 9: Velocity iterations in Stokes preconditioner
# 10: Schur complement iterations in Stokes preconditioner
# 11: RMS velocity (m/year)
# 12: Max. velocity (m/year)
# 13: Visualization file name
  0 0.000000000000e+00 0.000000000000e+00 768 7235 3201  0 8 9 9 9.27689814e-07 1.65045307e-06 outputs/V1e25_D10_G14/solution/solution-00000 
  1 1.392571516413e+09 1.392571516413e+09 768 7235 3201 32 8 9 9 9.34657447e-07 1.61637543e-06 outputs/V1e25_D10_G14/solution/solution-00001 
  2 2.785143032825e+09 1.392571516413e+09 768 7235 3201 25 8 9 9 9.80880532e-07 1.75164896e-06 outputs/V1e25_D10_G14/solution/solution-00002 
  3 4.177714549238e+09 1.392571516413e+09 768 7235 3201 24 8 9 9 1.08068530e-06 1.99155445e-06 outputs/V1e25_D10_G14/solution/solution-00003 
  4 5.570286065650e+09 1.392571516413e+09 768 7235 3201 23 8 9 9 1.24795190e-06 2.35969706e-06 outputs/V1e25_D10_G14/solution/solution-00004 
  5 6.962857582063e+09 1.392571516413e+09 768 7235 3201 23 8 9 9 1.50203499e-06 2.89081889e-06 outputs/V1e25_D10_G14/solution/solution-00005 
  6 8.355429098476e+09 1.392571516413e+09 768 7235 3201 22 8 9 9 1.87129374e-06 3.63784794e-06 outputs/V1e25_D10_G14/solution/solution-00006 
  7 9.748000614888e+09 1.392571516413e+09 768 7235 3201 21 8 9 9 2.39752436e-06 4.67934552e-06 outputs/V1e25_D10_G14/solution/solution-00007 
  8 1.114057213130e+10 1.392571516413e+09 768 7235 3201 21 8 9 9 3.14182115e-06 6.12975256e-06 outputs/V1e25_D10_G14/solution/solution-00008 
  9 1.253314364771e+10 1.392571516413e+09 768 7235 3201 21 8 9 9 4.19290830e-06 8.15432163e-06 outputs/V1e25_D10_G14/solution/solution-00009 
 10 1.392571516413e+10 1.392571516413e+09 768 7235 3201 21 8 9 9 5.67921785e-06 1.09909128e-05 outputs/V1e25_D10_G14/solution/solution-00010 
 11 1.531828668054e+10 1.392571516413e+09 768 7235 3201 21 8 9 9 7.78647419e-06 1.49839171e-05 outputs/V1e25_D10_G14/solution/solution-00011 
 12 1.671085819695e+10 1.392571516413e+09 768 7235 3201 21 8 9 9 1.07832942e-05 2.06272091e-05 outputs/V1e25_D10_G14/solution/solution-00012 
 13 1.810342971336e+10 1.392571516413e+09 768 7235 3201 21 8 9 9 1.50584006e-05 2.86313488e-05 outputs/V1e25_D10_G14/solution/solution-00013 
 14 1.949600122978e+10 1.392571516413e+09 768 7235 3201 21 7 8 8 2.11745297e-05 4.00192712e-05 outputs/V1e25_D10_G14/solution/solution-00014 
 15 2.088857274619e+10 1.392571516413e+09 768 7235 3201 21 7 8 8 2.99458739e-05 5.62656072e-05 outputs/V1e25_D10_G14/solution/solution-00015 
 16 2.228114426260e+10 1.392571516413e+09 768 7235 3201 22 7 8 8 4.25469949e-05 7.95421198e-05 outputs/V1e25_D10_G14/solution/solution-00016 
 17 2.346010125196e+10 1.178956989362e+09 768 7235 3201 21 7 8 8 5.76055604e-05 1.07219546e-04 outputs/V1e25_D10_G14/solution/solution-00017 
 18 2.433447540405e+10 8.743741520814e+08 768 7235 3201 18 7 8 8 7.25099131e-05 1.34570084e-04 outputs/V1e25_D10_G14/solution/solution-00018 
 19 2.503113841327e+10 6.966630092242e+08 768 7235 3201 16 6 7 7 8.73756328e-05 1.61775139e-04 outputs/V1e25_D10_G14/solution/solution-00019 
 20 2.561088218671e+10 5.797437734447e+08 768 7235 3201 15 6 7 7 1.02200086e-04 1.88826002e-04 outputs/V1e25_D10_G14/solution/solution-00020 
 21 2.610739325667e+10 4.965110699572e+08 768 7235 3201 13 6 7 7 1.16948013e-04 2.15617343e-04 outputs/V1e25_D10_G14/solution/solution-00021 
 22 2.654204290909e+10 4.346496524227e+08 768 7235 3201 13 6 7 7 1.31599103e-04 2.42276700e-04 outputs/V1e25_D10_G14/solution/solution-00022 
 23 2.692909711580e+10 3.870542067016e+08 768 7235 3201 12 6 7 7 1.46137253e-04 2.68555061e-04 outputs/V1e25_D10_G14/solution/solution-00023 
 24 2.727827424986e+10 3.491771340683e+08 768 7235 3201 11 6 7 7 1.60536200e-04 2.94508110e-04 outputs/V1e25_D10_G14/solution/solution-00024 
 25 2.759660164623e+10 3.183273963658e+08 768 7235 3201 11 6 7 7 1.74767225e-04 3.20030228e-04 outputs/V1e25_D10_G14/solution/solution-00025 
 26 2.788954272453e+10 2.929410783004e+08 768 7235 3201 11 6 7 7 1.88809993e-04 3.45075336e-04 outputs/V1e25_D10_G14/solution/solution-00026 
 27 2.816128061794e+10 2.717378934058e+08 768 7235 3201 10 6 7 7 2.02641846e-04 3.69664196e-04 outputs/V1e25_D10_G14/solution/solution-00027 
 28 2.841501795254e+10 2.537373346058e+08 768 7235 3201 10 6 7 7 2.16234064e-04 3.93606975e-04 outputs/V1e25_D10_G14/solution/solution-00028 
 29 2.865321505673e+10 2.381971041899e+08 768 7235 3201 10 6 7 7 2.29550911e-04 4.16834371e-04 outputs/V1e25_D10_G14/solution/solution-00029 
 30 2.887804483309e+10 2.248297763598e+08 768 7235 3201 10 6 7 7 2.42566322e-04 4.39501636e-04 outputs/V1e25_D10_G14/solution/solution-00030 
 31 2.909129342498e+10 2.132485918931e+08 768 7235 3201 10 6 7 7 2.55253299e-04 4.61509049e-04 outputs/V1e25_D10_G14/solution/solution-00031 
 32 2.929444838315e+10 2.031549581636e+08 768 7235 3201 10 6 7 7 2.67584347e-04 4.82672900e-04 outputs/V1e25_D10_G14/solution/solution-00032 
 33 2.948876308792e+10 1.943147047769e+08 768 7235 3201 10 6 7 7 2.79531907e-04 5.02948847e-04 outputs/V1e25_D10_G14/solution/solution-00033 
 34 2.967525544898e+10 1.864923610594e+08 768 7235 3201  9 6 7 7 2.91065732e-04 5.22291174e-04 outputs/V1e25_D10_G14/solution/solution-00034 
 35 2.985477360129e+10 1.795181523092e+08 768 7235 3201  9 6 7 7 3.02155184e-04 5.40783916e-04 outputs/V1e25_D10_G14/solution/solution-00035 
 36 3.002813304723e+10 1.733594459403e+08 768 7235 3201  9 6 7 7 3.12776542e-04 5.58327862e-04 outputs/V1e25_D10_G14/solution/solution-00036 
 37 3.019604514048e+10 1.679120932441e+08 768 7235 3201  9 6 7 7 3.22907595e-04 5.74836287e-04 outputs/V1e25_D10_G14/solution/solution-00037 
 38 3.035913505349e+10 1.630899130123e+08 768 7235 3201  9 6 7 7 3.32527968e-04 5.90287170e-04 outputs/V1e25_D10_G14/solution/solution-00038 
 39 3.051795605586e+10 1.588210023684e+08 768 7235 3201  9 6 7 7 3.41619413e-04 6.04663463e-04 outputs/V1e25_D10_G14/solution/solution-00039 
 40 3.067300097887e+10 1.550449230131e+08 768 7235 3201  9 6 7 7 3.50166057e-04 6.17953156e-04 outputs/V1e25_D10_G14/solution/solution-00040 
 41 3.082471150748e+10 1.517105286130e+08 768 7235 3201  9 6 7 7 3.58154605e-04 6.30252696e-04 outputs/V1e25_D10_G14/solution/solution-00041 
 42 3.097348577618e+10 1.487742686932e+08 768 7235 3201  9 6 7 7 3.65574501e-04 6.41473931e-04 outputs/V1e25_D10_G14/solution/solution-00042 
 43 3.111968462733e+10 1.461988511540e+08 768 7235 3201  9 5 6 6 3.72418035e-04 6.51591933e-04 outputs/V1e25_D10_G14/solution/solution-00043 
 44 3.126363680468e+10 1.439521773440e+08 768 7235 3201  9 5 6 6 3.78680400e-04 6.60613622e-04 outputs/V1e25_D10_G14/solution/solution-00044 
 45 3.140564329344e+10 1.420064887608e+08 768 7235 3201  9 5 6 6 3.84359719e-04 6.68550672e-04 outputs/V1e25_D10_G14/solution/solution-00045 
 46 3.154596013447e+10 1.403168410383e+08 768 7235 3201  9 5 6 6 3.89456288e-04 6.75418320e-04 outputs/V1e25_D10_G14/solution/solution-00046 
 47 3.168483727558e+10 1.388771411026e+08 768 7235 3201  9 5 6 6 3.93974002e-04 6.81237204e-04 outputs/V1e25_D10_G14/solution/solution-00047 
 48 3.182251733153e+10 1.376800559554e+08 768 7235 3201  9 5 6 6 3.97919862e-04 6.89205623e-04 outputs/V1e25_D10_G14/solution/solution-00048 
 49 3.195853819050e+10 1.360208589629e+08 768 7235 3201  9 5 6 6 4.01287645e-04 6.96493165e-04 outputs/V1e25_D10_G14/solution/solution-00049 
 50 3.209311098539e+10 1.345727948903e+08 768 7235 3201  9 5 6 6 4.04097124e-04 7.02580952e-04 outputs/V1e25_D10_G14/solution/solution-00050 
 51 3.222649039218e+10 1.333794067969e+08 768 7235 3201  9 5 6 6 4.06370808e-04 7.07682882e-04 outputs/V1e25_D10_G14/solution/solution-00051 
 52 3.235891542877e+10 1.324250365909e+08 768 7235 3201  9 5 6 6 4.08131786e-04 7.11775303e-04 outputs/V1e25_D10_G14/solution/solution-00052 
 53 3.249061159744e+10 1.316961686684e+08 768 7235 3201  9 5 6 6 4.09403490e-04 7.14756571e-04 outputs/V1e25_D10_G14/solution/solution-00053 
 54 3.262179271748e+10 1.311811200366e+08 768 7235 3201  9 5 6 6 4.10209482e-04 7.16652490e-04 outputs/V1e25_D10_G14/solution/solution-00054 
 55 3.275266249470e+10 1.308697772226e+08 768 7235 3201  9 5 6 6 4.10573267e-04 7.17492675e-04 outputs/V1e25_D10_G14/solution/solution-00055 
 56 3.288339174207e+10 1.307292473683e+08 768 7235 3201  9 5 6 6 4.10518187e-04 7.17310536e-04 outputs/V1e25_D10_G14/solution/solution-00056 
 57 3.301410495997e+10 1.307132178987e+08 768 7235 3201  9 5 6 6 4.10067709e-04 7.16326673e-04 outputs/V1e25_D10_G14/solution/solution-00057 
 58 3.314498100233e+10 1.308760423573e+08 768 7235 3201  9 5 6 6 4.09245052e-04 7.14492520e-04 outputs/V1e25_D10_G14/solution/solution-00058 
 59 3.327619301286e+10 1.312120105314e+08 768 7235 3201  9 5 6 6 4.08072821e-04 7.11757906e-04 outputs/V1e25_D10_G14/solution/solution-00059 
 60 3.340790914716e+10 1.317161343044e+08 768 7235 3201  9 5 6 6 4.06572937e-04 7.08234194e-04 outputs/V1e25_D10_G14/solution/solution-00060 
 61 3.354029318117e+10 1.323840340126e+08 768 7235 3201  9 5 6 6 4.04766583e-04 7.04116056e-04 outputs/V1e25_D10_G14/solution/solution-00061 
 62 3.367350501823e+10 1.332118370533e+08 768 7235 3201  9 5 6 6 4.02674178e-04 6.99226846e-04 outputs/V1e25_D10_G14/solution/solution-00062 
 63 3.380760554429e+10 1.341005260602e+08 768 7235 3201  9 5 6 6 4.00317113e-04 6.93618538e-04 outputs/V1e25_D10_G14/solution/solution-00063 
 64 3.394274573202e+10 1.351401877350e+08 768 7235 3201  9 5 6 6 3.97714738e-04 6.87465901e-04 outputs/V1e25_D10_G14/solution/solution-00064 
 65 3.407907638704e+10 1.363306550211e+08 768 7235 3201  9 5 6 6 3.94885476e-04 6.81004415e-04 outputs/V1e25_D10_G14/solution/solution-00065 
 66 3.421674579205e+10 1.376694050050e+08 768 7235 3201  9 5 6 6 3.91846893e-04 6.73950659e-04 outputs/V1e25_D10_G14/solution/solution-00066 
 67 3.435589985975e+10 1.391540677012e+08 768 7235 3201  9 5 6 6 3.88615720e-04 6.66354816e-04 outputs/V1e25_D10_G14/solution/solution-00067 
 68 3.449661277607e+10 1.407129163222e+08 768 7235 3201  9 5 6 6 3.85209607e-04 6.58418602e-04 outputs/V1e25_D10_G14/solution/solution-00068 
 69 3.463899939720e+10 1.423866211299e+08 768 7235 3201  9 5 6 6 3.81644577e-04 6.50131289e-04 outputs/V1e25_D10_G14/solution/solution-00069 
 70 3.478320104019e+10 1.442016429846e+08 768 7235 3201  9 5 6 6 3.77935219e-04 6.41438397e-04 outputs/V1e25_D10_G14/solution/solution-00070 
 71 3.492935693042e+10 1.461558902361e+08 768 7235 3201  9 5 6 6 3.74095395e-04 6.32587780e-04 outputs/V1e25_D10_G14/solution/solution-00071 
 72 3.507760411130e+10 1.482471808760e+08 768 7235 3201  9 5 6 6 3.70138304e-04 6.23424657e-04 outputs/V1e25_D10_G14/solution/solution-00072 
 73 3.522800450778e+10 1.504003964813e+08 768 7235 3201  9 5 6 6 3.66078519e-04 6.13983914e-04 outputs/V1e25_D10_G14/solution/solution-00073 
 74 3.538067844392e+10 1.526739361378e+08 768 7235 3201  9 5 6 6 3.61928463e-04 6.04408856e-04 outputs/V1e25_D10_G14/solution/solution-00074 
 75 3.553575962104e+10 1.550811771256e+08 768 7235 3201  9 5 6 6 3.57699618e-04 5.94812413e-04 outputs/V1e25_D10_G14/solution/solution-00075 
 76 3.569337904208e+10 1.576194210403e+08 768 7235 3201  9 5 6 6 3.53403017e-04 5.85037523e-04 outputs/V1e25_D10_G14/solution/solution-00076 
 77 3.585366469656e+10 1.602856544807e+08 768 7235 3201  9 5 6 6 3.49049317e-04 5.75127662e-04 outputs/V1e25_D10_G14/solution/solution-00077 
 78 3.601669066535e+10 1.630259687849e+08 768 7235 3201  9 5 6 6 3.44650228e-04 5.65186222e-04 outputs/V1e25_D10_G14/solution/solution-00078 
 79 3.618256519734e+10 1.658745319863e+08 768 7235 3201  9 5 6 6 3.40216156e-04 5.55238661e-04 outputs/V1e25_D10_G14/solution/solution-00079 
 80 3.635141150904e+10 1.688463117052e+08 768 7235 3201  9 5 6 6 3.35756792e-04 5.45258106e-04 outputs/V1e25_D10_G14/solution/solution-00080 
 81 3.652334843008e+10 1.719369210420e+08 768 7235 3201  9 5 6 6 3.31281694e-04 5.37260487e-04 outputs/V1e25_D10_G14/solution/solution-00081 
 82 3.669798146688e+10 1.746330368004e+08 768 7235 3201  9 5 6 6 3.26813214e-04 5.31101773e-04 outputs/V1e25_D10_G14/solution/solution-00082 
 83 3.687465188003e+10 1.766704131483e+08 768 7235 3201  9 5 6 6 3.22379040e-04 5.25061281e-04 outputs/V1e25_D10_G14/solution/solution-00083 
 84 3.705336671013e+10 1.787148301015e+08 768 7235 3201  9 5 6 6 3.17988742e-04 5.19150230e-04 outputs/V1e25_D10_G14/solution/solution-00084 
 85 3.723412792213e+10 1.807612120013e+08 768 7235 3201  9 5 6 6 3.13651393e-04 5.13378345e-04 outputs/V1e25_D10_G14/solution/solution-00085 
 86 3.741693251740e+10 1.828045952704e+08 768 7235 3201  9 5 6 6 3.09375590e-04 5.07753948e-04 outputs/V1e25_D10_G14/solution/solution-00086 
 87 3.760177266435e+10 1.848401469484e+08 768 7235 3201  9 5 6 6 3.05169469e-04 5.02284042e-04 outputs/V1e25_D10_G14/solution/solution-00087 
 88 3.778863584573e+10 1.868631813737e+08 768 7235 3201  9 5 6 6 3.01040714e-04 4.96974414e-04 outputs/V1e25_D10_G14/solution/solution-00088 
 89 3.797749574176e+10 1.888598960341e+08 768 7235 3201  9 5 6 6 2.96996760e-04 4.91829965e-04 outputs/V1e25_D10_G14/solution/solution-00089 
 90 3.816831990924e+10 1.908241674831e+08 768 7235 3201  9 5 6 6 2.93044609e-04 4.86854559e-04 outputs/V1e25_D10_G14/solution/solution-00090 
 91 3.836108380251e+10 1.927638932641e+08 768 7235 3201  9 5 6 6 2.89190546e-04 4.82050765e-04 outputs/V1e25_D10_G14/solution/solution-00091 
 92 3.855575906753e+10 1.946752650209e+08 768 7235 3201  9 5 6 6 2.85440404e-04 4.77420279e-04 outputs/V1e25_D10_G14/solution/solution-00092 
 93 3.875231376219e+10 1.965546946633e+08 768 7235 3201  9 5 6 6 2.81799552e-04 4.72964010e-04 outputs/V1e25_D10_G14/solution/solution-00093 
 94 3.895071258570e+10 1.983988235088e+08 768 7235 3201  9 5 6 6 2.78272895e-04 4.68682150e-04 outputs/V1e25_D10_G14/solution/solution-00094 
 95 3.915091711570e+10 2.002045300036e+08 768 7235 3201  9 5 6 6 2.74864860e-04 4.64574248e-04 outputs/V1e25_D10_G14/solution/solution-00095 
 96 3.935288605160e+10 2.019689358963e+08 768 7235 3201  9 5 6 6 2.71579391e-04 4.60639276e-04 outputs/V1e25_D10_G14/solution/solution-00096 
 97 3.955657546235e+10 2.036894107529e+08 768 7235 3201  9 5 6 6 2.68419948e-04 4.56875692e-04 outputs/V1e25_D10_G14/solution/solution-00097 
 98 3.976193903707e+10 2.053635747128e+08 768 7235 3201  9 5 6 6 2.65389505e-04 4.53281494e-04 outputs/V1e25_D10_G14/solution/solution-00098 
 99 3.996892833648e+10 2.069892994090e+08 768 7235 3201  9 5 6 6 2.62490555e-04 4.49854285e-04 outputs/V1e25_D10_G14/solution/solution-00099 
100 4.017749304347e+10 2.085647069982e+08 768 7235 3201  9 5 6 6 2.59725115e-04 4.46591316e-04 outputs/V1e25_D10_G14/solution/solution-00100 
