# 1: Time step number
# 2: Time (years)
# 3: Time step size (years)
# 4: Number of mesh cells
# 5: Number of Stokes degrees of freedom
# 6: Number of temperature degrees of freedom
# 7: Iterations for temperature solver
# 8: Iterations for Stokes solver
# 9: Velocity iterations in Stokes preconditioner
# 10: Schur complement iterations in Stokes preconditioner
# 11: RMS velocity (m/year)
# 12: Max. velocity (m/year)
# 13: Visualization file name
  0 0.000000000000e+00 0.000000000000e+00 768 7235 3201  0 8 9 9 4.01597322e-08 7.14481850e-08 outputs/V3.3e25_D10_G2/solution/solution-00000 
  1 1.392571516413e+09 1.392571516413e+09 768 7235 3201 32 8 9 9 3.80795976e-08 6.44194859e-08 outputs/V3.3e25_D10_G2/solution/solution-00001 
  2 2.785143032825e+09 1.392571516413e+09 768 7235 3201 25 8 9 9 3.62149970e-08 6.12607728e-08 outputs/V3.3e25_D10_G2/solution/solution-00002 
  3 4.177714549238e+09 1.392571516413e+09 768 7235 3201 24 8 9 9 3.45237716e-08 5.85113419e-08 outputs/V3.3e25_D10_G2/solution/solution-00003 
  4 5.570286065650e+09 1.392571516413e+09 768 7235 3201 23 8 9 9 3.29697501e-08 5.59861979e-08 outputs/V3.3e25_D10_G2/solution/solution-00004 
  5 6.962857582063e+09 1.392571516413e+09 768 7235 3201 23 8 9 9 3.15376274e-08 5.36532732e-08 outputs/V3.3e25_D10_G2/solution/solution-00005 
  6 8.355429098476e+09 1.392571516413e+09 768 7235 3201 22 8 9 9 3.02116420e-08 5.14836548e-08 outputs/V3.3e25_D10_G2/solution/solution-00006 
  7 9.748000614888e+09 1.392571516413e+09 768 7235 3201 21 8 9 9 2.89779607e-08 4.94538282e-08 outputs/V3.3e25_D10_G2/solution/solution-00007 
  8 1.114057213130e+10 1.392571516413e+09 768 7235 3201 21 8 9 9 2.78248495e-08 4.75451394e-08 outputs/V3.3e25_D10_G2/solution/solution-00008 
  9 1.253314364771e+10 1.392571516413e+09 768 7235 3201 21 8 9 9 2.67424840e-08 4.57427730e-08 outputs/V3.3e25_D10_G2/solution/solution-00009 
 10 1.392571516413e+10 1.392571516413e+09 768 7235 3201 20 8 9 9 2.57226664e-08 4.40348401e-08 outputs/V3.3e25_D10_G2/solution/solution-00010 
 11 1.531828668054e+10 1.392571516413e+09 768 7235 3201 20 8 9 9 2.47585476e-08 4.24116777e-08 outputs/V3.3e25_D10_G2/solution/solution-00011 
 12 1.671085819695e+10 1.392571516413e+09 768 7235 3201 20 8 9 9 2.38443850e-08 4.08653283e-08 outputs/V3.3e25_D10_G2/solution/solution-00012 
 13 1.810342971336e+10 1.392571516413e+09 768 7235 3201 20 8 9 9 2.29753408e-08 3.93891572e-08 outputs/V3.3e25_D10_G2/solution/solution-00013 
 14 1.949600122978e+10 1.392571516413e+09 768 7235 3201 20 8 9 9 2.21473184e-08 3.79775680e-08 outputs/V3.3e25_D10_G2/solution/solution-00014 
 15 2.088857274619e+10 1.392571516413e+09 768 7235 3201 20 8 9 9 2.13568286e-08 3.66257877e-08 outputs/V3.3e25_D10_G2/solution/solution-00015 
 16 2.228114426260e+10 1.392571516413e+09 768 7235 3201 19 8 9 9 2.06008823e-08 3.53297039e-08 outputs/V3.3e25_D10_G2/solution/solution-00016 
 17 2.367371577901e+10 1.392571516413e+09 768 7235 3201 19 8 9 9 1.98769024e-08 3.40857384e-08 outputs/V3.3e25_D10_G2/solution/solution-00017 
 18 2.506628729543e+10 1.392571516413e+09 768 7235 3201 19 8 9 9 1.91826530e-08 3.28907489e-08 outputs/V3.3e25_D10_G2/solution/solution-00018 
 19 2.645885881184e+10 1.392571516413e+09 768 7235 3201 19 8 9 9 1.85161813e-08 3.17419518e-08 outputs/V3.3e25_D10_G2/solution/solution-00019 
 20 2.785143032825e+10 1.392571516413e+09 768 7235 3201 19 8 9 9 1.78757702e-08 3.06368608e-08 outputs/V3.3e25_D10_G2/solution/solution-00020 
 21 2.924400184466e+10 1.392571516413e+09 768 7235 3201 19 8 9 9 1.72599000e-08 2.95732376e-08 outputs/V3.3e25_D10_G2/solution/solution-00021 
 22 3.063657336108e+10 1.392571516413e+09 768 7235 3201 19 8 9 9 1.66672162e-08 2.85490530e-08 outputs/V3.3e25_D10_G2/solution/solution-00022 
 23 3.202914487749e+10 1.392571516413e+09 768 7235 3201 19 8 9 9 1.60965040e-08 2.75624543e-08 outputs/V3.3e25_D10_G2/solution/solution-00023 
 24 3.342171639390e+10 1.392571516413e+09 768 7235 3201 19 8 9 9 1.55466664e-08 2.66117399e-08 outputs/V3.3e25_D10_G2/solution/solution-00024 
 25 3.481428791032e+10 1.392571516413e+09 768 7235 3201 19 8 9 9 1.50167065e-08 2.56953379e-08 outputs/V3.3e25_D10_G2/solution/solution-00025 
 26 3.620685942673e+10 1.392571516413e+09 768 7235 3201 18 8 9 9 1.45057133e-08 2.48117886e-08 outputs/V3.3e25_D10_G2/solution/solution-00026 
 27 3.759943094314e+10 1.392571516413e+09 768 7235 3201 18 8 9 9 1.40128491e-08 2.39597300e-08 outputs/V3.3e25_D10_G2/solution/solution-00027 
 28 3.899200245955e+10 1.392571516413e+09 768 7235 3201 18 8 9 9 1.35373399e-08 2.31378865e-08 outputs/V3.3e25_D10_G2/solution/solution-00028 
 29 4.038457397597e+10 1.392571516413e+09 768 7235 3201 18 8 9 9 1.30784664e-08 2.23450583e-08 outputs/V3.3e25_D10_G2/solution/solution-00029 
 30 4.177714549238e+10 1.392571516413e+09 768 7235 3201 18 8 9 9 1.26355576e-08 2.15801133e-08 outputs/V3.3e25_D10_G2/solution/solution-00030 
 31 4.316971700879e+10 1.392571516413e+09 768 7235 3201 18 8 9 9 1.22079849e-08 2.08419805e-08 outputs/V3.3e25_D10_G2/solution/solution-00031 
 32 4.456228852520e+10 1.392571516413e+09 768 7235 3201 18 8 9 9 1.17951568e-08 2.01296436e-08 outputs/V3.3e25_D10_G2/solution/solution-00032 
 33 4.595486004162e+10 1.392571516413e+09 768 7235 3201 18 8 9 9 1.13965152e-08 1.94421365e-08 outputs/V3.3e25_D10_G2/solution/solution-00033 
 34 4.734743155803e+10 1.392571516413e+09 768 7235 3201 18 8 9 9 1.10115316e-08 1.87785385e-08 outputs/V3.3e25_D10_G2/solution/solution-00034 
 35 4.874000307444e+10 1.392571516413e+09 768 7235 3201 18 8 9 9 1.06397046e-08 1.81379712e-08 outputs/V3.3e25_D10_G2/solution/solution-00035 
 36 5.013257459085e+10 1.392571516413e+09 768 7235 3201 18 8 9 9 1.02805568e-08 1.75195948e-08 outputs/V3.3e25_D10_G2/solution/solution-00036 
 37 5.152514610727e+10 1.392571516413e+09 768 7235 3201 18 8 9 9 9.93363312e-09 1.69226057e-08 outputs/V3.3e25_D10_G2/solution/solution-00037 
 38 5.291771762368e+10 1.392571516413e+09 768 7235 3201 18 8 9 9 9.59849898e-09 1.63462341e-08 outputs/V3.3e25_D10_G2/solution/solution-00038 
 39 5.431028914009e+10 1.392571516413e+09 768 7235 3201 18 8 9 9 9.27473838e-09 1.57897418e-08 outputs/V3.3e25_D10_G2/solution/solution-00039 
 40 5.570286065650e+10 1.392571516413e+09 768 7235 3201 18 8 9 9 8.96195282e-09 1.52524199e-08 outputs/V3.3e25_D10_G2/solution/solution-00040 
 41 5.709543217292e+10 1.392571516413e+09 768 7235 3201 18 8 9 9 8.65975999e-09 1.47335880e-08 outputs/V3.3e25_D10_G2/solution/solution-00041 
 42 5.848800368933e+10 1.392571516413e+09 768 7235 3201 18 8 9 9 8.36779276e-09 1.42325920e-08 outputs/V3.3e25_D10_G2/solution/solution-00042 
 43 5.988057520574e+10 1.392571516413e+09 768 7235 3201 18 8 9 9 8.08569826e-09 1.37488027e-08 outputs/V3.3e25_D10_G2/solution/solution-00043 
 44 6.127314672215e+10 1.392571516413e+09 768 7235 3201 18 8 9 9 7.81313703e-09 1.32816153e-08 outputs/V3.3e25_D10_G2/solution/solution-00044 
 45 6.266571823857e+10 1.392571516413e+09 768 7235 3201 18 8 9 9 7.54978233e-09 1.28304471e-08 outputs/V3.3e25_D10_G2/solution/solution-00045 
 46 6.405828975498e+10 1.392571516413e+09 768 7235 3201 17 8 9 9 7.29531946e-09 1.23947377e-08 outputs/V3.3e25_D10_G2/solution/solution-00046 
 47 6.545086127139e+10 1.392571516413e+09 768 7235 3201 17 8 9 9 7.04944516e-09 1.19739470e-08 outputs/V3.3e25_D10_G2/solution/solution-00047 
 48 6.684343278781e+10 1.392571516413e+09 768 7235 3201 17 8 9 9 6.81186710e-09 1.15675549e-08 outputs/V3.3e25_D10_G2/solution/solution-00048 
 49 6.823600430422e+10 1.392571516413e+09 768 7235 3201 17 8 9 9 6.58230336e-09 1.11750602e-08 outputs/V3.3e25_D10_G2/solution/solution-00049 
 50 6.962857582063e+10 1.392571516413e+09 768 7235 3201 17 8 9 9 6.36048196e-09 1.07959800e-08 outputs/V3.3e25_D10_G2/solution/solution-00050 
 51 7.102114733704e+10 1.392571516413e+09 768 7235 3201 17 8 9 9 6.14614049e-09 1.04298486e-08 outputs/V3.3e25_D10_G2/solution/solution-00051 
 52 7.241371885346e+10 1.392571516413e+09 768 7235 3201 17 8 9 9 5.93902568e-09 1.00762174e-08 outputs/V3.3e25_D10_G2/solution/solution-00052 
 53 7.380629036987e+10 1.392571516413e+09 768 7235 3201 17 8 9 9 5.73889303e-09 9.73465349e-09 outputs/V3.3e25_D10_G2/solution/solution-00053 
 54 7.519886188628e+10 1.392571516413e+09 768 7235 3201 17 8 9 9 5.54550649e-09 9.40473968e-09 outputs/V3.3e25_D10_G2/solution/solution-00054 
 55 7.659143340269e+10 1.392571516413e+09 768 7235 3201 17 8 9 9 5.35863813e-09 9.08607353e-09 outputs/V3.3e25_D10_G2/solution/solution-00055 
 56 7.798400491911e+10 1.392571516413e+09 768 7235 3201 17 8 9 9 5.17806783e-09 8.77826690e-09 outputs/V3.3e25_D10_G2/solution/solution-00056 
 57 7.937657643552e+10 1.392571516413e+09 768 7235 3201 17 8 9 9 5.00358300e-09 8.48094538e-09 outputs/V3.3e25_D10_G2/solution/solution-00057 
 58 8.076914795193e+10 1.392571516413e+09 768 7235 3201 17 8 9 9 4.83497827e-09 8.19374780e-09 outputs/V3.3e25_D10_G2/solution/solution-00058 
 59 8.216171946834e+10 1.392571516413e+09 768 7235 3201 17 8 9 9 4.67205530e-09 7.91632573e-09 outputs/V3.3e25_D10_G2/solution/solution-00059 
 60 8.355429098476e+10 1.392571516413e+09 768 7235 3201 17 8 9 9 4.51462246e-09 7.64834297e-09 outputs/V3.3e25_D10_G2/solution/solution-00060 
 61 8.494686250117e+10 1.392571516413e+09 768 7235 3201 17 8 9 9 4.36249462e-09 7.38947515e-09 outputs/V3.3e25_D10_G2/solution/solution-00061 
 62 8.633943401758e+10 1.392571516413e+09 768 7235 3201 17 8 9 9 4.21549294e-09 7.13940926e-09 outputs/V3.3e25_D10_G2/solution/solution-00062 
 63 8.773200553399e+10 1.392571516413e+09 768 7235 3201 17 8 9 9 4.07344462e-09 6.89784325e-09 outputs/V3.3e25_D10_G2/solution/solution-00063 
 64 8.912457705041e+10 1.392571516413e+09 768 7235 3201 17 8 9 9 3.93618271e-09 6.66448564e-09 outputs/V3.3e25_D10_G2/solution/solution-00064 
 65 9.051714856682e+10 1.392571516413e+09 768 7235 3201 17 8 9 9 3.80354589e-09 6.43905511e-09 outputs/V3.3e25_D10_G2/solution/solution-00065 
 66 9.190972008323e+10 1.392571516413e+09 768 7235 3201 17 8 9 9 3.67537831e-09 6.22128014e-09 outputs/V3.3e25_D10_G2/solution/solution-00066 
 67 9.330229159964e+10 1.392571516413e+09 768 7235 3201 17 8 9 9 3.55152935e-09 6.01089868e-09 outputs/V3.3e25_D10_G2/solution/solution-00067 
 68 9.469486311606e+10 1.392571516413e+09 768 7235 3201 17 8 9 9 3.43185350e-09 5.80765779e-09 outputs/V3.3e25_D10_G2/solution/solution-00068 
 69 9.608743463247e+10 1.392571516413e+09 768 7235 3201 17 8 9 9 3.31621015e-09 5.61131331e-09 outputs/V3.3e25_D10_G2/solution/solution-00069 
 70 9.748000614888e+10 1.392571516413e+09 768 7235 3201 17 8 9 9 3.20446342e-09 5.42162955e-09 outputs/V3.3e25_D10_G2/solution/solution-00070 
 71 9.887257766530e+10 1.392571516413e+09 768 7235 3201 17 8 9 9 3.09648203e-09 5.23837898e-09 outputs/V3.3e25_D10_G2/solution/solution-00071 
 72 1.002651491817e+11 1.392571516413e+09 768 7235 3201 16 8 9 9 2.99213912e-09 5.06134201e-09 outputs/V3.3e25_D10_G2/solution/solution-00072 
 73 1.016577206981e+11 1.392571516413e+09 768 7235 3201 16 8 9 9 2.89131209e-09 4.89030655e-09 outputs/V3.3e25_D10_G2/solution/solution-00073 
 74 1.030502922145e+11 1.392571516413e+09 768 7235 3201 16 8 9 9 2.79388248e-09 4.72506790e-09 outputs/V3.3e25_D10_G2/solution/solution-00074 
 75 1.044428637309e+11 1.392571516413e+09 768 7235 3201 16 8 9 9 2.69973584e-09 4.56542841e-09 outputs/V3.3e25_D10_G2/solution/solution-00075 
 76 1.058354352474e+11 1.392571516413e+09 768 7235 3201 16 8 9 9 2.60876154e-09 4.41119726e-09 outputs/V3.3e25_D10_G2/solution/solution-00076 
 77 1.072280067638e+11 1.392571516413e+09 768 7235 3201 16 8 9 9 2.52085270e-09 4.26219020e-09 outputs/V3.3e25_D10_G2/solution/solution-00077 
 78 1.086205782802e+11 1.392571516413e+09 768 7235 3201 16 8 9 9 2.43590605e-09 4.11822932e-09 outputs/V3.3e25_D10_G2/solution/solution-00078 
 79 1.100131497966e+11 1.392571516413e+09 768 7235 3201 16 8 9 9 2.35382177e-09 3.97914286e-09 outputs/V3.3e25_D10_G2/solution/solution-00079 
 80 1.114057213130e+11 1.392571516413e+09 768 7235 3201 16 8 9 9 2.27450343e-09 3.84476494e-09 outputs/V3.3e25_D10_G2/solution/solution-00080 
 81 1.127982928294e+11 1.392571516413e+09 768 7235 3201 16 8 9 9 2.19785783e-09 3.71493539e-09 outputs/V3.3e25_D10_G2/solution/solution-00081 
 82 1.141908643458e+11 1.392571516413e+09 768 7235 3201 16 8 9 9 2.12379492e-09 3.58949954e-09 outputs/V3.3e25_D10_G2/solution/solution-00082 
 83 1.155834358622e+11 1.392571516413e+09 768 7235 3201 16 8 9 9 2.05222769e-09 3.46830805e-09 outputs/V3.3e25_D10_G2/solution/solution-00083 
 84 1.169760073787e+11 1.392571516413e+09 768 7235 3201 16 8 9 9 1.98307203e-09 3.35121666e-09 outputs/V3.3e25_D10_G2/solution/solution-00084 
 85 1.183685788951e+11 1.392571516413e+09 768 7235 3201 16 8 9 9 1.91624671e-09 3.23808609e-09 outputs/V3.3e25_D10_G2/solution/solution-00085 
 86 1.197611504115e+11 1.392571516413e+09 768 7235 3201 16 8 9 9 1.85167319e-09 3.12878182e-09 outputs/V3.3e25_D10_G2/solution/solution-00086 
 87 1.211537219279e+11 1.392571516413e+09 768 7235 3201 16 8 9 9 1.78927561e-09 3.02317394e-09 outputs/V3.3e25_D10_G2/solution/solution-00087 
 88 1.225462934443e+11 1.392571516413e+09 768 7235 3201 16 8 9 9 1.72898065e-09 2.92113697e-09 outputs/V3.3e25_D10_G2/solution/solution-00088 
 89 1.239388649607e+11 1.392571516413e+09 768 7235 3201 16 8 9 9 1.67071746e-09 2.82254974e-09 outputs/V3.3e25_D10_G2/solution/solution-00089 
 90 1.253314364771e+11 1.392571516413e+09 768 7235 3201 16 8 9 9 1.61441758e-09 2.72729521e-09 outputs/V3.3e25_D10_G2/solution/solution-00090 
 91 1.267240079935e+11 1.392571516413e+09 768 7235 3201 16 8 9 9 1.56001486e-09 2.63526035e-09 outputs/V3.3e25_D10_G2/solution/solution-00091 
 92 1.281165795100e+11 1.392571516413e+09 768 7235 3201 16 8 9 9 1.50744537e-09 2.54633597e-09 outputs/V3.3e25_D10_G2/solution/solution-00092 
 93 1.295091510264e+11 1.392571516413e+09 768 7235 3201 16 8 9 9 1.45664734e-09 2.46041663e-09 outputs/V3.3e25_D10_G2/solution/solution-00093 
 94 1.309017225428e+11 1.392571516413e+09 768 7235 3201 16 8 9 9 1.40756108e-09 2.37740047e-09 outputs/V3.3e25_D10_G2/solution/solution-00094 
 95 1.322942940592e+11 1.392571516413e+09 768 7235 3201 16 8 9 9 1.36012891e-09 2.29718912e-09 outputs/V3.3e25_D10_G2/solution/solution-00095 
 96 1.336868655756e+11 1.392571516413e+09 768 7235 3201 16 8 9 9 1.31429509e-09 2.21968754e-09 outputs/V3.3e25_D10_G2/solution/solution-00096 
 97 1.350794370920e+11 1.392571516413e+09 768 7235 3201 15 8 9 9 1.27000578e-09 2.14480397e-09 outputs/V3.3e25_D10_G2/solution/solution-00097 
 98 1.364720086084e+11 1.392571516413e+09 768 7235 3201 15 8 9 9 1.22720891e-09 2.07244972e-09 outputs/V3.3e25_D10_G2/solution/solution-00098 
 99 1.378645801248e+11 1.392571516413e+09 768 7235 3201 15 8 9 9 1.18585421e-09 2.00253916e-09 outputs/V3.3e25_D10_G2/solution/solution-00099 
100 1.392571516413e+11 1.392571516413e+09 768 7235 3201 15 8 9 9 1.14589308e-09 1.93498954e-09 outputs/V3.3e25_D10_G2/solution/solution-00100 
