# 1: Time step number
# 2: Time (years)
# 3: Time step size (years)
# 4: Number of mesh cells
# 5: Number of Stokes degrees of freedom
# 6: Number of temperature degrees of freedom
# 7: Iterations for temperature solver
# 8: Iterations for Stokes solver
# 9: Velocity iterations in Stokes preconditioner
# 10: Schur complement iterations in Stokes preconditioner
# 11: RMS velocity (m/year)
# 12: Max. velocity (m/year)
# 13: Visualization file name
  0 0.000000000000e+00 0.000000000000e+00 768 7235 3201  0 8 9 9 2.64490141e-06 4.54498007e-06 outputs/V1e24_D300_G4/solution/solution-00000 
  1 1.392571516413e+09 1.392571516413e+09 768 7235 3201 31 8 9 9 3.80192965e-06 6.64706793e-06 outputs/V1e24_D300_G4/solution/solution-00001 
  2 2.785143032825e+09 1.392571516413e+09 768 7235 3201 25 8 9 9 6.08618707e-06 1.10824279e-05 outputs/V1e24_D300_G4/solution/solution-00002 
  3 4.177714549238e+09 1.392571516413e+09 768 7235 3201 24 8 9 9 1.06497974e-05 2.00007486e-05 outputs/V1e24_D300_G4/solution/solution-00003 
  4 5.570286065650e+09 1.392571516413e+09 768 7235 3201 23 8 9 9 2.00133600e-05 3.82399375e-05 outputs/V1e24_D300_G4/solution/solution-00004 
  5 6.962857582063e+09 1.392571516413e+09 768 7235 3201 23 8 9 9 3.97636554e-05 7.64790181e-05 outputs/V1e24_D300_G4/solution/solution-00005 
  6 8.189213876568e+09 1.226356294505e+09 768 7235 3201 22 8 9 9 7.63953648e-05 1.46903421e-04 outputs/V1e24_D300_G4/solution/solution-00006 
  7 8.827201769077e+09 6.379878925089e+08 768 7235 3201 17 8 9 9 1.11951828e-04 2.15225287e-04 outputs/V1e24_D300_G4/solution/solution-00007 
  8 9.262926130126e+09 4.357243610496e+08 768 7235 3201 14 7 8 8 1.48218400e-04 2.84808225e-04 outputs/V1e24_D300_G4/solution/solution-00008 
  9 9.592094994520e+09 3.291688643939e+08 768 7235 3201 12 7 8 8 1.84917704e-04 3.55140788e-04 outputs/V1e24_D300_G4/solution/solution-00009 
 10 9.856145623410e+09 2.640506288896e+08 768 7235 3201 11 7 8 8 2.21902302e-04 4.25822887e-04 outputs/V1e24_D300_G4/solution/solution-00010 
 11 1.007627287871e+10 2.201272553032e+08 768 7235 3201 11 6 7 7 2.59062797e-04 4.96835042e-04 outputs/V1e24_D300_G4/solution/solution-00011 
 12 1.026500840571e+10 1.887355270005e+08 768 7235 3201 10 6 7 7 2.96363372e-04 5.67930205e-04 outputs/V1e24_D300_G4/solution/solution-00012 
 13 1.043008150659e+10 1.650731008739e+08 768 7235 3201 10 6 7 7 3.33736589e-04 6.38919950e-04 outputs/V1e24_D300_G4/solution/solution-00013 
 14 1.057689711116e+10 1.468156045735e+08 768 7235 3201 10 6 7 7 3.71166719e-04 7.09442964e-04 outputs/V1e24_D300_G4/solution/solution-00014 
 15 1.070900058149e+10 1.321034703280e+08 768 7235 3201  9 6 7 7 4.08555741e-04 7.79928597e-04 outputs/V1e24_D300_G4/solution/solution-00015 
 16 1.082922313605e+10 1.202225545623e+08 768 7235 3201  9 6 7 7 4.45867550e-04 8.49568267e-04 outputs/V1e24_D300_G4/solution/solution-00016 
 17 1.093959496848e+10 1.103718324327e+08 768 7235 3201  9 6 7 7 4.83019661e-04 9.18515840e-04 outputs/V1e24_D300_G4/solution/solution-00017 
 18 1.104166179840e+10 1.020668299194e+08 768 7235 3201  9 6 7 7 5.19907855e-04 9.86040147e-04 outputs/V1e24_D300_G4/solution/solution-00018 
 19 1.113673955154e+10 9.507775313969e+07 768 7235 3201  9 6 7 7 5.56453198e-04 1.05262692e-03 outputs/V1e24_D300_G4/solution/solution-00019 
 20 1.122585811410e+10 8.911856255219e+07 768 7235 3201  9 6 7 7 5.92554403e-04 1.11720617e-03 outputs/V1e24_D300_G4/solution/solution-00020 
 21 1.130977191326e+10 8.391379916524e+07 768 7235 3201  9 6 7 7 6.28062882e-04 1.17951216e-03 outputs/V1e24_D300_G4/solution/solution-00021 
 22 1.138920880475e+10 7.943689148602e+07 768 7235 3201  9 6 7 7 6.62869006e-04 1.24062168e-03                                            "" 
 23 1.146477447755e+10 7.556567280688e+07 768 7235 3201  9 6 7 7 6.96854649e-04 1.29902880e-03 outputs/V1e24_D300_G4/solution/solution-00022 
 24 1.153697923213e+10 7.220475457258e+07 768 7235 3201  9 6 7 7 7.29895396e-04 1.35452679e-03 outputs/V1e24_D300_G4/solution/solution-00023 
 25 1.160621981420e+10 6.924058206987e+07 768 7235 3201  9 6 7 7 7.61845343e-04 1.40707691e-03 outputs/V1e24_D300_G4/solution/solution-00024 
 26 1.167284730236e+10 6.662748815956e+07 768 7235 3201  9 6 7 7 7.92564268e-04 1.45684639e-03                                            "" 
 27 1.173719863050e+10 6.435132814842e+07 768 7235 3201  9 6 7 7 8.21930298e-04 1.50313616e-03 outputs/V1e24_D300_G4/solution/solution-00025 
 28 1.179956822975e+10 6.236959924523e+07 768 7235 3201  9 6 7 7 8.49825087e-04 1.54582226e-03                                            "" 
 29 1.186021556452e+10 6.064733477501e+07 768 7235 3201  9 6 7 7 8.76136213e-04 1.58480523e-03 outputs/V1e24_D300_G4/solution/solution-00026 
 30 1.191937109866e+10 5.915553413923e+07 768 7235 3201  9 6 7 7 9.00759466e-04 1.62038715e-03 outputs/V1e24_D300_G4/solution/solution-00027 
 31 1.197724106872e+10 5.786997005498e+07 768 7235 3201  9 6 7 7 9.23600978e-04 1.66521937e-03                                            "" 
 32 1.203349453695e+10 5.625346823268e+07 768 7235 3201  9 6 7 7 9.44395543e-04 1.71067659e-03 outputs/V1e24_D300_G4/solution/solution-00028 
 33 1.208825848968e+10 5.476395272435e+07 768 7235 3201  9 6 7 7 9.63107811e-04 1.75146710e-03                                            "" 
 34 1.214175120646e+10 5.349271678137e+07 768 7235 3201  9 6 7 7 9.79761179e-04 1.78763059e-03 outputs/V1e24_D300_G4/solution/solution-00029 
 35 1.219416493769e+10 5.241373123843e+07 768 7235 3201  9 6 7 7 9.94388024e-04 1.81923735e-03                                            "" 
 36 1.224567028796e+10 5.150535026372e+07 768 7235 3201  9 6 7 7 1.00702953e-03 1.84638552e-03 outputs/V1e24_D300_G4/solution/solution-00030 
 37 1.229641972711e+10 5.074943915315e+07 768 7235 3201  9 6 7 7 1.01773527e-03 1.86919812e-03                                            "" 
 38 1.234655042702e+10 5.013069991163e+07 768 7235 3201  9 6 7 7 1.02656265e-03 1.88782010e-03 outputs/V1e24_D300_G4/solution/solution-00031 
 39 1.239618656902e+10 4.963614199559e+07 768 7235 3201  9 5 6 6 1.03357618e-03 1.90241548e-03                                            "" 
 40 1.244544123086e+10 4.925466183714e+07 768 7235 3201  9 5 6 6 1.03884671e-03 1.91316445e-03 outputs/V1e24_D300_G4/solution/solution-00032 
 41 1.249441793844e+10 4.897670758380e+07 768 7235 3201  9 5 6 6 1.04245058e-03 1.92026076e-03                                            "" 
 42 1.254321194301e+10 4.879400456978e+07 768 7235 3201  9 5 6 6 1.04446870e-03 1.92390898e-03 outputs/V1e24_D300_G4/solution/solution-00033 
 43 1.259191127788e+10 4.869933487404e+07 768 7235 3201  9 6 7 7 1.04498564e-03 1.92432198e-03                                            "" 
 44 1.264059763278e+10 4.868635489566e+07 768 7235 3201  9 6 7 7 1.04408870e-03 1.92171866e-03 outputs/V1e24_D300_G4/solution/solution-00034 
 45 1.268934707628e+10 4.874944349883e+07 768 7235 3201  9 6 7 7 1.04186700e-03 1.91632150e-03                                            "" 
 46 1.273823065443e+10 4.888357815018e+07 768 7235 3201  9 6 7 7 1.03841063e-03 1.90835461e-03 outputs/V1e24_D300_G4/solution/solution-00035 
 47 1.278731488312e+10 4.908422869606e+07 768 7235 3201  9 6 7 7 1.03380977e-03 1.89804167e-03                                            "" 
 48 1.283666215235e+10 4.934726922391e+07 768 7235 3201  9 6 7 7 1.02815396e-03 1.88588920e-03 outputs/V1e24_D300_G4/solution/solution-00036 
 49 1.288633105571e+10 4.966890336341e+07 768 7235 3201  9 6 7 7 1.02153132e-03 1.87184499e-03                                            "" 
 50 1.293637665673e+10 5.004560102105e+07 768 7235 3201  9 6 7 7 1.01402798e-03 1.85611080e-03 outputs/V1e24_D300_G4/solution/solution-00037 
 51 1.298685070148e+10 5.047404475208e+07 768 7235 3201  9 6 7 7 1.00572743e-03 1.83889022e-03                                            "" 
 52 1.303780178585e+10 5.095108436639e+07 768 7235 3201  9 6 7 7 9.96710069e-04 1.82037965e-03 outputs/V1e24_D300_G4/solution/solution-00038 
 53 1.308927548452e+10 5.147369867357e+07 768 7235 3201  9 6 7 7 9.87052760e-04 1.80076739e-03                                            "" 
 54 1.314131444804e+10 5.203896351623e+07 768 7235 3201  9 6 7 7 9.76828485e-04 1.78023281e-03 outputs/V1e24_D300_G4/solution/solution-00039 
 55 1.319395847347e+10 5.264402543019e+07 768 7235 3201  9 6 7 7 9.66106082e-04 1.75894573e-03                                            "" 
 56 1.324724455389e+10 5.328608041636e+07 768 7235 3201  9 6 7 7 9.54950048e-04 1.73706589e-03 outputs/V1e24_D300_G4/solution/solution-00040 
 57 1.330120691131e+10 5.396235741751e+07 768 7235 3201  9 6 7 7 9.43420419e-04 1.71474262e-03 outputs/V1e24_D300_G4/solution/solution-00041 
 58 1.335587701747e+10 5.467010616948e+07 768 7235 3201  9 6 7 7 9.31572720e-04 1.69211456e-03                                            "" 
 59 1.341128360662e+10 5.540658914470e+07 768 7235 3201  9 6 7 7 9.19457971e-04 1.66930960e-03 outputs/V1e24_D300_G4/solution/solution-00042 
 60 1.346745268395e+10 5.616907732977e+07 768 7235 3201  9 6 7 7 9.07122771e-04 1.64644481e-03                                            "" 
 61 1.352440753353e+10 5.695484958192e+07 768 7235 3201  9 6 7 7 8.94609418e-04 1.62362653e-03 outputs/V1e24_D300_G4/solution/solution-00043 
 62 1.358216872883e+10 5.776119529501e+07 768 7235 3201  9 6 7 7 8.81956092e-04 1.60095057e-03                                            "" 
 63 1.364075414890e+10 5.858542007813e+07 768 7235 3201  9 6 7 7 8.69197073e-04 1.57850242e-03 outputs/V1e24_D300_G4/solution/solution-00044 
 64 1.370017900302e+10 5.942485411338e+07 768 7235 3201  9 6 7 7 8.56363001e-04 1.55635760e-03 outputs/V1e24_D300_G4/solution/solution-00045 
 65 1.376045586584e+10 6.027686281786e+07 768 7235 3201  9 6 7 7 8.43481158e-04 1.53458199e-03                                            "" 
 66 1.382159472523e+10 6.113885939359e+07 768 7235 3201  9 6 7 7 8.30575780e-04 1.51323226e-03 outputs/V1e24_D300_G4/solution/solution-00046 
 67 1.388360304404e+10 6.200831881170e+07 768 7235 3201  9 6 7 7 8.17668373e-04 1.49235634e-03                                            "" 
 68 1.394648583679e+10 6.288279274850e+07 768 7235 3201  9 6 7 7 8.04778046e-04 1.47199392e-03 outputs/V1e24_D300_G4/solution/solution-00047 
 69 1.401024576176e+10 6.375992497390e+07 768 7235 3201  8 6 7 7 7.91921831e-04 1.45217694e-03 outputs/V1e24_D300_G4/solution/solution-00048 
 70 1.407486934205e+10 6.462358029163e+07 768 7235 3201  8 6 7 7 7.79117731e-04 1.43293419e-03                                            "" 
 71 1.414035116547e+10 6.548182341947e+07 768 7235 3201  8 5 6 6 7.66380131e-04 1.41428424e-03 outputs/V1e24_D300_G4/solution/solution-00049 
 72 1.420668671105e+10 6.633554557974e+07 768 7235 3201  8 5 6 6 7.53721645e-04 1.39623865e-03 outputs/V1e24_D300_G4/solution/solution-00050 
 73 1.427386965034e+10 6.718293928546e+07 768 7235 3201  8 5 6 6 7.41153956e-04 1.37880342e-03                                            "" 
 74 1.434189201542e+10 6.802236508242e+07 768 7235 3201  8 5 6 6 7.28688042e-04 1.36197951e-03 outputs/V1e24_D300_G4/solution/solution-00051 
 75 1.441074437402e+10 6.885235860007e+07 768 7235 3201  8 5 6 6 7.16334378e-04 1.34576345e-03 outputs/V1e24_D300_G4/solution/solution-00052 
 76 1.448041600991e+10 6.967163588691e+07 768 7235 3201  8 5 6 6 7.04103090e-04 1.33018164e-03                                            "" 
 77 1.455089510607e+10 7.047909615648e+07 768 7235 3201  8 5 6 6 6.92004082e-04 1.31534969e-03 outputs/V1e24_D300_G4/solution/solution-00053 
 78 1.462216892817e+10 7.127382210178e+07 768 7235 3201  8 5 6 6 6.80047129e-04 1.30108804e-03 outputs/V1e24_D300_G4/solution/solution-00054 
 79 1.469422400604e+10 7.205507787543e+07 768 7235 3201  8 5 6 6 6.68241924e-04 1.28738029e-03                                            "" 
 80 1.476704631095e+10 7.282230490306e+07 768 7235 3201  8 5 6 6 6.56598102e-04 1.27420799e-03 outputs/V1e24_D300_G4/solution/solution-00055 
 81 1.484062142670e+10 7.357511575569e+07 768 7235 3201  8 5 6 6 6.45125229e-04 1.26155099e-03 outputs/V1e24_D300_G4/solution/solution-00056 
 82 1.491493471305e+10 7.431328635079e+07 768 7235 3201  8 5 6 6 6.33832765e-04 1.24938785e-03 outputs/V1e24_D300_G4/solution/solution-00057 
 83 1.498997145983e+10 7.503674678074e+07 768 7235 3201  8 5 6 6 6.22730002e-04 1.23769613e-03                                            "" 
 84 1.506571703091e+10 7.574557107989e+07 768 7235 3201  8 5 6 6 6.11825982e-04 1.22645266e-03 outputs/V1e24_D300_G4/solution/solution-00058 
 85 1.514215699715e+10 7.643996623883e+07 768 7235 3201  8 5 6 6 6.01129408e-04 1.21563386e-03 outputs/V1e24_D300_G4/solution/solution-00059 
 86 1.521927725791e+10 7.712026075797e+07 768 7235 3201  8 5 6 6 5.90648533e-04 1.20521590e-03 outputs/V1e24_D300_G4/solution/solution-00060 
 87 1.529706415091e+10 7.778689300414e+07 768 7235 3201  8 5 6 6 5.80391060e-04 1.19517494e-03                                            "" 
 88 1.537550455051e+10 7.844039959681e+07 768 7235 3201  8 5 6 6 5.70364029e-04 1.18548730e-03 outputs/V1e24_D300_G4/solution/solution-00061 
 89 1.545458595452e+10 7.908140400741e+07 768 7235 3201  7 5 6 6 5.60573720e-04 1.17612957e-03 outputs/V1e24_D300_G4/solution/solution-00062 
 90 1.553429656003e+10 7.971060550993e+07 768 7235 3201  7 5 6 6 5.51025558e-04 1.16707876e-03 outputs/V1e24_D300_G4/solution/solution-00063 
 91 1.561462532860e+10 8.032876857600e+07 768 7235 3201  7 5 6 6 5.41724040e-04 1.15831242e-03 outputs/V1e24_D300_G4/solution/solution-00064 
 92 1.569556204137e+10 8.093671276623e+07 768 7235 3201  7 5 6 6 5.32672672e-04 1.14980869e-03                                            "" 
 93 1.577709734450e+10 8.153530313366e+07 768 7235 3201  7 5 6 6 5.23873930e-04 1.14154638e-03 outputs/V1e24_D300_G4/solution/solution-00065 
 94 1.585922278563e+10 8.212544112635e+07 768 7235 3201  7 5 6 6 5.15329239e-04 1.13350506e-03 outputs/V1e24_D300_G4/solution/solution-00066 
 95 1.594193084158e+10 8.270805595471e+07 768 7235 3201  7 5 6 6 5.07038978e-04 1.12566509e-03 outputs/V1e24_D300_G4/solution/solution-00067 
 96 1.602521493796e+10 8.328409637595e+07 768 7235 3201  7 5 6 6 4.99002498e-04 1.11800767e-03 outputs/V1e24_D300_G4/solution/solution-00068 
 97 1.610906946080e+10 8.385452284119e+07 768 7235 3201  7 5 6 6 4.91218167e-04 1.11051489e-03 outputs/V1e24_D300_G4/solution/solution-00069 
 98 1.619348976075e+10 8.442029995103e+07 768 7235 3201  7 5 6 6 4.83683430e-04 1.10316974e-03                                            "" 
 99 1.627847214992e+10 8.498238916895e+07 768 7235 3201  7 5 6 6 4.76394882e-04 1.09595617e-03 outputs/V1e24_D300_G4/solution/solution-00070 
100 1.636401389167e+10 8.554174175035e+07 768 7235 3201  7 5 6 6 4.69348361e-04 1.08890816e-03 outputs/V1e24_D300_G4/solution/solution-00071 
