# 1: Time step number
# 2: Time (years)
# 3: Time step size (years)
# 4: Number of mesh cells
# 5: Number of Stokes degrees of freedom
# 6: Number of temperature degrees of freedom
# 7: Iterations for temperature solver
# 8: Iterations for Stokes solver
# 9: Velocity iterations in Stokes preconditioner
# 10: Schur complement iterations in Stokes preconditioner
# 11: RMS velocity (m/year)
# 12: Max. velocity (m/year)
# 13: Visualization file name
  0 0.000000000000e+00 0.000000000000e+00 768 7235 3201  0 8 9 9 6.62522896e-08 1.17554675e-07 outputs/V1e26_D30_G10/solution/solution-00000 
  1 1.392571516413e+09 1.392571516413e+09 768 7235 3201 32 8 9 9 6.29798044e-08 1.06510495e-07 outputs/V1e26_D30_G10/solution/solution-00001 
  2 2.785143032825e+09 1.392571516413e+09 768 7235 3201 25 8 9 9 6.01003170e-08 1.01837522e-07 outputs/V1e26_D30_G10/solution/solution-00002 
  3 4.177714549238e+09 1.392571516413e+09 768 7235 3201 24 8 9 9 5.75554095e-08 9.78195563e-08 outputs/V1e26_D30_G10/solution/solution-00003 
  4 5.570286065650e+09 1.392571516413e+09 768 7235 3201 23 8 9 9 5.52797802e-08 9.42410847e-08 outputs/V1e26_D30_G10/solution/solution-00004 
  5 6.962857582063e+09 1.392571516413e+09 768 7235 3201 23 8 9 9 5.32375020e-08 9.10236152e-08 outputs/V1e26_D30_G10/solution/solution-00005 
  6 8.355429098476e+09 1.392571516413e+09 768 7235 3201 22 8 9 9 5.13925322e-08 8.80990837e-08 outputs/V1e26_D30_G10/solution/solution-00006 
  7 9.748000614888e+09 1.392571516413e+09 768 7235 3201 21 8 9 9 4.97135724e-08 8.54136735e-08 outputs/V1e26_D30_G10/solution/solution-00007 
  8 1.114057213130e+10 1.392571516413e+09 768 7235 3201 21 8 9 9 4.81744200e-08 8.29257903e-08 outputs/V1e26_D30_G10/solution/solution-00008 
  9 1.253314364771e+10 1.392571516413e+09 768 7235 3201 21 8 9 9 4.67534510e-08 8.06032479e-08 outputs/V1e26_D30_G10/solution/solution-00009 
 10 1.392571516413e+10 1.392571516413e+09 768 7235 3201 20 8 9 9 4.54329048e-08 7.84209021e-08 outputs/V1e26_D30_G10/solution/solution-00010 
 11 1.531828668054e+10 1.392571516413e+09 768 7235 3201 20 8 9 9 4.41981951e-08 7.63588779e-08 outputs/V1e26_D30_G10/solution/solution-00011 
 12 1.671085819695e+10 1.392571516413e+09 768 7235 3201 20 8 9 9 4.30373206e-08 7.44012814e-08 outputs/V1e26_D30_G10/solution/solution-00012 
 13 1.810342971336e+10 1.392571516413e+09 768 7235 3201 20 8 9 9 4.19403796e-08 7.25352647e-08 outputs/V1e26_D30_G10/solution/solution-00013 
 14 1.949600122978e+10 1.392571516413e+09 768 7235 3201 20 8 9 9 4.08991769e-08 7.07503402e-08 outputs/V1e26_D30_G10/solution/solution-00014 
 15 2.088857274619e+10 1.392571516413e+09 768 7235 3201 20 8 9 9 3.99069079e-08 6.90378702e-08 outputs/V1e26_D30_G10/solution/solution-00015 
 16 2.228114426260e+10 1.392571516413e+09 768 7235 3201 19 8 9 9 3.89579039e-08 6.73906822e-08 outputs/V1e26_D30_G10/solution/solution-00016 
 17 2.367371577901e+10 1.392571516413e+09 768 7235 3201 19 8 9 9 3.80474261e-08 6.58027750e-08 outputs/V1e26_D30_G10/solution/solution-00017 
 18 2.506628729543e+10 1.392571516413e+09 768 7235 3201 19 8 9 9 3.71715001e-08 6.42690911e-08 outputs/V1e26_D30_G10/solution/solution-00018 
 19 2.645885881184e+10 1.392571516413e+09 768 7235 3201 19 8 9 9 3.63267807e-08 6.27853388e-08 outputs/V1e26_D30_G10/solution/solution-00019 
 20 2.785143032825e+10 1.392571516413e+09 768 7235 3201 19 8 9 9 3.55104419e-08 6.13478519e-08 outputs/V1e26_D30_G10/solution/solution-00020 
 21 2.924400184466e+10 1.392571516413e+09 768 7235 3201 19 8 9 9 3.47200877e-08 5.99534780e-08 outputs/V1e26_D30_G10/solution/solution-00021 
 22 3.063657336108e+10 1.392571516413e+09 768 7235 3201 19 8 9 9 3.39536785e-08 5.85994886e-08 outputs/V1e26_D30_G10/solution/solution-00022 
 23 3.202914487749e+10 1.392571516413e+09 768 7235 3201 19 8 9 9 3.32094704e-08 5.72835073e-08 outputs/V1e26_D30_G10/solution/solution-00023 
 24 3.342171639390e+10 1.392571516413e+09 768 7235 3201 19 8 9 9 3.24859663e-08 5.60034508e-08 outputs/V1e26_D30_G10/solution/solution-00024 
 25 3.481428791032e+10 1.392571516413e+09 768 7235 3201 19 8 9 9 3.17818742e-08 5.47574809e-08 outputs/V1e26_D30_G10/solution/solution-00025 
 26 3.620685942673e+10 1.392571516413e+09 768 7235 3201 18 8 9 9 3.10960739e-08 5.35439655e-08 outputs/V1e26_D30_G10/solution/solution-00026 
 27 3.759943094314e+10 1.392571516413e+09 768 7235 3201 18 8 9 9 3.04275885e-08 5.23614458e-08 outputs/V1e26_D30_G10/solution/solution-00027 
 28 3.899200245955e+10 1.392571516413e+09 768 7235 3201 18 8 9 9 2.97755617e-08 5.12086104e-08 outputs/V1e26_D30_G10/solution/solution-00028 
 29 4.038457397597e+10 1.392571516413e+09 768 7235 3201 18 8 9 9 2.91392379e-08 5.00842723e-08 outputs/V1e26_D30_G10/solution/solution-00029 
 30 4.177714549238e+10 1.392571516413e+09 768 7235 3201 18 8 9 9 2.85179465e-08 4.89873510e-08 outputs/V1e26_D30_G10/solution/solution-00030 
 31 4.316971700879e+10 1.392571516413e+09 768 7235 3201 18 8 9 9 2.79110886e-08 4.79168573e-08 outputs/V1e26_D30_G10/solution/solution-00031 
 32 4.456228852520e+10 1.392571516413e+09 768 7235 3201 18 8 9 9 2.73181255e-08 4.68718801e-08 outputs/V1e26_D30_G10/solution/solution-00032 
 33 4.595486004162e+10 1.392571516413e+09 768 7235 3201 18 8 9 9 2.67385698e-08 4.58515761e-08 outputs/V1e26_D30_G10/solution/solution-00033 
 34 4.734743155803e+10 1.392571516413e+09 768 7235 3201 18 8 9 9 2.61719774e-08 4.48551606e-08 outputs/V1e26_D30_G10/solution/solution-00034 
 35 4.874000307444e+10 1.392571516413e+09 768 7235 3201 18 8 9 9 2.56179412e-08 4.38819000e-08 outputs/V1e26_D30_G10/solution/solution-00035 
 36 5.013257459085e+10 1.392571516413e+09 768 7235 3201 18 8 9 9 2.50760856e-08 4.29311054e-08 outputs/V1e26_D30_G10/solution/solution-00036 
 37 5.152514610727e+10 1.392571516413e+09 768 7235 3201 18 8 9 9 2.45460621e-08 4.20021276e-08 outputs/V1e26_D30_G10/solution/solution-00037 
 38 5.291771762368e+10 1.392571516413e+09 768 7235 3201 18 8 9 9 2.40275452e-08 4.10943520e-08 outputs/V1e26_D30_G10/solution/solution-00038 
 39 5.431028914009e+10 1.392571516413e+09 768 7235 3201 18 8 9 9 2.35202298e-08 4.02071951e-08 outputs/V1e26_D30_G10/solution/solution-00039 
 40 5.570286065650e+10 1.392571516413e+09 768 7235 3201 18 8 9 9 2.30238279e-08 3.93401013e-08 outputs/V1e26_D30_G10/solution/solution-00040 
 41 5.709543217292e+10 1.392571516413e+09 768 7235 3201 18 8 9 9 2.25380668e-08 3.84925400e-08 outputs/V1e26_D30_G10/solution/solution-00041 
 42 5.848800368933e+10 1.392571516413e+09 768 7235 3201 18 8 9 9 2.20626871e-08 3.76640029e-08 outputs/V1e26_D30_G10/solution/solution-00042 
 43 5.988057520574e+10 1.392571516413e+09 768 7235 3201 18 8 9 9 2.15974412e-08 3.68540028e-08 outputs/V1e26_D30_G10/solution/solution-00043 
 44 6.127314672215e+10 1.392571516413e+09 768 7235 3201 18 8 9 9 2.11420919e-08 3.60620709e-08 outputs/V1e26_D30_G10/solution/solution-00044 
 45 6.266571823857e+10 1.392571516413e+09 768 7235 3201 17 8 9 9 2.06964112e-08 3.52877559e-08 outputs/V1e26_D30_G10/solution/solution-00045 
 46 6.405828975498e+10 1.392571516413e+09 768 7235 3201 17 8 9 9 2.02601796e-08 3.45306227e-08 outputs/V1e26_D30_G10/solution/solution-00046 
 47 6.545086127139e+10 1.392571516413e+09 768 7235 3201 17 8 9 9 1.98331852e-08 3.37902506e-08 outputs/V1e26_D30_G10/solution/solution-00047 
 48 6.684343278781e+10 1.392571516413e+09 768 7235 3201 17 8 9 9 1.94152228e-08 3.30662332e-08 outputs/V1e26_D30_G10/solution/solution-00048 
 49 6.823600430422e+10 1.392571516413e+09 768 7235 3201 17 8 9 9 1.90060938e-08 3.23581769e-08 outputs/V1e26_D30_G10/solution/solution-00049 
 50 6.962857582063e+10 1.392571516413e+09 768 7235 3201 17 8 9 9 1.86056051e-08 3.16657004e-08 outputs/V1e26_D30_G10/solution/solution-00050 
 51 7.102114733704e+10 1.392571516413e+09 768 7235 3201 17 8 9 9 1.82135694e-08 3.09884339e-08 outputs/V1e26_D30_G10/solution/solution-00051 
 52 7.241371885346e+10 1.392571516413e+09 768 7235 3201 17 8 9 9 1.78298041e-08 3.03260184e-08 outputs/V1e26_D30_G10/solution/solution-00052 
 53 7.380629036987e+10 1.392571516413e+09 768 7235 3201 17 8 9 9 1.74541315e-08 2.96781055e-08 outputs/V1e26_D30_G10/solution/solution-00053 
 54 7.519886188628e+10 1.392571516413e+09 768 7235 3201 17 8 9 9 1.70863786e-08 2.90443566e-08 outputs/V1e26_D30_G10/solution/solution-00054 
 55 7.659143340269e+10 1.392571516413e+09 768 7235 3201 17 8 9 9 1.67263764e-08 2.84244425e-08 outputs/V1e26_D30_G10/solution/solution-00055 
 56 7.798400491911e+10 1.392571516413e+09 768 7235 3201 17 8 9 9 1.63739599e-08 2.78180430e-08 outputs/V1e26_D30_G10/solution/solution-00056 
 57 7.937657643552e+10 1.392571516413e+09 768 7235 3201 17 8 9 9 1.60289681e-08 2.72248467e-08 outputs/V1e26_D30_G10/solution/solution-00057 
 58 8.076914795193e+10 1.392571516413e+09 768 7235 3201 17 8 9 9 1.56912438e-08 2.66445503e-08 outputs/V1e26_D30_G10/solution/solution-00058 
 59 8.216171946834e+10 1.392571516413e+09 768 7235 3201 17 8 9 9 1.53606331e-08 2.60768586e-08 outputs/V1e26_D30_G10/solution/solution-00059 
 60 8.355429098476e+10 1.392571516413e+09 768 7235 3201 17 8 9 9 1.50369858e-08 2.55214841e-08 outputs/V1e26_D30_G10/solution/solution-00060 
 61 8.494686250117e+10 1.392571516413e+09 768 7235 3201 17 8 9 9 1.47201549e-08 2.49781467e-08 outputs/V1e26_D30_G10/solution/solution-00061 
 62 8.633943401758e+10 1.392571516413e+09 768 7235 3201 17 8 9 9 1.44099966e-08 2.44465734e-08 outputs/V1e26_D30_G10/solution/solution-00062 
 63 8.773200553399e+10 1.392571516413e+09 768 7235 3201 17 8 9 9 1.41063704e-08 2.39264984e-08 outputs/V1e26_D30_G10/solution/solution-00063 
 64 8.912457705041e+10 1.392571516413e+09 768 7235 3201 17 8 9 9 1.38091386e-08 2.34176622e-08 outputs/V1e26_D30_G10/solution/solution-00064 
 65 9.051714856682e+10 1.392571516413e+09 768 7235 3201 17 8 9 9 1.35181665e-08 2.29198120e-08 outputs/V1e26_D30_G10/solution/solution-00065 
 66 9.190972008323e+10 1.392571516413e+09 768 7235 3201 17 8 9 9 1.32333224e-08 2.24327013e-08 outputs/V1e26_D30_G10/solution/solution-00066 
 67 9.330229159964e+10 1.392571516413e+09 768 7235 3201 17 8 9 9 1.29544774e-08 2.19560896e-08 outputs/V1e26_D30_G10/solution/solution-00067 
 68 9.469486311606e+10 1.392571516413e+09 768 7235 3201 17 8 9 9 1.26815052e-08 2.14897421e-08 outputs/V1e26_D30_G10/solution/solution-00068 
 69 9.608743463247e+10 1.392571516413e+09 768 7235 3201 17 8 9 9 1.24142822e-08 2.10334302e-08 outputs/V1e26_D30_G10/solution/solution-00069 
 70 9.748000614888e+10 1.392571516413e+09 768 7235 3201 17 8 9 9 1.21526876e-08 2.05869305e-08 outputs/V1e26_D30_G10/solution/solution-00070 
 71 9.887257766530e+10 1.392571516413e+09 768 7235 3201 16 8 9 9 1.18966029e-08 2.01500250e-08 outputs/V1e26_D30_G10/solution/solution-00071 
 72 1.002651491817e+11 1.392571516413e+09 768 7235 3201 16 8 9 9 1.16459122e-08 1.97225010e-08 outputs/V1e26_D30_G10/solution/solution-00072 
 73 1.016577206981e+11 1.392571516413e+09 768 7235 3201 16 8 9 9 1.14005021e-08 1.93041509e-08 outputs/V1e26_D30_G10/solution/solution-00073 
 74 1.030502922145e+11 1.392571516413e+09 768 7235 3201 16 8 9 9 1.11602614e-08 1.88947721e-08 outputs/V1e26_D30_G10/solution/solution-00074 
 75 1.044428637309e+11 1.392571516413e+09 768 7235 3201 16 8 9 9 1.09250814e-08 1.84941665e-08 outputs/V1e26_D30_G10/solution/solution-00075 
 76 1.058354352474e+11 1.392571516413e+09 768 7235 3201 16 8 9 9 1.06948557e-08 1.81021411e-08 outputs/V1e26_D30_G10/solution/solution-00076 
 77 1.072280067638e+11 1.392571516413e+09 768 7235 3201 16 8 9 9 1.04694800e-08 1.77185072e-08 outputs/V1e26_D30_G10/solution/solution-00077 
 78 1.086205782802e+11 1.392571516413e+09 768 7235 3201 16 8 9 9 1.02488522e-08 1.73430805e-08 outputs/V1e26_D30_G10/solution/solution-00078 
 79 1.100131497966e+11 1.392571516413e+09 768 7235 3201 16 8 9 9 1.00328724e-08 1.69756810e-08 outputs/V1e26_D30_G10/solution/solution-00079 
 80 1.114057213130e+11 1.392571516413e+09 768 7235 3201 16 8 9 9 9.82144291e-09 1.66161332e-08 outputs/V1e26_D30_G10/solution/solution-00080 
 81 1.127982928294e+11 1.392571516413e+09 768 7235 3201 16 8 9 9 9.61446786e-09 1.62642652e-08 outputs/V1e26_D30_G10/solution/solution-00081 
 82 1.141908643458e+11 1.392571516413e+09 768 7235 3201 16 8 9 9 9.41185351e-09 1.59199093e-08 outputs/V1e26_D30_G10/solution/solution-00082 
 83 1.155834358622e+11 1.392571516413e+09 768 7235 3201 16 8 9 9 9.21350808e-09 1.55829019e-08 outputs/V1e26_D30_G10/solution/solution-00083 
 84 1.169760073787e+11 1.392571516413e+09 768 7235 3201 16 8 9 9 9.01934171e-09 1.52530826e-08 outputs/V1e26_D30_G10/solution/solution-00084 
 85 1.183685788951e+11 1.392571516413e+09 768 7235 3201 16 8 9 9 8.82926642e-09 1.49302953e-08 outputs/V1e26_D30_G10/solution/solution-00085 
 86 1.197611504115e+11 1.392571516413e+09 768 7235 3201 16 8 9 9 8.64319608e-09 1.46143870e-08 outputs/V1e26_D30_G10/solution/solution-00086 
 87 1.211537219279e+11 1.392571516413e+09 768 7235 3201 16 8 9 9 8.46104637e-09 1.43052084e-08 outputs/V1e26_D30_G10/solution/solution-00087 
 88 1.225462934443e+11 1.392571516413e+09 768 7235 3201 16 8 9 9 8.28273474e-09 1.40026135e-08 outputs/V1e26_D30_G10/solution/solution-00088 
 89 1.239388649607e+11 1.392571516413e+09 768 7235 3201 16 8 9 9 8.10818036e-09 1.37064598e-08 outputs/V1e26_D30_G10/solution/solution-00089 
 90 1.253314364771e+11 1.392571516413e+09 768 7235 3201 16 8 9 9 7.93730412e-09 1.34166078e-08 outputs/V1e26_D30_G10/solution/solution-00090 
 91 1.267240079935e+11 1.392571516413e+09 768 7235 3201 16 8 9 9 7.77002856e-09 1.31329212e-08 outputs/V1e26_D30_G10/solution/solution-00091 
 92 1.281165795100e+11 1.392571516413e+09 768 7235 3201 16 8 9 9 7.60627785e-09 1.28552669e-08 outputs/V1e26_D30_G10/solution/solution-00092 
 93 1.295091510264e+11 1.392571516413e+09 768 7235 3201 16 8 9 9 7.44597774e-09 1.25835146e-08 outputs/V1e26_D30_G10/solution/solution-00093 
 94 1.309017225428e+11 1.392571516413e+09 768 7235 3201 16 8 9 9 7.28905556e-09 1.23175371e-08 outputs/V1e26_D30_G10/solution/solution-00094 
 95 1.322942940592e+11 1.392571516413e+09 768 7235 3201 16 8 9 9 7.13544016e-09 1.20572099e-08 outputs/V1e26_D30_G10/solution/solution-00095 
 96 1.336868655756e+11 1.392571516413e+09 768 7235 3201 15 8 9 9 6.98506190e-09 1.18024115e-08 outputs/V1e26_D30_G10/solution/solution-00096 
 97 1.350794370920e+11 1.392571516413e+09 768 7235 3201 15 8 9 9 6.83785259e-09 1.15530227e-08 outputs/V1e26_D30_G10/solution/solution-00097 
 98 1.364720086084e+11 1.392571516413e+09 768 7235 3201 15 8 9 9 6.69374545e-09 1.13089275e-08 outputs/V1e26_D30_G10/solution/solution-00098 
 99 1.378645801248e+11 1.392571516413e+09 768 7235 3201 15 8 9 9 6.55267514e-09 1.10700119e-08 outputs/V1e26_D30_G10/solution/solution-00099 
100 1.392571516413e+11 1.392571516413e+09 768 7235 3201 15 8 9 9 6.41457769e-09 1.08361648e-08 outputs/V1e26_D30_G10/solution/solution-00100 
