# 1: Time step number
# 2: Time (years)
# 3: Time step size (years)
# 4: Number of mesh cells
# 5: Number of Stokes degrees of freedom
# 6: Number of temperature degrees of freedom
# 7: Iterations for temperature solver
# 8: Iterations for Stokes solver
# 9: Velocity iterations in Stokes preconditioner
# 10: Schur complement iterations in Stokes preconditioner
# 11: RMS velocity (m/year)
# 12: Max. velocity (m/year)
# 13: Visualization file name
  0 0.000000000000e+00 0.000000000000e+00 768 7235 3201  0 8 9 9 3.45000249e-06 1.67617323e-05 outputs/V1e24_D10000_G4/solution/solution-00000 
  1 1.392571516413e+09 1.392571516413e+09 768 7235 3201 32 8 9 9 3.15118107e-05 5.46507764e-05 outputs/V1e24_D10000_G4/solution/solution-00001 
  2 2.785143032825e+09 1.392571516413e+09 768 7235 3201 27 8 9 9 4.37806504e-04 7.84336828e-04 outputs/V1e24_D10000_G4/solution/solution-00002 
  3 2.904670761995e+09 1.195277291695e+08 768 7235 3201 13 8 9 9 8.20599626e-04 1.47650373e-03 outputs/V1e24_D10000_G4/solution/solution-00003 
  4 2.968182701333e+09 6.351193933797e+07 768 7235 3201 12 8 9 9 1.22127869e-03 2.20226329e-03                                              "" 
  5 3.010764939279e+09 4.258223794634e+07 768 7235 3201 12 7 8 8 1.62150447e-03 2.92725547e-03 outputs/V1e24_D10000_G4/solution/solution-00004 
  6 3.042785625398e+09 3.202068611872e+07 768 7235 3201 12 7 8 8 2.01592065e-03 3.64259926e-03                                              "" 
  7 3.068517440809e+09 2.573181541177e+07 768 7235 3201 12 6 7 7 2.40294050e-03 4.34584277e-03                                              "" 
  8 3.090095831905e+09 2.157839109573e+07 768 7235 3201 12 6 7 7 2.78209768e-03 5.03393872e-03                                              "" 
  9 3.108724473689e+09 1.862864178334e+07 768 7235 3201 13 6 7 7 3.15303365e-03 5.70744499e-03 outputs/V1e24_D10000_G4/solution/solution-00005 
 10 3.125150387600e+09 1.642591391156e+07 768 7235 3201 13 6 7 7 3.51539846e-03 6.36544231e-03                                              "" 
 11 3.139878350788e+09 1.472796318826e+07 768 7235 3201 13 6 7 7 3.86901532e-03 7.00645776e-03                                              "" 
 12 3.153260270793e+09 1.338192000494e+07 768 7235 3201 13 6 7 7 4.21362240e-03 7.63252003e-03                                              "" 
 13 3.165549583140e+09 1.228931234714e+07 768 7235 3201 13 6 7 7 4.54882592e-03 8.23949213e-03                                              "" 
 14 3.176928502668e+09 1.137891952770e+07 768 7235 3201 13 6 7 7 4.87394654e-03 8.82580123e-03 outputs/V1e24_D10000_G4/solution/solution-00006 
 15 3.187546831683e+09 1.061832901448e+07 768 7235 3201 13 6 7 7 5.18856943e-03 9.39639314e-03                                              "" 
 16 3.197522383534e+09 9.975551851493e+06 768 7235 3201 13 6 7 7 5.49224186e-03 9.94705844e-03                                              "" 
 17 3.206949646031e+09 9.427262497359e+06 768 7235 3201 13 6 7 7 5.78448577e-03 1.04747198e-02 outputs/V1e24_D10000_G4/solution/solution-00007 
 18 3.215904580394e+09 8.954934362969e+06 768 7235 3201 13 6 7 7 6.06477352e-03 1.09782467e-02                                              "" 
 19 3.224444569736e+09 8.539989341755e+06 768 7235 3201 13 6 7 7 6.33240688e-03 1.14613013e-02                                              "" 
 20 3.232624269202e+09 8.179699465851e+06 768 7235 3201 13 6 7 7 6.58693458e-03 1.19187500e-02                                              "" 
 21 3.240490026955e+09 7.865757753404e+06 768 7235 3201 14 6 7 7 6.82791800e-03 1.23492278e-02                                              "" 
 22 3.248081594754e+09 7.591567798634e+06 768 7235 3201 14 6 7 7 7.05493835e-03 1.27550721e-02 outputs/V1e24_D10000_G4/solution/solution-00008 
 23 3.255433427867e+09 7.351833112619e+06 768 7235 3201 14 6 7 7 7.26760264e-03 1.31350983e-02                                              "" 
 24 3.262575510022e+09 7.142082154997e+06 768 7235 3201 14 6 7 7 7.46554403e-03 1.34861033e-02                                              "" 
 25 3.269529310553e+09 6.953800531663e+06 768 7235 3201 14 6 7 7 7.64830454e-03 1.38072390e-02                                              "" 
 26 3.276319091457e+09 6.789780903631e+06 768 7235 3201 14 6 7 7 7.81563568e-03 1.40980551e-02                                              "" 
 27 3.282966628372e+09 6.647536914508e+06 768 7235 3201 14 6 7 7 7.96732972e-03 1.43618029e-02 outputs/V1e24_D10000_G4/solution/solution-00009 
 28 3.289491636784e+09 6.525008412001e+06 768 7235 3201 14 6 7 7 8.10322139e-03 1.46002112e-02                                              "" 
 29 3.295912121667e+09 6.420484883324e+06 768 7235 3201 14 6 7 7 8.22318867e-03 1.48075159e-02                                              "" 
 30 3.302244667773e+09 6.332546106485e+06 768 7235 3201 14 6 7 7 8.32715308e-03 1.49835692e-02 outputs/V1e24_D10000_G4/solution/solution-00010 
 31 3.308504683581e+09 6.260015807215e+06 768 7235 3201 14 6 7 7 8.41507935e-03 1.51283206e-02                                              "" 
 32 3.314704655275e+09 6.199971694875e+06 768 7235 3201 14 6 7 7 8.48695394e-03 1.52417844e-02                                              "" 
 33 3.320856239822e+09 6.151584546076e+06 768 7235 3201 14 6 7 7 8.54282497e-03 1.53277071e-02                                              "" 
 34 3.326972614542e+09 6.116374720772e+06 768 7235 3201 14 6 7 7 8.58281260e-03 1.53844835e-02                                              "" 
 35 3.333066416779e+09 6.093802236941e+06 768 7235 3201 14 6 7 7 8.60707213e-03 1.54106451e-02 outputs/V1e24_D10000_G4/solution/solution-00011 
 36 3.339149873998e+09 6.083457218747e+06 768 7235 3201 14 6 7 7 8.61579237e-03 1.54066154e-02                                              "" 
 37 3.345234922380e+09 6.085048381748e+06 768 7235 3201 14 6 7 7 8.60918896e-03 1.53728918e-02                                              "" 
 38 3.351333319543e+09 6.098397163142e+06 768 7235 3201 14 6 7 7 8.58749525e-03 1.53145491e-02                                              "" 
 39 3.357456754847e+09 6.123435304565e+06 768 7235 3201 14 6 7 7 8.55097811e-03 1.52280453e-02                                              "" 
 40 3.363616947724e+09 6.160192876624e+06 768 7235 3201 14 6 7 7 8.49994261e-03 1.51135528e-02 outputs/V1e24_D10000_G4/solution/solution-00012 
 41 3.369822636505e+09 6.205688780917e+06 768 7235 3201 14 6 7 7 8.43476343e-03 1.49719239e-02                                              "" 
 42 3.376085345294e+09 6.262708788995e+06 768 7235 3201 14 6 7 7 8.35582807e-03 1.48040460e-02                                              "" 
 43 3.382417405715e+09 6.332060420699e+06 768 7235 3201 14 6 7 7 8.26353345e-03 1.46108420e-02                                              "" 
 44 3.388831541731e+09 6.414136016510e+06 768 7235 3201 14 6 7 7 8.15828607e-03 1.43972328e-02                                              "" 
 45 3.395340986998e+09 6.509445266806e+06 768 7235 3201 14 6 7 7 8.04050131e-03 1.41636367e-02 outputs/V1e24_D10000_G4/solution/solution-00013 
 46 3.401959610979e+09 6.618623981188e+06 768 7235 3201 14 6 7 7 7.91060175e-03 1.39073094e-02 outputs/V1e24_D10000_G4/solution/solution-00014 
 47 3.408702057491e+09 6.742446511801e+06 768 7235 3201 14 6 7 7 7.76901753e-03 1.36292847e-02                                              "" 
 48 3.415583898014e+09 6.881840523052e+06 768 7235 3201 14 6 7 7 7.61618583e-03 1.33306227e-02                                              "" 
 49 3.422618324920e+09 7.034426905785e+06 768 7235 3201 14 6 7 7 7.45263304e-03 1.30433327e-02                                              "" 
 50 3.429806305456e+09 7.187980535968e+06 768 7235 3201 14 6 7 7 7.27923389e-03 1.28973978e-02                                              "" 
 51 3.437075213629e+09 7.268908173093e+06 768 7235 3201 14 6 7 7 7.09879113e-03 1.27375419e-02 outputs/V1e24_D10000_G4/solution/solution-00015 
 52 3.444435346419e+09 7.360132790355e+06 768 7235 3201 14 6 7 7 6.91218670e-03 1.25639234e-02                                              "" 
 53 3.451897187504e+09 7.461841084857e+06 768 7235 3201 14 6 7 7 6.72026485e-03 1.23774103e-02                                              "" 
 54 3.459471469850e+09 7.574282346033e+06 768 7235 3201 14 6 7 7 6.52383126e-03 1.21788545e-02                                              "" 
 55 3.467169238117e+09 7.697768267401e+06 768 7235 3201 14 6 7 7 6.32365276e-03 1.19690924e-02                                              "" 
 56 3.475001912210e+09 7.832674092678e+06 768 7235 3201 13 6 7 7 6.12045736e-03 1.17489440e-02 outputs/V1e24_D10000_G4/solution/solution-00016 
 57 3.482981352739e+09 7.979440528780e+06 768 7235 3201 13 6 7 7 5.91493653e-03 1.15192161e-02                                              "" 
 58 3.491119927351e+09 8.138574611672e+06 768 7235 3201 13 6 7 7 5.70774671e-03 1.12807040e-02                                              "" 
 59 3.499430578909e+09 8.310651557959e+06 768 7235 3201 13 6 7 7 5.49951076e-03 1.10341919e-02                                              "" 
 60 3.507926896615e+09 8.496317706246e+06 768 7235 3201 13 6 7 7 5.29081986e-03 1.07804545e-02 outputs/V1e24_D10000_G4/solution/solution-00017 
 61 3.516623190467e+09 8.696293852121e+06 768 7235 3201 13 6 7 7 5.08223546e-03 1.05222910e-02                                              "" 
 62 3.525534569654e+09 8.911379187138e+06 768 7235 3201 13 6 7 7 4.87429040e-03 1.02586922e-02                                              "" 
 63 3.534677027133e+09 9.142457479093e+06 768 7235 3201 12 6 7 7 4.66749130e-03 9.98999674e-03                                              "" 
 64 3.544067528755e+09 9.390501621373e+06 768 7235 3201 12 6 7 7 4.46231963e-03 9.71695164e-03                                              "" 
 65 3.553724110258e+09 9.656581503289e+06 768 7235 3201 12 6 7 7 4.25923397e-03 9.44029417e-03 outputs/V1e24_D10000_G4/solution/solution-00018 
 66 3.563665979709e+09 9.941869450756e+06 768 7235 3201 12 6 7 7 4.05867153e-03 9.16075237e-03                                              "" 
 67 3.573910832715e+09 1.024485300627e+07 768 7235 3201 12 6 7 7 3.86110164e-03 8.87912037e-03                                              "" 
 68 3.584478411214e+09 1.056757849922e+07 768 7235 3201 12 6 7 7 3.66695245e-03 8.59615741e-03                                              "" 
 69 3.595391469100e+09 1.091305788573e+07 768 7235 3201 12 6 7 7 3.47660028e-03 8.31256712e-03                                              "" 
 70 3.606674273880e+09 1.128280478050e+07 768 7235 3201 12 6 7 7 3.29040355e-03 8.02904257e-03 outputs/V1e24_D10000_G4/solution/solution-00019 
 71 3.618352720547e+09 1.167844666682e+07 768 7235 3201 11 6 7 7 3.10870321e-03 7.74626487e-03                                              "" 
 72 3.630454449607e+09 1.210172905957e+07 768 7235 3201 11 6 7 7 2.93182292e-03 7.46490128e-03                                              "" 
 73 3.643008968942e+09 1.255451933496e+07 768 7235 3201 11 6 7 7 2.76006887e-03 7.18560288e-03                                              "" 
 74 3.656047778672e+09 1.303880973075e+07 768 7235 3201 11 6 7 7 2.59372933e-03 6.90944337e-03                                              "" 
 75 3.669604497544e+09 1.355671887183e+07 768 7235 3201 11 6 7 7 2.43307373e-03 6.64057059e-03 outputs/V1e24_D10000_G4/solution/solution-00020 
 76 3.683714988672e+09 1.411049112769e+07 768 7235 3201 11 6 7 7 2.27835145e-03 6.37553170e-03                                              "" 
 77 3.698417481803e+09 1.470249313132e+07 768 7235 3201 11 6 7 7 2.12979010e-03 6.11488585e-03                                              "" 
 78 3.713752688653e+09 1.533520684936e+07 768 7235 3201 11 6 7 7 1.98759356e-03 5.85916394e-03 outputs/V1e24_D10000_G4/solution/solution-00021 
 79 3.729763907325e+09 1.601121867209e+07 768 7235 3201 10 6 7 7 1.85193944e-03 5.60886654e-03                                              "" 
 80 3.746494085563e+09 1.673017823817e+07 768 7235 3201 10 6 7 7 1.72299838e-03 5.36450407e-03                                              "" 
 81 3.763975485650e+09 1.748140008739e+07 768 7235 3201 10 6 7 7 1.60098851e-03 5.12849785e-03                                              "" 
 82 3.782255692203e+09 1.828020655307e+07 768 7235 3201 10 6 7 7 1.48597475e-03 4.90098906e-03                                              "" 
 83 3.801384484125e+09 1.912879192135e+07 768 7235 3201 10 6 7 7 1.37798155e-03 4.68065034e-03 outputs/V1e24_D10000_G4/solution/solution-00022 
 84 3.821413752116e+09 2.002926799093e+07 768 7235 3201 10 6 7 7 1.27698950e-03 4.46816854e-03                                              "" 
 85 3.842397380379e+09 2.098362826339e+07 768 7235 3201 10 6 7 7 1.18293248e-03 4.26652762e-03                                              "" 
 86 3.864391091978e+09 2.199371159896e+07 768 7235 3201 10 6 7 7 1.09569566e-03 4.07257832e-03                                              "" 
 87 3.887427088923e+09 2.303599694515e+07 768 7235 3201 10 6 7 7 1.01519593e-03 3.88664176e-03                                              "" 
 88 3.911547268900e+09 2.412017997648e+07 768 7235 3201  9 6 7 7 9.41236276e-04 3.70885904e-03 outputs/V1e24_D10000_G4/solution/solution-00023 
 89 3.936804398617e+09 2.525712971706e+07 768 7235 3201  9 6 7 7 8.73530810e-04 3.54369845e-03                                              "" 
 90 3.963251446694e+09 2.644704807730e+07 768 7235 3201  9 6 7 7 8.11753247e-04 3.38737341e-03                                              "" 
 91 3.990941309911e+09 2.768986321675e+07 768 7235 3201  9 6 7 7 7.55543621e-04 3.23864244e-03                                              "" 
 92 4.019917103437e+09 2.897579352591e+07 768 7235 3201  9 6 7 7 7.04532121e-04 3.09755824e-03 outputs/V1e24_D10000_G4/solution/solution-00024 
 93 4.050182878203e+09 3.026577476679e+07 768 7235 3201  9 6 7 7 6.58379174e-04 2.96689873e-03                                              "" 
 94 4.081781530086e+09 3.159865188286e+07 768 7235 3201  8 5 6 6 6.16657971e-04 2.84324997e-03                                              "" 
 95 4.114754360829e+09 3.297283074227e+07 768 7235 3201  8 5 6 6 5.78952267e-04 2.72662670e-03 outputs/V1e24_D10000_G4/solution/solution-00025 
 96 4.149140826141e+09 3.438646531238e+07 768 7235 3201  8 5 6 6 5.44865002e-04 2.61899433e-03                                              "" 
 97 4.184978260083e+09 3.583743394205e+07 768 7235 3201  8 5 6 6 5.14025770e-04 2.51739709e-03                                              "" 
 98 4.222268535971e+09 3.729027588811e+07 768 7235 3201  8 5 6 6 4.86118850e-04 2.42168100e-03 outputs/V1e24_D10000_G4/solution/solution-00026 
 99 4.261000179527e+09 3.873164355602e+07 768 7235 3201  8 5 6 6 4.60858323e-04 2.33169573e-03                                              "" 
100 4.301192795784e+09 4.019261625690e+07 768 7235 3201  8 5 6 6 4.37965992e-04 2.24720729e-03 outputs/V1e24_D10000_G4/solution/solution-00027 
