# 1: Time step number
# 2: Time (years)
# 3: Time step size (years)
# 4: Number of mesh cells
# 5: Number of Stokes degrees of freedom
# 6: Number of temperature degrees of freedom
# 7: Iterations for temperature solver
# 8: Iterations for Stokes solver
# 9: Velocity iterations in Stokes preconditioner
# 10: Schur complement iterations in Stokes preconditioner
# 11: RMS velocity (m/year)
# 12: Max. velocity (m/year)
# 13: Visualization file name
  0 0.000000000000e+00 0.000000000000e+00 768 7235 3201  0 8 9 9 7.91774875e-09 1.33583036e-08 outputs/V1e27_D1000_G12/solution/solution-00000 
  1 1.392571516413e+09 1.392571516413e+09 768 7235 3201 19 6 7 7 7.54047479e-09 1.27217919e-08 outputs/V1e27_D1000_G12/solution/solution-00001 
  2 2.785143032825e+09 1.392571516413e+09 768 7235 3201 13 5 6 6 7.17443596e-09 1.21042353e-08 outputs/V1e27_D1000_G12/solution/solution-00002 
  3 4.177714549238e+09 1.392571516413e+09 768 7235 3201 13 5 6 6 6.82387047e-09 1.15127843e-08 outputs/V1e27_D1000_G12/solution/solution-00003 
  4 5.570286065650e+09 1.392571516413e+09 768 7235 3201 13 5 6 6 6.48965247e-09 1.09489137e-08 outputs/V1e27_D1000_G12/solution/solution-00004 
  5 6.962857582063e+09 1.392571516413e+09 768 7235 3201 13 5 6 6 6.17153705e-09 1.04122104e-08 outputs/V1e27_D1000_G12/solution/solution-00005 
  6 8.355429098476e+09 1.392571516413e+09 768 7235 3201 13 5 6 6 5.86892436e-09 9.90166219e-09 outputs/V1e27_D1000_G12/solution/solution-00006 
  7 9.748000614888e+09 1.392571516413e+09 768 7235 3201 13 5 6 6 5.58111885e-09 9.41609572e-09 outputs/V1e27_D1000_G12/solution/solution-00007 
  8 1.114057213130e+10 1.392571516413e+09 768 7235 3201 13 5 6 6 5.30741644e-09 8.95432306e-09 outputs/V1e27_D1000_G12/solution/solution-00008 
  9 1.253314364771e+10 1.392571516413e+09 768 7235 3201 13 5 6 6 5.04713300e-09 8.51519000e-09 outputs/V1e27_D1000_G12/solution/solution-00009 
 10 1.392571516413e+10 1.392571516413e+09 768 7235 3201 13 5 6 6 4.79961301e-09 8.09759060e-09 outputs/V1e27_D1000_G12/solution/solution-00010 
 11 1.531828668054e+10 1.392571516413e+09 768 7235 3201 13 5 6 6 4.56423141e-09 7.70047028e-09 outputs/V1e27_D1000_G12/solution/solution-00011 
 12 1.671085819695e+10 1.392571516413e+09 768 7235 3201 13 5 6 6 4.34039320e-09 7.32282520e-09 outputs/V1e27_D1000_G12/solution/solution-00012 
 13 1.810342971336e+10 1.392571516413e+09 768 7235 3201 13 5 6 6 4.12753237e-09 6.96370045e-09 outputs/V1e27_D1000_G12/solution/solution-00013 
 14 1.949600122978e+10 1.392571516413e+09 768 7235 3201 13 5 6 6 3.92511061e-09 6.62218780e-09 outputs/V1e27_D1000_G12/solution/solution-00014 
 15 2.088857274619e+10 1.392571516413e+09 768 7235 3201 13 5 6 6 3.73261597e-09 6.29742355e-09 outputs/V1e27_D1000_G12/solution/solution-00015 
 16 2.228114426260e+10 1.392571516413e+09 768 7235 3201 13 5 6 6 3.54956163e-09 5.98858633e-09 outputs/V1e27_D1000_G12/solution/solution-00016 
 17 2.367371577901e+10 1.392571516413e+09 768 7235 3201 12 5 6 6 3.37548461e-09 5.69489506e-09 outputs/V1e27_D1000_G12/solution/solution-00017 
 18 2.506628729543e+10 1.392571516413e+09 768 7235 3201 12 5 6 6 3.20994464e-09 5.41560695e-09 outputs/V1e27_D1000_G12/solution/solution-00018 
 19 2.645885881184e+10 1.392571516413e+09 768 7235 3201 12 5 6 6 3.05252306e-09 5.15001564e-09 outputs/V1e27_D1000_G12/solution/solution-00019 
 20 2.785143032825e+10 1.392571516413e+09 768 7235 3201 12 5 6 6 2.90282172e-09 4.89744941e-09 outputs/V1e27_D1000_G12/solution/solution-00020 
 21 2.924400184466e+10 1.392571516413e+09 768 7235 3201 12 5 6 6 2.76046201e-09 4.65726950e-09 outputs/V1e27_D1000_G12/solution/solution-00021 
 22 3.063657336108e+10 1.392571516413e+09 768 7235 3201 12 5 6 6 2.62508389e-09 4.42886845e-09 outputs/V1e27_D1000_G12/solution/solution-00022 
 23 3.202914487749e+10 1.392571516413e+09 768 7235 3201 12 5 6 6 2.49634495e-09 4.21166860e-09 outputs/V1e27_D1000_G12/solution/solution-00023 
 24 3.342171639390e+10 1.392571516413e+09 768 7235 3201 12 5 6 6 2.37391961e-09 4.00512064e-09 outputs/V1e27_D1000_G12/solution/solution-00024 
 25 3.481428791032e+10 1.392571516413e+09 768 7235 3201 12 5 6 6 2.25749823e-09 3.80870217e-09 outputs/V1e27_D1000_G12/solution/solution-00025 
 26 3.620685942673e+10 1.392571516413e+09 768 7235 3201 12 5 6 6 2.14678637e-09 3.62191642e-09 outputs/V1e27_D1000_G12/solution/solution-00026 
 27 3.759943094314e+10 1.392571516413e+09 768 7235 3201 12 5 6 6 2.04150402e-09 3.44429098e-09 outputs/V1e27_D1000_G12/solution/solution-00027 
 28 3.899200245955e+10 1.392571516413e+09 768 7235 3201 12 5 6 6 1.94138492e-09 3.27537663e-09 outputs/V1e27_D1000_G12/solution/solution-00028 
 29 4.038457397597e+10 1.392571516413e+09 768 7235 3201 12 5 6 6 1.84617583e-09 3.11474614e-09 outputs/V1e27_D1000_G12/solution/solution-00029 
 30 4.177714549238e+10 1.392571516413e+09 768 7235 3201 12 5 6 6 1.75563598e-09 2.96199327e-09 outputs/V1e27_D1000_G12/solution/solution-00030 
 31 4.316971700879e+10 1.392571516413e+09 768 7235 3201 12 5 6 6 1.66953637e-09 2.81673168e-09 outputs/V1e27_D1000_G12/solution/solution-00031 
 32 4.456228852520e+10 1.392571516413e+09 768 7235 3201 12 5 6 6 1.58765924e-09 2.67859398e-09 outputs/V1e27_D1000_G12/solution/solution-00032 
 33 4.595486004162e+10 1.392571516413e+09 768 7235 3201 12 5 6 6 1.50979751e-09 2.54723081e-09 outputs/V1e27_D1000_G12/solution/solution-00033 
 34 4.734743155803e+10 1.392571516413e+09 768 7235 3201 12 5 6 6 1.43575427e-09 2.42230994e-09 outputs/V1e27_D1000_G12/solution/solution-00034 
 35 4.874000307444e+10 1.392571516413e+09 768 7235 3201 12 5 6 6 1.36534224e-09 2.30351541e-09 outputs/V1e27_D1000_G12/solution/solution-00035 
 36 5.013257459085e+10 1.392571516413e+09 768 7235 3201 12 5 6 6 1.29838335e-09 2.19054678e-09 outputs/V1e27_D1000_G12/solution/solution-00036 
 37 5.152514610727e+10 1.392571516413e+09 768 7235 3201 12 5 6 6 1.23470825e-09 2.08311834e-09 outputs/V1e27_D1000_G12/solution/solution-00037 
 38 5.291771762368e+10 1.392571516413e+09 768 7235 3201 11 5 6 6 1.17415589e-09 1.98095839e-09 outputs/V1e27_D1000_G12/solution/solution-00038 
 39 5.431028914009e+10 1.392571516413e+09 768 7235 3201 11 5 6 6 1.11657312e-09 1.88380856e-09 outputs/V1e27_D1000_G12/solution/solution-00039 
 40 5.570286065650e+10 1.392571516413e+09 768 7235 3201 11 5 6 6 1.06181433e-09 1.79142312e-09 outputs/V1e27_D1000_G12/solution/solution-00040 
 41 5.709543217292e+10 1.392571516413e+09 768 7235 3201 11 5 6 6 1.00974100e-09 1.70356844e-09 outputs/V1e27_D1000_G12/solution/solution-00041 
 42 5.848800368933e+10 1.392571516413e+09 768 7235 3201 11 5 6 6 9.60221447e-10 1.62002232e-09 outputs/V1e27_D1000_G12/solution/solution-00042 
 43 5.988057520574e+10 1.392571516413e+09 768 7235 3201 11 5 6 6 9.13130423e-10 1.54057345e-09 outputs/V1e27_D1000_G12/solution/solution-00043 
 44 6.127314672215e+10 1.392571516413e+09 768 7235 3201 11 5 6 6 8.68348829e-10 1.46502090e-09 outputs/V1e27_D1000_G12/solution/solution-00044 
 45 6.266571823857e+10 1.392571516413e+09 768 7235 3201 11 5 6 6 8.25763407e-10 1.39317358e-09 outputs/V1e27_D1000_G12/solution/solution-00045 
 46 6.405828975498e+10 1.392571516413e+09 768 7235 3201 11 5 6 6 7.85266453e-10 1.32484979e-09 outputs/V1e27_D1000_G12/solution/solution-00046 
 47 6.545086127139e+10 1.392571516413e+09 768 7235 3201 11 5 6 6 7.46755543e-10 1.25987672e-09 outputs/V1e27_D1000_G12/solution/solution-00047 
 48 6.684343278781e+10 1.392571516413e+09 768 7235 3201 11 5 6 6 7.10133279e-10 1.19809005e-09 outputs/V1e27_D1000_G12/solution/solution-00048 
 49 6.823600430422e+10 1.392571516413e+09 768 7235 3201 11 5 6 6 6.75307038e-10 1.13933351e-09 outputs/V1e27_D1000_G12/solution/solution-00049 
 50 6.962857582063e+10 1.392571516413e+09 768 7235 3201 11 5 6 6 6.42188741e-10 1.08345851e-09 outputs/V1e27_D1000_G12/solution/solution-00050 
 51 7.102114733704e+10 1.392571516413e+09 768 7235 3201 11 5 6 6 6.10694625e-10 1.03032371e-09 outputs/V1e27_D1000_G12/solution/solution-00051 
 52 7.241371885346e+10 1.392571516413e+09 768 7235 3201 11 5 6 6 5.80745038e-10 9.79794742e-10 outputs/V1e27_D1000_G12/solution/solution-00052 
 53 7.380629036987e+10 1.392571516413e+09 768 7235 3201 11 5 6 6 5.52264235e-10 9.31743808e-10 outputs/V1e27_D1000_G12/solution/solution-00053 
 54 7.519886188628e+10 1.392571516413e+09 768 7235 3201 11 5 6 6 5.25180182e-10 8.86049380e-10 outputs/V1e27_D1000_G12/solution/solution-00054 
 55 7.659143340269e+10 1.392571516413e+09 768 7235 3201 11 5 6 6 4.99424381e-10 8.42595890e-10 outputs/V1e27_D1000_G12/solution/solution-00055 
 56 7.798400491911e+10 1.392571516413e+09 768 7235 3201 11 5 6 6 4.74931692e-10 8.01273440e-10 outputs/V1e27_D1000_G12/solution/solution-00056 
 57 7.937657643552e+10 1.392571516413e+09 768 7235 3201 10 5 6 6 4.51640169e-10 7.61977518e-10 outputs/V1e27_D1000_G12/solution/solution-00057 
 58 8.076914795193e+10 1.392571516413e+09 768 7235 3201 10 5 6 6 4.29490905e-10 7.24608741e-10 outputs/V1e27_D1000_G12/solution/solution-00058 
 59 8.216171946834e+10 1.392571516413e+09 768 7235 3201 10 5 6 6 4.08427881e-10 6.89072597e-10 outputs/V1e27_D1000_G12/solution/solution-00059 
 60 8.355429098476e+10 1.392571516413e+09 768 7235 3201 10 5 6 6 3.88397828e-10 6.55279211e-10 outputs/V1e27_D1000_G12/solution/solution-00060 
 61 8.494686250117e+10 1.392571516413e+09 768 7235 3201 10 5 6 6 3.69350084e-10 6.23143114e-10 outputs/V1e27_D1000_G12/solution/solution-00061 
 62 8.633943401758e+10 1.392571516413e+09 768 7235 3201 10 5 6 6 3.51236477e-10 5.92583031e-10 outputs/V1e27_D1000_G12/solution/solution-00062 
 63 8.773200553399e+10 1.392571516413e+09 768 7235 3201 10 5 6 6 3.34011195e-10 5.63521670e-10 outputs/V1e27_D1000_G12/solution/solution-00063 
 64 8.912457705041e+10 1.392571516413e+09 768 7235 3201 10 5 6 6 3.17630672e-10 5.35885532e-10 outputs/V1e27_D1000_G12/solution/solution-00064 
 65 9.051714856682e+10 1.392571516413e+09 768 7235 3201 10 5 6 6 3.02053480e-10 5.09604721e-10 outputs/V1e27_D1000_G12/solution/solution-00065 
 66 9.190972008323e+10 1.392571516413e+09 768 7235 3201 10 5 6 6 2.87240222e-10 4.84612769e-10 outputs/V1e27_D1000_G12/solution/solution-00066 
 67 9.330229159964e+10 1.392571516413e+09 768 7235 3201 10 5 6 6 2.73153434e-10 4.60846468e-10 outputs/V1e27_D1000_G12/solution/solution-00067 
 68 9.469486311606e+10 1.392571516413e+09 768 7235 3201 10 5 6 6 2.59757487e-10 4.38245710e-10 outputs/V1e27_D1000_G12/solution/solution-00068 
 69 9.608743463247e+10 1.392571516413e+09 768 7235 3201 10 5 6 6 2.47018503e-10 4.16753335e-10 outputs/V1e27_D1000_G12/solution/solution-00069 
 70 9.748000614888e+10 1.392571516413e+09 768 7235 3201 10 5 6 6 2.34904261e-10 3.96314986e-10 outputs/V1e27_D1000_G12/solution/solution-00070 
 71 9.887257766530e+10 1.392571516413e+09 768 7235 3201 10 5 6 6 2.23384125e-10 3.76878971e-10 outputs/V1e27_D1000_G12/solution/solution-00071 
 72 1.002651491817e+11 1.392571516413e+09 768 7235 3201 10 5 6 6 2.12428957e-10 3.58396133e-10 outputs/V1e27_D1000_G12/solution/solution-00072 
 73 1.016577206981e+11 1.392571516413e+09 768 7235 3201 10 5 6 6 2.02011050e-10 3.40819728e-10 outputs/V1e27_D1000_G12/solution/solution-00073 
 74 1.030502922145e+11 1.392571516413e+09 768 7235 3201 10 5 6 6 1.92104057e-10 3.24105302e-10 outputs/V1e27_D1000_G12/solution/solution-00074 
 75 1.044428637309e+11 1.392571516413e+09 768 7235 3201 10 5 6 6 1.82682921e-10 3.08210583e-10 outputs/V1e27_D1000_G12/solution/solution-00075 
 76 1.058354352474e+11 1.392571516413e+09 768 7235 3201 10 5 6 6 1.73723815e-10 2.93095369e-10 outputs/V1e27_D1000_G12/solution/solution-00076 
 77 1.072280067638e+11 1.392571516413e+09 768 7235 3201 10 5 6 6 1.65204079e-10 2.78721434e-10 outputs/V1e27_D1000_G12/solution/solution-00077 
 78 1.086205782802e+11 1.392571516413e+09 768 7235 3201 10 5 6 6 1.57102168e-10 2.65052422e-10 outputs/V1e27_D1000_G12/solution/solution-00078 
 79 1.100131497966e+11 1.392571516413e+09 768 7235 3201  9 5 6 6 1.49397589e-10 2.52053766e-10 outputs/V1e27_D1000_G12/solution/solution-00079 
 80 1.114057213130e+11 1.392571516413e+09 768 7235 3201  9 5 6 6 1.42070858e-10 2.39692587e-10 outputs/V1e27_D1000_G12/solution/solution-00080 
 81 1.127982928294e+11 1.392571516413e+09 768 7235 3201  9 5 6 6 1.35103443e-10 2.27937624e-10 outputs/V1e27_D1000_G12/solution/solution-00081 
 82 1.141908643458e+11 1.392571516413e+09 768 7235 3201  9 5 6 6 1.28477723e-10 2.16759146e-10 outputs/V1e27_D1000_G12/solution/solution-00082 
 83 1.155834358622e+11 1.392571516413e+09 768 7235 3201  9 5 6 6 1.22176940e-10 2.06128880e-10 outputs/V1e27_D1000_G12/solution/solution-00083 
 84 1.169760073787e+11 1.392571516413e+09 768 7235 3201  9 5 6 6 1.16185159e-10 1.96019942e-10 outputs/V1e27_D1000_G12/solution/solution-00084 
 85 1.183685788951e+11 1.392571516413e+09 768 7235 3201  9 5 6 6 1.10487226e-10 1.86406766e-10 outputs/V1e27_D1000_G12/solution/solution-00085 
 86 1.197611504115e+11 1.392571516413e+09 768 7235 3201  9 5 6 6 1.05068730e-10 1.77265036e-10 outputs/V1e27_D1000_G12/solution/solution-00086 
 87 1.211537219279e+11 1.392571516413e+09 768 7235 3201  9 5 6 6 9.99159672e-11 1.68571635e-10 outputs/V1e27_D1000_G12/solution/solution-00087 
 88 1.225462934443e+11 1.392571516413e+09 768 7235 3201  9 5 6 6 9.50159051e-11 1.60304573e-10 outputs/V1e27_D1000_G12/solution/solution-00088 
 89 1.239388649607e+11 1.392571516413e+09 768 7235 3201  9 5 6 6 9.03561512e-11 1.52442943e-10 outputs/V1e27_D1000_G12/solution/solution-00089 
 90 1.253314364771e+11 1.392571516413e+09 768 7235 3201  9 5 6 6 8.59249201e-11 1.44966862e-10 outputs/V1e27_D1000_G12/solution/solution-00090 
 91 1.267240079935e+11 1.392571516413e+09 768 7235 3201  9 5 6 6 8.17110046e-11 1.37857422e-10 outputs/V1e27_D1000_G12/solution/solution-00091 
 92 1.281165795100e+11 1.392571516413e+09 768 7235 3201  9 5 6 6 7.77037473e-11 1.31096642e-10 outputs/V1e27_D1000_G12/solution/solution-00092 
 93 1.295091510264e+11 1.392571516413e+09 768 7235 3201  9 5 6 6 7.38930133e-11 1.24667422e-10 outputs/V1e27_D1000_G12/solution/solution-00093 
 94 1.309017225428e+11 1.392571516413e+09 768 7235 3201  9 5 6 6 7.02691646e-11 1.18553504e-10 outputs/V1e27_D1000_G12/solution/solution-00094 
 95 1.322942940592e+11 1.392571516413e+09 768 7235 3201  9 5 6 6 6.68230361e-11 1.12739423e-10 outputs/V1e27_D1000_G12/solution/solution-00095 
 96 1.336868655756e+11 1.392571516413e+09 768 7235 3201  9 5 6 6 6.35459120e-11 1.07210475e-10 outputs/V1e27_D1000_G12/solution/solution-00096 
 97 1.350794370920e+11 1.392571516413e+09 768 7235 3201  9 5 6 6 6.04295041e-11 1.01952677e-10 outputs/V1e27_D1000_G12/solution/solution-00097 
 98 1.364720086084e+11 1.392571516413e+09 768 7235 3201  8 5 6 6 5.74659305e-11 9.69527305e-11 outputs/V1e27_D1000_G12/solution/solution-00098 
 99 1.378645801248e+11 1.392571516413e+09 768 7235 3201  8 5 6 6 5.46476958e-11 9.21979904e-11 outputs/V1e27_D1000_G12/solution/solution-00099 
100 1.392571516413e+11 1.392571516413e+09 768 7235 3201  8 5 6 6 5.19676725e-11 8.76764316e-11 outputs/V1e27_D1000_G12/solution/solution-00100 
