# 1: Time step number
# 2: Time (years)
# 3: Time step size (years)
# 4: Number of mesh cells
# 5: Number of Stokes degrees of freedom
# 6: Number of temperature degrees of freedom
# 7: Iterations for temperature solver
# 8: Iterations for Stokes solver
# 9: Velocity iterations in Stokes preconditioner
# 10: Schur complement iterations in Stokes preconditioner
# 11: RMS velocity (m/year)
# 12: Max. velocity (m/year)
# 13: Visualization file name
  0 0.000000000000e+00 0.000000000000e+00 768 7235 3201  0 8 9 9 4.00742637e-07 6.88633344e-07 outputs/V3.3e24_D300_G2/solution/solution-00000 
  1 1.392571516413e+09 1.392571516413e+09 768 7235 3201 31 8 9 9 4.09283173e-07 6.95619372e-07 outputs/V3.3e24_D300_G2/solution/solution-00001 
  2 2.785143032825e+09 1.392571516413e+09 768 7235 3201 25 8 9 9 4.23618408e-07 7.27628202e-07 outputs/V3.3e24_D300_G2/solution/solution-00002 
  3 4.177714549238e+09 1.392571516413e+09 768 7235 3201 24 8 9 9 4.44850834e-07 7.72681888e-07 outputs/V3.3e24_D300_G2/solution/solution-00003 
  4 5.570286065650e+09 1.392571516413e+09 768 7235 3201 23 8 9 9 4.73559074e-07 8.31259056e-07 outputs/V3.3e24_D300_G2/solution/solution-00004 
  5 6.962857582063e+09 1.392571516413e+09 768 7235 3201 22 8 9 9 5.10314235e-07 9.03830939e-07 outputs/V3.3e24_D300_G2/solution/solution-00005 
  6 8.355429098476e+09 1.392571516413e+09 768 7235 3201 22 8 9 9 5.55771132e-07 9.91260967e-07 outputs/V3.3e24_D300_G2/solution/solution-00006 
  7 9.748000614888e+09 1.392571516413e+09 768 7235 3201 21 8 9 9 6.10758213e-07 1.09487908e-06 outputs/V3.3e24_D300_G2/solution/solution-00007 
  8 1.114057213130e+10 1.392571516413e+09 768 7235 3201 21 8 9 9 6.76318266e-07 1.21648169e-06 outputs/V3.3e24_D300_G2/solution/solution-00008 
  9 1.253314364771e+10 1.392571516413e+09 768 7235 3201 20 8 9 9 7.53734983e-07 1.35833053e-06 outputs/V3.3e24_D300_G2/solution/solution-00009 
 10 1.392571516413e+10 1.392571516413e+09 768 7235 3201 20 8 9 9 8.44557640e-07 1.52316774e-06 outputs/V3.3e24_D300_G2/solution/solution-00010 
 11 1.531828668054e+10 1.392571516413e+09 768 7235 3201 20 8 9 9 9.50629113e-07 1.71424941e-06 outputs/V3.3e24_D300_G2/solution/solution-00011 
 12 1.671085819695e+10 1.392571516413e+09 768 7235 3201 20 8 9 9 1.07411967e-06 1.93539614e-06 outputs/V3.3e24_D300_G2/solution/solution-00012 
 13 1.810342971336e+10 1.392571516413e+09 768 7235 3201 20 8 9 9 1.21756785e-06 2.19105969e-06 outputs/V3.3e24_D300_G2/solution/solution-00013 
 14 1.949600122978e+10 1.392571516413e+09 768 7235 3201 19 8 9 9 1.38392952e-06 2.48640543e-06 outputs/V3.3e24_D300_G2/solution/solution-00014 
 15 2.088857274619e+10 1.392571516413e+09 768 7235 3201 19 8 9 9 1.57663585e-06 2.82741117e-06 outputs/V3.3e24_D300_G2/solution/solution-00015 
 16 2.228114426260e+10 1.392571516413e+09 768 7235 3201 19 8 9 9 1.79966160e-06 3.22098371e-06 outputs/V3.3e24_D300_G2/solution/solution-00016 
 17 2.367371577901e+10 1.392571516413e+09 768 7235 3201 19 8 9 9 2.05760458e-06 3.67509482e-06 outputs/V3.3e24_D300_G2/solution/solution-00017 
 18 2.506628729543e+10 1.392571516413e+09 768 7235 3201 19 8 9 9 2.35577811e-06 4.19893914e-06 outputs/V3.3e24_D300_G2/solution/solution-00018 
 19 2.645885881184e+10 1.392571516413e+09 768 7235 3201 19 7 8 8 2.70031795e-06 4.80311678e-06 outputs/V3.3e24_D300_G2/solution/solution-00019 
 20 2.785143032825e+10 1.392571516413e+09 768 7235 3201 19 7 8 8 3.09830585e-06 5.49984388e-06 outputs/V3.3e24_D300_G2/solution/solution-00020 
 21 2.924400184466e+10 1.392571516413e+09 768 7235 3201 19 7 8 8 3.55791185e-06 6.30319495e-06 outputs/V3.3e24_D300_G2/solution/solution-00021 
 22 3.063657336108e+10 1.392571516413e+09 768 7235 3201 19 7 8 8 4.08855802e-06 7.22938121e-06 outputs/V3.3e24_D300_G2/solution/solution-00022 
 23 3.202914487749e+10 1.392571516413e+09 768 7235 3201 19 7 8 8 4.70110630e-06 8.29706957e-06 outputs/V3.3e24_D300_G2/solution/solution-00023 
 24 3.342171639390e+10 1.392571516413e+09 768 7235 3201 19 7 8 8 5.40807374e-06 9.52774719e-06 outputs/V3.3e24_D300_G2/solution/solution-00024 
 25 3.481428791032e+10 1.392571516413e+09 768 7235 3201 19 7 8 8 6.22387802e-06 1.09461368e-05 outputs/V3.3e24_D300_G2/solution/solution-00025 
 26 3.620685942673e+10 1.392571516413e+09 768 7235 3201 19 7 8 8 7.16511682e-06 1.25806679e-05 outputs/V3.3e24_D300_G2/solution/solution-00026 
 27 3.759943094314e+10 1.392571516413e+09 768 7235 3201 19 6 7 7 8.25088374e-06 1.44640079e-05 outputs/V3.3e24_D300_G2/solution/solution-00027 
 28 3.899200245955e+10 1.392571516413e+09 768 7235 3201 19 6 7 7 9.50312312e-06 1.66336568e-05 outputs/V3.3e24_D300_G2/solution/solution-00028 
 29 4.038457397597e+10 1.392571516413e+09 768 7235 3201 19 6 7 7 1.09470246e-05 1.91328853e-05 outputs/V3.3e24_D300_G2/solution/solution-00029 
 30 4.177714549238e+10 1.392571516413e+09 768 7235 3201 19 6 7 7 1.26114553e-05 2.20120048e-05 outputs/V3.3e24_D300_G2/solution/solution-00030 
 31 4.316971700879e+10 1.392571516413e+09 768 7235 3201 19 6 7 7 1.45294242e-05 2.53264748e-05 outputs/V3.3e24_D300_G2/solution/solution-00031 
 32 4.456228852520e+10 1.392571516413e+09 768 7235 3201 19 6 7 7 1.67385643e-05 2.91404282e-05 outputs/V3.3e24_D300_G2/solution/solution-00032 
 33 4.595486004162e+10 1.392571516413e+09 768 7235 3201 19 6 7 7 1.92816083e-05 3.35265616e-05 outputs/V3.3e24_D300_G2/solution/solution-00033 
 34 4.734743155803e+10 1.392571516413e+09 768 7235 3201 19 6 7 7 2.22068152e-05 3.85667980e-05 outputs/V3.3e24_D300_G2/solution/solution-00034 
 35 4.874000307444e+10 1.392571516413e+09 768 7235 3201 19 6 7 7 2.55682784e-05 4.43527200e-05 outputs/V3.3e24_D300_G2/solution/solution-00035 
 36 5.013257459085e+10 1.392571516413e+09 768 7235 3201 20 6 7 7 2.94260046e-05 5.09855773e-05 outputs/V3.3e24_D300_G2/solution/solution-00036 
 37 5.152514610727e+10 1.392571516413e+09 768 7235 3201 20 6 7 7 3.38455971e-05 5.85755716e-05 outputs/V3.3e24_D300_G2/solution/solution-00037 
 38 5.291771762368e+10 1.392571516413e+09 768 7235 3201 20 6 7 7 3.88972928e-05 6.72399821e-05 outputs/V3.3e24_D300_G2/solution/solution-00038 
 39 5.431028914009e+10 1.392571516413e+09 768 7235 3201 20 6 7 7 4.46539954e-05 7.70995109e-05 outputs/V3.3e24_D300_G2/solution/solution-00039 
 40 5.552624019908e+10 1.215951058991e+09 768 7235 3201 19 6 7 7 5.03262098e-05 8.68002131e-05 outputs/V3.3e24_D300_G2/solution/solution-00040 
 41 5.660615431224e+10 1.079914113157e+09 768 7235 3201 18 6 7 7 5.59150302e-05 9.63445539e-05 outputs/V3.3e24_D300_G2/solution/solution-00041 
 42 5.757896378085e+10 9.728094686107e+08 768 7235 3201 17 6 7 7 6.14197079e-05 1.05731481e-04 outputs/V3.3e24_D300_G2/solution/solution-00042 
 43 5.846529906793e+10 8.863352870754e+08 768 7235 3201 16 6 7 7 6.68365799e-05 1.14971575e-04 outputs/V3.3e24_D300_G2/solution/solution-00043 
 44 5.928042479503e+10 8.151257271071e+08 768 7235 3201 16 6 7 7 7.21611973e-05 1.24052840e-04 outputs/V3.3e24_D300_G2/solution/solution-00044 
 45 6.003596307277e+10 7.555382777334e+08 768 7235 3201 15 6 7 7 7.73889431e-05 1.32958128e-04 outputs/V3.3e24_D300_G2/solution/solution-00045 
 46 6.074097143286e+10 7.050083600957e+08 768 7235 3201 15 6 7 7 8.25152216e-05 1.41679534e-04 outputs/V3.3e24_D300_G2/solution/solution-00046 
 47 6.140264829280e+10 6.616768599426e+08 768 7235 3201 14 6 7 7 8.75355290e-05 1.50209371e-04 outputs/V3.3e24_D300_G2/solution/solution-00047 
 48 6.202681117684e+10 6.241628840387e+08 768 7235 3201 14 6 7 7 9.24454920e-05 1.58540228e-04 outputs/V3.3e24_D300_G2/solution/solution-00048 
 49 6.261823039554e+10 5.914192186975e+08 768 7235 3201 13 6 7 7 9.72408984e-05 1.66665018e-04 outputs/V3.3e24_D300_G2/solution/solution-00049 
 50 6.318086765960e+10 5.626372640571e+08 768 7235 3201 13 6 7 7 1.01917724e-04 1.74577021e-04 outputs/V3.3e24_D300_G2/solution/solution-00050 
 51 6.371805038619e+10 5.371827265913e+08 768 7235 3201 13 6 7 7 1.06472156e-04 1.82269916e-04 outputs/V3.3e24_D300_G2/solution/solution-00051 
 52 6.423260143544e+10 5.145510492532e+08 768 7235 3201 12 6 7 7 1.10900616e-04 1.89737820e-04 outputs/V3.3e24_D300_G2/solution/solution-00052 
 53 6.472693729080e+10 4.943358553594e+08 768 7235 3201 12 6 7 7 1.15199781e-04 1.96975312e-04 outputs/V3.3e24_D300_G2/solution/solution-00053 
 54 6.520313022917e+10 4.761929383667e+08 768 7235 3201 12 6 7 7 1.19366480e-04 2.03977264e-04 outputs/V3.3e24_D300_G2/solution/solution-00054 
 55 6.566293788651e+10 4.598076573389e+08 768 7235 3201 12 5 6 6 1.23397456e-04 2.10738435e-04 outputs/V3.3e24_D300_G2/solution/solution-00055 
 56 6.610795778514e+10 4.450198986373e+08 768 7235 3201 11 5 6 6 1.27290332e-04 2.17255095e-04 outputs/V3.3e24_D300_G2/solution/solution-00056 
 57 6.653959650293e+10 4.316387177871e+08 768 7235 3201 11 5 6 6 1.31043033e-04 2.23524037e-04 outputs/V3.3e24_D300_G2/solution/solution-00057 
 58 6.695909965660e+10 4.195031536645e+08 768 7235 3201 11 5 6 6 1.34653787e-04 2.29542593e-04 outputs/V3.3e24_D300_G2/solution/solution-00058 
 59 6.736757623030e+10 4.084765736993e+08 768 7235 3201 11 5 6 6 1.38121135e-04 2.35308629e-04 outputs/V3.3e24_D300_G2/solution/solution-00059 
 60 6.776601848375e+10 3.984422534558e+08 768 7235 3201 11 5 6 6 1.41443928e-04 2.40820555e-04 outputs/V3.3e24_D300_G2/solution/solution-00060 
 61 6.815531837001e+10 3.892998862595e+08 768 7235 3201 11 5 6 6 1.44621331e-04 2.46087018e-04 outputs/V3.3e24_D300_G2/solution/solution-00061 
 62 6.853628117194e+10 3.809628019323e+08 768 7235 3201 11 5 6 6 1.47652819e-04 2.51101006e-04 outputs/V3.3e24_D300_G2/solution/solution-00062 
 63 6.890963690371e+10 3.733557317680e+08 768 7235 3201 10 5 6 6 1.50538173e-04 2.55858827e-04 outputs/V3.3e24_D300_G2/solution/solution-00063 
 64 6.927604990201e+10 3.664129983019e+08 768 7235 3201 10 5 6 6 1.53277476e-04 2.60360951e-04 outputs/V3.3e24_D300_G2/solution/solution-00064 
 65 6.963612694036e+10 3.600770383478e+08 768 7235 3201 10 5 6 6 1.55871110e-04 2.64608365e-04 outputs/V3.3e24_D300_G2/solution/solution-00065 
 66 6.999042413000e+10 3.542971896410e+08 768 7235 3201 10 5 6 6 1.58319743e-04 2.68602563e-04 outputs/V3.3e24_D300_G2/solution/solution-00066 
 67 7.033945281758e+10 3.490286875820e+08 768 7235 3201 10 5 6 6 1.60624324e-04 2.72345529e-04 outputs/V3.3e24_D300_G2/solution/solution-00067 
 68 7.068368464822e+10 3.442318306377e+08 768 7235 3201 10 5 6 6 1.62786073e-04 2.75839722e-04 outputs/V3.3e24_D300_G2/solution/solution-00068 
 69 7.102355593026e+10 3.398712820340e+08 768 7235 3201 10 5 6 6 1.64806470e-04 2.79088059e-04 outputs/V3.3e24_D300_G2/solution/solution-00069 
 70 7.135947141254e+10 3.359154822804e+08 768 7235 3201 10 5 6 6 1.66687244e-04 2.82230499e-04 outputs/V3.3e24_D300_G2/solution/solution-00070 
 71 7.169155038683e+10 3.320789742924e+08 768 7235 3201 10 5 6 6 1.68429061e-04 2.85195124e-04 outputs/V3.3e24_D300_G2/solution/solution-00071 
 72 7.202015609263e+10 3.286057058010e+08 768 7235 3201 10 5 6 6 1.70034450e-04 2.87914640e-04 outputs/V3.3e24_D300_G2/solution/solution-00072 
 73 7.234564172985e+10 3.254856372185e+08 768 7235 3201 10 5 6 6 1.71506199e-04 2.90424593e-04 outputs/V3.3e24_D300_G2/solution/solution-00073 
 74 7.266833798537e+10 3.226962555174e+08 768 7235 3201 10 5 6 6 1.72847251e-04 2.92694941e-04 outputs/V3.3e24_D300_G2/solution/solution-00074 
 75 7.298855517863e+10 3.202171932617e+08 768 7235 3201 10 5 6 6 1.74060699e-04 2.94730463e-04 outputs/V3.3e24_D300_G2/solution/solution-00075 
 76 7.330658514240e+10 3.180299637716e+08 768 7235 3201 10 5 6 6 1.75149763e-04 2.96536331e-04 outputs/V3.3e24_D300_G2/solution/solution-00076 
 77 7.362270287399e+10 3.161177315874e+08 768 7235 3201 10 5 6 6 1.76117787e-04 2.98118099e-04 outputs/V3.3e24_D300_G2/solution/solution-00077 
 78 7.393716798671e+10 3.144651127210e+08 768 7235 3201 10 5 6 6 1.76968223e-04 2.99481672e-04 outputs/V3.3e24_D300_G2/solution/solution-00078 
 79 7.425022598683e+10 3.130580001212e+08 768 7235 3201 10 5 6 6 1.77704621e-04 3.00633292e-04 outputs/V3.3e24_D300_G2/solution/solution-00079 
 80 7.456210939738e+10 3.118834105549e+08 768 7235 3201 10 5 6 6 1.78330621e-04 3.01579506e-04 outputs/V3.3e24_D300_G2/solution/solution-00080 
 81 7.487303874713e+10 3.109293497475e+08 768 7235 3201 10 5 6 6 1.78849937e-04 3.02327150e-04 outputs/V3.3e24_D300_G2/solution/solution-00081 
 82 7.518322344028e+10 3.101846931512e+08 768 7235 3201 10 5 6 6 1.79266357e-04 3.02883316e-04 outputs/V3.3e24_D300_G2/solution/solution-00082 
 83 7.549286252042e+10 3.096390801417e+08 768 7235 3201 10 5 6 6 1.79583724e-04 3.03255332e-04 outputs/V3.3e24_D300_G2/solution/solution-00083 
 84 7.580214534022e+10 3.092828198007e+08 768 7235 3201 10 5 6 6 1.79805935e-04 3.03450734e-04 outputs/V3.3e24_D300_G2/solution/solution-00084 
 85 7.611122100138e+10 3.090756611564e+08 768 7235 3201 10 5 6 6 1.79936921e-04 3.03477245e-04 outputs/V3.3e24_D300_G2/solution/solution-00085 
 86 7.642023918076e+10 3.090181793746e+08 768 7235 3201 10 5 6 6 1.79980682e-04 3.03342799e-04 outputs/V3.3e24_D300_G2/solution/solution-00086 
 87 7.672936452407e+10 3.091253433149e+08 768 7235 3201 10 5 6 6 1.79941261e-04 3.03055473e-04 outputs/V3.3e24_D300_G2/solution/solution-00087 
 88 7.703875391209e+10 3.093893880197e+08 768 7235 3201 10 5 6 6 1.79822717e-04 3.02623435e-04 outputs/V3.3e24_D300_G2/solution/solution-00088 
 89 7.734855679322e+10 3.098028811330e+08 768 7235 3201 10 5 6 6 1.79629118e-04 3.02069857e-04 outputs/V3.3e24_D300_G2/solution/solution-00089 
 90 7.765891546584e+10 3.103586726159e+08 768 7235 3201 10 5 6 6 1.79364535e-04 3.01398635e-04 outputs/V3.3e24_D300_G2/solution/solution-00090 
 91 7.796996531503e+10 3.110498491916e+08 768 7235 3201 10 5 6 6 1.79033032e-04 3.00606318e-04 outputs/V3.3e24_D300_G2/solution/solution-00091 
 92 7.828183500817e+10 3.118696931349e+08 768 7235 3201 10 5 6 6 1.78638665e-04 2.99701119e-04 outputs/V3.3e24_D300_G2/solution/solution-00092 
 93 7.859464665322e+10 3.128116450592e+08 768 7235 3201 10 5 6 6 1.78185474e-04 2.98691235e-04 outputs/V3.3e24_D300_G2/solution/solution-00093 
 94 7.890851592364e+10 3.138692704137e+08 768 7235 3201 10 5 6 6 1.77677474e-04 2.97584821e-04 outputs/V3.3e24_D300_G2/solution/solution-00094 
 95 7.922355215309e+10 3.150362294541e+08 768 7235 3201 10 5 6 6 1.77118656e-04 2.96389970e-04 outputs/V3.3e24_D300_G2/solution/solution-00095 
 96 7.953985840360e+10 3.163062505077e+08 768 7235 3201 10 5 6 6 1.76512974e-04 2.95114689e-04 outputs/V3.3e24_D300_G2/solution/solution-00096 
 97 7.985753150999e+10 3.176731063935e+08 768 7235 3201 10 5 6 6 1.75864343e-04 2.93766884e-04 outputs/V3.3e24_D300_G2/solution/solution-00097 
 98 8.017666210389e+10 3.191305938978e+08 768 7235 3201 10 5 6 6 1.75176636e-04 2.92354334e-04 outputs/V3.3e24_D300_G2/solution/solution-00098 
 99 8.049733462013e+10 3.206725162378e+08 768 7235 3201 10 5 6 6 1.74453669e-04 2.90884681e-04 outputs/V3.3e24_D300_G2/solution/solution-00099 
100 8.081962728860e+10 3.222926684697e+08 768 7235 3201 10 5 6 6 1.73699208e-04 2.89365404e-04 outputs/V3.3e24_D300_G2/solution/solution-00100 
