# 1: Time step number
# 2: Time (years)
# 3: Time step size (years)
# 4: Number of mesh cells
# 5: Number of Stokes degrees of freedom
# 6: Number of temperature degrees of freedom
# 7: Iterations for temperature solver
# 8: Iterations for Stokes solver
# 9: Velocity iterations in Stokes preconditioner
# 10: Schur complement iterations in Stokes preconditioner
# 11: RMS velocity (m/year)
# 12: Max. velocity (m/year)
# 13: Visualization file name
  0 0.000000000000e+00 0.000000000000e+00 768 7235 3201  0 8 9 9 1.60638929e-06 2.85792740e-06 outputs/V3.3e24_D10_G8/solution/solution-00000 
  1 1.392571516413e+09 1.392571516413e+09 768 7235 3201 32 8 9 9 1.69153695e-06 2.97298364e-06 outputs/V3.3e24_D10_G8/solution/solution-00001 
  2 2.785143032825e+09 1.392571516413e+09 768 7235 3201 25 8 9 9 1.91526300e-06 3.53671306e-06 outputs/V3.3e24_D10_G8/solution/solution-00002 
  3 4.177714549238e+09 1.392571516413e+09 768 7235 3201 24 8 9 9 2.36293670e-06 4.55459670e-06 outputs/V3.3e24_D10_G8/solution/solution-00003 
  4 5.570286065650e+09 1.392571516413e+09 768 7235 3201 23 8 9 9 3.15930641e-06 6.26694646e-06 outputs/V3.3e24_D10_G8/solution/solution-00004 
  5 6.962857582063e+09 1.392571516413e+09 768 7235 3201 23 8 9 9 4.51629942e-06 9.08657537e-06 outputs/V3.3e24_D10_G8/solution/solution-00005 
  6 8.355429098476e+09 1.392571516413e+09 768 7235 3201 22 8 9 9 6.80423346e-06 1.37345289e-05 outputs/V3.3e24_D10_G8/solution/solution-00006 
  7 9.748000614888e+09 1.392571516413e+09 768 7235 3201 22 8 9 9 1.06765102e-05 2.14798319e-05 outputs/V3.3e24_D10_G8/solution/solution-00007 
  8 1.114057213130e+10 1.392571516413e+09 768 7235 3201 21 8 9 9 1.72933246e-05 3.45512494e-05 outputs/V3.3e24_D10_G8/solution/solution-00008 
  9 1.253314364771e+10 1.392571516413e+09 768 7235 3201 21 8 9 9 2.87293772e-05 5.68925814e-05 outputs/V3.3e24_D10_G8/solution/solution-00009 
 10 1.392571516413e+10 1.392571516413e+09 768 7235 3201 22 8 9 9 4.87237287e-05 9.56700849e-05 outputs/V3.3e24_D10_G8/solution/solution-00010 
 11 1.490615062309e+10 9.804354589640e+08 768 7235 3201 20 7 8 8 7.23592589e-05 1.41280002e-04 outputs/V3.3e24_D10_G8/solution/solution-00011 
 12 1.556972649149e+10 6.635758684017e+08 768 7235 3201 17 7 8 8 9.61109846e-05 1.87040741e-04 outputs/V3.3e24_D10_G8/solution/solution-00012 
 13 1.607111641049e+10 5.013899190014e+08 768 7235 3201 14 7 8 8 1.20145110e-04 2.33239499e-04 outputs/V3.3e24_D10_G8/solution/solution-00013 
 14 1.647299800778e+10 4.018815972886e+08 768 7235 3201 13 7 8 8 1.44371610e-04 2.79810361e-04 outputs/V3.3e24_D10_G8/solution/solution-00014 
 15 1.680810752101e+10 3.351095132276e+08 768 7235 3201 12 6 7 7 1.68740861e-04 3.26562145e-04 outputs/V3.3e24_D10_G8/solution/solution-00015 
 16 1.709518917320e+10 2.870816521906e+08 768 7235 3201 11 6 7 7 1.93192495e-04 3.73342215e-04 outputs/V3.3e24_D10_G8/solution/solution-00016 
 17 1.734642947619e+10 2.512403029891e+08 768 7235 3201 11 6 7 7 2.17703442e-04 4.19868245e-04 outputs/V3.3e24_D10_G8/solution/solution-00017 
 18 1.756962578084e+10 2.231963046516e+08 768 7235 3201 10 6 7 7 2.42205916e-04 4.66465616e-04 outputs/V3.3e24_D10_G8/solution/solution-00018 
 19 1.777064926481e+10 2.010234839685e+08 768 7235 3201 10 6 7 7 2.66672298e-04 5.12527817e-04 outputs/V3.3e24_D10_G8/solution/solution-00019 
 20 1.795359533723e+10 1.829460724207e+08 768 7235 3201 10 6 7 7 2.91042571e-04 5.58204786e-04 outputs/V3.3e24_D10_G8/solution/solution-00020 
 21 1.812154445248e+10 1.679491152539e+08 768 7235 3201  9 6 7 7 3.15248120e-04 6.03000697e-04 outputs/V3.3e24_D10_G8/solution/solution-00021 
 22 1.827701690964e+10 1.554724571539e+08 768 7235 3201  9 6 7 7 3.39235315e-04 6.47224543e-04 outputs/V3.3e24_D10_G8/solution/solution-00022 
 23 1.842196579738e+10 1.449488877395e+08 768 7235 3201  9 6 7 7 3.62938402e-04 6.90228972e-04 outputs/V3.3e24_D10_G8/solution/solution-00023 
 24 1.855779759473e+10 1.358317973563e+08 768 7235 3201  9 6 7 7 3.86257426e-04 7.31801908e-04 outputs/V3.3e24_D10_G8/solution/solution-00024 
 25 1.868583705489e+10 1.280394601562e+08 768 7235 3201  9 6 7 7 4.09120816e-04 7.72545319e-04 outputs/V3.3e24_D10_G8/solution/solution-00025 
 26 1.880717284951e+10 1.213357946168e+08 768 7235 3201  9 6 7 7 4.31452309e-04 8.11720853e-04 outputs/V3.3e24_D10_G8/solution/solution-00026 
 27 1.892271188418e+10 1.155390346738e+08 768 7235 3201  9 6 7 7 4.53172401e-04 8.49085892e-04 outputs/V3.3e24_D10_G8/solution/solution-00027 
 28 1.903319446946e+10 1.104825852842e+08 768 7235 3201  9 6 7 7 4.74195180e-04 8.84507691e-04 outputs/V3.3e24_D10_G8/solution/solution-00028 
 29 1.913919459396e+10 1.060001244923e+08 768 7235 3201  9 6 7 7 4.94424330e-04 9.18233132e-04 outputs/V3.3e24_D10_G8/solution/solution-00029 
 30 1.924129284845e+10 1.020982544945e+08 768 7235 3201  9 6 7 7 5.13783954e-04 9.49852768e-04 outputs/V3.3e24_D10_G8/solution/solution-00030 
 31 1.933999235558e+10 9.869950712419e+07 768 7235 3201  9 6 7 7 5.32200923e-04 9.79208079e-04 outputs/V3.3e24_D10_G8/solution/solution-00031 
 32 1.943573298724e+10 9.574063166553e+07 768 7235 3201  9 6 7 7 5.49606259e-04 1.00623034e-03 outputs/V3.3e24_D10_G8/solution/solution-00032 
 33 1.952890250913e+10 9.316952188685e+07 768 7235 3201  9 6 7 7 5.65936413e-04 1.03090383e-03 outputs/V3.3e24_D10_G8/solution/solution-00033 
 34 1.961984541839e+10 9.094290926199e+07 768 7235 3201  9 6 7 7 5.81134435e-04 1.05344804e-03 outputs/V3.3e24_D10_G8/solution/solution-00034 
 35 1.970887002533e+10 8.902460694503e+07 768 7235 3201  9 6 7 7 5.95150994e-04 1.07831728e-03 outputs/V3.3e24_D10_G8/solution/solution-00035 
 36 1.979578580092e+10 8.691577558783e+07 768 7235 3201  9 6 7 7 6.07879536e-04 1.10549345e-03                                             "" 
 37 1.988056970042e+10 8.478389949479e+07 768 7235 3201  9 6 7 7 6.19271023e-04 1.12975845e-03 outputs/V3.3e24_D10_G8/solution/solution-00036 
 38 1.996353569046e+10 8.296599004349e+07 768 7235 3201  9 6 7 7 6.29344113e-04 1.15115352e-03 outputs/V3.3e24_D10_G8/solution/solution-00037 
 39 2.004496125924e+10 8.142556877878e+07 768 7235 3201  9 6 7 7 6.38123153e-04 1.16973673e-03 outputs/V3.3e24_D10_G8/solution/solution-00038 
 40 2.012509344441e+10 8.013218517482e+07 768 7235 3201  9 6 7 7 6.45637959e-04 1.18558128e-03 outputs/V3.3e24_D10_G8/solution/solution-00039 
 41 2.020415367963e+10 7.906023521544e+07 768 7235 3201  9 5 6 6 6.51923480e-04 1.19877374e-03 outputs/V3.3e24_D10_G8/solution/solution-00040 
 42 2.028234172378e+10 7.818804415082e+07 768 7235 3201  9 5 6 6 6.57019360e-04 1.20941228e-03                                             "" 
 43 2.035983887119e+10 7.749714741123e+07 768 7235 3201  9 5 6 6 6.60969478e-04 1.21760497e-03 outputs/V3.3e24_D10_G8/solution/solution-00041 
 44 2.043681058421e+10 7.697171301664e+07 768 7235 3201  9 5 6 6 6.63821414e-04 1.22346807e-03 outputs/V3.3e24_D10_G8/solution/solution-00042 
 45 2.051340866692e+10 7.659808271186e+07 768 7235 3201  9 5 6 6 6.65625903e-04 1.22712452e-03 outputs/V3.3e24_D10_G8/solution/solution-00043 
 46 2.058977306453e+10 7.636439760906e+07 768 7235 3201  9 5 6 6 6.66436280e-04 1.22870231e-03                                             "" 
 47 2.066603335733e+10 7.626029280144e+07 768 7235 3201  9 6 7 7 6.66307916e-04 1.22833317e-03 outputs/V3.3e24_D10_G8/solution/solution-00044 
 48 2.074231000364e+10 7.627664630439e+07 768 7235 3201  9 6 7 7 6.65297679e-04 1.22615114e-03 outputs/V3.3e24_D10_G8/solution/solution-00045 
 49 2.081871537264e+10 7.640536900460e+07 768 7235 3201  9 6 7 7 6.63463386e-04 1.22229141e-03 outputs/V3.3e24_D10_G8/solution/solution-00046 
 50 2.089535460548e+10 7.663923284376e+07 768 7235 3201  9 6 7 7 6.60863303e-04 1.21688911e-03                                             "" 
 51 2.097232632825e+10 7.697172276654e+07 768 7235 3201  9 6 7 7 6.57555665e-04 1.21023104e-03 outputs/V3.3e24_D10_G8/solution/solution-00047 
 52 2.104972324150e+10 7.739691325396e+07 768 7235 3201  9 6 7 7 6.53598231e-04 1.20239749e-03 outputs/V3.3e24_D10_G8/solution/solution-00048 
 53 2.112763260445e+10 7.790936294922e+07 768 7235 3201  9 6 7 7 6.49047879e-04 1.19341753e-03 outputs/V3.3e24_D10_G8/solution/solution-00049 
 54 2.120613662906e+10 7.850402460731e+07 768 7235 3201  9 6 7 7 6.43960235e-04 1.18341512e-03 outputs/V3.3e24_D10_G8/solution/solution-00050 
 55 2.128531279693e+10 7.917616787176e+07 768 7235 3201  9 6 7 7 6.38389350e-04 1.17251040e-03                                             "" 
 56 2.136523410986e+10 7.992131292403e+07 768 7235 3201  9 6 7 7 6.32387414e-04 1.16081919e-03 outputs/V3.3e24_D10_G8/solution/solution-00051 
 57 2.144596928334e+10 8.073517348271e+07 768 7235 3201  9 6 7 7 6.26004515e-04 1.14845254e-03 outputs/V3.3e24_D10_G8/solution/solution-00052 
 58 2.152758289131e+10 8.161360797473e+07 768 7235 3201  9 6 7 7 6.19288439e-04 1.13551635e-03 outputs/V3.3e24_D10_G8/solution/solution-00053 
 59 2.161013546929e+10 8.255257797587e+07 768 7235 3201  9 6 7 7 6.12284509e-04 1.12211111e-03 outputs/V3.3e24_D10_G8/solution/solution-00054 
 60 2.169368358253e+10 8.354811323546e+07 768 7235 3201  8 6 7 7 6.05035468e-04 1.10833165e-03                                             "" 
 61 2.177827986530e+10 8.459628276999e+07 768 7235 3201  8 6 7 7 5.97581393e-04 1.09426701e-03 outputs/V3.3e24_D10_G8/solution/solution-00055 
 62 2.186397303693e+10 8.569317163755e+07 768 7235 3201  8 6 7 7 5.89959653e-04 1.08000034e-03 outputs/V3.3e24_D10_G8/solution/solution-00056 
 63 2.195080790003e+10 8.683486309680e+07 768 7235 3201  8 6 7 7 5.82204896e-04 1.06560886e-03 outputs/V3.3e24_D10_G8/solution/solution-00057 
 64 2.203882532594e+10 8.801742591248e+07 768 7235 3201  8 6 7 7 5.74349069e-04 1.05116384e-03 outputs/V3.3e24_D10_G8/solution/solution-00058 
 65 2.212806223254e+10 8.923690659923e+07 768 7235 3201  8 6 7 7 5.66421462e-04 1.03673070e-03 outputs/V3.3e24_D10_G8/solution/solution-00059 
 66 2.221855155894e+10 9.048932639984e+07 768 7235 3201  8 6 7 7 5.58448790e-04 1.02236906e-03 outputs/V3.3e24_D10_G8/solution/solution-00060 
 67 2.231032224172e+10 9.177068277576e+07 768 7235 3201  8 6 7 7 5.50455281e-04 1.00813287e-03 outputs/V3.3e24_D10_G8/solution/solution-00061 
 68 2.240339919687e+10 9.307695515193e+07 768 7235 3201  8 6 7 7 5.42462798e-04 9.94070575e-04 outputs/V3.3e24_D10_G8/solution/solution-00062 
 69 2.249780331148e+10 9.440411460742e+07 768 7235 3201  8 6 7 7 5.34490967e-04 9.80225276e-04                                             "" 
 70 2.259355144862e+10 9.574813714387e+07 768 7235 3201  8 5 6 6 5.26557326e-04 9.66634930e-04 outputs/V3.3e24_D10_G8/solution/solution-00063 
 71 2.269064156375e+10 9.709011512552e+07 768 7235 3201  8 5 6 6 5.18678670e-04 9.53334581e-04 outputs/V3.3e24_D10_G8/solution/solution-00064 
 72 2.278907279137e+10 9.843122762710e+07 768 7235 3201  8 5 6 6 5.10869503e-04 9.40353603e-04 outputs/V3.3e24_D10_G8/solution/solution-00065 
 73 2.288884926981e+10 9.977647843392e+07 768 7235 3201  8 5 6 6 5.03141956e-04 9.27715615e-04 outputs/V3.3e24_D10_G8/solution/solution-00066 
 74 2.298997136764e+10 1.011220978290e+08 768 7235 3201  8 5 6 6 4.95506693e-04 9.15440024e-04 outputs/V3.3e24_D10_G8/solution/solution-00067 
 75 2.309243580715e+10 1.024644395150e+08 768 7235 3201  8 5 6 6 4.87973071e-04 9.03542295e-04 outputs/V3.3e24_D10_G8/solution/solution-00068 
 76 2.319623581075e+10 1.038000035977e+08 768 7235 3201  8 5 6 6 4.80549297e-04 8.92034228e-04 outputs/V3.3e24_D10_G8/solution/solution-00069 
 77 2.330136126947e+10 1.051254587246e+08 768 7235 3201  8 5 6 6 4.73242571e-04 8.80924236e-04 outputs/V3.3e24_D10_G8/solution/solution-00070 
 78 2.340779893229e+10 1.064376628209e+08 768 7235 3201  8 5 6 6 4.66059225e-04 8.70217622e-04 outputs/V3.3e24_D10_G8/solution/solution-00071 
 79 2.351553261419e+10 1.077336818990e+08 768 7235 3201  8 5 6 6 4.59004842e-04 8.60006480e-04 outputs/V3.3e24_D10_G8/solution/solution-00072 
 80 2.362454342068e+10 1.090108064834e+08 768 7235 3201  8 5 6 6 4.52084365e-04 8.50212390e-04 outputs/V3.3e24_D10_G8/solution/solution-00073 
 81 2.373480998596e+10 1.102665652799e+08 768 7235 3201  8 5 6 6 4.45302197e-04 8.40816708e-04 outputs/V3.3e24_D10_G8/solution/solution-00074 
 82 2.384630872177e+10 1.114987358145e+08 768 7235 3201  8 5 6 6 4.38662277e-04 8.31814980e-04 outputs/V3.3e24_D10_G8/solution/solution-00075 
 83 2.395901407365e+10 1.127053518745e+08 768 7235 3201  8 5 6 6 4.32168146e-04 8.23200954e-04 outputs/V3.3e24_D10_G8/solution/solution-00076 
 84 2.407289878133e+10 1.138847076855e+08 768 7235 3201  8 5 6 6 4.25823001e-04 8.14966815e-04 outputs/V3.3e24_D10_G8/solution/solution-00077 
 85 2.418793414019e+10 1.150353588625e+08 768 7235 3201  8 5 6 6 4.19629730e-04 8.07103403e-04 outputs/V3.3e24_D10_G8/solution/solution-00078 
 86 2.430409026045e+10 1.161561202612e+08 768 7235 3201  8 5 6 6 4.13590942e-04 7.99600424e-04 outputs/V3.3e24_D10_G8/solution/solution-00079 
 87 2.442133632139e+10 1.172460609383e+08 768 7235 3201  8 5 6 6 4.07708978e-04 7.92446634e-04 outputs/V3.3e24_D10_G8/solution/solution-00080 
 88 2.453964081788e+10 1.183044964896e+08 768 7235 3201  8 5 6 6 4.01985916e-04 7.85630024e-04 outputs/V3.3e24_D10_G8/solution/solution-00081 
 89 2.465897179697e+10 1.193309790834e+08 768 7235 3201  8 5 6 6 3.96423572e-04 7.79137981e-04 outputs/V3.3e24_D10_G8/solution/solution-00082 
 90 2.477929708250e+10 1.203252855338e+08 768 7235 3201  8 5 6 6 3.91023489e-04 7.72957431e-04 outputs/V3.3e24_D10_G8/solution/solution-00083 
 91 2.490058448627e+10 1.212874037720e+08 768 7235 3201  8 5 6 6 3.85786920e-04 7.67074978e-04 outputs/V3.3e24_D10_G8/solution/solution-00084 
 92 2.502280200434e+10 1.222175180648e+08 768 7235 3201  8 5 6 6 3.80714820e-04 7.61477022e-04 outputs/V3.3e24_D10_G8/solution/solution-00085 
 93 2.514591799765e+10 1.231159933183e+08 768 7235 3201  8 5 6 6 3.75807822e-04 7.56149865e-04 outputs/V3.3e24_D10_G8/solution/solution-00086 
 94 2.526990135643e+10 1.239833587703e+08 768 7235 3201  8 5 6 6 3.71066228e-04 7.51079804e-04 outputs/V3.3e24_D10_G8/solution/solution-00087 
 95 2.539472164777e+10 1.248202913453e+08 768 7235 3201  8 5 6 6 3.66489992e-04 7.46253218e-04 outputs/V3.3e24_D10_G8/solution/solution-00088 
 96 2.552034924668e+10 1.256275989046e+08 768 7235 3201  8 5 6 6 3.62078712e-04 7.41656638e-04 outputs/V3.3e24_D10_G8/solution/solution-00089 
 97 2.564675545026e+10 1.264062035857e+08 768 7235 3201  7 5 6 6 3.57831627e-04 7.37276812e-04 outputs/V3.3e24_D10_G8/solution/solution-00090 
 98 2.577391257565e+10 1.271571253866e+08 768 7235 3201  7 5 6 6 3.53747617e-04 7.33100760e-04 outputs/V3.3e24_D10_G8/solution/solution-00091 
 99 2.590179404177e+10 1.278814661189e+08 768 7235 3201  7 5 6 6 3.49825210e-04 7.29115826e-04 outputs/V3.3e24_D10_G8/solution/solution-00092 
100 2.603037443559e+10 1.285803938205e+08 768 7235 3201  7 5 6 6 3.46062596e-04 7.25309716e-04 outputs/V3.3e24_D10_G8/solution/solution-00093 
