# 1: Time step number
# 2: Time (years)
# 3: Time step size (years)
# 4: Number of mesh cells
# 5: Number of Stokes degrees of freedom
# 6: Number of temperature degrees of freedom
# 7: Iterations for temperature solver
# 8: Iterations for Stokes solver
# 9: Velocity iterations in Stokes preconditioner
# 10: Schur complement iterations in Stokes preconditioner
# 11: RMS velocity (m/year)
# 12: Max. velocity (m/year)
# 13: Visualization file name
  0 0.000000000000e+00 0.000000000000e+00 768 7235 3201  0 8 9 9 1.60297055e-07 2.75453337e-07 outputs/V3.3e25_D300_G8/solution/solution-00000 
  1 1.392571516413e+09 1.392571516413e+09 768 7235 3201 31 8 9 9 1.56571397e-07 2.64896357e-07 outputs/V3.3e25_D300_G8/solution/solution-00001 
  2 2.785143032825e+09 1.392571516413e+09 768 7235 3201 25 8 9 9 1.53701906e-07 2.61276038e-07 outputs/V3.3e25_D300_G8/solution/solution-00002 
  3 4.177714549238e+09 1.392571516413e+09 768 7235 3201 24 8 9 9 1.51733804e-07 2.59214853e-07 outputs/V3.3e25_D300_G8/solution/solution-00003 
  4 5.570286065650e+09 1.392571516413e+09 768 7235 3201 23 8 9 9 1.50580141e-07 2.58527901e-07 outputs/V3.3e25_D300_G8/solution/solution-00004 
  5 6.962857582063e+09 1.392571516413e+09 768 7235 3201 22 8 9 9 1.50152130e-07 2.58977024e-07 outputs/V3.3e25_D300_G8/solution/solution-00005 
  6 8.355429098476e+09 1.392571516413e+09 768 7235 3201 22 8 9 9 1.50355034e-07 2.60358856e-07 outputs/V3.3e25_D300_G8/solution/solution-00006 
  7 9.748000614888e+09 1.392571516413e+09 768 7235 3201 21 8 9 9 1.51104327e-07 2.62516445e-07 outputs/V3.3e25_D300_G8/solution/solution-00007 
  8 1.114057213130e+10 1.392571516413e+09 768 7235 3201 21 8 9 9 1.52328639e-07 2.65331848e-07 outputs/V3.3e25_D300_G8/solution/solution-00008 
  9 1.253314364771e+10 1.392571516413e+09 768 7235 3201 20 8 9 9 1.53969001e-07 2.68716452e-07 outputs/V3.3e25_D300_G8/solution/solution-00009 
 10 1.392571516413e+10 1.392571516413e+09 768 7235 3201 20 8 9 9 1.55977083e-07 2.72603057e-07 outputs/V3.3e25_D300_G8/solution/solution-00010 
 11 1.531828668054e+10 1.392571516413e+09 768 7235 3201 20 8 9 9 1.58313361e-07 2.76940078e-07 outputs/V3.3e25_D300_G8/solution/solution-00011 
 12 1.671085819695e+10 1.392571516413e+09 768 7235 3201 20 8 9 9 1.60945493e-07 2.81687448e-07 outputs/V3.3e25_D300_G8/solution/solution-00012 
 13 1.810342971336e+10 1.392571516413e+09 768 7235 3201 20 8 9 9 1.63846989e-07 2.86813734e-07 outputs/V3.3e25_D300_G8/solution/solution-00013 
 14 1.949600122978e+10 1.392571516413e+09 768 7235 3201 19 8 9 9 1.66996126e-07 2.92294083e-07 outputs/V3.3e25_D300_G8/solution/solution-00014 
 15 2.088857274619e+10 1.392571516413e+09 768 7235 3201 19 8 9 9 1.70375090e-07 2.98108739e-07 outputs/V3.3e25_D300_G8/solution/solution-00015 
 16 2.228114426260e+10 1.392571516413e+09 768 7235 3201 19 8 9 9 1.73969290e-07 3.04241971e-07 outputs/V3.3e25_D300_G8/solution/solution-00016 
 17 2.367371577901e+10 1.392571516413e+09 768 7235 3201 19 8 9 9 1.77766806e-07 3.10681268e-07 outputs/V3.3e25_D300_G8/solution/solution-00017 
 18 2.506628729543e+10 1.392571516413e+09 768 7235 3201 19 8 9 9 1.81757951e-07 3.17416746e-07 outputs/V3.3e25_D300_G8/solution/solution-00018 
 19 2.645885881184e+10 1.392571516413e+09 768 7235 3201 19 8 9 9 1.85934919e-07 3.24440690e-07 outputs/V3.3e25_D300_G8/solution/solution-00019 
 20 2.785143032825e+10 1.392571516413e+09 768 7235 3201 19 8 9 9 1.90291493e-07 3.31747204e-07 outputs/V3.3e25_D300_G8/solution/solution-00020 
 21 2.924400184466e+10 1.392571516413e+09 768 7235 3201 19 8 9 9 1.94822818e-07 3.39331941e-07 outputs/V3.3e25_D300_G8/solution/solution-00021 
 22 3.063657336108e+10 1.392571516413e+09 768 7235 3201 18 8 9 9 1.99525203e-07 3.47191888e-07 outputs/V3.3e25_D300_G8/solution/solution-00022 
 23 3.202914487749e+10 1.392571516413e+09 768 7235 3201 18 8 9 9 2.04395962e-07 3.55325190e-07 outputs/V3.3e25_D300_G8/solution/solution-00023 
 24 3.342171639390e+10 1.392571516413e+09 768 7235 3201 18 8 9 9 2.09433290e-07 3.63731019e-07 outputs/V3.3e25_D300_G8/solution/solution-00024 
 25 3.481428791032e+10 1.392571516413e+09 768 7235 3201 18 8 9 9 2.14636143e-07 3.72409452e-07 outputs/V3.3e25_D300_G8/solution/solution-00025 
 26 3.620685942673e+10 1.392571516413e+09 768 7235 3201 18 8 9 9 2.20004154e-07 3.81361383e-07 outputs/V3.3e25_D300_G8/solution/solution-00026 
 27 3.759943094314e+10 1.392571516413e+09 768 7235 3201 18 8 9 9 2.25537549e-07 3.90588441e-07 outputs/V3.3e25_D300_G8/solution/solution-00027 
 28 3.899200245955e+10 1.392571516413e+09 768 7235 3201 18 8 9 9 2.31237085e-07 4.00092926e-07 outputs/V3.3e25_D300_G8/solution/solution-00028 
 29 4.038457397597e+10 1.392571516413e+09 768 7235 3201 18 8 9 9 2.37103994e-07 4.09877750e-07 outputs/V3.3e25_D300_G8/solution/solution-00029 
 30 4.177714549238e+10 1.392571516413e+09 768 7235 3201 18 8 9 9 2.43139933e-07 4.19946391e-07 outputs/V3.3e25_D300_G8/solution/solution-00030 
 31 4.316971700879e+10 1.392571516413e+09 768 7235 3201 18 8 9 9 2.49346945e-07 4.30302851e-07 outputs/V3.3e25_D300_G8/solution/solution-00031 
 32 4.456228852520e+10 1.392571516413e+09 768 7235 3201 18 8 9 9 2.55727427e-07 4.40951618e-07 outputs/V3.3e25_D300_G8/solution/solution-00032 
 33 4.595486004162e+10 1.392571516413e+09 768 7235 3201 18 8 9 9 2.62284095e-07 4.51897638e-07 outputs/V3.3e25_D300_G8/solution/solution-00033 
 34 4.734743155803e+10 1.392571516413e+09 768 7235 3201 18 8 9 9 2.69019966e-07 4.63146288e-07 outputs/V3.3e25_D300_G8/solution/solution-00034 
 35 4.874000307444e+10 1.392571516413e+09 768 7235 3201 18 8 9 9 2.75938330e-07 4.74703351e-07 outputs/V3.3e25_D300_G8/solution/solution-00035 
 36 5.013257459085e+10 1.392571516413e+09 768 7235 3201 18 8 9 9 2.83042736e-07 4.86574998e-07 outputs/V3.3e25_D300_G8/solution/solution-00036 
 37 5.152514610727e+10 1.392571516413e+09 768 7235 3201 18 7 8 8 2.90336978e-07 4.98767770e-07 outputs/V3.3e25_D300_G8/solution/solution-00037 
 38 5.291771762368e+10 1.392571516413e+09 768 7235 3201 17 7 8 8 2.97825076e-07 5.11288565e-07 outputs/V3.3e25_D300_G8/solution/solution-00038 
 39 5.431028914009e+10 1.392571516413e+09 768 7235 3201 17 7 8 8 3.05511271e-07 5.24144623e-07 outputs/V3.3e25_D300_G8/solution/solution-00039 
 40 5.570286065650e+10 1.392571516413e+09 768 7235 3201 17 7 8 8 3.13400015e-07 5.37343522e-07 outputs/V3.3e25_D300_G8/solution/solution-00040 
 41 5.709543217292e+10 1.392571516413e+09 768 7235 3201 17 7 8 8 3.21495962e-07 5.50893160e-07 outputs/V3.3e25_D300_G8/solution/solution-00041 
 42 5.848800368933e+10 1.392571516413e+09 768 7235 3201 17 7 8 8 3.29803962e-07 5.64801757e-07 outputs/V3.3e25_D300_G8/solution/solution-00042 
 43 5.988057520574e+10 1.392571516413e+09 768 7235 3201 17 7 8 8 3.38329060e-07 5.79077848e-07 outputs/V3.3e25_D300_G8/solution/solution-00043 
 44 6.127314672215e+10 1.392571516413e+09 768 7235 3201 17 7 8 8 3.47076488e-07 5.93730275e-07 outputs/V3.3e25_D300_G8/solution/solution-00044 
 45 6.266571823857e+10 1.392571516413e+09 768 7235 3201 17 7 8 8 3.56051663e-07 6.08768189e-07 outputs/V3.3e25_D300_G8/solution/solution-00045 
 46 6.405828975498e+10 1.392571516413e+09 768 7235 3201 17 7 8 8 3.65260191e-07 6.24201048e-07 outputs/V3.3e25_D300_G8/solution/solution-00046 
 47 6.545086127139e+10 1.392571516413e+09 768 7235 3201 17 7 8 8 3.74707856e-07 6.40038614e-07 outputs/V3.3e25_D300_G8/solution/solution-00047 
 48 6.684343278781e+10 1.392571516413e+09 768 7235 3201 17 7 8 8 3.84400631e-07 6.56290955e-07 outputs/V3.3e25_D300_G8/solution/solution-00048 
 49 6.823600430422e+10 1.392571516413e+09 768 7235 3201 17 7 8 8 3.94344668e-07 6.72968448e-07 outputs/V3.3e25_D300_G8/solution/solution-00049 
 50 6.962857582063e+10 1.392571516413e+09 768 7235 3201 17 7 8 8 4.04546307e-07 6.90081779e-07 outputs/V3.3e25_D300_G8/solution/solution-00050 
 51 7.102114733704e+10 1.392571516413e+09 768 7235 3201 17 7 8 8 4.15012072e-07 7.07641946e-07 outputs/V3.3e25_D300_G8/solution/solution-00051 
 52 7.241371885346e+10 1.392571516413e+09 768 7235 3201 17 7 8 8 4.25748677e-07 7.25660264e-07 outputs/V3.3e25_D300_G8/solution/solution-00052 
 53 7.380629036987e+10 1.392571516413e+09 768 7235 3201 17 7 8 8 4.36763025e-07 7.44148369e-07 outputs/V3.3e25_D300_G8/solution/solution-00053 
 54 7.519886188628e+10 1.392571516413e+09 768 7235 3201 17 7 8 8 4.48062213e-07 7.63118219e-07 outputs/V3.3e25_D300_G8/solution/solution-00054 
 55 7.659143340269e+10 1.392571516413e+09 768 7235 3201 17 7 8 8 4.59653532e-07 7.82582105e-07 outputs/V3.3e25_D300_G8/solution/solution-00055 
 56 7.798400491911e+10 1.392571516413e+09 768 7235 3201 17 7 8 8 4.71544475e-07 8.02552654e-07 outputs/V3.3e25_D300_G8/solution/solution-00056 
 57 7.937657643552e+10 1.392571516413e+09 768 7235 3201 17 7 8 8 4.83742736e-07 8.23042835e-07 outputs/V3.3e25_D300_G8/solution/solution-00057 
 58 8.076914795193e+10 1.392571516413e+09 768 7235 3201 17 7 8 8 4.96256218e-07 8.44065966e-07 outputs/V3.3e25_D300_G8/solution/solution-00058 
 59 8.216171946834e+10 1.392571516413e+09 768 7235 3201 17 7 8 8 5.09093032e-07 8.65635720e-07 outputs/V3.3e25_D300_G8/solution/solution-00059 
 60 8.355429098476e+10 1.392571516413e+09 768 7235 3201 17 7 8 8 5.22261507e-07 8.87766136e-07 outputs/V3.3e25_D300_G8/solution/solution-00060 
 61 8.494686250117e+10 1.392571516413e+09 768 7235 3201 17 7 8 8 5.35770193e-07 9.10471623e-07 outputs/V3.3e25_D300_G8/solution/solution-00061 
 62 8.633943401758e+10 1.392571516413e+09 768 7235 3201 17 7 8 8 5.49627862e-07 9.33766971e-07 outputs/V3.3e25_D300_G8/solution/solution-00062 
 63 8.773200553399e+10 1.392571516413e+09 768 7235 3201 16 7 8 8 5.63843519e-07 9.57667359e-07 outputs/V3.3e25_D300_G8/solution/solution-00063 
 64 8.912457705041e+10 1.392571516413e+09 768 7235 3201 16 7 8 8 5.78426405e-07 9.82188362e-07 outputs/V3.3e25_D300_G8/solution/solution-00064 
 65 9.051714856682e+10 1.392571516413e+09 768 7235 3201 16 6 7 7 5.93385999e-07 1.00734596e-06 outputs/V3.3e25_D300_G8/solution/solution-00065 
 66 9.190972008323e+10 1.392571516413e+09 768 7235 3201 16 6 7 7 6.08732031e-07 1.03315657e-06 outputs/V3.3e25_D300_G8/solution/solution-00066 
 67 9.330229159964e+10 1.392571516413e+09 768 7235 3201 16 6 7 7 6.24474481e-07 1.05963699e-06 outputs/V3.3e25_D300_G8/solution/solution-00067 
 68 9.469486311606e+10 1.392571516413e+09 768 7235 3201 16 6 7 7 6.40623589e-07 1.08680451e-06 outputs/V3.3e25_D300_G8/solution/solution-00068 
 69 9.608743463247e+10 1.392571516413e+09 768 7235 3201 16 6 7 7 6.57189861e-07 1.11467683e-06 outputs/V3.3e25_D300_G8/solution/solution-00069 
 70 9.748000614888e+10 1.392571516413e+09 768 7235 3201 16 6 7 7 6.74184075e-07 1.14327212e-06 outputs/V3.3e25_D300_G8/solution/solution-00070 
 71 9.887257766530e+10 1.392571516413e+09 768 7235 3201 16 6 7 7 6.91617288e-07 1.17260904e-06 outputs/V3.3e25_D300_G8/solution/solution-00071 
 72 1.002651491817e+11 1.392571516413e+09 768 7235 3201 16 6 7 7 7.09500841e-07 1.20270669e-06 outputs/V3.3e25_D300_G8/solution/solution-00072 
 73 1.016577206981e+11 1.392571516413e+09 768 7235 3201 16 6 7 7 7.27846371e-07 1.23358470e-06 outputs/V3.3e25_D300_G8/solution/solution-00073 
 74 1.030502922145e+11 1.392571516413e+09 768 7235 3201 16 6 7 7 7.46665813e-07 1.26526320e-06 outputs/V3.3e25_D300_G8/solution/solution-00074 
 75 1.044428637309e+11 1.392571516413e+09 768 7235 3201 16 6 7 7 7.65971410e-07 1.29776284e-06 outputs/V3.3e25_D300_G8/solution/solution-00075 
 76 1.058354352474e+11 1.392571516413e+09 768 7235 3201 16 6 7 7 7.85775722e-07 1.33110478e-06 outputs/V3.3e25_D300_G8/solution/solution-00076 
 77 1.072280067638e+11 1.392571516413e+09 768 7235 3201 16 6 7 7 8.06091632e-07 1.36531076e-06 outputs/V3.3e25_D300_G8/solution/solution-00077 
 78 1.086205782802e+11 1.392571516413e+09 768 7235 3201 16 6 7 7 8.26932355e-07 1.40040305e-06 outputs/V3.3e25_D300_G8/solution/solution-00078 
 79 1.100131497966e+11 1.392571516413e+09 768 7235 3201 16 6 7 7 8.48311446e-07 1.43640453e-06 outputs/V3.3e25_D300_G8/solution/solution-00079 
 80 1.114057213130e+11 1.392571516413e+09 768 7235 3201 16 6 7 7 8.70242810e-07 1.47333863e-06 outputs/V3.3e25_D300_G8/solution/solution-00080 
 81 1.127982928294e+11 1.392571516413e+09 768 7235 3201 16 6 7 7 8.92740708e-07 1.51122941e-06 outputs/V3.3e25_D300_G8/solution/solution-00081 
 82 1.141908643458e+11 1.392571516413e+09 768 7235 3201 16 6 7 7 9.15819769e-07 1.55010154e-06 outputs/V3.3e25_D300_G8/solution/solution-00082 
 83 1.155834358622e+11 1.392571516413e+09 768 7235 3201 16 6 7 7 9.39494998e-07 1.58998032e-06 outputs/V3.3e25_D300_G8/solution/solution-00083 
 84 1.169760073787e+11 1.392571516413e+09 768 7235 3201 16 6 7 7 9.63781786e-07 1.63089172e-06 outputs/V3.3e25_D300_G8/solution/solution-00084 
 85 1.183685788951e+11 1.392571516413e+09 768 7235 3201 16 6 7 7 9.88695920e-07 1.67286235e-06 outputs/V3.3e25_D300_G8/solution/solution-00085 
 86 1.197611504115e+11 1.392571516413e+09 768 7235 3201 16 6 7 7 1.01425359e-06 1.71591952e-06 outputs/V3.3e25_D300_G8/solution/solution-00086 
 87 1.211537219279e+11 1.392571516413e+09 768 7235 3201 16 6 7 7 1.04047141e-06 1.76009124e-06 outputs/V3.3e25_D300_G8/solution/solution-00087 
 88 1.225462934443e+11 1.392571516413e+09 768 7235 3201 16 6 7 7 1.06736640e-06 1.80540625e-06 outputs/V3.3e25_D300_G8/solution/solution-00088 
 89 1.239388649607e+11 1.392571516413e+09 768 7235 3201 16 6 7 7 1.09495605e-06 1.85189401e-06 outputs/V3.3e25_D300_G8/solution/solution-00089 
 90 1.253314364771e+11 1.392571516413e+09 768 7235 3201 16 6 7 7 1.12325826e-06 1.89958474e-06 outputs/V3.3e25_D300_G8/solution/solution-00090 
 91 1.267240079935e+11 1.392571516413e+09 768 7235 3201 16 6 7 7 1.15229143e-06 1.94850944e-06 outputs/V3.3e25_D300_G8/solution/solution-00091 
 92 1.281165795100e+11 1.392571516413e+09 768 7235 3201 16 6 7 7 1.18207439e-06 1.99869991e-06 outputs/V3.3e25_D300_G8/solution/solution-00092 
 93 1.295091510264e+11 1.392571516413e+09 768 7235 3201 15 6 7 7 1.21262649e-06 2.05018876e-06 outputs/V3.3e25_D300_G8/solution/solution-00093 
 94 1.309017225428e+11 1.392571516413e+09 768 7235 3201 15 6 7 7 1.24396754e-06 2.10300943e-06 outputs/V3.3e25_D300_G8/solution/solution-00094 
 95 1.322942940592e+11 1.392571516413e+09 768 7235 3201 15 6 7 7 1.27611790e-06 2.15719623e-06 outputs/V3.3e25_D300_G8/solution/solution-00095 
 96 1.336868655756e+11 1.392571516413e+09 768 7235 3201 15 6 7 7 1.30909841e-06 2.21278433e-06 outputs/V3.3e25_D300_G8/solution/solution-00096 
 97 1.350794370920e+11 1.392571516413e+09 768 7235 3201 15 6 7 7 1.34293046e-06 2.26980981e-06 outputs/V3.3e25_D300_G8/solution/solution-00097 
 98 1.364720086084e+11 1.392571516413e+09 768 7235 3201 15 6 7 7 1.37763599e-06 2.32830968e-06 outputs/V3.3e25_D300_G8/solution/solution-00098 
 99 1.378645801248e+11 1.392571516413e+09 768 7235 3201 15 6 7 7 1.41323750e-06 2.38832188e-06 outputs/V3.3e25_D300_G8/solution/solution-00099 
100 1.392571516413e+11 1.392571516413e+09 768 7235 3201 15 6 7 7 1.44975806e-06 2.44988534e-06 outputs/V3.3e25_D300_G8/solution/solution-00100 
