# 1: Time step number
# 2: Time (years)
# 3: Time step size (years)
# 4: Number of mesh cells
# 5: Number of Stokes degrees of freedom
# 6: Number of temperature degrees of freedom
# 7: Iterations for temperature solver
# 8: Iterations for Stokes solver
# 9: Velocity iterations in Stokes preconditioner
# 10: Schur complement iterations in Stokes preconditioner
# 11: RMS velocity (m/year)
# 12: Max. velocity (m/year)
# 13: Visualization file name
  0 0.000000000000e+00 0.000000000000e+00 768 7235 3201  0 8 9 9 9.23737355e-07 1.55846875e-06 outputs/V1e25_D1000_G14/solution/solution-00000 
  1 1.392571516413e+09 1.392571516413e+09 768 7235 3201 22 8 9 9 1.27982129e-06 2.15923019e-06 outputs/V1e25_D1000_G14/solution/solution-00001 
  2 2.785143032825e+09 1.392571516413e+09 768 7235 3201 18 7 8 8 1.83452409e-06 3.09508856e-06 outputs/V1e25_D1000_G14/solution/solution-00002 
  3 4.177714549238e+09 1.392571516413e+09 768 7235 3201 18 7 8 8 2.65700884e-06 4.48273188e-06 outputs/V1e25_D1000_G14/solution/solution-00003 
  4 5.570286065650e+09 1.392571516413e+09 768 7235 3201 18 7 8 8 3.86001710e-06 6.51237224e-06 outputs/V1e25_D1000_G14/solution/solution-00004 
  5 6.962857582063e+09 1.392571516413e+09 768 7235 3201 19 7 8 8 5.61265949e-06 9.46932783e-06 outputs/V1e25_D1000_G14/solution/solution-00005 
  6 8.355429098476e+09 1.392571516413e+09 768 7235 3201 19 7 8 8 8.16297102e-06 1.37720852e-05 outputs/V1e25_D1000_G14/solution/solution-00006 
  7 9.748000614888e+09 1.392571516413e+09 768 7235 3201 19 7 8 8 1.18722154e-05 2.00302008e-05 outputs/V1e25_D1000_G14/solution/solution-00007 
  8 1.114057213130e+10 1.392571516413e+09 768 7235 3201 20 7 8 8 1.72648561e-05 2.91286868e-05 outputs/V1e25_D1000_G14/solution/solution-00008 
  9 1.253314364771e+10 1.392571516413e+09 768 7235 3201 20 7 8 8 2.50995460e-05 4.23480188e-05 outputs/V1e25_D1000_G14/solution/solution-00009 
 10 1.392571516413e+10 1.392571516413e+09 768 7235 3201 21 7 8 8 3.64663856e-05 6.15289424e-05 outputs/V1e25_D1000_G14/solution/solution-00010 
 11 1.531828668054e+10 1.392571516413e+09 768 7235 3201 22 7 8 8 5.29098488e-05 8.92819813e-05 outputs/V1e25_D1000_G14/solution/solution-00011 
 12 1.636833058229e+10 1.050043901748e+09 768 7235 3201 20 7 8 8 7.02621806e-05 1.18578163e-04 outputs/V1e25_D1000_G14/solution/solution-00012 
 13 1.715894832936e+10 7.906177470691e+08 768 7235 3201 17 7 8 8 8.72152479e-05 1.47211313e-04 outputs/V1e25_D1000_G14/solution/solution-00013 
 14 1.779578797241e+10 6.368396430583e+08 768 7235 3201 15 6 7 7 1.03880032e-04 1.75370198e-04 outputs/V1e25_D1000_G14/solution/solution-00014 
 15 1.833037139200e+10 5.345834195906e+08 768 7235 3201 14 6 7 7 1.20257448e-04 2.03057571e-04 outputs/V1e25_D1000_G14/solution/solution-00015 
 16 1.879206311569e+10 4.616917236810e+08 768 7235 3201 13 6 7 7 1.36334244e-04 2.30251898e-04 outputs/V1e25_D1000_G14/solution/solution-00016 
 17 1.919922588319e+10 4.071627675014e+08 768 7235 3201 12 6 7 7 1.52096251e-04 2.56929688e-04 outputs/V1e25_D1000_G14/solution/solution-00017 
 18 1.956411170428e+10 3.648858210926e+08 768 7235 3201 12 6 7 7 1.67529598e-04 2.83067518e-04 outputs/V1e25_D1000_G14/solution/solution-00018 
 19 1.989530477289e+10 3.311930686153e+08 768 7235 3201 11 6 7 7 1.82620515e-04 3.08641679e-04 outputs/V1e25_D1000_G14/solution/solution-00019 
 20 2.019905506418e+10 3.037502912874e+08 768 7235 3201 11 6 7 7 1.97355232e-04 3.33628003e-04 outputs/V1e25_D1000_G14/solution/solution-00020 
 21 2.048005665617e+10 2.810015919926e+08 768 7235 3201 11 6 7 7 2.11720069e-04 3.58002001e-04 outputs/V1e25_D1000_G14/solution/solution-00021 
 22 2.074192670096e+10 2.618700447830e+08 768 7235 3201 10 6 7 7 2.25701595e-04 3.81739140e-04 outputs/V1e25_D1000_G14/solution/solution-00022 
 23 2.098751325524e+10 2.455865542802e+08 768 7235 3201 10 6 7 7 2.39286799e-04 4.04815150e-04 outputs/V1e25_D1000_G14/solution/solution-00023 
 24 2.121910043760e+10 2.315871823585e+08 768 7235 3201 10 6 7 7 2.52463256e-04 4.27206311e-04 outputs/V1e25_D1000_G14/solution/solution-00024 
 25 2.143854944312e+10 2.194490055265e+08 768 7235 3201 10 6 7 7 2.65219255e-04 4.48889697e-04 outputs/V1e25_D1000_G14/solution/solution-00025 
 26 2.164739807709e+10 2.088486339719e+08 768 7235 3201 10 6 7 7 2.77543899e-04 4.69843390e-04 outputs/V1e25_D1000_G14/solution/solution-00026 
 27 2.184693264949e+10 1.995345723927e+08 768 7235 3201 10 6 7 7 2.89427192e-04 4.90046650e-04 outputs/V1e25_D1000_G14/solution/solution-00027 
 28 2.203824096677e+10 1.913083172787e+08 768 7235 3201  9 6 7 7 3.00860090e-04 5.09480054e-04 outputs/V1e25_D1000_G14/solution/solution-00028 
 29 2.222225209586e+10 1.840111290894e+08 768 7235 3201  9 6 7 7 3.11834542e-04 5.28125617e-04 outputs/V1e25_D1000_G14/solution/solution-00029 
 30 2.239976668127e+10 1.775145854189e+08 768 7235 3201  9 6 7 7 3.22343517e-04 5.45966886e-04 outputs/V1e25_D1000_G14/solution/solution-00030 
 31 2.257148039211e+10 1.717137108377e+08 768 7235 3201  9 6 7 7 3.32381009e-04 5.62989017e-04 outputs/V1e25_D1000_G14/solution/solution-00031 
 32 2.273800229066e+10 1.665218985511e+08 768 7235 3201  9 6 7 7 3.41942046e-04 5.79196647e-04 outputs/V1e25_D1000_G14/solution/solution-00032 
 33 2.289986939163e+10 1.618671009654e+08 768 7235 3201  9 5 6 6 3.51022677e-04 5.94586190e-04 outputs/V1e25_D1000_G14/solution/solution-00033 
 34 2.305755832535e+10 1.576889337256e+08 768 7235 3201  9 5 6 6 3.59619960e-04 6.09126412e-04 outputs/V1e25_D1000_G14/solution/solution-00034 
 35 2.321149477287e+10 1.539364475170e+08 768 7235 3201  9 5 6 6 3.67731941e-04 6.22809260e-04 outputs/V1e25_D1000_G14/solution/solution-00035 
 36 2.336206116704e+10 1.505663941704e+08 768 7235 3201  9 5 6 6 3.75357629e-04 6.35628451e-04 outputs/V1e25_D1000_G14/solution/solution-00036 
 37 2.350960303100e+10 1.475418639572e+08 768 7235 3201  9 5 6 6 3.82496969e-04 6.47579497e-04 outputs/V1e25_D1000_G14/solution/solution-00037 
 38 2.365443423539e+10 1.448312043868e+08 768 7235 3201  8 5 6 6 3.89150809e-04 6.58659707e-04 outputs/V1e25_D1000_G14/solution/solution-00038 
 39 2.379683961916e+10 1.424053837787e+08 768 7235 3201  8 5 6 6 3.95320791e-04 6.68868073e-04 outputs/V1e25_D1000_G14/solution/solution-00039 
 40 2.393706065981e+10 1.402210406478e+08 768 7235 3201  8 5 6 6 4.01008639e-04 6.78204156e-04 outputs/V1e25_D1000_G14/solution/solution-00040 
 41 2.407534038987e+10 1.382797300538e+08 768 7235 3201  8 5 6 6 4.06217923e-04 6.86671065e-04 outputs/V1e25_D1000_G14/solution/solution-00041 
 42 2.421190394725e+10 1.365635573827e+08 768 7235 3201  8 5 6 6 4.10952978e-04 6.94273688e-04 outputs/V1e25_D1000_G14/solution/solution-00042 
 43 2.434696087215e+10 1.350569248966e+08 768 7235 3201  8 5 6 6 4.15218866e-04 7.01018669e-04 outputs/V1e25_D1000_G14/solution/solution-00043 
 44 2.448070708423e+10 1.337462120799e+08 768 7235 3201  8 5 6 6 4.19021331e-04 7.06914367e-04 outputs/V1e25_D1000_G14/solution/solution-00044 
 45 2.461332659367e+10 1.326195094403e+08 768 7235 3201  8 5 6 6 4.22366766e-04 7.11970818e-04 outputs/V1e25_D1000_G14/solution/solution-00045 
 46 2.474499298930e+10 1.316663956317e+08 768 7235 3201  8 5 6 6 4.25262169e-04 7.16199684e-04 outputs/V1e25_D1000_G14/solution/solution-00046 
 47 2.487587073922e+10 1.308777499180e+08 768 7235 3201  8 5 6 6 4.27715110e-04 7.19614204e-04 outputs/V1e25_D1000_G14/solution/solution-00047 
 48 2.500611633284e+10 1.302455936255e+08 768 7235 3201  8 5 6 6 4.29733695e-04 7.22229128e-04 outputs/V1e25_D1000_G14/solution/solution-00048 
 49 2.513587928834e+10 1.297629554964e+08 768 7235 3201  8 5 6 6 4.31326527e-04 7.24140244e-04 outputs/V1e25_D1000_G14/solution/solution-00049 
 50 2.526530304517e+10 1.294237568332e+08 768 7235 3201  8 5 6 6 4.32502682e-04 7.25335144e-04 outputs/V1e25_D1000_G14/solution/solution-00050 
 51 2.539452575826e+10 1.292227130943e+08 768 7235 3201  8 5 6 6 4.33271669e-04 7.25781791e-04 outputs/V1e25_D1000_G14/solution/solution-00051 
 52 2.552368100747e+10 1.291552492061e+08 768 7235 3201  8 5 6 6 4.33643410e-04 7.25499545e-04 outputs/V1e25_D1000_G14/solution/solution-00052 
 53 2.565289843381e+10 1.292174263351e+08 768 7235 3201  8 5 6 6 4.33628206e-04 7.24508962e-04 outputs/V1e25_D1000_G14/solution/solution-00053 
 54 2.578230431205e+10 1.294058782430e+08 768 7235 3201  8 5 6 6 4.33236720e-04 7.22831721e-04 outputs/V1e25_D1000_G14/solution/solution-00054 
 55 2.591202206770e+10 1.297177556488e+08 768 7235 3201  8 5 6 6 4.32479950e-04 7.20490545e-04 outputs/V1e25_D1000_G14/solution/solution-00055 
 56 2.604217274496e+10 1.301506772642e+08 768 7235 3201  8 5 6 6 4.31369210e-04 7.17509124e-04 outputs/V1e25_D1000_G14/solution/solution-00056 
 57 2.617287543132e+10 1.307026863584e+08 768 7235 3201  8 5 6 6 4.29916113e-04 7.13912033e-04 outputs/V1e25_D1000_G14/solution/solution-00057 
 58 2.630424354814e+10 1.313681168177e+08 768 7235 3201  8 5 6 6 4.28132617e-04 7.09724793e-04 outputs/V1e25_D1000_G14/solution/solution-00058 
 59 2.643637109472e+10 1.321275465817e+08 768 7235 3201  8 5 6 6 4.26031295e-04 7.04974404e-04 outputs/V1e25_D1000_G14/solution/solution-00059 
 60 2.656937363139e+10 1.330025366720e+08 768 7235 3201  8 5 6 6 4.23624732e-04 6.99687897e-04 outputs/V1e25_D1000_G14/solution/solution-00060 
 61 2.670336603494e+10 1.339924035517e+08 768 7235 3201  8 5 6 6 4.20925744e-04 6.93947242e-04 outputs/V1e25_D1000_G14/solution/solution-00061 
 62 2.683846276033e+10 1.350967253859e+08 768 7235 3201  8 5 6 6 4.17947361e-04 6.87743711e-04 outputs/V1e25_D1000_G14/solution/solution-00062 
 63 2.697477807437e+10 1.363153140394e+08 768 7235 3201  8 5 6 6 4.14702826e-04 6.81084159e-04 outputs/V1e25_D1000_G14/solution/solution-00063 
 64 2.711242626184e+10 1.376481874717e+08 768 7235 3201  8 5 6 6 4.11205588e-04 6.73997158e-04 outputs/V1e25_D1000_G14/solution/solution-00064 
 65 2.725152180386e+10 1.390955420223e+08 768 7235 3201  9 5 6 6 4.07469296e-04 6.66511566e-04 outputs/V1e25_D1000_G14/solution/solution-00065 
 66 2.739217952792e+10 1.406577240603e+08 768 7235 3201  9 5 6 6 4.03507801e-04 6.58656465e-04 outputs/V1e25_D1000_G14/solution/solution-00066 
 67 2.753451472839e+10 1.423352004672e+08 768 7235 3201  9 5 6 6 3.99335148e-04 6.50461097e-04 outputs/V1e25_D1000_G14/solution/solution-00067 
 68 2.767864325582e+10 1.441285274259e+08 768 7235 3201  9 5 6 6 3.94965574e-04 6.41954810e-04 outputs/V1e25_D1000_G14/solution/solution-00068 
 69 2.782468157280e+10 1.460383169881e+08 768 7235 3201  9 5 6 6 3.90413507e-04 6.33213595e-04 outputs/V1e25_D1000_G14/solution/solution-00069 
 70 2.797274677370e+10 1.480652008977e+08 768 7235 3201  9 5 6 6 3.85693563e-04 6.24233187e-04 outputs/V1e25_D1000_G14/solution/solution-00070 
 71 2.812295656486e+10 1.502097911553e+08 768 7235 3201  9 5 6 6 3.80820537e-04 6.15025837e-04 outputs/V1e25_D1000_G14/solution/solution-00071 
 72 2.827542920168e+10 1.524726368186e+08 768 7235 3201  9 5 6 6 3.75809399e-04 6.05620880e-04 outputs/V1e25_D1000_G14/solution/solution-00072 
 73 2.843026810432e+10 1.548389026465e+08 768 7235 3201  9 5 6 6 3.70675795e-04 5.96048483e-04 outputs/V1e25_D1000_G14/solution/solution-00073 
 74 2.858758054016e+10 1.573124358331e+08 768 7235 3201  9 5 6 6 3.65435411e-04 5.86338423e-04 outputs/V1e25_D1000_G14/solution/solution-00074 
 75 2.874748530750e+10 1.599047673491e+08 768 7235 3201  9 5 6 6 3.60103680e-04 5.76519535e-04 outputs/V1e25_D1000_G14/solution/solution-00075 
 76 2.891010092894e+10 1.626156214380e+08 768 7235 3201  9 5 6 6 3.54696145e-04 5.66620379e-04 outputs/V1e25_D1000_G14/solution/solution-00076 
 77 2.907554530881e+10 1.654443798698e+08 768 7235 3201  9 5 6 6 3.49228436e-04 5.56669199e-04 outputs/V1e25_D1000_G14/solution/solution-00077 
 78 2.924393531875e+10 1.683900099372e+08 768 7235 3201  9 5 6 6 3.43716248e-04 5.46693880e-04 outputs/V1e25_D1000_G14/solution/solution-00078 
 79 2.941538630583e+10 1.714509870832e+08 768 7235 3201  9 5 6 6 3.38175312e-04 5.36797328e-04 outputs/V1e25_D1000_G14/solution/solution-00079 
 80 2.959001151835e+10 1.746252125170e+08 768 7235 3201  9 5 6 6 3.32621366e-04 5.26925196e-04 outputs/V1e25_D1000_G14/solution/solution-00080 
 81 2.976792144475e+10 1.779099264008e+08 768 7235 3201  9 5 6 6 3.27070113e-04 5.17103917e-04 outputs/V1e25_D1000_G14/solution/solution-00081 
 82 2.994922306223e+10 1.813016174759e+08 768 7235 3201  9 5 6 6 3.21537188e-04 5.07359686e-04 outputs/V1e25_D1000_G14/solution/solution-00082 
 83 3.013401899257e+10 1.847959303387e+08 768 7235 3201  9 5 6 6 3.16038105e-04 4.97718098e-04 outputs/V1e25_D1000_G14/solution/solution-00083 
 84 3.032240656453e+10 1.883875719683e+08 768 7235 3201  9 5 6 6 3.10588212e-04 4.88204089e-04 outputs/V1e25_D1000_G14/solution/solution-00084 
 85 3.051447535638e+10 1.920687918486e+08 768 7235 3201  9 5 6 6 3.05202677e-04 4.78841946e-04 outputs/V1e25_D1000_G14/solution/solution-00085 
 86 3.071028299937e+10 1.958076429848e+08 768 7235 3201  9 5 6 6 2.99897036e-04 4.69656290e-04 outputs/V1e25_D1000_G14/solution/solution-00086 
 87 3.090990459538e+10 1.996215960130e+08 768 7235 3201  9 5 6 6 2.94685716e-04 4.60685954e-04 outputs/V1e25_D1000_G14/solution/solution-00087 
 88 3.111340548160e+10 2.035008862188e+08 768 7235 3201  9 5 6 6 2.89582737e-04 4.51949989e-04 outputs/V1e25_D1000_G14/solution/solution-00088 
 89 3.132083993748e+10 2.074344558827e+08 768 7235 3201  9 5 6 6 2.84601652e-04 4.43451288e-04 outputs/V1e25_D1000_G14/solution/solution-00089 
 90 3.153224985431e+10 2.114099168247e+08 768 7235 3201  9 5 6 6 2.79755482e-04 4.35209423e-04 outputs/V1e25_D1000_G14/solution/solution-00090 
 91 3.174766338891e+10 2.154135346065e+08 768 7235 3201  9 5 6 6 2.75056657e-04 4.27242847e-04 outputs/V1e25_D1000_G14/solution/solution-00091 
 92 3.196709362762e+10 2.194302387035e+08 768 7235 3201  9 5 6 6 2.70516954e-04 4.19568847e-04 outputs/V1e25_D1000_G14/solution/solution-00092 
 93 3.219053729039e+10 2.234436627747e+08 768 7235 3201  9 5 6 6 2.66147438e-04 4.12203476e-04 outputs/V1e25_D1000_G14/solution/solution-00093 
 94 3.241797350916e+10 2.274362187741e+08 768 7235 3201  9 5 6 6 2.61958408e-04 4.05161506e-04 outputs/V1e25_D1000_G14/solution/solution-00094 
 95 3.264936271715e+10 2.313892079830e+08 768 7235 3201  9 5 6 6 2.57959345e-04 3.98456376e-04 outputs/V1e25_D1000_G14/solution/solution-00095 
 96 3.288464568825e+10 2.352829710982e+08 768 7235 3201  9 5 6 6 2.54158864e-04 3.92103748e-04 outputs/V1e25_D1000_G14/solution/solution-00096 
 97 3.312374276651e+10 2.390970782604e+08 768 7235 3201  9 5 6 6 2.50564676e-04 3.86112761e-04 outputs/V1e25_D1000_G14/solution/solution-00097 
 98 3.336655332488e+10 2.428105583753e+08 768 7235 3201  9 5 6 6 2.47183548e-04 3.80486883e-04 outputs/V1e25_D1000_G14/solution/solution-00098 
 99 3.361295549020e+10 2.464021653140e+08 768 7235 3201  9 5 6 6 2.44021279e-04 3.75233908e-04 outputs/V1e25_D1000_G14/solution/solution-00099 
100 3.386280616685e+10 2.498506766580e+08 768 7235 3201  9 5 6 6 2.41082679e-04 3.70360144e-04 outputs/V1e25_D1000_G14/solution/solution-00100 
