# 1: Time step number
# 2: Time (years)
# 3: Time step size (years)
# 4: Number of mesh cells
# 5: Number of Stokes degrees of freedom
# 6: Number of temperature degrees of freedom
# 7: Iterations for temperature solver
# 8: Iterations for Stokes solver
# 9: Velocity iterations in Stokes preconditioner
# 10: Schur complement iterations in Stokes preconditioner
# 11: RMS velocity (m/year)
# 12: Max. velocity (m/year)
# 13: Visualization file name
  0 0.000000000000e+00 0.000000000000e+00 768 7235 3201  0 8 9 9 6.90000498e-07 3.35234646e-06 outputs/V1e25_D10000_G8/solution/solution-00000 
  1 1.392571516413e+09 1.392571516413e+09 768 7235 3201 32 8 9 9 1.67302274e-06 3.08857403e-06 outputs/V1e25_D10000_G8/solution/solution-00001 
  2 2.785143032825e+09 1.392571516413e+09 768 7235 3201 25 8 9 9 5.65690313e-06 1.00240228e-05 outputs/V1e25_D10000_G8/solution/solution-00002 
  3 4.177714549238e+09 1.392571516413e+09 768 7235 3201 25 8 9 9 1.81548231e-05 3.30505403e-05 outputs/V1e25_D10000_G8/solution/solution-00003 
  4 5.570286065650e+09 1.392571516413e+09 768 7235 3201 24 8 9 9 5.41755050e-05 1.01044461e-04 outputs/V1e25_D10000_G8/solution/solution-00004 
  5 6.498095458620e+09 9.278093929699e+08 768 7235 3201 21 8 9 9 1.15694481e-04 2.19106701e-04 outputs/V1e25_D10000_G8/solution/solution-00005 
  6 6.926134917827e+09 4.280394592067e+08 768 7235 3201 15 8 9 9 1.71020643e-04 3.26005682e-04 outputs/V1e25_D10000_G8/solution/solution-00006 
  7 7.213594491948e+09 2.874595741208e+08 768 7235 3201 12 7 8 8 2.25078680e-04 4.31152727e-04 outputs/V1e25_D10000_G8/solution/solution-00007 
  8 7.431112640676e+09 2.175181487286e+08 768 7235 3201 11 7 8 8 2.77844765e-04 5.33946264e-04 outputs/V1e25_D10000_G8/solution/solution-00008 
  9 7.606692106981e+09 1.755794663049e+08 768 7235 3201 10 7 8 8 3.29332563e-04 6.34418627e-04 outputs/V1e25_D10000_G8/solution/solution-00009 
 10 7.754469777104e+09 1.477776701224e+08 768 7235 3201 10 6 7 7 3.79677667e-04 7.32930410e-04 outputs/V1e25_D10000_G8/solution/solution-00010 
 11 7.882399430547e+09 1.279296534429e+08 768 7235 3201 10 6 7 7 4.28973550e-04 8.29207426e-04 outputs/V1e25_D10000_G8/solution/solution-00011 
 12 7.995433339496e+09 1.130339089491e+08 768 7235 3201  9 6 7 7 4.77280464e-04 9.23914952e-04 outputs/V1e25_D10000_G8/solution/solution-00012 
 13 8.096960716007e+09 1.015273765113e+08 768 7235 3201  9 6 7 7 5.24665588e-04 1.01651894e-03 outputs/V1e25_D10000_G8/solution/solution-00013 
 14 8.189187231623e+09 9.222651561586e+07 768 7235 3201  9 6 7 7 5.71072069e-04 1.10691985e-03 outputs/V1e25_D10000_G8/solution/solution-00014 
 15 8.273881710451e+09 8.469447882825e+07 768 7235 3201  9 6 7 7 6.16500880e-04 1.19550518e-03 outputs/V1e25_D10000_G8/solution/solution-00015 
 16 8.352339511261e+09 7.845780081024e+07 768 7235 3201  9 6 7 7 6.60902798e-04 1.28120476e-03 outputs/V1e25_D10000_G8/solution/solution-00016 
 17 8.425493784817e+09 7.315427355611e+07 768 7235 3201  9 6 7 7 7.04163177e-04 1.36479684e-03 outputs/V1e25_D10000_G8/solution/solution-00017 
 18 8.494176854967e+09 6.868307014998e+07 768 7235 3201  9 6 7 7 7.46209299e-04 1.44581350e-03                                              "" 
 19 8.559057319902e+09 6.488046493509e+07 768 7235 3201  9 6 7 7 7.86949731e-04 1.52325542e-03 outputs/V1e25_D10000_G8/solution/solution-00018 
 20 8.620603137289e+09 6.154581738605e+07 768 7235 3201  9 6 7 7 8.26227870e-04 1.59809848e-03 outputs/V1e25_D10000_G8/solution/solution-00019 
 21 8.679266606058e+09 5.866346876911e+07 768 7235 3201  9 6 7 7 8.63924681e-04 1.66887243e-03                                              "" 
 22 8.735442259861e+09 5.617565380292e+07 768 7235 3201  9 6 7 7 8.99924691e-04 1.73623461e-03 outputs/V1e25_D10000_G8/solution/solution-00020 
 23 8.789465760850e+09 5.402350098958e+07 768 7235 3201  9 6 7 7 9.34108260e-04 1.79958510e-03                                              "" 
 24 8.841585862631e+09 5.212010178097e+07 768 7235 3201  9 6 7 7 9.66329995e-04 1.85824443e-03 outputs/V1e25_D10000_G8/solution/solution-00021 
 25 8.892031806286e+09 5.044594365510e+07 768 7235 3201  9 6 7 7 9.96460116e-04 1.91200766e-03                                              "" 
 26 8.941031984502e+09 4.900017821562e+07 768 7235 3201  9 6 7 7 1.02439290e-03 1.96277053e-03 outputs/V1e25_D10000_G8/solution/solution-00022 
 27 8.988788753581e+09 4.775676907956e+07 768 7235 3201  9 6 7 7 1.05002878e-03 2.00847184e-03                                              "" 
 28 9.035483237478e+09 4.669448389668e+07 768 7235 3201  9 6 7 7 1.07327609e-03 2.04892014e-03 outputs/V1e25_D10000_G8/solution/solution-00023 
 29 9.081274889012e+09 4.579165153346e+07 768 7235 3201 10 6 7 7 1.09405070e-03 2.08401519e-03                                              "" 
 30 9.126267804432e+09 4.499291542064e+07 768 7235 3201 10 6 7 7 1.11226436e-03 2.11456251e-03 outputs/V1e25_D10000_G8/solution/solution-00024 
 31 9.170603216357e+09 4.433541192469e+07 768 7235 3201 10 6 7 7 1.12786609e-03 2.13998169e-03                                              "" 
 32 9.214412002464e+09 4.380878610666e+07 768 7235 3201 10 6 7 7 1.14081699e-03 2.15990651e-03 outputs/V1e25_D10000_G8/solution/solution-00025 
 33 9.257816658834e+09 4.340465637072e+07 768 7235 3201 10 6 7 7 1.15109050e-03 2.17435010e-03                                              "" 
 34 9.300932990523e+09 4.311633168920e+07 768 7235 3201 10 6 7 7 1.15867255e-03 2.18440779e-03 outputs/V1e25_D10000_G8/solution/solution-00026 
 35 9.343871584119e+09 4.293859359507e+07 768 7235 3201 10 6 7 7 1.16356153e-03 2.18918206e-03                                              "" 
 36 9.386733726404e+09 4.286214228589e+07 768 7235 3201 10 6 7 7 1.16576799e-03 2.18862414e-03                                              "" 
 37 9.429588581617e+09 4.285485521234e+07 768 7235 3201 10 6 7 7 1.16531688e-03 2.18284195e-03 outputs/V1e25_D10000_G8/solution/solution-00027 
 38 9.472539163250e+09 4.295058163370e+07 768 7235 3201 10 6 7 7 1.16224940e-03 2.17568943e-03                                              "" 
 39 9.515604997242e+09 4.306583399160e+07 768 7235 3201 10 6 7 7 1.15663021e-03 2.18069360e-03 outputs/V1e25_D10000_G8/solution/solution-00028 
 40 9.558581462645e+09 4.297646540282e+07 768 7235 3201 10 6 7 7 1.14859966e-03 2.18119387e-03                                              "" 
 41 9.601557771353e+09 4.297630870767e+07 768 7235 3201 10 6 7 7 1.13829090e-03 2.17740033e-03 outputs/V1e25_D10000_G8/solution/solution-00029 
 42 9.644618854496e+09 4.306108314338e+07 768 7235 3201  9 6 7 7 1.12584106e-03 2.16952740e-03                                              "" 
 43 9.687846262007e+09 4.322740751116e+07 768 7235 3201  9 6 7 7 1.11139003e-03 2.15779213e-03                                              "" 
 44 9.731318955484e+09 4.347269347672e+07 768 7235 3201  9 6 7 7 1.09507946e-03 2.14241272e-03 outputs/V1e25_D10000_G8/solution/solution-00030 
 45 9.775114014536e+09 4.379505905199e+07 768 7235 3201  9 6 7 7 1.07705175e-03 2.12360735e-03                                              "" 
 46 9.819307273580e+09 4.419325904390e+07 768 7235 3201  9 6 7 7 1.05744913e-03 2.10159318e-03 outputs/V1e25_D10000_G8/solution/solution-00031 
 47 9.863958933645e+09 4.465166006515e+07 768 7235 3201  9 6 7 7 1.03642003e-03 2.07659424e-03                                              "" 
 48 9.909134978551e+09 4.517604490603e+07 768 7235 3201  9 6 7 7 1.01410943e-03 2.04883127e-03 outputs/V1e25_D10000_G8/solution/solution-00032 
 49 9.954909968915e+09 4.577499036462e+07 768 7235 3201  9 6 7 7 9.90655884e-04 2.01851728e-03                                              "" 
 50 1.000135911035e+10 4.644914143595e+07 768 7235 3201  9 6 7 7 9.66194550e-04 1.98624656e-03 outputs/V1e25_D10000_G8/solution/solution-00033 
 51 1.004855868852e+10 4.719957816602e+07 768 7235 3201  9 6 7 7 9.40856773e-04 1.95199461e-03                                              "" 
 52 1.009658648502e+10 4.802779650164e+07 768 7235 3201  9 6 7 7 9.14769717e-04 1.91577955e-03                                              "" 
 53 1.014552217814e+10 4.893569312106e+07 768 7235 3201  9 6 7 7 8.88056088e-04 1.87779591e-03 outputs/V1e25_D10000_G8/solution/solution-00034 
 54 1.019544773154e+10 4.992555340085e+07 768 7235 3201  8 6 7 7 8.60833939e-04 1.83823379e-03                                              "" 
 55 1.024644777325e+10 5.100004170503e+07 768 7235 3201  8 6 7 7 8.33216527e-04 1.79727872e-03 outputs/V1e25_D10000_G8/solution/solution-00035 
 56 1.029860996646e+10 5.216219320952e+07 768 7235 3201  8 6 7 7 8.05312234e-04 1.75511161e-03                                              "" 
 57 1.035202537294e+10 5.341540648117e+07 768 7235 3201  8 6 7 7 7.77224543e-04 1.71190865e-03 outputs/V1e25_D10000_G8/solution/solution-00036 
 58 1.040678880895e+10 5.476343601445e+07 768 7235 3201  8 6 7 7 7.49052046e-04 1.66784130e-03 outputs/V1e25_D10000_G8/solution/solution-00037 
 59 1.046299919284e+10 5.621038388905e+07 768 7235 3201  8 6 7 7 7.20888488e-04 1.62307619e-03                                              "" 
 60 1.052075988249e+10 5.776068964990e+07 768 7235 3201  8 6 7 7 6.92822841e-04 1.57809830e-03 outputs/V1e25_D10000_G8/solution/solution-00038 
 61 1.058017899992e+10 5.941911742948e+07 768 7235 3201  8 6 7 7 6.64939388e-04 1.53290348e-03                                              "" 
 62 1.064136973915e+10 6.119073923180e+07 768 7235 3201  8 6 7 7 6.37317822e-04 1.48747017e-03 outputs/V1e25_D10000_G8/solution/solution-00039 
 63 1.070445065233e+10 6.308091318162e+07 768 7235 3201  8 6 7 7 6.10033351e-04 1.44194605e-03 outputs/V1e25_D10000_G8/solution/solution-00040 
 64 1.076954590775e+10 6.509525541446e+07 768 7235 3201  8 6 7 7 5.83156790e-04 1.39647335e-03                                              "" 
 65 1.083674367174e+10 6.719776398884e+07 768 7235 3201  8 6 7 7 5.56770614e-04 1.35121614e-03 outputs/V1e25_D10000_G8/solution/solution-00041 
 66 1.090617026087e+10 6.942658913633e+07 768 7235 3201  8 6 7 7 5.30937993e-04 1.30630770e-03 outputs/V1e25_D10000_G8/solution/solution-00042 
 67 1.097795979827e+10 7.178953740174e+07 768 7235 3201  8 6 7 7 5.05716538e-04 1.26187278e-03                                              "" 
 68 1.105225130272e+10 7.429150444772e+07 768 7235 3201  8 6 7 7 4.81159520e-04 1.21802938e-03 outputs/V1e25_D10000_G8/solution/solution-00043 
 69 1.112918851618e+10 7.693721345564e+07 768 7235 3201  8 6 7 7 4.57315855e-04 1.17488849e-03 outputs/V1e25_D10000_G8/solution/solution-00044 
 70 1.120891962735e+10 7.973111117642e+07 768 7235 3201  8 6 7 7 4.34230078e-04 1.13304858e-03 outputs/V1e25_D10000_G8/solution/solution-00045 
 71 1.129159687649e+10 8.267724913436e+07 768 7235 3201  8 6 7 7 4.11942281e-04 1.09255420e-03                                              "" 
 72 1.137737602633e+10 8.577914983754e+07 768 7235 3201  8 6 7 7 3.90488023e-04 1.05303250e-03 outputs/V1e25_D10000_G8/solution/solution-00046 
 73 1.146641568461e+10 8.903965828841e+07 768 7235 3201  8 6 7 7 3.69898217e-04 1.01456271e-03 outputs/V1e25_D10000_G8/solution/solution-00047 
 74 1.155887646435e+10 9.246077973675e+07 768 7235 3201  8 6 7 7 3.50199000e-04 9.77215833e-04 outputs/V1e25_D10000_G8/solution/solution-00048 
 75 1.165491996979e+10 9.604350543789e+07 768 7235 3201  8 6 7 7 3.31411587e-04 9.41054493e-04 outputs/V1e25_D10000_G8/solution/solution-00049 
 76 1.175461183362e+10 9.969186383362e+07 768 7235 3201  8 6 7 7 3.13568432e-04 9.06165142e-04 outputs/V1e25_D10000_G8/solution/solution-00050 
 77 1.185807075463e+10 1.034589210061e+08 768 7235 3201  8 6 7 7 2.96682417e-04 8.73216056e-04 outputs/V1e25_D10000_G8/solution/solution-00051 
 78 1.196543250020e+10 1.073617455690e+08 768 7235 3201  8 6 7 7 2.80756425e-04 8.41608646e-04 outputs/V1e25_D10000_G8/solution/solution-00052 
 79 1.207682631783e+10 1.113938176313e+08 768 7235 3201  8 6 7 7 2.65787793e-04 8.11358972e-04 outputs/V1e25_D10000_G8/solution/solution-00053 
 80 1.219237320054e+10 1.155468827113e+08 768 7235 3201  8 6 7 7 2.51768341e-04 7.82483165e-04 outputs/V1e25_D10000_G8/solution/solution-00054 
 81 1.231218408484e+10 1.198108842953e+08 768 7235 3201  8 6 7 7 2.38684489e-04 7.55353203e-04 outputs/V1e25_D10000_G8/solution/solution-00055 
 82 1.243635801587e+10 1.241739310306e+08 768 7235 3201  8 6 7 7 2.26517459e-04 7.29807226e-04 outputs/V1e25_D10000_G8/solution/solution-00056 
 83 1.256498032075e+10 1.286223048863e+08 768 7235 3201  8 5 6 6 2.15243577e-04 7.05604790e-04 outputs/V1e25_D10000_G8/solution/solution-00057 
 84 1.269801141769e+10 1.330310969376e+08 768 7235 3201  8 5 6 6 2.04842706e-04 6.82750580e-04 outputs/V1e25_D10000_G8/solution/solution-00058 
 85 1.283541085526e+10 1.373994375689e+08 768 7235 3201  8 5 6 6 1.95286022e-04 6.61234609e-04 outputs/V1e25_D10000_G8/solution/solution-00059 
 86 1.297719422340e+10 1.417833681394e+08 768 7235 3201  8 5 6 6 1.86534699e-04 6.41027236e-04 outputs/V1e25_D10000_G8/solution/solution-00060 
 87 1.312335852311e+10 1.461642997068e+08 768 7235 3201  8 5 6 6 1.78547438e-04 6.22094390e-04 outputs/V1e25_D10000_G8/solution/solution-00061 
 88 1.327388163024e+10 1.505231071302e+08 768 7235 3201  8 5 6 6 1.71281170e-04 6.04855074e-04 outputs/V1e25_D10000_G8/solution/solution-00062 
 89 1.342872204282e+10 1.548404125869e+08 768 7235 3201  8 5 6 6 1.64691785e-04 5.88986506e-04 outputs/V1e25_D10000_G8/solution/solution-00063 
 90 1.358781892435e+10 1.590968815272e+08 768 7235 3201  8 5 6 6 1.58734833e-04 5.74212837e-04 outputs/V1e25_D10000_G8/solution/solution-00064 
 91 1.375109244808e+10 1.632735237314e+08 768 7235 3201  8 5 6 6 1.53366173e-04 5.60490568e-04 outputs/V1e25_D10000_G8/solution/solution-00065 
 92 1.391844443943e+10 1.673519913472e+08 768 7235 3201  8 5 6 6 1.48542556e-04 5.47775047e-04 outputs/V1e25_D10000_G8/solution/solution-00066 
 93 1.408975930518e+10 1.713148657547e+08 768 7235 3201  9 5 6 6 1.44222116e-04 5.36020933e-04 outputs/V1e25_D10000_G8/solution/solution-00067 
 94 1.426490523066e+10 1.751459254767e+08 768 7235 3201  9 5 6 6 1.40364764e-04 5.25182587e-04 outputs/V1e25_D10000_G8/solution/solution-00068 
 95 1.444373561863e+10 1.788303879734e+08 768 7235 3201  9 5 6 6 1.36932482e-04 5.15214415e-04 outputs/V1e25_D10000_G8/solution/solution-00069 
 96 1.462595337711e+10 1.822177584727e+08 768 7235 3201  9 5 6 6 1.33891650e-04 5.06077682e-04 outputs/V1e25_D10000_G8/solution/solution-00070 
 97 1.481139334332e+10 1.854399662136e+08 768 7235 3201  9 5 6 6 1.31207970e-04 4.97725425e-04 outputs/V1e25_D10000_G8/solution/solution-00071 
 98 1.499988515348e+10 1.884918101617e+08 768 7235 3201  9 5 6 6 1.28849759e-04 4.90111720e-04 outputs/V1e25_D10000_G8/solution/solution-00072 
 99 1.519125312749e+10 1.913679740057e+08 768 7235 3201  9 5 6 6 1.26787924e-04 4.83191920e-04 outputs/V1e25_D10000_G8/solution/solution-00073 
100 1.538531805293e+10 1.940649254401e+08 768 7235 3201  9 5 6 6 1.24995849e-04 4.76922743e-04 outputs/V1e25_D10000_G8/solution/solution-00074 
