# 1: Time step number
# 2: Time (years)
# 3: Time step size (years)
# 4: Number of mesh cells
# 5: Number of Stokes degrees of freedom
# 6: Number of temperature degrees of freedom
# 7: Iterations for temperature solver
# 8: Iterations for Stokes solver
# 9: Velocity iterations in Stokes preconditioner
# 10: Schur complement iterations in Stokes preconditioner
# 11: RMS velocity (m/year)
# 12: Max. velocity (m/year)
# 13: Visualization file name
  0 0.000000000000e+00 0.000000000000e+00 768 7235 3201  0 8 9 9 3.95887438e-07 6.67915179e-07 outputs/V1e25_D1000_G6/solution/solution-00000 
  1 1.392571516413e+09 1.392571516413e+09 768 7235 3201 21 7 8 8 4.49664364e-07 7.58644071e-07 outputs/V1e25_D1000_G6/solution/solution-00001 
  2 2.785143032825e+09 1.392571516413e+09 768 7235 3201 16 6 7 7 5.15225630e-07 8.69254729e-07 outputs/V1e25_D1000_G6/solution/solution-00002 
  3 4.177714549238e+09 1.392571516413e+09 768 7235 3201 16 6 7 7 5.92115206e-07 9.98977776e-07 outputs/V1e25_D1000_G6/solution/solution-00003 
  4 5.570286065650e+09 1.392571516413e+09 768 7235 3201 16 6 7 7 6.81172164e-07 1.14922884e-06 outputs/V1e25_D1000_G6/solution/solution-00004 
  5 6.962857582063e+09 1.392571516413e+09 768 7235 3201 16 6 7 7 7.83893981e-07 1.32253439e-06 outputs/V1e25_D1000_G6/solution/solution-00005 
  6 8.355429098476e+09 1.392571516413e+09 768 7235 3201 16 6 7 7 9.02211486e-07 1.52215198e-06 outputs/V1e25_D1000_G6/solution/solution-00006 
  7 9.748000614888e+09 1.392571516413e+09 768 7235 3201 16 6 7 7 1.03842778e-06 1.75196729e-06 outputs/V1e25_D1000_G6/solution/solution-00007 
  8 1.114057213130e+10 1.392571516413e+09 768 7235 3201 16 6 7 7 1.19522510e-06 2.01650562e-06 outputs/V1e25_D1000_G6/solution/solution-00008 
  9 1.253314364771e+10 1.392571516413e+09 768 7235 3201 16 6 7 7 1.37570271e-06 2.32099592e-06 outputs/V1e25_D1000_G6/solution/solution-00009 
 10 1.392571516413e+10 1.392571516413e+09 768 7235 3201 17 6 7 7 1.58343233e-06 2.67146419e-06 outputs/V1e25_D1000_G6/solution/solution-00010 
 11 1.531828668054e+10 1.392571516413e+09 768 7235 3201 17 6 7 7 1.82252628e-06 3.07484859e-06 outputs/V1e25_D1000_G6/solution/solution-00011 
 12 1.671085819695e+10 1.392571516413e+09 768 7235 3201 17 6 7 7 2.09771771e-06 3.53913472e-06 outputs/V1e25_D1000_G6/solution/solution-00012 
 13 1.810342971336e+10 1.392571516413e+09 768 7235 3201 17 6 7 7 2.41445342e-06 4.07351231e-06 outputs/V1e25_D1000_G6/solution/solution-00013 
 14 1.949600122978e+10 1.392571516413e+09 768 7235 3201 17 6 7 7 2.77900074e-06 4.68855553e-06 outputs/V1e25_D1000_G6/solution/solution-00014 
 15 2.088857274619e+10 1.392571516413e+09 768 7235 3201 17 6 7 7 3.19857026e-06 5.39643017e-06 outputs/V1e25_D1000_G6/solution/solution-00015 
 16 2.228114426260e+10 1.392571516413e+09 768 7235 3201 17 6 7 7 3.68145659e-06 6.21113117e-06 outputs/V1e25_D1000_G6/solution/solution-00016 
 17 2.367371577901e+10 1.392571516413e+09 768 7235 3201 18 6 7 7 4.23719950e-06 7.14875467e-06 outputs/V1e25_D1000_G6/solution/solution-00017 
 18 2.506628729543e+10 1.392571516413e+09 768 7235 3201 18 6 7 7 4.87676806e-06 8.22780887e-06 outputs/V1e25_D1000_G6/solution/solution-00018 
 19 2.645885881184e+10 1.392571516413e+09 768 7235 3201 18 6 7 7 5.61277054e-06 9.46956859e-06 outputs/V1e25_D1000_G6/solution/solution-00019 
 20 2.785143032825e+10 1.392571516413e+09 768 7235 3201 18 6 7 7 6.45969300e-06 1.08984782e-05 outputs/V1e25_D1000_G6/solution/solution-00020 
 21 2.924400184466e+10 1.392571516413e+09 768 7235 3201 18 6 7 7 7.43416911e-06 1.25426078e-05 outputs/V1e25_D1000_G6/solution/solution-00021 
 22 3.063657336108e+10 1.392571516413e+09 768 7235 3201 18 6 7 7 8.55528360e-06 1.44341662e-05 outputs/V1e25_D1000_G6/solution/solution-00022 
 23 3.202914487749e+10 1.392571516413e+09 768 7235 3201 18 6 7 7 9.84491063e-06 1.66100738e-05 outputs/V1e25_D1000_G6/solution/solution-00023 
 24 3.342171639390e+10 1.392571516413e+09 768 7235 3201 19 6 7 7 1.13280869e-05 1.91125948e-05 outputs/V1e25_D1000_G6/solution/solution-00024 
 25 3.481428791032e+10 1.392571516413e+09 768 7235 3201 19 6 7 7 1.30334156e-05 2.19900231e-05 outputs/V1e25_D1000_G6/solution/solution-00025 
 26 3.620685942673e+10 1.392571516413e+09 768 7235 3201 19 6 7 7 1.49934946e-05 2.52974103e-05 outputs/V1e25_D1000_G6/solution/solution-00026 
 27 3.759943094314e+10 1.392571516413e+09 768 7235 3201 19 6 7 7 1.72453506e-05 2.90973086e-05 outputs/V1e25_D1000_G6/solution/solution-00027 
 28 3.899200245955e+10 1.392571516413e+09 768 7235 3201 19 6 7 7 1.98308545e-05 3.34604848e-05 outputs/V1e25_D1000_G6/solution/solution-00028 
 29 4.038457397597e+10 1.392571516413e+09 768 7235 3201 19 6 7 7 2.27970701e-05 3.84665292e-05 outputs/V1e25_D1000_G6/solution/solution-00029 
 30 4.177714549238e+10 1.392571516413e+09 768 7235 3201 20 6 7 7 2.61964649e-05 4.42042408e-05 outputs/V1e25_D1000_G6/solution/solution-00030 
 31 4.316971700879e+10 1.392571516413e+09 768 7235 3201 20 6 7 7 3.00868708e-05 5.07716032e-05 outputs/V1e25_D1000_G6/solution/solution-00031 
 32 4.456228852520e+10 1.392571516413e+09 768 7235 3201 20 6 7 7 3.45310283e-05 5.82750733e-05 outputs/V1e25_D1000_G6/solution/solution-00032 
 33 4.595486004162e+10 1.392571516413e+09 768 7235 3201 20 6 7 7 3.95954725e-05 6.68277793e-05 outputs/V1e25_D1000_G6/solution/solution-00033 
 34 4.734743155803e+10 1.392571516413e+09 768 7235 3201 21 6 7 7 4.53484240e-05 7.65460572e-05 outputs/V1e25_D1000_G6/solution/solution-00034 
 35 4.857218438529e+10 1.224752827260e+09 768 7235 3201 20 6 7 7 5.10415028e-05 8.61664634e-05 outputs/V1e25_D1000_G6/solution/solution-00035 
 36 4.966019468825e+10 1.088010302961e+09 768 7235 3201 18 6 7 7 5.66393092e-05 9.56293272e-05 outputs/V1e25_D1000_G6/solution/solution-00036 
 37 5.064054248264e+10 9.803477943880e+08 768 7235 3201 17 6 7 7 6.21421444e-05 1.04935235e-04 outputs/V1e25_D1000_G6/solution/solution-00037 
 38 5.153395069159e+10 8.934082089526e+08 768 7235 3201 17 6 7 7 6.75470819e-05 1.14079255e-04 outputs/V1e25_D1000_G6/solution/solution-00038 
 39 5.235574778113e+10 8.217970895404e+08 768 7235 3201 16 6 7 7 7.28502958e-05 1.23054867e-04 outputs/V1e25_D1000_G6/solution/solution-00039 
 40 5.311760305787e+10 7.618552767415e+08 768 7235 3201 15 6 7 7 7.80477593e-05 1.31855135e-04 outputs/V1e25_D1000_G6/solution/solution-00040 
 41 5.382861063347e+10 7.110075755948e+08 768 7235 3201 15 6 7 7 8.31354703e-05 1.40473090e-04 outputs/V1e25_D1000_G6/solution/solution-00041 
 42 5.449599824309e+10 6.673876096227e+08 768 7235 3201 14 6 7 7 8.81095372e-05 1.48901879e-04 outputs/V1e25_D1000_G6/solution/solution-00042 
 43 5.512560749177e+10 6.296092486841e+08 768 7235 3201 14 6 7 7 9.29662244e-05 1.57134839e-04 outputs/V1e25_D1000_G6/solution/solution-00043 
 44 5.572222884366e+10 5.966213518871e+08 768 7235 3201 13 6 7 7 9.77019829e-05 1.65165558e-04 outputs/V1e25_D1000_G6/solution/solution-00044 
 45 5.628984113138e+10 5.676122877192e+08 768 7235 3201 13 6 7 7 1.02313475e-04 1.72987915e-04 outputs/V1e25_D1000_G6/solution/solution-00045 
 46 5.683178650294e+10 5.419453715629e+08 768 7235 3201 13 6 7 7 1.06797593e-04 1.80596124e-04 outputs/V1e25_D1000_G6/solution/solution-00046 
 47 5.735090063323e+10 5.191141302880e+08 768 7235 3201 12 6 7 7 1.11151478e-04 1.87984762e-04 outputs/V1e25_D1000_G6/solution/solution-00047 
 48 5.784961126694e+10 4.987106337132e+08 768 7235 3201 12 6 7 7 1.15372527e-04 1.95148800e-04 outputs/V1e25_D1000_G6/solution/solution-00048 
 49 5.833001391259e+10 4.804026456486e+08 768 7235 3201 12 5 6 6 1.19458410e-04 2.02083626e-04 outputs/V1e25_D1000_G6/solution/solution-00049 
 50 5.879393076764e+10 4.639168550511e+08 768 7235 3201 12 5 6 6 1.23407071e-04 2.08785061e-04 outputs/V1e25_D1000_G6/solution/solution-00050 
 51 5.924295714723e+10 4.490263795851e+08 768 7235 3201 11 5 6 6 1.27216735e-04 2.15249381e-04 outputs/V1e25_D1000_G6/solution/solution-00051 
 52 5.967849846857e+10 4.355413213391e+08 768 7235 3201 11 5 6 6 1.30885908e-04 2.21473326e-04 outputs/V1e25_D1000_G6/solution/solution-00052 
 53 6.010180000870e+10 4.233015401313e+08 768 7235 3201 11 5 6 6 1.34413382e-04 2.27454107e-04 outputs/V1e25_D1000_G6/solution/solution-00053 
 54 6.051397106666e+10 4.121710579559e+08 768 7235 3201 11 5 6 6 1.37798230e-04 2.33189418e-04 outputs/V1e25_D1000_G6/solution/solution-00054 
 55 6.091600474733e+10 4.020336806691e+08 768 7235 3201 11 5 6 6 1.41039804e-04 2.38677436e-04 outputs/V1e25_D1000_G6/solution/solution-00055 
 56 6.130879428564e+10 3.927895383184e+08 768 7235 3201 11 5 6 6 1.44137732e-04 2.43916827e-04 outputs/V1e25_D1000_G6/solution/solution-00056 
 57 6.169314661214e+10 3.843523264997e+08 768 7235 3201 11 5 6 6 1.47091915e-04 2.48906743e-04 outputs/V1e25_D1000_G6/solution/solution-00057 
 58 6.206979370027e+10 3.766470881267e+08 768 7235 3201 10 5 6 6 1.49902518e-04 2.53646822e-04 outputs/V1e25_D1000_G6/solution/solution-00058 
 59 6.243940211600e+10 3.696084157329e+08 768 7235 3201 10 5 6 6 1.52569963e-04 2.58137183e-04 outputs/V1e25_D1000_G6/solution/solution-00059 
 60 6.280258109989e+10 3.631789838873e+08 768 7235 3201 10 5 6 6 1.55094928e-04 2.62388650e-04 outputs/V1e25_D1000_G6/solution/solution-00060 
 61 6.315988944275e+10 3.573083428640e+08 768 7235 3201 10 5 6 6 1.57478330e-04 2.66394373e-04 outputs/V1e25_D1000_G6/solution/solution-00061 
 62 6.351184136340e+10 3.519519206448e+08 768 7235 3201 10 5 6 6 1.59721325e-04 2.70154106e-04 outputs/V1e25_D1000_G6/solution/solution-00062 
 63 6.385891155564e+10 3.470701922405e+08 768 7235 3201 10 5 6 6 1.61825295e-04 2.73669766e-04 outputs/V1e25_D1000_G6/solution/solution-00063 
 64 6.420153953992e+10 3.426279842826e+08 768 7235 3201 10 5 6 6 1.63791839e-04 2.76943704e-04 outputs/V1e25_D1000_G6/solution/solution-00064 
 65 6.454013342959e+10 3.385938896640e+08 768 7235 3201 10 5 6 6 1.65622766e-04 2.79978699e-04 outputs/V1e25_D1000_G6/solution/solution-00065 
 66 6.487507320181e+10 3.349397722274e+08 768 7235 3201 10 5 6 6 1.67320083e-04 2.82777940e-04 outputs/V1e25_D1000_G6/solution/solution-00066 
 67 6.520671354736e+10 3.316403455496e+08 768 7235 3201 10 5 6 6 1.68885987e-04 2.85345013e-04 outputs/V1e25_D1000_G6/solution/solution-00067 
 68 6.553538636038e+10 3.286728130148e+08 768 7235 3201 10 5 6 6 1.70322854e-04 2.87683890e-04 outputs/V1e25_D1000_G6/solution/solution-00068 
 69 6.586140291921e+10 3.260165588294e+08 768 7235 3201 10 5 6 6 1.71633232e-04 2.89798906e-04 outputs/V1e25_D1000_G6/solution/solution-00069 
 70 6.618505580078e+10 3.236528815735e+08 768 7235 3201 10 5 6 6 1.72819828e-04 2.91694747e-04 outputs/V1e25_D1000_G6/solution/solution-00070 
 71 6.650660544406e+10 3.215496432826e+08 768 7235 3201 10 5 6 6 1.73885453e-04 2.93376357e-04 outputs/V1e25_D1000_G6/solution/solution-00071 
 72 6.682629818562e+10 3.196927415569e+08 768 7235 3201 10 5 6 6 1.74833081e-04 2.94849034e-04 outputs/V1e25_D1000_G6/solution/solution-00072 
 73 6.714438055429e+10 3.180823686720e+08 768 7235 3201 10 5 6 6 1.75665874e-04 2.96118456e-04 outputs/V1e25_D1000_G6/solution/solution-00073 
 74 6.746108595464e+10 3.167054003512e+08 768 7235 3201 10 5 6 6 1.76387112e-04 2.97190573e-04 outputs/V1e25_D1000_G6/solution/solution-00074 
 75 6.777663569423e+10 3.155497395856e+08 768 7235 3201 10 5 6 6 1.77000184e-04 2.98071580e-04 outputs/V1e25_D1000_G6/solution/solution-00075 
 76 6.809123989032e+10 3.146041960950e+08 768 7235 3201 10 5 6 6 1.77508582e-04 2.98767903e-04 outputs/V1e25_D1000_G6/solution/solution-00076 
 77 6.840509826969e+10 3.138583793703e+08 768 7235 3201 10 5 6 6 1.77915884e-04 2.99286173e-04 outputs/V1e25_D1000_G6/solution/solution-00077 
 78 6.871840087313e+10 3.133026034383e+08 768 7235 3201 10 5 6 6 1.78225753e-04 2.99633206e-04 outputs/V1e25_D1000_G6/solution/solution-00078 
 79 6.903132867491e+10 3.129278017727e+08 768 7235 3201 10 5 6 6 1.78441922e-04 2.99815981e-04 outputs/V1e25_D1000_G6/solution/solution-00079 
 80 6.934405412592e+10 3.127254510179e+08 768 7235 3201 10 5 6 6 1.78568190e-04 2.99841619e-04 outputs/V1e25_D1000_G6/solution/solution-00080 
 81 6.965674162833e+10 3.126875024020e+08 768 7235 3201 10 5 6 6 1.78608407e-04 2.99717361e-04 outputs/V1e25_D1000_G6/solution/solution-00081 
 82 6.996954794822e+10 3.128063198928e+08 768 7235 3201 10 5 6 6 1.78566472e-04 2.99450548e-04 outputs/V1e25_D1000_G6/solution/solution-00082 
 83 7.028262257252e+10 3.130746242980e+08 768 7235 3201 10 5 6 6 1.78446317e-04 2.99048598e-04 outputs/V1e25_D1000_G6/solution/solution-00083 
 84 7.059610801516e+10 3.134854426425e+08 768 7235 3201 10 5 6 6 1.78251908e-04 2.98518986e-04 outputs/V1e25_D1000_G6/solution/solution-00084 
 85 7.091014007742e+10 3.140320622616e+08 768 7235 3201 10 5 6 6 1.77987227e-04 2.97869224e-04 outputs/V1e25_D1000_G6/solution/solution-00085 
 86 7.122484806657e+10 3.147079891460e+08 768 7235 3201 10 5 6 6 1.77656272e-04 2.97106840e-04 outputs/V1e25_D1000_G6/solution/solution-00086 
 87 7.154035497672e+10 3.155069101540e+08 768 7235 3201 10 5 6 6 1.77263042e-04 2.96239361e-04 outputs/V1e25_D1000_G6/solution/solution-00087 
 88 7.185677763550e+10 3.164226587769e+08 768 7235 3201 10 5 6 6 1.76811536e-04 2.95274289e-04 outputs/V1e25_D1000_G6/solution/solution-00088 
 89 7.217422681970e+10 3.174491842065e+08 768 7235 3201 10 5 6 6 1.76305740e-04 2.94219090e-04 outputs/V1e25_D1000_G6/solution/solution-00089 
 90 7.249280734321e+10 3.185805235029e+08 768 7235 3201 10 5 6 6 1.75749620e-04 2.93081167e-04 outputs/V1e25_D1000_G6/solution/solution-00090 
 91 7.281261811992e+10 3.198107767096e+08 768 7235 3201 10 5 6 6 1.75147117e-04 2.91867852e-04 outputs/V1e25_D1000_G6/solution/solution-00091 
 92 7.313375220472e+10 3.211340848014e+08 768 7235 3201 10 5 6 6 1.74502138e-04 2.90586383e-04 outputs/V1e25_D1000_G6/solution/solution-00092 
 93 7.345629681510e+10 3.225446103809e+08 768 7235 3201 10 5 6 6 1.73818549e-04 2.89243889e-04 outputs/V1e25_D1000_G6/solution/solution-00093 
 94 7.378033333617e+10 3.240365210722e+08 768 7235 3201 10 5 6 6 1.73100165e-04 2.87847379e-04 outputs/V1e25_D1000_G6/solution/solution-00094 
 95 7.410593731175e+10 3.256039755755e+08 768 7235 3201 10 5 6 6 1.72350750e-04 2.86403722e-04 outputs/V1e25_D1000_G6/solution/solution-00095 
 96 7.443317842412e+10 3.272411123708e+08 768 7235 3201 10 5 6 6 1.71574000e-04 2.84919635e-04 outputs/V1e25_D1000_G6/solution/solution-00096 
 97 7.476212046518e+10 3.289420410636e+08 768 7235 3201 10 5 6 6 1.70773545e-04 2.83401674e-04 outputs/V1e25_D1000_G6/solution/solution-00097 
 98 7.509282130156e+10 3.307008363766e+08 768 7235 3201 10 5 6 6 1.69952938e-04 2.81856215e-04 outputs/V1e25_D1000_G6/solution/solution-00098 
 99 7.542533283635e+10 3.325115347916e+08 768 7235 3201 10 5 6 6 1.69115648e-04 2.80289447e-04 outputs/V1e25_D1000_G6/solution/solution-00099 
100 7.575970097019e+10 3.343681338411e+08 768 7235 3201 10 5 6 6 1.68265056e-04 2.78708418e-04 outputs/V1e25_D1000_G6/solution/solution-00100 
