# 1: Time step number
# 2: Time (years)
# 3: Time step size (years)
# 4: Number of mesh cells
# 5: Number of Stokes degrees of freedom
# 6: Number of temperature degrees of freedom
# 7: Iterations for temperature solver
# 8: Iterations for Stokes solver
# 9: Velocity iterations in Stokes preconditioner
# 10: Schur complement iterations in Stokes preconditioner
# 11: RMS velocity (m/year)
# 12: Max. velocity (m/year)
# 13: Visualization file name
  0 0.000000000000e+00 0.000000000000e+00 768 7235 3201  0 8 9 9 7.95162697e-08 1.41467406e-07 outputs/V1e26_D10_G12/solution/solution-00000 
  1 1.392571516413e+09 1.392571516413e+09 768 7235 3201 32 8 9 9 7.56063291e-08 1.28014483e-07 outputs/V1e26_D10_G12/solution/solution-00001 
  2 2.785143032825e+09 1.392571516413e+09 768 7235 3201 25 8 9 9 7.22142730e-08 1.22485336e-07 outputs/V1e26_D10_G12/solution/solution-00002 
  3 4.177714549238e+09 1.392571516413e+09 768 7235 3201 24 8 9 9 6.92692801e-08 1.17921547e-07 outputs/V1e26_D10_G12/solution/solution-00003 
  4 5.570286065650e+09 1.392571516413e+09 768 7235 3201 23 8 9 9 6.66850535e-08 1.13946597e-07 outputs/V1e26_D10_G12/solution/solution-00004 
  5 6.962857582063e+09 1.392571516413e+09 768 7235 3201 23 8 9 9 6.44107885e-08 1.10448286e-07 outputs/V1e26_D10_G12/solution/solution-00005 
  6 8.355429098476e+09 1.392571516413e+09 768 7235 3201 22 8 9 9 6.23960509e-08 1.07330585e-07 outputs/V1e26_D10_G12/solution/solution-00006 
  7 9.748000614888e+09 1.392571516413e+09 768 7235 3201 21 8 9 9 6.05972441e-08 1.04518259e-07 outputs/V1e26_D10_G12/solution/solution-00007 
  8 1.114057213130e+10 1.392571516413e+09 768 7235 3201 21 8 9 9 5.89780254e-08 1.01953614e-07 outputs/V1e26_D10_G12/solution/solution-00008 
  9 1.253314364771e+10 1.392571516413e+09 768 7235 3201 21 8 9 9 5.75085257e-08 9.95923308e-08 outputs/V1e26_D10_G12/solution/solution-00009 
 10 1.392571516413e+10 1.392571516413e+09 768 7235 3201 20 8 9 9 5.61643082e-08 9.74000254e-08 outputs/V1e26_D10_G12/solution/solution-00010 
 11 1.531828668054e+10 1.392571516413e+09 768 7235 3201 20 8 9 9 5.49253814e-08 9.53496980e-08 outputs/V1e26_D10_G12/solution/solution-00011 
 12 1.671085819695e+10 1.392571516413e+09 768 7235 3201 20 8 9 9 5.37753596e-08 9.34198953e-08 outputs/V1e26_D10_G12/solution/solution-00012 
 13 1.810342971336e+10 1.392571516413e+09 768 7235 3201 20 8 9 9 5.27007762e-08 9.15933869e-08 outputs/V1e26_D10_G12/solution/solution-00013 
 14 1.949600122978e+10 1.392571516413e+09 768 7235 3201 20 8 9 9 5.16905312e-08 8.98561998e-08 outputs/V1e26_D10_G12/solution/solution-00014 
 15 2.088857274619e+10 1.392571516413e+09 768 7235 3201 20 8 9 9 5.07354482e-08 8.81969057e-08 outputs/V1e26_D10_G12/solution/solution-00015 
 16 2.228114426260e+10 1.392571516413e+09 768 7235 3201 19 8 9 9 4.98279194e-08 8.66060862e-08 outputs/V1e26_D10_G12/solution/solution-00016 
 17 2.367371577901e+10 1.392571516413e+09 768 7235 3201 19 8 9 9 4.89616205e-08 8.50759262e-08 outputs/V1e26_D10_G12/solution/solution-00017 
 18 2.506628729543e+10 1.392571516413e+09 768 7235 3201 19 8 9 9 4.81312808e-08 8.35999014e-08 outputs/V1e26_D10_G12/solution/solution-00018 
 19 2.645885881184e+10 1.392571516413e+09 768 7235 3201 19 8 9 9 4.73324970e-08 8.21725336e-08 outputs/V1e26_D10_G12/solution/solution-00019 
 20 2.785143032825e+10 1.392571516413e+09 768 7235 3201 19 8 9 9 4.65615819e-08 8.07891994e-08 outputs/V1e26_D10_G12/solution/solution-00020 
 21 2.924400184466e+10 1.392571516413e+09 768 7235 3201 19 8 9 9 4.58154412e-08 7.94459774e-08 outputs/V1e26_D10_G12/solution/solution-00021 
 22 3.063657336108e+10 1.392571516413e+09 768 7235 3201 19 8 9 9 4.50914723e-08 7.81395258e-08 outputs/V1e26_D10_G12/solution/solution-00022 
 23 3.202914487749e+10 1.392571516413e+09 768 7235 3201 19 8 9 9 4.43874819e-08 7.68669840e-08 outputs/V1e26_D10_G12/solution/solution-00023 
 24 3.342171639390e+10 1.392571516413e+09 768 7235 3201 19 8 9 9 4.37016167e-08 7.56258921e-08 outputs/V1e26_D10_G12/solution/solution-00024 
 25 3.481428791032e+10 1.392571516413e+09 768 7235 3201 19 8 9 9 4.30323077e-08 7.44141256e-08 outputs/V1e26_D10_G12/solution/solution-00025 
 26 3.620685942673e+10 1.392571516413e+09 768 7235 3201 18 8 9 9 4.23782231e-08 7.32298408e-08 outputs/V1e26_D10_G12/solution/solution-00026 
 27 3.759943094314e+10 1.392571516413e+09 768 7235 3201 18 8 9 9 4.17382293e-08 7.20714311e-08 outputs/V1e26_D10_G12/solution/solution-00027 
 28 3.899200245955e+10 1.392571516413e+09 768 7235 3201 18 8 9 9 4.11113591e-08 7.09374892e-08 outputs/V1e26_D10_G12/solution/solution-00028 
 29 4.038457397597e+10 1.392571516413e+09 768 7235 3201 18 8 9 9 4.04967840e-08 6.98267771e-08 outputs/V1e26_D10_G12/solution/solution-00029 
 30 4.177714549238e+10 1.392571516413e+09 768 7235 3201 18 8 9 9 3.98937925e-08 6.87381998e-08 outputs/V1e26_D10_G12/solution/solution-00030 
 31 4.316971700879e+10 1.392571516413e+09 768 7235 3201 18 8 9 9 3.93017708e-08 6.76707842e-08 outputs/V1e26_D10_G12/solution/solution-00031 
 32 4.456228852520e+10 1.392571516413e+09 768 7235 3201 18 8 9 9 3.87201874e-08 6.66236608e-08 outputs/V1e26_D10_G12/solution/solution-00032 
 33 4.595486004162e+10 1.392571516413e+09 768 7235 3201 18 8 9 9 3.81485799e-08 6.55960489e-08 outputs/V1e26_D10_G12/solution/solution-00033 
 34 4.734743155803e+10 1.392571516413e+09 768 7235 3201 18 8 9 9 3.75865441e-08 6.45872435e-08 outputs/V1e26_D10_G12/solution/solution-00034 
 35 4.874000307444e+10 1.392571516413e+09 768 7235 3201 18 8 9 9 3.70337246e-08 6.35966048e-08 outputs/V1e26_D10_G12/solution/solution-00035 
 36 5.013257459085e+10 1.392571516413e+09 768 7235 3201 18 8 9 9 3.64898071e-08 6.26235488e-08 outputs/V1e26_D10_G12/solution/solution-00036 
 37 5.152514610727e+10 1.392571516413e+09 768 7235 3201 18 8 9 9 3.59545123e-08 6.16675398e-08 outputs/V1e26_D10_G12/solution/solution-00037 
 38 5.291771762368e+10 1.392571516413e+09 768 7235 3201 18 8 9 9 3.54275899e-08 6.07280842e-08 outputs/V1e26_D10_G12/solution/solution-00038 
 39 5.431028914009e+10 1.392571516413e+09 768 7235 3201 18 8 9 9 3.49088144e-08 5.98047242e-08 outputs/V1e26_D10_G12/solution/solution-00039 
 40 5.570286065650e+10 1.392571516413e+09 768 7235 3201 18 8 9 9 3.43979815e-08 5.88970341e-08 outputs/V1e26_D10_G12/solution/solution-00040 
 41 5.709543217292e+10 1.392571516413e+09 768 7235 3201 18 8 9 9 3.38949042e-08 5.80046154e-08 outputs/V1e26_D10_G12/solution/solution-00041 
 42 5.848800368933e+10 1.392571516413e+09 768 7235 3201 18 8 9 9 3.33994108e-08 5.71270942e-08 outputs/V1e26_D10_G12/solution/solution-00042 
 43 5.988057520574e+10 1.392571516413e+09 768 7235 3201 18 8 9 9 3.29113423e-08 5.62641175e-08 outputs/V1e26_D10_G12/solution/solution-00043 
 44 6.127314672215e+10 1.392571516413e+09 768 7235 3201 18 8 9 9 3.24305505e-08 5.54153517e-08 outputs/V1e26_D10_G12/solution/solution-00044 
 45 6.266571823857e+10 1.392571516413e+09 768 7235 3201 18 8 9 9 3.19568966e-08 5.45804797e-08 outputs/V1e26_D10_G12/solution/solution-00045 
 46 6.405828975498e+10 1.392571516413e+09 768 7235 3201 17 8 9 9 3.14902496e-08 5.37591994e-08 outputs/V1e26_D10_G12/solution/solution-00046 
 47 6.545086127139e+10 1.392571516413e+09 768 7235 3201 17 8 9 9 3.10304856e-08 5.29512224e-08 outputs/V1e26_D10_G12/solution/solution-00047 
 48 6.684343278781e+10 1.392571516413e+09 768 7235 3201 17 8 9 9 3.05774863e-08 5.21562722e-08 outputs/V1e26_D10_G12/solution/solution-00048 
 49 6.823600430422e+10 1.392571516413e+09 768 7235 3201 17 8 9 9 3.01311388e-08 5.13740832e-08 outputs/V1e26_D10_G12/solution/solution-00049 
 50 6.962857582063e+10 1.392571516413e+09 768 7235 3201 17 8 9 9 2.96913343e-08 5.06044003e-08 outputs/V1e26_D10_G12/solution/solution-00050 
 51 7.102114733704e+10 1.392571516413e+09 768 7235 3201 17 8 9 9 2.92579682e-08 4.98469769e-08 outputs/V1e26_D10_G12/solution/solution-00051 
 52 7.241371885346e+10 1.392571516413e+09 768 7235 3201 17 8 9 9 2.88309392e-08 4.91015755e-08 outputs/V1e26_D10_G12/solution/solution-00052 
 53 7.380629036987e+10 1.392571516413e+09 768 7235 3201 17 8 9 9 2.84101492e-08 4.83679659e-08 outputs/V1e26_D10_G12/solution/solution-00053 
 54 7.519886188628e+10 1.392571516413e+09 768 7235 3201 17 8 9 9 2.79955024e-08 4.76459252e-08 outputs/V1e26_D10_G12/solution/solution-00054 
 55 7.659143340269e+10 1.392571516413e+09 768 7235 3201 17 8 9 9 2.75869060e-08 4.69352375e-08 outputs/V1e26_D10_G12/solution/solution-00055 
 56 7.798400491911e+10 1.392571516413e+09 768 7235 3201 17 8 9 9 2.71842690e-08 4.62356929e-08 outputs/V1e26_D10_G12/solution/solution-00056 
 57 7.937657643552e+10 1.392571516413e+09 768 7235 3201 17 8 9 9 2.67875026e-08 4.55470874e-08 outputs/V1e26_D10_G12/solution/solution-00057 
 58 8.076914795193e+10 1.392571516413e+09 768 7235 3201 17 8 9 9 2.63965197e-08 4.48692229e-08 outputs/V1e26_D10_G12/solution/solution-00058 
 59 8.216171946834e+10 1.392571516413e+09 768 7235 3201 17 8 9 9 2.60112352e-08 4.42019061e-08 outputs/V1e26_D10_G12/solution/solution-00059 
 60 8.355429098476e+10 1.392571516413e+09 768 7235 3201 17 8 9 9 2.56315653e-08 4.35449491e-08 outputs/V1e26_D10_G12/solution/solution-00060 
 61 8.494686250117e+10 1.392571516413e+09 768 7235 3201 17 8 9 9 2.52574278e-08 4.28981684e-08 outputs/V1e26_D10_G12/solution/solution-00061 
 62 8.633943401758e+10 1.392571516413e+09 768 7235 3201 17 8 9 9 2.48887420e-08 4.22613853e-08 outputs/V1e26_D10_G12/solution/solution-00062 
 63 8.773200553399e+10 1.392571516413e+09 768 7235 3201 17 8 9 9 2.45254284e-08 4.16344253e-08 outputs/V1e26_D10_G12/solution/solution-00063 
 64 8.912457705041e+10 1.392571516413e+09 768 7235 3201 17 8 9 9 2.41674089e-08 4.10171179e-08 outputs/V1e26_D10_G12/solution/solution-00064 
 65 9.051714856682e+10 1.392571516413e+09 768 7235 3201 17 8 9 9 2.38146066e-08 4.04092967e-08 outputs/V1e26_D10_G12/solution/solution-00065 
 66 9.190972008323e+10 1.392571516413e+09 768 7235 3201 17 8 9 9 2.34669458e-08 3.98107992e-08 outputs/V1e26_D10_G12/solution/solution-00066 
 67 9.330229159964e+10 1.392571516413e+09 768 7235 3201 17 8 9 9 2.31243519e-08 3.92214664e-08 outputs/V1e26_D10_G12/solution/solution-00067 
 68 9.469486311606e+10 1.392571516413e+09 768 7235 3201 17 8 9 9 2.27867514e-08 3.86411429e-08 outputs/V1e26_D10_G12/solution/solution-00068 
 69 9.608743463247e+10 1.392571516413e+09 768 7235 3201 17 8 9 9 2.24540720e-08 3.80696766e-08 outputs/V1e26_D10_G12/solution/solution-00069 
 70 9.748000614888e+10 1.392571516413e+09 768 7235 3201 17 8 9 9 2.21262425e-08 3.75069188e-08 outputs/V1e26_D10_G12/solution/solution-00070 
 71 9.887257766530e+10 1.392571516413e+09 768 7235 3201 16 8 9 9 2.18031924e-08 3.69527241e-08 outputs/V1e26_D10_G12/solution/solution-00071 
 72 1.002651491817e+11 1.392571516413e+09 768 7235 3201 16 8 9 9 2.14848526e-08 3.64069498e-08 outputs/V1e26_D10_G12/solution/solution-00072 
 73 1.016577206981e+11 1.392571516413e+09 768 7235 3201 16 8 9 9 2.11711547e-08 3.58694565e-08 outputs/V1e26_D10_G12/solution/solution-00073 
 74 1.030502922145e+11 1.392571516413e+09 768 7235 3201 16 8 9 9 2.08620316e-08 3.53401075e-08 outputs/V1e26_D10_G12/solution/solution-00074 
 75 1.044428637309e+11 1.392571516413e+09 768 7235 3201 16 8 9 9 2.05574168e-08 3.48187689e-08 outputs/V1e26_D10_G12/solution/solution-00075 
 76 1.058354352474e+11 1.392571516413e+09 768 7235 3201 16 8 9 9 2.02572450e-08 3.43053097e-08 outputs/V1e26_D10_G12/solution/solution-00076 
 77 1.072280067638e+11 1.392571516413e+09 768 7235 3201 16 8 9 9 1.99614517e-08 3.37996013e-08 outputs/V1e26_D10_G12/solution/solution-00077 
 78 1.086205782802e+11 1.392571516413e+09 768 7235 3201 16 8 9 9 1.96699734e-08 3.33015179e-08 outputs/V1e26_D10_G12/solution/solution-00078 
 79 1.100131497966e+11 1.392571516413e+09 768 7235 3201 16 8 9 9 1.93827474e-08 3.28109358e-08 outputs/V1e26_D10_G12/solution/solution-00079 
 80 1.114057213130e+11 1.392571516413e+09 768 7235 3201 16 8 9 9 1.90997120e-08 3.23277341e-08 outputs/V1e26_D10_G12/solution/solution-00080 
 81 1.127982928294e+11 1.392571516413e+09 768 7235 3201 16 8 9 9 1.88208064e-08 3.18517941e-08 outputs/V1e26_D10_G12/solution/solution-00081 
 82 1.141908643458e+11 1.392571516413e+09 768 7235 3201 16 8 9 9 1.85459705e-08 3.13829993e-08 outputs/V1e26_D10_G12/solution/solution-00082 
 83 1.155834358622e+11 1.392571516413e+09 768 7235 3201 16 8 9 9 1.82751452e-08 3.09212355e-08 outputs/V1e26_D10_G12/solution/solution-00083 
 84 1.169760073787e+11 1.392571516413e+09 768 7235 3201 16 8 9 9 1.80082721e-08 3.04663907e-08 outputs/V1e26_D10_G12/solution/solution-00084 
 85 1.183685788951e+11 1.392571516413e+09 768 7235 3201 16 8 9 9 1.77452939e-08 3.00183549e-08 outputs/V1e26_D10_G12/solution/solution-00085 
 86 1.197611504115e+11 1.392571516413e+09 768 7235 3201 16 8 9 9 1.74861538e-08 2.95770204e-08 outputs/V1e26_D10_G12/solution/solution-00086 
 87 1.211537219279e+11 1.392571516413e+09 768 7235 3201 16 8 9 9 1.72307961e-08 2.91422811e-08 outputs/V1e26_D10_G12/solution/solution-00087 
 88 1.225462934443e+11 1.392571516413e+09 768 7235 3201 16 8 9 9 1.69791656e-08 2.87140331e-08 outputs/V1e26_D10_G12/solution/solution-00088 
 89 1.239388649607e+11 1.392571516413e+09 768 7235 3201 16 8 9 9 1.67312081e-08 2.82921745e-08 outputs/V1e26_D10_G12/solution/solution-00089 
 90 1.253314364771e+11 1.392571516413e+09 768 7235 3201 16 8 9 9 1.64868702e-08 2.78766050e-08 outputs/V1e26_D10_G12/solution/solution-00090 
 91 1.267240079935e+11 1.392571516413e+09 768 7235 3201 16 8 9 9 1.62460991e-08 2.74672262e-08 outputs/V1e26_D10_G12/solution/solution-00091 
 92 1.281165795100e+11 1.392571516413e+09 768 7235 3201 16 8 9 9 1.60088430e-08 2.70639417e-08 outputs/V1e26_D10_G12/solution/solution-00092 
 93 1.295091510264e+11 1.392571516413e+09 768 7235 3201 16 8 9 9 1.57750505e-08 2.66666564e-08 outputs/V1e26_D10_G12/solution/solution-00093 
 94 1.309017225428e+11 1.392571516413e+09 768 7235 3201 16 8 9 9 1.55446712e-08 2.62752771e-08 outputs/V1e26_D10_G12/solution/solution-00094 
 95 1.322942940592e+11 1.392571516413e+09 768 7235 3201 16 8 9 9 1.53176554e-08 2.58897125e-08 outputs/V1e26_D10_G12/solution/solution-00095 
 96 1.336868655756e+11 1.392571516413e+09 768 7235 3201 16 8 9 9 1.50939540e-08 2.55098723e-08 outputs/V1e26_D10_G12/solution/solution-00096 
 97 1.350794370920e+11 1.392571516413e+09 768 7235 3201 15 8 9 9 1.48735188e-08 2.51356684e-08 outputs/V1e26_D10_G12/solution/solution-00097 
 98 1.364720086084e+11 1.392571516413e+09 768 7235 3201 15 8 9 9 1.46563021e-08 2.47670139e-08 outputs/V1e26_D10_G12/solution/solution-00098 
 99 1.378645801248e+11 1.392571516413e+09 768 7235 3201 15 8 9 9 1.44422571e-08 2.44038233e-08 outputs/V1e26_D10_G12/solution/solution-00099 
100 1.392571516413e+11 1.392571516413e+09 768 7235 3201 15 8 9 9 1.42313373e-08 2.40460128e-08 outputs/V1e26_D10_G12/solution/solution-00100 
