# 1: Time step number
# 2: Time (years)
# 3: Time step size (years)
# 4: Number of mesh cells
# 5: Number of Stokes degrees of freedom
# 6: Number of temperature degrees of freedom
# 7: Iterations for temperature solver
# 8: Iterations for Stokes solver
# 9: Velocity iterations in Stokes preconditioner
# 10: Schur complement iterations in Stokes preconditioner
# 11: RMS velocity (m/year)
# 12: Max. velocity (m/year)
# 13: Visualization file name
  0 0.000000000000e+00 0.000000000000e+00 768 7235 3201  0 8 9 9 2.39931780e-08 4.04797078e-08 outputs/V3.3e26_D1000_G12/solution/solution-00000 
  1 1.392571516413e+09 1.392571516413e+09 768 7235 3201 19 6 7 7 2.30323387e-08 3.88586432e-08 outputs/V3.3e26_D1000_G12/solution/solution-00001 
  2 2.785143032825e+09 1.392571516413e+09 768 7235 3201 12 5 6 6 2.20902031e-08 3.72691341e-08 outputs/V3.3e26_D1000_G12/solution/solution-00002 
  3 4.177714549238e+09 1.392571516413e+09 768 7235 3201 13 5 6 6 2.11798199e-08 3.57331956e-08 outputs/V3.3e26_D1000_G12/solution/solution-00003 
  4 5.570286065650e+09 1.392571516413e+09 768 7235 3201 13 5 6 6 2.03046249e-08 3.42566243e-08 outputs/V3.3e26_D1000_G12/solution/solution-00004 
  5 6.962857582063e+09 1.392571516413e+09 768 7235 3201 13 5 6 6 1.94647941e-08 3.28397171e-08 outputs/V3.3e26_D1000_G12/solution/solution-00005 
  6 8.355429098476e+09 1.392571516413e+09 768 7235 3201 13 5 6 6 1.86594249e-08 3.14809513e-08 outputs/V3.3e26_D1000_G12/solution/solution-00006 
  7 9.748000614888e+09 1.392571516413e+09 768 7235 3201 13 5 6 6 1.78872838e-08 3.01782458e-08 outputs/V3.3e26_D1000_G12/solution/solution-00007 
  8 1.114057213130e+10 1.392571516413e+09 768 7235 3201 13 5 6 6 1.71470620e-08 2.89293924e-08 outputs/V3.3e26_D1000_G12/solution/solution-00008 
  9 1.253314364771e+10 1.392571516413e+09 768 7235 3201 13 5 6 6 1.64374614e-08 2.77322010e-08 outputs/V3.3e26_D1000_G12/solution/solution-00009 
 10 1.392571516413e+10 1.392571516413e+09 768 7235 3201 13 5 6 6 1.57572224e-08 2.65845467e-08 outputs/V3.3e26_D1000_G12/solution/solution-00010 
 11 1.531828668054e+10 1.392571516413e+09 768 7235 3201 13 5 6 6 1.51051328e-08 2.54843841e-08 outputs/V3.3e26_D1000_G12/solution/solution-00011 
 12 1.671085819695e+10 1.392571516413e+09 768 7235 3201 12 5 6 6 1.44800285e-08 2.44297493e-08 outputs/V3.3e26_D1000_G12/solution/solution-00012 
 13 1.810342971336e+10 1.392571516413e+09 768 7235 3201 12 5 6 6 1.38807931e-08 2.34187589e-08 outputs/V3.3e26_D1000_G12/solution/solution-00013 
 14 1.949600122978e+10 1.392571516413e+09 768 7235 3201 12 5 6 6 1.33063562e-08 2.24496067e-08 outputs/V3.3e26_D1000_G12/solution/solution-00014 
 15 2.088857274619e+10 1.392571516413e+09 768 7235 3201 12 5 6 6 1.27556915e-08 2.15205616e-08 outputs/V3.3e26_D1000_G12/solution/solution-00015 
 16 2.228114426260e+10 1.392571516413e+09 768 7235 3201 12 5 6 6 1.22278152e-08 2.06299636e-08 outputs/V3.3e26_D1000_G12/solution/solution-00016 
 17 2.367371577901e+10 1.392571516413e+09 768 7235 3201 12 5 6 6 1.17217844e-08 1.97762217e-08 outputs/V3.3e26_D1000_G12/solution/solution-00017 
 18 2.506628729543e+10 1.392571516413e+09 768 7235 3201 12 5 6 6 1.12366949e-08 1.89578108e-08 outputs/V3.3e26_D1000_G12/solution/solution-00018 
 19 2.645885881184e+10 1.392571516413e+09 768 7235 3201 12 5 6 6 1.07716802e-08 1.81732686e-08 outputs/V3.3e26_D1000_G12/solution/solution-00019 
 20 2.785143032825e+10 1.392571516413e+09 768 7235 3201 12 5 6 6 1.03259095e-08 1.74211936e-08 outputs/V3.3e26_D1000_G12/solution/solution-00020 
 21 2.924400184466e+10 1.392571516413e+09 768 7235 3201 12 5 6 6 9.89858634e-09 1.67002422e-08 outputs/V3.3e26_D1000_G12/solution/solution-00021 
 22 3.063657336108e+10 1.392571516413e+09 768 7235 3201 12 5 6 6 9.48894736e-09 1.60091263e-08 outputs/V3.3e26_D1000_G12/solution/solution-00022 
 23 3.202914487749e+10 1.392571516413e+09 768 7235 3201 12 5 6 6 9.09626071e-09 1.53466113e-08 outputs/V3.3e26_D1000_G12/solution/solution-00023 
 24 3.342171639390e+10 1.392571516413e+09 768 7235 3201 12 5 6 6 8.71982484e-09 1.47115135e-08 outputs/V3.3e26_D1000_G12/solution/solution-00024 
 25 3.481428791032e+10 1.392571516413e+09 768 7235 3201 12 5 6 6 8.35896724e-09 1.41026984e-08 outputs/V3.3e26_D1000_G12/solution/solution-00025 
 26 3.620685942673e+10 1.392571516413e+09 768 7235 3201 12 5 6 6 8.01304322e-09 1.35190782e-08 outputs/V3.3e26_D1000_G12/solution/solution-00026 
 27 3.759943094314e+10 1.392571516413e+09 768 7235 3201 12 5 6 6 7.68143477e-09 1.29596103e-08 outputs/V3.3e26_D1000_G12/solution/solution-00027 
 28 3.899200245955e+10 1.392571516413e+09 768 7235 3201 12 5 6 6 7.36354947e-09 1.24232952e-08 outputs/V3.3e26_D1000_G12/solution/solution-00028 
 29 4.038457397597e+10 1.392571516413e+09 768 7235 3201 12 5 6 6 7.05881941e-09 1.19091747e-08 outputs/V3.3e26_D1000_G12/solution/solution-00029 
 30 4.177714549238e+10 1.392571516413e+09 768 7235 3201 12 5 6 6 6.76670016e-09 1.14163304e-08 outputs/V3.3e26_D1000_G12/solution/solution-00030 
 31 4.316971700879e+10 1.392571516413e+09 768 7235 3201 12 5 6 6 6.48666986e-09 1.09438817e-08 outputs/V3.3e26_D1000_G12/solution/solution-00031 
 32 4.456228852520e+10 1.392571516413e+09 768 7235 3201 12 5 6 6 6.21822822e-09 1.04909846e-08 outputs/V3.3e26_D1000_G12/solution/solution-00032 
 33 4.595486004162e+10 1.392571516413e+09 768 7235 3201 12 5 6 6 5.96089565e-09 1.00568301e-08 outputs/V3.3e26_D1000_G12/solution/solution-00033 
 34 4.734743155803e+10 1.392571516413e+09 768 7235 3201 12 5 6 6 5.71421243e-09 9.64064244e-09 outputs/V3.3e26_D1000_G12/solution/solution-00034 
 35 4.874000307444e+10 1.392571516413e+09 768 7235 3201 12 5 6 6 5.47773784e-09 9.24167811e-09 outputs/V3.3e26_D1000_G12/solution/solution-00035 
 36 5.013257459085e+10 1.392571516413e+09 768 7235 3201 12 5 6 6 5.25104942e-09 8.85922435e-09 outputs/V3.3e26_D1000_G12/solution/solution-00036 
 37 5.152514610727e+10 1.392571516413e+09 768 7235 3201 11 5 6 6 5.03374218e-09 8.49259790e-09 outputs/V3.3e26_D1000_G12/solution/solution-00037 
 38 5.291771762368e+10 1.392571516413e+09 768 7235 3201 11 5 6 6 4.82542789e-09 8.14114377e-09 outputs/V3.3e26_D1000_G12/solution/solution-00038 
 39 5.431028914009e+10 1.392571516413e+09 768 7235 3201 11 5 6 6 4.62573439e-09 7.80423407e-09 outputs/V3.3e26_D1000_G12/solution/solution-00039 
 40 5.570286065650e+10 1.392571516413e+09 768 7235 3201 11 5 6 6 4.43430492e-09 7.48126690e-09 outputs/V3.3e26_D1000_G12/solution/solution-00040 
 41 5.709543217292e+10 1.392571516413e+09 768 7235 3201 11 5 6 6 4.25079749e-09 7.17166526e-09 outputs/V3.3e26_D1000_G12/solution/solution-00041 
 42 5.848800368933e+10 1.392571516413e+09 768 7235 3201 11 5 6 6 4.07488426e-09 6.87487606e-09 outputs/V3.3e26_D1000_G12/solution/solution-00042 
 43 5.988057520574e+10 1.392571516413e+09 768 7235 3201 11 5 6 6 3.90625095e-09 6.59036905e-09 outputs/V3.3e26_D1000_G12/solution/solution-00043 
 44 6.127314672215e+10 1.392571516413e+09 768 7235 3201 11 5 6 6 3.74459629e-09 6.31763596e-09 outputs/V3.3e26_D1000_G12/solution/solution-00044 
 45 6.266571823857e+10 1.392571516413e+09 768 7235 3201 11 5 6 6 3.58963147e-09 6.05618955e-09 outputs/V3.3e26_D1000_G12/solution/solution-00045 
 46 6.405828975498e+10 1.392571516413e+09 768 7235 3201 11 5 6 6 3.44107966e-09 5.80556272e-09 outputs/V3.3e26_D1000_G12/solution/solution-00046 
 47 6.545086127139e+10 1.392571516413e+09 768 7235 3201 11 5 6 6 3.29867545e-09 5.56530774e-09 outputs/V3.3e26_D1000_G12/solution/solution-00047 
 48 6.684343278781e+10 1.392571516413e+09 768 7235 3201 11 5 6 6 3.16216444e-09 5.33499536e-09 outputs/V3.3e26_D1000_G12/solution/solution-00048 
 49 6.823600430422e+10 1.392571516413e+09 768 7235 3201 11 5 6 6 3.03130274e-09 5.11421413e-09 outputs/V3.3e26_D1000_G12/solution/solution-00049 
 50 6.962857582063e+10 1.392571516413e+09 768 7235 3201 11 5 6 6 2.90585657e-09 4.90256963e-09 outputs/V3.3e26_D1000_G12/solution/solution-00050 
 51 7.102114733704e+10 1.392571516413e+09 768 7235 3201 11 5 6 6 2.78560182e-09 4.69968373e-09 outputs/V3.3e26_D1000_G12/solution/solution-00051 
 52 7.241371885346e+10 1.392571516413e+09 768 7235 3201 11 5 6 6 2.67032363e-09 4.50519398e-09 outputs/V3.3e26_D1000_G12/solution/solution-00052 
 53 7.380629036987e+10 1.392571516413e+09 768 7235 3201 11 5 6 6 2.55981607e-09 4.31875290e-09 outputs/V3.3e26_D1000_G12/solution/solution-00053 
 54 7.519886188628e+10 1.392571516413e+09 768 7235 3201 11 5 6 6 2.45388171e-09 4.14002743e-09 outputs/V3.3e26_D1000_G12/solution/solution-00054 
 55 7.659143340269e+10 1.392571516413e+09 768 7235 3201 11 5 6 6 2.35233129e-09 3.96869826e-09 outputs/V3.3e26_D1000_G12/solution/solution-00055 
 56 7.798400491911e+10 1.392571516413e+09 768 7235 3201 11 5 6 6 2.25498339e-09 3.80445931e-09 outputs/V3.3e26_D1000_G12/solution/solution-00056 
 57 7.937657643552e+10 1.392571516413e+09 768 7235 3201 11 5 6 6 2.16166410e-09 3.64701715e-09 outputs/V3.3e26_D1000_G12/solution/solution-00057 
 58 8.076914795193e+10 1.392571516413e+09 768 7235 3201 11 5 6 6 2.07220669e-09 3.49609051e-09 outputs/V3.3e26_D1000_G12/solution/solution-00058 
 59 8.216171946834e+10 1.392571516413e+09 768 7235 3201 10 5 6 6 1.98645135e-09 3.35140976e-09 outputs/V3.3e26_D1000_G12/solution/solution-00059 
 60 8.355429098476e+10 1.392571516413e+09 768 7235 3201 10 5 6 6 1.90424488e-09 3.21271641e-09 outputs/V3.3e26_D1000_G12/solution/solution-00060 
 61 8.494686250117e+10 1.392571516413e+09 768 7235 3201 10 5 6 6 1.82544040e-09 3.07976269e-09 outputs/V3.3e26_D1000_G12/solution/solution-00061 
 62 8.633943401758e+10 1.392571516413e+09 768 7235 3201 10 5 6 6 1.74989713e-09 2.95231108e-09 outputs/V3.3e26_D1000_G12/solution/solution-00062 
 63 8.773200553399e+10 1.392571516413e+09 768 7235 3201 10 5 6 6 1.67748012e-09 2.83013387e-09 outputs/V3.3e26_D1000_G12/solution/solution-00063 
 64 8.912457705041e+10 1.392571516413e+09 768 7235 3201 10 5 6 6 1.60805998e-09 2.71301279e-09 outputs/V3.3e26_D1000_G12/solution/solution-00064 
 65 9.051714856682e+10 1.392571516413e+09 768 7235 3201 10 5 6 6 1.54151270e-09 2.60073859e-09 outputs/V3.3e26_D1000_G12/solution/solution-00065 
 66 9.190972008323e+10 1.392571516413e+09 768 7235 3201 10 5 6 6 1.47771938e-09 2.49311071e-09 outputs/V3.3e26_D1000_G12/solution/solution-00066 
 67 9.330229159964e+10 1.392571516413e+09 768 7235 3201 10 5 6 6 1.41656605e-09 2.38993686e-09 outputs/V3.3e26_D1000_G12/solution/solution-00067 
 68 9.469486311606e+10 1.392571516413e+09 768 7235 3201 10 5 6 6 1.35794347e-09 2.29103270e-09 outputs/V3.3e26_D1000_G12/solution/solution-00068 
 69 9.608743463247e+10 1.392571516413e+09 768 7235 3201 10 5 6 6 1.30174690e-09 2.19622156e-09 outputs/V3.3e26_D1000_G12/solution/solution-00069 
 70 9.748000614888e+10 1.392571516413e+09 768 7235 3201 10 5 6 6 1.24787595e-09 2.10533404e-09 outputs/V3.3e26_D1000_G12/solution/solution-00070 
 71 9.887257766530e+10 1.392571516413e+09 768 7235 3201 10 5 6 6 1.19623437e-09 2.01820778e-09 outputs/V3.3e26_D1000_G12/solution/solution-00071 
 72 1.002651491817e+11 1.392571516413e+09 768 7235 3201 10 5 6 6 1.14672991e-09 1.93468710e-09 outputs/V3.3e26_D1000_G12/solution/solution-00072 
 73 1.016577206981e+11 1.392571516413e+09 768 7235 3201 10 5 6 6 1.09927411e-09 1.85462282e-09 outputs/V3.3e26_D1000_G12/solution/solution-00073 
 74 1.030502922145e+11 1.392571516413e+09 768 7235 3201 10 5 6 6 1.05378221e-09 1.77787188e-09 outputs/V3.3e26_D1000_G12/solution/solution-00074 
 75 1.044428637309e+11 1.392571516413e+09 768 7235 3201 10 5 6 6 1.01017293e-09 1.70429717e-09 outputs/V3.3e26_D1000_G12/solution/solution-00075 
 76 1.058354352474e+11 1.392571516413e+09 768 7235 3201 10 5 6 6 9.68368352e-10 1.63376725e-09 outputs/V3.3e26_D1000_G12/solution/solution-00076 
 77 1.072280067638e+11 1.392571516413e+09 768 7235 3201 10 5 6 6 9.28293799e-10 1.56615610e-09 outputs/V3.3e26_D1000_G12/solution/solution-00077 
 78 1.086205782802e+11 1.392571516413e+09 768 7235 3201 10 5 6 6 8.89877675e-10 1.50134295e-09 outputs/V3.3e26_D1000_G12/solution/solution-00078 
 79 1.100131497966e+11 1.392571516413e+09 768 7235 3201 10 5 6 6 8.53051348e-10 1.43921200e-09 outputs/V3.3e26_D1000_G12/solution/solution-00079 
 80 1.114057213130e+11 1.392571516413e+09 768 7235 3201 10 5 6 6 8.17749026e-10 1.37965225e-09 outputs/V3.3e26_D1000_G12/solution/solution-00080 
 81 1.127982928294e+11 1.392571516413e+09 768 7235 3201 10 5 6 6 7.83907640e-10 1.32255729e-09 outputs/V3.3e26_D1000_G12/solution/solution-00081 
 82 1.141908643458e+11 1.392571516413e+09 768 7235 3201 10 5 6 6 7.51466733e-10 1.26782513e-09 outputs/V3.3e26_D1000_G12/solution/solution-00082 
 83 1.155834358622e+11 1.392571516413e+09 768 7235 3201 10 5 6 6 7.20368346e-10 1.21535799e-09 outputs/V3.3e26_D1000_G12/solution/solution-00083 
 84 1.169760073787e+11 1.392571516413e+09 768 7235 3201 10 5 6 6 6.90556922e-10 1.16506212e-09 outputs/V3.3e26_D1000_G12/solution/solution-00084 
 85 1.183685788951e+11 1.392571516413e+09 768 7235 3201 10 5 6 6 6.61979202e-10 1.11684767e-09 outputs/V3.3e26_D1000_G12/solution/solution-00085 
 86 1.197611504115e+11 1.392571516413e+09 768 7235 3201  9 5 6 6 6.34584132e-10 1.07062852e-09 outputs/V3.3e26_D1000_G12/solution/solution-00086 
 87 1.211537219279e+11 1.392571516413e+09 768 7235 3201  9 5 6 6 6.08322770e-10 1.02632208e-09 outputs/V3.3e26_D1000_G12/solution/solution-00087 
 88 1.225462934443e+11 1.392571516413e+09 768 7235 3201  9 5 6 6 5.83148196e-10 9.83849195e-10 outputs/V3.3e26_D1000_G12/solution/solution-00088 
 89 1.239388649607e+11 1.392571516413e+09 768 7235 3201  9 5 6 6 5.59015436e-10 9.43133994e-10 outputs/V3.3e26_D1000_G12/solution/solution-00089 
 90 1.253314364771e+11 1.392571516413e+09 768 7235 3201  9 5 6 6 5.35881377e-10 9.04103734e-10 outputs/V3.3e26_D1000_G12/solution/solution-00090 
 91 1.267240079935e+11 1.392571516413e+09 768 7235 3201  9 5 6 6 5.13704688e-10 8.66688687e-10 outputs/V3.3e26_D1000_G12/solution/solution-00091 
 92 1.281165795100e+11 1.392571516413e+09 768 7235 3201  9 5 6 6 4.92445749e-10 8.30822006e-10 outputs/V3.3e26_D1000_G12/solution/solution-00092 
 93 1.295091510264e+11 1.392571516413e+09 768 7235 3201  9 5 6 6 4.72066581e-10 7.96439619e-10 outputs/V3.3e26_D1000_G12/solution/solution-00093 
 94 1.309017225428e+11 1.392571516413e+09 768 7235 3201  9 5 6 6 4.52530777e-10 7.63480097e-10 outputs/V3.3e26_D1000_G12/solution/solution-00094 
 95 1.322942940592e+11 1.392571516413e+09 768 7235 3201  9 5 6 6 4.33803434e-10 7.31884559e-10 outputs/V3.3e26_D1000_G12/solution/solution-00095 
 96 1.336868655756e+11 1.392571516413e+09 768 7235 3201  9 5 6 6 4.15851095e-10 7.01596557e-10 outputs/V3.3e26_D1000_G12/solution/solution-00096 
 97 1.350794370920e+11 1.392571516413e+09 768 7235 3201  9 5 6 6 3.98641688e-10 6.72561980e-10 outputs/V3.3e26_D1000_G12/solution/solution-00097 
 98 1.364720086084e+11 1.392571516413e+09 768 7235 3201  9 5 6 6 3.82144469e-10 6.44728958e-10 outputs/V3.3e26_D1000_G12/solution/solution-00098 
 99 1.378645801248e+11 1.392571516413e+09 768 7235 3201  9 5 6 6 3.66329963e-10 6.18047767e-10 outputs/V3.3e26_D1000_G12/solution/solution-00099 
100 1.392571516413e+11 1.392571516413e+09 768 7235 3201  9 5 6 6 3.51169918e-10 5.92470738e-10 outputs/V3.3e26_D1000_G12/solution/solution-00100 
