# 1: Time step number
# 2: Time (years)
# 3: Time step size (years)
# 4: Number of mesh cells
# 5: Number of Stokes degrees of freedom
# 6: Number of temperature degrees of freedom
# 7: Iterations for temperature solver
# 8: Iterations for Stokes solver
# 9: Velocity iterations in Stokes preconditioner
# 10: Schur complement iterations in Stokes preconditioner
# 11: RMS velocity (m/year)
# 12: Max. velocity (m/year)
# 13: Visualization file name
  0 0.000000000000e+00 0.000000000000e+00 768 7235 3201  0 8 9 9 2.03412051e-07 4.28570040e-07 outputs/V3.3e25_D3000_G10/solution/solution-00000 
  1 1.392571516413e+09 1.392571516413e+09 768 7235 3201 32 8 9 9 2.41955845e-07 4.18452144e-07 outputs/V3.3e25_D3000_G10/solution/solution-00001 
  2 2.785143032825e+09 1.392571516413e+09 768 7235 3201 25 8 9 9 2.91586871e-07 4.97778446e-07 outputs/V3.3e25_D3000_G10/solution/solution-00002 
  3 4.177714549238e+09 1.392571516413e+09 768 7235 3201 24 8 9 9 3.47824367e-07 5.99159630e-07 outputs/V3.3e25_D3000_G10/solution/solution-00003 
  4 5.570286065650e+09 1.392571516413e+09 768 7235 3201 23 8 9 9 4.08796974e-07 7.10950150e-07 outputs/V3.3e25_D3000_G10/solution/solution-00004 
  5 6.962857582063e+09 1.392571516413e+09 768 7235 3201 23 8 9 9 4.73676247e-07 8.31543859e-07 outputs/V3.3e25_D3000_G10/solution/solution-00005 
  6 8.355429098476e+09 1.392571516413e+09 768 7235 3201 22 8 9 9 5.41891734e-07 9.59644831e-07 outputs/V3.3e25_D3000_G10/solution/solution-00006 
  7 9.748000614888e+09 1.392571516413e+09 768 7235 3201 21 8 9 9 6.13009038e-07 1.09413274e-06 outputs/V3.3e25_D3000_G10/solution/solution-00007 
  8 1.114057213130e+10 1.392571516413e+09 768 7235 3201 21 8 9 9 6.86684721e-07 1.23403359e-06 outputs/V3.3e25_D3000_G10/solution/solution-00008 
  9 1.253314364771e+10 1.392571516413e+09 768 7235 3201 21 8 9 9 7.62652039e-07 1.37852394e-06 outputs/V3.3e25_D3000_G10/solution/solution-00009 
 10 1.392571516413e+10 1.392571516413e+09 768 7235 3201 21 8 9 9 8.40715530e-07 1.52693934e-06 outputs/V3.3e25_D3000_G10/solution/solution-00010 
 11 1.531828668054e+10 1.392571516413e+09 768 7235 3201 20 8 9 9 9.20746842e-07 1.67877683e-06 outputs/V3.3e25_D3000_G10/solution/solution-00011 
 12 1.671085819695e+10 1.392571516413e+09 768 7235 3201 20 8 9 9 1.00267967e-06 1.83368956e-06 outputs/V3.3e25_D3000_G10/solution/solution-00012 
 13 1.810342971336e+10 1.392571516413e+09 768 7235 3201 20 8 9 9 1.08650365e-06 1.99147495e-06 outputs/V3.3e25_D3000_G10/solution/solution-00013 
 14 1.949600122978e+10 1.392571516413e+09 768 7235 3201 20 8 9 9 1.17225758e-06 2.15205880e-06 outputs/V3.3e25_D3000_G10/solution/solution-00014 
 15 2.088857274619e+10 1.392571516413e+09 768 7235 3201 20 8 9 9 1.26002261e-06 2.31547777e-06 outputs/V3.3e25_D3000_G10/solution/solution-00015 
 16 2.228114426260e+10 1.392571516413e+09 768 7235 3201 20 8 9 9 1.34991575e-06 2.48186193e-06 outputs/V3.3e25_D3000_G10/solution/solution-00016 
 17 2.367371577901e+10 1.392571516413e+09 768 7235 3201 20 8 9 9 1.44208397e-06 2.65141864e-06 outputs/V3.3e25_D3000_G10/solution/solution-00017 
 18 2.506628729543e+10 1.392571516413e+09 768 7235 3201 20 8 9 9 1.53669914e-06 2.82441834e-06 outputs/V3.3e25_D3000_G10/solution/solution-00018 
 19 2.645885881184e+10 1.392571516413e+09 768 7235 3201 19 8 9 9 1.63395366e-06 3.00118253e-06 outputs/V3.3e25_D3000_G10/solution/solution-00019 
 20 2.785143032825e+10 1.392571516413e+09 768 7235 3201 19 8 9 9 1.73405698e-06 3.18207385e-06 outputs/V3.3e25_D3000_G10/solution/solution-00020 
 21 2.924400184466e+10 1.392571516413e+09 768 7235 3201 19 8 9 9 1.83723281e-06 3.36748810e-06 outputs/V3.3e25_D3000_G10/solution/solution-00021 
 22 3.063657336108e+10 1.392571516413e+09 768 7235 3201 19 8 9 9 1.94371698e-06 3.55784806e-06 outputs/V3.3e25_D3000_G10/solution/solution-00022 
 23 3.202914487749e+10 1.392571516413e+09 768 7235 3201 19 8 9 9 2.05375586e-06 3.75359869e-06 outputs/V3.3e25_D3000_G10/solution/solution-00023 
 24 3.342171639390e+10 1.392571516413e+09 768 7235 3201 19 7 8 8 2.16760520e-06 3.95520365e-06 outputs/V3.3e25_D3000_G10/solution/solution-00024 
 25 3.481428791032e+10 1.392571516413e+09 768 7235 3201 19 7 8 8 2.28552946e-06 4.16314275e-06 outputs/V3.3e25_D3000_G10/solution/solution-00025 
 26 3.620685942673e+10 1.392571516413e+09 768 7235 3201 19 7 8 8 2.40780139e-06 4.37791032e-06 outputs/V3.3e25_D3000_G10/solution/solution-00026 
 27 3.759943094314e+10 1.392571516413e+09 768 7235 3201 19 7 8 8 2.53470186e-06 4.60001419e-06 outputs/V3.3e25_D3000_G10/solution/solution-00027 
 28 3.899200245955e+10 1.392571516413e+09 768 7235 3201 19 7 8 8 2.66651991e-06 4.82997523e-06 outputs/V3.3e25_D3000_G10/solution/solution-00028 
 29 4.038457397597e+10 1.392571516413e+09 768 7235 3201 19 7 8 8 2.80355304e-06 5.06832731e-06 outputs/V3.3e25_D3000_G10/solution/solution-00029 
 30 4.177714549238e+10 1.392571516413e+09 768 7235 3201 19 7 8 8 2.94610749e-06 5.31561764e-06 outputs/V3.3e25_D3000_G10/solution/solution-00030 
 31 4.316971700879e+10 1.392571516413e+09 768 7235 3201 19 7 8 8 3.09449871e-06 5.57240728e-06 outputs/V3.3e25_D3000_G10/solution/solution-00031 
 32 4.456228852520e+10 1.392571516413e+09 768 7235 3201 19 7 8 8 3.24905196e-06 5.83927202e-06 outputs/V3.3e25_D3000_G10/solution/solution-00032 
 33 4.595486004162e+10 1.392571516413e+09 768 7235 3201 18 7 8 8 3.41010281e-06 6.11680322e-06 outputs/V3.3e25_D3000_G10/solution/solution-00033 
 34 4.734743155803e+10 1.392571516413e+09 768 7235 3201 18 7 8 8 3.57799786e-06 6.40576566e-06 outputs/V3.3e25_D3000_G10/solution/solution-00034 
 35 4.874000307444e+10 1.392571516413e+09 768 7235 3201 18 7 8 8 3.75309542e-06 6.70667355e-06 outputs/V3.3e25_D3000_G10/solution/solution-00035 
 36 5.013257459085e+10 1.392571516413e+09 768 7235 3201 18 7 8 8 3.93576618e-06 7.02014287e-06 outputs/V3.3e25_D3000_G10/solution/solution-00036 
 37 5.152514610727e+10 1.392571516413e+09 768 7235 3201 18 7 8 8 4.12639397e-06 7.34683971e-06 outputs/V3.3e25_D3000_G10/solution/solution-00037 
 38 5.291771762368e+10 1.392571516413e+09 768 7235 3201 18 7 8 8 4.32537653e-06 7.68745193e-06 outputs/V3.3e25_D3000_G10/solution/solution-00038 
 39 5.431028914009e+10 1.392571516413e+09 768 7235 3201 18 7 8 8 4.53312624e-06 8.04269052e-06 outputs/V3.3e25_D3000_G10/solution/solution-00039 
 40 5.570286065650e+10 1.392571516413e+09 768 7235 3201 18 7 8 8 4.75007090e-06 8.41329098e-06 outputs/V3.3e25_D3000_G10/solution/solution-00040 
 41 5.709543217292e+10 1.392571516413e+09 768 7235 3201 18 7 8 8 4.97665453e-06 8.80001469e-06 outputs/V3.3e25_D3000_G10/solution/solution-00041 
 42 5.848800368933e+10 1.392571516413e+09 768 7235 3201 18 6 7 7 5.21333808e-06 9.20365030e-06 outputs/V3.3e25_D3000_G10/solution/solution-00042 
 43 5.988057520574e+10 1.392571516413e+09 768 7235 3201 18 6 7 7 5.46060028e-06 9.62501508e-06 outputs/V3.3e25_D3000_G10/solution/solution-00043 
 44 6.127314672215e+10 1.392571516413e+09 768 7235 3201 18 6 7 7 5.71893834e-06 1.00649563e-05 outputs/V3.3e25_D3000_G10/solution/solution-00044 
 45 6.266571823857e+10 1.392571516413e+09 768 7235 3201 18 6 7 7 5.98886876e-06 1.05243526e-05 outputs/V3.3e25_D3000_G10/solution/solution-00045 
 46 6.405828975498e+10 1.392571516413e+09 768 7235 3201 18 6 7 7 6.27092799e-06 1.10041151e-05 outputs/V3.3e25_D3000_G10/solution/solution-00046 
 47 6.545086127139e+10 1.392571516413e+09 768 7235 3201 18 6 7 7 6.56567323e-06 1.15051890e-05 outputs/V3.3e25_D3000_G10/solution/solution-00047 
 48 6.684343278781e+10 1.392571516413e+09 768 7235 3201 18 6 7 7 6.87368305e-06 1.20285543e-05 outputs/V3.3e25_D3000_G10/solution/solution-00048 
 49 6.823600430422e+10 1.392571516413e+09 768 7235 3201 18 6 7 7 7.19555810e-06 1.25752276e-05 outputs/V3.3e25_D3000_G10/solution/solution-00049 
 50 6.962857582063e+10 1.392571516413e+09 768 7235 3201 18 6 7 7 7.53192167e-06 1.31462624e-05 outputs/V3.3e25_D3000_G10/solution/solution-00050 
 51 7.102114733704e+10 1.392571516413e+09 768 7235 3201 17 6 7 7 7.88342025e-06 1.37427506e-05 outputs/V3.3e25_D3000_G10/solution/solution-00051 
 52 7.241371885346e+10 1.392571516413e+09 768 7235 3201 17 6 7 7 8.25072406e-06 1.43658232e-05 outputs/V3.3e25_D3000_G10/solution/solution-00052 
 53 7.380629036987e+10 1.392571516413e+09 768 7235 3201 17 6 7 7 8.63452739e-06 1.50166509e-05 outputs/V3.3e25_D3000_G10/solution/solution-00053 
 54 7.519886188628e+10 1.392571516413e+09 768 7235 3201 17 6 7 7 9.03554900e-06 1.56964447e-05 outputs/V3.3e25_D3000_G10/solution/solution-00054 
 55 7.659143340269e+10 1.392571516413e+09 768 7235 3201 17 6 7 7 9.45453222e-06 1.64064565e-05 outputs/V3.3e25_D3000_G10/solution/solution-00055 
 56 7.798400491911e+10 1.392571516413e+09 768 7235 3201 17 6 7 7 9.89224508e-06 1.71479785e-05 outputs/V3.3e25_D3000_G10/solution/solution-00056 
 57 7.937657643552e+10 1.392571516413e+09 768 7235 3201 17 6 7 7 1.03494802e-05 1.79223438e-05 outputs/V3.3e25_D3000_G10/solution/solution-00057 
 58 8.076914795193e+10 1.392571516413e+09 768 7235 3201 17 6 7 7 1.08270546e-05 1.87309257e-05 outputs/V3.3e25_D3000_G10/solution/solution-00058 
 59 8.216171946834e+10 1.392571516413e+09 768 7235 3201 17 6 7 7 1.13258089e-05 1.95751365e-05 outputs/V3.3e25_D3000_G10/solution/solution-00059 
 60 8.355429098476e+10 1.392571516413e+09 768 7235 3201 17 6 7 7 1.18466070e-05 2.04564266e-05 outputs/V3.3e25_D3000_G10/solution/solution-00060 
 61 8.494686250117e+10 1.392571516413e+09 768 7235 3201 17 6 7 7 1.23903347e-05 2.13762829e-05 outputs/V3.3e25_D3000_G10/solution/solution-00061 
 62 8.633943401758e+10 1.392571516413e+09 768 7235 3201 17 6 7 7 1.29578987e-05 2.23362258e-05 outputs/V3.3e25_D3000_G10/solution/solution-00062 
 63 8.773200553399e+10 1.392571516413e+09 768 7235 3201 17 6 7 7 1.35502243e-05 2.33378071e-05 outputs/V3.3e25_D3000_G10/solution/solution-00063 
 64 8.912457705041e+10 1.392571516413e+09 768 7235 3201 17 6 7 7 1.41682540e-05 2.43826057e-05 outputs/V3.3e25_D3000_G10/solution/solution-00064 
 65 9.051714856682e+10 1.392571516413e+09 768 7235 3201 17 6 7 7 1.48129441e-05 2.54722235e-05 outputs/V3.3e25_D3000_G10/solution/solution-00065 
 66 9.190972008323e+10 1.392571516413e+09 768 7235 3201 17 6 7 7 1.54852618e-05 2.66082797e-05 outputs/V3.3e25_D3000_G10/solution/solution-00066 
 67 9.330229159964e+10 1.392571516413e+09 768 7235 3201 17 6 7 7 1.61861815e-05 2.77924044e-05 outputs/V3.3e25_D3000_G10/solution/solution-00067 
 68 9.469486311606e+10 1.392571516413e+09 768 7235 3201 17 6 7 7 1.69166800e-05 2.90262312e-05 outputs/V3.3e25_D3000_G10/solution/solution-00068 
 69 9.608743463247e+10 1.392571516413e+09 768 7235 3201 17 6 7 7 1.76777314e-05 3.03113878e-05 outputs/V3.3e25_D3000_G10/solution/solution-00069 
 70 9.748000614888e+10 1.392571516413e+09 768 7235 3201 17 6 7 7 1.84703008e-05 3.16494863e-05 outputs/V3.3e25_D3000_G10/solution/solution-00070 
 71 9.887257766530e+10 1.392571516413e+09 768 7235 3201 17 6 7 7 1.92953372e-05 3.30421105e-05 outputs/V3.3e25_D3000_G10/solution/solution-00071 
 72 1.002651491817e+11 1.392571516413e+09 768 7235 3201 17 6 7 7 2.01537650e-05 3.44908025e-05 outputs/V3.3e25_D3000_G10/solution/solution-00072 
 73 1.016577206981e+11 1.392571516413e+09 768 7235 3201 17 6 7 7 2.10464754e-05 3.59970473e-05 outputs/V3.3e25_D3000_G10/solution/solution-00073 
 74 1.030502922145e+11 1.392571516413e+09 768 7235 3201 18 5 6 6 2.19743152e-05 3.75622547e-05 outputs/V3.3e25_D3000_G10/solution/solution-00074 
 75 1.044428637309e+11 1.392571516413e+09 768 7235 3201 18 5 6 6 2.29380752e-05 3.91877401e-05 outputs/V3.3e25_D3000_G10/solution/solution-00075 
 76 1.058354352474e+11 1.392571516413e+09 768 7235 3201 18 5 6 6 2.39384770e-05 4.08747015e-05 outputs/V3.3e25_D3000_G10/solution/solution-00076 
 77 1.072280067638e+11 1.392571516413e+09 768 7235 3201 18 5 6 6 2.49761579e-05 4.26241957e-05 outputs/V3.3e25_D3000_G10/solution/solution-00077 
 78 1.086205782802e+11 1.392571516413e+09 768 7235 3201 18 5 6 6 2.60516553e-05 4.44371105e-05 outputs/V3.3e25_D3000_G10/solution/solution-00078 
 79 1.100131497966e+11 1.392571516413e+09 768 7235 3201 18 5 6 6 2.71653883e-05 4.63141356e-05 outputs/V3.3e25_D3000_G10/solution/solution-00079 
 80 1.114057213130e+11 1.392571516413e+09 768 7235 3201 18 5 6 6 2.83176389e-05 4.82557300e-05 outputs/V3.3e25_D3000_G10/solution/solution-00080 
 81 1.127982928294e+11 1.392571516413e+09 768 7235 3201 18 5 6 6 2.95085309e-05 5.02620878e-05 outputs/V3.3e25_D3000_G10/solution/solution-00081 
 82 1.141908643458e+11 1.392571516413e+09 768 7235 3201 18 5 6 6 3.07380082e-05 5.23331011e-05 outputs/V3.3e25_D3000_G10/solution/solution-00082 
 83 1.155834358622e+11 1.392571516413e+09 768 7235 3201 18 5 6 6 3.20058112e-05 5.44683208e-05 outputs/V3.3e25_D3000_G10/solution/solution-00083 
 84 1.169760073787e+11 1.392571516413e+09 768 7235 3201 18 5 6 6 3.33114528e-05 5.66669169e-05 outputs/V3.3e25_D3000_G10/solution/solution-00084 
 85 1.183685788951e+11 1.392571516413e+09 768 7235 3201 18 5 6 6 3.46541933e-05 5.89276363e-05 outputs/V3.3e25_D3000_G10/solution/solution-00085 
 86 1.197611504115e+11 1.392571516413e+09 768 7235 3201 18 5 6 6 3.60330158e-05 6.12487613e-05 outputs/V3.3e25_D3000_G10/solution/solution-00086 
 87 1.211537219279e+11 1.392571516413e+09 768 7235 3201 18 5 6 6 3.74466012e-05 6.36280685e-05 outputs/V3.3e25_D3000_G10/solution/solution-00087 
 88 1.225462934443e+11 1.392571516413e+09 768 7235 3201 18 5 6 6 3.88933047e-05 6.60627885e-05 outputs/V3.3e25_D3000_G10/solution/solution-00088 
 89 1.239388649607e+11 1.392571516413e+09 768 7235 3201 18 5 6 6 4.03711341e-05 6.85495697e-05 outputs/V3.3e25_D3000_G10/solution/solution-00089 
 90 1.253067428163e+11 1.367877855561e+09 768 7235 3201 18 5 6 6 4.18508382e-05 7.10392026e-05 outputs/V3.3e25_D3000_G10/solution/solution-00090 
 91 1.266266829950e+11 1.319940178685e+09 768 7235 3201 18 5 6 6 4.33027149e-05 7.34817407e-05 outputs/V3.3e25_D3000_G10/solution/solution-00091 
 92 1.279027500919e+11 1.276067096962e+09 768 7235 3201 18 5 6 6 4.47262792e-05 7.58764003e-05 outputs/V3.3e25_D3000_G10/solution/solution-00092 
 93 1.291385471669e+11 1.235797074997e+09 768 7235 3201 17 5 6 6 4.61210430e-05 7.82223878e-05 outputs/V3.3e25_D3000_G10/solution/solution-00093 
 94 1.303372845176e+11 1.198737350712e+09 768 7235 3201 17 5 6 6 4.74865484e-05 8.05189558e-05 outputs/V3.3e25_D3000_G10/solution/solution-00094 
 95 1.315018353729e+11 1.164550855251e+09 768 7235 3201 17 5 6 6 4.88223788e-05 8.27654237e-05 outputs/V3.3e25_D3000_G10/solution/solution-00095 
 96 1.326347818057e+11 1.132946432840e+09 768 7235 3201 16 5 6 6 5.01281634e-05 8.49611836e-05 outputs/V3.3e25_D3000_G10/solution/solution-00096 
 97 1.337384529999e+11 1.103671194146e+09 768 7235 3201 16 5 6 6 5.14035780e-05 8.71057036e-05 outputs/V3.3e25_D3000_G10/solution/solution-00097 
 98 1.348149573954e+11 1.076504395483e+09 768 7235 3201 16 5 6 6 5.26483460e-05 8.91985279e-05 outputs/V3.3e25_D3000_G10/solution/solution-00098 
 99 1.358662098668e+11 1.051252471413e+09 768 7235 3201 16 5 6 6 5.38622372e-05 9.12392768e-05 outputs/V3.3e25_D3000_G10/solution/solution-00099 
100 1.368939548320e+11 1.027744965228e+09 768 7235 3201 15 5 6 6 5.50450683e-05 9.32276462e-05 outputs/V3.3e25_D3000_G10/solution/solution-00100 
