# 1: Time step number
# 2: Time (years)
# 3: Time step size (years)
# 4: Number of mesh cells
# 5: Number of Stokes degrees of freedom
# 6: Number of temperature degrees of freedom
# 7: Iterations for temperature solver
# 8: Iterations for Stokes solver
# 9: Velocity iterations in Stokes preconditioner
# 10: Schur complement iterations in Stokes preconditioner
# 11: RMS velocity (m/year)
# 12: Max. velocity (m/year)
# 13: Visualization file name
  0 0.000000000000e+00 0.000000000000e+00 768 7235 3201  0 8 9 9 2.40780535e-08 4.23378135e-08 outputs/V3.3e26_D100_G12/solution/solution-00000 
  1 1.392571516413e+09 1.392571516413e+09 768 7235 3201 32 8 9 9 2.28391456e-08 3.85396401e-08 outputs/V3.3e26_D100_G12/solution/solution-00001 
  2 2.785143032825e+09 1.392571516413e+09 768 7235 3201 25 8 9 9 2.17044738e-08 3.66697155e-08 outputs/V3.3e26_D100_G12/solution/solution-00002 
  3 4.177714549238e+09 1.392571516413e+09 768 7235 3201 24 8 9 9 2.06544736e-08 3.49328235e-08 outputs/V3.3e26_D100_G12/solution/solution-00003 
  4 5.570286065650e+09 1.392571516413e+09 768 7235 3201 23 8 9 9 1.96732590e-08 3.33091404e-08 outputs/V3.3e26_D100_G12/solution/solution-00004 
  5 6.962857582063e+09 1.392571516413e+09 768 7235 3201 23 8 9 9 1.87551623e-08 3.17872308e-08 outputs/V3.3e26_D100_G12/solution/solution-00005 
  6 8.355429098476e+09 1.392571516413e+09 768 7235 3201 22 8 9 9 1.78939368e-08 3.03559306e-08 outputs/V3.3e26_D100_G12/solution/solution-00006 
  7 9.748000614888e+09 1.392571516413e+09 768 7235 3201 21 8 9 9 1.70839251e-08 2.90056866e-08 outputs/V3.3e26_D100_G12/solution/solution-00007 
  8 1.114057213130e+10 1.392571516413e+09 768 7235 3201 21 8 9 9 1.63201900e-08 2.77285756e-08 outputs/V3.3e26_D100_G12/solution/solution-00008 
  9 1.253314364771e+10 1.392571516413e+09 768 7235 3201 21 8 9 9 1.55984778e-08 2.65180266e-08 outputs/V3.3e26_D100_G12/solution/solution-00009 
 10 1.392571516413e+10 1.392571516413e+09 768 7235 3201 20 8 9 9 1.49151317e-08 2.53685334e-08 outputs/V3.3e26_D100_G12/solution/solution-00010 
 11 1.531828668054e+10 1.392571516413e+09 768 7235 3201 20 8 9 9 1.42669987e-08 2.42754206e-08 outputs/V3.3e26_D100_G12/solution/solution-00011 
 12 1.671085819695e+10 1.392571516413e+09 768 7235 3201 20 8 9 9 1.36513462e-08 2.32346657e-08 outputs/V3.3e26_D100_G12/solution/solution-00012 
 13 1.810342971336e+10 1.392571516413e+09 768 7235 3201 20 8 9 9 1.30657906e-08 2.22427652e-08 outputs/V3.3e26_D100_G12/solution/solution-00013 
 14 1.949600122978e+10 1.392571516413e+09 768 7235 3201 20 8 9 9 1.25082392e-08 2.12966331e-08 outputs/V3.3e26_D100_G12/solution/solution-00014 
 15 2.088857274619e+10 1.392571516413e+09 768 7235 3201 20 8 9 9 1.19768424e-08 2.03935244e-08 outputs/V3.3e26_D100_G12/solution/solution-00015 
 16 2.228114426260e+10 1.392571516413e+09 768 7235 3201 19 8 9 9 1.14699541e-08 1.95309745e-08 outputs/V3.3e26_D100_G12/solution/solution-00016 
 17 2.367371577901e+10 1.392571516413e+09 768 7235 3201 19 8 9 9 1.09860999e-08 1.87067534e-08 outputs/V3.3e26_D100_G12/solution/solution-00017 
 18 2.506628729543e+10 1.392571516413e+09 768 7235 3201 19 8 9 9 1.05239509e-08 1.79188282e-08 outputs/V3.3e26_D100_G12/solution/solution-00018 
 19 2.645885881184e+10 1.392571516413e+09 768 7235 3201 19 8 9 9 1.00823019e-08 1.71653340e-08 outputs/V3.3e26_D100_G12/solution/solution-00019 
 20 2.785143032825e+10 1.392571516413e+09 768 7235 3201 19 8 9 9 9.66005358e-09 1.64445505e-08 outputs/V3.3e26_D100_G12/solution/solution-00020 
 21 2.924400184466e+10 1.392571516413e+09 768 7235 3201 19 8 9 9 9.25619805e-09 1.57548823e-08 outputs/V3.3e26_D100_G12/solution/solution-00021 
 22 3.063657336108e+10 1.392571516413e+09 768 7235 3201 19 8 9 9 8.86980647e-09 1.50948437e-08 outputs/V3.3e26_D100_G12/solution/solution-00022 
 23 3.202914487749e+10 1.392571516413e+09 768 7235 3201 19 8 9 9 8.50001901e-09 1.44630455e-08 outputs/V3.3e26_D100_G12/solution/solution-00023 
 24 3.342171639390e+10 1.392571516413e+09 768 7235 3201 19 8 9 9 8.14603641e-09 1.38581846e-08 outputs/V3.3e26_D100_G12/solution/solution-00024 
 25 3.481428791032e+10 1.392571516413e+09 768 7235 3201 18 8 9 9 7.80711291e-09 1.32790348e-08 outputs/V3.3e26_D100_G12/solution/solution-00025 
 26 3.620685942673e+10 1.392571516413e+09 768 7235 3201 18 8 9 9 7.48255030e-09 1.27244395e-08 outputs/V3.3e26_D100_G12/solution/solution-00026 
 27 3.759943094314e+10 1.392571516413e+09 768 7235 3201 18 8 9 9 7.17169294e-09 1.21933052e-08 outputs/V3.3e26_D100_G12/solution/solution-00027 
 28 3.899200245955e+10 1.392571516413e+09 768 7235 3201 18 8 9 9 6.87392348e-09 1.16845961e-08 outputs/V3.3e26_D100_G12/solution/solution-00028 
 29 4.038457397597e+10 1.392571516413e+09 768 7235 3201 18 8 9 9 6.58865926e-09 1.11973296e-08 outputs/V3.3e26_D100_G12/solution/solution-00029 
 30 4.177714549238e+10 1.392571516413e+09 768 7235 3201 18 8 9 9 6.31534924e-09 1.07305721e-08 outputs/V3.3e26_D100_G12/solution/solution-00030 
 31 4.316971700879e+10 1.392571516413e+09 768 7235 3201 18 8 9 9 6.05347128e-09 1.02834355e-08 outputs/V3.3e26_D100_G12/solution/solution-00031 
 32 4.456228852520e+10 1.392571516413e+09 768 7235 3201 18 8 9 9 5.80252987e-09 9.85507439e-09 outputs/V3.3e26_D100_G12/solution/solution-00032 
 33 4.595486004162e+10 1.392571516413e+09 768 7235 3201 18 8 9 9 5.56205409e-09 9.44468275e-09 outputs/V3.3e26_D100_G12/solution/solution-00033 
 34 4.734743155803e+10 1.392571516413e+09 768 7235 3201 18 8 9 9 5.33159586e-09 9.05149203e-09 outputs/V3.3e26_D100_G12/solution/solution-00034 
 35 4.874000307444e+10 1.392571516413e+09 768 7235 3201 18 8 9 9 5.11072841e-09 8.67476873e-09 outputs/V3.3e26_D100_G12/solution/solution-00035 
 36 5.013257459085e+10 1.392571516413e+09 768 7235 3201 18 8 9 9 4.89904484e-09 8.31381241e-09 outputs/V3.3e26_D100_G12/solution/solution-00036 
 37 5.152514610727e+10 1.392571516413e+09 768 7235 3201 18 8 9 9 4.69615695e-09 7.96795397e-09 outputs/V3.3e26_D100_G12/solution/solution-00037 
 38 5.291771762368e+10 1.392571516413e+09 768 7235 3201 18 8 9 9 4.50169408e-09 7.63655394e-09 outputs/V3.3e26_D100_G12/solution/solution-00038 
 39 5.431028914009e+10 1.392571516413e+09 768 7235 3201 18 8 9 9 4.31530217e-09 7.31900098e-09 outputs/V3.3e26_D100_G12/solution/solution-00039 
 40 5.570286065650e+10 1.392571516413e+09 768 7235 3201 18 8 9 9 4.13664279e-09 7.01471044e-09 outputs/V3.3e26_D100_G12/solution/solution-00040 
 41 5.709543217292e+10 1.392571516413e+09 768 7235 3201 18 8 9 9 3.96539232e-09 6.72312314e-09 outputs/V3.3e26_D100_G12/solution/solution-00041 
 42 5.848800368933e+10 1.392571516413e+09 768 7235 3201 18 8 9 9 3.80124124e-09 6.44370404e-09 outputs/V3.3e26_D100_G12/solution/solution-00042 
 43 5.988057520574e+10 1.392571516413e+09 768 7235 3201 17 8 9 9 3.64389337e-09 6.17594120e-09 outputs/V3.3e26_D100_G12/solution/solution-00043 
 44 6.127314672215e+10 1.392571516413e+09 768 7235 3201 17 8 9 9 3.49306522e-09 5.91934465e-09 outputs/V3.3e26_D100_G12/solution/solution-00044 
 45 6.266571823857e+10 1.392571516413e+09 768 7235 3201 17 8 9 9 3.34848540e-09 5.67344540e-09 outputs/V3.3e26_D100_G12/solution/solution-00045 
 46 6.405828975498e+10 1.392571516413e+09 768 7235 3201 17 8 9 9 3.20989405e-09 5.43779448e-09 outputs/V3.3e26_D100_G12/solution/solution-00046 
 47 6.545086127139e+10 1.392571516413e+09 768 7235 3201 17 8 9 9 3.07704232e-09 5.21196208e-09 outputs/V3.3e26_D100_G12/solution/solution-00047 
 48 6.684343278781e+10 1.392571516413e+09 768 7235 3201 17 8 9 9 2.94969183e-09 4.99553664e-09 outputs/V3.3e26_D100_G12/solution/solution-00048 
 49 6.823600430422e+10 1.392571516413e+09 768 7235 3201 17 8 9 9 2.82761424e-09 4.78812410e-09 outputs/V3.3e26_D100_G12/solution/solution-00049 
 50 6.962857582063e+10 1.392571516413e+09 768 7235 3201 17 8 9 9 2.71059080e-09 4.58934708e-09 outputs/V3.3e26_D100_G12/solution/solution-00050 
 51 7.102114733704e+10 1.392571516413e+09 768 7235 3201 17 8 9 9 2.59841190e-09 4.39884419e-09 outputs/V3.3e26_D100_G12/solution/solution-00051 
 52 7.241371885346e+10 1.392571516413e+09 768 7235 3201 17 8 9 9 2.49087670e-09 4.21626932e-09 outputs/V3.3e26_D100_G12/solution/solution-00052 
 53 7.380629036987e+10 1.392571516413e+09 768 7235 3201 17 8 9 9 2.38779274e-09 4.04129097e-09 outputs/V3.3e26_D100_G12/solution/solution-00053 
 54 7.519886188628e+10 1.392571516413e+09 768 7235 3201 17 8 9 9 2.28897558e-09 3.87359165e-09 outputs/V3.3e26_D100_G12/solution/solution-00054 
 55 7.659143340269e+10 1.392571516413e+09 768 7235 3201 17 8 9 9 2.19424845e-09 3.71286722e-09 outputs/V3.3e26_D100_G12/solution/solution-00055 
 56 7.798400491911e+10 1.392571516413e+09 768 7235 3201 17 8 9 9 2.10344197e-09 3.55882637e-09 outputs/V3.3e26_D100_G12/solution/solution-00056 
 57 7.937657643552e+10 1.392571516413e+09 768 7235 3201 17 8 9 9 2.01639375e-09 3.41119007e-09 outputs/V3.3e26_D100_G12/solution/solution-00057 
 58 8.076914795193e+10 1.392571516413e+09 768 7235 3201 17 8 9 9 1.93294817e-09 3.26969098e-09 outputs/V3.3e26_D100_G12/solution/solution-00058 
 59 8.216171946834e+10 1.392571516413e+09 768 7235 3201 17 8 9 9 1.85295607e-09 3.13407304e-09 outputs/V3.3e26_D100_G12/solution/solution-00059 
 60 8.355429098476e+10 1.392571516413e+09 768 7235 3201 17 8 9 9 1.77627448e-09 3.00409092e-09 outputs/V3.3e26_D100_G12/solution/solution-00060 
 61 8.494686250117e+10 1.392571516413e+09 768 7235 3201 17 8 9 9 1.70276635e-09 2.87950962e-09 outputs/V3.3e26_D100_G12/solution/solution-00061 
 62 8.633943401758e+10 1.392571516413e+09 768 7235 3201 17 8 9 9 1.63230031e-09 2.76010396e-09 outputs/V3.3e26_D100_G12/solution/solution-00062 
 63 8.773200553399e+10 1.392571516413e+09 768 7235 3201 17 8 9 9 1.56475045e-09 2.64565825e-09 outputs/V3.3e26_D100_G12/solution/solution-00063 
 64 8.912457705041e+10 1.392571516413e+09 768 7235 3201 17 8 9 9 1.49999607e-09 2.53596579e-09 outputs/V3.3e26_D100_G12/solution/solution-00064 
 65 9.051714856682e+10 1.392571516413e+09 768 7235 3201 17 8 9 9 1.43792145e-09 2.43082860e-09 outputs/V3.3e26_D100_G12/solution/solution-00065 
 66 9.190972008323e+10 1.392571516413e+09 768 7235 3201 17 8 9 9 1.37841570e-09 2.33005694e-09 outputs/V3.3e26_D100_G12/solution/solution-00066 
 67 9.330229159964e+10 1.392571516413e+09 768 7235 3201 17 8 9 9 1.32137250e-09 2.23346904e-09 outputs/V3.3e26_D100_G12/solution/solution-00067 
 68 9.469486311606e+10 1.392571516413e+09 768 7235 3201 17 8 9 9 1.26668992e-09 2.14089073e-09 outputs/V3.3e26_D100_G12/solution/solution-00068 
 69 9.608743463247e+10 1.392571516413e+09 768 7235 3201 16 8 9 9 1.21427029e-09 2.05215515e-09 outputs/V3.3e26_D100_G12/solution/solution-00069 
 70 9.748000614888e+10 1.392571516413e+09 768 7235 3201 16 8 9 9 1.16401994e-09 1.96710238e-09 outputs/V3.3e26_D100_G12/solution/solution-00070 
 71 9.887257766530e+10 1.392571516413e+09 768 7235 3201 16 8 9 9 1.11584911e-09 1.88557919e-09 outputs/V3.3e26_D100_G12/solution/solution-00071 
 72 1.002651491817e+11 1.392571516413e+09 768 7235 3201 16 8 9 9 1.06967172e-09 1.80743877e-09 outputs/V3.3e26_D100_G12/solution/solution-00072 
 73 1.016577206981e+11 1.392571516413e+09 768 7235 3201 16 8 9 9 1.02540530e-09 1.73254044e-09 outputs/V3.3e26_D100_G12/solution/solution-00073 
 74 1.030502922145e+11 1.392571516413e+09 768 7235 3201 16 8 9 9 9.82970746e-10 1.66074937e-09 outputs/V3.3e26_D100_G12/solution/solution-00074 
 75 1.044428637309e+11 1.392571516413e+09 768 7235 3201 16 8 9 9 9.42292262e-10 1.59193640e-09 outputs/V3.3e26_D100_G12/solution/solution-00075 
 76 1.058354352474e+11 1.392571516413e+09 768 7235 3201 16 8 9 9 9.03297174e-10 1.52597773e-09 outputs/V3.3e26_D100_G12/solution/solution-00076 
 77 1.072280067638e+11 1.392571516413e+09 768 7235 3201 16 8 9 9 8.65915818e-10 1.46275474e-09 outputs/V3.3e26_D100_G12/solution/solution-00077 
 78 1.086205782802e+11 1.392571516413e+09 768 7235 3201 16 8 9 9 8.30081414e-10 1.40215374e-09 outputs/V3.3e26_D100_G12/solution/solution-00078 
 79 1.100131497966e+11 1.392571516413e+09 768 7235 3201 16 8 9 9 7.95729944e-10 1.34406580e-09 outputs/V3.3e26_D100_G12/solution/solution-00079 
 80 1.114057213130e+11 1.392571516413e+09 768 7235 3201 16 8 9 9 7.62800042e-10 1.28838652e-09 outputs/V3.3e26_D100_G12/solution/solution-00080 
 81 1.127982928294e+11 1.392571516413e+09 768 7235 3201 16 8 9 9 7.31232878e-10 1.23501585e-09 outputs/V3.3e26_D100_G12/solution/solution-00081 
 82 1.141908643458e+11 1.392571516413e+09 768 7235 3201 16 8 9 9 7.00972060e-10 1.18385792e-09 outputs/V3.3e26_D100_G12/solution/solution-00082 
 83 1.155834358622e+11 1.392571516413e+09 768 7235 3201 16 8 9 9 6.71963527e-10 1.13482084e-09 outputs/V3.3e26_D100_G12/solution/solution-00083 
 84 1.169760073787e+11 1.392571516413e+09 768 7235 3201 16 8 9 9 6.44155456e-10 1.08781656e-09 outputs/V3.3e26_D100_G12/solution/solution-00084 
 85 1.183685788951e+11 1.392571516413e+09 768 7235 3201 16 8 9 9 6.17498170e-10 1.04276067e-09 outputs/V3.3e26_D100_G12/solution/solution-00085 
 86 1.197611504115e+11 1.392571516413e+09 768 7235 3201 16 8 9 9 5.91944045e-10 9.99572316e-10 outputs/V3.3e26_D100_G12/solution/solution-00086 
 87 1.211537219279e+11 1.392571516413e+09 768 7235 3201 16 8 9 9 5.67447431e-10 9.58173971e-10 outputs/V3.3e26_D100_G12/solution/solution-00087 
 88 1.225462934443e+11 1.392571516413e+09 768 7235 3201 16 8 9 9 5.43964563e-10 9.18491348e-10 outputs/V3.3e26_D100_G12/solution/solution-00088 
 89 1.239388649607e+11 1.392571516413e+09 768 7235 3201 16 8 9 9 5.21453492e-10 8.80453253e-10 outputs/V3.3e26_D100_G12/solution/solution-00089 
 90 1.253314364771e+11 1.392571516413e+09 768 7235 3201 16 8 9 9 4.99874000e-10 8.43991450e-10 outputs/V3.3e26_D100_G12/solution/solution-00090 
 91 1.267240079935e+11 1.392571516413e+09 768 7235 3201 16 8 9 9 4.79187537e-10 8.09040542e-10 outputs/V3.3e26_D100_G12/solution/solution-00091 
 92 1.281165795100e+11 1.392571516413e+09 768 7235 3201 16 8 9 9 4.59357147e-10 7.75537849e-10 outputs/V3.3e26_D100_G12/solution/solution-00092 
 93 1.295091510264e+11 1.392571516413e+09 768 7235 3201 16 8 9 9 4.40347402e-10 7.43423298e-10 outputs/V3.3e26_D100_G12/solution/solution-00093 
 94 1.309017225428e+11 1.392571516413e+09 768 7235 3201 15 8 9 9 4.22124348e-10 7.12639325e-10 outputs/V3.3e26_D100_G12/solution/solution-00094 
 95 1.322942940592e+11 1.392571516413e+09 768 7235 3201 15 8 9 9 4.04655425e-10 6.83130738e-10 outputs/V3.3e26_D100_G12/solution/solution-00095 
 96 1.336868655756e+11 1.392571516413e+09 768 7235 3201 15 8 9 9 3.87909424e-10 6.54844642e-10 outputs/V3.3e26_D100_G12/solution/solution-00096 
 97 1.350794370920e+11 1.392571516413e+09 768 7235 3201 15 8 9 9 3.71856428e-10 6.27730343e-10 outputs/V3.3e26_D100_G12/solution/solution-00097 
 98 1.364720086084e+11 1.392571516413e+09 768 7235 3201 15 8 9 9 3.56467757e-10 6.01739255e-10 outputs/V3.3e26_D100_G12/solution/solution-00098 
 99 1.378645801248e+11 1.392571516413e+09 768 7235 3201 15 8 9 9 3.41715921e-10 5.76824805e-10 outputs/V3.3e26_D100_G12/solution/solution-00099 
100 1.392571516413e+11 1.392571516413e+09 768 7235 3201 15 8 9 9 3.27574564e-10 5.52942361e-10 outputs/V3.3e26_D100_G12/solution/solution-00100 
