# 1: Time step number
# 2: Time (years)
# 3: Time step size (years)
# 4: Number of mesh cells
# 5: Number of Stokes degrees of freedom
# 6: Number of temperature degrees of freedom
# 7: Iterations for temperature solver
# 8: Iterations for Stokes solver
# 9: Velocity iterations in Stokes preconditioner
# 10: Schur complement iterations in Stokes preconditioner
# 11: RMS velocity (m/year)
# 12: Max. velocity (m/year)
# 13: Visualization file name
  0 0.000000000000e+00 0.000000000000e+00 768 7235 3201  0 8 9 9 4.02755861e-07 8.48568679e-07 outputs/V1e25_D3000_G6/solution/solution-00000 
  1 1.392571516413e+09 1.392571516413e+09 768 7235 3201 32 8 9 9 5.79131500e-07 9.83040960e-07 outputs/V1e25_D3000_G6/solution/solution-00001 
  2 2.785143032825e+09 1.392571516413e+09 768 7235 3201 25 8 9 9 8.58095991e-07 1.47579865e-06 outputs/V1e25_D3000_G6/solution/solution-00002 
  3 4.177714549238e+09 1.392571516413e+09 768 7235 3201 24 8 9 9 1.25084973e-06 2.18011030e-06 outputs/V1e25_D3000_G6/solution/solution-00003 
  4 5.570286065650e+09 1.392571516413e+09 768 7235 3201 23 8 9 9 1.77907755e-06 3.14227253e-06 outputs/V1e25_D3000_G6/solution/solution-00004 
  5 6.962857582063e+09 1.392571516413e+09 768 7235 3201 23 8 9 9 2.47019261e-06 4.41720865e-06 outputs/V1e25_D3000_G6/solution/solution-00005 
  6 8.355429098476e+09 1.392571516413e+09 768 7235 3201 22 8 9 9 3.35557523e-06 6.06677543e-06 outputs/V1e25_D3000_G6/solution/solution-00006 
  7 9.748000614888e+09 1.392571516413e+09 768 7235 3201 21 8 9 9 4.47033048e-06 8.15921302e-06 outputs/V1e25_D3000_G6/solution/solution-00007 
  8 1.114057213130e+10 1.392571516413e+09 768 7235 3201 21 8 9 9 5.85349147e-06 1.07693336e-05 outputs/V1e25_D3000_G6/solution/solution-00008 
  9 1.253314364771e+10 1.392571516413e+09 768 7235 3201 21 8 9 9 7.54852442e-06 1.39792392e-05 outputs/V1e25_D3000_G6/solution/solution-00009 
 10 1.392571516413e+10 1.392571516413e+09 768 7235 3201 21 8 9 9 9.60406023e-06 1.78794140e-05 outputs/V1e25_D3000_G6/solution/solution-00010 
 11 1.531828668054e+10 1.392571516413e+09 768 7235 3201 21 8 9 9 1.20748101e-05 2.25719288e-05 outputs/V1e25_D3000_G6/solution/solution-00011 
 12 1.671085819695e+10 1.392571516413e+09 768 7235 3201 21 7 8 8 1.50226358e-05 2.81731280e-05 outputs/V1e25_D3000_G6/solution/solution-00012 
 13 1.810342971336e+10 1.392571516413e+09 768 7235 3201 21 7 8 8 1.85177465e-05 3.48063260e-05 outputs/V1e25_D3000_G6/solution/solution-00013 
 14 1.949600122978e+10 1.392571516413e+09 768 7235 3201 21 7 8 8 2.26399818e-05 4.26111299e-05 outputs/V1e25_D3000_G6/solution/solution-00014 
 15 2.088857274619e+10 1.392571516413e+09 768 7235 3201 21 7 8 8 2.74800995e-05 5.17498649e-05 outputs/V1e25_D3000_G6/solution/solution-00015 
 16 2.228114426260e+10 1.392571516413e+09 768 7235 3201 21 7 8 8 3.31408869e-05 6.24422268e-05 outputs/V1e25_D3000_G6/solution/solution-00016 
 17 2.367371577901e+10 1.392571516413e+09 768 7235 3201 21 7 8 8 3.97377014e-05 7.48383181e-05 outputs/V1e25_D3000_G6/solution/solution-00017 
 18 2.492648056182e+10 1.252764782810e+09 768 7235 3201 20 6 7 7 4.65937214e-05 8.77041323e-05 outputs/V1e25_D3000_G6/solution/solution-00018 
 19 2.599541537149e+10 1.068934809665e+09 768 7235 3201 19 6 7 7 5.32315759e-05 1.00116258e-04 outputs/V1e25_D3000_G6/solution/solution-00019 
 20 2.693218423391e+10 9.367688624168e+08 768 7235 3201 18 6 7 7 5.97077770e-05 1.12187881e-04 outputs/V1e25_D3000_G6/solution/solution-00020 
 21 2.776786212052e+10 8.356778866159e+08 768 7235 3201 17 6 7 7 6.60430809e-05 1.23942872e-04 outputs/V1e25_D3000_G6/solution/solution-00021 
 22 2.852403782189e+10 7.561757013672e+08 768 7235 3201 16 6 7 7 7.22523946e-05 1.35491104e-04 outputs/V1e25_D3000_G6/solution/solution-00022 
 23 2.921621036292e+10 6.921725410293e+08 768 7235 3201 15 6 7 7 7.83456443e-05 1.46728310e-04 outputs/V1e25_D3000_G6/solution/solution-00023 
 24 2.985520189747e+10 6.389915345560e+08 768 7235 3201 14 6 7 7 8.43223358e-05 1.57748018e-04 outputs/V1e25_D3000_G6/solution/solution-00024 
 25 3.044950413377e+10 5.943022362931e+08 768 7235 3201 14 6 7 7 9.01813958e-05 1.68462874e-04 outputs/V1e25_D3000_G6/solution/solution-00025 
 26 3.100600657089e+10 5.565024371221e+08 768 7235 3201 14 6 7 7 9.59220184e-05 1.78948527e-04 outputs/V1e25_D3000_G6/solution/solution-00026 
 27 3.153017870362e+10 5.241721327346e+08 768 7235 3201 13 6 7 7 1.01541068e-04 1.89133227e-04 outputs/V1e25_D3000_G6/solution/solution-00027 
 28 3.202597380092e+10 4.957950972918e+08 768 7235 3201 13 6 7 7 1.07028303e-04 1.98971952e-04 outputs/V1e25_D3000_G6/solution/solution-00028 
 29 3.249702228444e+10 4.710484835246e+08 768 7235 3201 13 6 7 7 1.12376872e-04 2.08533738e-04 outputs/V1e25_D3000_G6/solution/solution-00029 
 30 3.294643922576e+10 4.494169413170e+08 768 7235 3201 12 6 7 7 1.17580019e-04 2.17839183e-04 outputs/V1e25_D3000_G6/solution/solution-00030 
 31 3.337684683128e+10 4.304076055260e+08 768 7235 3201 12 6 7 7 1.22630157e-04 2.26768997e-04 outputs/V1e25_D3000_G6/solution/solution-00031 
 32 3.379047702559e+10 4.136301943092e+08 768 7235 3201 12 6 7 7 1.27519141e-04 2.35310715e-04 outputs/V1e25_D3000_G6/solution/solution-00032 
 33 3.418902663299e+10 3.985496073968e+08 768 7235 3201 12 6 7 7 1.32235889e-04 2.43473163e-04 outputs/V1e25_D3000_G6/solution/solution-00033 
 34 3.457407933808e+10 3.850527050864e+08 768 7235 3201 12 6 7 7 1.36770959e-04 2.51302396e-04 outputs/V1e25_D3000_G6/solution/solution-00034 
 35 3.494713586868e+10 3.730565306005e+08 768 7235 3201 11 6 7 7 1.41116618e-04 2.58706561e-04 outputs/V1e25_D3000_G6/solution/solution-00035 
 36 3.530951554500e+10 3.623796763246e+08 768 7235 3201 11 6 7 7 1.45265413e-04 2.65677980e-04 outputs/V1e25_D3000_G6/solution/solution-00036 
 37 3.566238634045e+10 3.528707954511e+08 768 7235 3201 11 6 7 7 1.49210337e-04 2.72210499e-04 outputs/V1e25_D3000_G6/solution/solution-00037 
 38 3.600678892780e+10 3.444025873494e+08 768 7235 3201 11 6 7 7 1.52944982e-04 2.78364425e-04 outputs/V1e25_D3000_G6/solution/solution-00038 
 39 3.634365610290e+10 3.368671751029e+08 768 7235 3201 11 5 6 6 1.56463660e-04 2.84093241e-04 outputs/V1e25_D3000_G6/solution/solution-00039 
 40 3.667382861239e+10 3.301725094897e+08 768 7235 3201 11 5 6 6 1.59761519e-04 2.89370942e-04 outputs/V1e25_D3000_G6/solution/solution-00040 
 41 3.699803896407e+10 3.242103516740e+08 768 7235 3201 11 5 6 6 1.62834365e-04 2.94197279e-04 outputs/V1e25_D3000_G6/solution/solution-00041 
 42 3.731686529047e+10 3.188263263998e+08 768 7235 3201 11 5 6 6 1.65678328e-04 2.98572886e-04 outputs/V1e25_D3000_G6/solution/solution-00042 
 43 3.763096037042e+10 3.140950799566e+08 768 7235 3201 11 5 6 6 1.68291957e-04 3.02502417e-04 outputs/V1e25_D3000_G6/solution/solution-00043 
 44 3.794092258219e+10 3.099622117698e+08 768 7235 3201 10 5 6 6 1.70674848e-04 3.05992240e-04 outputs/V1e25_D3000_G6/solution/solution-00044 
 45 3.824730264322e+10 3.063800610299e+08 768 7235 3201 10 5 6 6 1.72827662e-04 3.09050378e-04 outputs/V1e25_D3000_G6/solution/solution-00045 
 46 3.855060929739e+10 3.033066541702e+08 768 7235 3201 10 5 6 6 1.74752122e-04 3.11686422e-04 outputs/V1e25_D3000_G6/solution/solution-00046 
 47 3.885131413304e+10 3.007048356459e+08 768 7235 3201 10 5 6 6 1.76450991e-04 3.13911442e-04 outputs/V1e25_D3000_G6/solution/solution-00047 
 48 3.914985567776e+10 2.985415447198e+08 768 7235 3201 10 5 6 6 1.77928045e-04 3.15737877e-04 outputs/V1e25_D3000_G6/solution/solution-00048 
 49 3.944664288719e+10 2.967872094256e+08 768 7235 3201 10 5 6 6 1.79188025e-04 3.17179421e-04 outputs/V1e25_D3000_G6/solution/solution-00049 
 50 3.974205812242e+10 2.954152352368e+08 768 7235 3201 10 5 6 6 1.80236580e-04 3.18260114e-04 outputs/V1e25_D3000_G6/solution/solution-00050 
 51 4.003645969321e+10 2.944015707917e+08 768 7235 3201 10 5 6 6 1.81080203e-04 3.19012884e-04 outputs/V1e25_D3000_G6/solution/solution-00051 
 52 4.033018402994e+10 2.937243367269e+08 768 7235 3201 10 5 6 6 1.81726155e-04 3.19420431e-04 outputs/V1e25_D3000_G6/solution/solution-00052 
 53 4.062354753648e+10 2.933635065444e+08 768 7235 3201 10 5 6 6 1.82182386e-04 3.19500431e-04 outputs/V1e25_D3000_G6/solution/solution-00053 
 54 4.091684816718e+10 2.933006306953e+08 768 7235 3201 10 5 6 6 1.82457451e-04 3.19271218e-04 outputs/V1e25_D3000_G6/solution/solution-00054 
 55 4.121036676401e+10 2.935185968278e+08 768 7235 3201 10 5 6 6 1.82560421e-04 3.18751641e-04 outputs/V1e25_D3000_G6/solution/solution-00055 
 56 4.150436818458e+10 2.940014205696e+08 768 7235 3201 10 5 6 6 1.82500797e-04 3.17960929e-04 outputs/V1e25_D3000_G6/solution/solution-00056 
 57 4.179910224691e+10 2.947340623323e+08 768 7235 3201 10 5 6 6 1.82288420e-04 3.16918555e-04 outputs/V1e25_D3000_G6/solution/solution-00057 
 58 4.209480451345e+10 2.957022665415e+08 768 7235 3201 10 5 6 6 1.81933385e-04 3.15644109e-04 outputs/V1e25_D3000_G6/solution/solution-00058 
 59 4.239169693388e+10 2.968924204281e+08 768 7235 3201 10 5 6 6 1.81445959e-04 3.14157179e-04 outputs/V1e25_D3000_G6/solution/solution-00059 
 60 4.268998836399e+10 2.982914301115e+08 768 7235 3201 10 5 6 6 1.80836498e-04 3.12500464e-04 outputs/V1e25_D3000_G6/solution/solution-00060 
 61 4.298987497618e+10 2.998866121888e+08 768 7235 3201 10 5 6 6 1.80115375e-04 3.11183741e-04 outputs/V1e25_D3000_G6/solution/solution-00061 
 62 4.329110623103e+10 3.012312548502e+08 768 7235 3201 10 5 6 6 1.79294148e-04 3.09615043e-04 outputs/V1e25_D3000_G6/solution/solution-00062 
 63 4.359380015024e+10 3.026939192146e+08 768 7235 3201 10 5 6 6 1.78383519e-04 3.07845272e-04 outputs/V1e25_D3000_G6/solution/solution-00063 
 64 4.389819815039e+10 3.043980001446e+08 768 7235 3201 10 5 6 6 1.77393514e-04 3.05970399e-04 outputs/V1e25_D3000_G6/solution/solution-00064 
 65 4.420452723467e+10 3.063290842760e+08 768 7235 3201 10 5 6 6 1.76333772e-04 3.03907916e-04 outputs/V1e25_D3000_G6/solution/solution-00065 
 66 4.451300016882e+10 3.084729341565e+08 768 7235 3201 10 5 6 6 1.75213538e-04 3.01679352e-04 outputs/V1e25_D3000_G6/solution/solution-00066 
 67 4.482381554632e+10 3.108153774970e+08 768 7235 3201 10 5 6 6 1.74041654e-04 2.99305933e-04 outputs/V1e25_D3000_G6/solution/solution-00067 
 68 4.513715775781e+10 3.133422114944e+08 768 7235 3201 10 5 6 6 1.72826563e-04 2.96808467e-04 outputs/V1e25_D3000_G6/solution/solution-00068 
 69 4.545319688088e+10 3.160391230632e+08 768 7235 3201 10 5 6 6 1.71576300e-04 2.94207239e-04 outputs/V1e25_D3000_G6/solution/solution-00069 
 70 4.577196301659e+10 3.187661357124e+08 768 7235 3201 10 5 6 6 1.70299006e-04 2.91522980e-04 outputs/V1e25_D3000_G6/solution/solution-00070 
 71 4.609358991070e+10 3.216268941092e+08 768 7235 3201 10 5 6 6 1.69001951e-04 2.88802228e-04 outputs/V1e25_D3000_G6/solution/solution-00071 
 72 4.641820651945e+10 3.246166087507e+08 768 7235 3201 10 5 6 6 1.67691952e-04 2.86067038e-04 outputs/V1e25_D3000_G6/solution/solution-00072 
 73 4.674592690466e+10 3.277203852105e+08 768 7235 3201 10 5 6 6 1.66375421e-04 2.83298471e-04 outputs/V1e25_D3000_G6/solution/solution-00073 
 74 4.707684997592e+10 3.309230712580e+08 768 7235 3201 10 5 6 6 1.65058371e-04 2.80512866e-04 outputs/V1e25_D3000_G6/solution/solution-00074 
 75 4.741105924494e+10 3.342092690219e+08 768 7235 3201 10 5 6 6 1.63746425e-04 2.77725638e-04 outputs/V1e25_D3000_G6/solution/solution-00075 
 76 4.774862260711e+10 3.375633621666e+08 768 7235 3201 10 5 6 6 1.62444826e-04 2.74951232e-04 outputs/V1e25_D3000_G6/solution/solution-00076 
 77 4.808959216497e+10 3.409695578648e+08 768 7235 3201 10 5 6 6 1.61158444e-04 2.72203104e-04 outputs/V1e25_D3000_G6/solution/solution-00077 
 78 4.843400410797e+10 3.444119429996e+08 768 7235 3201 10 5 6 6 1.59891784e-04 2.69513586e-04 outputs/V1e25_D3000_G6/solution/solution-00078 
 79 4.878187866168e+10 3.478745537105e+08 768 7235 3201 10 5 6 6 1.58648999e-04 2.67079673e-04 outputs/V1e25_D3000_G6/solution/solution-00079 
 80 4.913296660835e+10 3.510879466656e+08 768 7235 3201 10 5 6 6 1.57434753e-04 2.64819780e-04 outputs/V1e25_D3000_G6/solution/solution-00080 
 81 4.948700654182e+10 3.540399334691e+08 768 7235 3201 10 5 6 6 1.56253237e-04 2.62645673e-04 outputs/V1e25_D3000_G6/solution/solution-00081 
 82 4.984395131432e+10 3.569447725042e+08 768 7235 3201 10 5 6 6 1.55107451e-04 2.60566402e-04 outputs/V1e25_D3000_G6/solution/solution-00082 
 83 5.020374443970e+10 3.597931253777e+08 768 7235 3201 10 5 6 6 1.54000034e-04 2.58566367e-04 outputs/V1e25_D3000_G6/solution/solution-00083 
 84 5.056632059804e+10 3.625761583409e+08 768 7235 3201 10 5 6 6 1.52933280e-04 2.56648506e-04 outputs/V1e25_D3000_G6/solution/solution-00084 
 85 5.093160618434e+10 3.652855863021e+08 768 7235 3201 10 5 6 6 1.51909155e-04 2.54815183e-04 outputs/V1e25_D3000_G6/solution/solution-00085 
 86 5.129951989674e+10 3.679137124047e+08 768 7235 3201 10 5 6 6 1.50929317e-04 2.53068224e-04 outputs/V1e25_D3000_G6/solution/solution-00086 
 87 5.166997335942e+10 3.704534626715e+08 768 7235 3201 10 5 6 6 1.49995126e-04 2.51408953e-04 outputs/V1e25_D3000_G6/solution/solution-00087 
 88 5.204287177463e+10 3.728984152185e+08 768 7235 3201 10 5 6 6 1.49107669e-04 2.49838222e-04 outputs/V1e25_D3000_G6/solution/solution-00088 
 89 5.241811459826e+10 3.752428236296e+08 768 7235 3201 10 5 6 6 1.48267772e-04 2.48356454e-04 outputs/V1e25_D3000_G6/solution/solution-00089 
 90 5.279559623246e+10 3.774816341970e+08 768 7235 3201 10 5 6 6 1.47476014e-04 2.46963666e-04 outputs/V1e25_D3000_G6/solution/solution-00090 
 91 5.317520672932e+10 3.796104968627e+08 768 7235 3201 10 5 6 6 1.46732750e-04 2.45662587e-04 outputs/V1e25_D3000_G6/solution/solution-00091 
 92 5.355683249914e+10 3.816257698185e+08 768 7235 3201 10 5 6 6 1.46038118e-04 2.44473016e-04 outputs/V1e25_D3000_G6/solution/solution-00092 
 93 5.394035701699e+10 3.835245178437e+08 768 7235 3201 10 5 6 6 1.45392061e-04 2.43369662e-04 outputs/V1e25_D3000_G6/solution/solution-00093 
 94 5.432566152156e+10 3.853045045688e+08 768 7235 3201 10 5 6 6 1.44794336e-04 2.42351310e-04 outputs/V1e25_D3000_G6/solution/solution-00094 
 95 5.471262570051e+10 3.869641789531e+08 768 7235 3201 10 5 6 6 1.44244530e-04 2.41416491e-04 outputs/V1e25_D3000_G6/solution/solution-00095 
 96 5.510112835686e+10 3.885026563494e+08 768 7235 3201 10 5 6 6 1.43742073e-04 2.40563516e-04 outputs/V1e25_D3000_G6/solution/solution-00096 
 97 5.549097959278e+10 3.898512359193e+08 768 7235 3201 10 5 6 6 1.43286330e-04 2.39790623e-04 outputs/V1e25_D3000_G6/solution/solution-00097 
 98 5.588205606917e+10 3.910764763887e+08 768 7235 3201 10 5 6 6 1.42876432e-04 2.39095708e-04 outputs/V1e25_D3000_G6/solution/solution-00098 
 99 5.627423839034e+10 3.921823211743e+08 768 7235 3201 10 5 6 6 1.42511391e-04 2.38476511e-04 outputs/V1e25_D3000_G6/solution/solution-00099 
100 5.666740872108e+10 3.931703307415e+08 768 7235 3201 10 5 6 6 1.42190112e-04 2.37930638e-04 outputs/V1e25_D3000_G6/solution/solution-00100 
