# 1: Time step number
# 2: Time (years)
# 3: Time step size (years)
# 4: Number of mesh cells
# 5: Number of Stokes degrees of freedom
# 6: Number of temperature degrees of freedom
# 7: Iterations for temperature solver
# 8: Iterations for Stokes solver
# 9: Velocity iterations in Stokes preconditioner
# 10: Schur complement iterations in Stokes preconditioner
# 11: RMS velocity (m/year)
# 12: Max. velocity (m/year)
# 13: Visualization file name
  0 0.000000000000e+00 0.000000000000e+00 768 7235 3201  0 8 9 9 2.61363825e-07 1.26982821e-06 outputs/V3.3e25_D10000_G10/solution/solution-00000 
  1 1.392571516413e+09 1.392571516413e+09 768 7235 3201 32 8 9 9 3.64419375e-07 8.36111157e-07 outputs/V3.3e25_D10000_G10/solution/solution-00001 
  2 2.785143032825e+09 1.392571516413e+09 768 7235 3201 26 8 9 9 6.50028742e-07 1.13483057e-06 outputs/V3.3e25_D10000_G10/solution/solution-00002 
  3 4.177714549238e+09 1.392571516413e+09 768 7235 3201 25 8 9 9 1.14087803e-06 2.03860472e-06 outputs/V3.3e25_D10000_G10/solution/solution-00003 
  4 5.570286065650e+09 1.392571516413e+09 768 7235 3201 24 8 9 9 1.91123190e-06 3.49084312e-06 outputs/V3.3e25_D10000_G10/solution/solution-00004 
  5 6.962857582063e+09 1.392571516413e+09 768 7235 3201 23 8 9 9 3.06060160e-06 5.70351326e-06 outputs/V3.3e25_D10000_G10/solution/solution-00005 
  6 8.355429098476e+09 1.392571516413e+09 768 7235 3201 22 8 9 9 4.70337516e-06 8.92400666e-06 outputs/V3.3e25_D10000_G10/solution/solution-00006 
  7 9.748000614888e+09 1.392571516413e+09 768 7235 3201 22 8 9 9 6.96389893e-06 1.34250705e-05 outputs/V3.3e25_D10000_G10/solution/solution-00007 
  8 1.114057213130e+10 1.392571516413e+09 768 7235 3201 22 8 9 9 9.97102497e-06 1.94920320e-05 outputs/V3.3e25_D10000_G10/solution/solution-00008 
  9 1.253314364771e+10 1.392571516413e+09 768 7235 3201 22 8 9 9 1.38528669e-05 2.74148500e-05 outputs/V3.3e25_D10000_G10/solution/solution-00009 
 10 1.392571516413e+10 1.392571516413e+09 768 7235 3201 22 8 9 9 1.87327713e-05 3.74708782e-05 outputs/V3.3e25_D10000_G10/solution/solution-00010 
 11 1.531828668054e+10 1.392571516413e+09 768 7235 3201 22 8 9 9 2.47278886e-05 4.99037573e-05 outputs/V3.3e25_D10000_G10/solution/solution-00011 
 12 1.671085819695e+10 1.392571516413e+09 768 7235 3201 22 7 8 8 3.19522911e-05 6.50246464e-05 outputs/V3.3e25_D10000_G10/solution/solution-00012 
 13 1.810342971336e+10 1.392571516413e+09 768 7235 3201 22 7 8 8 4.05270653e-05 8.30585739e-05 outputs/V3.3e25_D10000_G10/solution/solution-00013 
 14 1.923215123660e+10 1.128721523237e+09 768 7235 3201 20 7 8 8 4.86270240e-05 1.00189801e-04 outputs/V3.3e25_D10000_G10/solution/solution-00014 
 15 2.016797808177e+10 9.358268451680e+08 768 7235 3201 18 7 8 8 5.62409339e-05 1.16386354e-04 outputs/V3.3e25_D10000_G10/solution/solution-00015 
 16 2.097371703276e+10 8.057389509955e+08 768 7235 3201 17 6 7 7 6.35265514e-05 1.31953302e-04 outputs/V3.3e25_D10000_G10/solution/solution-00016 
 17 2.168419565609e+10 7.104786233230e+08 768 7235 3201 16 6 7 7 7.05695872e-05 1.47050266e-04 outputs/V3.3e25_D10000_G10/solution/solution-00017 
 18 2.232207515079e+10 6.378794946980e+08 768 7235 3201 15 6 7 7 7.74321269e-05 1.61716355e-04 outputs/V3.3e25_D10000_G10/solution/solution-00018 
 19 2.290158955659e+10 5.795144058009e+08 768 7235 3201 14 6 7 7 8.41423315e-05 1.76158448e-04 outputs/V3.3e25_D10000_G10/solution/solution-00019 
 20 2.343401468478e+10 5.324251281974e+08 768 7235 3201 14 6 7 7 9.07280143e-05 1.90260526e-04 outputs/V3.3e25_D10000_G10/solution/solution-00020 
 21 2.392676008963e+10 4.927454048462e+08 768 7235 3201 13 6 7 7 9.71921957e-05 2.04027226e-04 outputs/V3.3e25_D10000_G10/solution/solution-00021 
 22 2.438653005065e+10 4.597699610166e+08 768 7235 3201 13 6 7 7 1.03543388e-04 2.17423779e-04 outputs/V3.3e25_D10000_G10/solution/solution-00022 
 23 2.481767328890e+10 4.311432382543e+08 768 7235 3201 12 6 7 7 1.09768809e-04 2.30457830e-04 outputs/V3.3e25_D10000_G10/solution/solution-00023 
 24 2.522438583829e+10 4.067125493865e+08 768 7235 3201 12 6 7 7 1.15860818e-04 2.43166256e-04 outputs/V3.3e25_D10000_G10/solution/solution-00024 
 25 2.561020702080e+10 3.858211825137e+08 768 7235 3201 12 6 7 7 1.21808576e-04 2.55322301e-04 outputs/V3.3e25_D10000_G10/solution/solution-00025 
 26 2.597738998706e+10 3.671829662585e+08 768 7235 3201 12 6 7 7 1.27586325e-04 2.67064827e-04 outputs/V3.3e25_D10000_G10/solution/solution-00026 
 27 2.632842835125e+10 3.510383641933e+08 768 7235 3201 11 6 7 7 1.33175901e-04 2.78133322e-04 outputs/V3.3e25_D10000_G10/solution/solution-00027 
 28 2.666549691705e+10 3.370685657939e+08 768 7235 3201 11 6 7 7 1.38557813e-04 2.88760441e-04 outputs/V3.3e25_D10000_G10/solution/solution-00028 
 29 2.699045839910e+10 3.249614820530e+08 768 7235 3201 11 6 7 7 1.43710788e-04 2.98658774e-04 outputs/V3.3e25_D10000_G10/solution/solution-00029 
 30 2.730447286467e+10 3.140144655674e+08 768 7235 3201 11 6 7 7 1.48605458e-04 3.07780135e-04 outputs/V3.3e25_D10000_G10/solution/solution-00030 
 31 2.760897913565e+10 3.045062709870e+08 768 7235 3201 11 6 7 7 1.53219987e-04 3.16174702e-04 outputs/V3.3e25_D10000_G10/solution/solution-00031 
 32 2.790528521262e+10 2.963060769634e+08 768 7235 3201 11 6 7 7 1.57533405e-04 3.24056106e-04 outputs/V3.3e25_D10000_G10/solution/solution-00032 
 33 2.819455521918e+10 2.892700065605e+08 768 7235 3201 11 6 7 7 1.61525381e-04 3.31093110e-04 outputs/V3.3e25_D10000_G10/solution/solution-00033 
 34 2.847783532435e+10 2.832801051718e+08 768 7235 3201 11 6 7 7 1.65176691e-04 3.37270025e-04 outputs/V3.3e25_D10000_G10/solution/solution-00034 
 35 2.875607449414e+10 2.782391697854e+08 768 7235 3201 11 6 7 7 1.68469639e-04 3.42576111e-04 outputs/V3.3e25_D10000_G10/solution/solution-00035 
 36 2.902985808368e+10 2.737835895487e+08 768 7235 3201 10 6 7 7 1.71385602e-04 3.50326499e-04 outputs/V3.3e25_D10000_G10/solution/solution-00036 
 37 2.929775550390e+10 2.678974202180e+08 768 7235 3201 10 6 7 7 1.73892813e-04 3.57866141e-04 outputs/V3.3e25_D10000_G10/solution/solution-00037 
 38 2.956004144328e+10 2.622859393749e+08 768 7235 3201 10 6 7 7 1.75987610e-04 3.64395412e-04 outputs/V3.3e25_D10000_G10/solution/solution-00038 
 39 2.981759510235e+10 2.575536590710e+08 768 7235 3201 10 6 7 7 1.77676481e-04 3.69927644e-04 outputs/V3.3e25_D10000_G10/solution/solution-00039 
 40 3.007126982518e+10 2.536747228299e+08 768 7235 3201 10 6 7 7 1.78968259e-04 3.74483390e-04 outputs/V3.3e25_D10000_G10/solution/solution-00040 
 41 3.032183629365e+10 2.505664684723e+08 768 7235 3201 10 6 7 7 1.79873340e-04 3.78087764e-04 outputs/V3.3e25_D10000_G10/solution/solution-00041 
 42 3.056999662850e+10 2.481603348495e+08 768 7235 3201 10 6 7 7 1.80403609e-04 3.80769968e-04 outputs/V3.3e25_D10000_G10/solution/solution-00042 
 43 3.081639592100e+10 2.463992924984e+08 768 7235 3201 10 6 7 7 1.80572354e-04 3.82562832e-04 outputs/V3.3e25_D10000_G10/solution/solution-00043 
 44 3.106163174078e+10 2.452358197836e+08 768 7235 3201 10 6 7 7 1.80394154e-04 3.83502358e-04 outputs/V3.3e25_D10000_G10/solution/solution-00044 
 45 3.130626203172e+10 2.446302909355e+08 768 7235 3201 10 6 7 7 1.79884759e-04 3.83627286e-04 outputs/V3.3e25_D10000_G10/solution/solution-00045 
 46 3.155081171065e+10 2.445496789301e+08 768 7235 3201 10 6 7 7 1.79060956e-04 3.82978664e-04 outputs/V3.3e25_D10000_G10/solution/solution-00046 
 47 3.179577821187e+10 2.449665012200e+08 768 7235 3201 10 6 7 7 1.77940428e-04 3.81599449e-04 outputs/V3.3e25_D10000_G10/solution/solution-00047 
 48 3.204163616595e+10 2.458579540866e+08 768 7235 3201 10 6 7 7 1.76541611e-04 3.79534109e-04 outputs/V3.3e25_D10000_G10/solution/solution-00048 
 49 3.228884136018e+10 2.472051942250e+08 768 7235 3201 10 6 7 7 1.74883545e-04 3.76828256e-04 outputs/V3.3e25_D10000_G10/solution/solution-00049 
 50 3.253783409579e+10 2.489927356108e+08 768 7235 3201 10 6 7 7 1.72985727e-04 3.73528291e-04 outputs/V3.3e25_D10000_G10/solution/solution-00050 
 51 3.278904203250e+10 2.512079367053e+08 768 7235 3201 10 6 7 7 1.70867966e-04 3.69681068e-04 outputs/V3.3e25_D10000_G10/solution/solution-00051 
 52 3.304288259084e+10 2.538405583409e+08 768 7235 3201 10 6 7 7 1.68550240e-04 3.65333581e-04 outputs/V3.3e25_D10000_G10/solution/solution-00052 
 53 3.329976496748e+10 2.568823766402e+08 768 7235 3201 10 6 7 7 1.66052562e-04 3.60532671e-04 outputs/V3.3e25_D10000_G10/solution/solution-00053 
 54 3.356009180589e+10 2.603268384171e+08 768 7235 3201 10 6 7 7 1.63394845e-04 3.55324747e-04 outputs/V3.3e25_D10000_G10/solution/solution-00054 
 55 3.382422094414e+10 2.641291382428e+08 768 7235 3201 10 6 7 7 1.60597214e-04 3.49756391e-04 outputs/V3.3e25_D10000_G10/solution/solution-00055 
 56 3.409251923425e+10 2.682982901154e+08 768 7235 3201 10 6 7 7 1.57679350e-04 3.43873093e-04 outputs/V3.3e25_D10000_G10/solution/solution-00056 
 57 3.436536904793e+10 2.728498136805e+08 768 7235 3201 10 6 7 7 1.54660288e-04 3.37718800e-04 outputs/V3.3e25_D10000_G10/solution/solution-00057 
 58 3.464314957161e+10 2.777805236754e+08 768 7235 3201 10 6 7 7 1.51558501e-04 3.31336090e-04 outputs/V3.3e25_D10000_G10/solution/solution-00058 
 59 3.492623709093e+10 2.830875193220e+08 768 7235 3201 10 6 7 7 1.48391822e-04 3.24766002e-04 outputs/V3.3e25_D10000_G10/solution/solution-00059 
 60 3.521500504338e+10 2.887679524509e+08 768 7235 3201 10 6 7 7 1.45177363e-04 3.18047884e-04 outputs/V3.3e25_D10000_G10/solution/solution-00060 
 61 3.550982384288e+10 2.948187994955e+08 768 7235 3201 10 6 7 7 1.41931453e-04 3.11219264e-04 outputs/V3.3e25_D10000_G10/solution/solution-00061 
 62 3.581106047928e+10 3.012366364029e+08 768 7235 3201 10 6 7 7 1.38669581e-04 3.04365906e-04 outputs/V3.3e25_D10000_G10/solution/solution-00062 
 63 3.611907789545e+10 3.080174161716e+08 768 7235 3201 10 6 7 7 1.35406353e-04 2.97471493e-04 outputs/V3.3e25_D10000_G10/solution/solution-00063 
 64 3.643423414494e+10 3.151562494852e+08 768 7235 3201 10 6 7 7 1.32155456e-04 2.90565060e-04 outputs/V3.3e25_D10000_G10/solution/solution-00064 
 65 3.675688133463e+10 3.226471896954e+08 768 7235 3201 10 6 7 7 1.28929635e-04 2.83675690e-04 outputs/V3.3e25_D10000_G10/solution/solution-00065 
 66 3.708736435883e+10 3.304830241970e+08 768 7235 3201 10 6 7 7 1.25740673e-04 2.76830341e-04 outputs/V3.3e25_D10000_G10/solution/solution-00066 
 67 3.742601943384e+10 3.386550750136e+08 768 7235 3201 10 6 7 7 1.22599385e-04 2.70053828e-04 outputs/V3.3e25_D10000_G10/solution/solution-00067 
 68 3.777317244599e+10 3.471530121478e+08 768 7235 3201 11 6 7 7 1.19515619e-04 2.63368823e-04 outputs/V3.3e25_D10000_G10/solution/solution-00068 
 69 3.812913712991e+10 3.559646839250e+08 768 7235 3201 11 5 6 6 1.16498258e-04 2.56795867e-04 outputs/V3.3e25_D10000_G10/solution/solution-00069 
 70 3.849421309940e+10 3.650759694907e+08 768 7235 3201 11 5 6 6 1.13555237e-04 2.50353394e-04 outputs/V3.3e25_D10000_G10/solution/solution-00070 
 71 3.886868375607e+10 3.744706566609e+08 768 7235 3201 11 5 6 6 1.10693557e-04 2.44057775e-04 outputs/V3.3e25_D10000_G10/solution/solution-00071 
 72 3.925281411151e+10 3.841303554457e+08 768 7235 3201 11 5 6 6 1.07919314e-04 2.37923361e-04 outputs/V3.3e25_D10000_G10/solution/solution-00072 
 73 3.964684855817e+10 3.940344466552e+08 768 7235 3201 11 5 6 6 1.05237723e-04 2.31962546e-04 outputs/V3.3e25_D10000_G10/solution/solution-00073 
 74 4.005100863340e+10 4.041600752349e+08 768 7235 3201 11 5 6 6 1.02653152e-04 2.26185834e-04 outputs/V3.3e25_D10000_G10/solution/solution-00074 
 75 4.046549082480e+10 4.144821913950e+08 768 7235 3201 11 5 6 6 1.00169156e-04 2.20601916e-04 outputs/V3.3e25_D10000_G10/solution/solution-00075 
 76 4.089046446848e+10 4.249736436827e+08 768 7235 3201 11 5 6 6 9.77885164e-05 2.15217754e-04 outputs/V3.3e25_D10000_G10/solution/solution-00076 
 77 4.132606979515e+10 4.356053266676e+08 768 7235 3201 11 5 6 6 9.55132796e-05 2.10038668e-04 outputs/V3.3e25_D10000_G10/solution/solution-00077 
 78 4.177241617955e+10 4.463463843983e+08 768 7235 3201 12 5 6 6 9.33448013e-05 2.05068430e-04 outputs/V3.3e25_D10000_G10/solution/solution-00078 
 79 4.222958064854e+10 4.571644689921e+08 768 7235 3201 12 5 6 6 9.12837885e-05 2.00309362e-04 outputs/V3.3e25_D10000_G10/solution/solution-00079 
 80 4.269760670025e+10 4.680260517106e+08 768 7235 3201 12 5 6 6 8.93303443e-05 1.95762435e-04 outputs/V3.3e25_D10000_G10/solution/solution-00080 
 81 4.317650348198e+10 4.788967817361e+08 768 7235 3201 12 5 6 6 8.74840133e-05 1.91427368e-04 outputs/V3.3e25_D10000_G10/solution/solution-00081 
 82 4.366624536770e+10 4.897418857156e+08 768 7235 3201 12 5 6 6 8.57438269e-05 1.87302733e-04 outputs/V3.3e25_D10000_G10/solution/solution-00082 
 83 4.416677196680e+10 5.005265990994e+08 768 7235 3201 12 5 6 6 8.41083485e-05 1.83386057e-04 outputs/V3.3e25_D10000_G10/solution/solution-00083 
 84 4.467798858531e+10 5.112166185156e+08 768 7235 3201 12 5 6 6 8.25757191e-05 1.79673920e-04 outputs/V3.3e25_D10000_G10/solution/solution-00084 
 85 4.519976714833e+10 5.217785630172e+08 768 7235 3201 12 5 6 6 8.11437012e-05 1.76162058e-04 outputs/V3.3e25_D10000_G10/solution/solution-00085 
 86 4.573194757946e+10 5.321804311274e+08 768 7235 3201 13 5 6 6 7.98097230e-05 1.72845457e-04 outputs/V3.3e25_D10000_G10/solution/solution-00086 
 87 4.627433961974e+10 5.423920402829e+08 768 7235 3201 13 5 6 6 7.85709205e-05 1.69718450e-04 outputs/V3.3e25_D10000_G10/solution/solution-00087 
 88 4.682672505532e+10 5.523854355823e+08 768 7235 3201 13 6 7 7 7.74241794e-05 1.66774810e-04 outputs/V3.3e25_D10000_G10/solution/solution-00088 
 89 4.738886030962e+10 5.621352542907e+08 768 7235 3201 13 6 7 7 7.63661736e-05 1.64007832e-04 outputs/V3.3e25_D10000_G10/solution/solution-00089 
 90 4.796047935358e+10 5.716190439608e+08 768 7235 3201 13 6 7 7 7.53934048e-05 1.61410425e-04 outputs/V3.3e25_D10000_G10/solution/solution-00090 
 91 4.854129685801e+10 5.808175044292e+08 768 7235 3201 13 6 7 7 7.45022376e-05 1.58975186e-04 outputs/V3.3e25_D10000_G10/solution/solution-00091 
 92 4.913101153391e+10 5.897146759061e+08 768 7235 3201 13 6 7 7 7.36889338e-05 1.56694477e-04 outputs/V3.3e25_D10000_G10/solution/solution-00092 
 93 4.972930958242e+10 5.982980485088e+08 768 7235 3201 13 6 7 7 7.29496847e-05 1.54560499e-04 outputs/V3.3e25_D10000_G10/solution/solution-00093 
 94 5.033586818349e+10 6.065586010653e+08 768 7235 3201 13 6 7 7 7.22806407e-05 1.52565351e-04 outputs/V3.3e25_D10000_G10/solution/solution-00094 
 95 5.095035895328e+10 6.144907697947e+08 768 7235 3201 13 6 7 7 7.16779391e-05 1.50701097e-04 outputs/V3.3e25_D10000_G10/solution/solution-00095 
 96 5.157245130457e+10 6.220923512898e+08 768 7235 3201 13 6 7 7 7.11377291e-05 1.48959820e-04 outputs/V3.3e25_D10000_G10/solution/solution-00096 
 97 5.220181565086e+10 6.293643462903e+08 768 7235 3201 13 6 7 7 7.06561954e-05 1.47333673e-04 outputs/V3.3e25_D10000_G10/solution/solution-00097 
 98 5.283812640320e+10 6.363107523392e+08 768 7235 3201 13 6 7 7 7.02295784e-05 1.45814922e-04 outputs/V3.3e25_D10000_G10/solution/solution-00098 
 99 5.348106471772e+10 6.429383145184e+08 768 7235 3201 14 6 7 7 6.98541931e-05 1.44395993e-04 outputs/V3.3e25_D10000_G10/solution/solution-00099 
100 5.413032096177e+10 6.492562440535e+08 768 7235 3201 14 6 7 7 6.95264455e-05 1.43069504e-04 outputs/V3.3e25_D10000_G10/solution/solution-00100 
