# 1: Time step number
# 2: Time (years)
# 3: Time step size (years)
# 4: Number of mesh cells
# 5: Number of Stokes degrees of freedom
# 6: Number of temperature degrees of freedom
# 7: Iterations for temperature solver
# 8: Iterations for Stokes solver
# 9: Velocity iterations in Stokes preconditioner
# 10: Schur complement iterations in Stokes preconditioner
# 11: RMS velocity (m/year)
# 12: Max. velocity (m/year)
# 13: Visualization file name
  0 0.000000000000e+00 0.000000000000e+00 768 7235 3201  0 8 9 9 8.13648205e-09 1.71428016e-08 outputs/V3.3e26_D3000_G4/solution/solution-00000 
  1 1.392571516413e+09 1.392571516413e+09 768 7235 3201 32 8 9 9 7.70046840e-09 1.37898216e-08 outputs/V3.3e26_D3000_G4/solution/solution-00001 
  2 2.785143032825e+09 1.392571516413e+09 768 7235 3201 25 8 9 9 7.34718634e-09 1.23966188e-08 outputs/V3.3e26_D3000_G4/solution/solution-00002 
  3 4.177714549238e+09 1.392571516413e+09 768 7235 3201 24 8 9 9 7.02537953e-09 1.18624014e-08 outputs/V3.3e26_D3000_G4/solution/solution-00003 
  4 5.570286065650e+09 1.392571516413e+09 768 7235 3201 23 8 9 9 6.71283487e-09 1.13424516e-08 outputs/V3.3e26_D3000_G4/solution/solution-00004 
  5 6.962857582063e+09 1.392571516413e+09 768 7235 3201 23 8 9 9 6.41011535e-09 1.08380897e-08 outputs/V3.3e26_D3000_G4/solution/solution-00005 
  6 8.355429098476e+09 1.392571516413e+09 768 7235 3201 22 8 9 9 6.11752167e-09 1.03500492e-08 outputs/V3.3e26_D3000_G4/solution/solution-00006 
  7 9.748000614888e+09 1.392571516413e+09 768 7235 3201 22 8 9 9 5.83536295e-09 9.87876124e-09 outputs/V3.3e26_D3000_G4/solution/solution-00007 
  8 1.114057213130e+10 1.392571516413e+09 768 7235 3201 21 8 9 9 5.56382360e-09 9.42446264e-09 outputs/V3.3e26_D3000_G4/solution/solution-00008 
  9 1.253314364771e+10 1.392571516413e+09 768 7235 3201 21 8 9 9 5.30296093e-09 8.98724208e-09 outputs/V3.3e26_D3000_G4/solution/solution-00009 
 10 1.392571516413e+10 1.392571516413e+09 768 7235 3201 21 8 9 9 5.05272797e-09 8.56706603e-09 outputs/V3.3e26_D3000_G4/solution/solution-00010 
 11 1.531828668054e+10 1.392571516413e+09 768 7235 3201 20 8 9 9 4.81299522e-09 8.16379692e-09 outputs/V3.3e26_D3000_G4/solution/solution-00011 
 12 1.671085819695e+10 1.392571516413e+09 768 7235 3201 20 8 9 9 4.58356928e-09 7.77720846e-09 outputs/V3.3e26_D3000_G4/solution/solution-00012 
 13 1.810342971336e+10 1.392571516413e+09 768 7235 3201 20 8 9 9 4.36420824e-09 7.40699950e-09 outputs/V3.3e26_D3000_G4/solution/solution-00013 
 14 1.949600122978e+10 1.392571516413e+09 768 7235 3201 20 8 9 9 4.15463436e-09 7.05280693e-09 outputs/V3.3e26_D3000_G4/solution/solution-00014 
 15 2.088857274619e+10 1.392571516413e+09 768 7235 3201 20 8 9 9 3.95454430e-09 6.71421770e-09 outputs/V3.3e26_D3000_G4/solution/solution-00015 
 16 2.228114426260e+10 1.392571516413e+09 768 7235 3201 20 8 9 9 3.76361746e-09 6.39077986e-09 outputs/V3.3e26_D3000_G4/solution/solution-00016 
 17 2.367371577901e+10 1.392571516413e+09 768 7235 3201 20 8 9 9 3.58152259e-09 6.08201244e-09 outputs/V3.3e26_D3000_G4/solution/solution-00017 
 18 2.506628729543e+10 1.392571516413e+09 768 7235 3201 20 8 9 9 3.40792313e-09 5.78741425e-09 outputs/V3.3e26_D3000_G4/solution/solution-00018 
 19 2.645885881184e+10 1.392571516413e+09 768 7235 3201 19 8 9 9 3.24248135e-09 5.50647144e-09 outputs/V3.3e26_D3000_G4/solution/solution-00019 
 20 2.785143032825e+10 1.392571516413e+09 768 7235 3201 19 8 9 9 3.08486168e-09 5.23866397e-09 outputs/V3.3e26_D3000_G4/solution/solution-00020 
 21 2.924400184466e+10 1.392571516413e+09 768 7235 3201 19 8 9 9 2.93473318e-09 4.98347093e-09 outputs/V3.3e26_D3000_G4/solution/solution-00021 
 22 3.063657336108e+10 1.392571516413e+09 768 7235 3201 19 8 9 9 2.79177151e-09 4.74037500e-09 outputs/V3.3e26_D3000_G4/solution/solution-00022 
 23 3.202914487749e+10 1.392571516413e+09 768 7235 3201 19 8 9 9 2.65566037e-09 4.50886590e-09 outputs/V3.3e26_D3000_G4/solution/solution-00023 
 24 3.342171639390e+10 1.392571516413e+09 768 7235 3201 19 8 9 9 2.52609253e-09 4.28844325e-09 outputs/V3.3e26_D3000_G4/solution/solution-00024 
 25 3.481428791032e+10 1.392571516413e+09 768 7235 3201 19 8 9 9 2.40277057e-09 4.07861865e-09 outputs/V3.3e26_D3000_G4/solution/solution-00025 
 26 3.620685942673e+10 1.392571516413e+09 768 7235 3201 19 8 9 9 2.28540740e-09 3.87891735e-09 outputs/V3.3e26_D3000_G4/solution/solution-00026 
 27 3.759943094314e+10 1.392571516413e+09 768 7235 3201 19 8 9 9 2.17372648e-09 3.68887938e-09 outputs/V3.3e26_D3000_G4/solution/solution-00027 
 28 3.899200245955e+10 1.392571516413e+09 768 7235 3201 19 8 9 9 2.06746198e-09 3.50806034e-09 outputs/V3.3e26_D3000_G4/solution/solution-00028 
 29 4.038457397597e+10 1.392571516413e+09 768 7235 3201 19 8 9 9 1.96635880e-09 3.33603191e-09 outputs/V3.3e26_D3000_G4/solution/solution-00029 
 30 4.177714549238e+10 1.392571516413e+09 768 7235 3201 19 8 9 9 1.87017240e-09 3.17238208e-09 outputs/V3.3e26_D3000_G4/solution/solution-00030 
 31 4.316971700879e+10 1.392571516413e+09 768 7235 3201 19 8 9 9 1.77866872e-09 3.01671524e-09 outputs/V3.3e26_D3000_G4/solution/solution-00031 
 32 4.456228852520e+10 1.392571516413e+09 768 7235 3201 19 8 9 9 1.69162390e-09 2.86865206e-09 outputs/V3.3e26_D3000_G4/solution/solution-00032 
 33 4.595486004162e+10 1.392571516413e+09 768 7235 3201 19 8 9 9 1.60882400e-09 2.72782928e-09 outputs/V3.3e26_D3000_G4/solution/solution-00033 
 34 4.734743155803e+10 1.392571516413e+09 768 7235 3201 18 8 9 9 1.53006475e-09 2.59389938e-09 outputs/V3.3e26_D3000_G4/solution/solution-00034 
 35 4.874000307444e+10 1.392571516413e+09 768 7235 3201 18 8 9 9 1.45515119e-09 2.46653023e-09 outputs/V3.3e26_D3000_G4/solution/solution-00035 
 36 5.013257459085e+10 1.392571516413e+09 768 7235 3201 18 8 9 9 1.38389737e-09 2.34540465e-09 outputs/V3.3e26_D3000_G4/solution/solution-00036 
 37 5.152514610727e+10 1.392571516413e+09 768 7235 3201 18 8 9 9 1.31612599e-09 2.23021989e-09 outputs/V3.3e26_D3000_G4/solution/solution-00037 
 38 5.291771762368e+10 1.392571516413e+09 768 7235 3201 18 8 9 9 1.25166805e-09 2.12068723e-09 outputs/V3.3e26_D3000_G4/solution/solution-00038 
 39 5.431028914009e+10 1.392571516413e+09 768 7235 3201 18 8 9 9 1.19036255e-09 2.01653136e-09 outputs/V3.3e26_D3000_G4/solution/solution-00039 
 40 5.570286065650e+10 1.392571516413e+09 768 7235 3201 18 8 9 9 1.13205612e-09 1.91748996e-09 outputs/V3.3e26_D3000_G4/solution/solution-00040 
 41 5.709543217292e+10 1.392571516413e+09 768 7235 3201 18 8 9 9 1.07660270e-09 1.82331311e-09 outputs/V3.3e26_D3000_G4/solution/solution-00041 
 42 5.848800368933e+10 1.392571516413e+09 768 7235 3201 18 8 9 9 1.02386325e-09 1.73376282e-09 outputs/V3.3e26_D3000_G4/solution/solution-00042 
 43 5.988057520574e+10 1.392571516413e+09 768 7235 3201 18 8 9 9 9.73705367e-10 1.64861248e-09 outputs/V3.3e26_D3000_G4/solution/solution-00043 
 44 6.127314672215e+10 1.392571516413e+09 768 7235 3201 18 8 9 9 9.26003053e-10 1.56764640e-09 outputs/V3.3e26_D3000_G4/solution/solution-00044 
 45 6.266571823857e+10 1.392571516413e+09 768 7235 3201 18 8 9 9 8.80636385e-10 1.49065932e-09 outputs/V3.3e26_D3000_G4/solution/solution-00045 
 46 6.405828975498e+10 1.392571516413e+09 768 7235 3201 18 8 9 9 8.37491244e-10 1.41745592e-09 outputs/V3.3e26_D3000_G4/solution/solution-00046 
 47 6.545086127139e+10 1.392571516413e+09 768 7235 3201 18 8 9 9 7.96459044e-10 1.34785037e-09 outputs/V3.3e26_D3000_G4/solution/solution-00047 
 48 6.684343278781e+10 1.392571516413e+09 768 7235 3201 18 8 9 9 7.57436470e-10 1.28166589e-09 outputs/V3.3e26_D3000_G4/solution/solution-00048 
 49 6.823600430422e+10 1.392571516413e+09 768 7235 3201 18 8 9 9 7.20325229e-10 1.21873434e-09 outputs/V3.3e26_D3000_G4/solution/solution-00049 
 50 6.962857582063e+10 1.392571516413e+09 768 7235 3201 18 8 9 9 6.85031812e-10 1.15889579e-09 outputs/V3.3e26_D3000_G4/solution/solution-00050 
 51 7.102114733704e+10 1.392571516413e+09 768 7235 3201 18 8 9 9 6.51467266e-10 1.10199815e-09 outputs/V3.3e26_D3000_G4/solution/solution-00051 
 52 7.241371885346e+10 1.392571516413e+09 768 7235 3201 18 8 9 9 6.19546974e-10 1.04789679e-09 outputs/V3.3e26_D3000_G4/solution/solution-00052 
 53 7.380629036987e+10 1.392571516413e+09 768 7235 3201 18 8 9 9 5.89190446e-10 9.96454158e-10 outputs/V3.3e26_D3000_G4/solution/solution-00053 
 54 7.519886188628e+10 1.392571516413e+09 768 7235 3201 18 8 9 9 5.60321123e-10 9.47539471e-10 outputs/V3.3e26_D3000_G4/solution/solution-00054 
 55 7.659143340269e+10 1.392571516413e+09 768 7235 3201 18 8 9 9 5.32866186e-10 9.01028371e-10 outputs/V3.3e26_D3000_G4/solution/solution-00055 
 56 7.798400491911e+10 1.392571516413e+09 768 7235 3201 18 8 9 9 5.06756373e-10 8.56802614e-10 outputs/V3.3e26_D3000_G4/solution/solution-00056 
 57 7.937657643552e+10 1.392571516413e+09 768 7235 3201 18 8 9 9 4.81925807e-10 8.14749772e-10 outputs/V3.3e26_D3000_G4/solution/solution-00057 
 58 8.076914795193e+10 1.392571516413e+09 768 7235 3201 18 8 9 9 4.58311835e-10 7.74762951e-10 outputs/V3.3e26_D3000_G4/solution/solution-00058 
 59 8.216171946834e+10 1.392571516413e+09 768 7235 3201 18 8 9 9 4.35854866e-10 7.36740518e-10 outputs/V3.3e26_D3000_G4/solution/solution-00059 
 60 8.355429098476e+10 1.392571516413e+09 768 7235 3201 18 8 9 9 4.14498227e-10 7.00585845e-10 outputs/V3.3e26_D3000_G4/solution/solution-00060 
 61 8.494686250117e+10 1.392571516413e+09 768 7235 3201 17 8 9 9 3.94188014e-10 6.66207057e-10 outputs/V3.3e26_D3000_G4/solution/solution-00061 
 62 8.633943401758e+10 1.392571516413e+09 768 7235 3201 17 8 9 9 3.74872966e-10 6.33516811e-10 outputs/V3.3e26_D3000_G4/solution/solution-00062 
 63 8.773200553399e+10 1.392571516413e+09 768 7235 3201 17 8 9 9 3.56504330e-10 6.02432065e-10 outputs/V3.3e26_D3000_G4/solution/solution-00063 
 64 8.912457705041e+10 1.392571516413e+09 768 7235 3201 17 8 9 9 3.39035740e-10 5.72873864e-10 outputs/V3.3e26_D3000_G4/solution/solution-00064 
 65 9.051714856682e+10 1.392571516413e+09 768 7235 3201 17 8 9 9 3.22423100e-10 5.44767144e-10 outputs/V3.3e26_D3000_G4/solution/solution-00065 
 66 9.190972008323e+10 1.392571516413e+09 768 7235 3201 17 8 9 9 3.06624474e-10 5.18040538e-10 outputs/V3.3e26_D3000_G4/solution/solution-00066 
 67 9.330229159964e+10 1.392571516413e+09 768 7235 3201 17 8 9 9 2.91599978e-10 4.92626191e-10 outputs/V3.3e26_D3000_G4/solution/solution-00067 
 68 9.469486311606e+10 1.392571516413e+09 768 7235 3201 17 8 9 9 2.77311683e-10 4.68459593e-10 outputs/V3.3e26_D3000_G4/solution/solution-00068 
 69 9.608743463247e+10 1.392571516413e+09 768 7235 3201 17 8 9 9 2.63723518e-10 4.45479411e-10 outputs/V3.3e26_D3000_G4/solution/solution-00069 
 70 9.748000614888e+10 1.392571516413e+09 768 7235 3201 17 8 9 9 2.50801178e-10 4.23627329e-10 outputs/V3.3e26_D3000_G4/solution/solution-00070 
 71 9.887257766530e+10 1.392571516413e+09 768 7235 3201 17 8 9 9 2.38512039e-10 4.02847905e-10 outputs/V3.3e26_D3000_G4/solution/solution-00071 
 72 1.002651491817e+11 1.392571516413e+09 768 7235 3201 17 8 9 9 2.26825074e-10 3.83088425e-10 outputs/V3.3e26_D3000_G4/solution/solution-00072 
 73 1.016577206981e+11 1.392571516413e+09 768 7235 3201 17 8 9 9 2.15710778e-10 3.64298771e-10 outputs/V3.3e26_D3000_G4/solution/solution-00073 
 74 1.030502922145e+11 1.392571516413e+09 768 7235 3201 17 8 9 9 2.05141091e-10 3.46431291e-10 outputs/V3.3e26_D3000_G4/solution/solution-00074 
 75 1.044428637309e+11 1.392571516413e+09 768 7235 3201 17 8 9 9 1.95089326e-10 3.29440680e-10 outputs/V3.3e26_D3000_G4/solution/solution-00075 
 76 1.058354352474e+11 1.392571516413e+09 768 7235 3201 17 8 9 9 1.85530105e-10 3.13283860e-10 outputs/V3.3e26_D3000_G4/solution/solution-00076 
 77 1.072280067638e+11 1.392571516413e+09 768 7235 3201 17 8 9 9 1.76439293e-10 2.97919873e-10 outputs/V3.3e26_D3000_G4/solution/solution-00077 
 78 1.086205782802e+11 1.392571516413e+09 768 7235 3201 17 8 9 9 1.67793938e-10 2.83309778e-10 outputs/V3.3e26_D3000_G4/solution/solution-00078 
 79 1.100131497966e+11 1.392571516413e+09 768 7235 3201 17 8 9 9 1.59572213e-10 2.69416548e-10 outputs/V3.3e26_D3000_G4/solution/solution-00079 
 80 1.114057213130e+11 1.392571516413e+09 768 7235 3201 17 8 9 9 1.51753359e-10 2.56204977e-10 outputs/V3.3e26_D3000_G4/solution/solution-00080 
 81 1.127982928294e+11 1.392571516413e+09 768 7235 3201 17 8 9 9 1.44317635e-10 2.43641593e-10 outputs/V3.3e26_D3000_G4/solution/solution-00081 
 82 1.141908643458e+11 1.392571516413e+09 768 7235 3201 17 8 9 9 1.37246267e-10 2.31694566e-10 outputs/V3.3e26_D3000_G4/solution/solution-00082 
 83 1.155834358622e+11 1.392571516413e+09 768 7235 3201 17 8 9 9 1.30521402e-10 2.20333635e-10 outputs/V3.3e26_D3000_G4/solution/solution-00083 
 84 1.169760073787e+11 1.392571516413e+09 768 7235 3201 17 8 9 9 1.24126060e-10 2.09530023e-10 outputs/V3.3e26_D3000_G4/solution/solution-00084 
 85 1.183685788951e+11 1.392571516413e+09 768 7235 3201 17 8 9 9 1.18044094e-10 1.99256371e-10 outputs/V3.3e26_D3000_G4/solution/solution-00085 
 86 1.197611504115e+11 1.392571516413e+09 768 7235 3201 17 8 9 9 1.12260148e-10 1.89486664e-10 outputs/V3.3e26_D3000_G4/solution/solution-00086 
 87 1.211537219279e+11 1.392571516413e+09 768 7235 3201 17 8 9 9 1.06759619e-10 1.80196164e-10 outputs/V3.3e26_D3000_G4/solution/solution-00087 
 88 1.225462934443e+11 1.392571516413e+09 768 7235 3201 17 8 9 9 1.01528618e-10 1.71361350e-10 outputs/V3.3e26_D3000_G4/solution/solution-00088 
 89 1.239388649607e+11 1.392571516413e+09 768 7235 3201 16 8 9 9 9.65539378e-11 1.62959852e-10 outputs/V3.3e26_D3000_G4/solution/solution-00089 
 90 1.253314364771e+11 1.392571516413e+09 768 7235 3201 16 8 9 9 9.18230182e-11 1.54970408e-10 outputs/V3.3e26_D3000_G4/solution/solution-00090 
 91 1.267240079935e+11 1.392571516413e+09 768 7235 3201 16 8 9 9 8.73239155e-11 1.47372797e-10 outputs/V3.3e26_D3000_G4/solution/solution-00091 
 92 1.281165795100e+11 1.392571516413e+09 768 7235 3201 16 8 9 9 8.30452702e-11 1.40147791e-10 outputs/V3.3e26_D3000_G4/solution/solution-00092 
 93 1.295091510264e+11 1.392571516413e+09 768 7235 3201 16 8 9 9 7.89762796e-11 1.33277106e-10 outputs/V3.3e26_D3000_G4/solution/solution-00093 
 94 1.309017225428e+11 1.392571516413e+09 768 7235 3201 16 8 9 9 7.51066704e-11 1.26743356e-10 outputs/V3.3e26_D3000_G4/solution/solution-00094 
 95 1.322942940592e+11 1.392571516413e+09 768 7235 3201 16 8 9 9 7.14266725e-11 1.20530011e-10 outputs/V3.3e26_D3000_G4/solution/solution-00095 
 96 1.336868655756e+11 1.392571516413e+09 768 7235 3201 16 8 9 9 6.79269947e-11 1.14621348e-10 outputs/V3.3e26_D3000_G4/solution/solution-00096 
 97 1.350794370920e+11 1.392571516413e+09 768 7235 3201 16 8 9 9 6.45988010e-11 1.09002422e-10 outputs/V3.3e26_D3000_G4/solution/solution-00097 
 98 1.364720086084e+11 1.392571516413e+09 768 7235 3201 16 8 9 9 6.14336884e-11 1.03659017e-10 outputs/V3.3e26_D3000_G4/solution/solution-00098 
 99 1.378645801248e+11 1.392571516413e+09 768 7235 3201 16 8 9 9 5.84236658e-11 9.85776167e-11 outputs/V3.3e26_D3000_G4/solution/solution-00099 
100 1.392571516413e+11 1.392571516413e+09 768 7235 3201 16 8 9 9 5.55611334e-11 9.37453693e-11 outputs/V3.3e26_D3000_G4/solution/solution-00100 
