# 1: Time step number
# 2: Time (years)
# 3: Time step size (years)
# 4: Number of mesh cells
# 5: Number of Stokes degrees of freedom
# 6: Number of temperature degrees of freedom
# 7: Iterations for temperature solver
# 8: Iterations for Stokes solver
# 9: Velocity iterations in Stokes preconditioner
# 10: Schur complement iterations in Stokes preconditioner
# 11: RMS velocity (m/year)
# 12: Max. velocity (m/year)
# 13: Visualization file name
  0 0.000000000000e+00 0.000000000000e+00 768 7235 3201  0 8 9 9 7.99772601e-07 1.34932359e-06 outputs/V3.3e24_D1000_G4/solution/solution-00000 
  1 1.392571516413e+09 1.392571516413e+09 768 7235 3201 22 8 9 9 1.06118119e-06 1.79035500e-06 outputs/V3.3e24_D1000_G4/solution/solution-00001 
  2 2.785143032825e+09 1.392571516413e+09 768 7235 3201 17 7 8 8 1.44760985e-06 2.44231216e-06 outputs/V3.3e24_D1000_G4/solution/solution-00002 
  3 4.177714549238e+09 1.392571516413e+09 768 7235 3201 18 7 8 8 1.99200169e-06 3.36077479e-06 outputs/V3.3e24_D1000_G4/solution/solution-00003 
  4 5.570286065650e+09 1.392571516413e+09 768 7235 3201 18 7 8 8 2.74842025e-06 4.63695600e-06 outputs/V3.3e24_D1000_G4/solution/solution-00004 
  5 6.962857582063e+09 1.392571516413e+09 768 7235 3201 18 7 8 8 3.79511658e-06 6.40287757e-06 outputs/V3.3e24_D1000_G4/solution/solution-00005 
  6 8.355429098476e+09 1.392571516413e+09 768 7235 3201 18 7 8 8 5.24164588e-06 8.84337852e-06 outputs/V3.3e24_D1000_G4/solution/solution-00006 
  7 9.748000614888e+09 1.392571516413e+09 768 7235 3201 19 7 8 8 7.23987212e-06 1.22146860e-05 outputs/V3.3e24_D1000_G4/solution/solution-00007 
  8 1.114057213130e+10 1.392571516413e+09 768 7235 3201 19 7 8 8 9.99957724e-06 1.68707627e-05 outputs/V3.3e24_D1000_G4/solution/solution-00008 
  9 1.253314364771e+10 1.392571516413e+09 768 7235 3201 19 7 8 8 1.38099745e-05 2.32996356e-05 outputs/V3.3e24_D1000_G4/solution/solution-00009 
 10 1.392571516413e+10 1.392571516413e+09 768 7235 3201 20 7 8 8 1.90688296e-05 3.21726123e-05 outputs/V3.3e24_D1000_G4/solution/solution-00010 
 11 1.531828668054e+10 1.392571516413e+09 768 7235 3201 20 7 8 8 2.63209267e-05 4.44094019e-05 outputs/V3.3e24_D1000_G4/solution/solution-00011 
 12 1.671085819695e+10 1.392571516413e+09 768 7235 3201 21 7 8 8 3.63065297e-05 6.12604473e-05 outputs/V3.3e24_D1000_G4/solution/solution-00012 
 13 1.810342971336e+10 1.392571516413e+09 768 7235 3201 22 7 8 8 5.00162026e-05 8.44008444e-05 outputs/V3.3e24_D1000_G4/solution/solution-00013 
 14 1.921420059112e+10 1.110770877756e+09 768 7235 3201 20 7 8 8 6.46545662e-05 1.09116550e-04 outputs/V3.3e24_D1000_G4/solution/solution-00014 
 15 2.007337365099e+10 8.591730598665e+08 768 7235 3201 18 6 7 7 7.89604194e-05 1.33280140e-04 outputs/V3.3e24_D1000_G4/solution/solution-00015 
 16 2.077677927223e+10 7.034056212441e+08 768 7235 3201 16 6 7 7 9.30190326e-05 1.57036626e-04 outputs/V3.3e24_D1000_G4/solution/solution-00016 
 17 2.137377375793e+10 5.969944856976e+08 768 7235 3201 15 6 7 7 1.06834242e-04 1.80393376e-04 outputs/V3.3e24_D1000_G4/solution/solution-00017 
 18 2.189347133270e+10 5.196975747685e+08 768 7235 3201 14 6 7 7 1.20396634e-04 2.03335099e-04 outputs/V3.3e24_D1000_G4/solution/solution-00018 
 19 2.235453290323e+10 4.610615705376e+08 768 7235 3201 13 6 7 7 1.33694907e-04 2.25842994e-04 outputs/V3.3e24_D1000_G4/solution/solution-00019 
 20 2.276964429759e+10 4.151113943545e+08 768 7235 3201 12 6 7 7 1.46717574e-04 2.47897599e-04 outputs/V3.3e24_D1000_G4/solution/solution-00020 
 21 2.314782464499e+10 3.781803473972e+08 768 7235 3201 12 6 7 7 1.59453122e-04 2.69479058e-04 outputs/V3.3e24_D1000_G4/solution/solution-00021 
 22 2.349571809856e+10 3.478934535727e+08 768 7235 3201 11 6 7 7 1.71890060e-04 2.90567190e-04 outputs/V3.3e24_D1000_G4/solution/solution-00022 
 23 2.381836292302e+10 3.226448244577e+08 768 7235 3201 11 6 7 7 1.84017025e-04 3.11141663e-04 outputs/V3.3e24_D1000_G4/solution/solution-00023 
 24 2.411967261979e+10 3.013096967717e+08 768 7235 3201 11 6 7 7 1.95822909e-04 3.31182220e-04 outputs/V3.3e24_D1000_G4/solution/solution-00024 
 25 2.440274941045e+10 2.830767906609e+08 768 7235 3201 10 6 7 7 2.07296998e-04 3.50668925e-04 outputs/V3.3e24_D1000_G4/solution/solution-00025 
 26 2.467009559781e+10 2.673461873641e+08 768 7235 3201 10 6 7 7 2.18429093e-04 3.69582374e-04 outputs/V3.3e24_D1000_G4/solution/solution-00026 
 27 2.492376029267e+10 2.536646948593e+08 768 7235 3201 10 6 7 7 2.29209609e-04 3.87903890e-04 outputs/V3.3e24_D1000_G4/solution/solution-00027 
 28 2.516544387050e+10 2.416835778262e+08 768 7235 3201 10 6 7 7 2.39629653e-04 4.05615682e-04 outputs/V3.3e24_D1000_G4/solution/solution-00028 
 29 2.539657398759e+10 2.311301170933e+08 768 7235 3201 10 6 7 7 2.49681084e-04 4.22700973e-04 outputs/V3.3e24_D1000_G4/solution/solution-00029 
 30 2.561836197975e+10 2.217879921532e+08 768 7235 3201 10 6 7 7 2.59356556e-04 4.39144113e-04 outputs/V3.3e24_D1000_G4/solution/solution-00030 
 31 2.583184542906e+10 2.134834493113e+08 768 7235 3201 10 6 7 7 2.68649550e-04 4.54930669e-04 outputs/V3.3e24_D1000_G4/solution/solution-00031 
 32 2.603792078609e+10 2.060753570347e+08 768 7235 3201  9 6 7 7 2.77554389e-04 4.70047495e-04 outputs/V3.3e24_D1000_G4/solution/solution-00032 
 33 2.623736871631e+10 1.994479302196e+08 768 7235 3201  9 6 7 7 2.86066251e-04 4.84482797e-04 outputs/V3.3e24_D1000_G4/solution/solution-00033 
 34 2.643087403920e+10 1.935053228890e+08 768 7235 3201  9 5 6 6 2.94181166e-04 4.98226177e-04 outputs/V3.3e24_D1000_G4/solution/solution-00034 
 35 2.661904159124e+10 1.881675520428e+08 768 7235 3201  9 5 6 6 3.01896011e-04 5.11301080e-04 outputs/V3.3e24_D1000_G4/solution/solution-00035 
 36 2.680240897638e+10 1.833673851379e+08 768 7235 3201  9 5 6 6 3.09208500e-04 5.23672977e-04 outputs/V3.3e24_D1000_G4/solution/solution-00036 
 37 2.698145691163e+10 1.790479352488e+08 768 7235 3201  9 5 6 6 3.16117167e-04 5.35333631e-04 outputs/V3.3e24_D1000_G4/solution/solution-00037 
 38 2.715661769444e+10 1.751607828137e+08 768 7235 3201  9 5 6 6 3.22621346e-04 5.46278373e-04 outputs/V3.3e24_D1000_G4/solution/solution-00038 
 39 2.732828218860e+10 1.716644941547e+08 768 7235 3201  9 5 6 6 3.28721147e-04 5.56504013e-04 outputs/V3.3e24_D1000_G4/solution/solution-00039 
 40 2.749680563078e+10 1.685234421862e+08 768 7235 3201  9 5 6 6 3.34417435e-04 5.66008846e-04 outputs/V3.3e24_D1000_G4/solution/solution-00040 
 41 2.766251249050e+10 1.657068597148e+08 768 7235 3201  8 5 6 6 3.39711799e-04 5.74792654e-04 outputs/V3.3e24_D1000_G4/solution/solution-00041 
 42 2.782569355504e+10 1.631810645448e+08 768 7235 3201  8 5 6 6 3.44606324e-04 5.82856360e-04 outputs/V3.3e24_D1000_G4/solution/solution-00042 
 43 2.798660509007e+10 1.609115350242e+08 768 7235 3201  8 5 6 6 3.49103514e-04 5.90201970e-04 outputs/V3.3e24_D1000_G4/solution/solution-00043 
 44 2.814550188994e+10 1.588967998746e+08 768 7235 3201  8 5 6 6 3.53207139e-04 5.96833980e-04 outputs/V3.3e24_D1000_G4/solution/solution-00044 
 45 2.830262092293e+10 1.571190329834e+08 768 7235 3201  8 5 6 6 3.56921577e-04 6.02758319e-04 outputs/V3.3e24_D1000_G4/solution/solution-00045 
 46 2.845818352977e+10 1.555626068460e+08 768 7235 3201  8 5 6 6 3.60251786e-04 6.07982318e-04 outputs/V3.3e24_D1000_G4/solution/solution-00046 
 47 2.861239732592e+10 1.542137961530e+08 768 7235 3201  8 5 6 6 3.63203266e-04 6.12514671e-04 outputs/V3.3e24_D1000_G4/solution/solution-00047 
 48 2.876545785478e+10 1.530605288509e+08 768 7235 3201  8 5 6 6 3.65782037e-04 6.16365400e-04 outputs/V3.3e24_D1000_G4/solution/solution-00048 
 49 2.891755003075e+10 1.520921759709e+08 768 7235 3201  8 5 6 6 3.67994600e-04 6.19545804e-04 outputs/V3.3e24_D1000_G4/solution/solution-00049 
 50 2.906884940403e+10 1.512993732872e+08 768 7235 3201  8 5 6 6 3.69847911e-04 6.22068414e-04 outputs/V3.3e24_D1000_G4/solution/solution-00050 
 51 2.921952327327e+10 1.506738692332e+08 768 7235 3201  8 5 6 6 3.71349356e-04 6.23946939e-04 outputs/V3.3e24_D1000_G4/solution/solution-00051 
 52 2.936973166783e+10 1.502083945675e+08 768 7235 3201  8 5 6 6 3.72506718e-04 6.25209774e-04 outputs/V3.3e24_D1000_G4/solution/solution-00052 
 53 2.951962821795e+10 1.498965501171e+08 768 7235 3201  8 5 6 6 3.73328155e-04 6.25948224e-04 outputs/V3.3e24_D1000_G4/solution/solution-00053 
 54 2.966936092754e+10 1.497327095872e+08 768 7235 3201  8 5 6 6 3.73822175e-04 6.26088845e-04 outputs/V3.3e24_D1000_G4/solution/solution-00054 
 55 2.981907286249e+10 1.497119349493e+08 768 7235 3201  8 5 6 6 3.73997615e-04 6.25648891e-04 outputs/V3.3e24_D1000_G4/solution/solution-00055 
 56 2.996890276482e+10 1.498299023344e+08 768 7235 3201  9 5 6 6 3.73863615e-04 6.24646520e-04 outputs/V3.3e24_D1000_G4/solution/solution-00056 
 57 3.011898560152e+10 1.500828366943e+08 768 7235 3201  9 5 6 6 3.73429604e-04 6.23100732e-04 outputs/V3.3e24_D1000_G4/solution/solution-00057 
 58 3.026945305528e+10 1.504674537610e+08 768 7235 3201  9 5 6 6 3.72705277e-04 6.21031303e-04 outputs/V3.3e24_D1000_G4/solution/solution-00058 
 59 3.042043396332e+10 1.509809080468e+08 768 7235 3201  9 5 6 6 3.71700581e-04 6.18458721e-04 outputs/V3.3e24_D1000_G4/solution/solution-00059 
 60 3.057205470913e+10 1.516207458041e+08 768 7235 3201  9 5 6 6 3.70425700e-04 6.15404121e-04 outputs/V3.3e24_D1000_G4/solution/solution-00060 
 61 3.072443957113e+10 1.523848620027e+08 768 7235 3201  9 5 6 6 3.68891039e-04 6.11889219e-04 outputs/V3.3e24_D1000_G4/solution/solution-00061 
 62 3.087771103162e+10 1.532714604922e+08 768 7235 3201  9 5 6 6 3.67107215e-04 6.07936245e-04 outputs/V3.3e24_D1000_G4/solution/solution-00062 
 63 3.103196834039e+10 1.542573087650e+08 768 7235 3201  9 5 6 6 3.65085341e-04 6.03568523e-04 outputs/V3.3e24_D1000_G4/solution/solution-00063 
 64 3.118732619053e+10 1.553578501443e+08 768 7235 3201  9 5 6 6 3.62836578e-04 5.98809425e-04 outputs/V3.3e24_D1000_G4/solution/solution-00064 
 65 3.134390339988e+10 1.565772093486e+08 768 7235 3201  9 5 6 6 3.60372194e-04 5.93682491e-04 outputs/V3.3e24_D1000_G4/solution/solution-00065 
 66 3.150181781527e+10 1.579144153884e+08 768 7235 3201  9 5 6 6 3.57703608e-04 5.88258788e-04 outputs/V3.3e24_D1000_G4/solution/solution-00066 
 67 3.166118645016e+10 1.593686348943e+08 768 7235 3201  9 5 6 6 3.54842387e-04 5.82518343e-04 outputs/V3.3e24_D1000_G4/solution/solution-00067 
 68 3.182212558818e+10 1.609391380166e+08 768 7235 3201  9 5 6 6 3.51800233e-04 5.76478697e-04 outputs/V3.3e24_D1000_G4/solution/solution-00068 
 69 3.198475085175e+10 1.626252635685e+08 768 7235 3201  9 5 6 6 3.48588978e-04 5.70163974e-04 outputs/V3.3e24_D1000_G4/solution/solution-00069 
 70 3.214917723478e+10 1.644263830269e+08 768 7235 3201  9 5 6 6 3.45220580e-04 5.63598353e-04 outputs/V3.3e24_D1000_G4/solution/solution-00070 
 71 3.231551909779e+10 1.663418630136e+08 768 7235 3201  9 5 6 6 3.41707110e-04 5.56806015e-04 outputs/V3.3e24_D1000_G4/solution/solution-00071 
 72 3.248389012370e+10 1.683710259132e+08 768 7235 3201  9 5 6 6 3.38060746e-04 5.49811102e-04 outputs/V3.3e24_D1000_G4/solution/solution-00072 
 73 3.265440323202e+10 1.705131083195e+08 768 7235 3201  9 5 6 6 3.34293763e-04 5.42637669e-04 outputs/V3.3e24_D1000_G4/solution/solution-00073 
 74 3.282717044908e+10 1.727672170570e+08 768 7235 3201  9 5 6 6 3.30418526e-04 5.35309645e-04 outputs/V3.3e24_D1000_G4/solution/solution-00074 
 75 3.300230273165e+10 1.751322825723e+08 768 7235 3201  9 5 6 6 3.26447471e-04 5.27857868e-04 outputs/V3.3e24_D1000_G4/solution/solution-00075 
 76 3.317990974122e+10 1.776070095721e+08 768 7235 3201  9 5 6 6 3.22393101e-04 5.20329182e-04 outputs/V3.3e24_D1000_G4/solution/solution-00076 
 77 3.336009956609e+10 1.801898248670e+08 768 7235 3201  9 5 6 6 3.18267960e-04 5.12713395e-04 outputs/V3.3e24_D1000_G4/solution/solution-00077 
 78 3.354297838857e+10 1.828788224827e+08 768 7235 3201  9 5 6 6 3.14084624e-04 5.05033609e-04 outputs/V3.3e24_D1000_G4/solution/solution-00078 
 79 3.372865009480e+10 1.856717062263e+08 768 7235 3201  9 5 6 6 3.09855675e-04 4.97312605e-04 outputs/V3.3e24_D1000_G4/solution/solution-00079 
 80 3.391721582484e+10 1.885657300374e+08 768 7235 3201  9 5 6 6 3.05593682e-04 4.89572810e-04 outputs/V3.3e24_D1000_G4/solution/solution-00080 
 81 3.410875338820e+10 1.915375633590e+08 768 7235 3201  9 5 6 6 3.01311619e-04 4.81837056e-04 outputs/V3.3e24_D1000_G4/solution/solution-00081 
 82 3.430335540228e+10 1.946020140828e+08 768 7235 3201  9 5 6 6 2.97021959e-04 4.74126941e-04 outputs/V3.3e24_D1000_G4/solution/solution-00082 
 83 3.450111185533e+10 1.977564530481e+08 768 7235 3201  9 5 6 6 2.92737027e-04 4.66463494e-04 outputs/V3.3e24_D1000_G4/solution/solution-00083 
 84 3.470210761931e+10 2.009957639792e+08 768 7235 3201  9 5 6 6 2.88469012e-04 4.58867212e-04 outputs/V3.3e24_D1000_G4/solution/solution-00084 
 85 3.490642170834e+10 2.043140890374e+08 768 7235 3201  9 5 6 6 2.84229929e-04 4.51358016e-04 outputs/V3.3e24_D1000_G4/solution/solution-00085 
 86 3.511412648302e+10 2.077047746733e+08 768 7235 3201  9 5 6 6 2.80031587e-04 4.43955212e-04 outputs/V3.3e24_D1000_G4/solution/solution-00086 
 87 3.532528680608e+10 2.111603230629e+08 768 7235 3201  9 5 6 6 2.75885545e-04 4.36677442e-04 outputs/V3.3e24_D1000_G4/solution/solution-00087 
 88 3.553995915722e+10 2.146723511388e+08 768 7235 3201  9 5 6 6 2.71803076e-04 4.29542648e-04 outputs/V3.3e24_D1000_G4/solution/solution-00088 
 89 3.575819071662e+10 2.182315593968e+08 768 7235 3201  9 5 6 6 2.67795127e-04 4.22568020e-04 outputs/V3.3e24_D1000_G4/solution/solution-00089 
 90 3.598001842941e+10 2.218277127920e+08 768 7235 3201  9 5 6 6 2.63872270e-04 4.15769962e-04 outputs/V3.3e24_D1000_G4/solution/solution-00090 
 91 3.620546806552e+10 2.254496361088e+08 768 7235 3201  9 5 6 6 2.60044668e-04 4.09167472e-04 outputs/V3.3e24_D1000_G4/solution/solution-00091 
 92 3.643455329169e+10 2.290852261774e+08 768 7235 3201  9 5 6 6 2.56322028e-04 4.02783149e-04 outputs/V3.3e24_D1000_G4/solution/solution-00092 
 93 3.666727477488e+10 2.327214831891e+08 768 7235 3201  9 5 6 6 2.52713563e-04 3.96615624e-04 outputs/V3.3e24_D1000_G4/solution/solution-00093 
 94 3.690361933801e+10 2.363445631263e+08 768 7235 3201  9 5 6 6 2.49227950e-04 3.90677815e-04 outputs/V3.3e24_D1000_G4/solution/solution-00094 
 95 3.714355919095e+10 2.399398529454e+08 768 7235 3201  9 5 6 6 2.45873293e-04 3.84981639e-04 outputs/V3.3e24_D1000_G4/solution/solution-00095 
 96 3.738705126058e+10 2.434920696294e+08 768 7235 3201  9 5 6 6 2.42657090e-04 3.79537978e-04 outputs/V3.3e24_D1000_G4/solution/solution-00096 
 97 3.763403664415e+10 2.469853835625e+08 768 7235 3201  9 5 6 6 2.39586198e-04 3.74356652e-04 outputs/V3.3e24_D1000_G4/solution/solution-00097 
 98 3.788444021002e+10 2.504035658766e+08 768 7235 3201  9 5 6 6 2.36666807e-04 3.69446393e-04 outputs/V3.3e24_D1000_G4/solution/solution-00098 
 99 3.813817036853e+10 2.537301585034e+08 768 7235 3201  9 5 6 6 2.33904417e-04 3.64814823e-04 outputs/V3.3e24_D1000_G4/solution/solution-00099 
100 3.839511903320e+10 2.569486646713e+08 768 7235 3201  9 5 6 6 2.31303813e-04 3.60468436e-04 outputs/V3.3e24_D1000_G4/solution/solution-00100 
