# 1: Time step number
# 2: Time (years)
# 3: Time step size (years)
# 4: Number of mesh cells
# 5: Number of Stokes degrees of freedom
# 6: Number of temperature degrees of freedom
# 7: Iterations for temperature solver
# 8: Iterations for Stokes solver
# 9: Velocity iterations in Stokes preconditioner
# 10: Schur complement iterations in Stokes preconditioner
# 11: RMS velocity (m/year)
# 12: Max. velocity (m/year)
# 13: Visualization file name
  0 0.000000000000e+00 0.000000000000e+00 768 7235 3201  0 8 9 9 5.30018317e-08 9.40437396e-08 outputs/V1e26_D30_G8/solution/solution-00000 
  1 1.392571516413e+09 1.392571516413e+09 768 7235 3201 32 8 9 9 5.03312830e-08 8.50954937e-08 outputs/V1e26_D30_G8/solution/solution-00001 
  2 2.785143032825e+09 1.392571516413e+09 768 7235 3201 25 8 9 9 4.79555936e-08 8.11868248e-08 outputs/V1e26_D30_G8/solution/solution-00002 
  3 4.177714549238e+09 1.392571516413e+09 768 7235 3201 24 8 9 9 4.58251876e-08 7.77691270e-08 outputs/V1e26_D30_G8/solution/solution-00003 
  4 5.570286065650e+09 1.392571516413e+09 768 7235 3201 23 8 9 9 4.38909819e-08 7.46717873e-08 outputs/V1e26_D30_G8/solution/solution-00004 
  5 6.962857582063e+09 1.392571516413e+09 768 7235 3201 23 8 9 9 4.21286972e-08 7.18426677e-08 outputs/V1e26_D30_G8/solution/solution-00005 
  6 8.355429098476e+09 1.392571516413e+09 768 7235 3201 22 8 9 9 4.05136982e-08 6.92358146e-08 outputs/V1e26_D30_G8/solution/solution-00006 
  7 9.748000614888e+09 1.392571516413e+09 768 7235 3201 21 8 9 9 3.90244942e-08 6.68144675e-08 outputs/V1e26_D30_G8/solution/solution-00007 
  8 1.114057213130e+10 1.392571516413e+09 768 7235 3201 21 8 9 9 3.76429984e-08 6.45499119e-08 outputs/V1e26_D30_G8/solution/solution-00008 
  9 1.253314364771e+10 1.392571516413e+09 768 7235 3201 21 8 9 9 3.63542011e-08 6.24196956e-08 outputs/V1e26_D30_G8/solution/solution-00009 
 10 1.392571516413e+10 1.392571516413e+09 768 7235 3201 20 8 9 9 3.51456998e-08 6.04060933e-08 outputs/V1e26_D30_G8/solution/solution-00010 
 11 1.531828668054e+10 1.392571516413e+09 768 7235 3201 20 8 9 9 3.40072436e-08 5.84949410e-08 outputs/V1e26_D30_G8/solution/solution-00011 
 12 1.671085819695e+10 1.392571516413e+09 768 7235 3201 20 8 9 9 3.29303390e-08 5.66747827e-08 outputs/V1e26_D30_G8/solution/solution-00012 
 13 1.810342971336e+10 1.392571516413e+09 768 7235 3201 20 8 9 9 3.19079244e-08 5.49362460e-08 outputs/V1e26_D30_G8/solution/solution-00013 
 14 1.949600122978e+10 1.392571516413e+09 768 7235 3201 20 8 9 9 3.09341053e-08 5.32715807e-08 outputs/V1e26_D30_G8/solution/solution-00014 
 15 2.088857274619e+10 1.392571516413e+09 768 7235 3201 20 8 9 9 3.00039404e-08 5.16743146e-08 outputs/V1e26_D30_G8/solution/solution-00015 
 16 2.228114426260e+10 1.392571516413e+09 768 7235 3201 19 8 9 9 2.91132688e-08 5.01389914e-08 outputs/V1e26_D30_G8/solution/solution-00016 
 17 2.367371577901e+10 1.392571516413e+09 768 7235 3201 19 8 9 9 2.82585699e-08 4.86609700e-08 outputs/V1e26_D30_G8/solution/solution-00017 
 18 2.506628729543e+10 1.392571516413e+09 768 7235 3201 19 8 9 9 2.74368501e-08 4.72362688e-08 outputs/V1e26_D30_G8/solution/solution-00018 
 19 2.645885881184e+10 1.392571516413e+09 768 7235 3201 19 8 9 9 2.66455508e-08 4.58614431e-08 outputs/V1e26_D30_G8/solution/solution-00019 
 20 2.785143032825e+10 1.392571516413e+09 768 7235 3201 19 8 9 9 2.58824730e-08 4.45334890e-08 outputs/V1e26_D30_G8/solution/solution-00020 
 21 2.924400184466e+10 1.392571516413e+09 768 7235 3201 19 8 9 9 2.51457160e-08 4.32497654e-08 outputs/V1e26_D30_G8/solution/solution-00021 
 22 3.063657336108e+10 1.392571516413e+09 768 7235 3201 19 8 9 9 2.44336273e-08 4.20079331e-08 outputs/V1e26_D30_G8/solution/solution-00022 
 23 3.202914487749e+10 1.392571516413e+09 768 7235 3201 19 8 9 9 2.37447611e-08 4.08059041e-08 outputs/V1e26_D30_G8/solution/solution-00023 
 24 3.342171639390e+10 1.392571516413e+09 768 7235 3201 19 8 9 9 2.30778445e-08 3.96418019e-08 outputs/V1e26_D30_G8/solution/solution-00024 
 25 3.481428791032e+10 1.392571516413e+09 768 7235 3201 19 8 9 9 2.24317495e-08 3.85139275e-08 outputs/V1e26_D30_G8/solution/solution-00025 
 26 3.620685942673e+10 1.392571516413e+09 768 7235 3201 18 8 9 9 2.18054699e-08 3.74207335e-08 outputs/V1e26_D30_G8/solution/solution-00026 
 27 3.759943094314e+10 1.392571516413e+09 768 7235 3201 18 8 9 9 2.11981023e-08 3.63608010e-08 outputs/V1e26_D30_G8/solution/solution-00027 
 28 3.899200245955e+10 1.392571516413e+09 768 7235 3201 18 8 9 9 2.06088301e-08 3.53328216e-08 outputs/V1e26_D30_G8/solution/solution-00028 
 29 4.038457397597e+10 1.392571516413e+09 768 7235 3201 18 8 9 9 2.00369105e-08 3.43355825e-08 outputs/V1e26_D30_G8/solution/solution-00029 
 30 4.177714549238e+10 1.392571516413e+09 768 7235 3201 18 8 9 9 1.94816637e-08 3.33679534e-08 outputs/V1e26_D30_G8/solution/solution-00030 
 31 4.316971700879e+10 1.392571516413e+09 768 7235 3201 18 8 9 9 1.89424638e-08 3.24288766e-08 outputs/V1e26_D30_G8/solution/solution-00031 
 32 4.456228852520e+10 1.392571516413e+09 768 7235 3201 18 8 9 9 1.84187311e-08 3.15173576e-08 outputs/V1e26_D30_G8/solution/solution-00032 
 33 4.595486004162e+10 1.392571516413e+09 768 7235 3201 18 8 9 9 1.79099260e-08 3.06324586e-08 outputs/V1e26_D30_G8/solution/solution-00033 
 34 4.734743155803e+10 1.392571516413e+09 768 7235 3201 18 8 9 9 1.74155437e-08 2.97732913e-08 outputs/V1e26_D30_G8/solution/solution-00034 
 35 4.874000307444e+10 1.392571516413e+09 768 7235 3201 18 8 9 9 1.69351097e-08 2.89390126e-08 outputs/V1e26_D30_G8/solution/solution-00035 
 36 5.013257459085e+10 1.392571516413e+09 768 7235 3201 18 8 9 9 1.64681764e-08 2.81288198e-08 outputs/V1e26_D30_G8/solution/solution-00036 
 37 5.152514610727e+10 1.392571516413e+09 768 7235 3201 18 8 9 9 1.60143195e-08 2.73419466e-08 outputs/V1e26_D30_G8/solution/solution-00037 
 38 5.291771762368e+10 1.392571516413e+09 768 7235 3201 18 8 9 9 1.55731361e-08 2.65776605e-08 outputs/V1e26_D30_G8/solution/solution-00038 
 39 5.431028914009e+10 1.392571516413e+09 768 7235 3201 18 8 9 9 1.51442417e-08 2.58352594e-08 outputs/V1e26_D30_G8/solution/solution-00039 
 40 5.570286065650e+10 1.392571516413e+09 768 7235 3201 18 8 9 9 1.47272691e-08 2.51140697e-08 outputs/V1e26_D30_G8/solution/solution-00040 
 41 5.709543217292e+10 1.392571516413e+09 768 7235 3201 18 8 9 9 1.43218662e-08 2.44134440e-08 outputs/V1e26_D30_G8/solution/solution-00041 
 42 5.848800368933e+10 1.392571516413e+09 768 7235 3201 18 8 9 9 1.39276951e-08 2.37327595e-08 outputs/V1e26_D30_G8/solution/solution-00042 
 43 5.988057520574e+10 1.392571516413e+09 768 7235 3201 18 8 9 9 1.35444307e-08 2.30714160e-08 outputs/V1e26_D30_G8/solution/solution-00043 
 44 6.127314672215e+10 1.392571516413e+09 768 7235 3201 18 8 9 9 1.31717599e-08 2.24288351e-08 outputs/V1e26_D30_G8/solution/solution-00044 
 45 6.266571823857e+10 1.392571516413e+09 768 7235 3201 17 8 9 9 1.28093806e-08 2.18044586e-08 outputs/V1e26_D30_G8/solution/solution-00045 
 46 6.405828975498e+10 1.392571516413e+09 768 7235 3201 17 8 9 9 1.24570008e-08 2.11977474e-08 outputs/V1e26_D30_G8/solution/solution-00046 
 47 6.545086127139e+10 1.392571516413e+09 768 7235 3201 17 8 9 9 1.21143387e-08 2.06081806e-08 outputs/V1e26_D30_G8/solution/solution-00047 
 48 6.684343278781e+10 1.392571516413e+09 768 7235 3201 17 8 9 9 1.17811210e-08 2.00352548e-08 outputs/V1e26_D30_G8/solution/solution-00048 
 49 6.823600430422e+10 1.392571516413e+09 768 7235 3201 17 8 9 9 1.14570834e-08 1.94784828e-08 outputs/V1e26_D30_G8/solution/solution-00049 
 50 6.962857582063e+10 1.392571516413e+09 768 7235 3201 17 8 9 9 1.11419696e-08 1.89373934e-08 outputs/V1e26_D30_G8/solution/solution-00050 
 51 7.102114733704e+10 1.392571516413e+09 768 7235 3201 17 8 9 9 1.08355314e-08 1.84115302e-08 outputs/V1e26_D30_G8/solution/solution-00051 
 52 7.241371885346e+10 1.392571516413e+09 768 7235 3201 17 8 9 9 1.05375275e-08 1.79004516e-08 outputs/V1e26_D30_G8/solution/solution-00052 
 53 7.380629036987e+10 1.392571516413e+09 768 7235 3201 17 8 9 9 1.02477243e-08 1.74037296e-08 outputs/V1e26_D30_G8/solution/solution-00053 
 54 7.519886188628e+10 1.392571516413e+09 768 7235 3201 17 8 9 9 9.96589470e-09 1.69209497e-08 outputs/V1e26_D30_G8/solution/solution-00054 
 55 7.659143340269e+10 1.392571516413e+09 768 7235 3201 17 8 9 9 9.69181817e-09 1.64517100e-08 outputs/V1e26_D30_G8/solution/solution-00055 
 56 7.798400491911e+10 1.392571516413e+09 768 7235 3201 17 8 9 9 9.42528061e-09 1.59956212e-08 outputs/V1e26_D30_G8/solution/solution-00056 
 57 7.937657643552e+10 1.392571516413e+09 768 7235 3201 17 8 9 9 9.16607400e-09 1.55523056e-08 outputs/V1e26_D30_G8/solution/solution-00057 
 58 8.076914795193e+10 1.392571516413e+09 768 7235 3201 17 8 9 9 8.91399619e-09 1.51213973e-08 outputs/V1e26_D30_G8/solution/solution-00058 
 59 8.216171946834e+10 1.392571516413e+09 768 7235 3201 17 8 9 9 8.66885074e-09 1.47025412e-08 outputs/V1e26_D30_G8/solution/solution-00059 
 60 8.355429098476e+10 1.392571516413e+09 768 7235 3201 17 8 9 9 8.43044672e-09 1.42953930e-08 outputs/V1e26_D30_G8/solution/solution-00060 
 61 8.494686250117e+10 1.392571516413e+09 768 7235 3201 17 8 9 9 8.19859853e-09 1.38996187e-08 outputs/V1e26_D30_G8/solution/solution-00061 
 62 8.633943401758e+10 1.392571516413e+09 768 7235 3201 17 8 9 9 7.97312574e-09 1.35148943e-08 outputs/V1e26_D30_G8/solution/solution-00062 
 63 8.773200553399e+10 1.392571516413e+09 768 7235 3201 17 8 9 9 7.75385295e-09 1.31409055e-08 outputs/V1e26_D30_G8/solution/solution-00063 
 64 8.912457705041e+10 1.392571516413e+09 768 7235 3201 17 8 9 9 7.54060961e-09 1.27773470e-08 outputs/V1e26_D30_G8/solution/solution-00064 
 65 9.051714856682e+10 1.392571516413e+09 768 7235 3201 17 8 9 9 7.33322990e-09 1.24239231e-08 outputs/V1e26_D30_G8/solution/solution-00065 
 66 9.190972008323e+10 1.392571516413e+09 768 7235 3201 17 8 9 9 7.13155257e-09 1.20803462e-08 outputs/V1e26_D30_G8/solution/solution-00066 
 67 9.330229159964e+10 1.392571516413e+09 768 7235 3201 17 8 9 9 6.93542084e-09 1.17463376e-08 outputs/V1e26_D30_G8/solution/solution-00067 
 68 9.469486311606e+10 1.392571516413e+09 768 7235 3201 17 8 9 9 6.74468223e-09 1.14216266e-08 outputs/V1e26_D30_G8/solution/solution-00068 
 69 9.608743463247e+10 1.392571516413e+09 768 7235 3201 17 8 9 9 6.55918848e-09 1.11059505e-08 outputs/V1e26_D30_G8/solution/solution-00069 
 70 9.748000614888e+10 1.392571516413e+09 768 7235 3201 17 8 9 9 6.37879542e-09 1.07990542e-08 outputs/V1e26_D30_G8/solution/solution-00070 
 71 9.887257766530e+10 1.392571516413e+09 768 7235 3201 16 8 9 9 6.20336282e-09 1.05006900e-08 outputs/V1e26_D30_G8/solution/solution-00071 
 72 1.002651491817e+11 1.392571516413e+09 768 7235 3201 16 8 9 9 6.03275434e-09 1.02106176e-08 outputs/V1e26_D30_G8/solution/solution-00072 
 73 1.016577206981e+11 1.392571516413e+09 768 7235 3201 16 8 9 9 5.86683735e-09 9.92860333e-09 outputs/V1e26_D30_G8/solution/solution-00073 
 74 1.030502922145e+11 1.392571516413e+09 768 7235 3201 16 8 9 9 5.70548289e-09 9.65442063e-09 outputs/V1e26_D30_G8/solution/solution-00074 
 75 1.044428637309e+11 1.392571516413e+09 768 7235 3201 16 8 9 9 5.54856554e-09 9.38784932e-09 outputs/V1e26_D30_G8/solution/solution-00075 
 76 1.058354352474e+11 1.392571516413e+09 768 7235 3201 16 8 9 9 5.39596333e-09 9.12867560e-09 outputs/V1e26_D30_G8/solution/solution-00076 
 77 1.072280067638e+11 1.392571516413e+09 768 7235 3201 16 8 9 9 5.24755764e-09 8.87669184e-09 outputs/V1e26_D30_G8/solution/solution-00077 
 78 1.086205782802e+11 1.392571516413e+09 768 7235 3201 16 8 9 9 5.10323309e-09 8.63169639e-09 outputs/V1e26_D30_G8/solution/solution-00078 
 79 1.100131497966e+11 1.392571516413e+09 768 7235 3201 16 8 9 9 4.96287750e-09 8.39349338e-09 outputs/V1e26_D30_G8/solution/solution-00079 
 80 1.114057213130e+11 1.392571516413e+09 768 7235 3201 16 8 9 9 4.82638176e-09 8.16189257e-09 outputs/V1e26_D30_G8/solution/solution-00080 
 81 1.127982928294e+11 1.392571516413e+09 768 7235 3201 16 8 9 9 4.69363975e-09 7.93670916e-09 outputs/V1e26_D30_G8/solution/solution-00081 
 82 1.141908643458e+11 1.392571516413e+09 768 7235 3201 16 8 9 9 4.56454828e-09 7.71776363e-09 outputs/V1e26_D30_G8/solution/solution-00082 
 83 1.155834358622e+11 1.392571516413e+09 768 7235 3201 16 8 9 9 4.43900696e-09 7.50488159e-09 outputs/V1e26_D30_G8/solution/solution-00083 
 84 1.169760073787e+11 1.392571516413e+09 768 7235 3201 16 8 9 9 4.31691821e-09 7.29789365e-09 outputs/V1e26_D30_G8/solution/solution-00084 
 85 1.183685788951e+11 1.392571516413e+09 768 7235 3201 16 8 9 9 4.19818710e-09 7.09663520e-09 outputs/V1e26_D30_G8/solution/solution-00085 
 86 1.197611504115e+11 1.392571516413e+09 768 7235 3201 16 8 9 9 4.08272130e-09 6.90094636e-09 outputs/V1e26_D30_G8/solution/solution-00086 
 87 1.211537219279e+11 1.392571516413e+09 768 7235 3201 16 8 9 9 3.97043103e-09 6.71067175e-09 outputs/V1e26_D30_G8/solution/solution-00087 
 88 1.225462934443e+11 1.392571516413e+09 768 7235 3201 16 8 9 9 3.86122898e-09 6.52566044e-09 outputs/V1e26_D30_G8/solution/solution-00088 
 89 1.239388649607e+11 1.392571516413e+09 768 7235 3201 16 8 9 9 3.75503024e-09 6.34576576e-09 outputs/V1e26_D30_G8/solution/solution-00089 
 90 1.253314364771e+11 1.392571516413e+09 768 7235 3201 16 8 9 9 3.65175223e-09 6.17084519e-09 outputs/V1e26_D30_G8/solution/solution-00090 
 91 1.267240079935e+11 1.392571516413e+09 768 7235 3201 16 8 9 9 3.55131462e-09 6.00076025e-09 outputs/V1e26_D30_G8/solution/solution-00091 
 92 1.281165795100e+11 1.392571516413e+09 768 7235 3201 16 8 9 9 3.45363932e-09 5.83537639e-09 outputs/V1e26_D30_G8/solution/solution-00092 
 93 1.295091510264e+11 1.392571516413e+09 768 7235 3201 16 8 9 9 3.35865036e-09 5.67456283e-09 outputs/V1e26_D30_G8/solution/solution-00093 
 94 1.309017225428e+11 1.392571516413e+09 768 7235 3201 16 8 9 9 3.26627388e-09 5.51819249e-09 outputs/V1e26_D30_G8/solution/solution-00094 
 95 1.322942940592e+11 1.392571516413e+09 768 7235 3201 16 8 9 9 3.17643804e-09 5.36614190e-09 outputs/V1e26_D30_G8/solution/solution-00095 
 96 1.336868655756e+11 1.392571516413e+09 768 7235 3201 15 8 9 9 3.08907297e-09 5.21829105e-09 outputs/V1e26_D30_G8/solution/solution-00096 
 97 1.350794370920e+11 1.392571516413e+09 768 7235 3201 15 8 9 9 3.00411073e-09 5.07452329e-09 outputs/V1e26_D30_G8/solution/solution-00097 
 98 1.364720086084e+11 1.392571516413e+09 768 7235 3201 15 8 9 9 2.92148524e-09 4.93472525e-09 outputs/V1e26_D30_G8/solution/solution-00098 
 99 1.378645801248e+11 1.392571516413e+09 768 7235 3201 15 8 9 9 2.84113222e-09 4.79878676e-09 outputs/V1e26_D30_G8/solution/solution-00099 
100 1.392571516413e+11 1.392571516413e+09 768 7235 3201 15 8 9 9 2.76298920e-09 4.66660074e-09 outputs/V1e26_D30_G8/solution/solution-00100 
