# 1: Time step number
# 2: Time (years)
# 3: Time step size (years)
# 4: Number of mesh cells
# 5: Number of Stokes degrees of freedom
# 6: Number of temperature degrees of freedom
# 7: Iterations for temperature solver
# 8: Iterations for Stokes solver
# 9: Velocity iterations in Stokes preconditioner
# 10: Schur complement iterations in Stokes preconditioner
# 11: RMS velocity (m/year)
# 12: Max. velocity (m/year)
# 13: Visualization file name
  0 0.000000000000e+00 0.000000000000e+00 768 7235 3201  0 8 9 9 3.13636590e-08 1.52379385e-07 outputs/V3.3e26_D10000_G12/solution/solution-00000 
  1 1.392571516413e+09 1.392571516413e+09 768 7235 3201 32 8 9 9 2.68309606e-08 8.39747587e-08 outputs/V3.3e26_D10000_G12/solution/solution-00001 
  2 2.785143032825e+09 1.392571516413e+09 768 7235 3201 26 8 9 9 2.64163301e-08 4.64001408e-08 outputs/V3.3e26_D10000_G12/solution/solution-00002 
  3 4.177714549238e+09 1.392571516413e+09 768 7235 3201 25 8 9 9 2.71660781e-08 4.62899314e-08 outputs/V3.3e26_D10000_G12/solution/solution-00003 
  4 5.570286065650e+09 1.392571516413e+09 768 7235 3201 24 8 9 9 2.77462918e-08 4.76728261e-08 outputs/V3.3e26_D10000_G12/solution/solution-00004 
  5 6.962857582063e+09 1.392571516413e+09 768 7235 3201 23 8 9 9 2.81292827e-08 4.86965745e-08 outputs/V3.3e26_D10000_G12/solution/solution-00005 
  6 8.355429098476e+09 1.392571516413e+09 768 7235 3201 23 8 9 9 2.83148500e-08 4.93688402e-08 outputs/V3.3e26_D10000_G12/solution/solution-00006 
  7 9.748000614888e+09 1.392571516413e+09 768 7235 3201 22 8 9 9 2.83216719e-08 4.97106074e-08 outputs/V3.3e26_D10000_G12/solution/solution-00007 
  8 1.114057213130e+10 1.392571516413e+09 768 7235 3201 22 8 9 9 2.81725551e-08 4.97502338e-08 outputs/V3.3e26_D10000_G12/solution/solution-00008 
  9 1.253314364771e+10 1.392571516413e+09 768 7235 3201 21 8 9 9 2.78903396e-08 4.95199523e-08 outputs/V3.3e26_D10000_G12/solution/solution-00009 
 10 1.392571516413e+10 1.392571516413e+09 768 7235 3201 21 8 9 9 2.74965971e-08 4.90535374e-08 outputs/V3.3e26_D10000_G12/solution/solution-00010 
 11 1.531828668054e+10 1.392571516413e+09 768 7235 3201 21 8 9 9 2.70110883e-08 4.83846448e-08 outputs/V3.3e26_D10000_G12/solution/solution-00011 
 12 1.671085819695e+10 1.392571516413e+09 768 7235 3201 21 8 9 9 2.64515490e-08 4.75456273e-08 outputs/V3.3e26_D10000_G12/solution/solution-00012 
 13 1.810342971336e+10 1.392571516413e+09 768 7235 3201 21 8 9 9 2.58336496e-08 4.65667284e-08 outputs/V3.3e26_D10000_G12/solution/solution-00013 
 14 1.949600122978e+10 1.392571516413e+09 768 7235 3201 21 8 9 9 2.51710568e-08 4.54755837e-08 outputs/V3.3e26_D10000_G12/solution/solution-00014 
 15 2.088857274619e+10 1.392571516413e+09 768 7235 3201 21 8 9 9 2.44755556e-08 4.42969682e-08 outputs/V3.3e26_D10000_G12/solution/solution-00015 
 16 2.228114426260e+10 1.392571516413e+09 768 7235 3201 20 8 9 9 2.37572052e-08 4.30527334e-08 outputs/V3.3e26_D10000_G12/solution/solution-00016 
 17 2.367371577901e+10 1.392571516413e+09 768 7235 3201 20 8 9 9 2.30245104e-08 4.17618794e-08 outputs/V3.3e26_D10000_G12/solution/solution-00017 
 18 2.506628729543e+10 1.392571516413e+09 768 7235 3201 20 8 9 9 2.22845960e-08 4.04407184e-08 outputs/V3.3e26_D10000_G12/solution/solution-00018 
 19 2.645885881184e+10 1.392571516413e+09 768 7235 3201 20 8 9 9 2.15433769e-08 3.91030914e-08 outputs/V3.3e26_D10000_G12/solution/solution-00019 
 20 2.785143032825e+10 1.392571516413e+09 768 7235 3201 20 8 9 9 2.08057166e-08 3.77606128e-08 outputs/V3.3e26_D10000_G12/solution/solution-00020 
 21 2.924400184466e+10 1.392571516413e+09 768 7235 3201 20 8 9 9 2.00755734e-08 3.64229204e-08 outputs/V3.3e26_D10000_G12/solution/solution-00021 
 22 3.063657336108e+10 1.392571516413e+09 768 7235 3201 20 8 9 9 1.93561318e-08 3.50979200e-08 outputs/V3.3e26_D10000_G12/solution/solution-00022 
 23 3.202914487749e+10 1.392571516413e+09 768 7235 3201 20 8 9 9 1.86499188e-08 3.37920148e-08 outputs/V3.3e26_D10000_G12/solution/solution-00023 
 24 3.342171639390e+10 1.392571516413e+09 768 7235 3201 20 8 9 9 1.79589059e-08 3.25103158e-08 outputs/V3.3e26_D10000_G12/solution/solution-00024 
 25 3.481428791032e+10 1.392571516413e+09 768 7235 3201 20 8 9 9 1.72845983e-08 3.12568311e-08 outputs/V3.3e26_D10000_G12/solution/solution-00025 
 26 3.620685942673e+10 1.392571516413e+09 768 7235 3201 20 8 9 9 1.66281109e-08 3.00346341e-08 outputs/V3.3e26_D10000_G12/solution/solution-00026 
 27 3.759943094314e+10 1.392571516413e+09 768 7235 3201 20 8 9 9 1.59902345e-08 2.88460100e-08 outputs/V3.3e26_D10000_G12/solution/solution-00027 
 28 3.899200245955e+10 1.392571516413e+09 768 7235 3201 20 8 9 9 1.53714907e-08 2.76925850e-08 outputs/V3.3e26_D10000_G12/solution/solution-00028 
 29 4.038457397597e+10 1.392571516413e+09 768 7235 3201 20 8 9 9 1.47721806e-08 2.65754357e-08 outputs/V3.3e26_D10000_G12/solution/solution-00029 
 30 4.177714549238e+10 1.392571516413e+09 768 7235 3201 20 8 9 9 1.41924235e-08 2.54951848e-08 outputs/V3.3e26_D10000_G12/solution/solution-00030 
 31 4.316971700879e+10 1.392571516413e+09 768 7235 3201 20 8 9 9 1.36321918e-08 2.44520816e-08 outputs/V3.3e26_D10000_G12/solution/solution-00031 
 32 4.456228852520e+10 1.392571516413e+09 768 7235 3201 19 8 9 9 1.30913387e-08 2.34460710e-08 outputs/V3.3e26_D10000_G12/solution/solution-00032 
 33 4.595486004162e+10 1.392571516413e+09 768 7235 3201 19 8 9 9 1.25696219e-08 2.24768517e-08 outputs/V3.3e26_D10000_G12/solution/solution-00033 
 34 4.734743155803e+10 1.392571516413e+09 768 7235 3201 19 8 9 9 1.20667241e-08 2.15439255e-08 outputs/V3.3e26_D10000_G12/solution/solution-00034 
 35 4.874000307444e+10 1.392571516413e+09 768 7235 3201 19 8 9 9 1.15822684e-08 2.06466384e-08 outputs/V3.3e26_D10000_G12/solution/solution-00035 
 36 5.013257459085e+10 1.392571516413e+09 768 7235 3201 19 8 9 9 1.11158331e-08 1.97842150e-08 outputs/V3.3e26_D10000_G12/solution/solution-00036 
 37 5.152514610727e+10 1.392571516413e+09 768 7235 3201 19 8 9 9 1.06669624e-08 1.89557878e-08 outputs/V3.3e26_D10000_G12/solution/solution-00037 
 38 5.291771762368e+10 1.392571516413e+09 768 7235 3201 19 8 9 9 1.02351759e-08 1.81604209e-08 outputs/V3.3e26_D10000_G12/solution/solution-00038 
 39 5.431028914009e+10 1.392571516413e+09 768 7235 3201 19 8 9 9 9.81997667e-09 1.73971300e-08 outputs/V3.3e26_D10000_G12/solution/solution-00039 
 40 5.570286065650e+10 1.392571516413e+09 768 7235 3201 19 8 9 9 9.42085714e-09 1.66648987e-08 outputs/V3.3e26_D10000_G12/solution/solution-00040 
 41 5.709543217292e+10 1.392571516413e+09 768 7235 3201 19 8 9 9 9.03730460e-09 1.59626918e-08 outputs/V3.3e26_D10000_G12/solution/solution-00041 
 42 5.848800368933e+10 1.392571516413e+09 768 7235 3201 19 8 9 9 8.66880534e-09 1.52894667e-08 outputs/V3.3e26_D10000_G12/solution/solution-00042 
 43 5.988057520574e+10 1.392571516413e+09 768 7235 3201 19 8 9 9 8.31484805e-09 1.46441821e-08 outputs/V3.3e26_D10000_G12/solution/solution-00043 
 44 6.127314672215e+10 1.392571516413e+09 768 7235 3201 19 8 9 9 7.97492659e-09 1.40258048e-08 outputs/V3.3e26_D10000_G12/solution/solution-00044 
 45 6.266571823857e+10 1.392571516413e+09 768 7235 3201 19 8 9 9 7.64854216e-09 1.34333161e-08 outputs/V3.3e26_D10000_G12/solution/solution-00045 
 46 6.405828975498e+10 1.392571516413e+09 768 7235 3201 19 8 9 9 7.33520504e-09 1.28657157e-08 outputs/V3.3e26_D10000_G12/solution/solution-00046 
 47 6.545086127139e+10 1.392571516413e+09 768 7235 3201 19 8 9 9 7.03443594e-09 1.23220255e-08 outputs/V3.3e26_D10000_G12/solution/solution-00047 
 48 6.684343278781e+10 1.392571516413e+09 768 7235 3201 19 8 9 9 6.74576696e-09 1.18012921e-08 outputs/V3.3e26_D10000_G12/solution/solution-00048 
 49 6.823600430422e+10 1.392571516413e+09 768 7235 3201 19 8 9 9 6.46874240e-09 1.13025887e-08 outputs/V3.3e26_D10000_G12/solution/solution-00049 
 50 6.962857582063e+10 1.392571516413e+09 768 7235 3201 19 8 9 9 6.20291928e-09 1.08250167e-08 outputs/V3.3e26_D10000_G12/solution/solution-00050 
 51 7.102114733704e+10 1.392571516413e+09 768 7235 3201 19 8 9 9 5.94786769e-09 1.03677062e-08 outputs/V3.3e26_D10000_G12/solution/solution-00051 
 52 7.241371885346e+10 1.392571516413e+09 768 7235 3201 19 8 9 9 5.70317098e-09 9.92981714e-09 outputs/V3.3e26_D10000_G12/solution/solution-00052 
 53 7.380629036987e+10 1.392571516413e+09 768 7235 3201 19 8 9 9 5.46842590e-09 9.51053872e-09 outputs/V3.3e26_D10000_G12/solution/solution-00053 
 54 7.519886188628e+10 1.392571516413e+09 768 7235 3201 19 8 9 9 5.24324251e-09 9.10908993e-09 outputs/V3.3e26_D10000_G12/solution/solution-00054 
 55 7.659143340269e+10 1.392571516413e+09 768 7235 3201 19 8 9 9 5.02724418e-09 8.72471903e-09 outputs/V3.3e26_D10000_G12/solution/solution-00055 
 56 7.798400491911e+10 1.392571516413e+09 768 7235 3201 19 8 9 9 4.82006736e-09 8.35670321e-09 outputs/V3.3e26_D10000_G12/solution/solution-00056 
 57 7.937657643552e+10 1.392571516413e+09 768 7235 3201 19 8 9 9 4.62136143e-09 8.00434800e-09 outputs/V3.3e26_D10000_G12/solution/solution-00057 
 58 8.076914795193e+10 1.392571516413e+09 768 7235 3201 19 8 9 9 4.43078840e-09 7.66698663e-09 outputs/V3.3e26_D10000_G12/solution/solution-00058 
 59 8.216171946834e+10 1.392571516413e+09 768 7235 3201 19 8 9 9 4.24802271e-09 7.34397933e-09 outputs/V3.3e26_D10000_G12/solution/solution-00059 
 60 8.355429098476e+10 1.392571516413e+09 768 7235 3201 19 8 9 9 4.07275084e-09 7.03471253e-09 outputs/V3.3e26_D10000_G12/solution/solution-00060 
 61 8.494686250117e+10 1.392571516413e+09 768 7235 3201 19 8 9 9 3.90467107e-09 6.73859808e-09 outputs/V3.3e26_D10000_G12/solution/solution-00061 
 62 8.633943401758e+10 1.392571516413e+09 768 7235 3201 19 8 9 9 3.74349312e-09 6.45507235e-09 outputs/V3.3e26_D10000_G12/solution/solution-00062 
 63 8.773200553399e+10 1.392571516413e+09 768 7235 3201 19 8 9 9 3.58893779e-09 6.18359546e-09 outputs/V3.3e26_D10000_G12/solution/solution-00063 
 64 8.912457705041e+10 1.392571516413e+09 768 7235 3201 19 8 9 9 3.44073667e-09 5.92365036e-09 outputs/V3.3e26_D10000_G12/solution/solution-00064 
 65 9.051714856682e+10 1.392571516413e+09 768 7235 3201 19 8 9 9 3.29863174e-09 5.67474201e-09 outputs/V3.3e26_D10000_G12/solution/solution-00065 
 66 9.190972008323e+10 1.392571516413e+09 768 7235 3201 19 8 9 9 3.16237507e-09 5.43639653e-09 outputs/V3.3e26_D10000_G12/solution/solution-00066 
 67 9.330229159964e+10 1.392571516413e+09 768 7235 3201 19 8 9 9 3.03172847e-09 5.20816038e-09 outputs/V3.3e26_D10000_G12/solution/solution-00067 
 68 9.469486311606e+10 1.392571516413e+09 768 7235 3201 19 8 9 9 2.90646312e-09 4.98959953e-09 outputs/V3.3e26_D10000_G12/solution/solution-00068 
 69 9.608743463247e+10 1.392571516413e+09 768 7235 3201 19 8 9 9 2.78635929e-09 4.78029867e-09 outputs/V3.3e26_D10000_G12/solution/solution-00069 
 70 9.748000614888e+10 1.392571516413e+09 768 7235 3201 18 8 9 9 2.67120597e-09 4.57986044e-09 outputs/V3.3e26_D10000_G12/solution/solution-00070 
 71 9.887257766530e+10 1.392571516413e+09 768 7235 3201 18 8 9 9 2.56080060e-09 4.38790471e-09 outputs/V3.3e26_D10000_G12/solution/solution-00071 
 72 1.002651491817e+11 1.392571516413e+09 768 7235 3201 18 8 9 9 2.45494871e-09 4.20406780e-09 outputs/V3.3e26_D10000_G12/solution/solution-00072 
 73 1.016577206981e+11 1.392571516413e+09 768 7235 3201 18 8 9 9 2.35346363e-09 4.02800182e-09 outputs/V3.3e26_D10000_G12/solution/solution-00073 
 74 1.030502922145e+11 1.392571516413e+09 768 7235 3201 18 8 9 9 2.25616624e-09 3.85937398e-09 outputs/V3.3e26_D10000_G12/solution/solution-00074 
 75 1.044428637309e+11 1.392571516413e+09 768 7235 3201 18 8 9 9 2.16288462e-09 3.69786594e-09 outputs/V3.3e26_D10000_G12/solution/solution-00075 
 76 1.058354352474e+11 1.392571516413e+09 768 7235 3201 18 8 9 9 2.07345380e-09 3.54317320e-09 outputs/V3.3e26_D10000_G12/solution/solution-00076 
 77 1.072280067638e+11 1.392571516413e+09 768 7235 3201 18 8 9 9 1.98771552e-09 3.39500447e-09 outputs/V3.3e26_D10000_G12/solution/solution-00077 
 78 1.086205782802e+11 1.392571516413e+09 768 7235 3201 18 8 9 9 1.90551791e-09 3.25308111e-09 outputs/V3.3e26_D10000_G12/solution/solution-00078 
 79 1.100131497966e+11 1.392571516413e+09 768 7235 3201 18 8 9 9 1.82671530e-09 3.11713657e-09 outputs/V3.3e26_D10000_G12/solution/solution-00079 
 80 1.114057213130e+11 1.392571516413e+09 768 7235 3201 18 8 9 9 1.75116795e-09 2.98691589e-09 outputs/V3.3e26_D10000_G12/solution/solution-00080 
 81 1.127982928294e+11 1.392571516413e+09 768 7235 3201 18 8 9 9 1.67874179e-09 2.86217513e-09 outputs/V3.3e26_D10000_G12/solution/solution-00081 
 82 1.141908643458e+11 1.392571516413e+09 768 7235 3201 18 8 9 9 1.60930825e-09 2.74268096e-09 outputs/V3.3e26_D10000_G12/solution/solution-00082 
 83 1.155834358622e+11 1.392571516413e+09 768 7235 3201 18 8 9 9 1.54274400e-09 2.62821012e-09 outputs/V3.3e26_D10000_G12/solution/solution-00083 
 84 1.169760073787e+11 1.392571516413e+09 768 7235 3201 18 8 9 9 1.47893077e-09 2.51854904e-09 outputs/V3.3e26_D10000_G12/solution/solution-00084 
 85 1.183685788951e+11 1.392571516413e+09 768 7235 3201 18 8 9 9 1.41775510e-09 2.41349335e-09 outputs/V3.3e26_D10000_G12/solution/solution-00085 
 86 1.197611504115e+11 1.392571516413e+09 768 7235 3201 18 8 9 9 1.35910822e-09 2.31284756e-09 outputs/V3.3e26_D10000_G12/solution/solution-00086 
 87 1.211537219279e+11 1.392571516413e+09 768 7235 3201 18 8 9 9 1.30288578e-09 2.21642456e-09 outputs/V3.3e26_D10000_G12/solution/solution-00087 
 88 1.225462934443e+11 1.392571516413e+09 768 7235 3201 18 8 9 9 1.24898774e-09 2.12404534e-09 outputs/V3.3e26_D10000_G12/solution/solution-00088 
 89 1.239388649607e+11 1.392571516413e+09 768 7235 3201 18 8 9 9 1.19731817e-09 2.03553861e-09 outputs/V3.3e26_D10000_G12/solution/solution-00089 
 90 1.253314364771e+11 1.392571516413e+09 768 7235 3201 18 8 9 9 1.14778505e-09 1.95074042e-09 outputs/V3.3e26_D10000_G12/solution/solution-00090 
 91 1.267240079935e+11 1.392571516413e+09 768 7235 3201 18 8 9 9 1.10030018e-09 1.86949391e-09 outputs/V3.3e26_D10000_G12/solution/solution-00091 
 92 1.281165795100e+11 1.392571516413e+09 768 7235 3201 18 8 9 9 1.05477896e-09 1.79164891e-09 outputs/V3.3e26_D10000_G12/solution/solution-00092 
 93 1.295091510264e+11 1.392571516413e+09 768 7235 3201 18 8 9 9 1.01114030e-09 1.71706174e-09 outputs/V3.3e26_D10000_G12/solution/solution-00093 
 94 1.309017225428e+11 1.392571516413e+09 768 7235 3201 18 8 9 9 9.69306409e-10 1.64559486e-09 outputs/V3.3e26_D10000_G12/solution/solution-00094 
 95 1.322942940592e+11 1.392571516413e+09 768 7235 3201 18 8 9 9 9.29202736e-10 1.57711661e-09 outputs/V3.3e26_D10000_G12/solution/solution-00095 
 96 1.336868655756e+11 1.392571516413e+09 768 7235 3201 18 8 9 9 8.90757785e-10 1.51150098e-09 outputs/V3.3e26_D10000_G12/solution/solution-00096 
 97 1.350794370920e+11 1.392571516413e+09 768 7235 3201 18 8 9 9 8.53903008e-10 1.44862734e-09 outputs/V3.3e26_D10000_G12/solution/solution-00097 
 98 1.364720086084e+11 1.392571516413e+09 768 7235 3201 18 8 9 9 8.18572685e-10 1.38838022e-09 outputs/V3.3e26_D10000_G12/solution/solution-00098 
 99 1.378645801248e+11 1.392571516413e+09 768 7235 3201 18 8 9 9 7.84703804e-10 1.33064906e-09 outputs/V3.3e26_D10000_G12/solution/solution-00099 
100 1.392571516413e+11 1.392571516413e+09 768 7235 3201 17 8 9 9 7.52235949e-10 1.27532801e-09 outputs/V3.3e26_D10000_G12/solution/solution-00100 
