# 1: Time step number
# 2: Time (years)
# 3: Time step size (years)
# 4: Number of mesh cells
# 5: Number of Stokes degrees of freedom
# 6: Number of temperature degrees of freedom
# 7: Iterations for temperature solver
# 8: Iterations for Stokes solver
# 9: Velocity iterations in Stokes preconditioner
# 10: Schur complement iterations in Stokes preconditioner
# 11: RMS velocity (m/year)
# 12: Max. velocity (m/year)
# 13: Visualization file name
  0 0.000000000000e+00 0.000000000000e+00 768 7235 3201  0 8 9 9 2.09091060e-06 1.01586256e-05 outputs/V3.3e24_D10000_G8/solution/solution-00000 
  1 1.392571516413e+09 1.392571516413e+09 768 7235 3201 32 8 9 9 1.21827429e-05 2.10837815e-05 outputs/V3.3e24_D10000_G8/solution/solution-00001 
  2 2.785143032825e+09 1.392571516413e+09 768 7235 3201 26 8 9 9 1.06221581e-04 1.89899320e-04 outputs/V3.3e24_D10000_G8/solution/solution-00002 
  3 3.278825684301e+09 4.936826514759e+08 768 7235 3201 18 8 9 9 3.43429027e-04 6.21327658e-04 outputs/V3.3e24_D10000_G8/solution/solution-00003 
  4 3.429713421315e+09 1.508877370134e+08 768 7235 3201 12 8 9 9 5.70895651e-04 1.03704932e-03 outputs/V3.3e24_D10000_G8/solution/solution-00004 
  5 3.520158210089e+09 9.044478877406e+07 768 7235 3201 11 7 8 8 8.01607295e-04 1.45925650e-03 outputs/V3.3e24_D10000_G8/solution/solution-00005 
  6 3.584401449121e+09 6.424323903207e+07 768 7235 3201 11 7 8 8 1.02983921e-03 1.87722087e-03                                                "" 
  7 3.634326856948e+09 4.992540782742e+07 768 7235 3201 11 7 8 8 1.25397113e-03 2.28898447e-03 outputs/V3.3e24_D10000_G8/solution/solution-00006 
  8 3.675293489234e+09 4.096663228631e+07 768 7235 3201 11 6 7 7 1.47358992e-03 2.69202057e-03                                                "" 
  9 3.710127372961e+09 3.483388372692e+07 768 7235 3201 11 6 7 7 1.68851717e-03 3.08679149e-03 outputs/V3.3e24_D10000_G8/solution/solution-00007 
 10 3.740498714918e+09 3.037134195684e+07 768 7235 3201 11 6 7 7 1.89861247e-03 3.47247362e-03                                                "" 
 11 3.767496760221e+09 2.699804530235e+07 768 7235 3201 11 6 7 7 2.10386131e-03 3.84934610e-03                                                "" 
 12 3.791860377350e+09 2.436361712917e+07 768 7235 3201 12 6 7 7 2.30418567e-03 4.21699725e-03                                                "" 
 13 3.814097330781e+09 2.223695343142e+07 768 7235 3201 12 6 7 7 2.49929216e-03 4.57354447e-03 outputs/V3.3e24_D10000_G8/solution/solution-00008 
 14 3.834590279822e+09 2.049294904039e+07 768 7235 3201 12 6 7 7 2.68892486e-03 4.92100598e-03                                                "" 
 15 3.853637345925e+09 1.904706610361e+07 768 7235 3201 12 6 7 7 2.87286655e-03 5.25862279e-03                                                "" 
 16 3.871470220280e+09 1.783287435518e+07 768 7235 3201 12 6 7 7 3.05086311e-03 5.58371870e-03                                                "" 
 17 3.888267141795e+09 1.679692151422e+07 768 7235 3201 12 6 7 7 3.22257343e-03 5.89641935e-03                                                "" 
 18 3.904166621525e+09 1.589947973060e+07 768 7235 3201 12 6 7 7 3.38758613e-03 6.19757237e-03 outputs/V3.3e24_D10000_G8/solution/solution-00009 
 19 3.919293512239e+09 1.512689071345e+07 768 7235 3201 12 6 7 7 3.54561213e-03 6.48420657e-03                                                "" 
 20 3.933751719122e+09 1.445820688354e+07 768 7235 3201 12 6 7 7 3.69635649e-03 6.75714518e-03                                                "" 
 21 3.947628856339e+09 1.387713721730e+07 768 7235 3201 13 6 7 7 3.83952462e-03 7.01665081e-03                                                "" 
 22 3.960998443358e+09 1.336958701860e+07 768 7235 3201 13 6 7 7 3.97481526e-03 7.26006953e-03                                                "" 
 23 3.973914552585e+09 1.291610922705e+07 768 7235 3201 13 6 7 7 4.10185087e-03 7.48670275e-03 outputs/V3.3e24_D10000_G8/solution/solution-00010 
 24 3.986434728390e+09 1.252017580475e+07 768 7235 3201 13 6 7 7 4.22039494e-03 7.69613052e-03                                                "" 
 25 3.998609508086e+09 1.217477969601e+07 768 7235 3201 13 6 7 7 4.33022990e-03 7.89379199e-03                                                "" 
 26 4.010483698330e+09 1.187419024388e+07 768 7235 3201 13 6 7 7 4.43116011e-03 8.07380710e-03 outputs/V3.3e24_D10000_G8/solution/solution-00011 
 27 4.022097391538e+09 1.161369320784e+07 768 7235 3201 13 6 7 7 4.52301426e-03 8.23575209e-03                                                "" 
 28 4.033486785738e+09 1.138939420089e+07 768 7235 3201 13 6 7 7 4.60564712e-03 8.37938121e-03                                                "" 
 29 4.044679840702e+09 1.119305496348e+07 768 7235 3201 13 6 7 7 4.67890998e-03 8.50445811e-03                                                "" 
 30 4.055703595557e+09 1.102375485484e+07 768 7235 3201 13 6 7 7 4.74270736e-03 8.61432151e-03                                                "" 
 31 4.066586634908e+09 1.088303935096e+07 768 7235 3201 13 6 7 7 4.79700124e-03 8.70556359e-03 outputs/V3.3e24_D10000_G8/solution/solution-00012 
 32 4.077355610291e+09 1.076897538312e+07 768 7235 3201 13 6 7 7 4.84178127e-03 8.77810405e-03                                                "" 
 33 4.088035593058e+09 1.067998276691e+07 768 7235 3201 13 6 7 7 4.87706424e-03 8.83201874e-03                                                "" 
 34 4.098650380319e+09 1.061478726150e+07 768 7235 3201 13 6 7 7 4.90289327e-03 8.86954152e-03                                                "" 
 35 4.109222764283e+09 1.057238396418e+07 768 7235 3201 13 6 7 7 4.91933676e-03 8.88998266e-03 outputs/V3.3e24_D10000_G8/solution/solution-00013 
 36 4.119774773325e+09 1.055200904123e+07 768 7235 3201 13 6 7 7 4.92648720e-03 8.89226945e-03                                                "" 
 37 4.130323070769e+09 1.054829744389e+07 768 7235 3201 13 6 7 7 4.92446284e-03 8.87668835e-03                                                "" 
 38 4.140886709085e+09 1.056363831687e+07 768 7235 3201 13 6 7 7 4.91341553e-03 8.84359749e-03                                                "" 
 39 4.151486766815e+09 1.060005772986e+07 768 7235 3201 13 6 7 7 4.89351818e-03 8.79340257e-03                                                "" 
 40 4.162144286793e+09 1.065751997774e+07 768 7235 3201 13 6 7 7 4.86496065e-03 8.72821356e-03 outputs/V3.3e24_D10000_G8/solution/solution-00014 
 41 4.172880462020e+09 1.073617522730e+07 768 7235 3201 13 6 7 7 4.82794824e-03 8.65004744e-03                                                "" 
 42 4.183716821737e+09 1.083635971679e+07 768 7235 3201 13 6 7 7 4.78270018e-03 8.55600937e-03                                                "" 
 43 4.194675421695e+09 1.095859995758e+07 768 7235 3201 13 6 7 7 4.72944820e-03 8.44663431e-03                                                "" 
 44 4.205779042717e+09 1.110362102221e+07 768 7235 3201 13 6 7 7 4.66843524e-03 8.32248885e-03 outputs/V3.3e24_D10000_G8/solution/solution-00015 
 45 4.217049758636e+09 1.127071591952e+07 768 7235 3201 13 6 7 7 4.59992459e-03 8.18418873e-03                                                "" 
 46 4.228506671579e+09 1.145691294220e+07 768 7235 3201 13 6 7 7 4.52421993e-03 8.03405965e-03                                                "" 
 47 4.240175741031e+09 1.166906945289e+07 768 7235 3201 13 6 7 7 4.44160281e-03 7.87235426e-03                                                "" 
 48 4.252084503881e+09 1.190876285000e+07 768 7235 3201 13 6 7 7 4.35236058e-03 7.73360250e-03                                                "" 
 49 4.264212035480e+09 1.212753159851e+07 768 7235 3201 13 6 7 7 4.25718788e-03 7.65006640e-03 outputs/V3.3e24_D10000_G8/solution/solution-00016 
 50 4.276468145317e+09 1.225610983687e+07 768 7235 3201 13 6 7 7 4.15742625e-03 7.55896143e-03                                                "" 
 51 4.288870642783e+09 1.240249746645e+07 768 7235 3201 13 6 7 7 4.05361046e-03 7.46006194e-03                                                "" 
 52 4.301437562563e+09 1.256691977991e+07 768 7235 3201 13 6 7 7 3.94625473e-03 7.35310678e-03 outputs/V3.3e24_D10000_G8/solution/solution-00017 
 53 4.314187275407e+09 1.274971284388e+07 768 7235 3201 12 6 7 7 3.83585159e-03 7.23864306e-03                                                "" 
 54 4.327138597806e+09 1.295132239934e+07 768 7235 3201 12 6 7 7 3.72287158e-03 7.11720625e-03                                                "" 
 55 4.340310901191e+09 1.317230338412e+07 768 7235 3201 12 6 7 7 3.60776329e-03 6.98932083e-03                                                "" 
 56 4.353724221636e+09 1.341332044503e+07 768 7235 3201 12 6 7 7 3.49095372e-03 6.85550092e-03                                                "" 
 57 4.367399371138e+09 1.367514950279e+07 768 7235 3201 12 6 7 7 3.37284884e-03 6.71625094e-03 outputs/V3.3e24_D10000_G8/solution/solution-00018 
 58 4.381358051477e+09 1.395868033867e+07 768 7235 3201 12 6 7 7 3.25383431e-03 6.57206623e-03                                                "" 
 59 4.395622971625e+09 1.426492014755e+07 768 7235 3201 12 6 7 7 3.13427633e-03 6.42343356e-03                                                "" 
 60 4.410217969623e+09 1.459499799881e+07 768 7235 3201 12 6 7 7 3.01452254e-03 6.27083164e-03 outputs/V3.3e24_D10000_G8/solution/solution-00019 
 61 4.425168139771e+09 1.495017014762e+07 768 7235 3201 11 6 7 7 2.89490296e-03 6.11614320e-03                                                "" 
 62 4.440499965911e+09 1.533182614009e+07 768 7235 3201 11 6 7 7 2.77573102e-03 5.95845425e-03                                                "" 
 63 4.456241461563e+09 1.574149565162e+07 768 7235 3201 11 6 7 7 2.65730443e-03 5.79811684e-03                                                "" 
 64 4.472422317551e+09 1.618085598843e+07 768 7235 3201 11 6 7 7 2.53990619e-03 5.63558832e-03                                                "" 
 65 4.489074057716e+09 1.665174016509e+07 768 7235 3201 11 6 7 7 2.42380541e-03 5.47131901e-03 outputs/V3.3e24_D10000_G8/solution/solution-00020 
 66 4.506229038799e+09 1.715498108293e+07 768 7235 3201 11 6 7 7 2.30926570e-03 5.30576298e-03 outputs/V3.3e24_D10000_G8/solution/solution-00021 
 67 4.523915231796e+09 1.768619299656e+07 768 7235 3201 11 6 7 7 2.19657747e-03 5.13942606e-03                                                "" 
 68 4.542169469730e+09 1.825423793438e+07 768 7235 3201 11 6 7 7 2.08597124e-03 4.97273850e-03                                                "" 
 69 4.561030882564e+09 1.886141283412e+07 768 7235 3201 10 6 7 7 1.97766591e-03 4.80612146e-03                                                "" 
 70 4.580541057190e+09 1.951017462554e+07 768 7235 3201 10 6 7 7 1.87186911e-03 4.63998633e-03                                                "" 
 71 4.600744199322e+09 2.020314213184e+07 768 7235 3201 10 6 7 7 1.76877729e-03 4.47473401e-03 outputs/V3.3e24_D10000_G8/solution/solution-00022 
 72 4.621687295189e+09 2.094309586732e+07 768 7235 3201 10 6 7 7 1.66857574e-03 4.31075405e-03                                                "" 
 73 4.643420270393e+09 2.173297520389e+07 768 7235 3201 10 6 7 7 1.57143832e-03 4.14929986e-03                                                "" 
 74 4.665996142641e+09 2.257587224858e+07 768 7235 3201 10 6 7 7 1.47752714e-03 3.99186453e-03                                                "" 
 75 4.689471164323e+09 2.347502168173e+07 768 7235 3201 10 6 7 7 1.38699183e-03 3.83675823e-03                                                "" 
 76 4.713904950064e+09 2.443378574086e+07 768 7235 3201 10 6 7 7 1.29996882e-03 3.68431293e-03 outputs/V3.3e24_D10000_G8/solution/solution-00023 
 77 4.739360583570e+09 2.545563350627e+07 768 7235 3201 10 6 7 7 1.21658020e-03 3.53484266e-03                                                "" 
 78 4.765904697238e+09 2.654411366747e+07 768 7235 3201  9 6 7 7 1.13693253e-03 3.38864218e-03                                                "" 
 79 4.793591651491e+09 2.768695425345e+07 768 7235 3201  9 6 7 7 1.06115651e-03 3.24606417e-03                                                "" 
 80 4.822475461949e+09 2.888381045791e+07 768 7235 3201  9 6 7 7 9.89357867e-04 3.10934200e-03 outputs/V3.3e24_D10000_G8/solution/solution-00024 
 81 4.852626535718e+09 3.015107376888e+07 768 7235 3201  9 6 7 7 9.21577807e-04 2.97702704e-03                                                "" 
 82 4.884117683965e+09 3.149114824744e+07 768 7235 3201  9 6 7 7 8.57834632e-04 2.84900965e-03                                                "" 
 83 4.917023855385e+09 3.290617141981e+07 768 7235 3201  9 6 7 7 7.98122158e-04 2.72636873e-03 outputs/V3.3e24_D10000_G8/solution/solution-00025 
 84 4.951421803986e+09 3.439794860037e+07 768 7235 3201  9 6 7 7 7.42408471e-04 2.60969121e-03                                                "" 
 85 4.987389690536e+09 3.596788655053e+07 768 7235 3201  9 6 7 7 6.90635086e-04 2.49761016e-03                                                "" 
 86 5.024947979370e+09 3.755828883412e+07 768 7235 3201  8 6 7 7 6.42786135e-04 2.39035576e-03 outputs/V3.3e24_D10000_G8/solution/solution-00026 
 87 5.064160920416e+09 3.921294104545e+07 768 7235 3201  8 6 7 7 5.98740298e-04 2.28796460e-03                                                "" 
 88 5.105095762303e+09 4.093484188711e+07 768 7235 3201  8 6 7 7 5.58345645e-04 2.19378953e-03 outputs/V3.3e24_D10000_G8/solution/solution-00027 
 89 5.147817926994e+09 4.272216469154e+07 768 7235 3201  8 6 7 7 5.21428511e-04 2.10449513e-03                                                "" 
 90 5.192390410443e+09 4.457248344836e+07 768 7235 3201  8 6 7 7 4.87796945e-04 2.01974577e-03                                                "" 
 91 5.238860931557e+09 4.647052111429e+07 768 7235 3201  8 6 7 7 4.57252409e-04 1.93947920e-03 outputs/V3.3e24_D10000_G8/solution/solution-00028 
 92 5.287202875426e+09 4.834194386869e+07 768 7235 3201  8 5 6 6 4.29620447e-04 1.86556202e-03                                                "" 
 93 5.337455828124e+09 5.025295269851e+07 768 7235 3201  8 5 6 6 4.04668032e-04 1.79603178e-03 outputs/V3.3e24_D10000_G8/solution/solution-00029 
 94 5.389654236202e+09 5.219840807811e+07 768 7235 3201  8 5 6 6 3.82165787e-04 1.73057550e-03                                                "" 
 95 5.443826966708e+09 5.417273050588e+07 768 7235 3201  7 5 6 6 3.61892402e-04 1.67014104e-03 outputs/V3.3e24_D10000_G8/solution/solution-00030 
 96 5.499996871588e+09 5.616990488020e+07 768 7235 3201  7 5 6 6 3.43638397e-04 1.61405575e-03                                                "" 
 97 5.558180335635e+09 5.818346404648e+07 768 7235 3201  7 5 6 6 3.27209028e-04 1.56147314e-03 outputs/V3.3e24_D10000_G8/solution/solution-00031 
 98 5.618300453054e+09 6.012011741885e+07 768 7235 3201  7 5 6 6 3.12445690e-04 1.51232250e-03 outputs/V3.3e24_D10000_G8/solution/solution-00032 
 99 5.680324639537e+09 6.202418648287e+07 768 7235 3201  7 5 6 6 2.99186977e-04 1.46647753e-03                                                "" 
100 5.744237159884e+09 6.391252034753e+07 768 7235 3201  7 5 6 6 2.87283509e-04 1.42379861e-03 outputs/V3.3e24_D10000_G8/solution/solution-00033 
