# 1: Time step number
# 2: Time (years)
# 3: Time step size (years)
# 4: Number of mesh cells
# 5: Number of Stokes degrees of freedom
# 6: Number of temperature degrees of freedom
# 7: Iterations for temperature solver
# 8: Iterations for Stokes solver
# 9: Velocity iterations in Stokes preconditioner
# 10: Schur complement iterations in Stokes preconditioner
# 11: RMS velocity (m/year)
# 12: Max. velocity (m/year)
# 13: Visualization file name
  0 0.000000000000e+00 0.000000000000e+00 768 7235 3201  0 8 9 9 2.68503908e-06 5.65712452e-06 outputs/V1e24_D3000_G4/solution/solution-00000 
  1 1.392571516413e+09 1.392571516413e+09 768 7235 3201 31 8 9 9 1.15104208e-05 1.97545502e-05 outputs/V1e24_D3000_G4/solution/solution-00001 
  2 2.785143032825e+09 1.392571516413e+09 768 7235 3201 26 8 9 9 5.71825642e-05 1.00252980e-04 outputs/V1e24_D3000_G4/solution/solution-00002 
  3 3.720277327421e+09 9.351342945955e+08 768 7235 3201 22 8 9 9 1.92198410e-04 3.41726405e-04 outputs/V1e24_D3000_G4/solution/solution-00003 
  4 3.994619603853e+09 2.743422764325e+08 768 7235 3201 14 8 9 9 3.10813402e-04 5.55168709e-04 outputs/V1e24_D3000_G4/solution/solution-00004 
  5 4.163540320825e+09 1.689207169718e+08 768 7235 3201 12 7 8 8 4.30597112e-04 7.71272378e-04 outputs/V1e24_D3000_G4/solution/solution-00005 
  6 4.285128960263e+09 1.215886394380e+08 768 7235 3201 11 7 8 8 5.48732780e-04 9.84573169e-04 outputs/V1e24_D3000_G4/solution/solution-00006 
  7 4.380334792819e+09 9.520583255558e+07 768 7235 3201 10 7 8 8 6.64398083e-04 1.19366752e-03 outputs/V1e24_D3000_G4/solution/solution-00007 
  8 4.458851559706e+09 7.851676688763e+07 768 7235 3201 10 6 7 7 7.77415032e-04 1.39862234e-03 outputs/V1e24_D3000_G4/solution/solution-00008 
  9 4.525892792022e+09 6.704123231540e+07 768 7235 3201 10 6 7 7 8.87771908e-04 1.59861153e-03 outputs/V1e24_D3000_G4/solution/solution-00009 
 10 4.584563899718e+09 5.867110769670e+07 768 7235 3201 10 6 7 7 9.95464245e-04 1.79363423e-03                                             "" 
 11 4.636832081621e+09 5.226818190280e+07 768 7235 3201 10 6 7 7 1.10039829e-03 1.98408671e-03 outputs/V1e24_D3000_G4/solution/solution-00010 
 12 4.684083040674e+09 4.725095905321e+07 768 7235 3201 10 6 7 7 1.20255266e-03 2.16904912e-03                                             "" 
 13 4.727304745120e+09 4.322170444580e+07 768 7235 3201 10 6 7 7 1.30187795e-03 2.34921298e-03 outputs/V1e24_D3000_G4/solution/solution-00011 
 14 4.767227363155e+09 3.992261803461e+07 768 7235 3201 10 6 7 7 1.39830103e-03 2.52393008e-03                                             "" 
 15 4.804383287036e+09 3.715592388158e+07 768 7235 3201 10 6 7 7 1.49167023e-03 2.69247186e-03 outputs/V1e24_D3000_G4/solution/solution-00012 
 16 4.839198439685e+09 3.481515264894e+07 768 7235 3201 10 6 7 7 1.58185382e-03 2.85484381e-03                                             "" 
 17 4.872023427118e+09 3.282498743290e+07 768 7235 3201 11 6 7 7 1.66874429e-03 3.01262043e-03                                             "" 
 18 4.903142119905e+09 3.111869278655e+07 768 7235 3201 11 6 7 7 1.75222625e-03 3.16356723e-03 outputs/V1e24_D3000_G4/solution/solution-00013 
 19 4.932788047176e+09 2.964592727100e+07 768 7235 3201 11 6 7 7 1.83217947e-03 3.30740050e-03                                             "" 
 20 4.961144180212e+09 2.835613303658e+07 768 7235 3201 11 6 7 7 1.90844976e-03 3.44416019e-03                                             "" 
 21 4.988364168462e+09 2.721998824918e+07 768 7235 3201 11 6 7 7 1.98088726e-03 3.57450438e-03                                             "" 
 22 5.014591580692e+09 2.622741223088e+07 768 7235 3201 11 6 7 7 2.04938405e-03 3.69696033e-03 outputs/V1e24_D3000_G4/solution/solution-00014 
 23 5.039950251487e+09 2.535867079419e+07 768 7235 3201 11 6 7 7 2.11383673e-03 3.81131177e-03                                             "" 
 24 5.064548081782e+09 2.459783029513e+07 768 7235 3201 11 6 7 7 2.17414809e-03 3.91881712e-03                                             "" 
 25 5.088479993690e+09 2.393191190865e+07 768 7235 3201 11 6 7 7 2.23022855e-03 4.01817509e-03                                             "" 
 26 5.111824491864e+09 2.334449817363e+07 768 7235 3201 11 6 7 7 2.28198507e-03 4.10892732e-03 outputs/V1e24_D3000_G4/solution/solution-00015 
 27 5.134645586293e+09 2.282109442938e+07 768 7235 3201 11 6 7 7 2.32932656e-03 4.19090166e-03                                             "" 
 28 5.157012811395e+09 2.236722510203e+07 768 7235 3201 11 6 7 7 2.37220414e-03 4.26400848e-03                                             "" 
 29 5.178989358264e+09 2.197654686868e+07 768 7235 3201 11 6 7 7 2.41058002e-03 4.33015821e-03                                             "" 
 30 5.200633136727e+09 2.164377846279e+07 768 7235 3201 11 6 7 7 2.44442793e-03 4.38814249e-03 outputs/V1e24_D3000_G4/solution/solution-00016 
 31 5.221997660596e+09 2.136452386909e+07 768 7235 3201 11 6 7 7 2.47373323e-03 4.43713630e-03                                             "" 
 32 5.243132794211e+09 2.113513361548e+07 768 7235 3201 11 6 7 7 2.49849300e-03 4.47713645e-03                                             "" 
 33 5.264085389603e+09 2.095259539202e+07 768 7235 3201 11 6 7 7 2.51871589e-03 4.50816756e-03                                             "" 
 34 5.284887711397e+09 2.080232179327e+07 768 7235 3201 11 6 7 7 2.53441406e-03 4.53045820e-03                                             "" 
 35 5.305580982547e+09 2.069327115058e+07 768 7235 3201 11 5 6 6 2.54562587e-03 4.54534377e-03 outputs/V1e24_D3000_G4/solution/solution-00017 
 36 5.326206485182e+09 2.062550263487e+07 768 7235 3201 11 5 6 6 2.55240165e-03 4.55147564e-03                                             "" 
 37 5.346804200628e+09 2.059771544598e+07 768 7235 3201 11 5 6 6 2.55480138e-03 4.54898926e-03                                             "" 
 38 5.367413174322e+09 2.060897369413e+07 768 7235 3201 11 5 6 6 2.55289410e-03 4.53804401e-03                                             "" 
 39 5.388071854536e+09 2.065868021382e+07 768 7235 3201 11 5 6 6 2.54675731e-03 4.51954506e-03                                             "" 
 40 5.408818412196e+09 2.074655765987e+07 768 7235 3201 11 6 7 7 2.53647639e-03 4.49372646e-03 outputs/V1e24_D3000_G4/solution/solution-00018 
 41 5.429691048856e+09 2.087263665974e+07 768 7235 3201 11 6 7 7 2.52214405e-03 4.45999210e-03                                             "" 
 42 5.450722291502e+09 2.103124264647e+07 768 7235 3201 11 6 7 7 2.50386535e-03 4.41859006e-03                                             "" 
 43 5.471944776849e+09 2.122248534703e+07 768 7235 3201 11 6 7 7 2.48175608e-03 4.36979544e-03                                             "" 
 44 5.493398492028e+09 2.145371517922e+07 768 7235 3201 11 6 7 7 2.45593307e-03 4.31388905e-03                                             "" 
 45 5.515124553500e+09 2.172606147158e+07 768 7235 3201 11 6 7 7 2.42651752e-03 4.25557787e-03 outputs/V1e24_D3000_G4/solution/solution-00019 
 46 5.537154464086e+09 2.202991058555e+07 768 7235 3201 11 6 7 7 2.39365169e-03 4.19345297e-03                                             "" 
 47 5.559517716064e+09 2.236325197869e+07 768 7235 3201 11 6 7 7 2.35749298e-03 4.12419325e-03                                             "" 
 48 5.582261304632e+09 2.274358856803e+07 768 7235 3201 11 6 7 7 2.31817995e-03 4.04760558e-03                                             "" 
 49 5.605426344408e+09 2.316503977564e+07 768 7235 3201 11 6 7 7 2.27586755e-03 3.96413343e-03 outputs/V1e24_D3000_G4/solution/solution-00020 
 50 5.629070420198e+09 2.364407579026e+07 768 7235 3201 11 6 7 7 2.23068754e-03 3.87534258e-03                                             "" 
 51 5.653254845208e+09 2.418442500976e+07 768 7235 3201 11 6 7 7 2.18276963e-03 3.79368582e-03                                             "" 
 52 5.677967462629e+09 2.471261742153e+07 768 7235 3201 11 6 7 7 2.13240214e-03 3.74753817e-03                                             "" 
 53 5.702983885612e+09 2.501642298241e+07 768 7235 3201 11 6 7 7 2.08033872e-03 3.69755054e-03 outputs/V1e24_D3000_G4/solution/solution-00021 
 54 5.728338508592e+09 2.535462298023e+07 768 7235 3201 11 6 7 7 2.02681822e-03 3.64391281e-03                                             "" 
 55 5.754066347019e+09 2.572783842724e+07 768 7235 3201 11 6 7 7 1.97206798e-03 3.58688773e-03                                             "" 
 56 5.780203211937e+09 2.613686491742e+07 768 7235 3201 10 6 7 7 1.91630376e-03 3.52673369e-03                                             "" 
 57 5.806785882515e+09 2.658267057860e+07 768 7235 3201 10 6 7 7 1.85972985e-03 3.46370489e-03 outputs/V1e24_D3000_G4/solution/solution-00022 
 58 5.833852276145e+09 2.706639362951e+07 768 7235 3201 10 6 7 7 1.80253944e-03 3.39805151e-03                                             "" 
 59 5.861441616602e+09 2.758934045728e+07 768 7235 3201 10 6 7 7 1.74491506e-03 3.33001997e-03                                             "" 
 60 5.889594600962e+09 2.815298435935e+07 768 7235 3201 10 6 7 7 1.68702902e-03 3.25985308e-03                                             "" 
 61 5.918353565794e+09 2.875896483262e+07 768 7235 3201 10 6 7 7 1.62904399e-03 3.18779020e-03 outputs/V1e24_D3000_G4/solution/solution-00023 
 62 5.947762652996e+09 2.940908720197e+07 768 7235 3201 10 6 7 7 1.57111344e-03 3.11406730e-03                                             "" 
 63 5.977867975338e+09 3.010532234219e+07 768 7235 3201 10 6 7 7 1.51338223e-03 3.03920106e-03                                             "" 
 64 6.008717781561e+09 3.084980622283e+07 768 7235 3201 10 6 7 7 1.45598705e-03 2.96356071e-03 outputs/V1e24_D3000_G4/solution/solution-00024 
 65 6.040362620542e+09 3.164483898114e+07 768 7235 3201  9 6 7 7 1.39905694e-03 2.88692327e-03                                             "" 
 66 6.072855503742e+09 3.249288319947e+07 768 7235 3201  9 6 7 7 1.34271373e-03 2.80951461e-03                                             "" 
 67 6.106252064771e+09 3.339656102904e+07 768 7235 3201  9 6 7 7 1.28707242e-03 2.73155644e-03 outputs/V1e24_D3000_G4/solution/solution-00025 
 68 6.140610714532e+09 3.435864976173e+07 768 7235 3201  9 6 7 7 1.23224155e-03 2.65326601e-03                                             "" 
 69 6.175983733488e+09 3.537301895572e+07 768 7235 3201  9 6 7 7 1.17833696e-03 2.57487533e-03                                             "" 
 70 6.212424943916e+09 3.644121042817e+07 768 7235 3201  9 6 7 7 1.12546805e-03 2.49661162e-03 outputs/V1e24_D3000_G4/solution/solution-00026 
 71 6.249999061166e+09 3.757411724999e+07 768 7235 3201  9 6 7 7 1.07372505e-03 2.41867702e-03                                             "" 
 72 6.288773596678e+09 3.877453551166e+07 768 7235 3201  9 6 7 7 1.02319249e-03 2.34126688e-03                                             "" 
 73 6.328818887583e+09 4.004529090472e+07 768 7235 3201  9 6 7 7 9.73949183e-04 2.26456911e-03 outputs/V1e24_D3000_G4/solution/solution-00027 
 74 6.370208096834e+09 4.138920925156e+07 768 7235 3201  9 6 7 7 9.26068264e-04 2.18876354e-03                                             "" 
 75 6.413017178477e+09 4.280908164259e+07 768 7235 3201  8 6 7 7 8.79617071e-04 2.11402133e-03 outputs/V1e24_D3000_G4/solution/solution-00028 
 76 6.457324802332e+09 4.430762385555e+07 768 7235 3201  8 6 7 7 8.34657044e-04 2.04168946e-03                                             "" 
 77 6.503212232096e+09 4.588742976398e+07 768 7235 3201  8 6 7 7 7.91243535e-04 1.97103817e-03 outputs/V1e24_D3000_G4/solution/solution-00029 
 78 6.550763150658e+09 4.755091856128e+07 768 7235 3201  8 6 7 7 7.49425576e-04 1.90189088e-03                                             "" 
 79 6.600063426469e+09 4.930027581145e+07 768 7235 3201  8 6 7 7 7.09245621e-04 1.83437576e-03 outputs/V1e24_D3000_G4/solution/solution-00030 
 80 6.651200815052e+09 5.113738858248e+07 768 7235 3201  8 6 7 7 6.70739245e-04 1.76860911e-03                                             "" 
 81 6.704264590272e+09 5.306377522051e+07 768 7235 3201  8 6 7 7 6.33934842e-04 1.70469510e-03 outputs/V1e24_D3000_G4/solution/solution-00031 
 82 6.759296087857e+09 5.503149758518e+07 768 7235 3201  8 6 7 7 5.98883068e-04 1.64277854e-03                                             "" 
 83 6.816364516346e+09 5.706842848843e+07 768 7235 3201  8 6 7 7 5.65601338e-04 1.58401647e-03 outputs/V1e24_D3000_G4/solution/solution-00032 
 84 6.875549507057e+09 5.918499071122e+07 768 7235 3201  8 6 7 7 5.34090411e-04 1.52738526e-03                                             "" 
 85 6.936928913219e+09 6.137940616209e+07 768 7235 3201  8 6 7 7 5.04342562e-04 1.47291789e-03 outputs/V1e24_D3000_G4/solution/solution-00033 
 86 7.000578082333e+09 6.364916911396e+07 768 7235 3201  8 6 7 7 4.76341553e-04 1.42064814e-03 outputs/V1e24_D3000_G4/solution/solution-00034 
 87 7.066569088305e+09 6.599100597207e+07 768 7235 3201  7 6 7 7 4.50062715e-04 1.37155621e-03                                             "" 
 88 7.134969934736e+09 6.840084643043e+07 768 7235 3201  7 6 7 7 4.25473184e-04 1.32477112e-03 outputs/V1e24_D3000_G4/solution/solution-00035 
 89 7.205837450570e+09 7.086751583430e+07 768 7235 3201  7 5 6 6 4.02534184e-04 1.28016709e-03 outputs/V1e24_D3000_G4/solution/solution-00036 
 90 7.279126463948e+09 7.328901337851e+07 768 7235 3201  7 5 6 6 3.81225210e-04 1.23778604e-03                                             "" 
 91 7.354874835805e+09 7.574837185621e+07 768 7235 3201  7 5 6 6 3.61485408e-04 1.19759600e-03 outputs/V1e24_D3000_G4/solution/solution-00037 
 92 7.433113026030e+09 7.823819022555e+07 768 7235 3201  7 5 6 6 3.43248545e-04 1.15958493e-03 outputs/V1e24_D3000_G4/solution/solution-00038 
 93 7.513863582782e+09 8.075055675169e+07 768 7235 3201  7 5 6 6 3.26443958e-04 1.12513857e-03 outputs/V1e24_D3000_G4/solution/solution-00039 
 94 7.597140715945e+09 8.327713316358e+07 768 7235 3201  7 5 6 6 3.10997645e-04 1.09264804e-03                                             "" 
 95 7.682949958953e+09 8.580924300725e+07 768 7235 3201  8 5 6 6 2.96833395e-04 1.06205575e-03 outputs/V1e24_D3000_G4/solution/solution-00040 
 96 7.771287922135e+09 8.833796318235e+07 768 7235 3201  8 5 6 6 2.83873919e-04 1.03330028e-03 outputs/V1e24_D3000_G4/solution/solution-00041 
 97 7.862142138411e+09 9.085421627554e+07 768 7235 3201  8 5 6 6 2.72041937e-04 1.00631748e-03 outputs/V1e24_D3000_G4/solution/solution-00042 
 98 7.955399122237e+09 9.325698382620e+07 768 7235 3201  8 5 6 6 2.61271110e-04 9.81065119e-04 outputs/V1e24_D3000_G4/solution/solution-00043 
 99 8.050987041731e+09 9.558791949393e+07 768 7235 3201  8 5 6 6 2.51487583e-04 9.57869261e-04 outputs/V1e24_D3000_G4/solution/solution-00044 
100 8.148860523827e+09 9.787348209651e+07 768 7235 3201  8 5 6 6 2.42616128e-04 9.36505913e-04 outputs/V1e24_D3000_G4/solution/solution-00045 
