# 1: Time step number
# 2: Time (years)
# 3: Time step size (years)
# 4: Number of mesh cells
# 5: Number of Stokes degrees of freedom
# 6: Number of temperature degrees of freedom
# 7: Iterations for temperature solver
# 8: Iterations for Stokes solver
# 9: Velocity iterations in Stokes preconditioner
# 10: Schur complement iterations in Stokes preconditioner
# 11: RMS velocity (m/year)
# 12: Max. velocity (m/year)
# 13: Visualization file name
  0 0.000000000000e+00 0.000000000000e+00 768 7235 3201  0 8 9 9 9.39763677e-07 1.97999358e-06 outputs/V1e25_D3000_G14/solution/solution-00000 
  1 1.392571516413e+09 1.392571516413e+09 768 7235 3201 32 8 9 9 1.98087531e-06 3.38093235e-06 outputs/V1e25_D3000_G14/solution/solution-00001 
  2 2.785143032825e+09 1.392571516413e+09 768 7235 3201 25 8 9 9 4.50137311e-06 7.82049331e-06 outputs/V1e25_D3000_G14/solution/solution-00002 
  3 4.177714549238e+09 1.392571516413e+09 768 7235 3201 24 8 9 9 9.96326540e-06 1.76155132e-05 outputs/V1e25_D3000_G14/solution/solution-00003 
  4 5.570286065650e+09 1.392571516413e+09 768 7235 3201 24 8 9 9 2.11776697e-05 3.80485206e-05 outputs/V1e25_D3000_G14/solution/solution-00004 
  5 6.962857582063e+09 1.392571516413e+09 768 7235 3201 24 8 9 9 4.32527739e-05 7.87974758e-05 outputs/V1e25_D3000_G14/solution/solution-00005 
  6 8.152616506485e+09 1.189758924422e+09 768 7235 3201 23 8 9 9 7.83184880e-05 1.44192305e-04 outputs/V1e25_D3000_G14/solution/solution-00006 
  7 8.803109658388e+09 6.504931519028e+08 768 7235 3201 17 7 8 8 1.09637167e-04 2.02901497e-04 outputs/V1e25_D3000_G14/solution/solution-00007 
  8 9.265099729217e+09 4.619900708292e+08 768 7235 3201 14 7 8 8 1.39837617e-04 2.59721796e-04 outputs/V1e25_D3000_G14/solution/solution-00008 
  9 9.626031209292e+09 3.609314800749e+08 768 7235 3201 13 7 8 8 1.69137911e-04 3.14994536e-04 outputs/V1e25_D3000_G14/solution/solution-00009 
 10 9.923795249135e+09 2.977640398425e+08 768 7235 3201 12 6 7 7 1.97640392e-04 3.68785009e-04 outputs/V1e25_D3000_G14/solution/solution-00010 
 11 1.017800840230e+10 2.542131531679e+08 768 7235 3201 11 6 7 7 2.25391744e-04 4.21153675e-04 outputs/V1e25_D3000_G14/solution/solution-00011 
 12 1.040061123252e+10 2.226028302133e+08 768 7235 3201 10 6 7 7 2.52464733e-04 4.72337562e-04 outputs/V1e25_D3000_G14/solution/solution-00012 
 13 1.059917829544e+10 1.985670629211e+08 768 7235 3201 10 6 7 7 2.78901952e-04 5.22090375e-04 outputs/V1e25_D3000_G14/solution/solution-00013 
 14 1.077869906684e+10 1.795207714049e+08 768 7235 3201 10 6 7 7 3.04703522e-04 5.70806193e-04 outputs/V1e25_D3000_G14/solution/solution-00014 
 15 1.094293744736e+10 1.642383805155e+08 768 7235 3201  9 6 7 7 3.29887575e-04 6.18269726e-04 outputs/V1e25_D3000_G14/solution/solution-00015 
 16 1.109465054069e+10 1.517130933320e+08 768 7235 3201  9 6 7 7 3.54453997e-04 6.64366538e-04 outputs/V1e25_D3000_G14/solution/solution-00016 
 17 1.123576240395e+10 1.411118632615e+08 768 7235 3201  9 6 7 7 3.78360463e-04 7.09169092e-04 outputs/V1e25_D3000_G14/solution/solution-00017 
 18 1.136795936665e+10 1.321969627029e+08 768 7235 3201  9 6 7 7 4.01589966e-04 7.52477070e-04 outputs/V1e25_D3000_G14/solution/solution-00018 
 19 1.149258201564e+10 1.246226489818e+08 768 7235 3201  9 6 7 7 4.24116354e-04 7.94396955e-04 outputs/V1e25_D3000_G14/solution/solution-00019 
 20 1.161064249621e+10 1.180604805748e+08 768 7235 3201  9 6 7 7 4.45892336e-04 8.34464644e-04 outputs/V1e25_D3000_G14/solution/solution-00020 
 21 1.172296937736e+10 1.123268811504e+08 768 7235 3201  9 6 7 7 4.66865714e-04 8.72900352e-04 outputs/V1e25_D3000_G14/solution/solution-00021 
 22 1.183033121816e+10 1.073618408012e+08 768 7235 3201  9 6 7 7 4.86996573e-04 9.09952569e-04 outputs/V1e25_D3000_G14/solution/solution-00022 
 23 1.193337702785e+10 1.030458096876e+08 768 7235 3201  9 6 7 7 5.06241886e-04 9.44921258e-04 outputs/V1e25_D3000_G14/solution/solution-00023 
 24 1.203265837720e+10 9.928134935311e+07 768 7235 3201  9 6 7 7 5.24556176e-04 9.77720727e-04 outputs/V1e25_D3000_G14/solution/solution-00024 
 25 1.212854913825e+10 9.589076104788e+07 768 7235 3201  9 6 7 7 5.41875088e-04 1.00880472e-03 outputs/V1e25_D3000_G14/solution/solution-00025 
 26 1.222148090047e+10 9.293176221656e+07 768 7235 3201  9 6 7 7 5.58157562e-04 1.03760719e-03 outputs/V1e25_D3000_G14/solution/solution-00026 
 27 1.231183301125e+10 9.035211078301e+07 768 7235 3201  9 6 7 7 5.73363902e-04 1.06402279e-03 outputs/V1e25_D3000_G14/solution/solution-00027 
 28 1.239994202628e+10 8.810901502912e+07 768 7235 3201  9 6 7 7 5.87456632e-04 1.08847987e-03                                              "" 
 29 1.248610921780e+10 8.616719152058e+07 768 7235 3201  8 6 7 7 6.00401237e-04 1.11057582e-03 outputs/V1e25_D3000_G14/solution/solution-00028 
 30 1.257057930060e+10 8.447008280464e+07 768 7235 3201  8 6 7 7 6.12163164e-04 1.13015564e-03 outputs/V1e25_D3000_G14/solution/solution-00029 
 31 1.265355184920e+10 8.297254859586e+07 768 7235 3201  8 6 7 7 6.22710866e-04 1.14718741e-03 outputs/V1e25_D3000_G14/solution/solution-00030 
 32 1.273526014510e+10 8.170829589601e+07 768 7235 3201  8 6 7 7 6.32025916e-04 1.16166484e-03 outputs/V1e25_D3000_G14/solution/solution-00031 
 33 1.281591934642e+10 8.065920132107e+07 768 7235 3201  8 6 7 7 6.40094690e-04 1.17424589e-03 outputs/V1e25_D3000_G14/solution/solution-00032 
 34 1.289572951237e+10 7.981016595132e+07 768 7235 3201  8 6 7 7 6.46908582e-04 1.18448426e-03                                              "" 
 35 1.297487816357e+10 7.914865119831e+07 768 7235 3201  8 6 7 7 6.52464134e-04 1.19218728e-03 outputs/V1e25_D3000_G14/solution/solution-00033 
 36 1.305354247364e+10 7.866431007129e+07 768 7235 3201  8 5 6 6 6.56763083e-04 1.19738452e-03 outputs/V1e25_D3000_G14/solution/solution-00034 
 37 1.313189116592e+10 7.834869227992e+07 768 7235 3201  8 5 6 6 6.59812335e-04 1.20011591e-03 outputs/V1e25_D3000_G14/solution/solution-00035 
 38 1.321004522371e+10 7.815405779059e+07 768 7235 3201  8 5 6 6 6.61623277e-04 1.20043179e-03 outputs/V1e25_D3000_G14/solution/solution-00036 
 39 1.328814826544e+10 7.810304173357e+07 768 7235 3201  8 5 6 6 6.62214800e-04 1.19874849e-03                                              "" 
 40 1.336635482900e+10 7.820656355635e+07 768 7235 3201  8 5 6 6 6.61611065e-04 1.19485727e-03 outputs/V1e25_D3000_G14/solution/solution-00037 
 41 1.344481608346e+10 7.846125446151e+07 768 7235 3201  8 5 6 6 6.59840549e-04 1.18874189e-03 outputs/V1e25_D3000_G14/solution/solution-00038 
 42 1.352368097470e+10 7.886489123844e+07 768 7235 3201  8 6 7 7 6.56935789e-04 1.18048801e-03 outputs/V1e25_D3000_G14/solution/solution-00039 
 43 1.360309728347e+10 7.941630876628e+07 768 7235 3201  8 6 7 7 6.52933121e-04 1.17018803e-03 outputs/V1e25_D3000_G14/solution/solution-00040 
 44 1.368321261302e+10 8.011532955681e+07 768 7235 3201  8 6 7 7 6.47872380e-04 1.15801984e-03                                              "" 
 45 1.376417532552e+10 8.096271249316e+07 768 7235 3201  8 6 7 7 6.41796616e-04 1.14428005e-03 outputs/V1e25_D3000_G14/solution/solution-00041 
 46 1.384613543638e+10 8.196011086966e+07 768 7235 3201  8 6 7 7 6.34751798e-04 1.13487078e-03 outputs/V1e25_D3000_G14/solution/solution-00042 
 47 1.392874877987e+10 8.261334348181e+07 768 7235 3201  8 6 7 7 6.26836254e-04 1.12715833e-03 outputs/V1e25_D3000_G14/solution/solution-00043 
 48 1.401194381421e+10 8.319503434302e+07 768 7235 3201  8 6 7 7 6.18137713e-04 1.11791652e-03 outputs/V1e25_D3000_G14/solution/solution-00044 
 49 1.409584301831e+10 8.389920410196e+07 768 7235 3201  8 6 7 7 6.08727194e-04 1.10725442e-03                                              "" 
 50 1.418056646960e+10 8.472345129035e+07 768 7235 3201  8 6 7 7 5.98674517e-04 1.09527993e-03 outputs/V1e25_D3000_G14/solution/solution-00045 
 51 1.426623249142e+10 8.566602182018e+07 768 7235 3201  8 6 7 7 5.88047960e-04 1.08209943e-03 outputs/V1e25_D3000_G14/solution/solution-00046 
 52 1.435295822336e+10 8.672573194094e+07 768 7235 3201  8 6 7 7 5.76913983e-04 1.06781747e-03 outputs/V1e25_D3000_G14/solution/solution-00047 
 53 1.444085035839e+10 8.789213502534e+07 768 7235 3201  8 6 7 7 5.65338287e-04 1.05253833e-03 outputs/V1e25_D3000_G14/solution/solution-00048 
 54 1.452999819574e+10 8.914783734933e+07 768 7235 3201  8 6 7 7 5.53386716e-04 1.03636755e-03 outputs/V1e25_D3000_G14/solution/solution-00049 
 55 1.462051685186e+10 9.051865612560e+07 768 7235 3201  8 6 7 7 5.41119295e-04 1.01940395e-03 outputs/V1e25_D3000_G14/solution/solution-00050 
 56 1.471252156668e+10 9.200471481289e+07 768 7235 3201  8 6 7 7 5.28593420e-04 1.00174367e-03 outputs/V1e25_D3000_G14/solution/solution-00051 
 57 1.480612793368e+10 9.360636700301e+07 768 7235 3201  8 6 7 7 5.15863794e-04 9.83486487e-04 outputs/V1e25_D3000_G14/solution/solution-00052 
 58 1.490145207001e+10 9.532413632886e+07 768 7235 3201  8 6 7 7 5.02982390e-04 9.64916602e-04 outputs/V1e25_D3000_G14/solution/solution-00053 
 59 1.499861072579e+10 9.715865577837e+07 768 7235 3201  8 6 7 7 4.89998441e-04 9.45912894e-04                                              "" 
 60 1.509772133160e+10 9.911060581476e+07 768 7235 3201  8 6 7 7 4.76958455e-04 9.26560556e-04 outputs/V1e25_D3000_G14/solution/solution-00054 
 61 1.519890198235e+10 1.011806507529e+08 768 7235 3201  8 6 7 7 4.63906236e-04 9.06941750e-04 outputs/V1e25_D3000_G14/solution/solution-00055 
 62 1.530227135532e+10 1.033693729673e+08 768 7235 3201  8 6 7 7 4.50882929e-04 8.87135502e-04 outputs/V1e25_D3000_G14/solution/solution-00056 
 63 1.540794855999e+10 1.056772046676e+08 768 7235 3201  8 6 7 7 4.37927068e-04 8.67217589e-04 outputs/V1e25_D3000_G14/solution/solution-00057 
 64 1.551605291714e+10 1.081043571554e+08 768 7235 3201  8 6 7 7 4.25074637e-04 8.47260429e-04 outputs/V1e25_D3000_G14/solution/solution-00058 
 65 1.562670366482e+10 1.106507476764e+08 768 7235 3201  8 6 7 7 4.12359129e-04 8.27332969e-04 outputs/V1e25_D3000_G14/solution/solution-00059 
 66 1.574001958902e+10 1.133159241946e+08 768 7235 3201  8 6 7 7 3.99811610e-04 8.07500574e-04 outputs/V1e25_D3000_G14/solution/solution-00060 
 67 1.585611857766e+10 1.160989886478e+08 768 7235 3201  8 6 7 7 3.87460789e-04 7.87824928e-04 outputs/V1e25_D3000_G14/solution/solution-00061 
 68 1.597511709715e+10 1.189985194912e+08 768 7235 3201  8 6 7 7 3.75333075e-04 7.68363931e-04 outputs/V1e25_D3000_G14/solution/solution-00062 
 69 1.609712959174e+10 1.220124945881e+08 768 7235 3201  8 6 7 7 3.63452646e-04 7.49171621e-04 outputs/V1e25_D3000_G14/solution/solution-00063 
 70 1.622226780751e+10 1.251382157715e+08 768 7235 3201  8 6 7 7 3.51841504e-04 7.30320928e-04 outputs/V1e25_D3000_G14/solution/solution-00064 
 71 1.635064004416e+10 1.283722366503e+08 768 7235 3201  8 6 7 7 3.40519533e-04 7.11996237e-04 outputs/V1e25_D3000_G14/solution/solution-00065 
 72 1.648235033964e+10 1.317102954747e+08 768 7235 3201  8 6 7 7 3.29504552e-04 6.94072727e-04 outputs/V1e25_D3000_G14/solution/solution-00066 
 73 1.661749759472e+10 1.351472550808e+08 768 7235 3201  8 6 7 7 3.18812369e-04 6.76588212e-04 outputs/V1e25_D3000_G14/solution/solution-00067 
 74 1.675617464682e+10 1.386770520958e+08 768 7235 3201  8 6 7 7 3.08456824e-04 6.59576421e-04 outputs/V1e25_D3000_G14/solution/solution-00068 
 75 1.689846730450e+10 1.422926576839e+08 768 7235 3201  8 5 6 6 2.98449841e-04 6.43067045e-04 outputs/V1e25_D3000_G14/solution/solution-00069 
 76 1.704443361861e+10 1.459663141065e+08 768 7235 3201  8 5 6 6 2.88802740e-04 6.27087902e-04 outputs/V1e25_D3000_G14/solution/solution-00070 
 77 1.719408649371e+10 1.496528751008e+08 768 7235 3201  8 5 6 6 2.79526862e-04 6.11666025e-04 outputs/V1e25_D3000_G14/solution/solution-00071 
 78 1.734747878878e+10 1.533922950777e+08 768 7235 3201  8 5 6 6 2.70628124e-04 5.96818638e-04 outputs/V1e25_D3000_G14/solution/solution-00072 
 79 1.750465260973e+10 1.571738209454e+08 768 7235 3201  8 5 6 6 2.62110701e-04 5.82559259e-04 outputs/V1e25_D3000_G14/solution/solution-00073 
 80 1.766563853938e+10 1.609859296511e+08 768 7235 3201  8 5 6 6 2.53977089e-04 5.68897874e-04 outputs/V1e25_D3000_G14/solution/solution-00074 
 81 1.783045494652e+10 1.648164071383e+08 768 7235 3201  8 5 6 6 2.46228182e-04 5.55841130e-04 outputs/V1e25_D3000_G14/solution/solution-00075 
 82 1.799910739172e+10 1.686524452024e+08 768 7235 3201  8 5 6 6 2.38863349e-04 5.43392537e-04 outputs/V1e25_D3000_G14/solution/solution-00076 
 83 1.817158814693e+10 1.724807552065e+08 768 7235 3201  9 5 6 6 2.31880526e-04 5.31552698e-04 outputs/V1e25_D3000_G14/solution/solution-00077 
 84 1.834787584384e+10 1.762876969069e+08 768 7235 3201  9 5 6 6 2.25276307e-04 5.20319525e-04 outputs/V1e25_D3000_G14/solution/solution-00078 
 85 1.852793526384e+10 1.800594200070e+08 768 7235 3201  9 5 6 6 2.19046045e-04 5.09688482e-04 outputs/V1e25_D3000_G14/solution/solution-00079 
 86 1.871171727936e+10 1.837820155220e+08 768 7235 3201  9 5 6 6 2.13183956e-04 4.99652814e-04 outputs/V1e25_D3000_G14/solution/solution-00080 
 87 1.889915895296e+10 1.874416735978e+08 768 7235 3201  9 5 6 6 2.07683234e-04 4.90280451e-04 outputs/V1e25_D3000_G14/solution/solution-00081 
 88 1.909018379707e+10 1.910248441090e+08 768 7235 3201  9 5 6 6 2.02536158e-04 4.81541346e-04 outputs/V1e25_D3000_G14/solution/solution-00082 
 89 1.928470219326e+10 1.945183961889e+08 768 7235 3201  9 5 6 6 1.97734212e-04 4.73348058e-04 outputs/V1e25_D3000_G14/solution/solution-00083 
 90 1.948261196608e+10 1.979097728176e+08 768 7235 3201  9 5 6 6 1.93268197e-04 4.65687465e-04 outputs/V1e25_D3000_G14/solution/solution-00084 
 91 1.968379910280e+10 2.011871367264e+08 768 7235 3201  9 5 6 6 1.89128347e-04 4.58545388e-04 outputs/V1e25_D3000_G14/solution/solution-00085 
 92 1.988813860696e+10 2.043395041556e+08 768 7235 3201  9 5 6 6 1.85304437e-04 4.51906779e-04 outputs/V1e25_D3000_G14/solution/solution-00086 
 93 2.009549547037e+10 2.073568634102e+08 768 7235 3201  9 5 6 6 1.81785891e-04 4.45755886e-04 outputs/V1e25_D3000_G14/solution/solution-00087 
 94 2.030572574605e+10 2.102302756825e+08 768 7235 3201  9 5 6 6 1.78561883e-04 4.40076417e-04 outputs/V1e25_D3000_G14/solution/solution-00088 
 95 2.051867770226e+10 2.129519562064e+08 768 7235 3201  9 5 6 6 1.75621428e-04 4.34851676e-04 outputs/V1e25_D3000_G14/solution/solution-00089 
 96 2.073419303672e+10 2.155153344647e+08 768 7235 3201  9 5 6 6 1.72953473e-04 4.30064696e-04 outputs/V1e25_D3000_G14/solution/solution-00090 
 97 2.095210812956e+10 2.179150928330e+08 768 7235 3201  9 5 6 6 1.70546965e-04 4.25698351e-04 outputs/V1e25_D3000_G14/solution/solution-00091 
 98 2.117225531326e+10 2.201471837011e+08 768 7235 3201  9 5 6 6 1.68390929e-04 4.21735457e-04 outputs/V1e25_D3000_G14/solution/solution-00092 
 99 2.139446413898e+10 2.222088257219e+08 768 7235 3201  9 5 6 6 1.66474521e-04 4.18158863e-04 outputs/V1e25_D3000_G14/solution/solution-00093 
100 2.161856261936e+10 2.240984803823e+08 768 7235 3201  9 5 6 6 1.64787082e-04 4.14951524e-04 outputs/V1e25_D3000_G14/solution/solution-00094 
