# 1: Time step number
# 2: Time (years)
# 3: Time step size (years)
# 4: Number of mesh cells
# 5: Number of Stokes degrees of freedom
# 6: Number of temperature degrees of freedom
# 7: Iterations for temperature solver
# 8: Iterations for Stokes solver
# 9: Velocity iterations in Stokes preconditioner
# 10: Schur complement iterations in Stokes preconditioner
# 11: RMS velocity (m/year)
# 12: Max. velocity (m/year)
# 13: Visualization file name
  0 0.000000000000e+00 0.000000000000e+00 768 7235 3201  0 8 9 9 9.23737355e-09 1.55846875e-08 outputs/V1e27_D1000_G14/solution/solution-00000 
  1 1.392571516413e+09 1.392571516413e+09 768 7235 3201 19 6 7 7 8.80298572e-09 1.48518171e-08 outputs/V1e27_D1000_G14/solution/solution-00001 
  2 2.785143032825e+09 1.392571516413e+09 768 7235 3201 13 5 6 6 8.38116610e-09 1.41401508e-08 outputs/V1e27_D1000_G14/solution/solution-00002 
  3 4.177714549238e+09 1.392571516413e+09 768 7235 3201 13 5 6 6 7.97688164e-09 1.34580687e-08 outputs/V1e27_D1000_G14/solution/solution-00003 
  4 5.570286065650e+09 1.392571516413e+09 768 7235 3201 13 5 6 6 7.59118569e-09 1.28073480e-08 outputs/V1e27_D1000_G14/solution/solution-00004 
  5 6.962857582063e+09 1.392571516413e+09 768 7235 3201 13 5 6 6 7.22382733e-09 1.21875651e-08 outputs/V1e27_D1000_G14/solution/solution-00005 
  6 8.355429098476e+09 1.392571516413e+09 768 7235 3201 13 5 6 6 6.87414018e-09 1.15975960e-08 outputs/V1e27_D1000_G14/solution/solution-00006 
  7 9.748000614888e+09 1.392571516413e+09 768 7235 3201 13 5 6 6 6.54134424e-09 1.10361247e-08 outputs/V1e27_D1000_G14/solution/solution-00007 
  8 1.114057213130e+10 1.392571516413e+09 768 7235 3201 13 5 6 6 6.22464749e-09 1.05018148e-08 outputs/V1e27_D1000_G14/solution/solution-00008 
  9 1.253314364771e+10 1.392571516413e+09 768 7235 3201 13 5 6 6 5.92327928e-09 9.99336623e-09 outputs/V1e27_D1000_G14/solution/solution-00009 
 10 1.392571516413e+10 1.392571516413e+09 768 7235 3201 13 5 6 6 5.63650046e-09 9.50953192e-09 outputs/V1e27_D1000_G14/solution/solution-00010 
 11 1.531828668054e+10 1.392571516413e+09 768 7235 3201 13 5 6 6 5.36360570e-09 9.04912188e-09 outputs/V1e27_D1000_G14/solution/solution-00011 
 12 1.671085819695e+10 1.392571516413e+09 768 7235 3201 13 5 6 6 5.10392315e-09 8.61100260e-09 outputs/V1e27_D1000_G14/solution/solution-00012 
 13 1.810342971336e+10 1.392571516413e+09 768 7235 3201 13 5 6 6 4.85681325e-09 8.19409507e-09 outputs/V1e27_D1000_G14/solution/solution-00013 
 14 1.949600122978e+10 1.392571516413e+09 768 7235 3201 13 5 6 6 4.62166732e-09 7.79737236e-09 outputs/V1e27_D1000_G14/solution/solution-00014 
 15 2.088857274619e+10 1.392571516413e+09 768 7235 3201 13 5 6 6 4.39790614e-09 7.41985724e-09 outputs/V1e27_D1000_G14/solution/solution-00015 
 16 2.228114426260e+10 1.392571516413e+09 768 7235 3201 13 5 6 6 4.18497850e-09 7.06061978e-09 outputs/V1e27_D1000_G14/solution/solution-00016 
 17 2.367371577901e+10 1.392571516413e+09 768 7235 3201 12 5 6 6 3.98235990e-09 6.71877504e-09 outputs/V1e27_D1000_G14/solution/solution-00017 
 18 2.506628729543e+10 1.392571516413e+09 768 7235 3201 12 5 6 6 3.78955122e-09 6.39348094e-09 outputs/V1e27_D1000_G14/solution/solution-00018 
 19 2.645885881184e+10 1.392571516413e+09 768 7235 3201 12 5 6 6 3.60607750e-09 6.08393619e-09 outputs/V1e27_D1000_G14/solution/solution-00019 
 20 2.785143032825e+10 1.392571516413e+09 768 7235 3201 12 5 6 6 3.43148679e-09 5.78937825e-09 outputs/V1e27_D1000_G14/solution/solution-00020 
 21 2.924400184466e+10 1.392571516413e+09 768 7235 3201 12 5 6 6 3.26534901e-09 5.50908154e-09 outputs/V1e27_D1000_G14/solution/solution-00021 
 22 3.063657336108e+10 1.392571516413e+09 768 7235 3201 12 5 6 6 3.10725490e-09 5.24235558e-09 outputs/V1e27_D1000_G14/solution/solution-00022 
 23 3.202914487749e+10 1.392571516413e+09 768 7235 3201 12 5 6 6 2.95681502e-09 4.98854335e-09 outputs/V1e27_D1000_G14/solution/solution-00023 
 24 3.342171639390e+10 1.392571516413e+09 768 7235 3201 12 5 6 6 2.81365880e-09 4.74701961e-09 outputs/V1e27_D1000_G14/solution/solution-00024 
 25 3.481428791032e+10 1.392571516413e+09 768 7235 3201 12 5 6 6 2.67743358e-09 4.51718940e-09 outputs/V1e27_D1000_G14/solution/solution-00025 
 26 3.620685942673e+10 1.392571516413e+09 768 7235 3201 12 5 6 6 2.54780380e-09 4.29848659e-09 outputs/V1e27_D1000_G14/solution/solution-00026 
 27 3.759943094314e+10 1.392571516413e+09 768 7235 3201 12 5 6 6 2.42445014e-09 4.09037242e-09 outputs/V1e27_D1000_G14/solution/solution-00027 
 28 3.899200245955e+10 1.392571516413e+09 768 7235 3201 12 5 6 6 2.30706872e-09 3.89233424e-09 outputs/V1e27_D1000_G14/solution/solution-00028 
 29 4.038457397597e+10 1.392571516413e+09 768 7235 3201 12 5 6 6 2.19537041e-09 3.70388421e-09 outputs/V1e27_D1000_G14/solution/solution-00029 
 30 4.177714549238e+10 1.392571516413e+09 768 7235 3201 12 5 6 6 2.08908005e-09 3.52455812e-09 outputs/V1e27_D1000_G14/solution/solution-00030 
 31 4.316971700879e+10 1.392571516413e+09 768 7235 3201 12 5 6 6 1.98793581e-09 3.35391422e-09 outputs/V1e27_D1000_G14/solution/solution-00031 
 32 4.456228852520e+10 1.392571516413e+09 768 7235 3201 12 5 6 6 1.89168854e-09 3.19153217e-09 outputs/V1e27_D1000_G14/solution/solution-00032 
 33 4.595486004162e+10 1.392571516413e+09 768 7235 3201 12 5 6 6 1.80010114e-09 3.03701196e-09 outputs/V1e27_D1000_G14/solution/solution-00033 
 34 4.734743155803e+10 1.392571516413e+09 768 7235 3201 12 5 6 6 1.71294801e-09 2.88997294e-09 outputs/V1e27_D1000_G14/solution/solution-00034 
 35 4.874000307444e+10 1.392571516413e+09 768 7235 3201 12 5 6 6 1.63001446e-09 2.75005292e-09 outputs/V1e27_D1000_G14/solution/solution-00035 
 36 5.013257459085e+10 1.392571516413e+09 768 7235 3201 12 5 6 6 1.55109619e-09 2.61690723e-09 outputs/V1e27_D1000_G14/solution/solution-00036 
 37 5.152514610727e+10 1.392571516413e+09 768 7235 3201 12 5 6 6 1.47599881e-09 2.49020787e-09 outputs/V1e27_D1000_G14/solution/solution-00037 
 38 5.291771762368e+10 1.392571516413e+09 768 7235 3201 11 5 6 6 1.40453732e-09 2.36964276e-09 outputs/V1e27_D1000_G14/solution/solution-00038 
 39 5.431028914009e+10 1.392571516413e+09 768 7235 3201 11 5 6 6 1.33653568e-09 2.25491488e-09 outputs/V1e27_D1000_G14/solution/solution-00039 
 40 5.570286065650e+10 1.392571516413e+09 768 7235 3201 11 5 6 6 1.27182639e-09 2.14574163e-09 outputs/V1e27_D1000_G14/solution/solution-00040 
 41 5.709543217292e+10 1.392571516413e+09 768 7235 3201 11 5 6 6 1.21025004e-09 2.04185408e-09 outputs/V1e27_D1000_G14/solution/solution-00041 
 42 5.848800368933e+10 1.392571516413e+09 768 7235 3201 11 5 6 6 1.15165496e-09 1.94299632e-09 outputs/V1e27_D1000_G14/solution/solution-00042 
 43 5.988057520574e+10 1.392571516413e+09 768 7235 3201 11 5 6 6 1.09589679e-09 1.84892482e-09 outputs/V1e27_D1000_G14/solution/solution-00043 
 44 6.127314672215e+10 1.392571516413e+09 768 7235 3201 11 5 6 6 1.04283820e-09 1.75940786e-09 outputs/V1e27_D1000_G14/solution/solution-00044 
 45 6.266571823857e+10 1.392571516413e+09 768 7235 3201 11 5 6 6 9.92348475e-10 1.67422492e-09 outputs/V1e27_D1000_G14/solution/solution-00045 
 46 6.405828975498e+10 1.392571516413e+09 768 7235 3201 11 5 6 6 9.44303243e-10 1.59316618e-09 outputs/V1e27_D1000_G14/solution/solution-00046 
 47 6.545086127139e+10 1.392571516413e+09 768 7235 3201 11 5 6 6 8.98584155e-10 1.51603194e-09 outputs/V1e27_D1000_G14/solution/solution-00047 
 48 6.684343278781e+10 1.392571516413e+09 768 7235 3201 11 5 6 6 8.55078587e-10 1.44263222e-09 outputs/V1e27_D1000_G14/solution/solution-00048 
 49 6.823600430422e+10 1.392571516413e+09 768 7235 3201 11 5 6 6 8.13679372e-10 1.37278619e-09 outputs/V1e27_D1000_G14/solution/solution-00049 
 50 6.962857582063e+10 1.392571516413e+09 768 7235 3201 11 5 6 6 7.74284528e-10 1.30632181e-09 outputs/V1e27_D1000_G14/solution/solution-00050 
 51 7.102114733704e+10 1.392571516413e+09 768 7235 3201 11 5 6 6 7.36797012e-10 1.24307534e-09 outputs/V1e27_D1000_G14/solution/solution-00051 
 52 7.241371885346e+10 1.392571516413e+09 768 7235 3201 11 5 6 6 7.01124480e-10 1.18289100e-09 outputs/V1e27_D1000_G14/solution/solution-00052 
 53 7.380629036987e+10 1.392571516413e+09 768 7235 3201 11 5 6 6 6.67179057e-10 1.12562052e-09 outputs/V1e27_D1000_G14/solution/solution-00053 
 54 7.519886188628e+10 1.392571516413e+09 768 7235 3201 11 5 6 6 6.34877126e-10 1.07112283e-09 outputs/V1e27_D1000_G14/solution/solution-00054 
 55 7.659143340269e+10 1.392571516413e+09 768 7235 3201 11 5 6 6 6.04139115e-10 1.01926369e-09 outputs/V1e27_D1000_G14/solution/solution-00055 
 56 7.798400491911e+10 1.392571516413e+09 768 7235 3201 11 5 6 6 5.74889306e-10 9.69915337e-10 outputs/V1e27_D1000_G14/solution/solution-00056 
 57 7.937657643552e+10 1.392571516413e+09 768 7235 3201 10 5 6 6 5.47055646e-10 9.22956221e-10 outputs/V1e27_D1000_G14/solution/solution-00057 
 58 8.076914795193e+10 1.392571516413e+09 768 7235 3201 10 5 6 6 5.20569572e-10 8.78270663e-10 outputs/V1e27_D1000_G14/solution/solution-00058 
 59 8.216171946834e+10 1.392571516413e+09 768 7235 3201 10 5 6 6 4.95365839e-10 8.35748587e-10 outputs/V1e27_D1000_G14/solution/solution-00059 
 60 8.355429098476e+10 1.392571516413e+09 768 7235 3201 10 5 6 6 4.71382362e-10 7.95285247e-10 outputs/V1e27_D1000_G14/solution/solution-00060 
 61 8.494686250117e+10 1.392571516413e+09 768 7235 3201 10 5 6 6 4.48560062e-10 7.56780967e-10 outputs/V1e27_D1000_G14/solution/solution-00061 
 62 8.633943401758e+10 1.392571516413e+09 768 7235 3201 10 5 6 6 4.26842719e-10 7.20140898e-10 outputs/V1e27_D1000_G14/solution/solution-00062 
 63 8.773200553399e+10 1.392571516413e+09 768 7235 3201 10 5 6 6 4.06176836e-10 6.85274783e-10 outputs/V1e27_D1000_G14/solution/solution-00063 
 64 8.912457705041e+10 1.392571516413e+09 768 7235 3201 10 5 6 6 3.86511506e-10 6.52096734e-10 outputs/V1e27_D1000_G14/solution/solution-00064 
 65 9.051714856682e+10 1.392571516413e+09 768 7235 3201 10 5 6 6 3.67798286e-10 6.20525024e-10 outputs/V1e27_D1000_G14/solution/solution-00065 
 66 9.190972008323e+10 1.392571516413e+09 768 7235 3201 10 5 6 6 3.49991080e-10 5.90481880e-10 outputs/V1e27_D1000_G14/solution/solution-00066 
 67 9.330229159964e+10 1.392571516413e+09 768 7235 3201 10 5 6 6 3.33046022e-10 5.61893295e-10 outputs/V1e27_D1000_G14/solution/solution-00067 
 68 9.469486311606e+10 1.392571516413e+09 768 7235 3201 10 5 6 6 3.16921370e-10 5.34688846e-10 outputs/V1e27_D1000_G14/solution/solution-00068 
 69 9.608743463247e+10 1.392571516413e+09 768 7235 3201 10 5 6 6 3.01577405e-10 5.08801519e-10 outputs/V1e27_D1000_G14/solution/solution-00069 
 70 9.748000614888e+10 1.392571516413e+09 768 7235 3201 10 5 6 6 2.86976328e-10 4.84167544e-10 outputs/V1e27_D1000_G14/solution/solution-00070 
 71 9.887257766530e+10 1.392571516413e+09 768 7235 3201 10 5 6 6 2.73082172e-10 4.60726241e-10 outputs/V1e27_D1000_G14/solution/solution-00071 
 72 1.002651491817e+11 1.392571516413e+09 768 7235 3201 10 5 6 6 2.59860712e-10 4.38419864e-10 outputs/V1e27_D1000_G14/solution/solution-00072 
 73 1.016577206981e+11 1.392571516413e+09 768 7235 3201 10 5 6 6 2.47279377e-10 4.17193466e-10 outputs/V1e27_D1000_G14/solution/solution-00073 
 74 1.030502922145e+11 1.392571516413e+09 768 7235 3201 10 5 6 6 2.35307177e-10 3.96994758e-10 outputs/V1e27_D1000_G14/solution/solution-00074 
 75 1.044428637309e+11 1.392571516413e+09 768 7235 3201 10 5 6 6 2.23914618e-10 3.77773985e-10 outputs/V1e27_D1000_G14/solution/solution-00075 
 76 1.058354352474e+11 1.392571516413e+09 768 7235 3201 10 5 6 6 2.13073638e-10 3.59483798e-10 outputs/V1e27_D1000_G14/solution/solution-00076 
 77 1.072280067638e+11 1.392571516413e+09 768 7235 3201 10 5 6 6 2.02757532e-10 3.42079143e-10 outputs/V1e27_D1000_G14/solution/solution-00077 
 78 1.086205782802e+11 1.392571516413e+09 768 7235 3201 10 5 6 6 1.92940887e-10 3.25517147e-10 outputs/V1e27_D1000_G14/solution/solution-00078 
 79 1.100131497966e+11 1.392571516413e+09 768 7235 3201 10 5 6 6 1.83599522e-10 3.09757012e-10 outputs/V1e27_D1000_G14/solution/solution-00079 
 80 1.114057213130e+11 1.392571516413e+09 768 7235 3201  9 5 6 6 1.74710426e-10 2.94759915e-10 outputs/V1e27_D1000_G14/solution/solution-00080 
 81 1.127982928294e+11 1.392571516413e+09 768 7235 3201  9 5 6 6 1.66251702e-10 2.80488913e-10 outputs/V1e27_D1000_G14/solution/solution-00081 
 82 1.141908643458e+11 1.392571516413e+09 768 7235 3201  9 5 6 6 1.58202513e-10 2.66908852e-10 outputs/V1e27_D1000_G14/solution/solution-00082 
 83 1.155834358622e+11 1.392571516413e+09 768 7235 3201  9 5 6 6 1.50543031e-10 2.53986278e-10 outputs/V1e27_D1000_G14/solution/solution-00083 
 84 1.169760073787e+11 1.392571516413e+09 768 7235 3201  9 5 6 6 1.43254387e-10 2.41689360e-10 outputs/V1e27_D1000_G14/solution/solution-00084 
 85 1.183685788951e+11 1.392571516413e+09 768 7235 3201  9 5 6 6 1.36318629e-10 2.29987806e-10 outputs/V1e27_D1000_G14/solution/solution-00085 
 86 1.197611504115e+11 1.392571516413e+09 768 7235 3201  9 5 6 6 1.29718670e-10 2.18852790e-10 outputs/V1e27_D1000_G14/solution/solution-00086 
 87 1.211537219279e+11 1.392571516413e+09 768 7235 3201  9 5 6 6 1.23438252e-10 2.08256884e-10 outputs/V1e27_D1000_G14/solution/solution-00087 
 88 1.225462934443e+11 1.392571516413e+09 768 7235 3201  9 5 6 6 1.17461906e-10 1.98173985e-10 outputs/V1e27_D1000_G14/solution/solution-00088 
 89 1.239388649607e+11 1.392571516413e+09 768 7235 3201  9 5 6 6 1.11774908e-10 1.88579257e-10 outputs/V1e27_D1000_G14/solution/solution-00089 
 90 1.253314364771e+11 1.392571516413e+09 768 7235 3201  9 5 6 6 1.06363250e-10 1.79449065e-10 outputs/V1e27_D1000_G14/solution/solution-00090 
 91 1.267240079935e+11 1.392571516413e+09 768 7235 3201  9 5 6 6 1.01213601e-10 1.70760916e-10 outputs/V1e27_D1000_G14/solution/solution-00091 
 92 1.281165795100e+11 1.392571516413e+09 768 7235 3201  9 5 6 6 9.63132754e-11 1.62493411e-10 outputs/V1e27_D1000_G14/solution/solution-00092 
 93 1.295091510264e+11 1.392571516413e+09 768 7235 3201  9 5 6 6 9.16502027e-11 1.54626182e-10 outputs/V1e27_D1000_G14/solution/solution-00093 
 94 1.309017225428e+11 1.392571516413e+09 768 7235 3201  9 5 6 6 8.72128959e-11 1.47139850e-10 outputs/V1e27_D1000_G14/solution/solution-00094 
 95 1.322942940592e+11 1.392571516413e+09 768 7235 3201  9 5 6 6 8.29904243e-11 1.40015975e-10 outputs/V1e27_D1000_G14/solution/solution-00095 
 96 1.336868655756e+11 1.392571516413e+09 768 7235 3201  9 5 6 6 7.89723867e-11 1.33237006e-10 outputs/V1e27_D1000_G14/solution/solution-00096 
 97 1.350794370920e+11 1.392571516413e+09 768 7235 3201  9 5 6 6 7.51488849e-11 1.26786246e-10 outputs/V1e27_D1000_G14/solution/solution-00097 
 98 1.364720086084e+11 1.392571516413e+09 768 7235 3201  8 5 6 6 7.15105004e-11 1.20647803e-10 outputs/V1e27_D1000_G14/solution/solution-00098 
 99 1.378645801248e+11 1.392571516413e+09 768 7235 3201  8 5 6 6 6.80482706e-11 1.14806557e-10 outputs/V1e27_D1000_G14/solution/solution-00099 
100 1.392571516413e+11 1.392571516413e+09 768 7235 3201  8 5 6 6 6.47536671e-11 1.09248119e-10 outputs/V1e27_D1000_G14/solution/solution-00100 
