# 1: Time step number
# 2: Time (years)
# 3: Time step size (years)
# 4: Number of mesh cells
# 5: Number of Stokes degrees of freedom
# 6: Number of temperature degrees of freedom
# 7: Iterations for temperature solver
# 8: Iterations for Stokes solver
# 9: Velocity iterations in Stokes preconditioner
# 10: Schur complement iterations in Stokes preconditioner
# 11: RMS velocity (m/year)
# 12: Max. velocity (m/year)
# 13: Visualization file name
  0 0.000000000000e+00 0.000000000000e+00 768 7235 3201  0 8 9 9 2.65054232e-07 4.71558021e-07 outputs/V1e25_D10_G4/solution/solution-00000 
  1 1.392571516413e+09 1.392571516413e+09 768 7235 3201 32 8 9 9 2.55302799e-07 4.34007830e-07 outputs/V1e25_D10_G4/solution/solution-00001 
  2 2.785143032825e+09 1.392571516413e+09 768 7235 3201 25 8 9 9 2.48872657e-07 4.27344273e-07 outputs/V1e25_D10_G4/solution/solution-00002 
  3 4.177714549238e+09 1.392571516413e+09 768 7235 3201 24 8 9 9 2.45885042e-07 4.27029613e-07 outputs/V1e25_D10_G4/solution/solution-00003 
  4 5.570286065650e+09 1.392571516413e+09 768 7235 3201 23 8 9 9 2.46029812e-07 4.32044280e-07 outputs/V1e25_D10_G4/solution/solution-00004 
  5 6.962857582063e+09 1.392571516413e+09 768 7235 3201 23 8 9 9 2.49029687e-07 4.41637896e-07 outputs/V1e25_D10_G4/solution/solution-00005 
  6 8.355429098476e+09 1.392571516413e+09 768 7235 3201 22 8 9 9 2.54619854e-07 4.55236815e-07 outputs/V1e25_D10_G4/solution/solution-00006 
  7 9.748000614888e+09 1.392571516413e+09 768 7235 3201 21 8 9 9 2.62594367e-07 4.72463741e-07 outputs/V1e25_D10_G4/solution/solution-00007 
  8 1.114057213130e+10 1.392571516413e+09 768 7235 3201 21 8 9 9 2.72810180e-07 4.93099833e-07 outputs/V1e25_D10_G4/solution/solution-00008 
  9 1.253314364771e+10 1.392571516413e+09 768 7235 3201 21 8 9 9 2.85180545e-07 5.17044536e-07 outputs/V1e25_D10_G4/solution/solution-00009 
 10 1.392571516413e+10 1.392571516413e+09 768 7235 3201 20 8 9 9 2.99666301e-07 5.44284832e-07 outputs/V1e25_D10_G4/solution/solution-00010 
 11 1.531828668054e+10 1.392571516413e+09 768 7235 3201 20 8 9 9 3.16267938e-07 5.74873887e-07 outputs/V1e25_D10_G4/solution/solution-00011 
 12 1.671085819695e+10 1.392571516413e+09 768 7235 3201 20 8 9 9 3.35019185e-07 6.08916765e-07 outputs/V1e25_D10_G4/solution/solution-00012 
 13 1.810342971336e+10 1.392571516413e+09 768 7235 3201 20 8 9 9 3.55982162e-07 6.46561074e-07 outputs/V1e25_D10_G4/solution/solution-00013 
 14 1.949600122978e+10 1.392571516413e+09 768 7235 3201 20 8 9 9 3.79243870e-07 6.87990973e-07 outputs/V1e25_D10_G4/solution/solution-00014 
 15 2.088857274619e+10 1.392571516413e+09 768 7235 3201 20 8 9 9 4.04913775e-07 7.33423497e-07 outputs/V1e25_D10_G4/solution/solution-00015 
 16 2.228114426260e+10 1.392571516413e+09 768 7235 3201 19 8 9 9 4.33122256e-07 7.83106495e-07 outputs/V1e25_D10_G4/solution/solution-00016 
 17 2.367371577901e+10 1.392571516413e+09 768 7235 3201 19 8 9 9 4.64019722e-07 8.37317735e-07 outputs/V1e25_D10_G4/solution/solution-00017 
 18 2.506628729543e+10 1.392571516413e+09 768 7235 3201 19 8 9 9 4.97776269e-07 8.96364876e-07 outputs/V1e25_D10_G4/solution/solution-00018 
 19 2.645885881184e+10 1.392571516413e+09 768 7235 3201 19 8 9 9 5.34581761e-07 9.60586089e-07 outputs/V1e25_D10_G4/solution/solution-00019 
 20 2.785143032825e+10 1.392571516413e+09 768 7235 3201 19 8 9 9 5.74646253e-07 1.03035121e-06 outputs/V1e25_D10_G4/solution/solution-00020 
 21 2.924400184466e+10 1.392571516413e+09 768 7235 3201 19 8 9 9 6.18200712e-07 1.10606333e-06 outputs/V1e25_D10_G4/solution/solution-00021 
 22 3.063657336108e+10 1.392571516413e+09 768 7235 3201 19 8 9 9 6.65497984e-07 1.18816075e-06 outputs/V1e25_D10_G4/solution/solution-00022 
 23 3.202914487749e+10 1.392571516413e+09 768 7235 3201 19 8 9 9 7.16813982e-07 1.27711925e-06 outputs/V1e25_D10_G4/solution/solution-00023 
 24 3.342171639390e+10 1.392571516413e+09 768 7235 3201 19 8 9 9 7.72449088e-07 1.37345474e-06 outputs/V1e25_D10_G4/solution/solution-00024 
 25 3.481428791032e+10 1.392571516413e+09 768 7235 3201 19 8 9 9 8.32729747e-07 1.47772611e-06 outputs/V1e25_D10_G4/solution/solution-00025 
 26 3.620685942673e+10 1.392571516413e+09 768 7235 3201 19 8 9 9 8.98010259e-07 1.59053847e-06 outputs/V1e25_D10_G4/solution/solution-00026 
 27 3.759943094314e+10 1.392571516413e+09 768 7235 3201 18 8 9 9 9.68674760e-07 1.71254663e-06 outputs/V1e25_D10_G4/solution/solution-00027 
 28 3.899200245955e+10 1.392571516413e+09 768 7235 3201 18 7 8 8 1.04513940e-06 1.84445895e-06 outputs/V1e25_D10_G4/solution/solution-00028 
 29 4.038457397597e+10 1.392571516413e+09 768 7235 3201 18 7 8 8 1.12785474e-06 1.98704142e-06 outputs/V1e25_D10_G4/solution/solution-00029 
 30 4.177714549238e+10 1.392571516413e+09 768 7235 3201 18 7 8 8 1.21730835e-06 2.14112220e-06 outputs/V1e25_D10_G4/solution/solution-00030 
 31 4.316971700879e+10 1.392571516413e+09 768 7235 3201 18 7 8 8 1.31402760e-06 2.30759647e-06 outputs/V1e25_D10_G4/solution/solution-00031 
 32 4.456228852520e+10 1.392571516413e+09 768 7235 3201 18 7 8 8 1.41858279e-06 2.48743162e-06 outputs/V1e25_D10_G4/solution/solution-00032 
 33 4.595486004162e+10 1.392571516413e+09 768 7235 3201 18 7 8 8 1.53159041e-06 2.68167297e-06 outputs/V1e25_D10_G4/solution/solution-00033 
 34 4.734743155803e+10 1.392571516413e+09 768 7235 3201 18 7 8 8 1.65371675e-06 2.89144983e-06 outputs/V1e25_D10_G4/solution/solution-00034 
 35 4.874000307444e+10 1.392571516413e+09 768 7235 3201 18 7 8 8 1.78568178e-06 3.11798210e-06 outputs/V1e25_D10_G4/solution/solution-00035 
 36 5.013257459085e+10 1.392571516413e+09 768 7235 3201 18 7 8 8 1.92826332e-06 3.36258735e-06 outputs/V1e25_D10_G4/solution/solution-00036 
 37 5.152514610727e+10 1.392571516413e+09 768 7235 3201 18 7 8 8 2.08230156e-06 3.62668847e-06 outputs/V1e25_D10_G4/solution/solution-00037 
 38 5.291771762368e+10 1.392571516413e+09 768 7235 3201 18 7 8 8 2.24870393e-06 3.91182189e-06 outputs/V1e25_D10_G4/solution/solution-00038 
 39 5.431028914009e+10 1.392571516413e+09 768 7235 3201 18 7 8 8 2.42845033e-06 4.21964640e-06 outputs/V1e25_D10_G4/solution/solution-00039 
 40 5.570286065650e+10 1.392571516413e+09 768 7235 3201 18 7 8 8 2.62259875e-06 4.55195273e-06 outputs/V1e25_D10_G4/solution/solution-00040 
 41 5.709543217292e+10 1.392571516413e+09 768 7235 3201 18 7 8 8 2.83229135e-06 4.91067370e-06 outputs/V1e25_D10_G4/solution/solution-00041 
 42 5.848800368933e+10 1.392571516413e+09 768 7235 3201 18 7 8 8 3.05876098e-06 5.29789524e-06 outputs/V1e25_D10_G4/solution/solution-00042 
 43 5.988057520574e+10 1.392571516413e+09 768 7235 3201 18 6 7 7 3.30333810e-06 5.71586815e-06 outputs/V1e25_D10_G4/solution/solution-00043 
 44 6.127314672215e+10 1.392571516413e+09 768 7235 3201 18 6 7 7 3.56745834e-06 6.16702069e-06 outputs/V1e25_D10_G4/solution/solution-00044 
 45 6.266571823857e+10 1.392571516413e+09 768 7235 3201 18 6 7 7 3.85267045e-06 6.65397209e-06 outputs/V1e25_D10_G4/solution/solution-00045 
 46 6.405828975498e+10 1.392571516413e+09 768 7235 3201 18 6 7 7 4.16064487e-06 7.17954689e-06 outputs/V1e25_D10_G4/solution/solution-00046 
 47 6.545086127139e+10 1.392571516413e+09 768 7235 3201 18 6 7 7 4.49318283e-06 7.74679035e-06 outputs/V1e25_D10_G4/solution/solution-00047 
 48 6.684343278781e+10 1.392571516413e+09 768 7235 3201 18 6 7 7 4.85222608e-06 8.35898468e-06 outputs/V1e25_D10_G4/solution/solution-00048 
 49 6.823600430422e+10 1.392571516413e+09 768 7235 3201 18 6 7 7 5.23986710e-06 9.01966638e-06 outputs/V1e25_D10_G4/solution/solution-00049 
 50 6.962857582063e+10 1.392571516413e+09 768 7235 3201 18 6 7 7 5.65836004e-06 9.73264442e-06 outputs/V1e25_D10_G4/solution/solution-00050 
 51 7.102114733704e+10 1.392571516413e+09 768 7235 3201 18 6 7 7 6.11013208e-06 1.05020195e-05 outputs/V1e25_D10_G4/solution/solution-00051 
 52 7.241371885346e+10 1.392571516413e+09 768 7235 3201 18 6 7 7 6.59779541e-06 1.13322041e-05 outputs/V1e25_D10_G4/solution/solution-00052 
 53 7.380629036987e+10 1.392571516413e+09 768 7235 3201 18 6 7 7 7.12415971e-06 1.22279433e-05 outputs/V1e25_D10_G4/solution/solution-00053 
 54 7.519886188628e+10 1.392571516413e+09 768 7235 3201 18 6 7 7 7.69224496e-06 1.31943364e-05 outputs/V1e25_D10_G4/solution/solution-00054 
 55 7.659143340269e+10 1.392571516413e+09 768 7235 3201 18 6 7 7 8.30529454e-06 1.42368588e-05 outputs/V1e25_D10_G4/solution/solution-00055 
 56 7.798400491911e+10 1.392571516413e+09 768 7235 3201 18 6 7 7 8.96678856e-06 1.53613842e-05 outputs/V1e25_D10_G4/solution/solution-00056 
 57 7.937657643552e+10 1.392571516413e+09 768 7235 3201 18 6 7 7 9.68045689e-06 1.65742066e-05 outputs/V1e25_D10_G4/solution/solution-00057 
 58 8.076914795193e+10 1.392571516413e+09 768 7235 3201 18 6 7 7 1.04502920e-05 1.78820612e-05 outputs/V1e25_D10_G4/solution/solution-00058 
 59 8.216171946834e+10 1.392571516413e+09 768 7235 3201 18 6 7 7 1.12805606e-05 1.92921446e-05 outputs/V1e25_D10_G4/solution/solution-00059 
 60 8.355429098476e+10 1.392571516413e+09 768 7235 3201 18 6 7 7 1.21758149e-05 2.08121323e-05 outputs/V1e25_D10_G4/solution/solution-00060 
 61 8.494686250117e+10 1.392571516413e+09 768 7235 3201 18 6 7 7 1.31409003e-05 2.24501925e-05 outputs/V1e25_D10_G4/solution/solution-00061 
 62 8.633943401758e+10 1.392571516413e+09 768 7235 3201 18 6 7 7 1.41809620e-05 2.42149961e-05 outputs/V1e25_D10_G4/solution/solution-00062 
 63 8.773200553399e+10 1.392571516413e+09 768 7235 3201 18 6 7 7 1.53014469e-05 2.61157191e-05 outputs/V1e25_D10_G4/solution/solution-00063 
 64 8.912457705041e+10 1.392571516413e+09 768 7235 3201 18 6 7 7 1.65080998e-05 2.81620371e-05 outputs/V1e25_D10_G4/solution/solution-00064 
 65 9.051714856682e+10 1.392571516413e+09 768 7235 3201 18 6 7 7 1.78069545e-05 3.03641081e-05 outputs/V1e25_D10_G4/solution/solution-00065 
 66 9.190972008323e+10 1.392571516413e+09 768 7235 3201 18 6 7 7 1.92043139e-05 3.27325397e-05 outputs/V1e25_D10_G4/solution/solution-00066 
 67 9.330229159964e+10 1.392571516413e+09 768 7235 3201 18 6 7 7 2.07067211e-05 3.52791926e-05 outputs/V1e25_D10_G4/solution/solution-00067 
 68 9.469486311606e+10 1.392571516413e+09 768 7235 3201 18 6 7 7 2.23209147e-05 3.80147318e-05 outputs/V1e25_D10_G4/solution/solution-00068 
 69 9.608743463247e+10 1.392571516413e+09 768 7235 3201 18 6 7 7 2.40537675e-05 4.09507070e-05 outputs/V1e25_D10_G4/solution/solution-00069 
 70 9.748000614888e+10 1.392571516413e+09 768 7235 3201 19 6 7 7 2.59122032e-05 4.40987715e-05 outputs/V1e25_D10_G4/solution/solution-00070 
 71 9.887257766530e+10 1.392571516413e+09 768 7235 3201 19 6 7 7 2.79030875e-05 4.74704747e-05 outputs/V1e25_D10_G4/solution/solution-00071 
 72 1.002651491817e+11 1.392571516413e+09 768 7235 3201 19 6 7 7 3.00330868e-05 5.10770246e-05 outputs/V1e25_D10_G4/solution/solution-00072 
 73 1.016577206981e+11 1.392571516413e+09 768 7235 3201 19 6 7 7 3.23084915e-05 5.49289880e-05 outputs/V1e25_D10_G4/solution/solution-00073 
 74 1.030502922145e+11 1.392571516413e+09 768 7235 3201 19 6 7 7 3.47349960e-05 5.90359190e-05 outputs/V1e25_D10_G4/solution/solution-00074 
 75 1.044428637309e+11 1.392571516413e+09 768 7235 3201 19 6 7 7 3.73174308e-05 6.34059071e-05 outputs/V1e25_D10_G4/solution/solution-00075 
 76 1.058354352474e+11 1.392571516413e+09 768 7235 3201 19 6 7 7 4.00594427e-05 6.80450355e-05 outputs/V1e25_D10_G4/solution/solution-00076 
 77 1.072135870887e+11 1.378151841325e+09 768 7235 3201 19 6 7 7 4.29324148e-05 7.29048148e-05 outputs/V1e25_D10_G4/solution/solution-00077 
 78 1.084999129501e+11 1.286325861367e+09 768 7235 3201 19 6 7 7 4.57582584e-05 7.76840273e-05 outputs/V1e25_D10_G4/solution/solution-00078 
 79 1.097071386630e+11 1.207225712942e+09 768 7235 3201 18 6 7 7 4.85361782e-05 8.23814122e-05 outputs/V1e25_D10_G4/solution/solution-00079 
 80 1.108455608435e+11 1.138422180555e+09 768 7235 3201 17 6 7 7 5.12647098e-05 8.69945530e-05 outputs/V1e25_D10_G4/solution/solution-00080 
 81 1.119236441554e+11 1.078083311870e+09 768 7235 3201 17 6 7 7 5.39422210e-05 9.15207326e-05 outputs/V1e25_D10_G4/solution/solution-00081 
 82 1.129484372191e+11 1.024793063723e+09 768 7235 3201 17 6 7 7 5.65670823e-05 9.59572261e-05 outputs/V1e25_D10_G4/solution/solution-00082 
 83 1.139258742286e+11 9.774370094694e+08 768 7235 3201 16 6 7 7 5.91377283e-05 1.00301405e-04 outputs/V1e25_D10_G4/solution/solution-00083 
 84 1.148609995172e+11 9.351252886099e+08 768 7235 3201 16 6 7 7 6.16526806e-05 1.04550776e-04 outputs/V1e25_D10_G4/solution/solution-00084 
 85 1.157581380181e+11 8.971385009169e+08 768 7235 3201 15 5 6 6 6.41105587e-05 1.08703004e-04 outputs/V1e25_D10_G4/solution/solution-00085 
 86 1.166210266896e+11 8.628886714735e+08 768 7235 3201 15 5 6 6 6.65100862e-05 1.12755916e-04 outputs/V1e25_D10_G4/solution/solution-00086 
 87 1.174529043699e+11 8.318776802634e+08 768 7235 3201 15 5 6 6 6.88500578e-05 1.16707452e-04 outputs/V1e25_D10_G4/solution/solution-00087 
 88 1.182566022735e+11 8.036979036445e+08 768 7235 3201 14 5 6 6 7.11293679e-05 1.20555714e-04 outputs/V1e25_D10_G4/solution/solution-00088 
 89 1.190346324956e+11 7.780302220456e+08 768 7235 3201 14 5 6 6 7.33470808e-05 1.24299082e-04 outputs/V1e25_D10_G4/solution/solution-00089 
 90 1.197892196389e+11 7.545871433404e+08 768 7235 3201 14 5 6 6 7.55023745e-05 1.27936122e-04 outputs/V1e25_D10_G4/solution/solution-00090 
 91 1.205223435644e+11 7.331239255400e+08 768 7235 3201 14 5 6 6 7.75945414e-05 1.31465589e-04 outputs/V1e25_D10_G4/solution/solution-00091 
 92 1.212357744737e+11 7.134309092344e+08 768 7235 3201 13 5 6 6 7.96229892e-05 1.34886427e-04 outputs/V1e25_D10_G4/solution/solution-00092 
 93 1.219311019165e+11 6.953274428685e+08 768 7235 3201 13 5 6 6 8.15872401e-05 1.38197773e-04 outputs/V1e25_D10_G4/solution/solution-00093 
 94 1.226097589439e+11 6.786570273398e+08 768 7235 3201 13 5 6 6 8.34869305e-05 1.41398952e-04 outputs/V1e25_D10_G4/solution/solution-00094 
 95 1.232730423473e+11 6.632834033710e+08 768 7235 3201 13 5 6 6 8.53218099e-05 1.44489482e-04 outputs/V1e25_D10_G4/solution/solution-00095 
 96 1.239221297218e+11 6.490873745773e+08 768 7235 3201 13 5 6 6 8.70917396e-05 1.47469068e-04 outputs/V1e25_D10_G4/solution/solution-00096 
 97 1.245580939314e+11 6.359642095712e+08 768 7235 3201 13 5 6 6 8.87966903e-05 1.50337602e-04 outputs/V1e25_D10_G4/solution/solution-00097 
 98 1.251819154349e+11 6.238215034559e+08 768 7235 3201 12 5 6 6 9.04367408e-05 1.53095162e-04 outputs/V1e25_D10_G4/solution/solution-00098 
 99 1.257944928414e+11 6.125774065130e+08 768 7235 3201 12 5 6 6 9.20120746e-05 1.55742006e-04 outputs/V1e25_D10_G4/solution/solution-00099 
100 1.263966519898e+11 6.021591484493e+08 768 7235 3201 12 5 6 6 9.35229779e-05 1.58278568e-04 outputs/V1e25_D10_G4/solution/solution-00100 
