1.249287565594349031e-01
1.297828321705327415e-01
1.419716580785082283e-01
1.365680487038401225e-01
1.219950373882564415e-01
1.230750710569866457e-01
1.178896760652893977e-01
1.259806489852128009e-01
1.327644294172550254e-01
1.205948865709780410e-01
1.440515642791426187e-01
1.459618912296879734e-01
1.458973833726334990e-01
1.391129962519690455e-01
1.275747101790963289e-01
1.399387413272959180e-01
1.098062408082476904e-01
1.161365785532326722e-01
1.164389722458172571e-01
1.063667001763882597e-01
1.130852329746790119e-01
1.124685984472020006e-01
1.124304163225436637e-01
1.051747610142266809e-01
1.157732476612906014e-01
1.068294054878020927e-01
1.212868705862707175e-01
1.418376815329843443e-01
8.768324967804175252e-02
1.234797697837617114e-01
9.839400166794604052e-02
9.393834313783079593e-02
9.983033573748673062e-02
8.832513587057470861e-02
1.032248993049151298e-01
1.222436781138609985e-01
1.307867189578779676e-01
1.078536838556853894e-01
1.179283012313228074e-01
9.386660698932430824e-02
1.150144555494502785e-01
1.159459713020628974e-01
1.025099005051631207e-01
1.017030738048236432e-01
1.222082311839331747e-01
1.196689250596105064e-01
1.480650182239069690e-01
1.324660506622502842e-01
1.280266284497495743e-01
1.209533178832890993e-01
1.223280033942244216e-01
1.325116579182997190e-01
1.170339425355413909e-01
1.240067344305632868e-01
1.253886388506906258e-01
1.063043694225002805e-01
1.143664038243100006e-01
1.245693926731919338e-01
1.218854562493561500e-01
1.297284543341125085e-01
1.357484310273418537e-01
1.323391215397065335e-01
9.589801336823332301e-02
1.270757529945826247e-01
1.285791362238597746e-01
1.279058464441404641e-01
1.297889098978903810e-01
1.405279076863557020e-01
1.100228910278666095e-01
1.013591133230098557e-01
1.116820976975092250e-01
1.141287840378961416e-01
1.032226384920215956e-01
1.207997007114266219e-01
1.273741087620059720e-01
1.232483502721707647e-01
1.384741515264777123e-01
1.257591325958804518e-01
1.222551027554026198e-01
1.075317061815755787e-01
1.083374075296405781e-01
1.061647432548411263e-01
1.082992544229208071e-01
9.547991287743068378e-02
1.168817998214286419e-01
1.096357042043351049e-01
1.163003126348912952e-01
1.049350023027588868e-01
1.307662416299415764e-01
1.083502685770396379e-01
9.880039093860100430e-02
1.038809460044306660e-01
1.061758364952842953e-01
1.020449189557985220e-01
1.061217126865398319e-01
8.139385993176478928e-02
7.964655999185646373e-02
7.664431787717254640e-02
7.697889712976872800e-02
7.643398193940180441e-02
9.041794274295165967e-02
9.091837256959199587e-02
9.581524144994460479e-02
1.101567678349684720e-01
8.750647192085697634e-02
7.841793926528289882e-02
9.960193447522898424e-02
1.082891328898069605e-01
7.991716989156844031e-02
1.086307039785593814e-01
9.989585338690340488e-02
9.860162827486534942e-02
9.012481449207368489e-02
8.855757238846259649e-02
9.210524076084607159e-02
1.178236767660033602e-01
1.256702382042282073e-01
1.319742503067377060e-01
1.237633980160401936e-01
1.322338627266619604e-01
1.265279747573853919e-01
1.028611821074605637e-01
1.410591562432719770e-01
1.325830502866639504e-01
1.216357516368799518e-01
1.280636498793042144e-01
1.092356906494143104e-01
1.277865037629730138e-01
1.272643898425532272e-01
1.208394977701719442e-01
1.294631760746839666e-01
1.179591100057797992e-01
1.271939300781331494e-01
1.277179926257802356e-01
1.473471542721995209e-01
1.430816885178469999e-01
1.441161547412757316e-01
1.603660830502609547e-01
1.555508141711876846e-01
1.379754402137814973e-01
1.330828034295978846e-01
1.363005694135821788e-01
1.634261684505090295e-01
1.414380346018856427e-01
1.337576904194323624e-01
1.364259734360123155e-01
1.387318292164156086e-01
1.370106124825613281e-01
1.439806848418188900e-01
1.245844243124616529e-01
1.507235896990800905e-01
1.346843918205650470e-01
1.224205732788084255e-01
1.196680189492504987e-01
1.217114587745029008e-01
1.364795098472726120e-01
1.178761458809179791e-01
1.418231210867716141e-01
1.204443036436574077e-01
1.133613468991601925e-01
1.055354832627810463e-01
1.322583087571837512e-01
1.230435246785462344e-01
1.256361814669234578e-01
1.075285182445939736e-01
1.249470247903202852e-01
1.504308240294454091e-01
1.752139844395402823e-01
1.709296198497113617e-01
9.645774798956642526e-02
1.230861505325766964e-01
1.246795485410626125e-01
1.423409115305198092e-01
1.499733218596753792e-01
1.042871977344214662e-01
1.193964655807799036e-01
1.193732660725831812e-01
1.199603591060283969e-01
1.309084668609244162e-01
1.092988690863402196e-01
1.141466293123876569e-01
1.080222859024508597e-01
9.219852412047122026e-02
1.383033182318317289e-01
9.357178020924201978e-02
1.100159870148174901e-01
1.315877337567598615e-01
1.241785669263938408e-01
1.468886050857908521e-01
9.445721654652503019e-02
1.090743383349442042e-01
1.034124046514906942e-01
9.909414500844619667e-02
1.023795840825864889e-01
9.974487988093473645e-02
1.003178331853774030e-01
1.096247898274497062e-01
1.058874276085890465e-01
1.106346371648090632e-01
9.895030200492170580e-02
1.047000714558776607e-01
1.389232606819847948e-01
9.432528645116380894e-02
1.079016576203793709e-01
8.828288287689162184e-02
1.005961510675367487e-01
1.381649953211767368e-01
1.369861843807985424e-01
1.428137121973613866e-01
1.416877552114212679e-01
1.238875477617635834e-01
1.724045315526205324e-01
1.447850770612064963e-01
7.849573991045767640e-02
1.033754982861820604e-01
8.869357632143851089e-02
8.510540527773588493e-02
7.966979070360996618e-02
7.500792714468271227e-02
9.298061132492001224e-02
7.877118447930103740e-02
8.016543840287571054e-02
9.884594069539634487e-02
1.345802989554014117e-01
1.008468360618718779e-01
1.136418171307178593e-01
1.267375386751333211e-01
1.125776281057259270e-01
1.365529289430790771e-01
1.197115327695971454e-01
8.288261855224175745e-02
6.725535582186054073e-02
8.362044886234944185e-02
5.720831261707993304e-02
1.467078033765420730e-01
8.766828546906021979e-02
7.245219557166349134e-02
1.222970726871914215e-01
7.156693395198973628e-02
9.851044186147921156e-02
1.308485319875808961e-01
1.011489883622430364e-01
1.067880954553542261e-01
1.592883295491068774e-01
1.214394507111360433e-01
1.359453855340622130e-01
1.269416751568889501e-01
1.226102644720434426e-01
9.227171338066744721e-02
9.753852734001738911e-02
1.612446474830083742e-01
1.058787731838326251e-01
9.475473965735790871e-02
1.246282335260307239e-01
7.203185987094747056e-02
1.070980085380289076e-01
1.268524922679443445e-01
1.062569150276147095e-01
9.220233819036156853e-02
1.192555230015216877e-01
1.123399622936271935e-01
9.888478365792452429e-02
1.408880678251394347e-01
1.061482388176429870e-01
1.087989339671522199e-01
1.339391574246595606e-01
1.002423119478579594e-01
5.705033446878053638e-02
1.183841430425268820e-01
1.363530880332402828e-01
1.261507640188433144e-01
1.245012984746678569e-01
1.297413137227523272e-01
1.188417299030923996e-01
9.818057015499301321e-02
8.046527738798554819e-02
7.676340941306060428e-02
8.943840820455697949e-02
8.543124424337017464e-02
8.922667261559517893e-02
9.533745889079239810e-02
1.021966240739313053e-01
1.230906639396374402e-01
1.159994807182470888e-01
1.014753897876571331e-01
9.808388978239657163e-02
8.750759148516340513e-02
9.973720656408985308e-02
9.501313515942431953e-02
7.071294223370248877e-02
1.125379542281357698e-01
9.594231603332638303e-02
9.046994426358963282e-02
1.132434286656362615e-01
8.449220505090708488e-02
1.033700845709343286e-01
1.034527985550370843e-01
1.321846343419004477e-01
1.300872413757900026e-01
1.321370422781120713e-01
1.255827714893371083e-01
1.242021741924817513e-01
1.290474021865994358e-01
1.465678690779083915e-01
1.298103465533574363e-01
1.180800774908577766e-01
1.202485611430138823e-01
1.280095430449111338e-01
1.153821220641735035e-01
1.181499715724578514e-01
1.312769084609750059e-01
1.247588271970026391e-01
1.215720065120963617e-01
1.381050766176263600e-01
1.267853527755626319e-01
1.431990798013552668e-01
1.455063168909803140e-01
1.062175653593590008e-01
1.313601264003936842e-01
1.097331332252437508e-01
1.070325928109243374e-01
1.163968910543583812e-01
1.120004641159825370e-01
1.102151022173068484e-01
1.156039714025315357e-01
1.092083356927687487e-01
1.045534168195460384e-01
1.307541759206350962e-01
1.211426916246556990e-01
9.025196582537541035e-02
8.667087022131506058e-02
8.645029800281188448e-02
9.491761196789845478e-02
1.031466609002042178e-01
1.123572846085299642e-01
1.031794150803574533e-01
1.041599148900159699e-01
1.068061809949431562e-01
1.099962241227924326e-01
1.274065949803357967e-01
1.274661784824250854e-01
1.041229987822982622e-01
1.139691630995206401e-01
1.316510526224279054e-01
1.251087878379017471e-01
1.520909903466394208e-01
1.186832858090783455e-01
1.107459594858945240e-01
1.115597004496398786e-01
1.424000587449837374e-01
1.031352842395509561e-01
1.176369505670052107e-01
1.649224543174847568e-01
1.279890309319145214e-01
1.422423761531291242e-01
1.617912343314674428e-01
1.349719335792689545e-01
1.093539045923986319e-01
1.360506585119598544e-01
1.085729651192137435e-01
1.596315931975563207e-01
9.839993030246767247e-02
1.025195883236390687e-01
9.926290192474285234e-02
1.346731885446129651e-01
1.498761190184648984e-01
9.801393853566467418e-02
8.661906981112900417e-02
9.112732466145603838e-02
1.431985796201531436e-01
1.321695581101218209e-01
1.274370287020556991e-01
1.298731581228727283e-01
1.322148385681028437e-01
1.083662459872519468e-01
1.010973271962727627e-01
1.134982459805372046e-01
1.265828253749486099e-01
1.260202809999915186e-01
1.233565014980284730e-01
1.292922766161964665e-01
9.203530633083699397e-02
9.790280842418880303e-02
1.006098877469904507e-01
1.100568417569968427e-01
9.757798035824945260e-02
7.924471910229471949e-02
1.282813976147610946e-01
1.165724124849304155e-01
1.263621174818291837e-01
1.156652039879964566e-01
1.314636901862069329e-01
1.315722245326577111e-01
1.418869016570074859e-01
1.710980561374134123e-01
1.326967890343492551e-01
1.031236251567524964e-01
6.092795128342462507e-02
5.920780698061742231e-02
8.265508801136144112e-02
1.076535843054783476e-01
8.597276850584591179e-02
7.954029554206852592e-02
7.597411241440152341e-02
7.199022641368106601e-02
8.810135195204239766e-02
1.102337006965315586e-01
8.012642355605327504e-02
7.770091093499043033e-02
7.615737323202066700e-02
9.373172953554197162e-02
7.288807608799190152e-02
8.483629285730899527e-02
8.608509898867344745e-02
6.775073093760626552e-02
9.804170304436686523e-02
7.277711359149928450e-02
7.453600863980393287e-02
8.226143315290958269e-02
8.820932509760422147e-02
9.003112087607653691e-02
8.613297224020310949e-02
7.711132629200277699e-02
7.633268409802933252e-02
7.722102005575177952e-02
7.405714628023978008e-02
6.294958801172313712e-02
8.934853036155653017e-02
9.066915864586552742e-02
1.128379548663320103e-01
7.214375866725490638e-02
1.034881890683536920e-01
1.154572087943227521e-01
1.056802728082043147e-01
1.024310111205594953e-01
1.116943255185688377e-01
1.637975292531774207e-01
9.584667793392487312e-02
1.217723832594589661e-01
1.015964971466749439e-01
1.050005352818714627e-01
9.689547063803037596e-02
1.102924505180322284e-01
1.006346624049039712e-01
1.008195895042195006e-01
7.091987940099114818e-02
8.381488516048238302e-02
8.861633744614917652e-02
9.293155240495058755e-02
1.050393795622582838e-01
7.775768817043474113e-02
8.905477198565170394e-02
8.438111847948345789e-02
7.531831014781911748e-02
8.561181454703604976e-02
9.442066193581807876e-02
9.357780867297575689e-02
9.530604313116694537e-02
7.556651570006561736e-02
1.035921214290471959e-01
9.083529940367182642e-02
1.147378321428927928e-01
9.334488259563675228e-02
1.274895081425841958e-01
9.580576229077679418e-02
1.047237046159628648e-01
1.119801261561470390e-01
8.416729080382745476e-02
8.885744490625999137e-02
7.931385632951408471e-02
5.711594820299567554e-02
6.911837337931656111e-02
8.660923634894142353e-02
1.084750217429941432e-01
1.022236406566627981e-01
7.533506652110397162e-02
8.628505082268606019e-02
7.760218520815462262e-02
7.534689252686989358e-02
7.255318333355724458e-02
7.576173048225094686e-02
1.004379214704730905e-01
9.542185050131808677e-02
8.912468778897440769e-02
9.295931519140632204e-02
8.271572304752858318e-02
9.146006041194609804e-02
9.092617785450941847e-02
1.047788876413270620e-01
1.231858279029564018e-01
1.012680517893755072e-01
1.251635444383200901e-01
7.321988760033182331e-02
1.110270001637302523e-01
7.671878937281156885e-02
8.408113883577406078e-02
8.107839578640785305e-02
9.670228370573999421e-02
8.921172143071294525e-02
9.125602761384221662e-02
9.066246500568968247e-02
9.253680015719852048e-02
8.844576661250037886e-02
9.816956746310237514e-02
7.343354249072814310e-02
8.523677876348915994e-02
7.322222717315707285e-02
7.923610647279639985e-02
9.038728426798797733e-02
9.202292115028577746e-02
9.792135385563116579e-02
9.216174624138573357e-02
9.596165070399301222e-02
1.012470837607599428e-01
1.320997305925020460e-01
8.473329429995568596e-02
9.353877918384333190e-02
8.975182403862823344e-02
8.654358806237048840e-02
5.553985023639995688e-02
8.559754783425557734e-02
8.231167863082811120e-02
8.656871419765901909e-02
7.792626267445745825e-02
9.323816633858204861e-02
7.319212413324258093e-02
1.237265695601807158e-01
1.209741214698295125e-01
1.048846146911669025e-01
9.158703339160584322e-02
1.232865222657172632e-01
8.971109350497377677e-02
1.120643628662294222e-01
9.714460828954263327e-02
9.510807349947388023e-02
9.497828793769134970e-02
9.805767361102558921e-02
8.848580466641278730e-02
7.173431626805197581e-02
9.031508517400828329e-02
9.436496859837589790e-02
8.727063931047965295e-02
1.023631660057925663e-01
8.415335648494084997e-02
1.153621724031527462e-01
8.789702181343495013e-02
9.607487288948733661e-02
1.005806913440333988e-01
8.909929790159976104e-02
9.996650636243215038e-02
9.539511860627578055e-02
1.138895264580318117e-01
1.015245944913436144e-01
1.050196125310040723e-01
8.820902155459858784e-02
9.668488929269444809e-02
1.096664982638939773e-01
1.127227777312767854e-01
9.838593988408106394e-02
1.071366388344367898e-01
1.353178738648599388e-01
1.254908411226719200e-01
9.113011660020953197e-02
8.622327303812803156e-02
1.210009801216000158e-01
1.052056315874366765e-01
1.200878646884973727e-01
1.320101514487932726e-01
1.221753595971576956e-01
1.271107796362866971e-01
1.091891609232725074e-01
8.535794795241159749e-02
1.304404377186179353e-01
9.114997541176805829e-02
7.813091744352007595e-02
1.028630845656562792e-01
1.054609782961038328e-01
7.957513736060894960e-02
9.903629253696204227e-02
1.273040069521633177e-01
9.106647973430141707e-02
1.010687647334367473e-01
7.894771217005268349e-02
7.542324699740463045e-02
8.019994322056896163e-02
5.898803921457630717e-02
1.294208529039499733e-01
1.109280445037287288e-01
6.492715615030644760e-02
1.051479621651936203e-01
1.078999042505035394e-01
8.921131465599425880e-02
1.133092282656939787e-01
1.214058727466455212e-01
1.521388036135091770e-01
9.683057543185802363e-02
7.878433262385749203e-02
9.997526106451005978e-02
1.158685935740160905e-01
8.955145867791355907e-02
1.011466904919407633e-01
9.501203509262888536e-02
7.190741660883992470e-02
8.561303017375647417e-02
1.010551676505552499e-01
7.305227463675961763e-02
8.640349791376705779e-02
9.448168368392019512e-02
7.539119749629755174e-02
1.252617788030030987e-01
7.477911935854658632e-02
7.102476066905268060e-02
8.756718847800308569e-02
7.945736541643376449e-02
1.082268776862796988e-01
1.054010836222146058e-01
1.631347587517035513e-01
1.268046034144146295e-01
1.254842742886913831e-01
9.570752232542091564e-02
1.078835015058088598e-01
1.013221921152070854e-01
1.150869538969414851e-01
9.227163834005353005e-02
1.474262921934859361e-01
1.284145444023185589e-01
1.159520738322804972e-01
1.444545276195345340e-01
1.261532177401572807e-01
1.041020359212955215e-01
1.082485047546428297e-01
1.067492767101149986e-01
9.417121266417562142e-02
1.223709558778952600e-01
1.253468657258579866e-01
1.252069048058298550e-01
1.222524443683425527e-01
1.239449346266433410e-01
1.153691774617242177e-01
8.736541387166882333e-02
8.875335484972035616e-02
8.527171049061303687e-02
7.209430027763473470e-02
9.238152143936309568e-02
8.332828662816110787e-02
7.724724364954681233e-02
9.871578644094110289e-02
1.134626359942098872e-01
1.254746277198735549e-01
9.481914193911847311e-02
1.015189975339531314e-01
9.224075822862035090e-02
9.347039815152748121e-02
7.163489138411785473e-02
9.761825709900336101e-02
7.439140641949190669e-02
7.810786238262816539e-02
9.082350436861737208e-02
9.883192080873907936e-02
7.950293223486293304e-02
7.518399411624890338e-02
9.891436037021347771e-02
8.327140734424644253e-02
8.486793463540967530e-02
1.014515215454912661e-01
9.204813804577008374e-02
1.052739544439300762e-01
1.259941350363250612e-01
1.101687552743803311e-01
1.089200256517382920e-01
9.387364082123378362e-02
8.563754739017198636e-02
8.760790514687777364e-02
9.747846092908311888e-02
9.253855171406291658e-02
8.257103017630222641e-02
8.703529477657424851e-02
8.331195173161719258e-02
1.059046570514363683e-01
9.364145223510074445e-02
1.100247141539949791e-01
1.142988635912310091e-01
8.996614456687576644e-02
1.097658846240397723e-01
9.327087511389967056e-02
1.006901405377741282e-01
8.807142488645265666e-02
1.032314006459337657e-01
1.311875602136006180e-01
1.138996375509821884e-01
1.080501840304990552e-01
1.260804593316672273e-01
1.713015311736467983e-01
1.354428407829934566e-01
1.153106849111827925e-01
1.286870057474532036e-01
1.577345597637236918e-01
1.536439554322324708e-01
1.491645641182455795e-01
1.514620363940572811e-01
1.145720045558260153e-01
8.916051920026857314e-02
1.063369730617045872e-01
8.822654697649072453e-02
1.442658518067138629e-01
1.255700144905037285e-01
1.247100579392558389e-01
1.264287721579670509e-01
1.027692996104116463e-01
9.526463378973865082e-02
1.747213905190340977e-01
1.300578031601639373e-01
1.631464807730745592e-01
1.203832574807112837e-01
1.533475682198315593e-01
1.336525050190728037e-01
8.232586227210282603e-02
1.206431191153589655e-01
8.997787020135993019e-02
1.207786927468764704e-01
7.367563165246075740e-02
7.530025871283914374e-02
1.481236425030220683e-01
7.794186574843733895e-02
6.114982211321971783e-02
7.941521014344347928e-02
5.741803398109789763e-02
5.834312639886194557e-02
1.095568506068033965e-01
8.465020877766032958e-02
9.233882113244819279e-02
6.925115928491418216e-02
6.955476607078264761e-02
6.374434799104303218e-02
8.998009075636465015e-02
7.377795994819440206e-02
8.812916803787346209e-02
1.082292393184384610e-01
7.682546050865647624e-02
7.299962465343635964e-02
9.093281108753807629e-02
9.877248340764120671e-02
1.271642364318319174e-01
1.135851018465053042e-01
1.120246755350598061e-01
1.520710656092508217e-01
1.016481104903658450e-01
1.294473216156033224e-01
1.018003395634334007e-01
1.134800334468165223e-01
1.447555271345460637e-01
1.311822219822581514e-01
1.097761308476092185e-01
1.054012463650007558e-01
1.227898352006720761e-01
1.431984674092161292e-01
1.142147632920771094e-01
1.199828187883805602e-01
1.298608698930027727e-01
1.122884904169926812e-01
1.627805935285123740e-01
1.403361086096251431e-01
1.648755478741861236e-01
1.402066858111559733e-01
1.476421579186276423e-01
1.244943025524848507e-01
9.361193599541875465e-02
9.464930841305363440e-02
1.021132687905279973e-01
1.068316483896311619e-01
1.171939451698917889e-01
1.778425403301037155e-01
9.049469106048778355e-02
1.104644377307176101e-01
1.439842318360188833e-01
1.288709639020620412e-01
1.292282020993665292e-01
9.962521192371358303e-02
1.104084650415558533e-01
1.010698769829699445e-01
8.758405944000235976e-02
1.166672647219468562e-01
1.193443343400805157e-01
1.315844229361866069e-01
1.349805118973808615e-01
1.063626637507515127e-01
1.091672604065277580e-01
1.088472841092715110e-01
1.077152091593905903e-01
1.275581252237658336e-01
1.050665444634380913e-01
1.184093448294429307e-01
1.347763626773857693e-01
1.445063001831044802e-01
1.250371023450269348e-01
1.032887808448060829e-01
1.056367515525199197e-01
1.222839923314516658e-01
1.122535104155209795e-01
1.119885349724073498e-01
8.792585601017260943e-02
1.163576157889535390e-01
1.024062941355793760e-01
1.056923458329132176e-01
9.161085991732055567e-02
9.665580195456233148e-02
9.043381744988354676e-02
9.344787021430969731e-02
9.714410568790600442e-02
9.369226167642377701e-02
9.390788045346942781e-02
9.483831799471219293e-02
9.570003912305720395e-02
1.130101387122648127e-01
1.005750121877835579e-01
8.562464938677422088e-02
9.890136238525941426e-02
8.892115040886035271e-02
9.235581481219697075e-02
1.031238460907536458e-01
1.328471202497377157e-01
9.628946582368730356e-02
1.169054451106334436e-01
8.958882203243982711e-02
1.069154614830431088e-01
1.097938850405320993e-01
1.109750434277079617e-01
1.152809506352260593e-01
1.018967774479082739e-01
1.483928711416395152e-01
1.206766997496100530e-01
1.029067653358594209e-01
1.146958439911206495e-01
8.931576106809395454e-02
9.313368728178143818e-02
1.317561255863189396e-01
1.069933173712086100e-01
1.350817073848684935e-01
1.247120863146535807e-01
1.224508273340107756e-01
1.606567233308877907e-01
1.369218374893519663e-01
1.216781788341125825e-01
1.185181214174375053e-01
1.182699421015825092e-01
1.221599091414942995e-01
1.277027354221374755e-01
1.177366532774298258e-01
1.252368707938548154e-01
1.244112915708133205e-01
1.079296293090467873e-01
1.136941226305468178e-01
1.196488309733355210e-01
1.271399426152933498e-01
1.319009030850676334e-01
1.238019009792268588e-01
1.381226978639927272e-01
1.422606805656355389e-01
1.309863022145037748e-01
1.307136584478584829e-01
1.255360309227347426e-01
1.044484117867698070e-01
1.152330864293160395e-01
1.058730395243228095e-01
1.080520022828748983e-01
1.275814788909995778e-01
1.289164971434189066e-01
1.201037022507014940e-01
1.266255188717785307e-01
1.167780407635416462e-01
1.094051582491973595e-01
1.314213368310518104e-01
1.115114588525080441e-01
1.149850611144476176e-01
1.068009380181843826e-01
1.202053876012658812e-01
1.088183043342736273e-01
1.113409139036230233e-01
1.049224645374526588e-01
1.251764620423219398e-01
1.301186699533148361e-01
1.462364641895778361e-01
1.307079159346794806e-01
1.271935354327390078e-01
1.202737686772440140e-01
1.425981378341561190e-01
1.440488952718481375e-01
1.435918041658331701e-01
1.399406650867259516e-01
1.445218350060057666e-01
1.425190869976812325e-01
1.331682684807181105e-01
1.285645344699075932e-01
1.076089022740600587e-01
1.010422966187768667e-01
8.737499972257119218e-02
8.912275332387514792e-02
1.020188674773996468e-01
1.158906142652243038e-01
1.142228161918818485e-01
1.298960308660388752e-01
1.219264915542576933e-01
1.119400251026434479e-01
1.214502672096616775e-01
1.032663698120900864e-01
1.323180241821516334e-01
1.324000819869145529e-01
1.259669545240237054e-01
1.207054707977480573e-01
1.240283944238272651e-01
1.474213498121170751e-01
1.214036987028880993e-01
1.462187564894236180e-01
1.415113922341501573e-01
1.611195069296140758e-01
1.511101139431008378e-01
1.514112859623888419e-01
1.623220489734415739e-01
1.780875094428750471e-01
1.772318803556846012e-01
1.949963161834492587e-01
1.792299160482756781e-01
1.719794573422891160e-01
1.774415662338734989e-01
1.518798974909624511e-01
1.492865872322507170e-01
1.423230205213878719e-01
1.418965505614355194e-01
1.474224365602024300e-01
1.287435760704462862e-01
1.317013618756747440e-01
1.051918007827424978e-01
1.055912053014839147e-01
1.384759822509527283e-01
1.365461776535233096e-01
1.200220766847888421e-01
1.130126253535705949e-01
9.243581712156037633e-02
1.025576837419452381e-01
9.570457462352677247e-02
1.220315360544959316e-01
1.193509749952846866e-01
1.076468049553014755e-01
1.187712552056952725e-01
1.267423035052368807e-01
1.088497658824052333e-01
1.293435529643473247e-01
1.398826629902428786e-01
1.420777373361787610e-01
1.179503659984179609e-01
1.154472853281028472e-01
1.275027226914439704e-01
1.128797219644593480e-01
1.046395479592520106e-01
1.113572727221388003e-01
1.130928240545740204e-01
1.040300062834338124e-01
1.338514039919422860e-01
1.216649405587926502e-01
1.410471867059504003e-01
1.309534259616626228e-01
1.329292916701993177e-01
1.582225306999383851e-01
1.140359133746040726e-01
1.103765163652467157e-01
1.019085422286365866e-01
9.085188841703444040e-02
7.513339379629496717e-02
1.416373747108674308e-01
1.602115552730893067e-01
1.065888341678608298e-01
1.181198909413422038e-01
1.085612956520795452e-01
1.234107828124051398e-01
1.269580308888103581e-01
1.011525225631611236e-01
1.125495030977302080e-01
1.160369262863043399e-01
1.144870162367670058e-01
1.132823260059776238e-01
1.037224525776673789e-01
1.141094584509481230e-01
1.341627555046300269e-01
1.400966715427452713e-01
1.390710479938357391e-01
1.090340819315911980e-01
1.382946220554991390e-01
9.537458598519762965e-02
8.832215356464129252e-02
7.648948785256758087e-02
1.002039904019702277e-01
1.112894211723774868e-01
8.006157800207290565e-02
1.011169763233837476e-01
9.358099243805260981e-02
9.225463533971031693e-02
9.190083590228824428e-02
1.005586370355897596e-01
1.118401882886303628e-01
1.137455963355812338e-01
