1.530416593066032116e-01
1.547531926252851409e-01
1.067018655229218932e-01
1.027517470774765157e-01
1.142814897529808721e-01
8.946971200148369496e-02
7.940252418065908702e-02
1.211100199590185028e-01
1.204801328405728927e-01
7.299562495511226212e-02
8.419500234228953495e-02
1.285277090772772024e-01
1.009315015129353399e-01
1.073784989516233523e-01
1.556809958297455942e-01
1.168266211861708620e-01
7.078600614052954487e-02
1.070147062390530007e-01
1.143382736042626580e-01
1.153119859680769022e-01
1.022073153775041598e-01
1.065944347239050766e-01
1.071102389853811065e-01
1.066161447576273041e-01
1.192800011755854317e-01
1.282720490963026316e-01
1.065942975175320773e-01
1.017186657410499850e-01
1.040493648020510281e-01
2.093665928545130339e-01
9.490523847698142945e-02
9.418134553277478227e-02
1.223418247615206539e-01
9.395627094881328634e-02
9.165710770714140254e-02
1.001947656170948248e-01
1.031681742695239462e-01
1.140474021427971274e-01
7.775530609921736669e-02
1.374525006455071530e-01
1.024716434883622546e-01
1.465319633315013137e-01
1.231751574539573235e-01
7.014153411985118991e-02
9.595072359242703963e-02
8.770346895881996063e-02
1.100547792740554920e-01
9.132257863358979322e-02
7.725373985440786573e-02
1.378951206639878191e-01
1.198251851877876750e-01
1.122430804069699806e-01
9.202059945345247849e-02
1.571625926488694758e-01
1.010604729923741951e-01
1.442075064054976763e-01
1.023109201204054214e-01
1.111860176075906564e-01
1.137740066819897256e-01
1.028048203423950896e-01
1.111522398183149990e-01
1.077431607419217091e-01
1.354303609812504416e-01
1.170255116088846359e-01
1.089822178393504842e-01
1.201528871201893861e-01
1.419622488851585707e-01
7.887634614778277209e-02
9.137763052693524679e-02
1.508834198365176515e-01
1.063444817716916874e-01
1.297952716870947043e-01
1.840155092993517316e-01
1.571641547483352830e-01
1.017191408752861209e-01
1.037415877594890651e-01
2.102466642221584026e-01
1.373775025522913085e-01
1.083891686834641543e-01
1.002586105430339908e-01
1.770375683098626141e-01
1.154449542394033607e-01
1.252972773334526391e-01
9.158615175620522797e-02
1.047088315916859663e-01
7.322969573988379055e-02
1.275536055413702130e-01
1.445460197658287316e-01
1.284776700001722116e-01
9.648194701059384371e-02
9.525829232095860133e-02
1.111366951791743496e-01
1.609272750624680393e-01
7.842311708155819128e-02
1.192136425795124327e-01
8.198374872414926351e-02
7.587277465461193804e-02
9.812055770799756049e-02
8.964322906622637643e-02
1.002750145942485765e-01
8.230914282568076168e-02
1.014182615829044981e-01
5.764091767086752111e-02
1.303169038620778375e-01
8.464739898259951434e-02
9.354902046927446313e-02
1.254115358551981252e-01
8.903886163383459285e-02
6.427223254152930609e-02
1.120394823281825880e-01
6.548241315161447418e-02
9.221133126606007036e-02
1.439353313682083524e-01
8.171537907644985110e-02
8.793334637658990760e-02
1.105565219755287043e-01
1.302355012947682689e-01
7.803059731664604981e-02
8.896312332593510341e-02
7.693633066723312708e-02
8.923107360326418269e-02
9.008443356056554385e-02
1.245127241631556747e-01
9.735350832253690523e-02
1.279045778812314405e-01
1.638225300319158251e-01
1.141355402452726986e-01
6.278111388164497875e-02
7.651002935479730982e-02
9.489181733458228185e-02
9.948618785867426040e-02
1.470204728121667914e-01
1.174787447066165252e-01
1.375065766682714019e-01
7.587715191969472694e-02
1.092606277152297356e-01
1.217326914033278057e-01
1.457207252412108522e-01
1.373977879749607445e-01
8.629805254681409410e-02
1.195048682118910743e-01
9.526014392759316052e-02
7.860952477999430532e-02
1.124368689422560186e-01
8.188669982459360897e-02
8.807201115210092079e-02
1.077800258319661503e-01
1.348584909910778840e-01
8.077818388822714801e-02
1.616893751065546225e-01
1.357743640335826174e-01
1.389686553553994564e-01
5.667062674041020709e-02
7.235488208265619670e-02
1.065026483849040029e-01
7.132020739577728252e-02
1.208239621295195965e-01
1.175030657115941346e-01
9.512869258091659341e-02
1.481645123856419055e-01
8.296286051069604039e-02
1.158213906154996614e-01
1.337517195892409250e-01
1.169171923445466027e-01
9.422231269498437811e-02
6.662866071810397139e-02
1.224857681605081433e-01
1.205796846794623678e-01
1.418066301256223349e-01
1.378384903611961365e-01
9.199388542359593357e-02
8.599418494945879066e-02
9.268463039063409847e-02
1.119201977409374771e-01
7.396357575644224580e-02
1.077480938684908240e-01
7.677398849627900534e-02
7.949365002839796357e-02
1.468545263390775291e-01
1.158554370439281028e-01
7.480005761275651532e-02
1.000693953616799553e-01
9.089666878441973741e-02
1.140727268667807159e-01
8.404337914301471257e-02
1.126371670120771135e-01
8.631151501490214040e-02
1.298680158491360148e-01
8.699137768236461787e-02
7.908691807973636245e-02
1.185241859103245976e-01
1.279440873134093104e-01
9.990998410240375938e-02
1.131696458433235630e-01
5.928605934828230090e-02
1.121666853595352370e-01
1.003627373240173482e-01
1.616460564574943581e-01
1.159529756437670672e-01
7.145752054059521796e-02
1.222358319951385858e-01
9.791393775411430522e-02
9.139610582942102324e-02
8.435719654501878939e-02
7.901787013875212484e-02
1.029608751266887362e-01
1.171708872190473510e-01
1.171651938549602701e-01
1.206065026540649454e-01
1.276762892492249168e-01
8.056084698346276107e-02
6.176944555516653002e-02
7.286546297926697890e-02
8.507189281473108433e-02
7.544551687371471582e-02
6.840041870468334395e-02
1.192694171516608392e-01
9.882639744391279180e-02
7.529864014062426225e-02
1.160634372662276287e-01
7.056698070568083458e-02
1.089725107137450855e-01
8.412010765542014823e-02
1.627099806600663667e-01
1.212799994069167497e-01
1.143690596394104919e-01
8.641031884044882150e-02
9.109014805750237365e-02
9.344340411305189498e-02
8.872489503808095312e-02
9.102024269960357072e-02
5.902240950762727145e-02
8.015627142726529375e-02
7.359333671807755106e-02
8.962276627598349255e-02
7.933994857562183534e-02
9.328564888077051087e-02
8.806272098031178719e-02
8.679971241377307245e-02
9.021700484946981735e-02
1.310761980879000532e-01
1.083832507159441100e-01
9.934644887686956694e-02
8.792294810156082996e-02
1.092775674187246165e-01
9.281485354098349683e-02
9.636600665595976278e-02
1.290523324225771873e-01
7.257909561672626353e-02
7.914175090844695337e-02
7.393864130628444165e-02
8.553070145077862341e-02
1.343207576184813901e-01
9.415794414256721534e-02
8.057773257775714681e-02
5.579693550228443516e-02
7.413088711855710111e-02
1.006508278222424946e-01
6.643949989810646328e-02
7.239478831688810068e-02
2.108883122621489914e-01
1.663407880768723868e-01
1.490829516510134845e-01
1.088548079369114768e-01
9.600643346551182566e-02
9.490049253751015046e-02
1.116848382557293906e-01
7.641776765901507618e-02
1.325677491877890468e-01
1.024923283723091494e-01
1.134667540145914699e-01
1.126298572602348058e-01
1.101904794008355809e-01
9.041379327418420930e-02
8.955468004107354496e-02
8.515188777105445195e-02
9.910671772447897376e-02
1.239557790213097754e-01
6.656632618731260498e-02
1.026724582499188992e-01
5.826493588263399748e-02
7.771762096029664890e-02
1.010772747209418010e-01
1.160736337753962011e-01
6.360901182318451363e-02
7.255545310922867364e-02
8.766501650794732148e-02
7.666073404755768816e-02
7.764600664652057671e-02
1.013746681664145360e-01
7.403677477332457069e-02
7.410386667872148614e-02
8.668907818846319224e-02
9.301399744264579605e-02
7.537192036766129921e-02
7.514348959153142882e-02
6.010278914306926845e-02
7.328519316006545936e-02
6.063897315276210037e-02
1.313315610226316876e-01
6.889363930884162546e-02
7.346687142418344141e-02
8.085484649573330962e-02
1.099069077922834731e-01
9.775264944059550154e-02
8.953208279171046002e-02
9.517665688409274183e-02
1.168418468655738757e-01
1.127658826523373209e-01
1.033461341147708934e-01
1.141849085321534479e-01
1.456527895209930312e-01
1.289509075640378477e-01
9.105413348790405981e-02
1.170030887470856901e-01
8.748574721922752762e-02
8.774943843585304715e-02
1.408696009685272144e-01
1.034231684006889501e-01
8.096170515260955880e-02
1.091224867203342275e-01
1.243862057649766234e-01
1.167339925111851584e-01
1.182946664498966544e-01
7.874424587356654293e-02
6.763800091456181884e-02
1.095172141186066123e-01
1.118221316570232743e-01
8.610657138736312055e-02
9.499430015958541806e-02
1.260108685352150093e-01
1.157230981256095748e-01
1.210095732675088992e-01
8.745174366805547050e-02
1.435500645257678232e-01
1.084592888368064584e-01
6.305358968076434090e-02
8.103646647484150090e-02
1.297740546386665916e-01
9.188322647517065123e-02
1.586790805301901419e-01
1.020856136270153897e-01
9.051620083932368499e-02
1.145966808956513372e-01
9.037243433832906070e-02
1.149137999650070574e-01
8.428798038356251354e-02
9.130623766166973132e-02
1.611424462303805150e-01
9.243246963851167730e-02
1.211347214514473525e-01
1.062867340560484930e-01
8.981710777088489084e-02
1.027061861620143512e-01
7.381875462107762020e-02
1.260322089441644755e-01
1.219492986327662398e-01
9.140800601371297518e-02
1.213494664253512989e-01
1.197015002684185120e-01
1.587183509349104626e-01
9.152419987323323625e-02
9.187619335821231581e-02
1.093697650038198688e-01
1.003874419718458200e-01
1.704918144202106078e-01
8.590790717249244257e-02
1.032049270505780991e-01
1.094960363299584682e-01
1.169998280843105587e-01
1.276976537348928908e-01
7.976093879812935772e-02
1.180903058105155085e-01
1.102321088032209573e-01
1.048389776193862782e-01
7.250111749708545994e-02
1.274180081823930166e-01
1.245545538473585429e-01
7.427354431491671460e-02
5.932438189198759038e-02
8.308468647512078087e-02
7.577407463622071182e-02
1.119049907897306795e-01
1.072807206145389020e-01
9.211349984959324444e-02
1.143973148170893961e-01
1.144041324398141074e-01
9.026035505777924017e-02
1.401436281546169504e-01
7.255498376751506884e-02
8.793910863294457370e-02
1.085349243390119345e-01
7.864374324041932540e-02
8.259986470194795316e-02
1.516147970559938163e-01
1.168531053825160593e-01
1.067446123050189849e-01
7.628440347551780631e-02
5.639152734250375831e-02
7.536836308882546853e-02
8.135503619837558542e-02
7.209670145145244402e-02
8.448339303733447270e-02
7.606049665561936957e-02
7.725237638084436753e-02
7.085802487887923884e-02
7.796594059709791025e-02
8.599235155612512671e-02
4.421381460566936594e-02
6.458934693041427921e-02
7.677770653896473507e-02
7.997747271960990723e-02
5.471559051327408441e-02
8.048342766337898690e-02
6.285974318395416705e-02
9.580503311347848827e-02
7.515016171760172115e-02
8.318127734169772358e-02
7.624956493447995753e-02
8.296970436600215049e-02
8.160837931786359134e-02
7.050117448034295964e-02
4.430149282962566465e-02
1.141920803025389397e-01
6.955489684170049203e-02
9.850700413207434669e-02
6.865067724314236064e-02
8.118273814146387268e-02
9.009426241547742464e-02
1.027686108075352295e-01
9.197908728578885196e-02
1.102749507940075924e-01
6.225355102227899534e-02
5.716924452164116877e-02
7.138163643934970770e-02
1.121851327040508384e-01
9.155357654956139402e-02
1.318031763380910493e-01
7.737729420391793733e-02
1.123142520802192512e-01
9.009479137715036001e-02
1.034698037867929216e-01
1.183711171051288480e-01
9.940529292179921261e-02
8.473807979951603064e-02
1.228088152196494254e-01
9.967593866953108894e-02
1.002385623387646030e-01
1.230887177553294382e-01
1.327729001985099855e-01
6.834107146433861246e-02
7.031173105144437885e-02
7.463511534852944329e-02
7.344038676156665335e-02
9.425292552032843441e-02
9.951678438868029331e-02
1.171948808032230727e-01
1.084639875400264242e-01
7.729303080660211711e-02
6.730519583009914042e-02
1.048747116700744775e-01
9.081856846649788428e-02
8.012060550566799111e-02
9.963309311980231286e-02
1.160742830063434816e-01
1.278902961011059713e-01
6.025542019636344337e-02
8.974174618918184798e-02
8.820644864991344924e-02
1.080707767556887966e-01
4.196423719053213319e-02
8.025278952797298970e-02
1.021309319542816896e-01
8.357974049972531627e-02
5.865692872433531796e-02
6.656277175434187343e-02
7.164892020326850408e-02
8.481042174871501749e-02
5.879935931275434569e-02
1.164637498197044624e-01
6.439129746086830197e-02
8.624445590522165916e-02
9.673193231410462389e-02
9.199593734295960501e-02
1.248031627649861808e-01
9.870500331700531038e-02
6.661608293773813028e-02
7.197447124587261214e-02
7.851348184807925568e-02
7.438738493611085634e-02
1.048424203247629444e-01
1.108906575267447764e-01
9.515163637945628361e-02
8.816539258635502918e-02
9.268691384526797639e-02
7.260146587851035171e-02
6.179030480456182417e-02
1.069628650885260102e-01
8.793773585060181419e-02
1.232749726990713113e-01
9.432963011839590184e-02
5.592551726838057569e-02
8.419664132378727739e-02
1.030431630090413719e-01
8.073425186349071636e-02
9.610509426724994642e-02
1.068228045057652981e-01
1.309780728057760024e-01
1.177725518071905675e-01
5.761850121069908570e-02
7.286038310415457464e-02
9.254047728325498490e-02
1.357752608009557549e-01
7.879974278603259219e-02
1.238392385427445203e-01
9.881598620483229845e-02
5.803860916335091408e-02
5.838761175679595822e-02
7.874207105366175241e-02
1.083477681263129572e-01
7.672912639705176119e-02
9.501991491072493690e-02
6.778086195864616026e-02
9.060737828109018122e-02
7.046637426958227146e-02
8.459165797077099203e-02
5.607140949328057178e-02
1.065901507004506366e-01
1.470110531231342554e-01
1.121448138467545652e-01
8.001897250044208432e-02
1.401715534298848542e-01
1.145200697527778977e-01
9.790119363304101985e-02
9.711950798087751191e-02
7.436356404193350533e-02
1.062306999467012014e-01
5.695376421132852113e-02
1.074090704018390574e-01
9.220596483612571170e-02
6.205525244098475390e-02
1.149694680876468672e-01
1.130330010564441212e-01
1.017994421390204240e-01
9.175394925883489927e-02
7.196783405823921342e-02
1.013903507545004662e-01
6.390293817305149615e-02
8.263761836118435622e-02
7.926669783386181001e-02
1.305257588545271075e-01
8.533393552725554443e-02
7.812576562055470464e-02
6.401177441461211592e-02
8.423677221794032000e-02
1.321831147742434931e-01
6.262133261835957365e-02
8.824614938682343035e-02
7.184793708152895086e-02
1.428320510946214372e-01
1.023971556531349802e-01
7.423474055148313044e-02
8.821801170185016028e-02
8.420081205537696678e-02
6.434407231647744363e-02
1.121034684317699648e-01
5.715119874279220302e-02
1.191012946112142284e-01
1.266259119924576237e-01
1.324289129376950425e-01
5.956690287638656545e-02
7.489061839643454399e-02
8.937480845886441871e-02
1.021406503242794084e-01
1.113883143610605586e-01
1.210641377298306287e-01
1.057345664228275944e-01
9.871463007680761348e-02
7.456687639513429056e-02
9.851341727777875035e-02
7.761086954830577478e-02
9.666168061786334365e-02
8.941325275604436462e-02
8.826460753592328679e-02
7.891713936233937798e-02
1.017046000919581694e-01
1.432805293193402107e-01
1.058924247709161909e-01
6.954854101795922283e-02
8.202594378052435742e-02
1.410176040968380839e-01
1.189348105738892020e-01
1.029654169146673459e-01
7.297114986835363803e-02
8.751608743515384981e-02
1.079513006947079995e-01
1.014444466223046182e-01
6.020590830746588851e-02
1.146013365038597159e-01
7.208628443371696559e-02
7.206485570402174079e-02
7.492229772340201766e-02
1.003151304790883130e-01
7.097961083150305939e-02
7.061680722411564637e-02
6.414327088076932082e-02
8.856024967307821183e-02
1.249514196666365318e-01
1.149271221663729359e-01
7.684196315397530397e-02
9.010531738558166803e-02
8.439085746621155515e-02
1.128764134686145587e-01
8.951727426478732486e-02
1.458503721804663700e-01
9.303854571952170638e-02
7.835706834368989793e-02
1.101171372761542144e-01
1.117085794906369361e-01
8.986370022046796802e-02
1.265154180812366469e-01
8.632584904479910504e-02
7.266292035575340480e-02
9.931039173686696808e-02
1.304434001974454915e-01
7.764437496386959736e-02
1.017806519680278105e-01
1.146912838307840854e-01
1.099965043092598072e-01
1.062189657266919135e-01
7.656106104013064850e-02
1.019843760385557296e-01
1.196198563203660914e-01
7.366686309780563768e-02
1.073825734104565804e-01
7.474813542992375659e-02
1.602630585888931147e-01
9.846537282825740256e-02
4.198939929022230122e-02
4.351955153743387872e-02
8.492545490310232648e-02
9.797574971195263660e-02
8.139215712331672459e-02
6.706572739297783636e-02
1.394620971549090371e-01
1.076071920921503056e-01
8.343146271674969916e-02
9.710518512847303441e-02
1.161225316524127082e-01
1.448895688874229370e-01
1.088981487419641014e-01
8.804432139111620370e-02
9.096268776781769871e-02
9.085985813492461483e-02
9.105077879336251345e-02
7.260213426177462848e-02
1.009373673087033962e-01
7.219822103450267148e-02
8.220510330652860964e-02
8.587036134419862021e-02
1.116419864981103710e-01
6.760285375085575699e-02
8.642053363380169939e-02
5.953223486234412304e-02
8.562302716184352902e-02
1.303006159306649980e-01
7.163668873241649249e-02
7.625419286417423059e-02
1.456555933570443939e-01
1.031917028453399610e-01
6.916280530234844570e-02
8.399464457033747888e-02
1.183283154058201864e-01
5.768808932342759516e-02
9.970740002228971333e-02
7.966101559329877291e-02
9.856774098933507311e-02
9.925662270505072882e-02
7.909315828824259320e-02
8.779545593373601353e-02
8.240265580109260024e-02
7.527340624286625592e-02
1.021561080698330931e-01
1.092141879237505803e-01
9.215032583340340699e-02
1.509587182938569028e-01
7.869385829635540397e-02
7.645356889945062462e-02
8.271140683957493855e-02
6.007043926715543991e-02
8.678083595664991268e-02
7.230044336078890466e-02
1.056863462713089064e-01
7.353987409116123641e-02
1.008941427013150399e-01
1.089122234657962929e-01
1.255328699282430016e-01
1.083494315744078645e-01
9.820114166549508139e-02
1.053527604655288274e-01
8.493796367346230503e-02
1.057080678269967794e-01
9.619497766709256270e-02
8.474172360981259422e-02
9.832732260175842953e-02
1.297208678151463013e-01
1.106735698167087001e-01
7.908484626433220921e-02
1.088234332184357944e-01
1.238388372697649953e-01
1.413668603949355673e-01
1.233361148828319293e-01
9.438030695909460643e-02
1.047225357538690560e-01
1.089788707762925080e-01
7.627947573056627351e-02
8.168310051766296265e-02
8.214716940575776671e-02
8.319036764464303457e-02
7.946804765616782840e-02
6.478611381708473949e-02
6.944524133142840339e-02
1.076140696349203313e-01
8.125927000812130374e-02
9.381263689859500876e-02
1.113351747516982682e-01
8.218678327541384387e-02
9.715734685428033257e-02
1.135217038720546662e-01
6.343272335298388853e-02
8.953492696812642704e-02
4.562660831834736835e-02
9.073607769210258189e-02
1.081793014086407656e-01
6.113075657142166830e-02
6.332542551509937057e-02
4.622317123702127800e-02
9.998810083653628111e-02
7.446138410972513721e-02
8.668195670581428647e-02
7.221283128566535758e-02
9.396821933147081474e-02
1.001805085690662678e-01
6.606144827699073074e-02
8.207200936318904960e-02
1.104122686637259154e-01
1.368564827674539630e-01
1.126701233725455331e-01
7.290066980243303796e-02
9.340058097477800525e-02
9.789825999282482372e-02
1.375789224935324295e-01
9.947614312916872037e-02
1.392223470069213487e-01
1.391491964126348457e-01
9.317340537108735610e-02
9.701457012356688725e-02
9.233744406212217315e-02
1.414100974222899099e-01
7.264902256876383524e-02
7.421521319700424835e-02
9.810819135596705876e-02
8.625508988692677514e-02
1.274424780223297193e-01
1.064609265159998513e-01
1.199097024403708994e-01
5.380572438083332937e-02
7.558773617097894193e-02
9.254143363899616781e-02
7.736898450197625399e-02
8.989022029974319539e-02
1.164896252319485015e-01
8.466326315263851543e-02
9.446010704767104915e-02
7.526377549446913728e-02
9.002938898155218861e-02
1.143663078314826470e-01
1.221428623468913816e-01
1.418693375116613087e-01
9.265634346028600588e-02
1.460479183715321927e-01
7.616813335247155092e-02
1.315069790275562311e-01
1.132566501627224609e-01
1.285162045567576905e-01
1.261342130151985597e-01
9.049984939411766238e-02
7.127373976340871387e-02
9.527625070887420222e-02
1.039554194878165583e-01
9.640741169133240640e-02
1.259272524471539700e-01
1.465786845489152057e-01
7.678995714033935716e-02
1.044236966443045228e-01
7.044055373071862747e-02
8.291883200084308736e-02
9.581186512804809596e-02
8.062840099220076884e-02
7.895016984491257106e-02
1.308329368928634329e-01
8.660193159572554533e-02
7.529141243769398029e-02
9.636265080890821233e-02
8.137646464925803180e-02
9.110667858152915466e-02
1.103271724616946975e-01
8.598101499556821958e-02
1.088528557769080363e-01
8.487650254233324032e-02
8.888680329260180424e-02
9.081822633789302102e-02
7.400701544360432926e-02
9.636899888360818400e-02
9.303215371729769978e-02
8.116357065857031372e-02
5.874315824253507207e-02
4.212029953131207760e-02
7.042925217677976912e-02
8.670798297011060585e-02
8.102362489230149900e-02
7.972734558195977705e-02
1.111209711264132538e-01
1.355591214009664036e-01
8.126931396187736523e-02
1.148898530062690271e-01
6.551706677252296107e-02
9.472980946942582969e-02
8.178530690674187809e-02
1.019247140693486237e-01
9.563758980774599017e-02
7.711539750817913985e-02
1.452708092636069148e-01
7.905291530120212018e-02
9.708279145547979438e-02
7.849277703258268624e-02
1.191130067728847913e-01
1.111091573262628640e-01
1.438022795860538217e-01
7.036255018378946569e-02
1.145902659897426457e-01
8.374812939795123201e-02
1.113517195636295476e-01
1.591177015996876609e-01
7.621207512718192190e-02
1.214213469364697762e-01
1.285174069643427175e-01
7.308838818153302885e-02
1.625053329047287387e-01
1.169101731285965562e-01
8.820400680870260635e-02
6.071500625326636813e-02
5.497965123310513680e-02
9.719307730315902838e-02
1.158085397598428434e-01
9.666000455651310719e-02
9.963540948977481215e-02
5.525844605656743402e-02
1.007093307512027802e-01
1.599568938531555073e-01
9.602096141239856164e-02
1.069645772598690481e-01
1.038673065242036453e-01
5.579469549174140286e-02
1.111702144357460120e-01
1.270340781501296257e-01
1.266457970267250988e-01
1.104455161098878979e-01
9.791462780057340332e-02
9.803202694409182683e-02
7.309763382175379909e-02
1.123627972202126540e-01
2.143280108991504340e-01
1.064427154822055049e-01
1.220386491400732853e-01
1.041972385947813745e-01
1.103069547116553722e-01
8.231373879657030712e-02
8.024676774400640866e-02
1.407323898791336680e-01
1.092672444916560903e-01
1.538879992514145256e-01
1.012941835889872022e-01
7.743226286022313054e-02
1.328004213353730090e-01
1.279850169978210550e-01
8.629532450946546251e-02
1.475898336422462320e-01
1.243638092405634221e-01
8.722409534929183306e-02
6.929542516737088875e-02
9.258544429067147585e-02
7.998442914705908291e-02
1.082261077002776850e-01
9.686306606992713120e-02
1.376498996464305680e-01
1.122343924683536220e-01
8.850195515462676299e-02
1.099910485717609104e-01
1.152929768168785840e-01
1.793625048974944736e-01
1.307524019990153885e-01
7.339334045410360330e-02
1.460418168097475933e-01
1.020601459838885311e-01
1.108625921545175197e-01
1.141773268192025625e-01
1.204886016029842744e-01
1.033806534798438620e-01
1.415147362645337581e-01
1.160468739194813886e-01
1.324471436460807339e-01
1.232326234470908499e-01
1.517728182721090335e-01
1.374668387871951503e-01
1.152861651892608807e-01
1.347159065030649472e-01
1.027348793615101008e-01
1.510995342319022827e-01
1.246625322503580324e-01
1.194522025543524463e-01
1.702182022249308369e-01
1.659809017760422167e-01
1.525936747229864610e-01
1.107377226620818028e-01
1.969920427550081177e-01
1.128319637561481931e-01
1.440288181008956836e-01
1.298883073001168009e-01
1.129987369339948283e-01
1.146942829424742460e-01
1.254029104267230799e-01
1.150407629139670734e-01
1.168784470504016515e-01
1.303964246951739014e-01
1.171452072163638863e-01
1.167737538581023471e-01
1.470978284075057929e-01
8.670479047247324489e-02
7.390400446007215629e-02
8.203450585736267453e-02
9.114683651012049637e-02
9.061355046332630891e-02
1.170819722179486655e-01
1.047649943178123322e-01
1.125802675916274115e-01
1.482584539789428002e-01
1.186635085447441534e-01
7.322605638376196435e-02
1.143309593959951492e-01
9.966273118681724663e-02
1.050002339134585849e-01
1.284115259819597898e-01
1.174868660245883961e-01
1.672074972974889329e-01
1.305756911554424027e-01
1.110126331701840469e-01
1.424582338974096363e-01
1.206208760976758831e-01
1.073553451256197000e-01
1.389686087437465856e-01
1.176400846233700281e-01
1.350925603175449352e-01
1.146349568913748174e-01
1.081471754117842021e-01
1.230479270950606274e-01
7.146125679529355401e-02
7.782701076027653819e-02
1.082758911670132912e-01
1.339895974091008524e-01
1.139906365180449466e-01
1.383617824523684925e-01
1.100852431830790373e-01
1.052308854902342661e-01
9.368212135016940056e-02
9.012034435152480039e-02
6.118818290794385967e-02
1.617660360727248559e-01
1.073922644840589191e-01
7.177562407662876898e-02
1.398027730173607708e-01
1.877683278546867784e-01
1.388310499687370470e-01
1.527099746572070926e-01
1.032956947601715580e-01
1.279162985892618731e-01
1.593675816320817840e-01
7.458178323398392817e-02
1.298636509744545975e-01
1.048248445935429513e-01
9.786383937789384924e-02
9.823544561195687863e-02
1.091375207164436839e-01
1.154103631759046400e-01
7.118991420778135459e-02
1.052083019427518390e-01
1.110050544780653708e-01
1.557828519724044625e-01
8.736776553919807509e-02
1.161285180505644138e-01
