1.100000000000000089e+00
1.399999999999999911e+00
1.800000000000000044e+00
2.200000000000000178e+00
2.299999999999999822e+00
2.299999999999999822e+00
2.399999999999999911e+00
2.700000000000000178e+00
3.000000000000000000e+00
3.000000000000000000e+00
3.100000000000000089e+00
3.299999999999999822e+00
3.399999999999999911e+00
3.600000000000000089e+00
3.600000000000000089e+00
3.700000000000000178e+00
3.700000000000000178e+00
4.099999999999999645e+00
4.200000000000000178e+00
4.400000000000000355e+00
4.500000000000000000e+00
4.500000000000000000e+00
4.500000000000000000e+00
4.700000000000000178e+00
4.799999999999999822e+00
4.799999999999999822e+00
4.799999999999999822e+00
4.900000000000000355e+00
5.000000000000000000e+00
5.099999999999999645e+00
5.299999999999999822e+00
5.299999999999999822e+00
5.400000000000000355e+00
5.799999999999999822e+00
5.799999999999999822e+00
6.000000000000000000e+00
6.000000000000000000e+00
6.000000000000000000e+00
6.099999999999999645e+00
6.099999999999999645e+00
6.299999999999999822e+00
6.500000000000000000e+00
6.700000000000000178e+00
6.700000000000000178e+00
6.700000000000000178e+00
7.099999999999999645e+00
7.099999999999999645e+00
7.299999999999999822e+00
7.500000000000000000e+00
7.799999999999999822e+00
7.799999999999999822e+00
7.900000000000000355e+00
7.900000000000000355e+00
8.300000000000000711e+00
1.319999999999999929e+01
1.359999999999999964e+01
1.409999999999999964e+01
1.409999999999999964e+01
1.450000000000000000e+01
1.480000000000000071e+01
1.500000000000000000e+01
1.689999999999999858e+01
1.819999999999999929e+01
1.819999999999999929e+01
