# 1: Time step number
# 2: Time (years)
# 3: Time step size (years)
# 4: Number of mesh cells
# 5: Number of Stokes degrees of freedom
# 6: Number of temperature degrees of freedom
# 7: Iterations for temperature solver
# 8: Iterations for Stokes solver
# 9: Velocity iterations in Stokes preconditioner
# 10: Schur complement iterations in Stokes preconditioner
# 11: RMS velocity (m/year)
# 12: Max. velocity (m/year)
# 13: Visualization file name
  0 0.000000000000e+00 0.000000000000e+00 768 7235 3201  0 8 9 9 1.03500075e-08 5.02851969e-08 outputs/V1e27_D10000_G12/solution/solution-00000 
  1 1.392571516413e+09 1.392571516413e+09 768 7235 3201 32 8 9 9 8.35986724e-09 2.73147448e-08 outputs/V1e27_D10000_G12/solution/solution-00001 
  2 2.785143032825e+09 1.392571516413e+09 768 7235 3201 26 8 9 9 7.67770644e-09 1.39759518e-08 outputs/V1e27_D10000_G12/solution/solution-00002 
  3 4.177714549238e+09 1.392571516413e+09 768 7235 3201 25 8 9 9 7.44847411e-09 1.25640529e-08 outputs/V1e27_D10000_G12/solution/solution-00003 
  4 5.570286065650e+09 1.392571516413e+09 768 7235 3201 24 8 9 9 7.22125063e-09 1.22368549e-08 outputs/V1e27_D10000_G12/solution/solution-00004 
  5 6.962857582063e+09 1.392571516413e+09 768 7235 3201 23 8 9 9 6.98962028e-09 1.18849726e-08 outputs/V1e27_D10000_G12/solution/solution-00005 
  6 8.355429098476e+09 1.392571516413e+09 768 7235 3201 23 8 9 9 6.75076936e-09 1.15137840e-08 outputs/V1e27_D10000_G12/solution/solution-00006 
  7 9.748000614888e+09 1.392571516413e+09 768 7235 3201 22 8 9 9 6.50668924e-09 1.11284429e-08 outputs/V1e27_D10000_G12/solution/solution-00007 
  8 1.114057213130e+10 1.392571516413e+09 768 7235 3201 22 8 9 9 6.26002446e-09 1.07336706e-08 outputs/V1e27_D10000_G12/solution/solution-00008 
  9 1.253314364771e+10 1.392571516413e+09 768 7235 3201 21 8 9 9 6.01316357e-09 1.03336772e-08 outputs/V1e27_D10000_G12/solution/solution-00009 
 10 1.392571516413e+10 1.392571516413e+09 768 7235 3201 21 8 9 9 5.76810871e-09 9.93214084e-09 outputs/V1e27_D10000_G12/solution/solution-00010 
 11 1.531828668054e+10 1.392571516413e+09 768 7235 3201 21 8 9 9 5.52648113e-09 9.53221522e-09 outputs/V1e27_D10000_G12/solution/solution-00011 
 12 1.671085819695e+10 1.392571516413e+09 768 7235 3201 21 8 9 9 5.28956136e-09 9.13655446e-09 outputs/V1e27_D10000_G12/solution/solution-00012 
 13 1.810342971336e+10 1.392571516413e+09 768 7235 3201 21 8 9 9 5.05833651e-09 8.74734851e-09 outputs/V1e27_D10000_G12/solution/solution-00013 
 14 1.949600122978e+10 1.392571516413e+09 768 7235 3201 21 8 9 9 4.83354619e-09 8.36636521e-09 outputs/V1e27_D10000_G12/solution/solution-00014 
 15 2.088857274619e+10 1.392571516413e+09 768 7235 3201 21 8 9 9 4.61572401e-09 7.99499582e-09 outputs/V1e27_D10000_G12/solution/solution-00015 
 16 2.228114426260e+10 1.392571516413e+09 768 7235 3201 20 8 9 9 4.40523394e-09 7.63430152e-09 outputs/V1e27_D10000_G12/solution/solution-00016 
 17 2.367371577901e+10 1.392571516413e+09 768 7235 3201 20 8 9 9 4.20230154e-09 7.28505876e-09 outputs/V1e27_D10000_G12/solution/solution-00017 
 18 2.506628729543e+10 1.392571516413e+09 768 7235 3201 20 8 9 9 4.00704047e-09 6.94780203e-09 outputs/V1e27_D10000_G12/solution/solution-00018 
 19 2.645885881184e+10 1.392571516413e+09 768 7235 3201 20 8 9 9 3.81947479e-09 6.62286298e-09 outputs/V1e27_D10000_G12/solution/solution-00019 
 20 2.785143032825e+10 1.392571516413e+09 768 7235 3201 20 8 9 9 3.63955752e-09 6.31040550e-09 outputs/V1e27_D10000_G12/solution/solution-00020 
 21 2.924400184466e+10 1.392571516413e+09 768 7235 3201 20 8 9 9 3.46718607e-09 6.01045647e-09 outputs/V1e27_D10000_G12/solution/solution-00021 
 22 3.063657336108e+10 1.392571516413e+09 768 7235 3201 20 8 9 9 3.30221497e-09 5.72293238e-09 outputs/V1e27_D10000_G12/solution/solution-00022 
 23 3.202914487749e+10 1.392571516413e+09 768 7235 3201 20 8 9 9 3.14446630e-09 5.44766201e-09 outputs/V1e27_D10000_G12/solution/solution-00023 
 24 3.342171639390e+10 1.392571516413e+09 768 7235 3201 20 8 9 9 2.99373817e-09 5.18440568e-09 outputs/V1e27_D10000_G12/solution/solution-00024 
 25 3.481428791032e+10 1.392571516413e+09 768 7235 3201 20 8 9 9 2.84981167e-09 4.93287126e-09 outputs/V1e27_D10000_G12/solution/solution-00025 
 26 3.620685942673e+10 1.392571516413e+09 768 7235 3201 20 8 9 9 2.71245645e-09 4.69272749e-09 outputs/V1e27_D10000_G12/solution/solution-00026 
 27 3.759943094314e+10 1.392571516413e+09 768 7235 3201 20 8 9 9 2.58143518e-09 4.46361506e-09 outputs/V1e27_D10000_G12/solution/solution-00027 
 28 3.899200245955e+10 1.392571516413e+09 768 7235 3201 20 8 9 9 2.45650716e-09 4.24515551e-09 outputs/V1e27_D10000_G12/solution/solution-00028 
 29 4.038457397597e+10 1.392571516413e+09 768 7235 3201 20 8 9 9 2.33743114e-09 4.03695859e-09 outputs/V1e27_D10000_G12/solution/solution-00029 
 30 4.177714549238e+10 1.392571516413e+09 768 7235 3201 20 8 9 9 2.22396752e-09 3.83862816e-09 outputs/V1e27_D10000_G12/solution/solution-00030 
 31 4.316971700879e+10 1.392571516413e+09 768 7235 3201 20 8 9 9 2.11588012e-09 3.64976687e-09 outputs/V1e27_D10000_G12/solution/solution-00031 
 32 4.456228852520e+10 1.392571516413e+09 768 7235 3201 19 8 9 9 2.01293747e-09 3.46997992e-09 outputs/V1e27_D10000_G12/solution/solution-00032 
 33 4.595486004162e+10 1.392571516413e+09 768 7235 3201 19 8 9 9 1.91491381e-09 3.29887797e-09 outputs/V1e27_D10000_G12/solution/solution-00033 
 34 4.734743155803e+10 1.392571516413e+09 768 7235 3201 19 8 9 9 1.82158981e-09 3.13607940e-09 outputs/V1e27_D10000_G12/solution/solution-00034 
 35 4.874000307444e+10 1.392571516413e+09 768 7235 3201 19 8 9 9 1.73275308e-09 2.98121200e-09 outputs/V1e27_D10000_G12/solution/solution-00035 
 36 5.013257459085e+10 1.392571516413e+09 768 7235 3201 19 8 9 9 1.64819848e-09 2.83391424e-09 outputs/V1e27_D10000_G12/solution/solution-00036 
 37 5.152514610727e+10 1.392571516413e+09 768 7235 3201 19 8 9 9 1.56772838e-09 2.69383617e-09 outputs/V1e27_D10000_G12/solution/solution-00037 
 38 5.291771762368e+10 1.392571516413e+09 768 7235 3201 19 8 9 9 1.49115268e-09 2.56064000e-09 outputs/V1e27_D10000_G12/solution/solution-00038 
 39 5.431028914009e+10 1.392571516413e+09 768 7235 3201 19 8 9 9 1.41828888e-09 2.43400047e-09 outputs/V1e27_D10000_G12/solution/solution-00039 
 40 5.570286065650e+10 1.392571516413e+09 768 7235 3201 19 8 9 9 1.34896196e-09 2.31360503e-09 outputs/V1e27_D10000_G12/solution/solution-00040 
 41 5.709543217292e+10 1.392571516413e+09 768 7235 3201 19 8 9 9 1.28300430e-09 2.19915386e-09 outputs/V1e27_D10000_G12/solution/solution-00041 
 42 5.848800368933e+10 1.392571516413e+09 768 7235 3201 19 8 9 9 1.22025552e-09 2.09035978e-09 outputs/V1e27_D10000_G12/solution/solution-00042 
 43 5.988057520574e+10 1.392571516413e+09 768 7235 3201 19 8 9 9 1.16056227e-09 1.98694803e-09 outputs/V1e27_D10000_G12/solution/solution-00043 
 44 6.127314672215e+10 1.392571516413e+09 768 7235 3201 19 8 9 9 1.10377808e-09 1.88865605e-09 outputs/V1e27_D10000_G12/solution/solution-00044 
 45 6.266571823857e+10 1.392571516413e+09 768 7235 3201 19 8 9 9 1.04976307e-09 1.79523317e-09 outputs/V1e27_D10000_G12/solution/solution-00045 
 46 6.405828975498e+10 1.392571516413e+09 768 7235 3201 19 8 9 9 9.98383800e-10 1.70644021e-09 outputs/V1e27_D10000_G12/solution/solution-00046 
 47 6.545086127139e+10 1.392571516413e+09 768 7235 3201 19 8 9 9 9.49512957e-10 1.62204916e-09 outputs/V1e27_D10000_G12/solution/solution-00047 
 48 6.684343278781e+10 1.392571516413e+09 768 7235 3201 19 8 9 9 9.03029172e-10 1.54184275e-09 outputs/V1e27_D10000_G12/solution/solution-00048 
 49 6.823600430422e+10 1.392571516413e+09 768 7235 3201 19 8 9 9 8.58816758e-10 1.46561407e-09 outputs/V1e27_D10000_G12/solution/solution-00049 
 50 6.962857582063e+10 1.392571516413e+09 768 7235 3201 19 8 9 9 8.16765485e-10 1.39316613e-09 outputs/V1e27_D10000_G12/solution/solution-00050 
 51 7.102114733704e+10 1.392571516413e+09 768 7235 3201 19 8 9 9 7.76770346e-10 1.32431147e-09 outputs/V1e27_D10000_G12/solution/solution-00051 
 52 7.241371885346e+10 1.392571516413e+09 768 7235 3201 19 8 9 9 7.38731330e-10 1.25887174e-09 outputs/V1e27_D10000_G12/solution/solution-00052 
 53 7.380629036987e+10 1.392571516413e+09 768 7235 3201 19 8 9 9 7.02553203e-10 1.19667733e-09 outputs/V1e27_D10000_G12/solution/solution-00053 
 54 7.519886188628e+10 1.392571516413e+09 768 7235 3201 19 8 9 9 6.68145297e-10 1.13756692e-09 outputs/V1e27_D10000_G12/solution/solution-00054 
 55 7.659143340269e+10 1.392571516413e+09 768 7235 3201 19 8 9 9 6.35421299e-10 1.08138717e-09 outputs/V1e27_D10000_G12/solution/solution-00055 
 56 7.798400491911e+10 1.392571516413e+09 768 7235 3201 19 8 9 9 6.04299055e-10 1.02799230e-09 outputs/V1e27_D10000_G12/solution/solution-00056 
 57 7.937657643552e+10 1.392571516413e+09 768 7235 3201 19 8 9 9 5.74700379e-10 9.77243756e-10 outputs/V1e27_D10000_G12/solution/solution-00057 
 58 8.076914795193e+10 1.392571516413e+09 768 7235 3201 19 8 9 9 5.46550863e-10 9.29009862e-10 outputs/V1e27_D10000_G12/solution/solution-00058 
 59 8.216171946834e+10 1.392571516413e+09 768 7235 3201 19 8 9 9 5.19779706e-10 8.83165486e-10 outputs/V1e27_D10000_G12/solution/solution-00059 
 60 8.355429098476e+10 1.392571516413e+09 768 7235 3201 19 8 9 9 4.94319540e-10 8.39591725e-10 outputs/V1e27_D10000_G12/solution/solution-00060 
 61 8.494686250117e+10 1.392571516413e+09 768 7235 3201 19 8 9 9 4.70106271e-10 7.98175604e-10 outputs/V1e27_D10000_G12/solution/solution-00061 
 62 8.633943401758e+10 1.392571516413e+09 768 7235 3201 19 8 9 9 4.47078920e-10 7.58809781e-10 outputs/V1e27_D10000_G12/solution/solution-00062 
 63 8.773200553399e+10 1.392571516413e+09 768 7235 3201 19 8 9 9 4.25179474e-10 7.21392274e-10 outputs/V1e27_D10000_G12/solution/solution-00063 
 64 8.912457705041e+10 1.392571516413e+09 768 7235 3201 19 8 9 9 4.04352749e-10 6.85826192e-10 outputs/V1e27_D10000_G12/solution/solution-00064 
 65 9.051714856682e+10 1.392571516413e+09 768 7235 3201 19 8 9 9 3.84546249e-10 6.52019487e-10 outputs/V1e27_D10000_G12/solution/solution-00065 
 66 9.190972008323e+10 1.392571516413e+09 768 7235 3201 19 8 9 9 3.65710036e-10 6.19884705e-10 outputs/V1e27_D10000_G12/solution/solution-00066 
 67 9.330229159964e+10 1.392571516413e+09 768 7235 3201 19 8 9 9 3.47796614e-10 5.89338766e-10 outputs/V1e27_D10000_G12/solution/solution-00067 
 68 9.469486311606e+10 1.392571516413e+09 768 7235 3201 19 8 9 9 3.30760802e-10 5.60302741e-10 outputs/V1e27_D10000_G12/solution/solution-00068 
 69 9.608743463247e+10 1.392571516413e+09 768 7235 3201 19 8 9 9 3.14559626e-10 5.32701643e-10 outputs/V1e27_D10000_G12/solution/solution-00069 
 70 9.748000614888e+10 1.392571516413e+09 768 7235 3201 18 8 9 9 2.99152213e-10 5.06464230e-10 outputs/V1e27_D10000_G12/solution/solution-00070 
 71 9.887257766530e+10 1.392571516413e+09 768 7235 3201 18 8 9 9 2.84499687e-10 4.81522821e-10 outputs/V1e27_D10000_G12/solution/solution-00071 
 72 1.002651491817e+11 1.392571516413e+09 768 7235 3201 18 8 9 9 2.70565075e-10 4.57813116e-10 outputs/V1e27_D10000_G12/solution/solution-00072 
 73 1.016577206981e+11 1.392571516413e+09 768 7235 3201 18 8 9 9 2.57313211e-10 4.35274023e-10 outputs/V1e27_D10000_G12/solution/solution-00073 
 74 1.030502922145e+11 1.392571516413e+09 768 7235 3201 18 8 9 9 2.44710649e-10 4.13847499e-10 outputs/V1e27_D10000_G12/solution/solution-00074 
 75 1.044428637309e+11 1.392571516413e+09 768 7235 3201 18 8 9 9 2.32725579e-10 3.93478396e-10 outputs/V1e27_D10000_G12/solution/solution-00075 
 76 1.058354352474e+11 1.392571516413e+09 768 7235 3201 18 8 9 9 2.21327749e-10 3.74114316e-10 outputs/V1e27_D10000_G12/solution/solution-00076 
 77 1.072280067638e+11 1.392571516413e+09 768 7235 3201 18 8 9 9 2.10488387e-10 3.55705475e-10 outputs/V1e27_D10000_G12/solution/solution-00077 
 78 1.086205782802e+11 1.392571516413e+09 768 7235 3201 18 8 9 9 2.00180129e-10 3.38204569e-10 outputs/V1e27_D10000_G12/solution/solution-00078 
 79 1.100131497966e+11 1.392571516413e+09 768 7235 3201 18 8 9 9 1.90376953e-10 3.21566648e-10 outputs/V1e27_D10000_G12/solution/solution-00079 
 80 1.114057213130e+11 1.392571516413e+09 768 7235 3201 18 8 9 9 1.81054109e-10 3.05749003e-10 outputs/V1e27_D10000_G12/solution/solution-00080 
 81 1.127982928294e+11 1.392571516413e+09 768 7235 3201 18 8 9 9 1.72188059e-10 2.90711049e-10 outputs/V1e27_D10000_G12/solution/solution-00081 
 82 1.141908643458e+11 1.392571516413e+09 768 7235 3201 18 8 9 9 1.63756420e-10 2.76414222e-10 outputs/V1e27_D10000_G12/solution/solution-00082 
 83 1.155834358622e+11 1.392571516413e+09 768 7235 3201 18 8 9 9 1.55737903e-10 2.62821873e-10 outputs/V1e27_D10000_G12/solution/solution-00083 
 84 1.169760073787e+11 1.392571516413e+09 768 7235 3201 18 8 9 9 1.48112264e-10 2.49899178e-10 outputs/V1e27_D10000_G12/solution/solution-00084 
 85 1.183685788951e+11 1.392571516413e+09 768 7235 3201 18 8 9 9 1.40860248e-10 2.37613040e-10 outputs/V1e27_D10000_G12/solution/solution-00085 
 86 1.197611504115e+11 1.392571516413e+09 768 7235 3201 18 8 9 9 1.33963547e-10 2.25932008e-10 outputs/V1e27_D10000_G12/solution/solution-00086 
 87 1.211537219279e+11 1.392571516413e+09 768 7235 3201 18 8 9 9 1.27404747e-10 2.14826193e-10 outputs/V1e27_D10000_G12/solution/solution-00087 
 88 1.225462934443e+11 1.392571516413e+09 768 7235 3201 18 8 9 9 1.21167289e-10 2.04267188e-10 outputs/V1e27_D10000_G12/solution/solution-00088 
 89 1.239388649607e+11 1.392571516413e+09 768 7235 3201 18 8 9 9 1.15235423e-10 1.94227997e-10 outputs/V1e27_D10000_G12/solution/solution-00089 
 90 1.253314364771e+11 1.392571516413e+09 768 7235 3201 18 8 9 9 1.09594175e-10 1.84682960e-10 outputs/V1e27_D10000_G12/solution/solution-00090 
 91 1.267240079935e+11 1.392571516413e+09 768 7235 3201 18 8 9 9 1.04229300e-10 1.75607692e-10 outputs/V1e27_D10000_G12/solution/solution-00091 
 92 1.281165795100e+11 1.392571516413e+09 768 7235 3201 18 8 9 9 9.91272556e-11 1.66979015e-10 outputs/V1e27_D10000_G12/solution/solution-00092 
 93 1.295091510264e+11 1.392571516413e+09 768 7235 3201 18 8 9 9 9.42751593e-11 1.58774901e-10 outputs/V1e27_D10000_G12/solution/solution-00093 
 94 1.309017225428e+11 1.392571516413e+09 768 7235 3201 18 8 9 9 8.96607620e-11 1.50974409e-10 outputs/V1e27_D10000_G12/solution/solution-00094 
 95 1.322942940592e+11 1.392571516413e+09 768 7235 3201 18 8 9 9 8.52724146e-11 1.43557640e-10 outputs/V1e27_D10000_G12/solution/solution-00095 
 96 1.336868655756e+11 1.392571516413e+09 768 7235 3201 18 8 9 9 8.10990388e-11 1.36505675e-10 outputs/V1e27_D10000_G12/solution/solution-00096 
 97 1.350794370920e+11 1.392571516413e+09 768 7235 3201 18 8 9 9 7.71300993e-11 1.29800533e-10 outputs/V1e27_D10000_G12/solution/solution-00097 
 98 1.364720086084e+11 1.392571516413e+09 768 7235 3201 18 8 9 9 7.33555771e-11 1.23425125e-10 outputs/V1e27_D10000_G12/solution/solution-00098 
 99 1.378645801248e+11 1.392571516413e+09 768 7235 3201 18 8 9 9 6.97659442e-11 1.17363202e-10 outputs/V1e27_D10000_G12/solution/solution-00099 
100 1.392571516413e+11 1.392571516413e+09 768 7235 3201 17 8 9 9 6.63521384e-11 1.11599318e-10 outputs/V1e27_D10000_G12/solution/solution-00100 
