# 1: Time step number
# 2: Time (years)
# 3: Time step size (years)
# 4: Number of mesh cells
# 5: Number of Stokes degrees of freedom
# 6: Number of temperature degrees of freedom
# 7: Iterations for temperature solver
# 8: Iterations for Stokes solver
# 9: Velocity iterations in Stokes preconditioner
# 10: Schur complement iterations in Stokes preconditioner
# 11: RMS velocity (m/year)
# 12: Max. velocity (m/year)
# 13: Visualization file name
  0 0.000000000000e+00 0.000000000000e+00 768 7235 3201  0 8 9 9 4.01597322e-09 7.14481850e-09 outputs/V3.3e26_D10_G2/solution/solution-00000 
  1 1.392571516413e+09 1.392571516413e+09 768 7235 3201 32 8 9 9 3.79828035e-09 6.42043494e-09 outputs/V3.3e26_D10_G2/solution/solution-00001 
  2 2.785143032825e+09 1.392571516413e+09 768 7235 3201 25 8 9 9 3.59807564e-09 6.07130064e-09 outputs/V3.3e26_D10_G2/solution/solution-00002 
  3 4.177714549238e+09 1.392571516413e+09 768 7235 3201 24 8 9 9 3.41070118e-09 5.75656824e-09 outputs/V3.3e26_D10_G2/solution/solution-00003 
  4 5.570286065650e+09 1.392571516413e+09 768 7235 3201 23 8 9 9 3.23339715e-09 5.45854215e-09 outputs/V3.3e26_D10_G2/solution/solution-00004 
  5 6.962857582063e+09 1.392571516413e+09 768 7235 3201 23 8 9 9 3.06574147e-09 5.17654879e-09 outputs/V3.3e26_D10_G2/solution/solution-00005 
  6 8.355429098476e+09 1.392571516413e+09 768 7235 3201 22 8 9 9 2.90717128e-09 4.90968753e-09 outputs/V3.3e26_D10_G2/solution/solution-00006 
  7 9.748000614888e+09 1.392571516413e+09 768 7235 3201 21 8 9 9 2.75713882e-09 4.65705249e-09 outputs/V3.3e26_D10_G2/solution/solution-00007 
  8 1.114057213130e+10 1.392571516413e+09 768 7235 3201 21 8 9 9 2.61512845e-09 4.41779278e-09 outputs/V3.3e26_D10_G2/solution/solution-00008 
  9 1.253314364771e+10 1.392571516413e+09 768 7235 3201 21 8 9 9 2.48066138e-09 4.19112270e-09 outputs/V3.3e26_D10_G2/solution/solution-00009 
 10 1.392571516413e+10 1.392571516413e+09 768 7235 3201 20 8 9 9 2.35329490e-09 3.97631789e-09 outputs/V3.3e26_D10_G2/solution/solution-00010 
 11 1.531828668054e+10 1.392571516413e+09 768 7235 3201 20 8 9 9 2.23261942e-09 3.77270858e-09 outputs/V3.3e26_D10_G2/solution/solution-00011 
 12 1.671085819695e+10 1.392571516413e+09 768 7235 3201 20 8 9 9 2.11825514e-09 3.57967311e-09 outputs/V3.3e26_D10_G2/solution/solution-00012 
 13 1.810342971336e+10 1.392571516413e+09 768 7235 3201 20 8 9 9 2.00984898e-09 3.39663241e-09 outputs/V3.3e26_D10_G2/solution/solution-00013 
 14 1.949600122978e+10 1.392571516413e+09 768 7235 3201 20 8 9 9 1.90707182e-09 3.22304536e-09 outputs/V3.3e26_D10_G2/solution/solution-00014 
 15 2.088857274619e+10 1.392571516413e+09 768 7235 3201 20 8 9 9 1.80961616e-09 3.05840504e-09 outputs/V3.3e26_D10_G2/solution/solution-00015 
 16 2.228114426260e+10 1.392571516413e+09 768 7235 3201 19 8 9 9 1.71719415e-09 2.90223556e-09 outputs/V3.3e26_D10_G2/solution/solution-00016 
 17 2.367371577901e+10 1.392571516413e+09 768 7235 3201 19 8 9 9 1.62953575e-09 2.75408932e-09 outputs/V3.3e26_D10_G2/solution/solution-00017 
 18 2.506628729543e+10 1.392571516413e+09 768 7235 3201 19 8 9 9 1.54638731e-09 2.61354479e-09 outputs/V3.3e26_D10_G2/solution/solution-00018 
 19 2.645885881184e+10 1.392571516413e+09 768 7235 3201 19 8 9 9 1.46751018e-09 2.48020442e-09 outputs/V3.3e26_D10_G2/solution/solution-00019 
 20 2.785143032825e+10 1.392571516413e+09 768 7235 3201 19 8 9 9 1.39267958e-09 2.35369299e-09 outputs/V3.3e26_D10_G2/solution/solution-00020 
 21 2.924400184466e+10 1.392571516413e+09 768 7235 3201 19 8 9 9 1.32168355e-09 2.23365596e-09 outputs/V3.3e26_D10_G2/solution/solution-00021 
 22 3.063657336108e+10 1.392571516413e+09 768 7235 3201 19 8 9 9 1.25432206e-09 2.11975818e-09 outputs/V3.3e26_D10_G2/solution/solution-00022 
 23 3.202914487749e+10 1.392571516413e+09 768 7235 3201 19 8 9 9 1.19040617e-09 2.01168257e-09 outputs/V3.3e26_D10_G2/solution/solution-00023 
 24 3.342171639390e+10 1.392571516413e+09 768 7235 3201 19 8 9 9 1.12975730e-09 1.90912905e-09 outputs/V3.3e26_D10_G2/solution/solution-00024 
 25 3.481428791032e+10 1.392571516413e+09 768 7235 3201 19 8 9 9 1.07220656e-09 1.81181345e-09 outputs/V3.3e26_D10_G2/solution/solution-00025 
 26 3.620685942673e+10 1.392571516413e+09 768 7235 3201 18 8 9 9 1.01759416e-09 1.71946666e-09 outputs/V3.3e26_D10_G2/solution/solution-00026 
 27 3.759943094314e+10 1.392571516413e+09 768 7235 3201 18 8 9 9 9.65768822e-10 1.63183364e-09 outputs/V3.3e26_D10_G2/solution/solution-00027 
 28 3.899200245955e+10 1.392571516413e+09 768 7235 3201 18 8 9 9 9.16587297e-10 1.54867272e-09 outputs/V3.3e26_D10_G2/solution/solution-00028 
 29 4.038457397597e+10 1.392571516413e+09 768 7235 3201 18 8 9 9 8.69913891e-10 1.46975480e-09 outputs/V3.3e26_D10_G2/solution/solution-00029 
 30 4.177714549238e+10 1.392571516413e+09 768 7235 3201 18 8 9 9 8.25620029e-10 1.39486270e-09 outputs/V3.3e26_D10_G2/solution/solution-00030 
 31 4.316971700879e+10 1.392571516413e+09 768 7235 3201 18 8 9 9 7.83583852e-10 1.32379045e-09 outputs/V3.3e26_D10_G2/solution/solution-00031 
 32 4.456228852520e+10 1.392571516413e+09 768 7235 3201 18 8 9 9 7.43689843e-10 1.25634273e-09 outputs/V3.3e26_D10_G2/solution/solution-00032 
 33 4.595486004162e+10 1.392571516413e+09 768 7235 3201 18 8 9 9 7.05828478e-10 1.19233429e-09 outputs/V3.3e26_D10_G2/solution/solution-00033 
 34 4.734743155803e+10 1.392571516413e+09 768 7235 3201 18 8 9 9 6.69895903e-10 1.13158943e-09 outputs/V3.3e26_D10_G2/solution/solution-00034 
 35 4.874000307444e+10 1.392571516413e+09 768 7235 3201 18 8 9 9 6.35793622e-10 1.07394144e-09 outputs/V3.3e26_D10_G2/solution/solution-00035 
 36 5.013257459085e+10 1.392571516413e+09 768 7235 3201 18 8 9 9 6.03428213e-10 1.01923222e-09 outputs/V3.3e26_D10_G2/solution/solution-00036 
 37 5.152514610727e+10 1.392571516413e+09 768 7235 3201 18 8 9 9 5.72711061e-10 9.67311727e-10 outputs/V3.3e26_D10_G2/solution/solution-00037 
 38 5.291771762368e+10 1.392571516413e+09 768 7235 3201 18 8 9 9 5.43558098e-10 9.18037644e-10 outputs/V3.3e26_D10_G2/solution/solution-00038 
 39 5.431028914009e+10 1.392571516413e+09 768 7235 3201 18 8 9 9 5.15889571e-10 8.71274924e-10 outputs/V3.3e26_D10_G2/solution/solution-00039 
 40 5.570286065650e+10 1.392571516413e+09 768 7235 3201 18 8 9 9 4.89629810e-10 8.26895435e-10 outputs/V3.3e26_D10_G2/solution/solution-00040 
 41 5.709543217292e+10 1.392571516413e+09 768 7235 3201 18 8 9 9 4.64707020e-10 7.84777598e-10 outputs/V3.3e26_D10_G2/solution/solution-00041 
 42 5.848800368933e+10 1.392571516413e+09 768 7235 3201 18 8 9 9 4.41053075e-10 7.44806051e-10 outputs/V3.3e26_D10_G2/solution/solution-00042 
 43 5.988057520574e+10 1.392571516413e+09 768 7235 3201 18 8 9 9 4.18603333e-10 7.06871329e-10 outputs/V3.3e26_D10_G2/solution/solution-00043 
 44 6.127314672215e+10 1.392571516413e+09 768 7235 3201 18 8 9 9 3.97296453e-10 6.70869558e-10 outputs/V3.3e26_D10_G2/solution/solution-00044 
 45 6.266571823857e+10 1.392571516413e+09 768 7235 3201 18 8 9 9 3.77074226e-10 6.36702172e-10 outputs/V3.3e26_D10_G2/solution/solution-00045 
 46 6.405828975498e+10 1.392571516413e+09 768 7235 3201 17 8 9 9 3.57881411e-10 6.04275639e-10 outputs/V3.3e26_D10_G2/solution/solution-00046 
 47 6.545086127139e+10 1.392571516413e+09 768 7235 3201 17 8 9 9 3.39665589e-10 5.73501199e-10 outputs/V3.3e26_D10_G2/solution/solution-00047 
 48 6.684343278781e+10 1.392571516413e+09 768 7235 3201 17 8 9 9 3.22377008e-10 5.44294625e-10 outputs/V3.3e26_D10_G2/solution/solution-00048 
 49 6.823600430422e+10 1.392571516413e+09 768 7235 3201 17 8 9 9 3.05968458e-10 5.16575989e-10 outputs/V3.3e26_D10_G2/solution/solution-00049 
 50 6.962857582063e+10 1.392571516413e+09 768 7235 3201 17 8 9 9 2.90395133e-10 4.90269444e-10 outputs/V3.3e26_D10_G2/solution/solution-00050 
 51 7.102114733704e+10 1.392571516413e+09 768 7235 3201 17 8 9 9 2.75614508e-10 4.65303009e-10 outputs/V3.3e26_D10_G2/solution/solution-00051 
 52 7.241371885346e+10 1.392571516413e+09 768 7235 3201 17 8 9 9 2.61586228e-10 4.41608380e-10 outputs/V3.3e26_D10_G2/solution/solution-00052 
 53 7.380629036987e+10 1.392571516413e+09 768 7235 3201 17 8 9 9 2.48271993e-10 4.19120735e-10 outputs/V3.3e26_D10_G2/solution/solution-00053 
 54 7.519886188628e+10 1.392571516413e+09 768 7235 3201 17 8 9 9 2.35635452e-10 3.97778560e-10 outputs/V3.3e26_D10_G2/solution/solution-00054 
 55 7.659143340269e+10 1.392571516413e+09 768 7235 3201 17 8 9 9 2.23642108e-10 3.77523479e-10 outputs/V3.3e26_D10_G2/solution/solution-00055 
 56 7.798400491911e+10 1.392571516413e+09 768 7235 3201 17 8 9 9 2.12259218e-10 3.58300091e-10 outputs/V3.3e26_D10_G2/solution/solution-00056 
 57 7.937657643552e+10 1.392571516413e+09 768 7235 3201 17 8 9 9 2.01455709e-10 3.40055824e-10 outputs/V3.3e26_D10_G2/solution/solution-00057 
 58 8.076914795193e+10 1.392571516413e+09 768 7235 3201 17 8 9 9 1.91202088e-10 3.22740785e-10 outputs/V3.3e26_D10_G2/solution/solution-00058 
 59 8.216171946834e+10 1.392571516413e+09 768 7235 3201 17 8 9 9 1.81470365e-10 3.06307625e-10 outputs/V3.3e26_D10_G2/solution/solution-00059 
 60 8.355429098476e+10 1.392571516413e+09 768 7235 3201 17 8 9 9 1.72233974e-10 2.90711409e-10 outputs/V3.3e26_D10_G2/solution/solution-00060 
 61 8.494686250117e+10 1.392571516413e+09 768 7235 3201 17 8 9 9 1.63467703e-10 2.75909495e-10 outputs/V3.3e26_D10_G2/solution/solution-00061 
 62 8.633943401758e+10 1.392571516413e+09 768 7235 3201 17 8 9 9 1.55147622e-10 2.61861414e-10 outputs/V3.3e26_D10_G2/solution/solution-00062 
 63 8.773200553399e+10 1.392571516413e+09 768 7235 3201 17 8 9 9 1.47251020e-10 2.48528760e-10 outputs/V3.3e26_D10_G2/solution/solution-00063 
 64 8.912457705041e+10 1.392571516413e+09 768 7235 3201 17 8 9 9 1.39756342e-10 2.35875084e-10 outputs/V3.3e26_D10_G2/solution/solution-00064 
 65 9.051714856682e+10 1.392571516413e+09 768 7235 3201 17 8 9 9 1.32643130e-10 2.23865798e-10 outputs/V3.3e26_D10_G2/solution/solution-00065 
 66 9.190972008323e+10 1.392571516413e+09 768 7235 3201 17 8 9 9 1.25891967e-10 2.12468073e-10 outputs/V3.3e26_D10_G2/solution/solution-00066 
 67 9.330229159964e+10 1.392571516413e+09 768 7235 3201 17 8 9 9 1.19484426e-10 2.01650756e-10 outputs/V3.3e26_D10_G2/solution/solution-00067 
 68 9.469486311606e+10 1.392571516413e+09 768 7235 3201 17 8 9 9 1.13403016e-10 1.91384282e-10 outputs/V3.3e26_D10_G2/solution/solution-00068 
 69 9.608743463247e+10 1.392571516413e+09 768 7235 3201 17 8 9 9 1.07631138e-10 1.81640591e-10 outputs/V3.3e26_D10_G2/solution/solution-00069 
 70 9.748000614888e+10 1.392571516413e+09 768 7235 3201 17 8 9 9 1.02153037e-10 1.72393055e-10 outputs/V3.3e26_D10_G2/solution/solution-00070 
 71 9.887257766530e+10 1.392571516413e+09 768 7235 3201 17 8 9 9 9.69537603e-11 1.63616402e-10 outputs/V3.3e26_D10_G2/solution/solution-00071 
 72 1.002651491817e+11 1.392571516413e+09 768 7235 3201 16 8 9 9 9.20191165e-11 1.55286650e-10 outputs/V3.3e26_D10_G2/solution/solution-00072 
 73 1.016577206981e+11 1.392571516413e+09 768 7235 3201 16 8 9 9 8.73356357e-11 1.47381035e-10 outputs/V3.3e26_D10_G2/solution/solution-00073 
 74 1.030502922145e+11 1.392571516413e+09 768 7235 3201 16 8 9 9 8.28905339e-11 1.39877955e-10 outputs/V3.3e26_D10_G2/solution/solution-00074 
 75 1.044428637309e+11 1.392571516413e+09 768 7235 3201 16 8 9 9 7.86716780e-11 1.32756908e-10 outputs/V3.3e26_D10_G2/solution/solution-00075 
 76 1.058354352474e+11 1.392571516413e+09 768 7235 3201 16 8 9 9 7.46675523e-11 1.25998438e-10 outputs/V3.3e26_D10_G2/solution/solution-00076 
 77 1.072280067638e+11 1.392571516413e+09 768 7235 3201 16 8 9 9 7.08672274e-11 1.19584079e-10 outputs/V3.3e26_D10_G2/solution/solution-00077 
 78 1.086205782802e+11 1.392571516413e+09 768 7235 3201 16 8 9 9 6.72603303e-11 1.13496306e-10 outputs/V3.3e26_D10_G2/solution/solution-00078 
 79 1.100131497966e+11 1.392571516413e+09 768 7235 3201 16 8 9 9 6.38370156e-11 1.07718489e-10 outputs/V3.3e26_D10_G2/solution/solution-00079 
 80 1.114057213130e+11 1.392571516413e+09 768 7235 3201 16 8 9 9 6.05879396e-11 1.02234842e-10 outputs/V3.3e26_D10_G2/solution/solution-00080 
 81 1.127982928294e+11 1.392571516413e+09 768 7235 3201 16 8 9 9 5.75042336e-11 9.70303845e-11 outputs/V3.3e26_D10_G2/solution/solution-00081 
 82 1.141908643458e+11 1.392571516413e+09 768 7235 3201 16 8 9 9 5.45774807e-11 9.20909003e-11 outputs/V3.3e26_D10_G2/solution/solution-00082 
 83 1.155834358622e+11 1.392571516413e+09 768 7235 3201 16 8 9 9 5.17996922e-11 8.74028954e-11 outputs/V3.3e26_D10_G2/solution/solution-00083 
 84 1.169760073787e+11 1.392571516413e+09 768 7235 3201 16 8 9 9 4.91632862e-11 8.29535646e-11 outputs/V3.3e26_D10_G2/solution/solution-00084 
 85 1.183685788951e+11 1.392571516413e+09 768 7235 3201 16 8 9 9 4.66610664e-11 7.87307541e-11 outputs/V3.3e26_D10_G2/solution/solution-00085 
 86 1.197611504115e+11 1.392571516413e+09 768 7235 3201 16 8 9 9 4.42862033e-11 7.47229301e-11 outputs/V3.3e26_D10_G2/solution/solution-00086 
 87 1.211537219279e+11 1.392571516413e+09 768 7235 3201 16 8 9 9 4.20322144e-11 7.09191452e-11 outputs/V3.3e26_D10_G2/solution/solution-00087 
 88 1.225462934443e+11 1.392571516413e+09 768 7235 3201 16 8 9 9 3.98929476e-11 6.73090102e-11 outputs/V3.3e26_D10_G2/solution/solution-00088 
 89 1.239388649607e+11 1.392571516413e+09 768 7235 3201 16 8 9 9 3.78625636e-11 6.38826649e-11 outputs/V3.3e26_D10_G2/solution/solution-00089 
 90 1.253314364771e+11 1.392571516413e+09 768 7235 3201 16 8 9 9 3.59355206e-11 6.06307514e-11 outputs/V3.3e26_D10_G2/solution/solution-00090 
 91 1.267240079935e+11 1.392571516413e+09 768 7235 3201 16 8 9 9 3.41065588e-11 5.75443881e-11 outputs/V3.3e26_D10_G2/solution/solution-00091 
 92 1.281165795100e+11 1.392571516413e+09 768 7235 3201 16 8 9 9 3.23706861e-11 5.46151462e-11 outputs/V3.3e26_D10_G2/solution/solution-00092 
 93 1.295091510264e+11 1.392571516413e+09 768 7235 3201 16 8 9 9 3.07231643e-11 5.18350256e-11 outputs/V3.3e26_D10_G2/solution/solution-00093 
 94 1.309017225428e+11 1.392571516413e+09 768 7235 3201 16 8 9 9 2.91594966e-11 4.91964342e-11 outputs/V3.3e26_D10_G2/solution/solution-00094 
 95 1.322942940592e+11 1.392571516413e+09 768 7235 3201 16 8 9 9 2.76754149e-11 4.66921658e-11 outputs/V3.3e26_D10_G2/solution/solution-00095 
 96 1.336868655756e+11 1.392571516413e+09 768 7235 3201 16 8 9 9 2.62668686e-11 4.43153819e-11 outputs/V3.3e26_D10_G2/solution/solution-00096 
 97 1.350794370920e+11 1.392571516413e+09 768 7235 3201 15 8 9 9 2.49300140e-11 4.20595940e-11 outputs/V3.3e26_D10_G2/solution/solution-00097 
 98 1.364720086084e+11 1.392571516413e+09 768 7235 3201 15 8 9 9 2.36612015e-11 3.99186403e-11 outputs/V3.3e26_D10_G2/solution/solution-00098 
 99 1.378645801248e+11 1.392571516413e+09 768 7235 3201 15 8 9 9 2.24569676e-11 3.78866741e-11 outputs/V3.3e26_D10_G2/solution/solution-00099 
100 1.392571516413e+11 1.392571516413e+09 768 7235 3201 15 8 9 9 2.13140253e-11 3.59581462e-11 outputs/V3.3e26_D10_G2/solution/solution-00100 
