# 1: Time step number
# 2: Time (years)
# 3: Time step size (years)
# 4: Number of mesh cells
# 5: Number of Stokes degrees of freedom
# 6: Number of temperature degrees of freedom
# 7: Iterations for temperature solver
# 8: Iterations for Stokes solver
# 9: Velocity iterations in Stokes preconditioner
# 10: Schur complement iterations in Stokes preconditioner
# 11: RMS velocity (m/year)
# 12: Max. velocity (m/year)
# 13: Visualization file name
  0 0.000000000000e+00 0.000000000000e+00 768 7235 3201  0 8 9 9 3.96735211e-07 6.81747010e-07 outputs/V1e25_D300_G6/solution/solution-00000 
  1 1.392571516413e+09 1.392571516413e+09 768 7235 3201 31 8 9 9 4.04895710e-07 6.88112436e-07 outputs/V1e25_D300_G6/solution/solution-00001 
  2 2.785143032825e+09 1.392571516413e+09 768 7235 3201 25 8 9 9 4.18710653e-07 7.19080485e-07 outputs/V1e25_D300_G6/solution/solution-00002 
  3 4.177714549238e+09 1.392571516413e+09 768 7235 3201 24 8 9 9 4.39245903e-07 7.62750738e-07 outputs/V1e25_D300_G6/solution/solution-00003 
  4 5.570286065650e+09 1.392571516413e+09 768 7235 3201 23 8 9 9 4.67046910e-07 8.19554993e-07 outputs/V1e25_D300_G6/solution/solution-00004 
  5 6.962857582063e+09 1.392571516413e+09 768 7235 3201 22 8 9 9 5.02647590e-07 8.89908811e-07 outputs/V1e25_D300_G6/solution/solution-00005 
  6 8.355429098476e+09 1.392571516413e+09 768 7235 3201 22 8 9 9 5.46658623e-07 9.74603415e-07 outputs/V1e25_D300_G6/solution/solution-00006 
  7 9.748000614888e+09 1.392571516413e+09 768 7235 3201 21 8 9 9 5.99854797e-07 1.07487687e-06 outputs/V1e25_D300_G6/solution/solution-00007 
  8 1.114057213130e+10 1.392571516413e+09 768 7235 3201 21 8 9 9 6.63213575e-07 1.19241166e-06 outputs/V1e25_D300_G6/solution/solution-00008 
  9 1.253314364771e+10 1.392571516413e+09 768 7235 3201 20 8 9 9 7.37939523e-07 1.32933062e-06 outputs/V1e25_D300_G6/solution/solution-00009 
 10 1.392571516413e+10 1.392571516413e+09 768 7235 3201 20 8 9 9 8.25486585e-07 1.48820846e-06 outputs/V1e25_D300_G6/solution/solution-00010 
 11 1.531828668054e+10 1.392571516413e+09 768 7235 3201 20 8 9 9 9.27583301e-07 1.67210065e-06 outputs/V1e25_D300_G6/solution/solution-00011 
 12 1.671085819695e+10 1.392571516413e+09 768 7235 3201 20 8 9 9 1.04626330e-06 1.88458846e-06 outputs/V1e25_D300_G6/solution/solution-00012 
 13 1.810342971336e+10 1.392571516413e+09 768 7235 3201 20 8 9 9 1.18390227e-06 2.12983898e-06 outputs/V1e25_D300_G6/solution/solution-00013 
 14 1.949600122978e+10 1.392571516413e+09 768 7235 3201 19 8 9 9 1.34326238e-06 2.41267959e-06 outputs/V1e25_D300_G6/solution/solution-00014 
 15 2.088857274619e+10 1.392571516413e+09 768 7235 3201 19 8 9 9 1.52754485e-06 2.73868748e-06 outputs/V1e25_D300_G6/solution/solution-00015 
 16 2.228114426260e+10 1.392571516413e+09 768 7235 3201 19 8 9 9 1.74045172e-06 3.11429517e-06 outputs/V1e25_D300_G6/solution/solution-00016 
 17 2.367371577901e+10 1.392571516413e+09 768 7235 3201 19 8 9 9 1.98625788e-06 3.54691357e-06 outputs/V1e25_D300_G6/solution/solution-00017 
 18 2.506628729543e+10 1.392571516413e+09 768 7235 3201 19 8 9 9 2.26989455e-06 4.04507477e-06 outputs/V1e25_D300_G6/solution/solution-00018 
 19 2.645885881184e+10 1.392571516413e+09 768 7235 3201 19 7 8 8 2.59704589e-06 4.61859678e-06 outputs/V1e25_D300_G6/solution/solution-00019 
 20 2.785143032825e+10 1.392571516413e+09 768 7235 3201 19 7 8 8 2.97426035e-06 5.27877347e-06 outputs/V1e25_D300_G6/solution/solution-00020 
 21 2.924400184466e+10 1.392571516413e+09 768 7235 3201 19 7 8 8 3.40907880e-06 6.03859268e-06 outputs/V1e25_D300_G6/solution/solution-00021 
 22 3.063657336108e+10 1.392571516413e+09 768 7235 3201 19 7 8 8 3.91018169e-06 6.91298648e-06 outputs/V1e25_D300_G6/solution/solution-00022 
 23 3.202914487749e+10 1.392571516413e+09 768 7235 3201 19 7 8 8 4.48755769e-06 7.91911747e-06 outputs/V1e25_D300_G6/solution/solution-00023 
 24 3.342171639390e+10 1.392571516413e+09 768 7235 3201 19 7 8 8 5.15269663e-06 9.07670578e-06 outputs/V1e25_D300_G6/solution/solution-00024 
 25 3.481428791032e+10 1.392571516413e+09 768 7235 3201 19 7 8 8 5.91880945e-06 1.04084012e-05 outputs/V1e25_D300_G6/solution/solution-00025 
 26 3.620685942673e+10 1.392571516413e+09 768 7235 3201 19 7 8 8 6.80107816e-06 1.19402051e-05 outputs/V1e25_D300_G6/solution/solution-00026 
 27 3.759943094314e+10 1.392571516413e+09 768 7235 3201 19 7 8 8 7.81693862e-06 1.37019464e-05 outputs/V1e25_D300_G6/solution/solution-00027 
 28 3.899200245955e+10 1.392571516413e+09 768 7235 3201 19 6 7 7 8.98639822e-06 1.57278140e-05 outputs/V1e25_D300_G6/solution/solution-00028 
 29 4.038457397597e+10 1.392571516413e+09 768 7235 3201 19 6 7 7 1.03323897e-05 1.80569486e-05 outputs/V1e25_D300_G6/solution/solution-00029 
 30 4.177714549238e+10 1.392571516413e+09 768 7235 3201 19 6 7 7 1.18811606e-05 2.07351732e-05 outputs/V1e25_D300_G6/solution/solution-00030 
 31 4.316971700879e+10 1.392571516413e+09 768 7235 3201 19 6 7 7 1.36626931e-05 2.38133328e-05 outputs/V1e25_D300_G6/solution/solution-00031 
 32 4.456228852520e+10 1.392571516413e+09 768 7235 3201 19 6 7 7 1.57111467e-05 2.73493409e-05 outputs/V1e25_D300_G6/solution/solution-00032 
 33 4.595486004162e+10 1.392571516413e+09 768 7235 3201 19 6 7 7 1.80653028e-05 3.14091983e-05 outputs/V1e25_D300_G6/solution/solution-00033 
 34 4.734743155803e+10 1.392571516413e+09 768 7235 3201 19 6 7 7 2.07689810e-05 3.60673393e-05 outputs/V1e25_D300_G6/solution/solution-00034 
 35 4.874000307444e+10 1.392571516413e+09 768 7235 3201 19 6 7 7 2.38713740e-05 4.14071305e-05 outputs/V1e25_D300_G6/solution/solution-00035 
 36 5.013257459085e+10 1.392571516413e+09 768 7235 3201 19 6 7 7 2.74272172e-05 4.75210592e-05 outputs/V1e25_D300_G6/solution/solution-00036 
 37 5.152514610727e+10 1.392571516413e+09 768 7235 3201 20 6 7 7 3.14966648e-05 5.45103856e-05 outputs/V1e25_D300_G6/solution/solution-00037 
 38 5.291771762368e+10 1.392571516413e+09 768 7235 3201 20 6 7 7 3.61446804e-05 6.24839186e-05 outputs/V1e25_D300_G6/solution/solution-00038 
 39 5.431028914009e+10 1.392571516413e+09 768 7235 3201 20 6 7 7 4.14396637e-05 7.15554342e-05 outputs/V1e25_D300_G6/solution/solution-00039 
 40 5.562057208632e+10 1.310282946224e+09 768 7235 3201 20 6 7 7 4.70803129e-05 8.12056994e-05 outputs/V1e25_D300_G6/solution/solution-00040 
 41 5.677499113196e+10 1.154419045640e+09 768 7235 3201 19 6 7 7 5.26344070e-05 9.06945734e-05 outputs/V1e25_D300_G6/solution/solution-00041 
 42 5.780849911347e+10 1.033507981515e+09 768 7235 3201 18 6 7 7 5.81058890e-05 1.00029209e-04 outputs/V1e25_D300_G6/solution/solution-00042 
 43 5.874544808661e+10 9.369489731342e+08 768 7235 3201 17 6 7 7 6.34925151e-05 1.09205971e-04 outputs/V1e25_D300_G6/solution/solution-00043 
 44 5.960356478210e+10 8.581166954901e+08 768 7235 3201 16 6 7 7 6.87902957e-05 1.18239283e-04 outputs/V1e25_D300_G6/solution/solution-00044 
 45 6.039617649924e+10 7.926117171488e+08 768 7235 3201 15 6 7 7 7.39947865e-05 1.27107978e-04 outputs/V1e25_D300_G6/solution/solution-00045 
 46 6.113356304612e+10 7.373865468788e+08 768 7235 3201 15 6 7 7 7.91014734e-05 1.35799669e-04 outputs/V1e25_D300_G6/solution/solution-00046 
 47 6.182382352719e+10 6.902604810668e+08 768 7235 3201 14 6 7 7 8.41058994e-05 1.44306727e-04 outputs/V1e25_D300_G6/solution/solution-00047 
 48 6.247345471166e+10 6.496311844701e+08 768 7235 3201 14 6 7 7 8.90037189e-05 1.52621765e-04 outputs/V1e25_D300_G6/solution/solution-00048 
 49 6.308774940921e+10 6.142946975535e+08 768 7235 3201 13 6 7 7 9.37907313e-05 1.60737688e-04 outputs/V1e25_D300_G6/solution/solution-00049 
 50 6.367107823910e+10 5.833288298863e+08 768 7235 3201 13 6 7 7 9.84629093e-05 1.68647742e-04 outputs/V1e25_D300_G6/solution/solution-00050 
 51 6.422709351001e+10 5.560152709138e+08 768 7235 3201 13 6 7 7 1.03016424e-04 1.76345546e-04 outputs/V1e25_D300_G6/solution/solution-00051 
 52 6.475887970140e+10 5.317861913876e+08 768 7235 3201 12 6 7 7 1.07447666e-04 1.83825133e-04 outputs/V1e25_D300_G6/solution/solution-00052 
 53 6.526906649771e+10 5.101867963053e+08 768 7235 3201 12 6 7 7 1.11753268e-04 1.91080974e-04 outputs/V1e25_D300_G6/solution/solution-00053 
 54 6.575991503120e+10 4.908485334891e+08 768 7235 3201 12 6 7 7 1.15930119e-04 1.98108005e-04 outputs/V1e25_D300_G6/solution/solution-00054 
 55 6.623338461162e+10 4.734695804215e+08 768 7235 3201 12 5 6 6 1.19975380e-04 2.04901650e-04 outputs/V1e25_D300_G6/solution/solution-00055 
 56 6.669113618670e+10 4.577515750798e+08 768 7235 3201 12 5 6 6 1.23886083e-04 2.11457138e-04 outputs/V1e25_D300_G6/solution/solution-00056 
 57 6.713466311350e+10 4.435269268046e+08 768 7235 3201 11 5 6 6 1.27659903e-04 2.17770812e-04 outputs/V1e25_D300_G6/solution/solution-00057 
 58 6.756530034902e+10 4.306372355161e+08 768 7235 3201 11 5 6 6 1.31294970e-04 2.23839795e-04 outputs/V1e25_D300_G6/solution/solution-00058 
 59 6.798423346030e+10 4.189331112773e+08 768 7235 3201 11 5 6 6 1.34789713e-04 2.29661731e-04 outputs/V1e25_D300_G6/solution/solution-00059 
 60 6.839252075999e+10 4.082872996902e+08 768 7235 3201 11 5 6 6 1.38142868e-04 2.35234797e-04 outputs/V1e25_D300_G6/solution/solution-00060 
 61 6.879111149632e+10 3.985907363373e+08 768 7235 3201 11 5 6 6 1.41353474e-04 2.40557693e-04 outputs/V1e25_D300_G6/solution/solution-00061 
 62 6.918086091240e+10 3.897494160764e+08 768 7235 3201 11 5 6 6 1.44420877e-04 2.45629647e-04 outputs/V1e25_D300_G6/solution/solution-00062 
 63 6.956254279934e+10 3.816818869437e+08 768 7235 3201 11 5 6 6 1.47344722e-04 2.50456012e-04 outputs/V1e25_D300_G6/solution/solution-00063 
 64 6.993686002700e+10 3.743172276568e+08 768 7235 3201 10 5 6 6 1.50124954e-04 2.55037221e-04 outputs/V1e25_D300_G6/solution/solution-00064 
 65 7.030445342999e+10 3.675934029884e+08 768 7235 3201 10 5 6 6 1.52761808e-04 2.59367728e-04 outputs/V1e25_D300_G6/solution/solution-00065 
 66 7.066590934690e+10 3.614559169129e+08 768 7235 3201 10 5 6 6 1.55255807e-04 2.63448740e-04 outputs/V1e25_D300_G6/solution/solution-00066 
 67 7.102176604916e+10 3.558567022606e+08 768 7235 3201 10 5 6 6 1.57607751e-04 2.67281952e-04 outputs/V1e25_D300_G6/solution/solution-00067 
 68 7.137251924877e+10 3.507531996103e+08 768 7235 3201 10 5 6 6 1.59818707e-04 2.70869530e-04 outputs/V1e25_D300_G6/solution/solution-00068 
 69 7.171862683741e+10 3.461075886424e+08 768 7235 3201 10 5 6 6 1.61890004e-04 2.74214097e-04 outputs/V1e25_D300_G6/solution/solution-00069 
 70 7.206051298053e+10 3.418861431183e+08 768 7235 3201 10 5 6 6 1.63823219e-04 2.77332736e-04 outputs/V1e25_D300_G6/solution/solution-00070 
 71 7.239844784052e+10 3.379348599878e+08 768 7235 3201 10 5 6 6 1.65619529e-04 2.80395795e-04 outputs/V1e25_D300_G6/solution/solution-00071 
 72 7.273267029371e+10 3.342224531885e+08 768 7235 3201 10 5 6 6 1.67280492e-04 2.83227612e-04 outputs/V1e25_D300_G6/solution/solution-00072 
 73 7.306354844954e+10 3.308781558260e+08 768 7235 3201 10 5 6 6 1.68808745e-04 2.85839321e-04 outputs/V1e25_D300_G6/solution/solution-00073 
 74 7.339142650669e+10 3.278780571540e+08 768 7235 3201 10 5 6 6 1.70207087e-04 2.88213647e-04 outputs/V1e25_D300_G6/solution/solution-00074 
 75 7.371662706076e+10 3.252005540671e+08 768 7235 3201 10 5 6 6 1.71478469e-04 2.90355075e-04 outputs/V1e25_D300_G6/solution/solution-00075 
 76 7.403945312566e+10 3.228260649066e+08 768 7235 3201 10 5 6 6 1.72625974e-04 2.92268488e-04 outputs/V1e25_D300_G6/solution/solution-00076 
 77 7.436018990751e+10 3.207367818471e+08 768 7235 3201 10 5 6 6 1.73652813e-04 2.93959148e-04 outputs/V1e25_D300_G6/solution/solution-00077 
 78 7.467910636334e+10 3.189164558302e+08 768 7235 3201 10 5 6 6 1.74562311e-04 2.95432672e-04 outputs/V1e25_D300_G6/solution/solution-00078 
 79 7.499645657236e+10 3.173502090153e+08 768 7235 3201 10 5 6 6 1.75357893e-04 2.96695014e-04 outputs/V1e25_D300_G6/solution/solution-00079 
 80 7.531248094293e+10 3.160243705717e+08 768 7235 3201 10 5 6 6 1.76043078e-04 2.97752440e-04 outputs/V1e25_D300_G6/solution/solution-00080 
 81 7.562740727527e+10 3.149263323380e+08 768 7235 3201 10 5 6 6 1.76621469e-04 2.98611507e-04 outputs/V1e25_D300_G6/solution/solution-00081 
 82 7.594145169673e+10 3.140444214620e+08 768 7235 3201 10 5 6 6 1.77096739e-04 2.99279034e-04 outputs/V1e25_D300_G6/solution/solution-00082 
 83 7.625481948433e+10 3.133677876056e+08 768 7235 3201 10 5 6 6 1.77472627e-04 2.99762083e-04 outputs/V1e25_D300_G6/solution/solution-00083 
 84 7.656770578703e+10 3.128863026987e+08 768 7235 3201 10 5 6 6 1.77752926e-04 3.00067930e-04 outputs/V1e25_D300_G6/solution/solution-00084 
 85 7.688026878410e+10 3.125629970648e+08 768 7235 3201 10 5 6 6 1.77941466e-04 3.00204036e-04 outputs/V1e25_D300_G6/solution/solution-00085 
 86 7.719265965934e+10 3.123908752469e+08 768 7235 3201 10 5 6 6 1.78042144e-04 3.00178081e-04 outputs/V1e25_D300_G6/solution/solution-00086 
 87 7.750504777451e+10 3.123881151677e+08 768 7235 3201 10 5 6 6 1.78058914e-04 2.99997907e-04 outputs/V1e25_D300_G6/solution/solution-00087 
 88 7.781759445146e+10 3.125466769541e+08 768 7235 3201 10 5 6 6 1.77995748e-04 2.99671458e-04 outputs/V1e25_D300_G6/solution/solution-00088 
 89 7.813045333728e+10 3.128588858200e+08 768 7235 3201 10 5 6 6 1.77856633e-04 2.99217363e-04 outputs/V1e25_D300_G6/solution/solution-00089 
 90 7.844377071641e+10 3.133173791256e+08 768 7235 3201 10 5 6 6 1.77645560e-04 2.98647667e-04 outputs/V1e25_D300_G6/solution/solution-00090 
 91 7.875768577488e+10 3.139150584657e+08 768 7235 3201 10 5 6 6 1.77366520e-04 2.97954794e-04 outputs/V1e25_D300_G6/solution/solution-00091 
 92 7.907233082123e+10 3.146450463555e+08 768 7235 3201 10 5 6 6 1.77023497e-04 2.97146776e-04 outputs/V1e25_D300_G6/solution/solution-00092 
 93 7.938783146836e+10 3.155006471258e+08 768 7235 3201 10 5 6 6 1.76620464e-04 2.96231638e-04 outputs/V1e25_D300_G6/solution/solution-00093 
 94 7.970430678006e+10 3.164753117013e+08 768 7235 3201 10 5 6 6 1.76161373e-04 2.95217378e-04 outputs/V1e25_D300_G6/solution/solution-00094 
 95 8.002186938605e+10 3.175626059927e+08 768 7235 3201 10 5 6 6 1.75650153e-04 2.94111942e-04 outputs/V1e25_D300_G6/solution/solution-00095 
 96 8.034062556874e+10 3.187561826929e+08 768 7235 3201 10 5 6 6 1.75090701e-04 2.92923204e-04 outputs/V1e25_D300_G6/solution/solution-00096 
 97 8.066067532505e+10 3.200497563100e+08 768 7235 3201 10 5 6 6 1.74486881e-04 2.91658945e-04 outputs/V1e25_D300_G6/solution/solution-00097 
 98 8.098211240637e+10 3.214370813145e+08 768 7235 3201 10 5 6 6 1.73842512e-04 2.90326836e-04 outputs/V1e25_D300_G6/solution/solution-00098 
 99 8.130502433968e+10 3.229119333103e+08 768 7235 3201 10 5 6 6 1.73161368e-04 2.88934419e-04 outputs/V1e25_D300_G6/solution/solution-00099 
100 8.162949243285e+10 3.244680931692e+08 768 7235 3201 10 5 6 6 1.72447169e-04 2.87489088e-04 outputs/V1e25_D300_G6/solution/solution-00100 
