# 1: Time step number
# 2: Time (years)
# 3: Time step size (years)
# 4: Number of mesh cells
# 5: Number of Stokes degrees of freedom
# 6: Number of temperature degrees of freedom
# 7: Iterations for temperature solver
# 8: Iterations for Stokes solver
# 9: Velocity iterations in Stokes preconditioner
# 10: Schur complement iterations in Stokes preconditioner
# 11: RMS velocity (m/year)
# 12: Max. velocity (m/year)
# 13: Visualization file name
  0 0.000000000000e+00 0.000000000000e+00 768 7235 3201  0 8 9 9 6.62635581e-08 1.17889505e-07 outputs/V1e26_D10_G10/solution/solution-00000 
  1 1.392571516413e+09 1.392571516413e+09 768 7235 3201 32 8 9 9 6.29466996e-08 1.06548553e-07 outputs/V1e26_D10_G10/solution/solution-00001 
  2 2.785143032825e+09 1.392571516413e+09 768 7235 3201 25 8 9 9 6.00355024e-08 1.01736685e-07 outputs/V1e26_D10_G10/solution/solution-00002 
  3 4.177714549238e+09 1.392571516413e+09 768 7235 3201 24 8 9 9 5.74670889e-08 9.76843956e-08 outputs/V1e26_D10_G10/solution/solution-00003 
  4 5.570286065650e+09 1.392571516413e+09 768 7235 3201 23 8 9 9 5.51732803e-08 9.40800677e-08 outputs/V1e26_D10_G10/solution/solution-00004 
  5 6.962857582063e+09 1.392571516413e+09 768 7235 3201 23 8 9 9 5.31171369e-08 9.08432441e-08 outputs/V1e26_D10_G10/solution/solution-00005 
  6 8.355429098476e+09 1.392571516413e+09 768 7235 3201 22 8 9 9 5.12617341e-08 8.79043103e-08 outputs/V1e26_D10_G10/solution/solution-00006 
  7 9.748000614888e+09 1.392571516413e+09 768 7235 3201 21 8 9 9 4.95750681e-08 8.52082884e-08 outputs/V1e26_D10_G10/solution/solution-00007 
  8 1.114057213130e+10 1.392571516413e+09 768 7235 3201 21 8 9 9 4.80303754e-08 8.27127218e-08 outputs/V1e26_D10_G10/solution/solution-00008 
  9 1.253314364771e+10 1.392571516413e+09 768 7235 3201 21 8 9 9 4.66055883e-08 8.03847798e-08 outputs/V1e26_D10_G10/solution/solution-00009 
 10 1.392571516413e+10 1.392571516413e+09 768 7235 3201 20 8 9 9 4.52825943e-08 7.81988310e-08 outputs/V1e26_D10_G10/solution/solution-00010 
 11 1.531828668054e+10 1.392571516413e+09 768 7235 3201 20 8 9 9 4.40465283e-08 7.61346274e-08 outputs/V1e26_D10_G10/solution/solution-00011 
 12 1.671085819695e+10 1.392571516413e+09 768 7235 3201 20 8 9 9 4.28851670e-08 7.41759862e-08 outputs/V1e26_D10_G10/solution/solution-00012 
 13 1.810342971336e+10 1.392571516413e+09 768 7235 3201 20 8 9 9 4.17884313e-08 7.23098331e-08 outputs/V1e26_D10_G10/solution/solution-00013 
 14 1.949600122978e+10 1.392571516413e+09 768 7235 3201 20 8 9 9 4.07479840e-08 7.05255013e-08 outputs/V1e26_D10_G10/solution/solution-00014 
 15 2.088857274619e+10 1.392571516413e+09 768 7235 3201 20 8 9 9 3.97569062e-08 6.88142103e-08 outputs/V1e26_D10_G10/solution/solution-00015 
 16 2.228114426260e+10 1.392571516413e+09 768 7235 3201 19 8 9 9 3.88094370e-08 6.71686732e-08 outputs/V1e26_D10_G10/solution/solution-00016 
 17 2.367371577901e+10 1.392571516413e+09 768 7235 3201 19 8 9 9 3.79007630e-08 6.55827958e-08 outputs/V1e26_D10_G10/solution/solution-00017 
 18 2.506628729543e+10 1.392571516413e+09 768 7235 3201 19 8 9 9 3.70268495e-08 6.40514454e-08 outputs/V1e26_D10_G10/solution/solution-00018 
 19 2.645885881184e+10 1.392571516413e+09 768 7235 3201 19 8 9 9 3.61843021e-08 6.25702686e-08 outputs/V1e26_D10_G10/solution/solution-00019 
 20 2.785143032825e+10 1.392571516413e+09 768 7235 3201 19 8 9 9 3.53702552e-08 6.11355489e-08 outputs/V1e26_D10_G10/solution/solution-00020 
 21 2.924400184466e+10 1.392571516413e+09 768 7235 3201 19 8 9 9 3.45822803e-08 5.97440923e-08 outputs/V1e26_D10_G10/solution/solution-00021 
 22 3.063657336108e+10 1.392571516413e+09 768 7235 3201 19 8 9 9 3.38183113e-08 5.83931362e-08 outputs/V1e26_D10_G10/solution/solution-00022 
 23 3.202914487749e+10 1.392571516413e+09 768 7235 3201 19 8 9 9 3.30765831e-08 5.70802759e-08 outputs/V1e26_D10_G10/solution/solution-00023 
 24 3.342171639390e+10 1.392571516413e+09 768 7235 3201 19 8 9 9 3.23555811e-08 5.58034045e-08 outputs/V1e26_D10_G10/solution/solution-00024 
 25 3.481428791032e+10 1.392571516413e+09 768 7235 3201 19 8 9 9 3.16539992e-08 5.45606645e-08 outputs/V1e26_D10_G10/solution/solution-00025 
 26 3.620685942673e+10 1.392571516413e+09 768 7235 3201 18 8 9 9 3.09707059e-08 5.33504076e-08 outputs/V1e26_D10_G10/solution/solution-00026 
 27 3.759943094314e+10 1.392571516413e+09 768 7235 3201 18 8 9 9 3.03047152e-08 5.21711619e-08 outputs/V1e26_D10_G10/solution/solution-00027 
 28 3.899200245955e+10 1.392571516413e+09 768 7235 3201 18 8 9 9 2.96551634e-08 5.10216045e-08 outputs/V1e26_D10_G10/solution/solution-00028 
 29 4.038457397597e+10 1.392571516413e+09 768 7235 3201 18 8 9 9 2.90212891e-08 4.99005394e-08 outputs/V1e26_D10_G10/solution/solution-00029 
 30 4.177714549238e+10 1.392571516413e+09 768 7235 3201 18 8 9 9 2.84024172e-08 4.88068785e-08 outputs/V1e26_D10_G10/solution/solution-00030 
 31 4.316971700879e+10 1.392571516413e+09 768 7235 3201 18 8 9 9 2.77979450e-08 4.77396261e-08 outputs/V1e26_D10_G10/solution/solution-00031 
 32 4.456228852520e+10 1.392571516413e+09 768 7235 3201 18 8 9 9 2.72073313e-08 4.66978660e-08 outputs/V1e26_D10_G10/solution/solution-00032 
 33 4.595486004162e+10 1.392571516413e+09 768 7235 3201 18 8 9 9 2.66300865e-08 4.56807506e-08 outputs/V1e26_D10_G10/solution/solution-00033 
 34 4.734743155803e+10 1.392571516413e+09 768 7235 3201 18 8 9 9 2.60657651e-08 4.46874917e-08 outputs/V1e26_D10_G10/solution/solution-00034 
 35 4.874000307444e+10 1.392571516413e+09 768 7235 3201 18 8 9 9 2.55139589e-08 4.37173527e-08 outputs/V1e26_D10_G10/solution/solution-00035 
 36 5.013257459085e+10 1.392571516413e+09 768 7235 3201 18 8 9 9 2.49742917e-08 4.27696425e-08 outputs/V1e26_D10_G10/solution/solution-00036 
 37 5.152514610727e+10 1.392571516413e+09 768 7235 3201 18 8 9 9 2.44464145e-08 4.18437098e-08 outputs/V1e26_D10_G10/solution/solution-00037 
 38 5.291771762368e+10 1.392571516413e+09 768 7235 3201 18 8 9 9 2.39300018e-08 4.09389387e-08 outputs/V1e26_D10_G10/solution/solution-00038 
 39 5.431028914009e+10 1.392571516413e+09 768 7235 3201 18 8 9 9 2.34247485e-08 4.00547446e-08 outputs/V1e26_D10_G10/solution/solution-00039 
 40 5.570286065650e+10 1.392571516413e+09 768 7235 3201 18 8 9 9 2.29303669e-08 3.91905707e-08 outputs/V1e26_D10_G10/solution/solution-00040 
 41 5.709543217292e+10 1.392571516413e+09 768 7235 3201 18 8 9 9 2.24465846e-08 3.83458858e-08 outputs/V1e26_D10_G10/solution/solution-00041 
 42 5.848800368933e+10 1.392571516413e+09 768 7235 3201 18 8 9 9 2.19731428e-08 3.75201814e-08 outputs/V1e26_D10_G10/solution/solution-00042 
 43 5.988057520574e+10 1.392571516413e+09 768 7235 3201 18 8 9 9 2.15097943e-08 3.67129696e-08 outputs/V1e26_D10_G10/solution/solution-00043 
 44 6.127314672215e+10 1.392571516413e+09 768 7235 3201 18 8 9 9 2.10563025e-08 3.59237817e-08 outputs/V1e26_D10_G10/solution/solution-00044 
 45 6.266571823857e+10 1.392571516413e+09 768 7235 3201 18 8 9 9 2.06124402e-08 3.51521663e-08 outputs/V1e26_D10_G10/solution/solution-00045 
 46 6.405828975498e+10 1.392571516413e+09 768 7235 3201 17 8 9 9 2.01779885e-08 3.43976880e-08 outputs/V1e26_D10_G10/solution/solution-00046 
 47 6.545086127139e+10 1.392571516413e+09 768 7235 3201 17 8 9 9 1.97527361e-08 3.36599267e-08 outputs/V1e26_D10_G10/solution/solution-00047 
 48 6.684343278781e+10 1.392571516413e+09 768 7235 3201 17 8 9 9 1.93364786e-08 3.29384759e-08 outputs/V1e26_D10_G10/solution/solution-00048 
 49 6.823600430422e+10 1.392571516413e+09 768 7235 3201 17 8 9 9 1.89290181e-08 3.22329423e-08 outputs/V1e26_D10_G10/solution/solution-00049 
 50 6.962857582063e+10 1.392571516413e+09 768 7235 3201 17 8 9 9 1.85301624e-08 3.15429449e-08 outputs/V1e26_D10_G10/solution/solution-00050 
 51 7.102114733704e+10 1.392571516413e+09 768 7235 3201 17 8 9 9 1.81397246e-08 3.08681142e-08 outputs/V1e26_D10_G10/solution/solution-00051 
 52 7.241371885346e+10 1.392571516413e+09 768 7235 3201 17 8 9 9 1.77575232e-08 3.02080917e-08 outputs/V1e26_D10_G10/solution/solution-00052 
 53 7.380629036987e+10 1.392571516413e+09 768 7235 3201 17 8 9 9 1.73833811e-08 2.95625293e-08 outputs/V1e26_D10_G10/solution/solution-00053 
 54 7.519886188628e+10 1.392571516413e+09 768 7235 3201 17 8 9 9 1.70171258e-08 2.89310889e-08 outputs/V1e26_D10_G10/solution/solution-00054 
 55 7.659143340269e+10 1.392571516413e+09 768 7235 3201 17 8 9 9 1.66585892e-08 2.83134417e-08 outputs/V1e26_D10_G10/solution/solution-00055 
 56 7.798400491911e+10 1.392571516413e+09 768 7235 3201 17 8 9 9 1.63076070e-08 2.77092680e-08 outputs/V1e26_D10_G10/solution/solution-00056 
 57 7.937657643552e+10 1.392571516413e+09 768 7235 3201 17 8 9 9 1.59640189e-08 2.71182568e-08 outputs/V1e26_D10_G10/solution/solution-00057 
 58 8.076914795193e+10 1.392571516413e+09 768 7235 3201 17 8 9 9 1.56276683e-08 2.65401054e-08 outputs/V1e26_D10_G10/solution/solution-00058 
 59 8.216171946834e+10 1.392571516413e+09 768 7235 3201 17 8 9 9 1.52984020e-08 2.59745192e-08 outputs/V1e26_D10_G10/solution/solution-00059 
 60 8.355429098476e+10 1.392571516413e+09 768 7235 3201 17 8 9 9 1.49760703e-08 2.54212111e-08 outputs/V1e26_D10_G10/solution/solution-00060 
 61 8.494686250117e+10 1.392571516413e+09 768 7235 3201 17 8 9 9 1.46605270e-08 2.48799016e-08 outputs/V1e26_D10_G10/solution/solution-00061 
 62 8.633943401758e+10 1.392571516413e+09 768 7235 3201 17 8 9 9 1.43516289e-08 2.43503182e-08 outputs/V1e26_D10_G10/solution/solution-00062 
 63 8.773200553399e+10 1.392571516413e+09 768 7235 3201 17 8 9 9 1.40492360e-08 2.38321956e-08 outputs/V1e26_D10_G10/solution/solution-00063 
 64 8.912457705041e+10 1.392571516413e+09 768 7235 3201 17 8 9 9 1.37532112e-08 2.33252749e-08 outputs/V1e26_D10_G10/solution/solution-00064 
 65 9.051714856682e+10 1.392571516413e+09 768 7235 3201 17 8 9 9 1.34634204e-08 2.28293038e-08 outputs/V1e26_D10_G10/solution/solution-00065 
 66 9.190972008323e+10 1.392571516413e+09 768 7235 3201 17 8 9 9 1.31797326e-08 2.23440364e-08 outputs/V1e26_D10_G10/solution/solution-00066 
 67 9.330229159964e+10 1.392571516413e+09 768 7235 3201 17 8 9 9 1.29020192e-08 2.18692326e-08 outputs/V1e26_D10_G10/solution/solution-00067 
 68 9.469486311606e+10 1.392571516413e+09 768 7235 3201 17 8 9 9 1.26301546e-08 2.14046585e-08 outputs/V1e26_D10_G10/solution/solution-00068 
 69 9.608743463247e+10 1.392571516413e+09 768 7235 3201 17 8 9 9 1.23640158e-08 2.09500857e-08 outputs/V1e26_D10_G10/solution/solution-00069 
 70 9.748000614888e+10 1.392571516413e+09 768 7235 3201 17 8 9 9 1.21034822e-08 2.05052915e-08 outputs/V1e26_D10_G10/solution/solution-00070 
 71 9.887257766530e+10 1.392571516413e+09 768 7235 3201 17 8 9 9 1.18484360e-08 2.00700583e-08 outputs/V1e26_D10_G10/solution/solution-00071 
 72 1.002651491817e+11 1.392571516413e+09 768 7235 3201 16 8 9 9 1.15987619e-08 1.96441742e-08 outputs/V1e26_D10_G10/solution/solution-00072 
 73 1.016577206981e+11 1.392571516413e+09 768 7235 3201 16 8 9 9 1.13543467e-08 1.92274319e-08 outputs/V1e26_D10_G10/solution/solution-00073 
 74 1.030502922145e+11 1.392571516413e+09 768 7235 3201 16 8 9 9 1.11150800e-08 1.88196294e-08 outputs/V1e26_D10_G10/solution/solution-00074 
 75 1.044428637309e+11 1.392571516413e+09 768 7235 3201 16 8 9 9 1.08808533e-08 1.84205693e-08 outputs/V1e26_D10_G10/solution/solution-00075 
 76 1.058354352474e+11 1.392571516413e+09 768 7235 3201 16 8 9 9 1.06515606e-08 1.80300589e-08 outputs/V1e26_D10_G10/solution/solution-00076 
 77 1.072280067638e+11 1.392571516413e+09 768 7235 3201 16 8 9 9 1.04270982e-08 1.76479101e-08 outputs/V1e26_D10_G10/solution/solution-00077 
 78 1.086205782802e+11 1.392571516413e+09 768 7235 3201 16 8 9 9 1.02073644e-08 1.72739391e-08 outputs/V1e26_D10_G10/solution/solution-00078 
 79 1.100131497966e+11 1.392571516413e+09 768 7235 3201 16 8 9 9 9.99225980e-09 1.69079665e-08 outputs/V1e26_D10_G10/solution/solution-00079 
 80 1.114057213130e+11 1.392571516413e+09 768 7235 3201 16 8 9 9 9.78168686e-09 1.65498171e-08 outputs/V1e26_D10_G10/solution/solution-00080 
 81 1.127982928294e+11 1.392571516413e+09 768 7235 3201 16 8 9 9 9.57555027e-09 1.61993198e-08 outputs/V1e26_D10_G10/solution/solution-00081 
 82 1.141908643458e+11 1.392571516413e+09 768 7235 3201 16 8 9 9 9.37375667e-09 1.58563072e-08 outputs/V1e26_D10_G10/solution/solution-00082 
 83 1.155834358622e+11 1.392571516413e+09 768 7235 3201 16 8 9 9 9.17621463e-09 1.55206162e-08 outputs/V1e26_D10_G10/solution/solution-00083 
 84 1.169760073787e+11 1.392571516413e+09 768 7235 3201 16 8 9 9 8.98283468e-09 1.51920870e-08 outputs/V1e26_D10_G10/solution/solution-00084 
 85 1.183685788951e+11 1.392571516413e+09 768 7235 3201 16 8 9 9 8.79352919e-09 1.48705638e-08 outputs/V1e26_D10_G10/solution/solution-00085 
 86 1.197611504115e+11 1.392571516413e+09 768 7235 3201 16 8 9 9 8.60821239e-09 1.45558942e-08 outputs/V1e26_D10_G10/solution/solution-00086 
 87 1.211537219279e+11 1.392571516413e+09 768 7235 3201 16 8 9 9 8.42680031e-09 1.42479293e-08 outputs/V1e26_D10_G10/solution/solution-00087 
 88 1.225462934443e+11 1.392571516413e+09 768 7235 3201 16 8 9 9 8.24921072e-09 1.39465237e-08 outputs/V1e26_D10_G10/solution/solution-00088 
 89 1.239388649607e+11 1.392571516413e+09 768 7235 3201 16 8 9 9 8.07536315e-09 1.36515352e-08 outputs/V1e26_D10_G10/solution/solution-00089 
 90 1.253314364771e+11 1.392571516413e+09 768 7235 3201 16 8 9 9 7.90517879e-09 1.33628248e-08 outputs/V1e26_D10_G10/solution/solution-00090 
 91 1.267240079935e+11 1.392571516413e+09 768 7235 3201 16 8 9 9 7.73858050e-09 1.30802566e-08 outputs/V1e26_D10_G10/solution/solution-00091 
 92 1.281165795100e+11 1.392571516413e+09 768 7235 3201 16 8 9 9 7.57549277e-09 1.28036981e-08 outputs/V1e26_D10_G10/solution/solution-00092 
 93 1.295091510264e+11 1.392571516413e+09 768 7235 3201 16 8 9 9 7.41584165e-09 1.25330193e-08 outputs/V1e26_D10_G10/solution/solution-00093 
 94 1.309017225428e+11 1.392571516413e+09 768 7235 3201 16 8 9 9 7.25955477e-09 1.22680934e-08 outputs/V1e26_D10_G10/solution/solution-00094 
 95 1.322942940592e+11 1.392571516413e+09 768 7235 3201 16 8 9 9 7.10656126e-09 1.20087964e-08 outputs/V1e26_D10_G10/solution/solution-00095 
 96 1.336868655756e+11 1.392571516413e+09 768 7235 3201 16 8 9 9 6.95679176e-09 1.17550070e-08 outputs/V1e26_D10_G10/solution/solution-00096 
 97 1.350794370920e+11 1.392571516413e+09 768 7235 3201 15 8 9 9 6.81017836e-09 1.15066068e-08 outputs/V1e26_D10_G10/solution/solution-00097 
 98 1.364720086084e+11 1.392571516413e+09 768 7235 3201 15 8 9 9 6.66665458e-09 1.12634798e-08 outputs/V1e26_D10_G10/solution/solution-00098 
 99 1.378645801248e+11 1.392571516413e+09 768 7235 3201 15 8 9 9 6.52615532e-09 1.10255126e-08 outputs/V1e26_D10_G10/solution/solution-00099 
100 1.392571516413e+11 1.392571516413e+09 768 7235 3201 15 8 9 9 6.38861687e-09 1.07925946e-08 outputs/V1e26_D10_G10/solution/solution-00100 
