# 1: Time step number
# 2: Time (years)
# 3: Time step size (years)
# 4: Number of mesh cells
# 5: Number of Stokes degrees of freedom
# 6: Number of temperature degrees of freedom
# 7: Iterations for temperature solver
# 8: Iterations for Stokes solver
# 9: Velocity iterations in Stokes preconditioner
# 10: Schur complement iterations in Stokes preconditioner
# 11: RMS velocity (m/year)
# 12: Max. velocity (m/year)
# 13: Visualization file name
  0 0.000000000000e+00 0.000000000000e+00 768 7235 3201  0 8 9 9 3.13636590e-07 1.52379385e-06 outputs/V3.3e25_D10000_G12/solution/solution-00000 
  1 1.392571516413e+09 1.392571516413e+09 768 7235 3201 32 8 9 9 4.76393947e-07 1.04701375e-06 outputs/V3.3e25_D10000_G12/solution/solution-00001 
  2 2.785143032825e+09 1.392571516413e+09 768 7235 3201 26 8 9 9 9.40741781e-07 1.64774736e-06 outputs/V3.3e25_D10000_G12/solution/solution-00002 
  3 4.177714549238e+09 1.392571516413e+09 768 7235 3201 25 8 9 9 1.81535402e-06 3.25767067e-06 outputs/V3.3e25_D10000_G12/solution/solution-00003 
  4 5.570286065650e+09 1.392571516413e+09 768 7235 3201 24 8 9 9 3.32680602e-06 6.10681546e-06 outputs/V3.3e25_D10000_G12/solution/solution-00004 
  5 6.962857582063e+09 1.392571516413e+09 768 7235 3201 23 8 9 9 5.80026653e-06 1.08684090e-05 outputs/V3.3e25_D10000_G12/solution/solution-00005 
  6 8.355429098476e+09 1.392571516413e+09 768 7235 3201 23 8 9 9 9.66104903e-06 1.84373245e-05 outputs/V3.3e25_D10000_G12/solution/solution-00006 
  7 9.748000614888e+09 1.392571516413e+09 768 7235 3201 22 8 9 9 1.54375039e-05 2.99395157e-05 outputs/V3.3e25_D10000_G12/solution/solution-00007 
  8 1.114057213130e+10 1.392571516413e+09 768 7235 3201 22 8 9 9 2.37573871e-05 4.67403752e-05 outputs/V3.3e25_D10000_G12/solution/solution-00008 
  9 1.253314364771e+10 1.392571516413e+09 768 7235 3201 23 8 9 9 3.53402465e-05 7.03847207e-05 outputs/V3.3e25_D10000_G12/solution/solution-00009 
 10 1.386489840383e+10 1.331754756118e+09 768 7235 3201 23 8 9 9 5.02737025e-05 1.01197821e-04 outputs/V3.3e25_D10000_G12/solution/solution-00010 
 11 1.479171189728e+10 9.268134934499e+08 768 7235 3201 19 7 8 8 6.36388166e-05 1.28977939e-04 outputs/V3.3e25_D10000_G12/solution/solution-00011 
 12 1.551858039091e+10 7.268684936273e+08 768 7235 3201 17 7 8 8 7.62317400e-05 1.55311031e-04 outputs/V3.3e25_D10000_G12/solution/solution-00012 
 13 1.612233337628e+10 6.037529853693e+08 768 7235 3201 15 7 8 8 8.83120880e-05 1.80692309e-04 outputs/V3.3e25_D10000_G12/solution/solution-00013 
 14 1.664123227728e+10 5.188989009999e+08 768 7235 3201 14 6 7 7 1.00012006e-04 2.05381764e-04 outputs/V3.3e25_D10000_G12/solution/solution-00014 
 15 1.709769928777e+10 4.564670104959e+08 768 7235 3201 13 6 7 7 1.11418607e-04 2.29511606e-04 outputs/V3.3e25_D10000_G12/solution/solution-00015 
 16 1.750634387465e+10 4.086445868770e+08 768 7235 3201 12 6 7 7 1.22596490e-04 2.53093048e-04 outputs/V3.3e25_D10000_G12/solution/solution-00016 
 17 1.787663335063e+10 3.702894759774e+08 768 7235 3201 12 6 7 7 1.33571926e-04 2.76389083e-04 outputs/V3.3e25_D10000_G12/solution/solution-00017 
 18 1.821597210526e+10 3.393387546353e+08 768 7235 3201 11 6 7 7 1.44373266e-04 2.99150239e-04 outputs/V3.3e25_D10000_G12/solution/solution-00018 
 19 1.852935978766e+10 3.133876823941e+08 768 7235 3201 11 6 7 7 1.54995698e-04 3.21410434e-04 outputs/V3.3e25_D10000_G12/solution/solution-00019 
 20 1.882104291317e+10 2.916831255113e+08 768 7235 3201 11 6 7 7 1.65437052e-04 3.43242380e-04 outputs/V3.3e25_D10000_G12/solution/solution-00020 
 21 1.909430964090e+10 2.732667277350e+08 768 7235 3201 10 6 7 7 1.75682603e-04 3.64243961e-04 outputs/V3.3e25_D10000_G12/solution/solution-00021 
 22 1.935157061008e+10 2.572609691723e+08 768 7235 3201 10 6 7 7 1.85699915e-04 3.84861824e-04 outputs/V3.3e25_D10000_G12/solution/solution-00022 
 23 1.959518236594e+10 2.436117558617e+08 768 7235 3201 10 6 7 7 1.95465965e-04 4.04647782e-04 outputs/V3.3e25_D10000_G12/solution/solution-00023 
 24 1.982702164810e+10 2.318392821653e+08 768 7235 3201 10 6 7 7 2.04948598e-04 4.23543842e-04 outputs/V3.3e25_D10000_G12/solution/solution-00024 
 25 2.004836827299e+10 2.213466248886e+08 768 7235 3201 10 6 7 7 2.14098944e-04 4.41593546e-04 outputs/V3.3e25_D10000_G12/solution/solution-00025 
 26 2.026066757120e+10 2.122992982065e+08 768 7235 3201 10 6 7 7 2.22881607e-04 4.58479204e-04 outputs/V3.3e25_D10000_G12/solution/solution-00026 
 27 2.046515646715e+10 2.044888959515e+08 768 7235 3201  9 6 7 7 2.31258726e-04 4.74525868e-04 outputs/V3.3e25_D10000_G12/solution/solution-00027 
 28 2.066290665430e+10 1.977501871545e+08 768 7235 3201  9 6 7 7 2.39191040e-04 4.89280279e-04 outputs/V3.3e25_D10000_G12/solution/solution-00028 
 29 2.085458614388e+10 1.916794895773e+08 768 7235 3201  9 6 7 7 2.46628563e-04 5.02669483e-04 outputs/V3.3e25_D10000_G12/solution/solution-00029 
 30 2.104103910088e+10 1.864529570007e+08 768 7235 3201  9 6 7 7 2.53534097e-04 5.14728168e-04 outputs/V3.3e25_D10000_G12/solution/solution-00030 
 31 2.122303829540e+10 1.819991945211e+08 768 7235 3201  9 6 7 7 2.59872824e-04 5.25892497e-04 outputs/V3.3e25_D10000_G12/solution/solution-00031 
 32 2.140127885150e+10 1.782405560973e+08 768 7235 3201  9 6 7 7 2.65612079e-04 5.35586080e-04 outputs/V3.3e25_D10000_G12/solution/solution-00032 
 33 2.157639237648e+10 1.751135249778e+08 768 7235 3201  9 6 7 7 2.70722010e-04 5.44378419e-04 outputs/V3.3e25_D10000_G12/solution/solution-00033 
 34 2.174870253285e+10 1.723101563767e+08 768 7235 3201  9 6 7 7 2.75170031e-04 5.57668027e-04 outputs/V3.3e25_D10000_G12/solution/solution-00034 
 35 2.191688995199e+10 1.681874191333e+08 768 7235 3201  9 6 7 7 2.78898971e-04 5.69298313e-04 outputs/V3.3e25_D10000_G12/solution/solution-00035 
 36 2.208162896033e+10 1.647390083403e+08 768 7235 3201  9 6 7 7 2.81918761e-04 5.79287132e-04 outputs/V3.3e25_D10000_G12/solution/solution-00036 
 37 2.224351851785e+10 1.618895575251e+08 768 7235 3201  9 6 7 7 2.84242287e-04 5.87660851e-04 outputs/V3.3e25_D10000_G12/solution/solution-00037 
 38 2.240309585945e+10 1.595773415928e+08 768 7235 3201  9 6 7 7 2.85885347e-04 5.94453638e-04 outputs/V3.3e25_D10000_G12/solution/solution-00038 
 39 2.256084744774e+10 1.577515882973e+08 768 7235 3201  9 6 7 7 2.86866536e-04 5.99706689e-04 outputs/V3.3e25_D10000_G12/solution/solution-00039 
 40 2.271721787200e+10 1.563704242546e+08 768 7235 3201  9 6 7 7 2.87207081e-04 6.03467468e-04 outputs/V3.3e25_D10000_G12/solution/solution-00040 
 41 2.287261715186e+10 1.553992798663e+08 768 7235 3201  9 6 7 7 2.86930643e-04 6.05788967e-04 outputs/V3.3e25_D10000_G12/solution/solution-00041 
 42 2.302742678743e+10 1.548096355627e+08 768 7235 3201  9 6 7 7 2.86063095e-04 6.06728997e-04 outputs/V3.3e25_D10000_G12/solution/solution-00042 
 43 2.318200481381e+10 1.545780263821e+08 768 7235 3201  9 6 7 7 2.84632275e-04 6.06349505e-04 outputs/V3.3e25_D10000_G12/solution/solution-00043 
 44 2.333669005825e+10 1.546852444433e+08 768 7235 3201  9 6 7 7 2.82667735e-04 6.04715932e-04 outputs/V3.3e25_D10000_G12/solution/solution-00044 
 45 2.349180575262e+10 1.551156943668e+08 768 7235 3201  9 6 7 7 2.80200478e-04 6.01896592e-04 outputs/V3.3e25_D10000_G12/solution/solution-00045 
 46 2.364766262031e+10 1.558568676878e+08 768 7235 3201  9 6 7 7 2.77262694e-04 5.97962091e-04 outputs/V3.3e25_D10000_G12/solution/solution-00046 
 47 2.380456153057e+10 1.568989102601e+08 768 7235 3201  9 6 7 7 2.73887505e-04 5.92984772e-04 outputs/V3.3e25_D10000_G12/solution/solution-00047 
 48 2.396279579304e+10 1.582342624739e+08 768 7235 3201  9 6 7 7 2.70108702e-04 5.87038202e-04 outputs/V3.3e25_D10000_G12/solution/solution-00048 
 49 2.412265314948e+10 1.598573564433e+08 768 7235 3201  9 6 7 7 2.65960509e-04 5.80196675e-04 outputs/V3.3e25_D10000_G12/solution/solution-00049 
 50 2.428441750702e+10 1.617643575401e+08 768 7235 3201  9 6 7 7 2.61477341e-04 5.72534762e-04 outputs/V3.3e25_D10000_G12/solution/solution-00050 
 51 2.444832685935e+10 1.639093523206e+08 768 7235 3201  9 6 7 7 2.56694886e-04 5.64129191e-04 outputs/V3.3e25_D10000_G12/solution/solution-00051 
 52 2.461464652249e+10 1.663196631412e+08 768 7235 3201  9 6 7 7 2.51647902e-04 5.55055075e-04 outputs/V3.3e25_D10000_G12/solution/solution-00052 
 53 2.478365112559e+10 1.690046031056e+08 768 7235 3201  9 6 7 7 2.46370405e-04 5.45386082e-04 outputs/V3.3e25_D10000_G12/solution/solution-00053 
 54 2.495561572632e+10 1.719646007304e+08 768 7235 3201  9 6 7 7 2.40895755e-04 5.35194526e-04 outputs/V3.3e25_D10000_G12/solution/solution-00054 
 55 2.513081655287e+10 1.752008265456e+08 768 7235 3201  9 6 7 7 2.35256489e-04 5.24578125e-04 outputs/V3.3e25_D10000_G12/solution/solution-00055 
 56 2.530953159185e+10 1.787150389795e+08 768 7235 3201  9 6 7 7 2.29484179e-04 5.13672085e-04 outputs/V3.3e25_D10000_G12/solution/solution-00056 
 57 2.549204102281e+10 1.825094309641e+08 768 7235 3201  9 6 7 7 2.23609302e-04 5.02447995e-04 outputs/V3.3e25_D10000_G12/solution/solution-00057 
 58 2.567862749727e+10 1.865864744537e+08 768 7235 3201  9 6 7 7 2.17661127e-04 4.90969409e-04 outputs/V3.3e25_D10000_G12/solution/solution-00058 
 59 2.586957625767e+10 1.909487604010e+08 768 7235 3201  9 6 7 7 2.11667622e-04 4.79297340e-04 outputs/V3.3e25_D10000_G12/solution/solution-00059 
 60 2.606517508982e+10 1.955988321527e+08 768 7235 3201  9 6 7 7 2.05655369e-04 4.67490089e-04 outputs/V3.3e25_D10000_G12/solution/solution-00060 
 61 2.626571410050e+10 2.005390106846e+08 768 7235 3201  9 6 7 7 1.99649501e-04 4.55603093e-04 outputs/V3.3e25_D10000_G12/solution/solution-00061 
 62 2.647148531111e+10 2.057712106053e+08 768 7235 3201  9 6 7 7 1.93673644e-04 4.43688801e-04 outputs/V3.3e25_D10000_G12/solution/solution-00062 
 63 2.668278205754e+10 2.112967464315e+08 768 7235 3201  9 6 7 7 1.87749876e-04 4.31796570e-04 outputs/V3.3e25_D10000_G12/solution/solution-00063 
 64 2.689989818682e+10 2.171161292837e+08 768 7235 3201  9 6 7 7 1.81898703e-04 4.19972588e-04 outputs/V3.3e25_D10000_G12/solution/solution-00064 
 65 2.712312704171e+10 2.232288548897e+08 768 7235 3201  9 6 7 7 1.76139033e-04 4.08259809e-04 outputs/V3.3e25_D10000_G12/solution/solution-00065 
 66 2.735276022632e+10 2.296331846108e+08 768 7235 3201  9 6 7 7 1.70488175e-04 3.96723763e-04 outputs/V3.3e25_D10000_G12/solution/solution-00066 
 67 2.758908614845e+10 2.363259221209e+08 768 7235 3201  9 6 7 7 1.64961834e-04 3.85462749e-04 outputs/V3.3e25_D10000_G12/solution/solution-00067 
 68 2.783238833781e+10 2.433021893619e+08 768 7235 3201  9 6 7 7 1.59574129e-04 3.74416076e-04 outputs/V3.3e25_D10000_G12/solution/solution-00068 
 69 2.808294354425e+10 2.505552064416e+08 768 7235 3201 10 6 7 7 1.54337602e-04 3.63613305e-04 outputs/V3.3e25_D10000_G12/solution/solution-00069 
 70 2.834101962545e+10 2.580760811979e+08 768 7235 3201 10 6 7 7 1.49263252e-04 3.53080792e-04 outputs/V3.3e25_D10000_G12/solution/solution-00070 
 71 2.860687324062e+10 2.658536151704e+08 768 7235 3201 10 6 7 7 1.44360564e-04 3.42841737e-04 outputs/V3.3e25_D10000_G12/solution/solution-00071 
 72 2.888063911316e+10 2.737658725469e+08 768 7235 3201 10 5 6 6 1.39639349e-04 3.32920056e-04 outputs/V3.3e25_D10000_G12/solution/solution-00072 
 73 2.916250026716e+10 2.818611539986e+08 768 7235 3201 10 5 6 6 1.35106495e-04 3.23333591e-04 outputs/V3.3e25_D10000_G12/solution/solution-00073 
 74 2.945265439919e+10 2.901541320242e+08 768 7235 3201 10 5 6 6 1.30766858e-04 3.14095903e-04 outputs/V3.3e25_D10000_G12/solution/solution-00074 
 75 2.975127827374e+10 2.986238745540e+08 768 7235 3201 10 5 6 6 1.26623959e-04 3.05217731e-04 outputs/V3.3e25_D10000_G12/solution/solution-00075 
 76 3.005852530304e+10 3.072470293006e+08 768 7235 3201 10 5 6 6 1.22680054e-04 2.96707119e-04 outputs/V3.3e25_D10000_G12/solution/solution-00076 
 77 3.037452321729e+10 3.159979142523e+08 768 7235 3201 10 5 6 6 1.18936209e-04 2.88569574e-04 outputs/V3.3e25_D10000_G12/solution/solution-00077 
 78 3.069937188567e+10 3.248486683736e+08 768 7235 3201 10 5 6 6 1.15392372e-04 2.80808222e-04 outputs/V3.3e25_D10000_G12/solution/solution-00078 
 79 3.103314135153e+10 3.337694658666e+08 768 7235 3201 10 5 6 6 1.12047457e-04 2.73423965e-04 outputs/V3.3e25_D10000_G12/solution/solution-00079 
 80 3.137587014566e+10 3.427287941247e+08 768 7235 3201 11 5 6 6 1.08899427e-04 2.66415655e-04 outputs/V3.3e25_D10000_G12/solution/solution-00080 
 81 3.172756393865e+10 3.516937929955e+08 768 7235 3201 11 5 6 6 1.05945376e-04 2.59780256e-04 outputs/V3.3e25_D10000_G12/solution/solution-00081 
 82 3.208819458891e+10 3.606306502542e+08 768 7235 3201 11 5 6 6 1.03181619e-04 2.53513014e-04 outputs/V3.3e25_D10000_G12/solution/solution-00082 
 83 3.245769963434e+10 3.695050454316e+08 768 7235 3201 11 5 6 6 1.00603775e-04 2.47607624e-04 outputs/V3.3e25_D10000_G12/solution/solution-00083 
 84 3.283598226584e+10 3.782826315026e+08 768 7235 3201 11 5 6 6 9.82068550e-05 2.42056397e-04 outputs/V3.3e25_D10000_G12/solution/solution-00084 
 85 3.322291180745e+10 3.869295416052e+08 768 7235 3201 11 5 6 6 9.59853460e-05 2.36850414e-04 outputs/V3.3e25_D10000_G12/solution/solution-00085 
 86 3.361832471357e+10 3.954129061237e+08 768 7235 3201 11 6 7 7 9.39332959e-05 2.31979687e-04 outputs/V3.3e25_D10000_G12/solution/solution-00086 
 87 3.402202607650e+10 4.037013629319e+08 768 7235 3201 11 6 7 7 9.20443889e-05 2.27433304e-04 outputs/V3.3e25_D10000_G12/solution/solution-00087 
 88 3.443379162917e+10 4.117655526665e+08 768 7235 3201 11 6 7 7 9.03120255e-05 2.23199574e-04 outputs/V3.3e25_D10000_G12/solution/solution-00088 
 89 3.485337019193e+10 4.195785627553e+08 768 7235 3201 11 6 7 7 8.87293905e-05 2.19266163e-04 outputs/V3.3e25_D10000_G12/solution/solution-00089 
 90 3.528048652497e+10 4.271163330461e+08 768 7235 3201 11 6 7 7 8.72895192e-05 2.15620219e-04 outputs/V3.3e25_D10000_G12/solution/solution-00090 
 91 3.571484451494e+10 4.343579899718e+08 768 7235 3201 12 6 7 7 8.59853573e-05 2.12248494e-04 outputs/V3.3e25_D10000_G12/solution/solution-00091 
 92 3.615613062271e+10 4.412861077691e+08 768 7235 3201 12 6 7 7 8.48098146e-05 2.09137454e-04 outputs/V3.3e25_D10000_G12/solution/solution-00092 
 93 3.660401751155e+10 4.478868888418e+08 768 7235 3201 12 6 7 7 8.37558128e-05 2.06273383e-04 outputs/V3.3e25_D10000_G12/solution/solution-00093 
 94 3.705816777174e+10 4.541502601903e+08 768 7235 3201 12 6 7 7 8.28163277e-05 2.03642478e-04 outputs/V3.3e25_D10000_G12/solution/solution-00094 
 95 3.751823765805e+10 4.600698863059e+08 768 7235 3201 12 6 7 7 8.19844250e-05 2.01230934e-04 outputs/V3.3e25_D10000_G12/solution/solution-00095 
 96 3.798388076025e+10 4.656431022025e+08 768 7235 3201 12 6 7 7 8.12532920e-05 1.99025028e-04 outputs/V3.3e25_D10000_G12/solution/solution-00096 
 97 3.845475153340e+10 4.708707731489e+08 768 7235 3201 12 6 7 7 8.06162631e-05 1.97011183e-04 outputs/V3.3e25_D10000_G12/solution/solution-00097 
 98 3.893050862341e+10 4.757570900047e+08 768 7235 3201 12 6 7 7 8.00668419e-05 1.95176037e-04 outputs/V3.3e25_D10000_G12/solution/solution-00098 
 99 3.941081793418e+10 4.803093107714e+08 768 7235 3201 12 6 7 7 7.95987191e-05 1.93506500e-04 outputs/V3.3e25_D10000_G12/solution/solution-00099 
100 3.989535539419e+10 4.845374600071e+08 768 7235 3201 12 6 7 7 7.92057868e-05 1.91989799e-04 outputs/V3.3e25_D10000_G12/solution/solution-00100 
