# 1: Time step number
# 2: Time (years)
# 3: Time step size (years)
# 4: Number of mesh cells
# 5: Number of Stokes degrees of freedom
# 6: Number of temperature degrees of freedom
# 7: Iterations for temperature solver
# 8: Iterations for Stokes solver
# 9: Velocity iterations in Stokes preconditioner
# 10: Schur complement iterations in Stokes preconditioner
# 11: RMS velocity (m/year)
# 12: Max. velocity (m/year)
# 13: Visualization file name
  0 0.000000000000e+00 0.000000000000e+00 768 7235 3201  0 8 9 9 1.32245070e-08 2.27249003e-08 outputs/V1e26_D300_G2/solution/solution-00000 
  1 1.392571516413e+09 1.392571516413e+09 768 7235 3201 31 8 9 9 1.25568083e-08 2.11801987e-08 outputs/V1e26_D300_G2/solution/solution-00001 
  2 2.785143032825e+09 1.392571516413e+09 768 7235 3201 25 8 9 9 1.19301059e-08 2.01393728e-08 outputs/V1e26_D300_G2/solution/solution-00002 
  3 4.177714549238e+09 1.392571516413e+09 768 7235 3201 24 8 9 9 1.13404865e-08 1.91529310e-08 outputs/V1e26_D300_G2/solution/solution-00003 
  4 5.570286065650e+09 1.392571516413e+09 768 7235 3201 23 8 9 9 1.07835223e-08 1.82207890e-08 outputs/V1e26_D300_G2/solution/solution-00004 
  5 6.962857582063e+09 1.392571516413e+09 768 7235 3201 22 8 9 9 1.02575345e-08 1.73397253e-08 outputs/V1e26_D300_G2/solution/solution-00005 
  6 8.355429098476e+09 1.392571516413e+09 768 7235 3201 22 8 9 9 9.76038553e-09 1.65060246e-08 outputs/V1e26_D300_G2/solution/solution-00006 
  7 9.748000614888e+09 1.392571516413e+09 768 7235 3201 21 8 9 9 9.29000985e-09 1.57162121e-08 outputs/V1e26_D300_G2/solution/solution-00007 
  8 1.114057213130e+10 1.392571516413e+09 768 7235 3201 21 8 9 9 8.84451487e-09 1.49671972e-08 outputs/V1e26_D300_G2/solution/solution-00008 
  9 1.253314364771e+10 1.392571516413e+09 768 7235 3201 20 8 9 9 8.42219597e-09 1.42562517e-08 outputs/V1e26_D300_G2/solution/solution-00009 
 10 1.392571516413e+10 1.392571516413e+09 768 7235 3201 20 8 9 9 8.02152290e-09 1.35809547e-08 outputs/V1e26_D300_G2/solution/solution-00010 
 11 1.531828668054e+10 1.392571516413e+09 768 7235 3201 20 8 9 9 7.64111865e-09 1.29391388e-08 outputs/V1e26_D300_G2/solution/solution-00011 
 12 1.671085819695e+10 1.392571516413e+09 768 7235 3201 20 8 9 9 7.27973854e-09 1.23288457e-08 outputs/V1e26_D300_G2/solution/solution-00012 
 13 1.810342971336e+10 1.392571516413e+09 768 7235 3201 20 8 9 9 6.93625179e-09 1.17482924e-08 outputs/V1e26_D300_G2/solution/solution-00013 
 14 1.949600122978e+10 1.392571516413e+09 768 7235 3201 19 8 9 9 6.60962590e-09 1.11958439e-08 outputs/V1e26_D300_G2/solution/solution-00014 
 15 2.088857274619e+10 1.392571516413e+09 768 7235 3201 19 8 9 9 6.29891358e-09 1.06699920e-08 outputs/V1e26_D300_G2/solution/solution-00015 
 16 2.228114426260e+10 1.392571516413e+09 768 7235 3201 19 8 9 9 6.00324185e-09 1.01693387e-08 outputs/V1e26_D300_G2/solution/solution-00016 
 17 2.367371577901e+10 1.392571516413e+09 768 7235 3201 19 8 9 9 5.72180298e-09 9.69258249e-09 outputs/V1e26_D300_G2/solution/solution-00017 
 18 2.506628729543e+10 1.392571516413e+09 768 7235 3201 19 8 9 9 5.45384680e-09 9.23850743e-09 outputs/V1e26_D300_G2/solution/solution-00018 
 19 2.645885881184e+10 1.392571516413e+09 768 7235 3201 19 8 9 9 5.19867439e-09 8.80597407e-09 outputs/V1e26_D300_G2/solution/solution-00019 
 20 2.785143032825e+10 1.392571516413e+09 768 7235 3201 19 8 9 9 4.95563257e-09 8.39391187e-09 outputs/V1e26_D300_G2/solution/solution-00020 
 21 2.924400184466e+10 1.392571516413e+09 768 7235 3201 19 8 9 9 4.72410937e-09 8.00131279e-09 outputs/V1e26_D300_G2/solution/solution-00021 
 22 3.063657336108e+10 1.392571516413e+09 768 7235 3201 18 8 9 9 4.50353009e-09 7.62722591e-09 outputs/V1e26_D300_G2/solution/solution-00022 
 23 3.202914487749e+10 1.392571516413e+09 768 7235 3201 18 8 9 9 4.29335395e-09 7.27075275e-09 outputs/V1e26_D300_G2/solution/solution-00023 
 24 3.342171639390e+10 1.392571516413e+09 768 7235 3201 18 8 9 9 4.09307114e-09 6.93104324e-09 outputs/V1e26_D300_G2/solution/solution-00024 
 25 3.481428791032e+10 1.392571516413e+09 768 7235 3201 18 8 9 9 3.90220037e-09 6.60729221e-09 outputs/V1e26_D300_G2/solution/solution-00025 
 26 3.620685942673e+10 1.392571516413e+09 768 7235 3201 18 8 9 9 3.72028657e-09 6.29873626e-09 outputs/V1e26_D300_G2/solution/solution-00026 
 27 3.759943094314e+10 1.392571516413e+09 768 7235 3201 18 8 9 9 3.54689905e-09 6.00465102e-09 outputs/V1e26_D300_G2/solution/solution-00027 
 28 3.899200245955e+10 1.392571516413e+09 768 7235 3201 18 8 9 9 3.38162972e-09 5.72434867e-09 outputs/V1e26_D300_G2/solution/solution-00028 
 29 4.038457397597e+10 1.392571516413e+09 768 7235 3201 18 8 9 9 3.22409156e-09 5.45717569e-09 outputs/V1e26_D300_G2/solution/solution-00029 
 30 4.177714549238e+10 1.392571516413e+09 768 7235 3201 18 8 9 9 3.07391729e-09 5.20251088e-09 outputs/V1e26_D300_G2/solution/solution-00030 
 31 4.316971700879e+10 1.392571516413e+09 768 7235 3201 18 8 9 9 2.93075812e-09 4.95976350e-09 outputs/V1e26_D300_G2/solution/solution-00031 
 32 4.456228852520e+10 1.392571516413e+09 768 7235 3201 18 8 9 9 2.79428261e-09 4.72837153e-09 outputs/V1e26_D300_G2/solution/solution-00032 
 33 4.595486004162e+10 1.392571516413e+09 768 7235 3201 18 8 9 9 2.66417566e-09 4.50780021e-09 outputs/V1e26_D300_G2/solution/solution-00033 
 34 4.734743155803e+10 1.392571516413e+09 768 7235 3201 18 8 9 9 2.54013762e-09 4.29754048e-09 outputs/V1e26_D300_G2/solution/solution-00034 
 35 4.874000307444e+10 1.392571516413e+09 768 7235 3201 18 8 9 9 2.42188337e-09 4.09710772e-09 outputs/V1e26_D300_G2/solution/solution-00035 
 36 5.013257459085e+10 1.392571516413e+09 768 7235 3201 18 8 9 9 2.30914157e-09 3.90604048e-09 outputs/V1e26_D300_G2/solution/solution-00036 
 37 5.152514610727e+10 1.392571516413e+09 768 7235 3201 18 8 9 9 2.20165391e-09 3.72389924e-09 outputs/V1e26_D300_G2/solution/solution-00037 
 38 5.291771762368e+10 1.392571516413e+09 768 7235 3201 17 8 9 9 2.09917444e-09 3.55026543e-09 outputs/V1e26_D300_G2/solution/solution-00038 
 39 5.431028914009e+10 1.392571516413e+09 768 7235 3201 17 8 9 9 2.00146892e-09 3.38474027e-09 outputs/V1e26_D300_G2/solution/solution-00039 
 40 5.570286065650e+10 1.392571516413e+09 768 7235 3201 17 8 9 9 1.90831424e-09 3.22694386e-09 outputs/V1e26_D300_G2/solution/solution-00040 
 41 5.709543217292e+10 1.392571516413e+09 768 7235 3201 17 8 9 9 1.81949784e-09 3.07651426e-09 outputs/V1e26_D300_G2/solution/solution-00041 
 42 5.848800368933e+10 1.392571516413e+09 768 7235 3201 17 8 9 9 1.73481719e-09 2.93310660e-09 outputs/V1e26_D300_G2/solution/solution-00042 
 43 5.988057520574e+10 1.392571516413e+09 768 7235 3201 17 8 9 9 1.65407934e-09 2.79639227e-09 outputs/V1e26_D300_G2/solution/solution-00043 
 44 6.127314672215e+10 1.392571516413e+09 768 7235 3201 17 8 9 9 1.57710038e-09 2.66605809e-09 outputs/V1e26_D300_G2/solution/solution-00044 
 45 6.266571823857e+10 1.392571516413e+09 768 7235 3201 17 8 9 9 1.50370504e-09 2.54180567e-09 outputs/V1e26_D300_G2/solution/solution-00045 
 46 6.405828975498e+10 1.392571516413e+09 768 7235 3201 17 8 9 9 1.43372630e-09 2.42335060e-09 outputs/V1e26_D300_G2/solution/solution-00046 
 47 6.545086127139e+10 1.392571516413e+09 768 7235 3201 17 8 9 9 1.36700493e-09 2.31042184e-09 outputs/V1e26_D300_G2/solution/solution-00047 
 48 6.684343278781e+10 1.392571516413e+09 768 7235 3201 17 8 9 9 1.30338917e-09 2.20276108e-09 outputs/V1e26_D300_G2/solution/solution-00048 
 49 6.823600430422e+10 1.392571516413e+09 768 7235 3201 17 8 9 9 1.24273436e-09 2.10012211e-09 outputs/V1e26_D300_G2/solution/solution-00049 
 50 6.962857582063e+10 1.392571516413e+09 768 7235 3201 17 8 9 9 1.18490258e-09 2.00227030e-09 outputs/V1e26_D300_G2/solution/solution-00050 
 51 7.102114733704e+10 1.392571516413e+09 768 7235 3201 17 8 9 9 1.12976238e-09 1.90898199e-09 outputs/V1e26_D300_G2/solution/solution-00051 
 52 7.241371885346e+10 1.392571516413e+09 768 7235 3201 17 8 9 9 1.07718841e-09 1.82004400e-09 outputs/V1e26_D300_G2/solution/solution-00052 
 53 7.380629036987e+10 1.392571516413e+09 768 7235 3201 17 8 9 9 1.02706121e-09 1.73525317e-09 outputs/V1e26_D300_G2/solution/solution-00053 
 54 7.519886188628e+10 1.392571516413e+09 768 7235 3201 17 8 9 9 9.79266857e-10 1.65441581e-09 outputs/V1e26_D300_G2/solution/solution-00054 
 55 7.659143340269e+10 1.392571516413e+09 768 7235 3201 17 8 9 9 9.33696752e-10 1.57734733e-09 outputs/V1e26_D300_G2/solution/solution-00055 
 56 7.798400491911e+10 1.392571516413e+09 768 7235 3201 17 8 9 9 8.90247359e-10 1.50387177e-09 outputs/V1e26_D300_G2/solution/solution-00056 
 57 7.937657643552e+10 1.392571516413e+09 768 7235 3201 17 8 9 9 8.48819964e-10 1.43382141e-09 outputs/V1e26_D300_G2/solution/solution-00057 
 58 8.076914795193e+10 1.392571516413e+09 768 7235 3201 17 8 9 9 8.09320452e-10 1.36703636e-09 outputs/V1e26_D300_G2/solution/solution-00058 
 59 8.216171946834e+10 1.392571516413e+09 768 7235 3201 17 8 9 9 7.71659092e-10 1.30336424e-09 outputs/V1e26_D300_G2/solution/solution-00059 
 60 8.355429098476e+10 1.392571516413e+09 768 7235 3201 17 8 9 9 7.35750335e-10 1.24265976e-09 outputs/V1e26_D300_G2/solution/solution-00060 
 61 8.494686250117e+10 1.392571516413e+09 768 7235 3201 17 8 9 9 7.01512610e-10 1.18478446e-09 outputs/V1e26_D300_G2/solution/solution-00061 
 62 8.633943401758e+10 1.392571516413e+09 768 7235 3201 17 8 9 9 6.68868150e-10 1.12960632e-09 outputs/V1e26_D300_G2/solution/solution-00062 
 63 8.773200553399e+10 1.392571516413e+09 768 7235 3201 16 8 9 9 6.37742807e-10 1.07699953e-09 outputs/V1e26_D300_G2/solution/solution-00063 
 64 8.912457705041e+10 1.392571516413e+09 768 7235 3201 16 8 9 9 6.08065883e-10 1.02684413e-09 outputs/V1e26_D300_G2/solution/solution-00064 
 65 9.051714856682e+10 1.392571516413e+09 768 7235 3201 16 8 9 9 5.79769972e-10 9.79025766e-10 outputs/V1e26_D300_G2/solution/solution-00065 
 66 9.190972008323e+10 1.392571516413e+09 768 7235 3201 16 8 9 9 5.52790803e-10 9.33435439e-10 outputs/V1e26_D300_G2/solution/solution-00066 
 67 9.330229159964e+10 1.392571516413e+09 768 7235 3201 16 8 9 9 5.27067102e-10 8.89969238e-10 outputs/V1e26_D300_G2/solution/solution-00067 
 68 9.469486311606e+10 1.392571516413e+09 768 7235 3201 16 8 9 9 5.02540443e-10 8.48528107e-10 outputs/V1e26_D300_G2/solution/solution-00068 
 69 9.608743463247e+10 1.392571516413e+09 768 7235 3201 16 8 9 9 4.79155120e-10 8.09017615e-10 outputs/V1e26_D300_G2/solution/solution-00069 
 70 9.748000614888e+10 1.392571516413e+09 768 7235 3201 16 8 9 9 4.56858022e-10 7.71347744e-10 outputs/V1e26_D300_G2/solution/solution-00070 
 71 9.887257766530e+10 1.392571516413e+09 768 7235 3201 16 8 9 9 4.35598506e-10 7.35432676e-10 outputs/V1e26_D300_G2/solution/solution-00071 
 72 1.002651491817e+11 1.392571516413e+09 768 7235 3201 16 8 9 9 4.15328289e-10 7.01190600e-10 outputs/V1e26_D300_G2/solution/solution-00072 
 73 1.016577206981e+11 1.392571516413e+09 768 7235 3201 16 8 9 9 3.96001333e-10 6.68543527e-10 outputs/V1e26_D300_G2/solution/solution-00073 
 74 1.030502922145e+11 1.392571516413e+09 768 7235 3201 16 8 9 9 3.77573745e-10 6.37417107e-10 outputs/V1e26_D300_G2/solution/solution-00074 
 75 1.044428637309e+11 1.392571516413e+09 768 7235 3201 16 8 9 9 3.60003672e-10 6.07740458e-10 outputs/V1e26_D300_G2/solution/solution-00075 
 76 1.058354352474e+11 1.392571516413e+09 768 7235 3201 16 8 9 9 3.43251210e-10 5.79446009e-10 outputs/V1e26_D300_G2/solution/solution-00076 
 77 1.072280067638e+11 1.392571516413e+09 768 7235 3201 16 8 9 9 3.27278311e-10 5.52469341e-10 outputs/V1e26_D300_G2/solution/solution-00077 
 78 1.086205782802e+11 1.392571516413e+09 768 7235 3201 16 8 9 9 3.12048700e-10 5.26749041e-10 outputs/V1e26_D300_G2/solution/solution-00078 
 79 1.100131497966e+11 1.392571516413e+09 768 7235 3201 16 8 9 9 2.97527788e-10 5.02226559e-10 outputs/V1e26_D300_G2/solution/solution-00079 
 80 1.114057213130e+11 1.392571516413e+09 768 7235 3201 16 8 9 9 2.83682595e-10 4.78846081e-10 outputs/V1e26_D300_G2/solution/solution-00080 
 81 1.127982928294e+11 1.392571516413e+09 768 7235 3201 16 8 9 9 2.70481678e-10 4.56554392e-10 outputs/V1e26_D300_G2/solution/solution-00081 
 82 1.141908643458e+11 1.392571516413e+09 768 7235 3201 16 8 9 9 2.57895056e-10 4.35300762e-10 outputs/V1e26_D300_G2/solution/solution-00082 
 83 1.155834358622e+11 1.392571516413e+09 768 7235 3201 16 8 9 9 2.45894142e-10 4.15036826e-10 outputs/V1e26_D300_G2/solution/solution-00083 
 84 1.169760073787e+11 1.392571516413e+09 768 7235 3201 16 8 9 9 2.34451682e-10 3.95716473e-10 outputs/V1e26_D300_G2/solution/solution-00084 
 85 1.183685788951e+11 1.392571516413e+09 768 7235 3201 16 8 9 9 2.23541687e-10 3.77295744e-10 outputs/V1e26_D300_G2/solution/solution-00085 
 86 1.197611504115e+11 1.392571516413e+09 768 7235 3201 16 8 9 9 2.13139381e-10 3.59732731e-10 outputs/V1e26_D300_G2/solution/solution-00086 
 87 1.211537219279e+11 1.392571516413e+09 768 7235 3201 16 8 9 9 2.03221138e-10 3.42987477e-10 outputs/V1e26_D300_G2/solution/solution-00087 
 88 1.225462934443e+11 1.392571516413e+09 768 7235 3201 15 8 9 9 1.93764435e-10 3.27021896e-10 outputs/V1e26_D300_G2/solution/solution-00088 
 89 1.239388649607e+11 1.392571516413e+09 768 7235 3201 15 8 9 9 1.84747793e-10 3.11799665e-10 outputs/V1e26_D300_G2/solution/solution-00089 
 90 1.253314364771e+11 1.392571516413e+09 768 7235 3201 15 8 9 9 1.76150734e-10 2.97286159e-10 outputs/V1e26_D300_G2/solution/solution-00090 
 91 1.267240079935e+11 1.392571516413e+09 768 7235 3201 15 8 9 9 1.67953732e-10 2.83448367e-10 outputs/V1e26_D300_G2/solution/solution-00091 
 92 1.281165795100e+11 1.392571516413e+09 768 7235 3201 15 8 9 9 1.60138171e-10 2.70254818e-10 outputs/V1e26_D300_G2/solution/solution-00092 
 93 1.295091510264e+11 1.392571516413e+09 768 7235 3201 15 8 9 9 1.52686300e-10 2.57675506e-10 outputs/V1e26_D300_G2/solution/solution-00093 
 94 1.309017225428e+11 1.392571516413e+09 768 7235 3201 15 8 9 9 1.45581196e-10 2.45681825e-10 outputs/V1e26_D300_G2/solution/solution-00094 
 95 1.322942940592e+11 1.392571516413e+09 768 7235 3201 15 8 9 9 1.38806722e-10 2.34246501e-10 outputs/V1e26_D300_G2/solution/solution-00095 
 96 1.336868655756e+11 1.392571516413e+09 768 7235 3201 15 8 9 9 1.32347492e-10 2.23343533e-10 outputs/V1e26_D300_G2/solution/solution-00096 
 97 1.350794370920e+11 1.392571516413e+09 768 7235 3201 15 8 9 9 1.26188838e-10 2.12948129e-10 outputs/V1e26_D300_G2/solution/solution-00097 
 98 1.364720086084e+11 1.392571516413e+09 768 7235 3201 15 8 9 9 1.20316771e-10 2.03036654e-10 outputs/V1e26_D300_G2/solution/solution-00098 
 99 1.378645801248e+11 1.392571516413e+09 768 7235 3201 15 8 9 9 1.14717956e-10 1.93586573e-10 outputs/V1e26_D300_G2/solution/solution-00099 
100 1.392571516413e+11 1.392571516413e+09 768 7235 3201 15 8 9 9 1.09379676e-10 1.84576400e-10 outputs/V1e26_D300_G2/solution/solution-00100 
