# 1: Time step number
# 2: Time (years)
# 3: Time step size (years)
# 4: Number of mesh cells
# 5: Number of Stokes degrees of freedom
# 6: Number of temperature degrees of freedom
# 7: Iterations for temperature solver
# 8: Iterations for Stokes solver
# 9: Velocity iterations in Stokes preconditioner
# 10: Schur complement iterations in Stokes preconditioner
# 11: RMS velocity (m/year)
# 12: Max. velocity (m/year)
# 13: Visualization file name
  0 0.000000000000e+00 0.000000000000e+00 768 7235 3201  0 8 9 9 8.02601782e-08 1.41126045e-07 outputs/V3.3e25_D100_G4/solution/solution-00000 
  1 1.392571516413e+09 1.392571516413e+09 768 7235 3201 32 8 9 9 7.65966751e-08 1.29442206e-07 outputs/V3.3e25_D100_G4/solution/solution-00001 
  2 2.785143032825e+09 1.392571516413e+09 768 7235 3201 25 8 9 9 7.33846300e-08 1.24416409e-07 outputs/V3.3e25_D100_G4/solution/solution-00002 
  3 4.177714549238e+09 1.392571516413e+09 768 7235 3201 24 8 9 9 7.05760694e-08 1.20056385e-07 outputs/V3.3e25_D100_G4/solution/solution-00003 
  4 5.570286065650e+09 1.392571516413e+09 768 7235 3201 23 8 9 9 6.80997069e-08 1.16239961e-07 outputs/V3.3e25_D100_G4/solution/solution-00004 
  5 6.962857582063e+09 1.392571516413e+09 768 7235 3201 23 8 9 9 6.59103165e-08 1.12865534e-07 outputs/V3.3e25_D100_G4/solution/solution-00005 
  6 8.355429098476e+09 1.392571516413e+09 768 7235 3201 22 8 9 9 6.39622316e-08 1.09845322e-07 outputs/V3.3e25_D100_G4/solution/solution-00006 
  7 9.748000614888e+09 1.392571516413e+09 768 7235 3201 21 8 9 9 6.22156263e-08 1.07110208e-07 outputs/V3.3e25_D100_G4/solution/solution-00007 
  8 1.114057213130e+10 1.392571516413e+09 768 7235 3201 21 8 9 9 6.06371214e-08 1.04607008e-07 outputs/V3.3e25_D100_G4/solution/solution-00008 
  9 1.253314364771e+10 1.392571516413e+09 768 7235 3201 21 8 9 9 5.91991716e-08 1.02294747e-07 outputs/V3.3e25_D100_G4/solution/solution-00009 
 10 1.392571516413e+10 1.392571516413e+09 768 7235 3201 20 8 9 9 5.78791628e-08 1.00141555e-07 outputs/V3.3e25_D100_G4/solution/solution-00010 
 11 1.531828668054e+10 1.392571516413e+09 768 7235 3201 20 8 9 9 5.66585373e-08 9.81223450e-08 outputs/V3.3e25_D100_G4/solution/solution-00011 
 12 1.671085819695e+10 1.392571516413e+09 768 7235 3201 20 8 9 9 5.55220417e-08 9.62171410e-08 outputs/V3.3e25_D100_G4/solution/solution-00012 
 13 1.810342971336e+10 1.392571516413e+09 768 7235 3201 20 8 9 9 5.44571076e-08 9.44098657e-08 outputs/V3.3e25_D100_G4/solution/solution-00013 
 14 1.949600122978e+10 1.392571516413e+09 768 7235 3201 20 8 9 9 5.34533506e-08 9.26874565e-08 outputs/V3.3e25_D100_G4/solution/solution-00014 
 15 2.088857274619e+10 1.392571516413e+09 768 7235 3201 20 8 9 9 5.25021674e-08 9.10392108e-08 outputs/V3.3e25_D100_G4/solution/solution-00015 
 16 2.228114426260e+10 1.392571516413e+09 768 7235 3201 19 8 9 9 5.15964108e-08 8.94562944e-08 outputs/V3.3e25_D100_G4/solution/solution-00016 
 17 2.367371577901e+10 1.392571516413e+09 768 7235 3201 19 8 9 9 5.07301286e-08 8.79313660e-08 outputs/V3.3e25_D100_G4/solution/solution-00017 
 18 2.506628729543e+10 1.392571516413e+09 768 7235 3201 19 8 9 9 4.98983515e-08 8.64582881e-08 outputs/V3.3e25_D100_G4/solution/solution-00018 
 19 2.645885881184e+10 1.392571516413e+09 768 7235 3201 19 8 9 9 4.90969215e-08 8.50319010e-08 outputs/V3.3e25_D100_G4/solution/solution-00019 
 20 2.785143032825e+10 1.392571516413e+09 768 7235 3201 19 8 9 9 4.83223516e-08 8.36478450e-08 outputs/V3.3e25_D100_G4/solution/solution-00020 
 21 2.924400184466e+10 1.392571516413e+09 768 7235 3201 19 8 9 9 4.75717113e-08 8.23024179e-08 outputs/V3.3e25_D100_G4/solution/solution-00021 
 22 3.063657336108e+10 1.392571516413e+09 768 7235 3201 19 8 9 9 4.68425328e-08 8.09924618e-08 outputs/V3.3e25_D100_G4/solution/solution-00022 
 23 3.202914487749e+10 1.392571516413e+09 768 7235 3201 19 8 9 9 4.61327331e-08 7.97152706e-08 outputs/V3.3e25_D100_G4/solution/solution-00023 
 24 3.342171639390e+10 1.392571516413e+09 768 7235 3201 19 8 9 9 4.54405505e-08 7.84685152e-08 outputs/V3.3e25_D100_G4/solution/solution-00024 
 25 3.481428791032e+10 1.392571516413e+09 768 7235 3201 18 8 9 9 4.47644914e-08 7.72501818e-08 outputs/V3.3e25_D100_G4/solution/solution-00025 
 26 3.620685942673e+10 1.392571516413e+09 768 7235 3201 18 8 9 9 4.41032866e-08 7.60585219e-08 outputs/V3.3e25_D100_G4/solution/solution-00026 
 27 3.759943094314e+10 1.392571516413e+09 768 7235 3201 18 8 9 9 4.34558545e-08 7.48920098e-08 outputs/V3.3e25_D100_G4/solution/solution-00027 
 28 3.899200245955e+10 1.392571516413e+09 768 7235 3201 18 8 9 9 4.28212710e-08 7.37493086e-08 outputs/V3.3e25_D100_G4/solution/solution-00028 
 29 4.038457397597e+10 1.392571516413e+09 768 7235 3201 18 8 9 9 4.21987439e-08 7.26292406e-08 outputs/V3.3e25_D100_G4/solution/solution-00029 
 30 4.177714549238e+10 1.392571516413e+09 768 7235 3201 18 8 9 9 4.15875918e-08 7.15307638e-08 outputs/V3.3e25_D100_G4/solution/solution-00030 
 31 4.316971700879e+10 1.392571516413e+09 768 7235 3201 18 8 9 9 4.09872263e-08 7.04529511e-08 outputs/V3.3e25_D100_G4/solution/solution-00031 
 32 4.456228852520e+10 1.392571516413e+09 768 7235 3201 18 8 9 9 4.03971374e-08 6.93949738e-08 outputs/V3.3e25_D100_G4/solution/solution-00032 
 33 4.595486004162e+10 1.392571516413e+09 768 7235 3201 18 8 9 9 3.98168807e-08 6.83560869e-08 outputs/V3.3e25_D100_G4/solution/solution-00033 
 34 4.734743155803e+10 1.392571516413e+09 768 7235 3201 18 8 9 9 3.92460672e-08 6.73356174e-08 outputs/V3.3e25_D100_G4/solution/solution-00034 
 35 4.874000307444e+10 1.392571516413e+09 768 7235 3201 18 8 9 9 3.86843548e-08 6.63329540e-08 outputs/V3.3e25_D100_G4/solution/solution-00035 
 36 5.013257459085e+10 1.392571516413e+09 768 7235 3201 18 8 9 9 3.81314404e-08 6.53475383e-08 outputs/V3.3e25_D100_G4/solution/solution-00036 
 37 5.152514610727e+10 1.392571516413e+09 768 7235 3201 18 8 9 9 3.75870544e-08 6.43788579e-08 outputs/V3.3e25_D100_G4/solution/solution-00037 
 38 5.291771762368e+10 1.392571516413e+09 768 7235 3201 18 8 9 9 3.70509549e-08 6.34264400e-08 outputs/V3.3e25_D100_G4/solution/solution-00038 
 39 5.431028914009e+10 1.392571516413e+09 768 7235 3201 18 8 9 9 3.65229240e-08 6.24898464e-08 outputs/V3.3e25_D100_G4/solution/solution-00039 
 40 5.570286065650e+10 1.392571516413e+09 768 7235 3201 18 8 9 9 3.60027637e-08 6.15686688e-08 outputs/V3.3e25_D100_G4/solution/solution-00040 
 41 5.709543217292e+10 1.392571516413e+09 768 7235 3201 18 8 9 9 3.54902930e-08 6.06625252e-08 outputs/V3.3e25_D100_G4/solution/solution-00041 
 42 5.848800368933e+10 1.392571516413e+09 768 7235 3201 18 8 9 9 3.49853454e-08 5.97710566e-08 outputs/V3.3e25_D100_G4/solution/solution-00042 
 43 5.988057520574e+10 1.392571516413e+09 768 7235 3201 17 8 9 9 3.44877665e-08 5.88939245e-08 outputs/V3.3e25_D100_G4/solution/solution-00043 
 44 6.127314672215e+10 1.392571516413e+09 768 7235 3201 17 8 9 9 3.39974125e-08 5.80308082e-08 outputs/V3.3e25_D100_G4/solution/solution-00044 
 45 6.266571823857e+10 1.392571516413e+09 768 7235 3201 17 8 9 9 3.35141487e-08 5.71814031e-08 outputs/V3.3e25_D100_G4/solution/solution-00045 
 46 6.405828975498e+10 1.392571516413e+09 768 7235 3201 17 8 9 9 3.30378478e-08 5.63454187e-08 outputs/V3.3e25_D100_G4/solution/solution-00046 
 47 6.545086127139e+10 1.392571516413e+09 768 7235 3201 17 8 9 9 3.25683891e-08 5.55225776e-08 outputs/V3.3e25_D100_G4/solution/solution-00047 
 48 6.684343278781e+10 1.392571516413e+09 768 7235 3201 17 8 9 9 3.21056578e-08 5.47126138e-08 outputs/V3.3e25_D100_G4/solution/solution-00048 
 49 6.823600430422e+10 1.392571516413e+09 768 7235 3201 17 8 9 9 3.16495439e-08 5.39152719e-08 outputs/V3.3e25_D100_G4/solution/solution-00049 
 50 6.962857582063e+10 1.392571516413e+09 768 7235 3201 17 8 9 9 3.11999418e-08 5.31303058e-08 outputs/V3.3e25_D100_G4/solution/solution-00050 
 51 7.102114733704e+10 1.392571516413e+09 768 7235 3201 17 8 9 9 3.07567495e-08 5.23574783e-08 outputs/V3.3e25_D100_G4/solution/solution-00051 
 52 7.241371885346e+10 1.392571516413e+09 768 7235 3201 17 8 9 9 3.03198685e-08 5.15965603e-08 outputs/V3.3e25_D100_G4/solution/solution-00052 
 53 7.380629036987e+10 1.392571516413e+09 768 7235 3201 17 8 9 9 2.98892032e-08 5.08473300e-08 outputs/V3.3e25_D100_G4/solution/solution-00053 
 54 7.519886188628e+10 1.392571516413e+09 768 7235 3201 17 8 9 9 2.94646605e-08 5.01095725e-08 outputs/V3.3e25_D100_G4/solution/solution-00054 
 55 7.659143340269e+10 1.392571516413e+09 768 7235 3201 17 8 9 9 2.90461499e-08 4.93830792e-08 outputs/V3.3e25_D100_G4/solution/solution-00055 
 56 7.798400491911e+10 1.392571516413e+09 768 7235 3201 17 8 9 9 2.86335828e-08 4.86676477e-08 outputs/V3.3e25_D100_G4/solution/solution-00056 
 57 7.937657643552e+10 1.392571516413e+09 768 7235 3201 17 8 9 9 2.82268727e-08 4.79630810e-08 outputs/V3.3e25_D100_G4/solution/solution-00057 
 58 8.076914795193e+10 1.392571516413e+09 768 7235 3201 17 8 9 9 2.78259348e-08 4.72691877e-08 outputs/V3.3e25_D100_G4/solution/solution-00058 
 59 8.216171946834e+10 1.392571516413e+09 768 7235 3201 17 8 9 9 2.74306861e-08 4.65857810e-08 outputs/V3.3e25_D100_G4/solution/solution-00059 
 60 8.355429098476e+10 1.392571516413e+09 768 7235 3201 17 8 9 9 2.70410450e-08 4.59126791e-08 outputs/V3.3e25_D100_G4/solution/solution-00060 
 61 8.494686250117e+10 1.392571516413e+09 768 7235 3201 17 8 9 9 2.66569315e-08 4.52497047e-08 outputs/V3.3e25_D100_G4/solution/solution-00061 
 62 8.633943401758e+10 1.392571516413e+09 768 7235 3201 17 8 9 9 2.62782667e-08 4.45966848e-08 outputs/V3.3e25_D100_G4/solution/solution-00062 
 63 8.773200553399e+10 1.392571516413e+09 768 7235 3201 17 8 9 9 2.59049732e-08 4.39534504e-08 outputs/V3.3e25_D100_G4/solution/solution-00063 
 64 8.912457705041e+10 1.392571516413e+09 768 7235 3201 17 8 9 9 2.55369749e-08 4.33198366e-08 outputs/V3.3e25_D100_G4/solution/solution-00064 
 65 9.051714856682e+10 1.392571516413e+09 768 7235 3201 17 8 9 9 2.51741968e-08 4.26956820e-08 outputs/V3.3e25_D100_G4/solution/solution-00065 
 66 9.190972008323e+10 1.392571516413e+09 768 7235 3201 17 8 9 9 2.48165649e-08 4.20808291e-08 outputs/V3.3e25_D100_G4/solution/solution-00066 
 67 9.330229159964e+10 1.392571516413e+09 768 7235 3201 17 8 9 9 2.44640065e-08 4.14751237e-08 outputs/V3.3e25_D100_G4/solution/solution-00067 
 68 9.469486311606e+10 1.392571516413e+09 768 7235 3201 17 8 9 9 2.41164499e-08 4.08784150e-08 outputs/V3.3e25_D100_G4/solution/solution-00068 
 69 9.608743463247e+10 1.392571516413e+09 768 7235 3201 16 8 9 9 2.37738245e-08 4.02905556e-08 outputs/V3.3e25_D100_G4/solution/solution-00069 
 70 9.748000614888e+10 1.392571516413e+09 768 7235 3201 16 8 9 9 2.34360607e-08 3.97114009e-08 outputs/V3.3e25_D100_G4/solution/solution-00070 
 71 9.887257766530e+10 1.392571516413e+09 768 7235 3201 16 8 9 9 2.31030897e-08 3.91408095e-08 outputs/V3.3e25_D100_G4/solution/solution-00071 
 72 1.002651491817e+11 1.392571516413e+09 768 7235 3201 16 8 9 9 2.27748439e-08 3.85786430e-08 outputs/V3.3e25_D100_G4/solution/solution-00072 
 73 1.016577206981e+11 1.392571516413e+09 768 7235 3201 16 8 9 9 2.24512566e-08 3.80247656e-08 outputs/V3.3e25_D100_G4/solution/solution-00073 
 74 1.030502922145e+11 1.392571516413e+09 768 7235 3201 16 8 9 9 2.21322621e-08 3.74790445e-08 outputs/V3.3e25_D100_G4/solution/solution-00074 
 75 1.044428637309e+11 1.392571516413e+09 768 7235 3201 16 8 9 9 2.18177953e-08 3.69413493e-08 outputs/V3.3e25_D100_G4/solution/solution-00075 
 76 1.058354352474e+11 1.392571516413e+09 768 7235 3201 16 8 9 9 2.15077925e-08 3.64115524e-08 outputs/V3.3e25_D100_G4/solution/solution-00076 
 77 1.072280067638e+11 1.392571516413e+09 768 7235 3201 16 8 9 9 2.12021905e-08 3.58895286e-08 outputs/V3.3e25_D100_G4/solution/solution-00077 
 78 1.086205782802e+11 1.392571516413e+09 768 7235 3201 16 8 9 9 2.09009271e-08 3.53751552e-08 outputs/V3.3e25_D100_G4/solution/solution-00078 
 79 1.100131497966e+11 1.392571516413e+09 768 7235 3201 16 8 9 9 2.06039410e-08 3.48683116e-08 outputs/V3.3e25_D100_G4/solution/solution-00079 
 80 1.114057213130e+11 1.392571516413e+09 768 7235 3201 16 8 9 9 2.03111717e-08 3.43688799e-08 outputs/V3.3e25_D100_G4/solution/solution-00080 
 81 1.127982928294e+11 1.392571516413e+09 768 7235 3201 16 8 9 9 2.00225596e-08 3.38767441e-08 outputs/V3.3e25_D100_G4/solution/solution-00081 
 82 1.141908643458e+11 1.392571516413e+09 768 7235 3201 16 8 9 9 1.97380459e-08 3.33917907e-08 outputs/V3.3e25_D100_G4/solution/solution-00082 
 83 1.155834358622e+11 1.392571516413e+09 768 7235 3201 16 8 9 9 1.94575725e-08 3.29139079e-08 outputs/V3.3e25_D100_G4/solution/solution-00083 
 84 1.169760073787e+11 1.392571516413e+09 768 7235 3201 16 8 9 9 1.91810824e-08 3.24429863e-08 outputs/V3.3e25_D100_G4/solution/solution-00084 
 85 1.183685788951e+11 1.392571516413e+09 768 7235 3201 16 8 9 9 1.89085190e-08 3.19789184e-08 outputs/V3.3e25_D100_G4/solution/solution-00085 
 86 1.197611504115e+11 1.392571516413e+09 768 7235 3201 16 8 9 9 1.86398269e-08 3.15215986e-08 outputs/V3.3e25_D100_G4/solution/solution-00086 
 87 1.211537219279e+11 1.392571516413e+09 768 7235 3201 16 8 9 9 1.83749511e-08 3.10709233e-08 outputs/V3.3e25_D100_G4/solution/solution-00087 
 88 1.225462934443e+11 1.392571516413e+09 768 7235 3201 16 8 9 9 1.81138377e-08 3.06267908e-08 outputs/V3.3e25_D100_G4/solution/solution-00088 
 89 1.239388649607e+11 1.392571516413e+09 768 7235 3201 16 8 9 9 1.78564333e-08 3.01891010e-08 outputs/V3.3e25_D100_G4/solution/solution-00089 
 90 1.253314364771e+11 1.392571516413e+09 768 7235 3201 16 8 9 9 1.76026853e-08 2.97577557e-08 outputs/V3.3e25_D100_G4/solution/solution-00090 
 91 1.267240079935e+11 1.392571516413e+09 768 7235 3201 16 8 9 9 1.73525419e-08 2.93326586e-08 outputs/V3.3e25_D100_G4/solution/solution-00091 
 92 1.281165795100e+11 1.392571516413e+09 768 7235 3201 16 8 9 9 1.71059520e-08 2.89137148e-08 outputs/V3.3e25_D100_G4/solution/solution-00092 
 93 1.295091510264e+11 1.392571516413e+09 768 7235 3201 16 8 9 9 1.68628653e-08 2.85008311e-08 outputs/V3.3e25_D100_G4/solution/solution-00093 
 94 1.309017225428e+11 1.392571516413e+09 768 7235 3201 15 8 9 9 1.66232320e-08 2.80939162e-08 outputs/V3.3e25_D100_G4/solution/solution-00094 
 95 1.322942940592e+11 1.392571516413e+09 768 7235 3201 15 8 9 9 1.63870033e-08 2.76928800e-08 outputs/V3.3e25_D100_G4/solution/solution-00095 
 96 1.336868655756e+11 1.392571516413e+09 768 7235 3201 15 8 9 9 1.61541307e-08 2.72976341e-08 outputs/V3.3e25_D100_G4/solution/solution-00096 
 97 1.350794370920e+11 1.392571516413e+09 768 7235 3201 15 8 9 9 1.59245666e-08 2.69080916e-08 outputs/V3.3e25_D100_G4/solution/solution-00097 
 98 1.364720086084e+11 1.392571516413e+09 768 7235 3201 15 8 9 9 1.56982642e-08 2.65241670e-08 outputs/V3.3e25_D100_G4/solution/solution-00098 
 99 1.378645801248e+11 1.392571516413e+09 768 7235 3201 15 8 9 9 1.54751772e-08 2.61457764e-08 outputs/V3.3e25_D100_G4/solution/solution-00099 
100 1.392571516413e+11 1.392571516413e+09 768 7235 3201 15 8 9 9 1.52552598e-08 2.57728371e-08 outputs/V3.3e25_D100_G4/solution/solution-00100 
