# 1: Time step number
# 2: Time (years)
# 3: Time step size (years)
# 4: Number of mesh cells
# 5: Number of Stokes degrees of freedom
# 6: Number of temperature degrees of freedom
# 7: Iterations for temperature solver
# 8: Iterations for Stokes solver
# 9: Velocity iterations in Stokes preconditioner
# 10: Schur complement iterations in Stokes preconditioner
# 11: RMS velocity (m/year)
# 12: Max. velocity (m/year)
# 13: Visualization file name
  0 0.000000000000e+00 0.000000000000e+00 768 7235 3201  0 8 9 9 5.30108465e-08 9.43116042e-08 outputs/V1e26_D10_G8/solution/solution-00000 
  1 1.392571516413e+09 1.392571516413e+09 768 7235 3201 32 8 9 9 5.03105029e-08 8.51347015e-08 outputs/V1e26_D10_G8/solution/solution-00001 
  2 2.785143032825e+09 1.392571516413e+09 768 7235 3201 25 8 9 9 4.79142354e-08 8.11224382e-08 outputs/V1e26_D10_G8/solution/solution-00002 
  3 4.177714549238e+09 1.392571516413e+09 768 7235 3201 24 8 9 9 4.57689063e-08 7.76830654e-08 outputs/V1e26_D10_G8/solution/solution-00003 
  4 5.570286065650e+09 1.392571516413e+09 768 7235 3201 23 8 9 9 4.38232744e-08 7.45696006e-08 outputs/V1e26_D10_G8/solution/solution-00004 
  5 6.962857582063e+09 1.392571516413e+09 768 7235 3201 23 8 9 9 4.20523993e-08 7.17286283e-08 outputs/V1e26_D10_G8/solution/solution-00005 
  6 8.355429098476e+09 1.392571516413e+09 768 7235 3201 22 8 9 9 4.04310672e-08 6.91131808e-08 outputs/V1e26_D10_G8/solution/solution-00006 
  7 9.748000614888e+09 1.392571516413e+09 768 7235 3201 21 8 9 9 3.89373239e-08 6.66857330e-08 outputs/V1e26_D10_G8/solution/solution-00007 
  8 1.114057213130e+10 1.392571516413e+09 768 7235 3201 21 8 9 9 3.75527131e-08 6.44169991e-08 outputs/V1e26_D10_G8/solution/solution-00008 
  9 1.253314364771e+10 1.392571516413e+09 768 7235 3201 21 8 9 9 3.62619302e-08 6.22840979e-08 outputs/V1e26_D10_G8/solution/solution-00009 
 10 1.392571516413e+10 1.392571516413e+09 768 7235 3201 20 8 9 9 3.50523388e-08 6.02689779e-08 outputs/V1e26_D10_G8/solution/solution-00010 
 11 1.531828668054e+10 1.392571516413e+09 768 7235 3201 20 8 9 9 3.39135014e-08 5.83572249e-08 outputs/V1e26_D10_G8/solution/solution-00011 
 12 1.671085819695e+10 1.392571516413e+09 768 7235 3201 20 8 9 9 3.28367756e-08 5.65371885e-08 outputs/V1e26_D10_G8/solution/solution-00012 
 13 1.810342971336e+10 1.392571516413e+09 768 7235 3201 20 8 9 9 3.18149805e-08 5.47993437e-08 outputs/V1e26_D10_G8/solution/solution-00013 
 14 1.949600122978e+10 1.392571516413e+09 768 7235 3201 20 8 9 9 3.08421261e-08 5.31358202e-08 outputs/V1e26_D10_G8/solution/solution-00014 
 15 2.088857274619e+10 1.392571516413e+09 768 7235 3201 20 8 9 9 2.99131943e-08 5.15400498e-08 outputs/V1e26_D10_G8/solution/solution-00015 
 16 2.228114426260e+10 1.392571516413e+09 768 7235 3201 19 8 9 9 2.90239623e-08 5.00064996e-08 outputs/V1e26_D10_G8/solution/solution-00016 
 17 2.367371577901e+10 1.392571516413e+09 768 7235 3201 19 8 9 9 2.81708596e-08 4.85304669e-08 outputs/V1e26_D10_G8/solution/solution-00017 
 18 2.506628729543e+10 1.392571516413e+09 768 7235 3201 19 8 9 9 2.73508524e-08 4.71079204e-08 outputs/V1e26_D10_G8/solution/solution-00018 
 19 2.645885881184e+10 1.392571516413e+09 768 7235 3201 19 8 9 9 2.65613495e-08 4.57353751e-08 outputs/V1e26_D10_G8/solution/solution-00019 
 20 2.785143032825e+10 1.392571516413e+09 768 7235 3201 19 8 9 9 2.58001259e-08 4.44097941e-08 outputs/V1e26_D10_G8/solution/solution-00020 
 21 2.924400184466e+10 1.392571516413e+09 768 7235 3201 19 8 9 9 2.50652596e-08 4.31285099e-08 outputs/V1e26_D10_G8/solution/solution-00021 
 22 3.063657336108e+10 1.392571516413e+09 768 7235 3201 19 8 9 9 2.43550812e-08 4.18891616e-08 outputs/V1e26_D10_G8/solution/solution-00022 
 23 3.202914487749e+10 1.392571516413e+09 768 7235 3201 19 8 9 9 2.36681313e-08 4.06896434e-08 outputs/V1e26_D10_G8/solution/solution-00023 
 24 3.342171639390e+10 1.392571516413e+09 768 7235 3201 19 8 9 9 2.30031260e-08 3.95280643e-08 outputs/V1e26_D10_G8/solution/solution-00024 
 25 3.481428791032e+10 1.392571516413e+09 768 7235 3201 19 8 9 9 2.23589288e-08 3.84027138e-08 outputs/V1e26_D10_G8/solution/solution-00025 
 26 3.620685942673e+10 1.392571516413e+09 768 7235 3201 18 8 9 9 2.17345265e-08 3.73120347e-08 outputs/V1e26_D10_G8/solution/solution-00026 
 27 3.759943094314e+10 1.392571516413e+09 768 7235 3201 18 8 9 9 2.11290104e-08 3.62546004e-08 outputs/V1e26_D10_G8/solution/solution-00027 
 28 3.899200245955e+10 1.392571516413e+09 768 7235 3201 18 8 9 9 2.05415597e-08 3.52290963e-08 outputs/V1e26_D10_G8/solution/solution-00028 
 29 4.038457397597e+10 1.392571516413e+09 768 7235 3201 18 8 9 9 1.99714287e-08 3.42343044e-08 outputs/V1e26_D10_G8/solution/solution-00029 
 30 4.177714549238e+10 1.392571516413e+09 768 7235 3201 18 8 9 9 1.94179350e-08 3.32690906e-08 outputs/V1e26_D10_G8/solution/solution-00030 
 31 4.316971700879e+10 1.392571516413e+09 768 7235 3201 18 8 9 9 1.88804510e-08 3.23323937e-08 outputs/V1e26_D10_G8/solution/solution-00031 
 32 4.456228852520e+10 1.392571516413e+09 768 7235 3201 18 8 9 9 1.83583960e-08 3.14232169e-08 outputs/V1e26_D10_G8/solution/solution-00032 
 33 4.595486004162e+10 1.392571516413e+09 768 7235 3201 18 8 9 9 1.78512296e-08 3.05406202e-08 outputs/V1e26_D10_G8/solution/solution-00033 
 34 4.734743155803e+10 1.392571516413e+09 768 7235 3201 18 8 9 9 1.73584466e-08 2.96837142e-08 outputs/V1e26_D10_G8/solution/solution-00034 
 35 4.874000307444e+10 1.392571516413e+09 768 7235 3201 18 8 9 9 1.68795725e-08 2.88516544e-08 outputs/V1e26_D10_G8/solution/solution-00035 
 36 5.013257459085e+10 1.392571516413e+09 768 7235 3201 18 8 9 9 1.64141597e-08 2.80436374e-08 outputs/V1e26_D10_G8/solution/solution-00036 
 37 5.152514610727e+10 1.392571516413e+09 768 7235 3201 18 8 9 9 1.59617843e-08 2.72588965e-08 outputs/V1e26_D10_G8/solution/solution-00037 
 38 5.291771762368e+10 1.392571516413e+09 768 7235 3201 18 8 9 9 1.55220438e-08 2.64966989e-08 outputs/V1e26_D10_G8/solution/solution-00038 
 39 5.431028914009e+10 1.392571516413e+09 768 7235 3201 18 8 9 9 1.50945542e-08 2.57563424e-08 outputs/V1e26_D10_G8/solution/solution-00039 
 40 5.570286065650e+10 1.392571516413e+09 768 7235 3201 18 8 9 9 1.46789490e-08 2.50371535e-08 outputs/V1e26_D10_G8/solution/solution-00040 
 41 5.709543217292e+10 1.392571516413e+09 768 7235 3201 18 8 9 9 1.42748769e-08 2.43384850e-08 outputs/V1e26_D10_G8/solution/solution-00041 
 42 5.848800368933e+10 1.392571516413e+09 768 7235 3201 18 8 9 9 1.38820006e-08 2.36597142e-08 outputs/V1e26_D10_G8/solution/solution-00042 
 43 5.988057520574e+10 1.392571516413e+09 768 7235 3201 18 8 9 9 1.34999959e-08 2.30002416e-08 outputs/V1e26_D10_G8/solution/solution-00043 
 44 6.127314672215e+10 1.392571516413e+09 768 7235 3201 18 8 9 9 1.31285504e-08 2.23594892e-08 outputs/V1e26_D10_G8/solution/solution-00044 
 45 6.266571823857e+10 1.392571516413e+09 768 7235 3201 18 8 9 9 1.27673627e-08 2.17368991e-08 outputs/V1e26_D10_G8/solution/solution-00045 
 46 6.405828975498e+10 1.392571516413e+09 768 7235 3201 17 8 9 9 1.24161421e-08 2.11319329e-08 outputs/V1e26_D10_G8/solution/solution-00046 
 47 6.545086127139e+10 1.392571516413e+09 768 7235 3201 17 8 9 9 1.20746070e-08 2.05440704e-08 outputs/V1e26_D10_G8/solution/solution-00047 
 48 6.684343278781e+10 1.392571516413e+09 768 7235 3201 17 8 9 9 1.17424854e-08 1.99728087e-08 outputs/V1e26_D10_G8/solution/solution-00048 
 49 6.823600430422e+10 1.392571516413e+09 768 7235 3201 17 8 9 9 1.14195137e-08 1.94176613e-08 outputs/V1e26_D10_G8/solution/solution-00049 
 50 6.962857582063e+10 1.392571516413e+09 768 7235 3201 17 8 9 9 1.11054363e-08 1.88781575e-08 outputs/V1e26_D10_G8/solution/solution-00050 
 51 7.102114733704e+10 1.392571516413e+09 768 7235 3201 17 8 9 9 1.08000058e-08 1.83538420e-08 outputs/V1e26_D10_G8/solution/solution-00051 
 52 7.241371885346e+10 1.392571516413e+09 768 7235 3201 17 8 9 9 1.05029818e-08 1.78442735e-08 outputs/V1e26_D10_G8/solution/solution-00052 
 53 7.380629036987e+10 1.392571516413e+09 768 7235 3201 17 8 9 9 1.02141314e-08 1.73490248e-08 outputs/V1e26_D10_G8/solution/solution-00053 
 54 7.519886188628e+10 1.392571516413e+09 768 7235 3201 17 8 9 9 9.93322811e-09 1.68676822e-08 outputs/V1e26_D10_G8/solution/solution-00054 
 55 7.659143340269e+10 1.392571516413e+09 768 7235 3201 17 8 9 9 9.66005230e-09 1.63998444e-08 outputs/V1e26_D10_G8/solution/solution-00055 
 56 7.798400491911e+10 1.392571516413e+09 768 7235 3201 17 8 9 9 9.39439054e-09 1.59451229e-08 outputs/V1e26_D10_G8/solution/solution-00056 
 57 7.937657643552e+10 1.392571516413e+09 768 7235 3201 17 8 9 9 9.13603547e-09 1.55031407e-08 outputs/V1e26_D10_G8/solution/solution-00057 
 58 8.076914795193e+10 1.392571516413e+09 768 7235 3201 17 8 9 9 8.88478563e-09 1.50735325e-08 outputs/V1e26_D10_G8/solution/solution-00058 
 59 8.216171946834e+10 1.392571516413e+09 768 7235 3201 17 8 9 9 8.64044524e-09 1.46559440e-08 outputs/V1e26_D10_G8/solution/solution-00059 
 60 8.355429098476e+10 1.392571516413e+09 768 7235 3201 17 8 9 9 8.40282400e-09 1.42500316e-08 outputs/V1e26_D10_G8/solution/solution-00060 
 61 8.494686250117e+10 1.392571516413e+09 768 7235 3201 17 8 9 9 8.17173693e-09 1.38554620e-08 outputs/V1e26_D10_G8/solution/solution-00061 
 62 8.633943401758e+10 1.392571516413e+09 768 7235 3201 17 8 9 9 7.94700422e-09 1.34719118e-08 outputs/V1e26_D10_G8/solution/solution-00062 
 63 8.773200553399e+10 1.392571516413e+09 768 7235 3201 17 8 9 9 7.72845104e-09 1.30990674e-08 outputs/V1e26_D10_G8/solution/solution-00063 
 64 8.912457705041e+10 1.392571516413e+09 768 7235 3201 17 8 9 9 7.51590741e-09 1.27366242e-08 outputs/V1e26_D10_G8/solution/solution-00064 
 65 9.051714856682e+10 1.392571516413e+09 768 7235 3201 17 8 9 9 7.30920807e-09 1.23842871e-08 outputs/V1e26_D10_G8/solution/solution-00065 
 66 9.190972008323e+10 1.392571516413e+09 768 7235 3201 17 8 9 9 7.10819232e-09 1.20417692e-08 outputs/V1e26_D10_G8/solution/solution-00066 
 67 9.330229159964e+10 1.392571516413e+09 768 7235 3201 17 8 9 9 6.91270388e-09 1.17087924e-08 outputs/V1e26_D10_G8/solution/solution-00067 
 68 9.469486311606e+10 1.392571516413e+09 768 7235 3201 17 8 9 9 6.72259081e-09 1.13850867e-08 outputs/V1e26_D10_G8/solution/solution-00068 
 69 9.608743463247e+10 1.392571516413e+09 768 7235 3201 17 8 9 9 6.53770533e-09 1.10703899e-08 outputs/V1e26_D10_G8/solution/solution-00069 
 70 9.748000614888e+10 1.392571516413e+09 768 7235 3201 17 8 9 9 6.35790373e-09 1.07644476e-08 outputs/V1e26_D10_G8/solution/solution-00070 
 71 9.887257766530e+10 1.392571516413e+09 768 7235 3201 17 8 9 9 6.18304627e-09 1.04670126e-08 outputs/V1e26_D10_G8/solution/solution-00071 
 72 1.002651491817e+11 1.392571516413e+09 768 7235 3201 16 8 9 9 6.01299706e-09 1.01778453e-08 outputs/V1e26_D10_G8/solution/solution-00072 
 73 1.016577206981e+11 1.392571516413e+09 768 7235 3201 16 8 9 9 5.84762392e-09 9.89671260e-09 outputs/V1e26_D10_G8/solution/solution-00073 
 74 1.030502922145e+11 1.392571516413e+09 768 7235 3201 16 8 9 9 5.68679831e-09 9.62338844e-09 outputs/V1e26_D10_G8/solution/solution-00074 
 75 1.044428637309e+11 1.392571516413e+09 768 7235 3201 16 8 9 9 5.53039523e-09 9.35765323e-09 outputs/V1e26_D10_G8/solution/solution-00075 
 76 1.058354352474e+11 1.392571516413e+09 768 7235 3201 16 8 9 9 5.37829310e-09 9.09929370e-09 outputs/V1e26_D10_G8/solution/solution-00076 
 77 1.072280067638e+11 1.392571516413e+09 768 7235 3201 16 8 9 9 5.23037371e-09 8.84810278e-09 outputs/V1e26_D10_G8/solution/solution-00077 
 78 1.086205782802e+11 1.392571516413e+09 768 7235 3201 16 8 9 9 5.08652206e-09 8.60387932e-09 outputs/V1e26_D10_G8/solution/solution-00078 
 79 1.100131497966e+11 1.392571516413e+09 768 7235 3201 16 8 9 9 4.94662634e-09 8.36642796e-09 outputs/V1e26_D10_G8/solution/solution-00079 
 80 1.114057213130e+11 1.392571516413e+09 768 7235 3201 16 8 9 9 4.81057779e-09 8.13555898e-09 outputs/V1e26_D10_G8/solution/solution-00080 
 81 1.127982928294e+11 1.392571516413e+09 768 7235 3201 16 8 9 9 4.67827065e-09 7.91108806e-09 outputs/V1e26_D10_G8/solution/solution-00081 
 82 1.141908643458e+11 1.392571516413e+09 768 7235 3201 16 8 9 9 4.54960206e-09 7.69283617e-09 outputs/V1e26_D10_G8/solution/solution-00082 
 83 1.155834358622e+11 1.392571516413e+09 768 7235 3201 16 8 9 9 4.42447200e-09 7.48062940e-09 outputs/V1e26_D10_G8/solution/solution-00083 
 84 1.169760073787e+11 1.392571516413e+09 768 7235 3201 16 8 9 9 4.30278316e-09 7.27429880e-09 outputs/V1e26_D10_G8/solution/solution-00084 
 85 1.183685788951e+11 1.392571516413e+09 768 7235 3201 16 8 9 9 4.18444095e-09 7.07368023e-09 outputs/V1e26_D10_G8/solution/solution-00085 
 86 1.197611504115e+11 1.392571516413e+09 768 7235 3201 16 8 9 9 4.06935334e-09 6.87861424e-09 outputs/V1e26_D10_G8/solution/solution-00086 
 87 1.211537219279e+11 1.392571516413e+09 768 7235 3201 16 8 9 9 3.95743085e-09 6.68894590e-09 outputs/V1e26_D10_G8/solution/solution-00087 
 88 1.225462934443e+11 1.392571516413e+09 768 7235 3201 16 8 9 9 3.84858646e-09 6.50452468e-09 outputs/V1e26_D10_G8/solution/solution-00088 
 89 1.239388649607e+11 1.392571516413e+09 768 7235 3201 16 8 9 9 3.74273553e-09 6.32520433e-09 outputs/V1e26_D10_G8/solution/solution-00089 
 90 1.253314364771e+11 1.392571516413e+09 768 7235 3201 16 8 9 9 3.63979574e-09 6.15084274e-09 outputs/V1e26_D10_G8/solution/solution-00090 
 91 1.267240079935e+11 1.392571516413e+09 768 7235 3201 16 8 9 9 3.53968706e-09 5.98130183e-09 outputs/V1e26_D10_G8/solution/solution-00091 
 92 1.281165795100e+11 1.392571516413e+09 768 7235 3201 16 8 9 9 3.44233163e-09 5.81644741e-09 outputs/V1e26_D10_G8/solution/solution-00092 
 93 1.295091510264e+11 1.392571516413e+09 768 7235 3201 16 8 9 9 3.34765374e-09 5.65614910e-09 outputs/V1e26_D10_G8/solution/solution-00093 
 94 1.309017225428e+11 1.392571516413e+09 768 7235 3201 16 8 9 9 3.25557976e-09 5.50028019e-09 outputs/V1e26_D10_G8/solution/solution-00094 
 95 1.322942940592e+11 1.392571516413e+09 768 7235 3201 16 8 9 9 3.16603809e-09 5.34871754e-09 outputs/V1e26_D10_G8/solution/solution-00095 
 96 1.336868655756e+11 1.392571516413e+09 768 7235 3201 16 8 9 9 3.07895910e-09 5.20134150e-09 outputs/V1e26_D10_G8/solution/solution-00096 
 97 1.350794370920e+11 1.392571516413e+09 768 7235 3201 15 8 9 9 2.99427506e-09 5.05803578e-09 outputs/V1e26_D10_G8/solution/solution-00097 
 98 1.364720086084e+11 1.392571516413e+09 768 7235 3201 15 8 9 9 2.91192012e-09 4.91868735e-09 outputs/V1e26_D10_G8/solution/solution-00098 
 99 1.378645801248e+11 1.392571516413e+09 768 7235 3201 15 8 9 9 2.83183022e-09 4.78318635e-09 outputs/V1e26_D10_G8/solution/solution-00099 
100 1.392571516413e+11 1.392571516413e+09 768 7235 3201 15 8 9 9 2.75394306e-09 4.65142602e-09 outputs/V1e26_D10_G8/solution/solution-00100 
