# 1: Time step number
# 2: Time (years)
# 3: Time step size (years)
# 4: Number of mesh cells
# 5: Number of Stokes degrees of freedom
# 6: Number of temperature degrees of freedom
# 7: Iterations for temperature solver
# 8: Iterations for Stokes solver
# 9: Velocity iterations in Stokes preconditioner
# 10: Schur complement iterations in Stokes preconditioner
# 11: RMS velocity (m/year)
# 12: Max. velocity (m/year)
# 13: Visualization file name
  0 0.000000000000e+00 0.000000000000e+00 768 7235 3201  0 8 9 9 2.80910624e-07 4.93941157e-07 outputs/V3.3e25_D100_G14/solution/solution-00000 
  1 1.392571516413e+09 1.392571516413e+09 768 7235 3201 32 8 9 9 2.73917652e-07 4.65257518e-07 outputs/V3.3e25_D100_G14/solution/solution-00001 
  2 2.785143032825e+09 1.392571516413e+09 768 7235 3201 25 8 9 9 2.70162764e-07 4.63537239e-07 outputs/V3.3e25_D100_G14/solution/solution-00002 
  3 4.177714549238e+09 1.392571516413e+09 768 7235 3201 24 8 9 9 2.69910049e-07 4.68125571e-07 outputs/V3.3e25_D100_G14/solution/solution-00003 
  4 5.570286065650e+09 1.392571516413e+09 768 7235 3201 23 8 9 9 2.72964453e-07 4.78419587e-07 outputs/V3.3e25_D100_G14/solution/solution-00004 
  5 6.962857582063e+09 1.392571516413e+09 768 7235 3201 23 8 9 9 2.79126905e-07 4.93779347e-07 outputs/V3.3e25_D100_G14/solution/solution-00005 
  6 8.355429098476e+09 1.392571516413e+09 768 7235 3201 22 8 9 9 2.88201814e-07 5.13731475e-07 outputs/V3.3e25_D100_G14/solution/solution-00006 
  7 9.748000614888e+09 1.392571516413e+09 768 7235 3201 21 8 9 9 3.00047249e-07 5.37995648e-07 outputs/V3.3e25_D100_G14/solution/solution-00007 
  8 1.114057213130e+10 1.392571516413e+09 768 7235 3201 21 8 9 9 3.14582485e-07 5.66451388e-07 outputs/V3.3e25_D100_G14/solution/solution-00008 
  9 1.253314364771e+10 1.392571516413e+09 768 7235 3201 21 8 9 9 3.31783921e-07 5.99101086e-07 outputs/V3.3e25_D100_G14/solution/solution-00009 
 10 1.392571516413e+10 1.392571516413e+09 768 7235 3201 20 8 9 9 3.51678254e-07 6.36041569e-07 outputs/V3.3e25_D100_G14/solution/solution-00010 
 11 1.531828668054e+10 1.392571516413e+09 768 7235 3201 20 8 9 9 3.74336009e-07 6.77444565e-07 outputs/V3.3e25_D100_G14/solution/solution-00011 
 12 1.671085819695e+10 1.392571516413e+09 768 7235 3201 20 8 9 9 3.99866352e-07 7.23544007e-07 outputs/V3.3e25_D100_G14/solution/solution-00012 
 13 1.810342971336e+10 1.392571516413e+09 768 7235 3201 20 8 9 9 4.28413329e-07 7.74628150e-07 outputs/V3.3e25_D100_G14/solution/solution-00013 
 14 1.949600122978e+10 1.392571516413e+09 768 7235 3201 20 8 9 9 4.60153360e-07 8.31035039e-07 outputs/V3.3e25_D100_G14/solution/solution-00014 
 15 2.088857274619e+10 1.392571516413e+09 768 7235 3201 20 8 9 9 4.95293819e-07 8.93150335e-07 outputs/V3.3e25_D100_G14/solution/solution-00015 
 16 2.228114426260e+10 1.392571516413e+09 768 7235 3201 19 8 9 9 5.34072486e-07 9.61406837e-07 outputs/V3.3e25_D100_G14/solution/solution-00016 
 17 2.367371577901e+10 1.392571516413e+09 768 7235 3201 19 8 9 9 5.76757727e-07 1.03628529e-06 outputs/V3.3e25_D100_G14/solution/solution-00017 
 18 2.506628729543e+10 1.392571516413e+09 768 7235 3201 19 8 9 9 6.23649265e-07 1.11831618e-06 outputs/V3.3e25_D100_G14/solution/solution-00018 
 19 2.645885881184e+10 1.392571516413e+09 768 7235 3201 19 8 9 9 6.75079472e-07 1.20808240e-06 outputs/V3.3e25_D100_G14/solution/solution-00019 
 20 2.785143032825e+10 1.392571516413e+09 768 7235 3201 19 8 9 9 7.31415100e-07 1.30622252e-06 outputs/V3.3e25_D100_G14/solution/solution-00020 
 21 2.924400184466e+10 1.392571516413e+09 768 7235 3201 19 8 9 9 7.93059423e-07 1.41343482e-06 outputs/V3.3e25_D100_G14/solution/solution-00021 
 22 3.063657336108e+10 1.392571516413e+09 768 7235 3201 19 8 9 9 8.60454755e-07 1.53048187e-06 outputs/V3.3e25_D100_G14/solution/solution-00022 
 23 3.202914487749e+10 1.392571516413e+09 768 7235 3201 19 8 9 9 9.34085341e-07 1.65819563e-06 outputs/V3.3e25_D100_G14/solution/solution-00023 
 24 3.342171639390e+10 1.392571516413e+09 768 7235 3201 19 8 9 9 1.01448061e-06 1.79748325e-06 outputs/V3.3e25_D100_G14/solution/solution-00024 
 25 3.481428791032e+10 1.392571516413e+09 768 7235 3201 18 8 9 9 1.10221879e-06 1.94933335e-06 outputs/V3.3e25_D100_G14/solution/solution-00025 
 26 3.620685942673e+10 1.392571516413e+09 768 7235 3201 18 7 8 8 1.19793095e-06 2.11482304e-06 outputs/V3.3e25_D100_G14/solution/solution-00026 
 27 3.759943094314e+10 1.392571516413e+09 768 7235 3201 18 7 8 8 1.30230536e-06 2.29512550e-06 outputs/V3.3e25_D100_G14/solution/solution-00027 
 28 3.899200245955e+10 1.392571516413e+09 768 7235 3201 18 7 8 8 1.41609240e-06 2.49151831e-06 outputs/V3.3e25_D100_G14/solution/solution-00028 
 29 4.038457397597e+10 1.392571516413e+09 768 7235 3201 18 7 8 8 1.54010977e-06 2.70539248e-06 outputs/V3.3e25_D100_G14/solution/solution-00029 
 30 4.177714549238e+10 1.392571516413e+09 768 7235 3201 18 7 8 8 1.67524835e-06 2.93826234e-06 outputs/V3.3e25_D100_G14/solution/solution-00030 
 31 4.316971700879e+10 1.392571516413e+09 768 7235 3201 18 7 8 8 1.82247844e-06 3.19177626e-06 outputs/V3.3e25_D100_G14/solution/solution-00031 
 32 4.456228852520e+10 1.392571516413e+09 768 7235 3201 18 7 8 8 1.98285663e-06 3.46772826e-06 outputs/V3.3e25_D100_G14/solution/solution-00032 
 33 4.595486004162e+10 1.392571516413e+09 768 7235 3201 18 7 8 8 2.15753328e-06 3.76807072e-06 outputs/V3.3e25_D100_G14/solution/solution-00033 
 34 4.734743155803e+10 1.392571516413e+09 768 7235 3201 18 7 8 8 2.34776057e-06 4.09492803e-06 outputs/V3.3e25_D100_G14/solution/solution-00034 
 35 4.874000307444e+10 1.392571516413e+09 768 7235 3201 18 7 8 8 2.55490135e-06 4.45061155e-06 outputs/V3.3e25_D100_G14/solution/solution-00035 
 36 5.013257459085e+10 1.392571516413e+09 768 7235 3201 18 7 8 8 2.78043864e-06 4.83763564e-06 outputs/V3.3e25_D100_G14/solution/solution-00036 
 37 5.152514610727e+10 1.392571516413e+09 768 7235 3201 18 7 8 8 3.02598599e-06 5.25873521e-06 outputs/V3.3e25_D100_G14/solution/solution-00037 
 38 5.291771762368e+10 1.392571516413e+09 768 7235 3201 18 7 8 8 3.29329863e-06 5.71688453e-06 outputs/V3.3e25_D100_G14/solution/solution-00038 
 39 5.431028914009e+10 1.392571516413e+09 768 7235 3201 18 7 8 8 3.58428558e-06 6.21531760e-06 outputs/V3.3e25_D100_G14/solution/solution-00039 
 40 5.570286065650e+10 1.392571516413e+09 768 7235 3201 18 6 7 7 3.90102270e-06 6.75755021e-06 outputs/V3.3e25_D100_G14/solution/solution-00040 
 41 5.709543217292e+10 1.392571516413e+09 768 7235 3201 18 6 7 7 4.24576673e-06 7.34740356e-06 outputs/V3.3e25_D100_G14/solution/solution-00041 
 42 5.848800368933e+10 1.392571516413e+09 768 7235 3201 18 6 7 7 4.62097040e-06 7.98902968e-06 outputs/V3.3e25_D100_G14/solution/solution-00042 
 43 5.988057520574e+10 1.392571516413e+09 768 7235 3201 18 6 7 7 5.02929865e-06 8.68693872e-06 outputs/V3.3e25_D100_G14/solution/solution-00043 
 44 6.127314672215e+10 1.392571516413e+09 768 7235 3201 18 6 7 7 5.47364592e-06 9.44602805e-06 outputs/V3.3e25_D100_G14/solution/solution-00044 
 45 6.266571823857e+10 1.392571516413e+09 768 7235 3201 18 6 7 7 5.95715465e-06 1.02716132e-05 outputs/V3.3e25_D100_G14/solution/solution-00045 
 46 6.405828975498e+10 1.392571516413e+09 768 7235 3201 18 6 7 7 6.48323480e-06 1.11694609e-05 outputs/V3.3e25_D100_G14/solution/solution-00046 
 47 6.545086127139e+10 1.392571516413e+09 768 7235 3201 18 6 7 7 7.05558451e-06 1.21458234e-05 outputs/V3.3e25_D100_G14/solution/solution-00047 
 48 6.684343278781e+10 1.392571516413e+09 768 7235 3201 18 6 7 7 7.67821165e-06 1.32074745e-05 outputs/V3.3e25_D100_G14/solution/solution-00048 
 49 6.823600430422e+10 1.392571516413e+09 768 7235 3201 18 6 7 7 8.35545628e-06 1.43617476e-05 outputs/V3.3e25_D100_G14/solution/solution-00049 
 50 6.962857582063e+10 1.392571516413e+09 768 7235 3201 18 6 7 7 9.09201354e-06 1.56165734e-05 outputs/V3.3e25_D100_G14/solution/solution-00050 
 51 7.102114733704e+10 1.392571516413e+09 768 7235 3201 18 6 7 7 9.89295687e-06 1.69805188e-05 outputs/V3.3e25_D100_G14/solution/solution-00051 
 52 7.241371885346e+10 1.392571516413e+09 768 7235 3201 18 6 7 7 1.07637609e-05 1.84628249e-05 outputs/V3.3e25_D100_G14/solution/solution-00052 
 53 7.380629036987e+10 1.392571516413e+09 768 7235 3201 18 6 7 7 1.17103236e-05 2.00734435e-05 outputs/V3.3e25_D100_G14/solution/solution-00053 
 54 7.519886188628e+10 1.392571516413e+09 768 7235 3201 18 6 7 7 1.27389859e-05 2.18230700e-05 outputs/V3.3e25_D100_G14/solution/solution-00054 
 55 7.659143340269e+10 1.392571516413e+09 768 7235 3201 18 6 7 7 1.38565494e-05 2.37231713e-05 outputs/V3.3e25_D100_G14/solution/solution-00055 
 56 7.798400491911e+10 1.392571516413e+09 768 7235 3201 18 6 7 7 1.50702886e-05 2.57860059e-05 outputs/V3.3e25_D100_G14/solution/solution-00056 
 57 7.937657643552e+10 1.392571516413e+09 768 7235 3201 18 6 7 7 1.63879566e-05 2.80248637e-05 outputs/V3.3e25_D100_G14/solution/solution-00057 
 58 8.076914795193e+10 1.392571516413e+09 768 7235 3201 18 6 7 7 1.78177821e-05 3.04541004e-05 outputs/V3.3e25_D100_G14/solution/solution-00058 
 59 8.216171946834e+10 1.392571516413e+09 768 7235 3201 18 6 7 7 1.93684532e-05 3.30878036e-05 outputs/V3.3e25_D100_G14/solution/solution-00059 
 60 8.355429098476e+10 1.392571516413e+09 768 7235 3201 18 6 7 7 2.10490849e-05 3.59413293e-05 outputs/V3.3e25_D100_G14/solution/solution-00060 
 61 8.494686250117e+10 1.392571516413e+09 768 7235 3201 19 6 7 7 2.28691648e-05 3.90306508e-05 outputs/V3.3e25_D100_G14/solution/solution-00061 
 62 8.633943401758e+10 1.392571516413e+09 768 7235 3201 19 6 7 7 2.48384706e-05 4.23722180e-05 outputs/V3.3e25_D100_G14/solution/solution-00062 
 63 8.773200553399e+10 1.392571516413e+09 768 7235 3201 19 6 7 7 2.69669515e-05 4.59827552e-05 outputs/V3.3e25_D100_G14/solution/solution-00063 
 64 8.912457705041e+10 1.392571516413e+09 768 7235 3201 19 6 7 7 2.92645659e-05 4.98789839e-05 outputs/V3.3e25_D100_G14/solution/solution-00064 
 65 9.051714856682e+10 1.392571516413e+09 768 7235 3201 19 6 7 7 3.17410628e-05 5.40772530e-05 outputs/V3.3e25_D100_G14/solution/solution-00065 
 66 9.190972008323e+10 1.392571516413e+09 768 7235 3201 19 6 7 7 3.44056985e-05 5.85930560e-05 outputs/V3.3e25_D100_G14/solution/solution-00066 
 67 9.330229159964e+10 1.392571516413e+09 768 7235 3201 19 6 7 7 3.72668735e-05 6.34404168e-05 outputs/V3.3e25_D100_G14/solution/solution-00067 
 68 9.469486311606e+10 1.392571516413e+09 768 7235 3201 19 6 7 7 4.03316799e-05 6.86311216e-05 outputs/V3.3e25_D100_G14/solution/solution-00068 
 69 9.606143678344e+10 1.366573667379e+09 768 7235 3201 19 6 7 7 4.35427531e-05 7.40678256e-05 outputs/V3.3e25_D100_G14/solution/solution-00069 
 70 9.732775737537e+10 1.266320591933e+09 768 7235 3201 19 6 7 7 4.67021150e-05 7.94153458e-05 outputs/V3.3e25_D100_G14/solution/solution-00070 
 71 9.850885811376e+10 1.181100738387e+09 768 7235 3201 18 6 7 7 4.98090270e-05 8.46725617e-05 outputs/V3.3e25_D100_G14/solution/solution-00071 
 72 9.961664145703e+10 1.107783343276e+09 768 7235 3201 17 6 7 7 5.28617180e-05 8.98365709e-05 outputs/V3.3e25_D100_G14/solution/solution-00072 
 73 1.006607149760e+11 1.044073518933e+09 768 7235 3201 17 6 7 7 5.58581144e-05 9.49039399e-05 outputs/V3.3e25_D100_G14/solution/solution-00073 
 74 1.016490116368e+11 9.882966608440e+08 768 7235 3201 16 6 7 7 5.87962701e-05 9.98714363e-05 outputs/V3.3e25_D100_G14/solution/solution-00074 
 75 1.025881253043e+11 9.391136674826e+08 768 7235 3201 16 6 7 7 6.16742996e-05 1.04735917e-04 outputs/V3.3e25_D100_G14/solution/solution-00075 
 76 1.034835977531e+11 8.954724488413e+08 768 7235 3201 16 6 7 7 6.44904102e-05 1.09494383e-04 outputs/V3.3e25_D100_G14/solution/solution-00076 
 77 1.043401323829e+11 8.565346297755e+08 768 7235 3201 15 6 7 7 6.72429160e-05 1.14144007e-04 outputs/V3.3e25_D100_G14/solution/solution-00077 
 78 1.051617561895e+11 8.216238065707e+08 768 7235 3201 15 5 6 6 6.99302467e-05 1.18682142e-04 outputs/V3.3e25_D100_G14/solution/solution-00078 
 79 1.059519443880e+11 7.901881984787e+08 768 7235 3201 14 5 6 6 7.25509536e-05 1.23106342e-04 outputs/V3.3e25_D100_G14/solution/solution-00079 
 80 1.067137175824e+11 7.617731944057e+08 768 7235 3201 14 5 6 6 7.51037131e-05 1.27414357e-04 outputs/V3.3e25_D100_G14/solution/solution-00080 
 81 1.074497184408e+11 7.360008584298e+08 768 7235 3201 14 5 6 6 7.75873309e-05 1.31604152e-04 outputs/V3.3e25_D100_G14/solution/solution-00081 
 82 1.081622728532e+11 7.125544123633e+08 768 7235 3201 14 5 6 6 8.00007443e-05 1.35673904e-04 outputs/V3.3e25_D100_G14/solution/solution-00082 
 83 1.088534391951e+11 6.911663419889e+08 768 7235 3201 13 5 6 6 8.23430237e-05 1.39622009e-04 outputs/V3.3e25_D100_G14/solution/solution-00083 
 84 1.095250483701e+11 6.716091749808e+08 768 7235 3201 13 5 6 6 8.46133741e-05 1.43447086e-04 outputs/V3.3e25_D100_G14/solution/solution-00084 
 85 1.101787366256e+11 6.536882554537e+08 768 7235 3201 13 5 6 6 8.68111351e-05 1.47147977e-04 outputs/V3.3e25_D100_G14/solution/solution-00085 
 86 1.108159726537e+11 6.372360280866e+08 768 7235 3201 13 5 6 6 8.89357810e-05 1.50723746e-04 outputs/V3.3e25_D100_G14/solution/solution-00086 
 87 1.114380801297e+11 6.221074759941e+08 768 7235 3201 13 5 6 6 9.09869199e-05 1.54173685e-04 outputs/V3.3e25_D100_G14/solution/solution-00087 
 88 1.120462565789e+11 6.081764492597e+08 768 7235 3201 12 5 6 6 9.29642923e-05 1.57497307e-04 outputs/V3.3e25_D100_G14/solution/solution-00088 
 89 1.126415892664e+11 5.953326874490e+08 768 7235 3201 12 5 6 6 9.48677693e-05 1.60694348e-04 outputs/V3.3e25_D100_G14/solution/solution-00089 
 90 1.132250686539e+11 5.834793875529e+08 768 7235 3201 12 5 6 6 9.66973508e-05 1.63764762e-04 outputs/V3.3e25_D100_G14/solution/solution-00090 
 91 1.137975998580e+11 5.725312040776e+08 768 7235 3201 12 5 6 6 9.84531624e-05 1.66708720e-04 outputs/V3.3e25_D100_G14/solution/solution-00091 
 92 1.143600124521e+11 5.624125941211e+08 768 7235 3201 12 5 6 6 1.00135452e-04 1.69526604e-04 outputs/V3.3e25_D100_G14/solution/solution-00092 
 93 1.149130688919e+11 5.530564398084e+08 768 7235 3201 12 5 6 6 1.01744589e-04 1.72219004e-04 outputs/V3.3e25_D100_G14/solution/solution-00093 
 94 1.154574717871e+11 5.444028952044e+08 768 7235 3201 12 5 6 6 1.03281056e-04 1.74786713e-04 outputs/V3.3e25_D100_G14/solution/solution-00094 
 95 1.159938702032e+11 5.363984160440e+08 768 7235 3201 12 5 6 6 1.04745450e-04 1.77230719e-04 outputs/V3.3e25_D100_G14/solution/solution-00095 
 96 1.165228651424e+11 5.289949392344e+08 768 7235 3201 12 5 6 6 1.06138475e-04 1.79552203e-04 outputs/V3.3e25_D100_G14/solution/solution-00096 
 97 1.170450143282e+11 5.221491857405e+08 768 7235 3201 11 5 6 6 1.07460938e-04 1.81752529e-04 outputs/V3.3e25_D100_G14/solution/solution-00097 
 98 1.175608363938e+11 5.158220656552e+08 768 7235 3201 11 5 6 6 1.08713746e-04 1.83838936e-04 outputs/V3.3e25_D100_G14/solution/solution-00098 
 99 1.180707936532e+11 5.099572593751e+08 768 7235 3201 11 5 6 6 1.09897855e-04 1.85845558e-04 outputs/V3.3e25_D100_G14/solution/solution-00099 
100 1.185752447750e+11 5.044511218219e+08 768 7235 3201 11 5 6 6 1.11014162e-04 1.87733259e-04 outputs/V3.3e25_D100_G14/solution/solution-00100 
