# 1: Time step number
# 2: Time (years)
# 3: Time step size (years)
# 4: Number of mesh cells
# 5: Number of Stokes degrees of freedom
# 6: Number of temperature degrees of freedom
# 7: Iterations for temperature solver
# 8: Iterations for Stokes solver
# 9: Velocity iterations in Stokes preconditioner
# 10: Schur complement iterations in Stokes preconditioner
# 11: RMS velocity (m/year)
# 12: Max. velocity (m/year)
# 13: Visualization file name
  0 0.000000000000e+00 0.000000000000e+00 768 7235 3201  0 8 9 9 1.20750087e-08 5.86660631e-08 outputs/V1e27_D10000_G14/solution/solution-00000 
  1 1.392571516413e+09 1.392571516413e+09 768 7235 3201 32 8 9 9 9.80033220e-09 3.19044213e-08 outputs/V1e27_D10000_G14/solution/solution-00001 
  2 2.785143032825e+09 1.392571516413e+09 768 7235 3201 26 8 9 9 9.05306680e-09 1.64268711e-08 outputs/V1e27_D10000_G14/solution/solution-00002 
  3 4.177714549238e+09 1.392571516413e+09 768 7235 3201 25 8 9 9 8.82510978e-09 1.48996639e-08 outputs/V1e27_D10000_G14/solution/solution-00003 
  4 5.570286065650e+09 1.392571516413e+09 768 7235 3201 24 8 9 9 8.59256265e-09 1.45787806e-08 outputs/V1e27_D10000_G14/solution/solution-00004 
  5 6.962857582063e+09 1.392571516413e+09 768 7235 3201 23 8 9 9 8.34842838e-09 1.42186217e-08 outputs/V1e27_D10000_G14/solution/solution-00005 
  6 8.355429098476e+09 1.392571516413e+09 768 7235 3201 23 8 9 9 8.09023455e-09 1.38262265e-08 outputs/V1e27_D10000_G14/solution/solution-00006 
  7 9.748000614888e+09 1.392571516413e+09 768 7235 3201 22 8 9 9 7.82107980e-09 1.34085459e-08 outputs/V1e27_D10000_G14/solution/solution-00007 
  8 1.114057213130e+10 1.392571516413e+09 768 7235 3201 22 8 9 9 7.54476302e-09 1.29720776e-08 outputs/V1e27_D10000_G14/solution/solution-00008 
  9 1.253314364771e+10 1.392571516413e+09 768 7235 3201 21 8 9 9 7.26471288e-09 1.25227127e-08 outputs/V1e27_D10000_G14/solution/solution-00009 
 10 1.392571516413e+10 1.392571516413e+09 768 7235 3201 21 8 9 9 6.98383234e-09 1.20656755e-08 outputs/V1e27_D10000_G14/solution/solution-00010 
 11 1.531828668054e+10 1.392571516413e+09 768 7235 3201 21 8 9 9 6.70450749e-09 1.16055126e-08 outputs/V1e27_D10000_G14/solution/solution-00011 
 12 1.671085819695e+10 1.392571516413e+09 768 7235 3201 21 8 9 9 6.42865956e-09 1.11461102e-08 outputs/V1e27_D10000_G14/solution/solution-00012 
 13 1.810342971336e+10 1.392571516413e+09 768 7235 3201 21 8 9 9 6.15780639e-09 1.06907309e-08 outputs/V1e27_D10000_G14/solution/solution-00013 
 14 1.949600122978e+10 1.392571516413e+09 768 7235 3201 21 8 9 9 5.89312270e-09 1.02420619e-08 outputs/V1e27_D10000_G14/solution/solution-00014 
 15 2.088857274619e+10 1.392571516413e+09 768 7235 3201 21 8 9 9 5.63549502e-09 9.80227128e-09 outputs/V1e27_D10000_G14/solution/solution-00015 
 16 2.228114426260e+10 1.392571516413e+09 768 7235 3201 20 8 9 9 5.38557033e-09 9.37306747e-09 outputs/V1e27_D10000_G14/solution/solution-00016 
 17 2.367371577901e+10 1.392571516413e+09 768 7235 3201 20 8 9 9 5.14379823e-09 8.95575836e-09 outputs/V1e27_D10000_G14/solution/solution-00017 
 18 2.506628729543e+10 1.392571516413e+09 768 7235 3201 20 8 9 9 4.91046695e-09 8.55130837e-09 outputs/V1e27_D10000_G14/solution/solution-00018 
 19 2.645885881184e+10 1.392571516413e+09 768 7235 3201 20 8 9 9 4.68573396e-09 8.16039120e-09 outputs/V1e27_D10000_G14/solution/solution-00019 
 20 2.785143032825e+10 1.392571516413e+09 768 7235 3201 20 8 9 9 4.46965162e-09 7.78343760e-09 outputs/V1e27_D10000_G14/solution/solution-00020 
 21 2.924400184466e+10 1.392571516413e+09 768 7235 3201 20 8 9 9 4.26218868e-09 7.42067773e-09 outputs/V1e27_D10000_G14/solution/solution-00021 
 22 3.063657336108e+10 1.392571516413e+09 768 7235 3201 20 8 9 9 4.06324804e-09 7.07217797e-09 outputs/V1e27_D10000_G14/solution/solution-00022 
 23 3.202914487749e+10 1.392571516413e+09 768 7235 3201 20 8 9 9 3.87268151e-09 6.73787267e-09 outputs/V1e27_D10000_G14/solution/solution-00023 
 24 3.342171639390e+10 1.392571516413e+09 768 7235 3201 20 8 9 9 3.69030189e-09 6.41759107e-09 outputs/V1e27_D10000_G14/solution/solution-00024 
 25 3.481428791032e+10 1.392571516413e+09 768 7235 3201 20 8 9 9 3.51589289e-09 6.11108005e-09 outputs/V1e27_D10000_G14/solution/solution-00025 
 26 3.620685942673e+10 1.392571516413e+09 768 7235 3201 20 8 9 9 3.34921714e-09 5.81802306e-09 outputs/V1e27_D10000_G14/solution/solution-00026 
 27 3.759943094314e+10 1.392571516413e+09 768 7235 3201 20 8 9 9 3.19002280e-09 5.53805593e-09 outputs/V1e27_D10000_G14/solution/solution-00027 
 28 3.899200245955e+10 1.392571516413e+09 768 7235 3201 20 8 9 9 3.03804876e-09 5.27077984e-09 outputs/V1e27_D10000_G14/solution/solution-00028 
 29 4.038457397597e+10 1.392571516413e+09 768 7235 3201 20 8 9 9 2.89302886e-09 5.01577194e-09 outputs/V1e27_D10000_G14/solution/solution-00029 
 30 4.177714549238e+10 1.392571516413e+09 768 7235 3201 20 8 9 9 2.75469530e-09 4.77259403e-09 outputs/V1e27_D10000_G14/solution/solution-00030 
 31 4.316971700879e+10 1.392571516413e+09 768 7235 3201 20 8 9 9 2.62278121e-09 4.54079957e-09 outputs/V1e27_D10000_G14/solution/solution-00031 
 32 4.456228852520e+10 1.392571516413e+09 768 7235 3201 19 8 9 9 2.49702276e-09 4.31993928e-09 outputs/V1e27_D10000_G14/solution/solution-00032 
 33 4.595486004162e+10 1.392571516413e+09 768 7235 3201 19 8 9 9 2.37716077e-09 4.10956558e-09 outputs/V1e27_D10000_G14/solution/solution-00033 
 34 4.734743155803e+10 1.392571516413e+09 768 7235 3201 19 8 9 9 2.26294185e-09 3.90923615e-09 outputs/V1e27_D10000_G14/solution/solution-00034 
 35 4.874000307444e+10 1.392571516413e+09 768 7235 3201 19 8 9 9 2.15411940e-09 3.71851660e-09 outputs/V1e27_D10000_G14/solution/solution-00035 
 36 5.013257459085e+10 1.392571516413e+09 768 7235 3201 19 8 9 9 2.05045415e-09 3.53698256e-09 outputs/V1e27_D10000_G14/solution/solution-00036 
 37 5.152514610727e+10 1.392571516413e+09 768 7235 3201 19 8 9 9 1.95171467e-09 3.36422125e-09 outputs/V1e27_D10000_G14/solution/solution-00037 
 38 5.291771762368e+10 1.392571516413e+09 768 7235 3201 19 8 9 9 1.85767763e-09 3.19983256e-09 outputs/V1e27_D10000_G14/solution/solution-00038 
 39 5.431028914009e+10 1.392571516413e+09 768 7235 3201 19 8 9 9 1.76812793e-09 3.04342986e-09 outputs/V1e27_D10000_G14/solution/solution-00039 
 40 5.570286065650e+10 1.392571516413e+09 768 7235 3201 19 8 9 9 1.68285879e-09 2.89464045e-09 outputs/V1e27_D10000_G14/solution/solution-00040 
 41 5.709543217292e+10 1.392571516413e+09 768 7235 3201 19 8 9 9 1.60167167e-09 2.75310582e-09 outputs/V1e27_D10000_G14/solution/solution-00041 
 42 5.848800368933e+10 1.392571516413e+09 768 7235 3201 19 8 9 9 1.52437620e-09 2.61848176e-09 outputs/V1e27_D10000_G14/solution/solution-00042 
 43 5.988057520574e+10 1.392571516413e+09 768 7235 3201 19 8 9 9 1.45079001e-09 2.49043828e-09 outputs/V1e27_D10000_G14/solution/solution-00043 
 44 6.127314672215e+10 1.392571516413e+09 768 7235 3201 19 8 9 9 1.38073859e-09 2.36865942e-09 outputs/V1e27_D10000_G14/solution/solution-00044 
 45 6.266571823857e+10 1.392571516413e+09 768 7235 3201 19 8 9 9 1.31405502e-09 2.25284302e-09 outputs/V1e27_D10000_G14/solution/solution-00045 
 46 6.405828975498e+10 1.392571516413e+09 768 7235 3201 19 8 9 9 1.25057982e-09 2.14270035e-09 outputs/V1e27_D10000_G14/solution/solution-00046 
 47 6.545086127139e+10 1.392571516413e+09 768 7235 3201 19 8 9 9 1.19016061e-09 2.03795579e-09 outputs/V1e27_D10000_G14/solution/solution-00047 
 48 6.684343278781e+10 1.392571516413e+09 768 7235 3201 19 8 9 9 1.13265195e-09 1.93834637e-09 outputs/V1e27_D10000_G14/solution/solution-00048 
 49 6.823600430422e+10 1.392571516413e+09 768 7235 3201 19 8 9 9 1.07791503e-09 1.84362136e-09 outputs/V1e27_D10000_G14/solution/solution-00049 
 50 6.962857582063e+10 1.392571516413e+09 768 7235 3201 19 8 9 9 1.02581743e-09 1.75354184e-09 outputs/V1e27_D10000_G14/solution/solution-00050 
 51 7.102114733704e+10 1.392571516413e+09 768 7235 3201 19 8 9 9 9.76232866e-10 1.66788019e-09 outputs/V1e27_D10000_G14/solution/solution-00051 
 52 7.241371885346e+10 1.392571516413e+09 768 7235 3201 19 8 9 9 9.29040944e-10 1.58641970e-09 outputs/V1e27_D10000_G14/solution/solution-00052 
 53 7.380629036987e+10 1.392571516413e+09 768 7235 3201 19 8 9 9 8.84126899e-10 1.50895407e-09 outputs/V1e27_D10000_G14/solution/solution-00053 
 54 7.519886188628e+10 1.392571516413e+09 768 7235 3201 19 8 9 9 8.41381361e-10 1.43528696e-09 outputs/V1e27_D10000_G14/solution/solution-00054 
 55 7.659143340269e+10 1.392571516413e+09 768 7235 3201 19 8 9 9 8.00700119e-10 1.36523158e-09 outputs/V1e27_D10000_G14/solution/solution-00055 
 56 7.798400491911e+10 1.392571516413e+09 768 7235 3201 19 8 9 9 7.61983894e-10 1.29861024e-09 outputs/V1e27_D10000_G14/solution/solution-00056 
 57 7.937657643552e+10 1.392571516413e+09 768 7235 3201 19 8 9 9 7.25138114e-10 1.23525394e-09 outputs/V1e27_D10000_G14/solution/solution-00057 
 58 8.076914795193e+10 1.392571516413e+09 768 7235 3201 19 8 9 9 6.90072708e-10 1.17500197e-09 outputs/V1e27_D10000_G14/solution/solution-00058 
 59 8.216171946834e+10 1.392571516413e+09 768 7235 3201 19 8 9 9 6.56701894e-10 1.11770149e-09 outputs/V1e27_D10000_G14/solution/solution-00059 
 60 8.355429098476e+10 1.392571516413e+09 768 7235 3201 19 8 9 9 6.24943986e-10 1.06320722e-09 outputs/V1e27_D10000_G14/solution/solution-00060 
 61 8.494686250117e+10 1.392571516413e+09 768 7235 3201 19 8 9 9 5.94721202e-10 1.01138101e-09 outputs/V1e27_D10000_G14/solution/solution-00061 
 62 8.633943401758e+10 1.392571516413e+09 768 7235 3201 19 8 9 9 5.65959484e-10 9.62091536e-10 outputs/V1e27_D10000_G14/solution/solution-00062 
 63 8.773200553399e+10 1.392571516413e+09 768 7235 3201 19 8 9 9 5.38588325e-10 9.15213958e-10 outputs/V1e27_D10000_G14/solution/solution-00063 
 64 8.912457705041e+10 1.392571516413e+09 768 7235 3201 19 8 9 9 5.12540600e-10 8.70629606e-10 outputs/V1e27_D10000_G14/solution/solution-00064 
 65 9.051714856682e+10 1.392571516413e+09 768 7235 3201 19 8 9 9 4.87752408e-10 8.28225676e-10 outputs/V1e27_D10000_G14/solution/solution-00065 
 66 9.190972008323e+10 1.392571516413e+09 768 7235 3201 19 8 9 9 4.64162919e-10 7.87894942e-10 outputs/V1e27_D10000_G14/solution/solution-00066 
 67 9.330229159964e+10 1.392571516413e+09 768 7235 3201 19 8 9 9 4.41714230e-10 7.49535483e-10 outputs/V1e27_D10000_G14/solution/solution-00067 
 68 9.469486311606e+10 1.392571516413e+09 768 7235 3201 19 8 9 9 4.20351224e-10 7.13050418e-10 outputs/V1e27_D10000_G14/solution/solution-00068 
 69 9.608743463247e+10 1.392571516413e+09 768 7235 3201 19 8 9 9 4.00021438e-10 6.78347660e-10 outputs/V1e27_D10000_G14/solution/solution-00069 
 70 9.748000614888e+10 1.392571516413e+09 768 7235 3201 18 8 9 9 3.80674936e-10 6.45339671e-10 outputs/V1e27_D10000_G14/solution/solution-00070 
 71 9.887257766530e+10 1.392571516413e+09 768 7235 3201 18 8 9 9 3.62264193e-10 6.13943249e-10 outputs/V1e27_D10000_G14/solution/solution-00071 
 72 1.002651491817e+11 1.392571516413e+09 768 7235 3201 18 8 9 9 3.44743972e-10 5.84079304e-10 outputs/V1e27_D10000_G14/solution/solution-00072 
 73 1.016577206981e+11 1.392571516413e+09 768 7235 3201 18 8 9 9 3.28071221e-10 5.55672653e-10 outputs/V1e27_D10000_G14/solution/solution-00073 
 74 1.030502922145e+11 1.392571516413e+09 768 7235 3201 18 8 9 9 3.12204964e-10 5.28651828e-10 outputs/V1e27_D10000_G14/solution/solution-00074 
 75 1.044428637309e+11 1.392571516413e+09 768 7235 3201 18 8 9 9 2.97106204e-10 5.02948892e-10 outputs/V1e27_D10000_G14/solution/solution-00075 
 76 1.058354352474e+11 1.392571516413e+09 768 7235 3201 18 8 9 9 2.82737826e-10 4.78499260e-10 outputs/V1e27_D10000_G14/solution/solution-00076 
 77 1.072280067638e+11 1.392571516413e+09 768 7235 3201 18 8 9 9 2.69064506e-10 4.55241535e-10 outputs/V1e27_D10000_G14/solution/solution-00077 
 78 1.086205782802e+11 1.392571516413e+09 768 7235 3201 18 8 9 9 2.56052630e-10 4.33117349e-10 outputs/V1e27_D10000_G14/solution/solution-00078 
 79 1.100131497966e+11 1.392571516413e+09 768 7235 3201 18 8 9 9 2.43670205e-10 4.12071211e-10 outputs/V1e27_D10000_G14/solution/solution-00079 
 80 1.114057213130e+11 1.392571516413e+09 768 7235 3201 18 8 9 9 2.31886785e-10 3.92050364e-10 outputs/V1e27_D10000_G14/solution/solution-00080 
 81 1.127982928294e+11 1.392571516413e+09 768 7235 3201 18 8 9 9 2.20673394e-10 3.73004653e-10 outputs/V1e27_D10000_G14/solution/solution-00081 
 82 1.141908643458e+11 1.392571516413e+09 768 7235 3201 18 8 9 9 2.10002459e-10 3.54886389e-10 outputs/V1e27_D10000_G14/solution/solution-00082 
 83 1.155834358622e+11 1.392571516413e+09 768 7235 3201 18 8 9 9 1.99847739e-10 3.37650232e-10 outputs/V1e27_D10000_G14/solution/solution-00083 
 84 1.169760073787e+11 1.392571516413e+09 768 7235 3201 18 8 9 9 1.90184259e-10 3.21253071e-10 outputs/V1e27_D10000_G14/solution/solution-00084 
 85 1.183685788951e+11 1.392571516413e+09 768 7235 3201 18 8 9 9 1.80988256e-10 3.05653916e-10 outputs/V1e27_D10000_G14/solution/solution-00085 
 86 1.197611504115e+11 1.392571516413e+09 768 7235 3201 18 8 9 9 1.72237114e-10 2.90813790e-10 outputs/V1e27_D10000_G14/solution/solution-00086 
 87 1.211537219279e+11 1.392571516413e+09 768 7235 3201 18 8 9 9 1.63909308e-10 2.76695633e-10 outputs/V1e27_D10000_G14/solution/solution-00087 
 88 1.225462934443e+11 1.392571516413e+09 768 7235 3201 18 8 9 9 1.55984360e-10 2.63264202e-10 outputs/V1e27_D10000_G14/solution/solution-00088 
 89 1.239388649607e+11 1.392571516413e+09 768 7235 3201 18 8 9 9 1.48442776e-10 2.50485985e-10 outputs/V1e27_D10000_G14/solution/solution-00089 
 90 1.253314364771e+11 1.392571516413e+09 768 7235 3201 18 8 9 9 1.41266010e-10 2.38329114e-10 outputs/V1e27_D10000_G14/solution/solution-00090 
 91 1.267240079935e+11 1.392571516413e+09 768 7235 3201 18 8 9 9 1.34436410e-10 2.26763285e-10 outputs/V1e27_D10000_G14/solution/solution-00091 
 92 1.281165795100e+11 1.392571516413e+09 768 7235 3201 18 8 9 9 1.27937179e-10 2.15759677e-10 outputs/V1e27_D10000_G14/solution/solution-00092 
 93 1.295091510264e+11 1.392571516413e+09 768 7235 3201 18 8 9 9 1.21752333e-10 2.05290883e-10 outputs/V1e27_D10000_G14/solution/solution-00093 
 94 1.309017225428e+11 1.392571516413e+09 768 7235 3201 18 8 9 9 1.15866660e-10 1.95330837e-10 outputs/V1e27_D10000_G14/solution/solution-00094 
 95 1.322942940592e+11 1.392571516413e+09 768 7235 3201 18 8 9 9 1.10265684e-10 1.85854750e-10 outputs/V1e27_D10000_G14/solution/solution-00095 
 96 1.336868655756e+11 1.392571516413e+09 768 7235 3201 18 8 9 9 1.04935632e-10 1.76839047e-10 outputs/V1e27_D10000_G14/solution/solution-00096 
 97 1.350794370920e+11 1.392571516413e+09 768 7235 3201 18 8 9 9 9.98633946e-11 1.68261304e-10 outputs/V1e27_D10000_G14/solution/solution-00097 
 98 1.364720086084e+11 1.392571516413e+09 768 7235 3201 18 8 9 9 9.50364971e-11 1.60100196e-10 outputs/V1e27_D10000_G14/solution/solution-00098 
 99 1.378645801248e+11 1.392571516413e+09 768 7235 3201 18 8 9 9 9.04430690e-11 1.52335440e-10 outputs/V1e27_D10000_G14/solution/solution-00099 
100 1.392571516413e+11 1.392571516413e+09 768 7235 3201 17 8 9 9 8.60718121e-11 1.44947739e-10 outputs/V1e27_D10000_G14/solution/solution-00100 
