# 1: Time step number
# 2: Time (years)
# 3: Time step size (years)
# 4: Number of mesh cells
# 5: Number of Stokes degrees of freedom
# 6: Number of temperature degrees of freedom
# 7: Iterations for temperature solver
# 8: Iterations for Stokes solver
# 9: Velocity iterations in Stokes preconditioner
# 10: Schur complement iterations in Stokes preconditioner
# 11: RMS velocity (m/year)
# 12: Max. velocity (m/year)
# 13: Visualization file name
  0 0.000000000000e+00 0.000000000000e+00 768 7235 3201  0 8 9 9 3.45000249e-07 1.67617323e-06 outputs/V1e25_D10000_G4/solution/solution-00000 
  1 1.392571516413e+09 1.392571516413e+09 768 7235 3201 32 8 9 9 5.49904408e-07 1.18149027e-06 outputs/V1e25_D10000_G4/solution/solution-00001 
  2 2.785143032825e+09 1.392571516413e+09 768 7235 3201 26 8 9 9 1.14935922e-06 2.01645022e-06 outputs/V1e25_D10000_G4/solution/solution-00002 
  3 4.177714549238e+09 1.392571516413e+09 768 7235 3201 25 8 9 9 2.33906855e-06 4.20632099e-06 outputs/V1e25_D10000_G4/solution/solution-00003 
  4 5.570286065650e+09 1.392571516413e+09 768 7235 3201 24 8 9 9 4.50875935e-06 8.29654764e-06 outputs/V1e25_D10000_G4/solution/solution-00004 
  5 6.962857582063e+09 1.392571516413e+09 768 7235 3201 23 8 9 9 8.24796938e-06 1.54954921e-05 outputs/V1e25_D10000_G4/solution/solution-00005 
  6 8.355429098476e+09 1.392571516413e+09 768 7235 3201 23 8 9 9 1.43800514e-05 2.75184679e-05 outputs/V1e25_D10000_G4/solution/solution-00006 
  7 9.748000614888e+09 1.392571516413e+09 768 7235 3201 23 8 9 9 2.39962470e-05 4.66742642e-05 outputs/V1e25_D10000_G4/solution/solution-00007 
  8 1.114057213130e+10 1.392571516413e+09 768 7235 3201 23 8 9 9 3.84773958e-05 7.59202854e-05 outputs/V1e25_D10000_G4/solution/solution-00008 
  9 1.237556016312e+10 1.234988031819e+09 768 7235 3201 22 8 9 9 5.69828241e-05 1.13706054e-04 outputs/V1e25_D10000_G4/solution/solution-00009 
 10 1.320013793579e+10 8.245777726743e+08 768 7235 3201 18 7 8 8 7.35766575e-05 1.47869356e-04 outputs/V1e25_D10000_G4/solution/solution-00010 
 11 1.383414353901e+10 6.340056032187e+08 768 7235 3201 16 7 8 8 8.92837985e-05 1.80405313e-04 outputs/V1e25_D10000_G4/solution/solution-00011 
 12 1.435404720452e+10 5.199036655047e+08 768 7235 3201 14 7 8 8 1.04391660e-04 2.11765817e-04 outputs/V1e25_D10000_G4/solution/solution-00012 
 13 1.479658088762e+10 4.425336831037e+08 768 7235 3201 13 6 7 7 1.19036736e-04 2.42421744e-04 outputs/V1e25_D10000_G4/solution/solution-00013 
 14 1.518341604871e+10 3.868351610856e+08 768 7235 3201 12 6 7 7 1.33332569e-04 2.72360215e-04 outputs/V1e25_D10000_G4/solution/solution-00014 
 15 1.552762931787e+10 3.442132691634e+08 768 7235 3201 12 6 7 7 1.47336236e-04 3.01727072e-04 outputs/V1e25_D10000_G4/solution/solution-00015 
 16 1.583843079688e+10 3.108014790063e+08 768 7235 3201 11 6 7 7 1.61097776e-04 3.30460248e-04 outputs/V1e25_D10000_G4/solution/solution-00016 
 17 1.612205584848e+10 2.836250516024e+08 768 7235 3201 11 6 7 7 1.74631453e-04 3.58813217e-04 outputs/V1e25_D10000_G4/solution/solution-00017 
 18 1.638345993391e+10 2.614040854317e+08 768 7235 3201 10 6 7 7 1.87952402e-04 3.86547819e-04 outputs/V1e25_D10000_G4/solution/solution-00018 
 19 1.662599137634e+10 2.425314424264e+08 768 7235 3201 10 6 7 7 2.01037050e-04 4.13563652e-04 outputs/V1e25_D10000_G4/solution/solution-00019 
 20 1.685273517562e+10 2.267437992785e+08 768 7235 3201 10 6 7 7 2.13876795e-04 4.39950674e-04 outputs/V1e25_D10000_G4/solution/solution-00020 
 21 1.706589022840e+10 2.131550527858e+08 768 7235 3201 10 6 7 7 2.26436350e-04 4.65214256e-04 outputs/V1e25_D10000_G4/solution/solution-00021 
 22 1.726728576278e+10 2.013955343755e+08 768 7235 3201 10 6 7 7 2.38674915e-04 4.90061202e-04 outputs/V1e25_D10000_G4/solution/solution-00022 
 23 1.745861852683e+10 1.913327640541e+08 768 7235 3201  9 6 7 7 2.50557127e-04 5.13692253e-04 outputs/V1e25_D10000_G4/solution/solution-00023 
 24 1.764123783651e+10 1.826193096802e+08 768 7235 3201  9 6 7 7 2.62037383e-04 5.36150395e-04 outputs/V1e25_D10000_G4/solution/solution-00024 
 25 1.781609548994e+10 1.748576534266e+08 768 7235 3201  9 6 7 7 2.73054232e-04 5.57490900e-04 outputs/V1e25_D10000_G4/solution/solution-00025 
 26 1.798425966977e+10 1.681641798334e+08 768 7235 3201  9 6 7 7 2.83561775e-04 5.77306148e-04 outputs/V1e25_D10000_G4/solution/solution-00026 
 27 1.814665184295e+10 1.623921731805e+08 768 7235 3201  9 6 7 7 2.93512352e-04 5.95983014e-04 outputs/V1e25_D10000_G4/solution/solution-00027 
 28 1.830407636704e+10 1.574245240856e+08 768 7235 3201  9 6 7 7 3.02857739e-04 6.13051850e-04 outputs/V1e25_D10000_G4/solution/solution-00028 
 29 1.845708106774e+10 1.530047007002e+08 768 7235 3201  9 6 7 7 3.11541301e-04 6.28387111e-04 outputs/V1e25_D10000_G4/solution/solution-00029 
 30 1.860625840855e+10 1.491773408105e+08 768 7235 3201  9 6 7 7 3.19516515e-04 6.41936567e-04 outputs/V1e25_D10000_G4/solution/solution-00030 
 31 1.875219923490e+10 1.459408263503e+08 768 7235 3201  9 6 7 7 3.26743471e-04 6.54258721e-04 outputs/V1e25_D10000_G4/solution/solution-00031 
 32 1.889543864637e+10 1.432394114747e+08 768 7235 3201  9 6 7 7 3.33185642e-04 6.64888357e-04 outputs/V1e25_D10000_G4/solution/solution-00032 
 33 1.903646619893e+10 1.410275525534e+08 768 7235 3201  9 6 7 7 3.38810579e-04 6.76778149e-04 outputs/V1e25_D10000_G4/solution/solution-00033 
 34 1.917499693066e+10 1.385307317376e+08 768 7235 3201  9 6 7 7 3.43567390e-04 6.91437776e-04 outputs/V1e25_D10000_G4/solution/solution-00034 
 35 1.931058425039e+10 1.355873197221e+08 768 7235 3201  9 6 7 7 3.47424927e-04 7.04083763e-04 outputs/V1e25_D10000_G4/solution/solution-00035 
 36 1.944373298428e+10 1.331487338933e+08 768 7235 3201  9 6 7 7 3.50399024e-04 7.14746616e-04 outputs/V1e25_D10000_G4/solution/solution-00036 
 37 1.957489480258e+10 1.311618182999e+08 768 7235 3201  9 6 7 7 3.52509219e-04 7.23466293e-04 outputs/V1e25_D10000_G4/solution/solution-00037 
 38 1.970447775067e+10 1.295829480915e+08 768 7235 3201  9 6 7 7 3.53778616e-04 7.30291294e-04 outputs/V1e25_D10000_G4/solution/solution-00038 
 39 1.983285396868e+10 1.283762180040e+08 768 7235 3201  9 6 7 7 3.54233676e-04 7.35277737e-04 outputs/V1e25_D10000_G4/solution/solution-00039 
 40 1.996036601417e+10 1.275120454971e+08 768 7235 3201  9 6 7 7 3.53903950e-04 7.38488452e-04 outputs/V1e25_D10000_G4/solution/solution-00040 
 41 2.008733209294e+10 1.269660787644e+08 768 7235 3201  9 6 7 7 3.52821791e-04 7.39992115e-04 outputs/V1e25_D10000_G4/solution/solution-00041 
 42 2.021405042703e+10 1.267183340890e+08 768 7235 3201  8 6 7 7 3.51022038e-04 7.39862425e-04 outputs/V1e25_D10000_G4/solution/solution-00042 
 43 2.034080293532e+10 1.267525082981e+08 768 7235 3201  8 6 7 7 3.48541685e-04 7.38177318e-04 outputs/V1e25_D10000_G4/solution/solution-00043 
 44 2.046785836163e+10 1.270554263084e+08 768 7235 3201  8 6 7 7 3.45419548e-04 7.35018231e-04 outputs/V1e25_D10000_G4/solution/solution-00044 
 45 2.059547495535e+10 1.276165937185e+08 768 7235 3201  8 6 7 7 3.41695931e-04 7.30469399e-04 outputs/V1e25_D10000_G4/solution/solution-00045 
 46 2.072390278689e+10 1.284278315433e+08 768 7235 3201  8 6 7 7 3.37412296e-04 7.24617209e-04 outputs/V1e25_D10000_G4/solution/solution-00046 
 47 2.085338576230e+10 1.294829754020e+08 768 7235 3201  8 6 7 7 3.32610946e-04 7.17549578e-04 outputs/V1e25_D10000_G4/solution/solution-00047 
 48 2.098416338761e+10 1.307776253158e+08 768 7235 3201  8 6 7 7 3.27334721e-04 7.09355389e-04 outputs/V1e25_D10000_G4/solution/solution-00048 
 49 2.111647232274e+10 1.323089351307e+08 768 7235 3201  8 6 7 7 3.21626705e-04 7.00123960e-04 outputs/V1e25_D10000_G4/solution/solution-00049 
 50 2.125050841815e+10 1.340360954075e+08 768 7235 3201  8 6 7 7 3.15531782e-04 6.89947639e-04 outputs/V1e25_D10000_G4/solution/solution-00050 
 51 2.138649235471e+10 1.359839365604e+08 768 7235 3201  8 6 7 7 3.09093615e-04 6.78916919e-04 outputs/V1e25_D10000_G4/solution/solution-00051 
 52 2.152465495510e+10 1.381626003932e+08 768 7235 3201  8 6 7 7 3.02354865e-04 6.67120575e-04 outputs/V1e25_D10000_G4/solution/solution-00052 
 53 2.166522819374e+10 1.405732386391e+08 768 7235 3201  8 6 7 7 2.95357394e-04 6.54645928e-04 outputs/V1e25_D10000_G4/solution/solution-00053 
 54 2.180844596358e+10 1.432177698385e+08 768 7235 3201  8 6 7 7 2.88142068e-04 6.41689216e-04 outputs/V1e25_D10000_G4/solution/solution-00054 
 55 2.195454472551e+10 1.460987619285e+08 768 7235 3201  8 6 7 7 2.80748590e-04 6.28269869e-04 outputs/V1e25_D10000_G4/solution/solution-00055 
 56 2.210376404127e+10 1.492193157560e+08 768 7235 3201  8 6 7 7 2.73215346e-04 6.14419907e-04 outputs/V1e25_D10000_G4/solution/solution-00056 
 57 2.225634698802e+10 1.525829467536e+08 768 7235 3201  8 6 7 7 2.65579276e-04 6.00217184e-04 outputs/V1e25_D10000_G4/solution/solution-00057 
 58 2.241254045024e+10 1.561934622225e+08 768 7235 3201  9 6 7 7 2.57875761e-04 5.85736768e-04 outputs/V1e25_D10000_G4/solution/solution-00058 
 59 2.257259528215e+10 1.600548319096e+08 768 7235 3201  9 6 7 7 2.50138530e-04 5.71050743e-04 outputs/V1e25_D10000_G4/solution/solution-00059 
 60 2.273676633199e+10 1.641710498397e+08 768 7235 3201  9 6 7 7 2.42399577e-04 5.56228021e-04 outputs/V1e25_D10000_G4/solution/solution-00060 
 61 2.290531231766e+10 1.685459856665e+08 768 7235 3201  9 6 7 7 2.34689102e-04 5.41334188e-04 outputs/V1e25_D10000_G4/solution/solution-00061 
 62 2.307849554182e+10 1.731832241608e+08 768 7235 3201  9 6 7 7 2.27035459e-04 5.26431370e-04 outputs/V1e25_D10000_G4/solution/solution-00062 
 63 2.325658143370e+10 1.780858918778e+08 768 7235 3201  9 6 7 7 2.19465116e-04 5.11578116e-04 outputs/V1e25_D10000_G4/solution/solution-00063 
 64 2.343983790425e+10 1.832564705558e+08 768 7235 3201  9 6 7 7 2.12002636e-04 4.96908698e-04 outputs/V1e25_D10000_G4/solution/solution-00064 
 65 2.362853450167e+10 1.886965974176e+08 768 7235 3201  9 6 7 7 2.04670653e-04 4.82474523e-04 outputs/V1e25_D10000_G4/solution/solution-00065 
 66 2.382294135495e+10 1.944068532763e+08 768 7235 3201  9 6 7 7 1.97489877e-04 4.68237066e-04 outputs/V1e25_D10000_G4/solution/solution-00066 
 67 2.402332789516e+10 2.003865402104e+08 768 7235 3201  9 6 7 7 1.90479088e-04 4.54239514e-04 outputs/V1e25_D10000_G4/solution/solution-00067 
 68 2.422996134671e+10 2.066334515587e+08 768 7235 3201  9 6 7 7 1.83655153e-04 4.40521234e-04 outputs/V1e25_D10000_G4/solution/solution-00068 
 69 2.444301761468e+10 2.130562679628e+08 768 7235 3201  9 6 7 7 1.77035670e-04 4.27123118e-04 outputs/V1e25_D10000_G4/solution/solution-00069 
 70 2.466269547682e+10 2.196778621453e+08 768 7235 3201  9 6 7 7 1.70634888e-04 4.14079389e-04 outputs/V1e25_D10000_G4/solution/solution-00070 
 71 2.488922930930e+10 2.265338324744e+08 768 7235 3201  9 6 7 7 1.64463655e-04 4.01417378e-04 outputs/V1e25_D10000_G4/solution/solution-00071 
 72 2.512284253217e+10 2.336132228687e+08 768 7235 3201  9 6 7 7 1.58530975e-04 3.89160631e-04 outputs/V1e25_D10000_G4/solution/solution-00072 
 73 2.536374527082e+10 2.409027386565e+08 768 7235 3201  9 6 7 7 1.52844063e-04 3.77329012e-04 outputs/V1e25_D10000_G4/solution/solution-00073 
 74 2.561213191272e+10 2.483866418972e+08 768 7235 3201  9 5 6 6 1.47408409e-04 3.65938828e-04 outputs/V1e25_D10000_G4/solution/solution-00074 
 75 2.586817860120e+10 2.560466884845e+08 768 7235 3201 10 5 6 6 1.42227849e-04 3.55002977e-04 outputs/V1e25_D10000_G4/solution/solution-00075 
 76 2.613204070972e+10 2.638621085126e+08 768 7235 3201 10 5 6 6 1.37304632e-04 3.44533296e-04 outputs/V1e25_D10000_G4/solution/solution-00076 
 77 2.640385036314e+10 2.718096534202e+08 768 7235 3201 10 5 6 6 1.32639515e-04 3.34701181e-04 outputs/V1e25_D10000_G4/solution/solution-00077 
 78 2.668371405756e+10 2.798636944201e+08 768 7235 3201 10 5 6 6 1.28231841e-04 3.25326850e-04 outputs/V1e25_D10000_G4/solution/solution-00078 
 79 2.697171045033e+10 2.879963927735e+08 768 7235 3201 10 5 6 6 1.24079641e-04 3.16411336e-04 outputs/V1e25_D10000_G4/solution/solution-00079 
 80 2.726788838815e+10 2.961779378144e+08 768 7235 3201 10 5 6 6 1.20179731e-04 3.07953234e-04 outputs/V1e25_D10000_G4/solution/solution-00080 
 81 2.757226524170e+10 3.043768535545e+08 768 7235 3201 10 5 6 6 1.16527819e-04 2.99948893e-04 outputs/V1e25_D10000_G4/solution/solution-00081 
 82 2.788482561238e+10 3.125603706803e+08 768 7235 3201 10 5 6 6 1.13118616e-04 2.92392617e-04 outputs/V1e25_D10000_G4/solution/solution-00082 
 83 2.820552046998e+10 3.206948576026e+08 768 7235 3201 10 5 6 6 1.09945949e-04 2.85276863e-04 outputs/V1e25_D10000_G4/solution/solution-00083 
 84 2.853426677102e+10 3.287463010400e+08 768 7235 3201 10 5 6 6 1.07002876e-04 2.78592434e-04 outputs/V1e25_D10000_G4/solution/solution-00084 
 85 2.887094759465e+10 3.366808236259e+08 768 7235 3201 11 5 6 6 1.04281802e-04 2.72328666e-04 outputs/V1e25_D10000_G4/solution/solution-00085 
 86 2.921541281812e+10 3.444652234728e+08 768 7235 3201 11 6 7 7 1.01774593e-04 2.66473620e-04 outputs/V1e25_D10000_G4/solution/solution-00086 
 87 2.956748033554e+10 3.520675174182e+08 768 7235 3201 11 6 7 7 9.94726838e-05 2.61014247e-04 outputs/V1e25_D10000_G4/solution/solution-00087 
 88 2.992693781330e+10 3.594574777650e+08 768 7235 3201 11 6 7 7 9.73671900e-05 2.55936570e-04 outputs/V1e25_D10000_G4/solution/solution-00088 
 89 3.029354493794e+10 3.666071246394e+08 768 7235 3201 11 6 7 7 9.54490008e-05 2.51225838e-04 outputs/V1e25_D10000_G4/solution/solution-00089 
 90 3.066703612120e+10 3.734911832589e+08 768 7235 3201 11 6 7 7 9.37088733e-05 2.46866676e-04 outputs/V1e25_D10000_G4/solution/solution-00090 
 91 3.104712359213e+10 3.800874709322e+08 768 7235 3201 11 6 7 7 9.21375142e-05 2.42843234e-04 outputs/V1e25_D10000_G4/solution/solution-00091 
 92 3.143350080150e+10 3.863772093658e+08 768 7235 3201 11 6 7 7 9.07256525e-05 2.39139310e-04 outputs/V1e25_D10000_G4/solution/solution-00092 
 93 3.182584605351e+10 3.923452520111e+08 768 7235 3201 11 6 7 7 8.94641033e-05 2.35738482e-04 outputs/V1e25_D10000_G4/solution/solution-00093 
 94 3.222382627494e+10 3.979802214329e+08 768 7235 3201 11 6 7 7 8.83438208e-05 2.32624212e-04 outputs/V1e25_D10000_G4/solution/solution-00094 
 95 3.262710083067e+10 4.032745557218e+08 768 7235 3201 11 6 7 7 8.73559431e-05 2.29779956e-04 outputs/V1e25_D10000_G4/solution/solution-00095 
 96 3.303532529754e+10 4.082244668720e+08 768 7235 3201 11 6 7 7 8.64918283e-05 2.27189251e-04 outputs/V1e25_D10000_G4/solution/solution-00096 
 97 3.344815511507e+10 4.128298175287e+08 768 7235 3201 11 6 7 7 8.57430817e-05 2.24835803e-04 outputs/V1e25_D10000_G4/solution/solution-00097 
 98 3.386524904046e+10 4.170939253968e+08 768 7235 3201 11 6 7 7 8.51015781e-05 2.22703562e-04 outputs/V1e25_D10000_G4/solution/solution-00098 
 99 3.428627234721e+10 4.210233067430e+08 768 7235 3201 11 6 7 7 8.45594764e-05 2.20776784e-04 outputs/V1e25_D10000_G4/solution/solution-00099 
100 3.471089971897e+10 4.246273717661e+08 768 7235 3201 11 6 7 7 8.41092304e-05 2.19040095e-04 outputs/V1e25_D10000_G4/solution/solution-00100 
