# 1: Time step number
# 2: Time (years)
# 3: Time step size (years)
# 4: Number of mesh cells
# 5: Number of Stokes degrees of freedom
# 6: Number of temperature degrees of freedom
# 7: Iterations for temperature solver
# 8: Iterations for Stokes solver
# 9: Velocity iterations in Stokes preconditioner
# 10: Schur complement iterations in Stokes preconditioner
# 11: RMS velocity (m/year)
# 12: Max. velocity (m/year)
# 13: Visualization file name
  0 0.000000000000e+00 0.000000000000e+00 768 7235 3201  0 8 9 9 7.95162697e-06 1.41467406e-05 outputs/V1e24_D10_G12/solution/solution-00000 
  1 1.392571516413e+09 1.392571516413e+09 768 7235 3201 31 8 9 9 1.17848337e-05 2.27855761e-05 outputs/V1e24_D10_G12/solution/solution-00001 
  2 2.785143032825e+09 1.392571516413e+09 768 7235 3201 25 8 9 9 2.47895354e-05 5.28255794e-05 outputs/V1e24_D10_G12/solution/solution-00002 
  3 4.177714549238e+09 1.392571516413e+09 768 7235 3201 25 8 9 9 7.05125692e-05 1.54495155e-04 outputs/V1e24_D10_G12/solution/solution-00003 
  4 4.784622669565e+09 6.069081203268e+08 768 7235 3201 18 8 9 9 1.31688987e-04 2.90151549e-04 outputs/V1e24_D10_G12/solution/solution-00004 
  5 5.107882063009e+09 3.232593934439e+08 768 7235 3201 13 8 9 9 1.97100934e-04 4.36132706e-04 outputs/V1e24_D10_G12/solution/solution-00005 
  6 5.322867172473e+09 2.149851094640e+08 768 7235 3201 12 7 8 8 2.66214256e-04 5.91942634e-04 outputs/V1e24_D10_G12/solution/solution-00006 
  7 5.481222011015e+09 1.583548385424e+08 768 7235 3201 11 7 8 8 3.38459248e-04 7.56800240e-04 outputs/V1e24_D10_G12/solution/solution-00007 
  8 5.605098821647e+09 1.238768106318e+08 768 7235 3201 10 7 8 8 4.13673756e-04 9.29691918e-04 outputs/V1e24_D10_G12/solution/solution-00008 
  9 5.705912884559e+09 1.008140629123e+08 768 7235 3201 10 7 8 8 4.91842424e-04 1.11059823e-03 outputs/V1e24_D10_G12/solution/solution-00009 
 10 5.790326849393e+09 8.441396483367e+07 768 7235 3201 10 7 8 8 5.72986578e-04 1.29874061e-03                                            "" 
 11 5.862562157414e+09 7.223530802164e+07 768 7235 3201 10 6 7 7 6.57088422e-04 1.49151093e-03 outputs/V1e24_D10_G12/solution/solution-00010 
 12 5.925381962524e+09 6.281980510976e+07 768 7235 3201 10 6 7 7 7.43940596e-04 1.68991885e-03 outputs/V1e24_D10_G12/solution/solution-00011 
 13 5.980885099341e+09 5.550313681734e+07 768 7235 3201 10 6 7 7 8.33473458e-04 1.89070747e-03                                            "" 
 14 6.030469713330e+09 4.958461398818e+07 768 7235 3201 10 6 7 7 9.25295179e-04 2.09217319e-03 outputs/V1e24_D10_G12/solution/solution-00012 
 15 6.075322499559e+09 4.485278622955e+07 768 7235 3201 11 6 7 7 1.01919097e-03 2.29220236e-03                                            "" 
 16 6.116220989220e+09 4.089848966120e+07 768 7235 3201 11 6 7 7 1.11455535e-03 2.48847988e-03 outputs/V1e24_D10_G12/solution/solution-00013 
 17 6.153870144673e+09 3.764915545232e+07 768 7235 3201 11 6 7 7 1.21092254e-03 2.68249618e-03                                            "" 
 18 6.188834188745e+09 3.496404407254e+07 768 7235 3201 12 6 7 7 1.30776024e-03 2.95244680e-03                                            "" 
 19 6.220582276188e+09 3.174808744235e+07 768 7235 3201 12 6 7 7 1.40148586e-03 3.21752573e-03 outputs/V1e24_D10_G12/solution/solution-00014 
 20 6.249695232081e+09 2.911295589351e+07 768 7235 3201 12 6 7 7 1.49170076e-03 3.47510458e-03                                            "" 
 21 6.276653262195e+09 2.695803011431e+07 768 7235 3201 12 6 7 7 1.57812662e-03 3.72343346e-03                                            "" 
 22 6.301831012280e+09 2.517775008500e+07 768 7235 3201 12 6 7 7 1.66049091e-03 3.95914058e-03 outputs/V1e24_D10_G12/solution/solution-00015 
 23 6.325526176432e+09 2.369516415119e+07 768 7235 3201 12 6 7 7 1.73853343e-03 4.18098840e-03                                            "" 
 24 6.347979106228e+09 2.245292979630e+07 768 7235 3201 12 6 7 7 1.81201009e-03 4.38796374e-03                                            "" 
 25 6.369354912675e+09 2.137580644712e+07 768 7235 3201 12 6 7 7 1.88059587e-03 4.58042824e-03                                            "" 
 26 6.389822431231e+09 2.046751855646e+07 768 7235 3201 12 6 7 7 1.94411633e-03 4.75869287e-03                                            "" 
 27 6.409523219374e+09 1.970078814296e+07 768 7235 3201 12 6 7 7 2.00242178e-03 4.92018233e-03 outputs/V1e24_D10_G12/solution/solution-00016 
 28 6.428577391312e+09 1.905417193717e+07 768 7235 3201 12 6 7 7 2.05538948e-03 5.06465343e-03                                            "" 
 29 6.447088035967e+09 1.851064465552e+07 768 7235 3201 12 6 7 7 2.10292557e-03 5.19328463e-03                                            "" 
 30 6.465144606365e+09 1.805657039803e+07 768 7235 3201 12 6 7 7 2.14496707e-03 5.30699601e-03                                            "" 
 31 6.482825549205e+09 1.768094283988e+07 768 7235 3201 13 6 7 7 2.18148363e-03 5.40370582e-03                                            "" 
 32 6.500188955140e+09 1.736340593466e+07 768 7235 3201 13 6 7 7 2.21246041e-03 5.48362420e-03 outputs/V1e24_D10_G12/solution/solution-00017 
 33 6.517291458525e+09 1.710250338578e+07 768 7235 3201 13 6 7 7 2.23793936e-03 5.54713634e-03                                            "" 
 34 6.534191001652e+09 1.689954312615e+07 768 7235 3201 13 6 7 7 2.25801307e-03 5.59477100e-03                                            "" 
 35 6.550940171408e+09 1.674916975621e+07 768 7235 3201 13 6 7 7 2.27280761e-03 5.62714598e-03                                            "" 
 36 6.567587105581e+09 1.664693417293e+07 768 7235 3201 13 6 7 7 2.28248182e-03 5.64780369e-03                                            "" 
 37 6.584176219947e+09 1.658911436586e+07 768 7235 3201 13 6 7 7 2.28722601e-03 5.65510825e-03 outputs/V1e24_D10_G12/solution/solution-00018 
 38 6.600748791635e+09 1.657257168884e+07 768 7235 3201 13 6 7 7 2.28725996e-03 5.64906610e-03 outputs/V1e24_D10_G12/solution/solution-00019 
 39 6.617343425915e+09 1.659463427992e+07 768 7235 3201 13 6 7 7 2.28283025e-03 5.63055429e-03                                            "" 
 40 6.633996427359e+09 1.665300144330e+07 768 7235 3201 13 6 7 7 2.27420709e-03 5.60049971e-03                                            "" 
 41 6.650742091734e+09 1.674566437570e+07 768 7235 3201 13 6 7 7 2.26168061e-03 5.55986810e-03                                            "" 
 42 6.667612931558e+09 1.687083982365e+07 768 7235 3201 13 6 7 7 2.24555680e-03 5.50965262e-03                                            "" 
 43 6.684639845747e+09 1.702691418860e+07 768 7235 3201 12 6 7 7 2.22615313e-03 5.45086218e-03 outputs/V1e24_D10_G12/solution/solution-00020 
 44 6.701852242031e+09 1.721239628406e+07 768 7235 3201 12 6 7 7 2.20379415e-03 5.38450965e-03 outputs/V1e24_D10_G12/solution/solution-00021 
 45 6.719278119451e+09 1.742587742064e+07 768 7235 3201 12 6 7 7 2.17880700e-03 5.31160019e-03                                            "" 
 46 6.736944117253e+09 1.766599780176e+07 768 7235 3201 12 6 7 7 2.15151713e-03 5.23312020e-03                                            "" 
 47 6.754875535677e+09 1.793141842367e+07 768 7235 3201 12 6 7 7 2.12224435e-03 5.15002692e-03                                            "" 
 48 6.773096333519e+09 1.822079784185e+07 768 7235 3201 12 6 7 7 2.09129920e-03 5.06323910e-03                                            "" 
 49 6.791629106838e+09 1.853277331945e+07 768 7235 3201 12 6 7 7 2.05897990e-03 4.97362900e-03 outputs/V1e24_D10_G12/solution/solution-00022 
 50 6.810495052849e+09 1.886594601118e+07 768 7235 3201 12 6 7 7 2.02556977e-03 4.88201563e-03 outputs/V1e24_D10_G12/solution/solution-00023 
 51 6.829713922794e+09 1.921886994514e+07 768 7235 3201 12 6 7 7 1.99133520e-03 4.78915957e-03                                            "" 
 52 6.849303967428e+09 1.959004463358e+07 768 7235 3201 12 6 7 7 1.95652412e-03 4.69575922e-03                                            "" 
 53 6.869281878600e+09 1.997791117215e+07 768 7235 3201 11 6 7 7 1.92136499e-03 4.60244841e-03                                            "" 
 54 6.889662730282e+09 2.038085168170e+07 768 7235 3201 11 6 7 7 1.88606624e-03 4.50979542e-03                                            "" 
 55 6.910459922202e+09 2.079719192037e+07 768 7235 3201 11 6 7 7 1.85081610e-03 4.41830317e-03 outputs/V1e24_D10_G12/solution/solution-00024 
 56 6.931685129057e+09 2.122520685488e+07 768 7235 3201 11 6 7 7 1.81578271e-03 4.32841051e-03                                            "" 
 57 6.953348257994e+09 2.166312893706e+07 768 7235 3201 11 6 7 7 1.78111466e-03 4.24049435e-03                                            "" 
 58 6.975457416780e+09 2.210915878589e+07 768 7235 3201 11 6 7 7 1.74694158e-03 4.15487258e-03                                            "" 
 59 6.998018894710e+09 2.256147792996e+07 768 7235 3201 11 6 7 7 1.71337506e-03 4.07180753e-03                                            "" 
 60 7.021037157930e+09 2.301826322033e+07 768 7235 3201 11 6 7 7 1.68050962e-03 3.99150985e-03 outputs/V1e24_D10_G12/solution/solution-00025 
 61 7.044514860413e+09 2.347770248269e+07 768 7235 3201 11 6 7 7 1.64842377e-03 3.91414262e-03                                            "" 
 62 7.068452871356e+09 2.393801094328e+07 768 7235 3201 11 6 7 7 1.61718116e-03 3.83982561e-03                                            "" 
 63 7.092850319297e+09 2.439744794044e+07 768 7235 3201 11 6 7 7 1.58683177e-03 3.76954021e-03                                            "" 
 64 7.117704652723e+09 2.485433342594e+07 768 7235 3201 11 6 7 7 1.55741306e-03 3.70271681e-03 outputs/V1e24_D10_G12/solution/solution-00026 
 65 7.143011716494e+09 2.530706377168e+07 768 7235 3201 11 6 7 7 1.52895115e-03 3.63903944e-03                                            "" 
 66 7.168765842923e+09 2.575412642825e+07 768 7235 3201 11 6 7 7 1.50146195e-03 3.57849598e-03                                            "" 
 67 7.194959955955e+09 2.619411303253e+07 768 7235 3201 11 6 7 7 1.47495229e-03 3.52105194e-03                                            "" 
 68 7.221585686585e+09 2.662573062965e+07 768 7235 3201 11 6 7 7 1.44942097e-03 3.46665380e-03 outputs/V1e24_D10_G12/solution/solution-00027 
 69 7.248633497340e+09 2.704781075514e+07 768 7235 3201 11 6 7 7 1.42485980e-03 3.41523203e-03                                            "" 
 70 7.276092813553e+09 2.745931621299e+07 768 7235 3201 11 6 7 7 1.40125454e-03 3.36670395e-03                                            "" 
 71 7.303952159029e+09 2.785934547648e+07 768 7235 3201 11 6 7 7 1.37858580e-03 3.32097625e-03 outputs/V1e24_D10_G12/solution/solution-00028 
 72 7.332199293757e+09 2.824713472763e+07 768 7235 3201 11 6 7 7 1.35682992e-03 3.27794730e-03                                            "" 
 73 7.360821351389e+09 2.862205763173e+07 768 7235 3201 11 6 7 7 1.33595970e-03 3.23750920e-03                                            "" 
 74 7.389804974401e+09 2.898362301233e+07 768 7235 3201 10 6 7 7 1.31594515e-03 3.19954959e-03                                            "" 
 75 7.419128650949e+09 2.932367654779e+07 768 7235 3201 10 6 7 7 1.29675904e-03 3.16396228e-03 outputs/V1e24_D10_G12/solution/solution-00029 
 76 7.448777278677e+09 2.964862772827e+07 768 7235 3201 10 6 7 7 1.27836756e-03 3.13062971e-03                                            "" 
 77 7.478736844329e+09 2.995956565224e+07 768 7235 3201 10 6 7 7 1.26073508e-03 3.09943268e-03                                            "" 
 78 7.508993369492e+09 3.025652516283e+07 768 7235 3201 10 6 7 7 1.24382547e-03 3.07025287e-03 outputs/V1e24_D10_G12/solution/solution-00030 
 79 7.539533007521e+09 3.053963802864e+07 768 7235 3201 10 6 7 7 1.22760247e-03 3.04297368e-03                                            "" 
 80 7.570342130666e+09 3.080912314492e+07 768 7235 3201 10 6 7 7 1.21203003e-03 3.01783890e-03                                            "" 
 81 7.601407407245e+09 3.106527657897e+07 768 7235 3201 10 6 7 7 1.19707261e-03 2.99439816e-03 outputs/V1e24_D10_G12/solution/solution-00031 
 82 7.632715868921e+09 3.130846167662e+07 768 7235 3201 10 6 7 7 1.18269540e-03 2.97250086e-03                                            "" 
 83 7.664254968328e+09 3.153909940718e+07 768 7235 3201 10 6 7 7 1.16886453e-03 2.95204378e-03                                            "" 
 84 7.696012627417e+09 3.175765908850e+07 768 7235 3201 10 6 7 7 1.15554720e-03 2.93292750e-03                                            "" 
 85 7.727977277018e+09 3.196464960096e+07 768 7235 3201 10 5 6 6 1.14271185e-03 2.91505653e-03 outputs/V1e24_D10_G12/solution/solution-00032 
 86 7.760137888285e+09 3.216061126673e+07 768 7235 3201 10 5 6 6 1.13032819e-03 2.89833944e-03                                            "" 
 87 7.792483996139e+09 3.234610785387e+07 768 7235 3201 10 5 6 6 1.11836730e-03 2.88268884e-03                                            "" 
 88 7.825005716373e+09 3.252172023445e+07 768 7235 3201 10 5 6 6 1.10680167e-03 2.86802148e-03 outputs/V1e24_D10_G12/solution/solution-00033 
 89 7.857693756055e+09 3.268803968179e+07 768 7235 3201 10 5 6 6 1.09560520e-03 2.85425817e-03                                            "" 
 90 7.890539418397e+09 3.284566234229e+07 768 7235 3201 10 5 6 6 1.08475325e-03 2.84132373e-03                                            "" 
 91 7.923534602637e+09 3.299518423966e+07 768 7235 3201  9 5 6 6 1.07422257e-03 2.82914696e-03 outputs/V1e24_D10_G12/solution/solution-00034 
 92 7.956671799529e+09 3.313719689182e+07 768 7235 3201  9 5 6 6 1.06399133e-03 2.81766053e-03                                            "" 
 93 7.989944083036e+09 3.327228350793e+07 768 7235 3201  9 5 6 6 1.05403909e-03 2.80680087e-03                                            "" 
 94 8.023345098765e+09 3.340101572897e+07 768 7235 3201  9 5 6 6 1.04434673e-03 2.79650810e-03 outputs/V1e24_D10_G12/solution/solution-00035 
 95 8.056869049638e+09 3.352395087263e+07 768 7235 3201  9 5 6 6 1.03489648e-03 2.78672588e-03                                            "" 
 96 8.090510679281e+09 3.364162964276e+07 768 7235 3201  9 5 6 6 1.02567179e-03 2.77740135e-03                                            "" 
 97 8.124265253544e+09 3.375457426317e+07 768 7235 3201  9 5 6 6 1.01665736e-03 2.76848494e-03 outputs/V1e24_D10_G12/solution/solution-00036 
 98 8.158128540541e+09 3.386328699685e+07 768 7235 3201  9 5 6 6 1.00783906e-03 2.75993031e-03                                            "" 
 99 8.192096789554e+09 3.396824901290e+07 768 7235 3201  9 5 6 6 9.99203885e-04 2.75169420e-03                                            "" 
100 8.226166709120e+09 3.406991956574e+07 768 7235 3201  9 5 6 6 9.90739922e-04 2.74373631e-03 outputs/V1e24_D10_G12/solution/solution-00037 
