# 1: Time step number
# 2: Time (years)
# 3: Time step size (years)
# 4: Number of mesh cells
# 5: Number of Stokes degrees of freedom
# 6: Number of temperature degrees of freedom
# 7: Iterations for temperature solver
# 8: Iterations for Stokes solver
# 9: Velocity iterations in Stokes preconditioner
# 10: Schur complement iterations in Stokes preconditioner
# 11: RMS velocity (m/year)
# 12: Max. velocity (m/year)
# 13: Visualization file name
  0 0.000000000000e+00 0.000000000000e+00 768 7235 3201  0 8 9 9 2.40958393e-06 4.28689110e-06 outputs/V3.3e24_D10_G12/solution/solution-00000 
  1 1.392571516413e+09 1.392571516413e+09 768 7235 3201 32 8 9 9 2.66736384e-06 4.76917797e-06 outputs/V3.3e24_D10_G12/solution/solution-00001 
  2 2.785143032825e+09 1.392571516413e+09 768 7235 3201 25 8 9 9 3.30069471e-06 6.29621126e-06 outputs/V3.3e24_D10_G12/solution/solution-00002 
  3 4.177714549238e+09 1.392571516413e+09 768 7235 3201 24 8 9 9 4.64150365e-06 9.29451061e-06 outputs/V3.3e24_D10_G12/solution/solution-00003 
  4 5.570286065650e+09 1.392571516413e+09 768 7235 3201 23 8 9 9 7.30927239e-06 1.50092324e-05 outputs/V3.3e24_D10_G12/solution/solution-00004 
  5 6.962857582063e+09 1.392571516413e+09 768 7235 3201 23 8 9 9 1.25688662e-05 2.59817668e-05 outputs/V3.3e24_D10_G12/solution/solution-00005 
  6 8.355429098476e+09 1.392571516413e+09 768 7235 3201 22 8 9 9 2.30767890e-05 4.74954409e-05 outputs/V3.3e24_D10_G12/solution/solution-00006 
  7 9.748000614888e+09 1.392571516413e+09 768 7235 3201 22 8 9 9 4.45224333e-05 9.07804518e-05 outputs/V3.3e24_D10_G12/solution/solution-00007 
  8 1.078085234610e+10 1.032851731213e+09 768 7235 3201 21 8 9 9 7.59386668e-05 1.53729570e-04 outputs/V3.3e24_D10_G12/solution/solution-00008 
  9 1.139068947673e+10 6.098371306280e+08 768 7235 3201 17 7 8 8 1.07560000e-04 2.17005768e-04 outputs/V3.3e24_D10_G12/solution/solution-00009 
 10 1.182272665894e+10 4.320371822157e+08 768 7235 3201 14 7 8 8 1.39970985e-04 2.81928845e-04 outputs/V3.3e24_D10_G12/solution/solution-00010 
 11 1.215540972177e+10 3.326830628208e+08 768 7235 3201 12 7 8 8 1.73008156e-04 3.48115495e-04 outputs/V3.3e24_D10_G12/solution/solution-00011 
 12 1.242471689499e+10 2.693071732233e+08 768 7235 3201 11 7 8 8 2.06523546e-04 4.15247337e-04 outputs/V3.3e24_D10_G12/solution/solution-00012 
 13 1.265052472733e+10 2.258078323405e+08 768 7235 3201 11 6 7 7 2.40467412e-04 4.83115129e-04 outputs/V3.3e24_D10_G12/solution/solution-00013 
 14 1.284459086314e+10 1.940661358087e+08 768 7235 3201 10 6 7 7 2.74776342e-04 5.51513642e-04 outputs/V3.3e24_D10_G12/solution/solution-00014 
 15 1.301457759204e+10 1.699867289056e+08 768 7235 3201 10 6 7 7 3.09394905e-04 6.20232217e-04 outputs/V3.3e24_D10_G12/solution/solution-00015 
 16 1.316573065613e+10 1.511530640898e+08 768 7235 3201 10 6 7 7 3.44257807e-04 6.89074543e-04 outputs/V3.3e24_D10_G12/solution/solution-00016 
 17 1.330183770249e+10 1.361070463608e+08 768 7235 3201  9 6 7 7 3.79295596e-04 7.57115437e-04 outputs/V3.3e24_D10_G12/solution/solution-00017 
 18 1.342558911326e+10 1.237514107685e+08 768 7235 3201  9 6 7 7 4.14390779e-04 8.25395136e-04 outputs/V3.3e24_D10_G12/solution/solution-00018 
 19 1.353920521904e+10 1.136161057814e+08 768 7235 3201  9 6 7 7 4.49462963e-04 8.92298931e-04 outputs/V3.3e24_D10_G12/solution/solution-00019 
 20 1.364429768141e+10 1.050924623615e+08 768 7235 3201  9 6 7 7 4.84378158e-04 9.58158617e-04 outputs/V3.3e24_D10_G12/solution/solution-00020 
 21 1.374214160655e+10 9.784392514458e+07 768 7235 3201  9 6 7 7 5.18985965e-04 1.02219415e-03 outputs/V3.3e24_D10_G12/solution/solution-00021 
 22 1.383385608207e+10 9.171447551508e+07 768 7235 3201  9 6 7 7 5.53157843e-04 1.08441340e-03 outputs/V3.3e24_D10_G12/solution/solution-00022 
 23 1.392034972250e+10 8.649364043204e+07 768 7235 3201  9 6 7 7 5.86751880e-04 1.14443570e-03 outputs/V3.3e24_D10_G12/solution/solution-00023 
 24 1.400232018416e+10 8.197046166378e+07 768 7235 3201  9 6 7 7 6.19594740e-04 1.20156342e-03 outputs/V3.3e24_D10_G12/solution/solution-00024 
 25 1.408034788924e+10 7.802770507781e+07 768 7235 3201  9 6 7 7 6.51506455e-04 1.25550882e-03                                              "" 
 26 1.415498321042e+10 7.463532118335e+07 768 7235 3201  9 6 7 7 6.82330649e-04 1.30663494e-03 outputs/V3.3e24_D10_G12/solution/solution-00025 
 27 1.422669529236e+10 7.171208193906e+07 768 7235 3201  9 6 7 7 7.11909885e-04 1.36920528e-03 outputs/V3.3e24_D10_G12/solution/solution-00026 
 28 1.429518755825e+10 6.849226588951e+07 768 7235 3201  9 6 7 7 7.39807289e-04 1.43437504e-03                                              "" 
 29 1.436055107933e+10 6.536352107800e+07 768 7235 3201  9 6 7 7 7.65797073e-04 1.49510505e-03 outputs/V3.3e24_D10_G12/solution/solution-00027 
 30 1.442324487054e+10 6.269379120794e+07 768 7235 3201  9 6 7 7 7.89850229e-04 1.55127039e-03 outputs/V3.3e24_D10_G12/solution/solution-00028 
 31 1.448365602635e+10 6.041115581300e+07 768 7235 3201  9 6 7 7 8.11945952e-04 1.60278733e-03                                              "" 
 32 1.454211451070e+10 5.845848434799e+07 768 7235 3201  9 6 7 7 8.32072669e-04 1.64961148e-03 outputs/V3.3e24_D10_G12/solution/solution-00029 
 33 1.459890438194e+10 5.678987124520e+07 768 7235 3201  9 6 7 7 8.50228577e-04 1.69173508e-03                                              "" 
 34 1.465427244806e+10 5.536806611224e+07 768 7235 3201  9 6 7 7 8.66421887e-04 1.72938218e-03 outputs/V3.3e24_D10_G12/solution/solution-00030 
 35 1.470843502521e+10 5.416257715589e+07 768 7235 3201  9 6 7 7 8.80670838e-04 1.76256897e-03 outputs/V3.3e24_D10_G12/solution/solution-00031 
 36 1.476158327219e+10 5.314824698166e+07 768 7235 3201  9 6 7 7 8.93003526e-04 1.79115984e-03                                              "" 
 37 1.481388744000e+10 5.230416781175e+07 768 7235 3201  9 6 7 7 9.03457554e-04 1.81526388e-03 outputs/V3.3e24_D10_G12/solution/solution-00032 
 38 1.486550028491e+10 5.161284490802e+07 768 7235 3201  9 6 7 7 9.12079535e-04 1.83501440e-03                                              "" 
 39 1.491655982903e+10 5.105954411287e+07 768 7235 3201  9 6 7 7 9.18924460e-04 1.85056605e-03 outputs/V3.3e24_D10_G12/solution/solution-00033 
 40 1.496719160669e+10 5.063177766647e+07 768 7235 3201  9 6 7 7 9.24054965e-04 1.86209198e-03                                              "" 
 41 1.501751050172e+10 5.031889502403e+07 768 7235 3201  9 6 7 7 9.27540501e-04 1.86978110e-03 outputs/V3.3e24_D10_G12/solution/solution-00034 
 42 1.506762225592e+10 5.011175420846e+07 768 7235 3201  9 6 7 7 9.29456455e-04 1.87383545e-03                                              "" 
 43 1.511762471143e+10 5.000245550830e+07 768 7235 3201  9 6 7 7 9.29883219e-04 1.87446755e-03 outputs/V3.3e24_D10_G12/solution/solution-00035 
 44 1.516760883529e+10 4.998412385878e+07 768 7235 3201  9 6 7 7 9.28905252e-04 1.87189796e-03                                              "" 
 45 1.521765956484e+10 5.005072955054e+07 768 7235 3201  9 6 7 7 9.26610135e-04 1.86635288e-03 outputs/V3.3e24_D10_G12/solution/solution-00036 
 46 1.526785650419e+10 5.019693935179e+07 768 7235 3201  9 6 7 7 9.23087652e-04 1.85806190e-03                                              "" 
 47 1.531827449615e+10 5.041799195207e+07 768 7235 3201  9 6 7 7 9.18428903e-04 1.84725587e-03 outputs/V3.3e24_D10_G12/solution/solution-00037 
 48 1.536898408916e+10 5.070959301031e+07 768 7235 3201  9 6 7 7 9.12725455e-04 1.83416495e-03                                              "" 
 49 1.542005191529e+10 5.106782613732e+07 768 7235 3201  9 6 7 7 9.06068559e-04 1.81918858e-03 outputs/V3.3e24_D10_G12/solution/solution-00038 
 50 1.547154099224e+10 5.148907695000e+07 768 7235 3201  9 6 7 7 8.98548425e-04 1.80250515e-03                                              "" 
 51 1.552351096021e+10 5.196996796354e+07 768 7235 3201  9 6 7 7 8.90253556e-04 1.78421579e-03 outputs/V3.3e24_D10_G12/solution/solution-00039 
 52 1.557601826279e+10 5.250730258282e+07 768 7235 3201  9 6 7 7 8.81270164e-04 1.76452847e-03                                              "" 
 53 1.562911627964e+10 5.309801684746e+07 768 7235 3201  9 6 7 7 8.71681650e-04 1.74364369e-03 outputs/V3.3e24_D10_G12/solution/solution-00040 
 54 1.568285541754e+10 5.373913790044e+07 768 7235 3201  9 6 7 7 8.61568153e-04 1.72175342e-03                                              "" 
 55 1.573728316594e+10 5.442774840297e+07 768 7235 3201  9 6 7 7 8.51006177e-04 1.69904042e-03 outputs/V3.3e24_D10_G12/solution/solution-00041 
 56 1.579244412226e+10 5.516095632248e+07 768 7235 3201  9 6 7 7 8.40068280e-04 1.67567760e-03                                              "" 
 57 1.584837999195e+10 5.593586968226e+07 768 7235 3201  9 6 7 7 8.28822828e-04 1.65182752e-03 outputs/V3.3e24_D10_G12/solution/solution-00042 
 58 1.590512956793e+10 5.674957598782e+07 768 7235 3201  8 6 7 7 8.17333817e-04 1.62764209e-03 outputs/V3.3e24_D10_G12/solution/solution-00043 
 59 1.596272869407e+10 5.759912613947e+07 768 7235 3201  9 6 7 7 8.05660754e-04 1.60326235e-03                                              "" 
 60 1.602121021678e+10 5.848152270624e+07 768 7235 3201  9 6 7 7 7.93858587e-04 1.57881839e-03 outputs/V3.3e24_D10_G12/solution/solution-00044 
 61 1.608060392925e+10 5.939371247383e+07 768 7235 3201  9 6 7 7 7.81977692e-04 1.55442935e-03                                              "" 
 62 1.614093651245e+10 6.033258319333e+07 768 7235 3201  9 6 7 7 7.70063912e-04 1.53020354e-03 outputs/V3.3e24_D10_G12/solution/solution-00045 
 63 1.620223147689e+10 6.129496444596e+07 768 7235 3201  9 6 7 7 7.58158632e-04 1.50623866e-03 outputs/V3.3e24_D10_G12/solution/solution-00046 
 64 1.626450910940e+10 6.227763250805e+07 768 7235 3201  9 6 7 7 7.46298898e-04 1.48262198e-03                                              "" 
 65 1.632778642845e+10 6.327731905122e+07 768 7235 3201  9 6 7 7 7.34517569e-04 1.45943076e-03 outputs/V3.3e24_D10_G12/solution/solution-00047 
 66 1.639207715190e+10 6.429072344847e+07 768 7235 3201  8 6 7 7 7.22843501e-04 1.43673254e-03                                              "" 
 67 1.645739168028e+10 6.531452838350e+07 768 7235 3201  8 6 7 7 7.11301758e-04 1.41458561e-03 outputs/V3.3e24_D10_G12/solution/solution-00048 
 68 1.652373709867e+10 6.634541838194e+07 768 7235 3201  8 6 7 7 6.99913842e-04 1.39303944e-03 outputs/V3.3e24_D10_G12/solution/solution-00049 
 69 1.659110445439e+10 6.736735572238e+07 768 7235 3201  8 6 7 7 6.88700029e-04 1.37213901e-03                                              "" 
 70 1.665948706202e+10 6.838260762779e+07 768 7235 3201  8 6 7 7 6.77676395e-04 1.35191913e-03 outputs/V3.3e24_D10_G12/solution/solution-00050 
 71 1.672888135360e+10 6.939429158636e+07 768 7235 3201  8 6 7 7 6.66855119e-04 1.33240513e-03 outputs/V3.3e24_D10_G12/solution/solution-00051 
 72 1.679928073536e+10 7.039938175523e+07 768 7235 3201  8 6 7 7 6.56245844e-04 1.31361551e-03                                              "" 
 73 1.687067572200e+10 7.139498664046e+07 768 7235 3201  8 6 7 7 6.45855954e-04 1.29556245e-03 outputs/V3.3e24_D10_G12/solution/solution-00052 
 74 1.694305409446e+10 7.237837246442e+07 768 7235 3201  8 5 6 6 6.35690841e-04 1.27825234e-03 outputs/V3.3e24_D10_G12/solution/solution-00053 
 75 1.701640107948e+10 7.334698501866e+07 768 7235 3201  8 5 6 6 6.25754168e-04 1.26180259e-03 outputs/V3.3e24_D10_G12/solution/solution-00054 
 76 1.709069954793e+10 7.429846844743e+07 768 7235 3201  8 5 6 6 6.16048109e-04 1.24616707e-03                                              "" 
 77 1.716593023096e+10 7.523068303328e+07 768 7235 3201  8 5 6 6 6.06573583e-04 1.23125669e-03 outputs/V3.3e24_D10_G12/solution/solution-00055 
 78 1.724207194920e+10 7.614171823514e+07 768 7235 3201  8 5 6 6 5.97330467e-04 1.21705982e-03 outputs/V3.3e24_D10_G12/solution/solution-00056 
 79 1.731910185240e+10 7.702990319876e+07 768 7235 3201  8 5 6 6 5.88317791e-04 1.20356156e-03 outputs/V3.3e24_D10_G12/solution/solution-00057 
 80 1.739699566597e+10 7.789381357015e+07 768 7235 3201  8 5 6 6 5.79533905e-04 1.19074421e-03                                              "" 
 81 1.747572794068e+10 7.873227471675e+07 768 7235 3201  8 5 6 6 5.70976637e-04 1.17858763e-03 outputs/V3.3e24_D10_G12/solution/solution-00058 
 82 1.755527230209e+10 7.954436140311e+07 768 7235 3201  8 5 6 6 5.62643422e-04 1.16706968e-03 outputs/V3.3e24_D10_G12/solution/solution-00059 
 83 1.763560169615e+10 8.032939406863e+07 768 7235 3201  8 5 6 6 5.54531411e-04 1.15616657e-03 outputs/V3.3e24_D10_G12/solution/solution-00060 
 84 1.771668862810e+10 8.108693194382e+07 768 7235 3201  8 5 6 6 5.46637567e-04 1.14585320e-03 outputs/V3.3e24_D10_G12/solution/solution-00061 
 85 1.779850539141e+10 8.181676331578e+07 768 7235 3201  8 5 6 6 5.38958733e-04 1.13610346e-03                                              "" 
 86 1.788102428472e+10 8.251889331126e+07 768 7235 3201  8 5 6 6 5.31491691e-04 1.12689052e-03 outputs/V3.3e24_D10_G12/solution/solution-00062 
 87 1.796421781433e+10 8.319352960645e+07 768 7235 3201  8 5 6 6 5.24233201e-04 1.11818711e-03 outputs/V3.3e24_D10_G12/solution/solution-00063 
 88 1.804805888083e+10 8.384106649557e+07 768 7235 3201  8 5 6 6 5.17180028e-04 1.10996572e-03 outputs/V3.3e24_D10_G12/solution/solution-00064 
 89 1.813252094858e+10 8.446206775677e+07 768 7235 3201  8 5 6 6 5.10328959e-04 1.10219883e-03 outputs/V3.3e24_D10_G12/solution/solution-00065 
 90 1.821757819733e+10 8.505724874480e+07 768 7235 3201  7 5 6 6 5.03676806e-04 1.09485908e-03 outputs/V3.3e24_D10_G12/solution/solution-00066 
 91 1.830320565545e+10 8.562745811748e+07 768 7235 3201  7 5 6 6 4.97220402e-04 1.08791945e-03 outputs/V3.3e24_D10_G12/solution/solution-00067 
 92 1.838937931501e+10 8.617365956902e+07 768 7235 3201  7 5 6 6 4.90956590e-04 1.08135337e-03                                              "" 
 93 1.847607622892e+10 8.669691390109e+07 768 7235 3201  7 5 6 6 4.84882213e-04 1.07513488e-03 outputs/V3.3e24_D10_G12/solution/solution-00068 
 94 1.856327459063e+10 8.719836171355e+07 768 7235 3201  7 5 6 6 4.78994087e-04 1.06923869e-03 outputs/V3.3e24_D10_G12/solution/solution-00069 
 95 1.865095379757e+10 8.767920694511e+07 768 7235 3201  7 5 6 6 4.73288990e-04 1.06364028e-03 outputs/V3.3e24_D10_G12/solution/solution-00070 
 96 1.873909449902e+10 8.814070144077e+07 768 7235 3201  7 5 6 6 4.67763635e-04 1.05831597e-03 outputs/V3.3e24_D10_G12/solution/solution-00071 
 97 1.882767862969e+10 8.858413067130e+07 768 7235 3201  7 5 6 6 4.62414653e-04 1.05324297e-03 outputs/V3.3e24_D10_G12/solution/solution-00072 
 98 1.891668943037e+10 8.901080068144e+07 768 7235 3201  7 5 6 6 4.57238576e-04 1.04839941e-03 outputs/V3.3e24_D10_G12/solution/solution-00073 
 99 1.900611145667e+10 8.942202629921e+07 768 7235 3201  7 5 6 6 4.52231825e-04 1.04376439e-03 outputs/V3.3e24_D10_G12/solution/solution-00074 
100 1.909593057727e+10 8.981912060124e+07 768 7235 3201  7 5 6 6 4.47390695e-04 1.03931797e-03                                              "" 
