# 1: Time step number
# 2: Time (years)
# 3: Time step size (years)
# 4: Number of mesh cells
# 5: Number of Stokes degrees of freedom
# 6: Number of temperature degrees of freedom
# 7: Iterations for temperature solver
# 8: Iterations for Stokes solver
# 9: Velocity iterations in Stokes preconditioner
# 10: Schur complement iterations in Stokes preconditioner
# 11: RMS velocity (m/year)
# 12: Max. velocity (m/year)
# 13: Visualization file name
  0 0.000000000000e+00 0.000000000000e+00 768 7235 3201  0 8 9 9 3.95887438e-06 6.67915179e-06 outputs/V1e24_D1000_G6/solution/solution-00000 
  1 1.392571516413e+09 1.392571516413e+09 768 7235 3201 24 8 9 9 1.11675521e-05 1.88411730e-05 outputs/V1e24_D1000_G6/solution/solution-00001 
  2 2.785143032825e+09 1.392571516413e+09 768 7235 3201 21 8 9 9 3.64282082e-05 6.14599038e-05 outputs/V1e24_D1000_G6/solution/solution-00002 
  3 4.177714549238e+09 1.392571516413e+09 768 7235 3201 24 8 9 9 1.21382395e-04 2.04811839e-04 outputs/V1e24_D1000_G6/solution/solution-00003 
  4 4.635451760363e+09 4.577372111252e+08 768 7235 3201 16 8 9 9 2.01091674e-04 3.39352746e-04 outputs/V1e24_D1000_G6/solution/solution-00004 
  5 4.911712969332e+09 2.762612089694e+08 768 7235 3201 12 7 8 8 2.81903093e-04 4.75803579e-04 outputs/V1e24_D1000_G6/solution/solution-00005 
  6 5.108748057104e+09 1.970350877718e+08 768 7235 3201 11 7 8 8 3.62279499e-04 6.11582503e-04 outputs/V1e24_D1000_G6/solution/solution-00006 
  7 5.262038904244e+09 1.532908471400e+08 768 7235 3201 11 6 7 7 4.41523481e-04 7.45522408e-04 outputs/V1e24_D1000_G6/solution/solution-00007 
  8 5.387789651646e+09 1.257507474019e+08 768 7235 3201 10 6 7 7 5.19345442e-04 8.77142059e-04 outputs/V1e24_D1000_G6/solution/solution-00008 
  9 5.494670856383e+09 1.068812047373e+08 768 7235 3201 10 6 7 7 5.95609556e-04 1.00621716e-03 outputs/V1e24_D1000_G6/solution/solution-00009 
 10 5.587841599212e+09 9.317074282827e+07 768 7235 3201 10 6 7 7 6.70231856e-04 1.13260811e-03 outputs/V1e24_D1000_G6/solution/solution-00010 
 11 5.670615154614e+09 8.277355540262e+07 768 7235 3201 10 6 7 7 7.43142744e-04 1.25619653e-03 outputs/V1e24_D1000_G6/solution/solution-00011 
 12 5.745245196920e+09 7.463004230548e+07 768 7235 3201  9 6 7 7 8.14274642e-04 1.37686424e-03 outputs/V1e24_D1000_G6/solution/solution-00012 
 13 5.813334698777e+09 6.808950185733e+07 768 7235 3201  9 6 7 7 8.83559008e-04 1.49448811e-03 outputs/V1e24_D1000_G6/solution/solution-00013 
 14 5.876065207752e+09 6.273050897445e+07 768 7235 3201  9 6 7 7 9.50926580e-04 1.60894045e-03                                             "" 
 15 5.934333368006e+09 5.826816025416e+07 768 7235 3201  9 6 7 7 1.01630854e-03 1.72009092e-03 outputs/V1e24_D1000_G6/solution/solution-00014 
 16 5.988836300840e+09 5.450293283421e+07 768 7235 3201  9 6 7 7 1.07963775e-03 1.82780876e-03                                             "" 
 17 6.040127224666e+09 5.129092382605e+07 768 7235 3201 10 6 7 7 1.14084986e-03 1.93196471e-03 outputs/V1e24_D1000_G6/solution/solution-00015 
 18 6.088652955723e+09 4.852573105723e+07 768 7235 3201 10 6 7 7 1.19988415e-03 2.03243264e-03                                             "" 
 19 6.134779945744e+09 4.612699002056e+07 768 7235 3201 10 6 7 7 1.25668414e-03 2.12909085e-03 outputs/V1e24_D1000_G6/solution/solution-00016 
 20 6.178812824778e+09 4.403287903411e+07 768 7235 3201 10 6 7 7 1.31119810e-03 2.22182318e-03                                             "" 
 21 6.221007901781e+09 4.219507700328e+07 768 7235 3201 10 6 7 7 1.36337931e-03 2.31051979e-03 outputs/V1e24_D1000_G6/solution/solution-00017 
 22 6.261583187229e+09 4.057528544775e+07 768 7235 3201 10 6 7 7 1.41318629e-03 2.39520545e-03                                             "" 
 23 6.300725963381e+09 3.914277615249e+07 768 7235 3201 10 6 7 7 1.46058285e-03 2.47575527e-03 outputs/V1e24_D1000_G6/solution/solution-00018 
 24 6.338598591304e+09 3.787262792292e+07 768 7235 3201 10 6 7 7 1.50553812e-03 2.55201195e-03                                             "" 
 25 6.375343027846e+09 3.674443654186e+07 768 7235 3201 10 6 7 7 1.54802650e-03 2.62389649e-03                                             "" 
 26 6.411084383932e+09 3.574135608616e+07 768 7235 3201 10 6 7 7 1.58802757e-03 2.69133844e-03 outputs/V1e24_D1000_G6/solution/solution-00019 
 27 6.445933760342e+09 3.484937640943e+07 768 7235 3201 10 6 7 7 1.62552591e-03 2.75427612e-03                                             "" 
 28 6.479987670639e+09 3.405391029757e+07 768 7235 3201 10 6 7 7 1.66050810e-03 2.81265220e-03                                             "" 
 29 6.513331494368e+09 3.334382372859e+07 768 7235 3201 10 5 6 6 1.69296482e-03 2.86641785e-03 outputs/V1e24_D1000_G6/solution/solution-00020 
 30 6.546046518168e+09 3.271502380052e+07 768 7235 3201 10 5 6 6 1.72289600e-03 2.91554185e-03                                             "" 
 31 6.578206904257e+09 3.216038608866e+07 768 7235 3201 10 5 6 6 1.75030585e-03 2.96000276e-03                                             "" 
 32 6.609880754780e+09 3.167385052298e+07 768 7235 3201 10 5 6 6 1.77520262e-03 2.99978897e-03 outputs/V1e24_D1000_G6/solution/solution-00021 
 33 6.641131008669e+09 3.125025388939e+07 768 7235 3201 10 5 6 6 1.79759829e-03 3.03489876e-03                                             "" 
 34 6.672016203482e+09 3.088519481244e+07 768 7235 3201 10 5 6 6 1.81750837e-03 3.06534021e-03                                             "" 
 35 6.702591128019e+09 3.057492453716e+07 768 7235 3201 10 5 6 6 1.83495155e-03 3.09135448e-03 outputs/V1e24_D1000_G6/solution/solution-00022 
 36 6.732907386187e+09 3.031625816780e+07 768 7235 3201 10 5 6 6 1.84994954e-03 3.11329804e-03                                             "" 
 37 6.763013888509e+09 3.010650232204e+07 768 7235 3201 10 5 6 6 1.86252669e-03 3.13066781e-03                                             "" 
 38 6.792957284600e+09 2.994339609091e+07 768 7235 3201 10 5 6 6 1.87270986e-03 3.14350341e-03                                             "" 
 39 6.822782347496e+09 2.982506289583e+07 768 7235 3201 10 5 6 6 1.88052811e-03 3.15185339e-03 outputs/V1e24_D1000_G6/solution/solution-00023 
 40 6.852532318867e+09 2.974997137132e+07 768 7235 3201 10 5 6 6 1.88601248e-03 3.15577500e-03                                             "" 
 41 6.882249222680e+09 2.971690381347e+07 768 7235 3201 10 5 6 6 1.88919581e-03 3.15533388e-03                                             "" 
 42 6.911971661873e+09 2.972243919273e+07 768 7235 3201 10 5 6 6 1.89011254e-03 3.15060431e-03 outputs/V1e24_D1000_G6/solution/solution-00024 
 43 6.941733313136e+09 2.976165126333e+07 768 7235 3201 10 5 6 6 1.88879961e-03 3.14167119e-03                                             "" 
 44 6.971574219809e+09 2.984090667233e+07 768 7235 3201 10 5 6 6 1.88529609e-03 3.12917211e-03                                             "" 
 45 7.001534220961e+09 2.996000115266e+07 768 7235 3201 10 5 6 6 1.87964204e-03 3.11265651e-03 outputs/V1e24_D1000_G6/solution/solution-00025 
 46 7.031653188372e+09 3.011896741021e+07 768 7235 3201 10 5 6 6 1.87187840e-03 3.09221515e-03                                             "" 
 47 7.061971259887e+09 3.031807151521e+07 768 7235 3201 10 5 6 6 1.86204686e-03 3.06795518e-03                                             "" 
 48 7.092529072702e+09 3.055781281497e+07 768 7235 3201 10 5 6 6 1.85018977e-03 3.03999915e-03                                             "" 
 49 7.123367999980e+09 3.083892727836e+07 768 7235 3201 10 5 6 6 1.83635012e-03 3.00901250e-03 outputs/V1e24_D1000_G6/solution/solution-00026 
 50 7.154530394245e+09 3.116239426448e+07 768 7235 3201 10 5 6 6 1.82057148e-03 2.97453261e-03                                             "" 
 51 7.186057674886e+09 3.152728064153e+07 768 7235 3201 10 5 6 6 1.80289926e-03 2.93668506e-03                                             "" 
 52 7.217985889686e+09 3.192821480026e+07 768 7235 3201 10 5 6 6 1.78338428e-03 2.89560890e-03 outputs/V1e24_D1000_G6/solution/solution-00027 
 53 7.250361677666e+09 3.237578797961e+07 768 7235 3201 10 5 6 6 1.76207360e-03 2.85143657e-03                                             "" 
 54 7.283233690980e+09 3.287201331395e+07 768 7235 3201 10 5 6 6 1.73901487e-03 2.80493388e-03                                             "" 
 55 7.316652920062e+09 3.341922908153e+07 768 7235 3201 10 5 6 6 1.71425645e-03 2.75587523e-03 outputs/V1e24_D1000_G6/solution/solution-00028 
 56 7.350673048683e+09 3.402012862096e+07 768 7235 3201 10 5 6 6 1.68784753e-03 2.70407667e-03                                             "" 
 57 7.385350844406e+09 3.467779572390e+07 768 7235 3201 10 5 6 6 1.65983833e-03 2.64967730e-03                                             "" 
 58 7.420734688888e+09 3.538384448198e+07 768 7235 3201 10 6 7 7 1.63029037e-03 2.59328893e-03 outputs/V1e24_D1000_G6/solution/solution-00029 
 59 7.456885693414e+09 3.615100452550e+07 768 7235 3201 10 6 7 7 1.59926010e-03 2.53473489e-03                                             "" 
 60 7.493871810011e+09 3.698611659679e+07 768 7235 3201 10 6 7 7 1.56680360e-03 2.47416775e-03                                             "" 
 61 7.531765938151e+09 3.789412814037e+07 768 7235 3201 10 6 7 7 1.53297886e-03 2.41201839e-03 outputs/V1e24_D1000_G6/solution/solution-00030 
 62 7.570641089846e+09 3.887515169509e+07 768 7235 3201 10 6 7 7 1.49785112e-03 2.34795318e-03                                             "" 
 63 7.610567626565e+09 3.992653671878e+07 768 7235 3201 10 6 7 7 1.46149654e-03 2.28260126e-03 outputs/V1e24_D1000_G6/solution/solution-00031 
 64 7.651635889243e+09 4.106826267771e+07 768 7235 3201  9 6 7 7 1.42398254e-03 2.21627629e-03                                             "" 
 65 7.693943973070e+09 4.230808382774e+07 768 7235 3201  9 6 7 7 1.38537989e-03 2.14866937e-03                                             "" 
 66 7.737575627716e+09 4.363165464538e+07 768 7235 3201  9 6 7 7 1.34578392e-03 2.08381980e-03 outputs/V1e24_D1000_G6/solution/solution-00032 
 67 7.782565122550e+09 4.498949483437e+07 768 7235 3201  9 6 7 7 1.30534620e-03 2.05014374e-03                                             "" 
 68 7.828293623451e+09 4.572850090087e+07 768 7235 3201  9 6 7 7 1.26480070e-03 2.01477886e-03 outputs/V1e24_D1000_G6/solution/solution-00033 
 69 7.874824784777e+09 4.653116132603e+07 768 7235 3201  9 6 7 7 1.22425621e-03 1.97793587e-03                                             "" 
 70 7.922224488933e+09 4.739970415578e+07 768 7235 3201  9 6 7 7 1.18381658e-03 1.94006647e-03 outputs/V1e24_D1000_G6/solution/solution-00034 
 71 7.970561007468e+09 4.833651853466e+07 768 7235 3201  9 6 7 7 1.14358063e-03 1.90090196e-03                                             "" 
 72 8.019905155228e+09 4.934414776030e+07 768 7235 3201  9 6 7 7 1.10364235e-03 1.86058885e-03 outputs/V1e24_D1000_G6/solution/solution-00035 
 73 8.070330430795e+09 5.042527556751e+07 768 7235 3201  9 6 7 7 1.06409113e-03 1.81927576e-03                                             "" 
 74 8.121913138567e+09 5.158270777173e+07 768 7235 3201  9 6 7 7 1.02501191e-03 1.77711286e-03 outputs/V1e24_D1000_G6/solution/solution-00036 
 75 8.174732488122e+09 5.281934955456e+07 768 7235 3201  8 6 7 7 9.86485374e-04 1.73425128e-03                                             "" 
 76 8.228849307373e+09 5.411681925106e+07 768 7235 3201  8 6 7 7 9.48602587e-04 1.69085939e-03 outputs/V1e24_D1000_G6/solution/solution-00037 
 77 8.284343163226e+09 5.549385585296e+07 768 7235 3201  8 6 7 7 9.11437577e-04 1.64709162e-03                                             "" 
 78 8.341299179936e+09 5.695601671068e+07 768 7235 3201  8 6 7 7 8.75057882e-04 1.60309852e-03 outputs/V1e24_D1000_G6/solution/solution-00038 
 79 8.399804904562e+09 5.850572462587e+07 768 7235 3201  8 6 7 7 8.39526756e-04 1.55902848e-03                                             "" 
 80 8.459950160496e+09 6.014525593384e+07 768 7235 3201  8 6 7 7 8.04903082e-04 1.51502691e-03 outputs/V1e24_D1000_G6/solution/solution-00039 
 81 8.521826840734e+09 6.187668023809e+07 768 7235 3201  8 6 7 7 7.71241244e-04 1.47123544e-03 outputs/V1e24_D1000_G6/solution/solution-00040 
 82 8.585528633684e+09 6.370179295034e+07 768 7235 3201  8 6 7 7 7.38590982e-04 1.42779114e-03                                             "" 
 83 8.651150674342e+09 6.562204065802e+07 768 7235 3201  8 6 7 7 7.06997228e-04 1.38482573e-03 outputs/V1e24_D1000_G6/solution/solution-00041 
 84 8.718789113892e+09 6.763843954948e+07 768 7235 3201  8 6 7 7 6.76499929e-04 1.34296825e-03 outputs/V1e24_D1000_G6/solution/solution-00042 
 85 8.788540601316e+09 6.975148742434e+07 768 7235 3201  8 5 6 6 6.47133860e-04 1.30215588e-03                                             "" 
 86 8.860501671985e+09 7.196107066869e+07 768 7235 3201  8 5 6 6 6.18928491e-04 1.26216593e-03 outputs/V1e24_D1000_G6/solution/solution-00043 
 87 8.934768036618e+09 7.426636463284e+07 768 7235 3201  8 5 6 6 5.91907794e-04 1.22309990e-03 outputs/V1e24_D1000_G6/solution/solution-00044 
 88 9.011433773014e+09 7.666573639611e+07 768 7235 3201  8 5 6 6 5.66090160e-04 1.18505067e-03 outputs/V1e24_D1000_G6/solution/solution-00045 
 89 9.090590415734e+09 7.915664271964e+07 768 7235 3201  8 5 6 6 5.41488318e-04 1.14810221e-03                                             "" 
 90 9.172325948876e+09 8.173553314251e+07 768 7235 3201  8 5 6 6 5.18109311e-04 1.11232933e-03 outputs/V1e24_D1000_G6/solution/solution-00046 
 91 9.256695545300e+09 8.436959642371e+07 768 7235 3201  8 5 6 6 4.95961598e-04 1.07780871e-03 outputs/V1e24_D1000_G6/solution/solution-00047 
 92 9.343722958783e+09 8.702741348342e+07 768 7235 3201  8 5 6 6 4.75051519e-04 1.04461410e-03 outputs/V1e24_D1000_G6/solution/solution-00048 
 93 9.433469075831e+09 8.974611704763e+07 768 7235 3201  8 5 6 6 4.55366703e-04 1.01332481e-03 outputs/V1e24_D1000_G6/solution/solution-00049 
 94 9.525986301563e+09 9.251722573237e+07 768 7235 3201  8 5 6 6 4.36889645e-04 9.83414202e-04 outputs/V1e24_D1000_G6/solution/solution-00050 
 95 9.621317444634e+09 9.533114307077e+07 768 7235 3201  8 5 6 6 4.19598083e-04 9.54906131e-04 outputs/V1e24_D1000_G6/solution/solution-00051 
 96 9.719494633957e+09 9.817718932313e+07 768 7235 3201  8 5 6 6 4.03465462e-04 9.27816756e-04 outputs/V1e24_D1000_G6/solution/solution-00052 
 97 9.820538293086e+09 1.010436591290e+08 768 7235 3201  8 5 6 6 3.88461446e-04 9.02154434e-04 outputs/V1e24_D1000_G6/solution/solution-00053 
 98 9.924456199398e+09 1.039179063121e+08 768 7235 3201  8 5 6 6 3.74552494e-04 8.77920323e-04 outputs/V1e24_D1000_G6/solution/solution-00054 
 99 1.003124265541e+10 1.067864560103e+08 768 7235 3201  8 5 6 6 3.61702455e-04 8.55483973e-04 outputs/V1e24_D1000_G6/solution/solution-00055 
100 1.014087779865e+10 1.096351432448e+08 768 7235 3201  8 5 6 6 3.49873181e-04 8.34473305e-04 outputs/V1e24_D1000_G6/solution/solution-00056 
