# 1: Time step number
# 2: Time (years)
# 3: Time step size (years)
# 4: Number of mesh cells
# 5: Number of Stokes degrees of freedom
# 6: Number of temperature degrees of freedom
# 7: Iterations for temperature solver
# 8: Iterations for Stokes solver
# 9: Velocity iterations in Stokes preconditioner
# 10: Schur complement iterations in Stokes preconditioner
# 11: RMS velocity (m/year)
# 12: Max. velocity (m/year)
# 13: Visualization file name
  0 0.000000000000e+00 0.000000000000e+00 768 7235 3201  0 8 9 9 7.94575764e-09 1.39714784e-08 outputs/V1e27_D100_G12/solution/solution-00000 
  1 1.392571516413e+09 1.392571516413e+09 768 7235 3201 32 8 9 9 7.52366688e-09 1.26903157e-08 outputs/V1e27_D100_G12/solution/solution-00001 
  2 2.785143032825e+09 1.392571516413e+09 768 7235 3201 25 8 9 9 7.13324653e-09 1.20394197e-08 outputs/V1e27_D100_G12/solution/solution-00002 
  3 4.177714549238e+09 1.392571516413e+09 768 7235 3201 24 8 9 9 6.76766945e-09 1.14268302e-08 outputs/V1e27_D100_G12/solution/solution-00003 
  4 5.570286065650e+09 1.392571516413e+09 768 7235 3201 23 8 9 9 6.42235838e-09 1.08478593e-08 outputs/V1e27_D100_G12/solution/solution-00004 
  5 6.962857582063e+09 1.392571516413e+09 768 7235 3201 23 8 9 9 6.09631430e-09 1.03007417e-08 outputs/V1e27_D100_G12/solution/solution-00005 
  6 8.355429098476e+09 1.392571516413e+09 768 7235 3201 22 8 9 9 5.78827088e-09 9.78336220e-09 outputs/V1e27_D100_G12/solution/solution-00006 
  7 9.748000614888e+09 1.392571516413e+09 768 7235 3201 21 8 9 9 5.49701248e-09 9.29369449e-09 outputs/V1e27_D100_G12/solution/solution-00007 
  8 1.114057213130e+10 1.392571516413e+09 768 7235 3201 21 8 9 9 5.22141686e-09 8.82989998e-09 outputs/V1e27_D100_G12/solution/solution-00008 
  9 1.253314364771e+10 1.392571516413e+09 768 7235 3201 21 8 9 9 4.96046218e-09 8.39032708e-09 outputs/V1e27_D100_G12/solution/solution-00009 
 10 1.392571516413e+10 1.392571516413e+09 768 7235 3201 20 8 9 9 4.71322080e-09 7.97348751e-09 outputs/V1e27_D100_G12/solution/solution-00010 
 11 1.531828668054e+10 1.392571516413e+09 768 7235 3201 20 8 9 9 4.47884883e-09 7.57803102e-09 outputs/V1e27_D100_G12/solution/solution-00011 
 12 1.671085819695e+10 1.392571516413e+09 768 7235 3201 20 8 9 9 4.25657563e-09 7.20272405e-09 outputs/V1e27_D100_G12/solution/solution-00012 
 13 1.810342971336e+10 1.392571516413e+09 768 7235 3201 20 8 9 9 4.04569449e-09 6.84643256e-09 outputs/V1e27_D100_G12/solution/solution-00013 
 14 1.949600122978e+10 1.392571516413e+09 768 7235 3201 20 8 9 9 3.84555461e-09 6.50810834e-09 outputs/V1e27_D100_G12/solution/solution-00014 
 15 2.088857274619e+10 1.392571516413e+09 768 7235 3201 20 8 9 9 3.65555441e-09 6.18677825e-09 outputs/V1e27_D100_G12/solution/solution-00015 
 16 2.228114426260e+10 1.392571516413e+09 768 7235 3201 19 8 9 9 3.47513587e-09 5.88153537e-09 outputs/V1e27_D100_G12/solution/solution-00016 
 17 2.367371577901e+10 1.392571516413e+09 768 7235 3201 19 8 9 9 3.30377969e-09 5.59153185e-09 outputs/V1e27_D100_G12/solution/solution-00017 
 18 2.506628729543e+10 1.392571516413e+09 768 7235 3201 19 8 9 9 3.14100132e-09 5.31597297e-09 outputs/V1e27_D100_G12/solution/solution-00018 
 19 2.645885881184e+10 1.392571516413e+09 768 7235 3201 19 8 9 9 2.98634749e-09 5.05411217e-09 outputs/V1e27_D100_G12/solution/solution-00019 
 20 2.785143032825e+10 1.392571516413e+09 768 7235 3201 19 8 9 9 2.83939325e-09 4.80524679e-09 outputs/V1e27_D100_G12/solution/solution-00020 
 21 2.924400184466e+10 1.392571516413e+09 768 7235 3201 19 8 9 9 2.69973946e-09 4.56871447e-09 outputs/V1e27_D100_G12/solution/solution-00021 
 22 3.063657336108e+10 1.392571516413e+09 768 7235 3201 19 8 9 9 2.56701058e-09 4.34388999e-09 outputs/V1e27_D100_G12/solution/solution-00022 
 23 3.202914487749e+10 1.392571516413e+09 768 7235 3201 19 8 9 9 2.44085276e-09 4.13018255e-09 outputs/V1e27_D100_G12/solution/solution-00023 
 24 3.342171639390e+10 1.392571516413e+09 768 7235 3201 19 8 9 9 2.32093217e-09 3.92703331e-09 outputs/V1e27_D100_G12/solution/solution-00024 
 25 3.481428791032e+10 1.392571516413e+09 768 7235 3201 18 8 9 9 2.20693353e-09 3.73391326e-09 outputs/V1e27_D100_G12/solution/solution-00025 
 26 3.620685942673e+10 1.392571516413e+09 768 7235 3201 18 8 9 9 2.09855876e-09 3.55032129e-09 outputs/V1e27_D100_G12/solution/solution-00026 
 27 3.759943094314e+10 1.392571516413e+09 768 7235 3201 18 8 9 9 1.99552584e-09 3.37578244e-09 outputs/V1e27_D100_G12/solution/solution-00027 
 28 3.899200245955e+10 1.392571516413e+09 768 7235 3201 18 8 9 9 1.89756774e-09 3.20984631e-09 outputs/V1e27_D100_G12/solution/solution-00028 
 29 4.038457397597e+10 1.392571516413e+09 768 7235 3201 18 8 9 9 1.80443148e-09 3.05208563e-09 outputs/V1e27_D100_G12/solution/solution-00029 
 30 4.177714549238e+10 1.392571516413e+09 768 7235 3201 18 8 9 9 1.71587723e-09 2.90209493e-09 outputs/V1e27_D100_G12/solution/solution-00030 
 31 4.316971700879e+10 1.392571516413e+09 768 7235 3201 18 8 9 9 1.63167758e-09 2.75948933e-09 outputs/V1e27_D100_G12/solution/solution-00031 
 32 4.456228852520e+10 1.392571516413e+09 768 7235 3201 18 8 9 9 1.55161676e-09 2.62390336e-09 outputs/V1e27_D100_G12/solution/solution-00032 
 33 4.595486004162e+10 1.392571516413e+09 768 7235 3201 18 8 9 9 1.47549000e-09 2.49498996e-09 outputs/V1e27_D100_G12/solution/solution-00033 
 34 4.734743155803e+10 1.392571516413e+09 768 7235 3201 18 8 9 9 1.40310292e-09 2.37241946e-09 outputs/V1e27_D100_G12/solution/solution-00034 
 35 4.874000307444e+10 1.392571516413e+09 768 7235 3201 18 8 9 9 1.33427093e-09 2.25587870e-09 outputs/V1e27_D100_G12/solution/solution-00035 
 36 5.013257459085e+10 1.392571516413e+09 768 7235 3201 18 8 9 9 1.26881871e-09 2.14507012e-09 outputs/V1e27_D100_G12/solution/solution-00036 
 37 5.152514610727e+10 1.392571516413e+09 768 7235 3201 18 8 9 9 1.20657974e-09 2.03971099e-09 outputs/V1e27_D100_G12/solution/solution-00037 
 38 5.291771762368e+10 1.392571516413e+09 768 7235 3201 18 8 9 9 1.14739579e-09 1.93953264e-09 outputs/V1e27_D100_G12/solution/solution-00038 
 39 5.431028914009e+10 1.392571516413e+09 768 7235 3201 18 8 9 9 1.09111654e-09 1.84427972e-09 outputs/V1e27_D100_G12/solution/solution-00039 
 40 5.570286065650e+10 1.392571516413e+09 768 7235 3201 18 8 9 9 1.03759910e-09 1.75370956e-09 outputs/V1e27_D100_G12/solution/solution-00040 
 41 5.709543217292e+10 1.392571516413e+09 768 7235 3201 18 8 9 9 9.86707701e-10 1.66759149e-09 outputs/V1e27_D100_G12/solution/solution-00041 
 42 5.848800368933e+10 1.392571516413e+09 768 7235 3201 18 8 9 9 9.38313273e-10 1.58570627e-09 outputs/V1e27_D100_G12/solution/solution-00042 
 43 5.988057520574e+10 1.392571516413e+09 768 7235 3201 17 8 9 9 8.92293139e-10 1.50784549e-09 outputs/V1e27_D100_G12/solution/solution-00043 
 44 6.127314672215e+10 1.392571516413e+09 768 7235 3201 17 8 9 9 8.48530679e-10 1.43381105e-09 outputs/V1e27_D100_G12/solution/solution-00044 
 45 6.266571823857e+10 1.392571516413e+09 768 7235 3201 17 8 9 9 8.06915023e-10 1.36341463e-09 outputs/V1e27_D100_G12/solution/solution-00045 
 46 6.405828975498e+10 1.392571516413e+09 768 7235 3201 17 8 9 9 7.67340770e-10 1.29647720e-09 outputs/V1e27_D100_G12/solution/solution-00046 
 47 6.545086127139e+10 1.392571516413e+09 768 7235 3201 17 8 9 9 7.29707708e-10 1.23282856e-09 outputs/V1e27_D100_G12/solution/solution-00047 
 48 6.684343278781e+10 1.392571516413e+09 768 7235 3201 17 8 9 9 6.93920560e-10 1.17230694e-09 outputs/V1e27_D100_G12/solution/solution-00048 
 49 6.823600430422e+10 1.392571516413e+09 768 7235 3201 17 8 9 9 6.59888735e-10 1.11475851e-09 outputs/V1e27_D100_G12/solution/solution-00049 
 50 6.962857582063e+10 1.392571516413e+09 768 7235 3201 17 8 9 9 6.27526097e-10 1.06003703e-09 outputs/V1e27_D100_G12/solution/solution-00050 
 51 7.102114733704e+10 1.392571516413e+09 768 7235 3201 17 8 9 9 5.96750746e-10 1.00800349e-09 outputs/V1e27_D100_G12/solution/solution-00051 
 52 7.241371885346e+10 1.392571516413e+09 768 7235 3201 17 8 9 9 5.67484805e-10 9.58525697e-10 outputs/V1e27_D100_G12/solution/solution-00052 
 53 7.380629036987e+10 1.392571516413e+09 768 7235 3201 17 8 9 9 5.39654222e-10 9.11477999e-10 outputs/V1e27_D100_G12/solution/solution-00053 
 54 7.519886188628e+10 1.392571516413e+09 768 7235 3201 17 8 9 9 5.13188582e-10 8.66740920e-10 outputs/V1e27_D100_G12/solution/solution-00054 
 55 7.659143340269e+10 1.392571516413e+09 768 7235 3201 17 8 9 9 4.88020929e-10 8.24200869e-10 outputs/V1e27_D100_G12/solution/solution-00055 
 56 7.798400491911e+10 1.392571516413e+09 768 7235 3201 17 8 9 9 4.64087594e-10 7.83749849e-10 outputs/V1e27_D100_G12/solution/solution-00056 
 57 7.937657643552e+10 1.392571516413e+09 768 7235 3201 17 8 9 9 4.41328031e-10 7.45285181e-10 outputs/V1e27_D100_G12/solution/solution-00057 
 58 8.076914795193e+10 1.392571516413e+09 768 7235 3201 17 8 9 9 4.19684667e-10 7.08709237e-10 outputs/V1e27_D100_G12/solution/solution-00058 
 59 8.216171946834e+10 1.392571516413e+09 768 7235 3201 17 8 9 9 3.99102756e-10 6.73929199e-10 outputs/V1e27_D100_G12/solution/solution-00059 
 60 8.355429098476e+10 1.392571516413e+09 768 7235 3201 17 8 9 9 3.79530234e-10 6.40856812e-10 outputs/V1e27_D100_G12/solution/solution-00060 
 61 8.494686250117e+10 1.392571516413e+09 768 7235 3201 17 8 9 9 3.60917596e-10 6.09408169e-10 outputs/V1e27_D100_G12/solution/solution-00061 
 62 8.633943401758e+10 1.392571516413e+09 768 7235 3201 17 8 9 9 3.43217763e-10 5.79503486e-10 outputs/V1e27_D100_G12/solution/solution-00062 
 63 8.773200553399e+10 1.392571516413e+09 768 7235 3201 17 8 9 9 3.26385967e-10 5.51066907e-10 outputs/V1e27_D100_G12/solution/solution-00063 
 64 8.912457705041e+10 1.392571516413e+09 768 7235 3201 17 8 9 9 3.10379635e-10 5.24026308e-10 outputs/V1e27_D100_G12/solution/solution-00064 
 65 9.051714856682e+10 1.392571516413e+09 768 7235 3201 17 8 9 9 2.95158283e-10 4.98313110e-10 outputs/V1e27_D100_G12/solution/solution-00065 
 66 9.190972008323e+10 1.392571516413e+09 768 7235 3201 17 8 9 9 2.80683413e-10 4.73862109e-10 outputs/V1e27_D100_G12/solution/solution-00066 
 67 9.330229159964e+10 1.392571516413e+09 768 7235 3201 17 8 9 9 2.66918415e-10 4.50611307e-10 outputs/V1e27_D100_G12/solution/solution-00067 
 68 9.469486311606e+10 1.392571516413e+09 768 7235 3201 17 8 9 9 2.53828475e-10 4.28501754e-10 outputs/V1e27_D100_G12/solution/solution-00068 
 69 9.608743463247e+10 1.392571516413e+09 768 7235 3201 16 8 9 9 2.41380487e-10 4.07477402e-10 outputs/V1e27_D100_G12/solution/solution-00069 
 70 9.748000614888e+10 1.392571516413e+09 768 7235 3201 16 8 9 9 2.29542968e-10 3.87484953e-10 outputs/V1e27_D100_G12/solution/solution-00070 
 71 9.887257766530e+10 1.392571516413e+09 768 7235 3201 16 8 9 9 2.18285978e-10 3.68473730e-10 outputs/V1e27_D100_G12/solution/solution-00071 
 72 1.002651491817e+11 1.392571516413e+09 768 7235 3201 16 8 9 9 2.07581047e-10 3.50395547e-10 outputs/V1e27_D100_G12/solution/solution-00072 
 73 1.016577206981e+11 1.392571516413e+09 768 7235 3201 16 8 9 9 1.97401101e-10 3.33204590e-10 outputs/V1e27_D100_G12/solution/solution-00073 
 74 1.030502922145e+11 1.392571516413e+09 768 7235 3201 16 8 9 9 1.87720393e-10 3.16857292e-10 outputs/V1e27_D100_G12/solution/solution-00074 
 75 1.044428637309e+11 1.392571516413e+09 768 7235 3201 16 8 9 9 1.78514439e-10 3.01312231e-10 outputs/V1e27_D100_G12/solution/solution-00075 
 76 1.058354352474e+11 1.392571516413e+09 768 7235 3201 16 8 9 9 1.69759957e-10 2.86530018e-10 outputs/V1e27_D100_G12/solution/solution-00076 
 77 1.072280067638e+11 1.392571516413e+09 768 7235 3201 16 8 9 9 1.61434806e-10 2.72473200e-10 outputs/V1e27_D100_G12/solution/solution-00077 
 78 1.086205782802e+11 1.392571516413e+09 768 7235 3201 16 8 9 9 1.53517931e-10 2.59106165e-10 outputs/V1e27_D100_G12/solution/solution-00078 
 79 1.100131497966e+11 1.392571516413e+09 768 7235 3201 16 8 9 9 1.45989309e-10 2.46395051e-10 outputs/V1e27_D100_G12/solution/solution-00079 
 80 1.114057213130e+11 1.392571516413e+09 768 7235 3201 16 8 9 9 1.38829900e-10 2.34307658e-10 outputs/V1e27_D100_G12/solution/solution-00080 
 81 1.127982928294e+11 1.392571516413e+09 768 7235 3201 16 8 9 9 1.32021596e-10 2.22813369e-10 outputs/V1e27_D100_G12/solution/solution-00081 
 82 1.141908643458e+11 1.392571516413e+09 768 7235 3201 16 8 9 9 1.25547180e-10 2.11883069e-10 outputs/V1e27_D100_G12/solution/solution-00082 
 83 1.155834358622e+11 1.392571516413e+09 768 7235 3201 16 8 9 9 1.19390276e-10 2.01489076e-10 outputs/V1e27_D100_G12/solution/solution-00083 
 84 1.169760073787e+11 1.392571516413e+09 768 7235 3201 16 8 9 9 1.13535315e-10 1.91605065e-10 outputs/V1e27_D100_G12/solution/solution-00084 
 85 1.183685788951e+11 1.392571516413e+09 768 7235 3201 16 8 9 9 1.07967486e-10 1.82206007e-10 outputs/V1e27_D100_G12/solution/solution-00085 
 86 1.197611504115e+11 1.392571516413e+09 768 7235 3201 16 8 9 9 1.02672711e-10 1.73268099e-10 outputs/V1e27_D100_G12/solution/solution-00086 
 87 1.211537219279e+11 1.392571516413e+09 768 7235 3201 16 8 9 9 9.76375964e-11 1.64768707e-10 outputs/V1e27_D100_G12/solution/solution-00087 
 88 1.225462934443e+11 1.392571516413e+09 768 7235 3201 16 8 9 9 9.28494094e-11 1.56686312e-10 outputs/V1e27_D100_G12/solution/solution-00088 
 89 1.239388649607e+11 1.392571516413e+09 768 7235 3201 16 8 9 9 8.82960403e-11 1.49000448e-10 outputs/V1e27_D100_G12/solution/solution-00089 
 90 1.253314364771e+11 1.392571516413e+09 768 7235 3201 16 8 9 9 8.39659729e-11 1.41691656e-10 outputs/V1e27_D100_G12/solution/solution-00090 
 91 1.267240079935e+11 1.392571516413e+09 768 7235 3201 16 8 9 9 7.98482563e-11 1.34741430e-10 outputs/V1e27_D100_G12/solution/solution-00091 
 92 1.281165795100e+11 1.392571516413e+09 768 7235 3201 16 8 9 9 7.59324767e-11 1.28132176e-10 outputs/V1e27_D100_G12/solution/solution-00092 
 93 1.295091510264e+11 1.392571516413e+09 768 7235 3201 16 8 9 9 7.22087308e-11 1.21847161e-10 outputs/V1e27_D100_G12/solution/solution-00093 
 94 1.309017225428e+11 1.392571516413e+09 768 7235 3201 15 8 9 9 6.86676026e-11 1.15870480e-10 outputs/V1e27_D100_G12/solution/solution-00094 
 95 1.322942940592e+11 1.392571516413e+09 768 7235 3201 15 8 9 9 6.53001352e-11 1.10186998e-10 outputs/V1e27_D100_G12/solution/solution-00095 
 96 1.336868655756e+11 1.392571516413e+09 768 7235 3201 15 8 9 9 6.20978117e-11 1.04782328e-10 outputs/V1e27_D100_G12/solution/solution-00096 
 97 1.350794370920e+11 1.392571516413e+09 768 7235 3201 15 8 9 9 5.90525327e-11 9.96427902e-11 outputs/V1e27_D100_G12/solution/solution-00097 
 98 1.364720086084e+11 1.392571516413e+09 768 7235 3201 15 8 9 9 5.61565971e-11 9.47553745e-11 outputs/V1e27_D100_G12/solution/solution-00098 
 99 1.378645801248e+11 1.392571516413e+09 768 7235 3201 15 8 9 9 5.34026802e-11 9.01077102e-11 outputs/V1e27_D100_G12/solution/solution-00099 
100 1.392571516413e+11 1.392571516413e+09 768 7235 3201 15 8 9 9 5.07838178e-11 8.56880348e-11 outputs/V1e27_D100_G12/solution/solution-00100 
