# 1: Time step number
# 2: Time (years)
# 3: Time step size (years)
# 4: Number of mesh cells
# 5: Number of Stokes degrees of freedom
# 6: Number of temperature degrees of freedom
# 7: Iterations for temperature solver
# 8: Iterations for Stokes solver
# 9: Velocity iterations in Stokes preconditioner
# 10: Schur complement iterations in Stokes preconditioner
# 11: RMS velocity (m/year)
# 12: Max. velocity (m/year)
# 13: Visualization file name
  0 0.000000000000e+00 0.000000000000e+00 768 7235 3201  0 8 9 9 1.19965890e-06 2.02398539e-06 outputs/V3.3e24_D1000_G6/solution/solution-00000 
  1 1.392571516413e+09 1.392571516413e+09 768 7235 3201 22 8 9 9 1.81865465e-06 3.06831444e-06 outputs/V3.3e24_D1000_G6/solution/solution-00001 
  2 2.785143032825e+09 1.392571516413e+09 768 7235 3201 18 7 8 8 2.89249162e-06 4.88002257e-06 outputs/V3.3e24_D1000_G6/solution/solution-00002 
  3 4.177714549238e+09 1.392571516413e+09 768 7235 3201 19 7 8 8 4.66347628e-06 7.86791664e-06 outputs/V3.3e24_D1000_G6/solution/solution-00003 
  4 5.570286065650e+09 1.392571516413e+09 768 7235 3201 19 7 8 8 7.54665072e-06 1.27322425e-05 outputs/V3.3e24_D1000_G6/solution/solution-00004 
  5 6.962857582063e+09 1.392571516413e+09 768 7235 3201 20 7 8 8 1.22238745e-05 2.06234488e-05 outputs/V3.3e24_D1000_G6/solution/solution-00005 
  6 8.355429098476e+09 1.392571516413e+09 768 7235 3201 20 7 8 8 1.98020964e-05 3.34093631e-05 outputs/V3.3e24_D1000_G6/solution/solution-00006 
  7 9.748000614888e+09 1.392571516413e+09 768 7235 3201 21 7 8 8 3.20672368e-05 5.41041548e-05 outputs/V3.3e24_D1000_G6/solution/solution-00007 
  8 1.114057213130e+10 1.392571516413e+09 768 7235 3201 22 7 8 8 5.18728032e-05 8.75265966e-05 outputs/V3.3e24_D1000_G6/solution/solution-00008 
  9 1.221167512889e+10 1.071102997587e+09 768 7235 3201 20 7 8 8 7.55888710e-05 1.27559051e-04 outputs/V3.3e24_D1000_G6/solution/solution-00009 
 10 1.294662885536e+10 7.349537264709e+08 768 7235 3201 17 7 8 8 9.85468963e-05 1.66326123e-04 outputs/V3.3e24_D1000_G6/solution/solution-00010 
 11 1.351028054202e+10 5.636516866630e+08 768 7235 3201 15 6 7 7 1.21125402e-04 2.04468928e-04 outputs/V3.3e24_D1000_G6/solution/solution-00011 
 12 1.396878541522e+10 4.585048731946e+08 768 7235 3201 13 6 7 7 1.43329455e-04 2.41998111e-04 outputs/V3.3e24_D1000_G6/solution/solution-00012 
 13 1.435618513260e+10 3.873997173820e+08 768 7235 3201 12 6 7 7 1.65134149e-04 2.78873207e-04 outputs/V3.3e24_D1000_G6/solution/solution-00013 
 14 1.469235941450e+10 3.361742818980e+08 768 7235 3201 12 6 7 7 1.86516973e-04 3.15057198e-04 outputs/V3.3e24_D1000_G6/solution/solution-00014 
 15 1.498992443029e+10 2.975650157903e+08 768 7235 3201 11 6 7 7 2.07458142e-04 3.50517031e-04 outputs/V3.3e24_D1000_G6/solution/solution-00015 
 16 1.525738646957e+10 2.674620392859e+08 768 7235 3201 11 6 7 7 2.27938806e-04 3.85220564e-04 outputs/V3.3e24_D1000_G6/solution/solution-00016 
 17 1.550075353984e+10 2.433670702721e+08 768 7235 3201 10 6 7 7 2.47940211e-04 4.19135117e-04 outputs/V3.3e24_D1000_G6/solution/solution-00017 
 18 1.572442842684e+10 2.236748869987e+08 768 7235 3201 10 6 7 7 2.67443559e-04 4.52227232e-04 outputs/V3.3e24_D1000_G6/solution/solution-00018 
 19 1.593173571241e+10 2.073072855718e+08 768 7235 3201 10 6 7 7 2.86430182e-04 4.84462951e-04 outputs/V3.3e24_D1000_G6/solution/solution-00019 
 20 1.612524896229e+10 1.935132498714e+08 768 7235 3201 10 6 7 7 3.04881795e-04 5.15808265e-04 outputs/V3.3e24_D1000_G6/solution/solution-00020 
 21 1.630700254480e+10 1.817535825130e+08 768 7235 3201 10 6 7 7 3.22780764e-04 5.46229575e-04 outputs/V3.3e24_D1000_G6/solution/solution-00021 
 22 1.647863367612e+10 1.716311313187e+08 768 7235 3201  9 6 7 7 3.40110318e-04 5.75694098e-04 outputs/V3.3e24_D1000_G6/solution/solution-00022 
 23 1.664148057761e+10 1.628469014898e+08 768 7235 3201  9 6 7 7 3.56854735e-04 6.04170203e-04 outputs/V3.3e24_D1000_G6/solution/solution-00023 
 24 1.679665208317e+10 1.551715055624e+08 768 7235 3201  9 6 7 7 3.72999470e-04 6.31627704e-04 outputs/V3.3e24_D1000_G6/solution/solution-00024 
 25 1.694507812506e+10 1.484260418909e+08 768 7235 3201  9 6 7 7 3.88531261e-04 6.58038085e-04 outputs/V3.3e24_D1000_G6/solution/solution-00025 
 26 1.708754708269e+10 1.424689576263e+08 768 7235 3201  9 6 7 7 4.03438195e-04 6.83374694e-04 outputs/V3.3e24_D1000_G6/solution/solution-00026 
 27 1.722473390112e+10 1.371868184328e+08 768 7235 3201  9 6 7 7 4.17709751e-04 7.07612896e-04 outputs/V3.3e24_D1000_G6/solution/solution-00027 
 28 1.735722159387e+10 1.324876927459e+08 768 7235 3201  9 6 7 7 4.31336828e-04 7.30730206e-04 outputs/V3.3e24_D1000_G6/solution/solution-00028 
 29 1.748551791881e+10 1.282963249454e+08 768 7235 3201  9 6 7 7 4.44311748e-04 7.52753918e-04 outputs/V3.3e24_D1000_G6/solution/solution-00029 
 30 1.761006847587e+10 1.245505570549e+08 768 7235 3201  9 6 7 7 4.56628250e-04 7.73633258e-04 outputs/V3.3e24_D1000_G6/solution/solution-00030 
 31 1.773126711340e+10 1.211986375305e+08 768 7235 3201  9 5 6 6 4.68281472e-04 7.93344171e-04 outputs/V3.3e24_D1000_G6/solution/solution-00031 
 32 1.784946428395e+10 1.181971705575e+08 768 7235 3201  9 5 6 6 4.79267922e-04 8.11873388e-04 outputs/V3.3e24_D1000_G6/solution/solution-00032 
 33 1.796497381899e+10 1.155095350311e+08 768 7235 3201  8 5 6 6 4.89585444e-04 8.29210080e-04 outputs/V3.3e24_D1000_G6/solution/solution-00033 
 34 1.807807847076e+10 1.131046517753e+08 768 7235 3201  8 5 6 6 4.99233176e-04 8.45345884e-04 outputs/V3.3e24_D1000_G6/solution/solution-00034 
 35 1.818903448407e+10 1.109560133061e+08 768 7235 3201  8 5 6 6 5.08211506e-04 8.60274936e-04 outputs/V3.3e24_D1000_G6/solution/solution-00035 
 36 1.829805834137e+10 1.090238573068e+08 768 7235 3201  8 5 6 6 5.16520761e-04 8.73991813e-04 outputs/V3.3e24_D1000_G6/solution/solution-00036 
 37 1.840536190387e+10 1.073035624990e+08 768 7235 3201  8 5 6 6 5.24163792e-04 8.86495923e-04 outputs/V3.3e24_D1000_G6/solution/solution-00037 
 38 1.851114261458e+10 1.057807107028e+08 768 7235 3201  8 5 6 6 5.31144761e-04 8.97789558e-04 outputs/V3.3e24_D1000_G6/solution/solution-00038 
 39 1.861558325892e+10 1.044406443422e+08 768 7235 3201  8 5 6 6 5.37468882e-04 9.07877530e-04 outputs/V3.3e24_D1000_G6/solution/solution-00039 
 40 1.871885392545e+10 1.032706665329e+08 768 7235 3201  8 5 6 6 5.43142356e-04 9.16767131e-04 outputs/V3.3e24_D1000_G6/solution/solution-00040 
 41 1.882111369092e+10 1.022597654697e+08 768 7235 3201  8 5 6 6 5.48172315e-04 9.24468097e-04 outputs/V3.3e24_D1000_G6/solution/solution-00041 
 42 1.892251207731e+10 1.013983863857e+08 768 7235 3201  8 5 6 6 5.52566768e-04 9.30992553e-04 outputs/V3.3e24_D1000_G6/solution/solution-00042 
 43 1.902319031924e+10 1.006782419343e+08 768 7235 3201  8 5 6 6 5.56334541e-04 9.36354956e-04 outputs/V3.3e24_D1000_G6/solution/solution-00043 
 44 1.912328247306e+10 1.000921538230e+08 768 7235 3201  8 5 6 6 5.59485223e-04 9.40622220e-04 outputs/V3.3e24_D1000_G6/solution/solution-00044 
 45 1.922291639310e+10 9.963392003312e+07 768 7235 3201  8 5 6 6 5.62029120e-04 9.43901905e-04 outputs/V3.3e24_D1000_G6/solution/solution-00045 
 46 1.932221459621e+10 9.929820311334e+07 768 7235 3201  8 5 6 6 5.63977200e-04 9.46076066e-04 outputs/V3.3e24_D1000_G6/solution/solution-00046 
 47 1.942129503214e+10 9.908043592821e+07 768 7235 3201  8 5 6 6 5.65341050e-04 9.47166411e-04 outputs/V3.3e24_D1000_G6/solution/solution-00047 
 48 1.952027177408e+10 9.897674194016e+07 768 7235 3201  8 5 6 6 5.66132833e-04 9.47196587e-04 outputs/V3.3e24_D1000_G6/solution/solution-00048 
 49 1.961925564173e+10 9.898386765007e+07 768 7235 3201  8 5 6 6 5.66365247e-04 9.46192086e-04 outputs/V3.3e24_D1000_G6/solution/solution-00049 
 50 1.971835476698e+10 9.909912525210e+07 768 7235 3201  8 5 6 6 5.66051493e-04 9.44180145e-04 outputs/V3.3e24_D1000_G6/solution/solution-00050 
 51 1.981767511088e+10 9.932034389818e+07 768 7235 3201  8 5 6 6 5.65205237e-04 9.41189640e-04 outputs/V3.3e24_D1000_G6/solution/solution-00051 
 52 1.991732093911e+10 9.964582823620e+07 768 7235 3201  8 5 6 6 5.63840589e-04 9.37250977e-04 outputs/V3.3e24_D1000_G6/solution/solution-00052 
 53 2.001737687447e+10 1.000559353510e+08 768 7235 3201  8 5 6 6 5.61972457e-04 9.32396947e-04 outputs/V3.3e24_D1000_G6/solution/solution-00053 
 54 2.011793989840e+10 1.005630239331e+08 768 7235 3201  8 5 6 6 5.59616149e-04 9.26661447e-04 outputs/V3.3e24_D1000_G6/solution/solution-00054 
 55 2.021911173955e+10 1.011718411517e+08 768 7235 3201  8 5 6 6 5.56787259e-04 9.20180279e-04 outputs/V3.3e24_D1000_G6/solution/solution-00055 
 56 2.032099394911e+10 1.018822095581e+08 768 7235 3201  8 5 6 6 5.53501713e-04 9.12903682e-04 outputs/V3.3e24_D1000_G6/solution/solution-00056 
 57 2.042368824413e+10 1.026942950184e+08 768 7235 3201  8 5 6 6 5.49775761e-04 9.04847761e-04 outputs/V3.3e24_D1000_G6/solution/solution-00057 
 58 2.052729683339e+10 1.036085892645e+08 768 7235 3201  8 5 6 6 5.45625967e-04 8.96049688e-04 outputs/V3.3e24_D1000_G6/solution/solution-00058 
 59 2.063192272776e+10 1.046258943688e+08 768 7235 3201  8 5 6 6 5.41069212e-04 8.86547386e-04 outputs/V3.3e24_D1000_G6/solution/solution-00059 
 60 2.073767003639e+10 1.057473086302e+08 768 7235 3201  8 5 6 6 5.36122691e-04 8.76379429e-04 outputs/V3.3e24_D1000_G6/solution/solution-00060 
 61 2.084464424975e+10 1.069742133556e+08 768 7235 3201  8 5 6 6 5.30803919e-04 8.65615040e-04 outputs/V3.3e24_D1000_G6/solution/solution-00061 
 62 2.095295250976e+10 1.083082600132e+08 768 7235 3201  8 5 6 6 5.25130740e-04 8.54344396e-04 outputs/V3.3e24_D1000_G6/solution/solution-00062 
 63 2.106270386697e+10 1.097513572140e+08 768 7235 3201  8 5 6 6 5.19121332e-04 8.42520478e-04 outputs/V3.3e24_D1000_G6/solution/solution-00063 
 64 2.117400952392e+10 1.113056569503e+08 768 7235 3201  8 5 6 6 5.12794226e-04 8.30183534e-04 outputs/V3.3e24_D1000_G6/solution/solution-00064 
 65 2.128696205909e+10 1.129525351660e+08 768 7235 3201  8 5 6 6 5.06169555e-04 8.17376522e-04 outputs/V3.3e24_D1000_G6/solution/solution-00065 
 66 2.140167133514e+10 1.147092760530e+08 768 7235 3201  8 5 6 6 4.99267053e-04 8.04141080e-04 outputs/V3.3e24_D1000_G6/solution/solution-00066 
 67 2.151825572093e+10 1.165843857861e+08 768 7235 3201  8 5 6 6 4.92106479e-04 7.90518323e-04 outputs/V3.3e24_D1000_G6/solution/solution-00067 
 68 2.163683640822e+10 1.185806872867e+08 768 7235 3201  8 5 6 6 4.84707958e-04 7.76549433e-04 outputs/V3.3e24_D1000_G6/solution/solution-00068 
 69 2.175753754680e+10 1.207011385850e+08 768 7235 3201  8 5 6 6 4.77091993e-04 7.62427389e-04 outputs/V3.3e24_D1000_G6/solution/solution-00069 
 70 2.188048634653e+10 1.229487997287e+08 768 7235 3201  8 5 6 6 4.69279473e-04 7.48046679e-04 outputs/V3.3e24_D1000_G6/solution/solution-00070 
 71 2.200581313997e+10 1.253267934405e+08 768 7235 3201  8 5 6 6 4.61291679e-04 7.33432896e-04 outputs/V3.3e24_D1000_G6/solution/solution-00071 
 72 2.213365139844e+10 1.278382584710e+08 768 7235 3201  8 5 6 6 4.53150287e-04 7.18627335e-04 outputs/V3.3e24_D1000_G6/solution/solution-00072 
 73 2.226413769293e+10 1.304862944907e+08 768 7235 3201  8 5 6 6 4.44877358e-04 7.03671191e-04 outputs/V3.3e24_D1000_G6/solution/solution-00073 
 74 2.239737917006e+10 1.332414771301e+08 768 7235 3201  8 5 6 6 4.36497363e-04 6.88652209e-04 outputs/V3.3e24_D1000_G6/solution/solution-00074 
 75 2.253351465144e+10 1.361354813812e+08 768 7235 3201  8 5 6 6 4.28033243e-04 6.73623065e-04 outputs/V3.3e24_D1000_G6/solution/solution-00075 
 76 2.267268743935e+10 1.391727879094e+08 768 7235 3201  8 5 6 6 4.19508111e-04 6.58562996e-04 outputs/V3.3e24_D1000_G6/solution/solution-00076 
 77 2.281504284128e+10 1.423554019233e+08 768 7235 3201  8 5 6 6 4.10945345e-04 6.43512350e-04 outputs/V3.3e24_D1000_G6/solution/solution-00077 
 78 2.296072769105e+10 1.456848497785e+08 768 7235 3201  9 5 6 6 4.02368551e-04 6.28596615e-04 outputs/V3.3e24_D1000_G6/solution/solution-00078 
 79 2.310988974329e+10 1.491620522403e+08 768 7235 3201  9 5 6 6 3.93801505e-04 6.13777965e-04 outputs/V3.3e24_D1000_G6/solution/solution-00079 
 80 2.326265949949e+10 1.527697561927e+08 768 7235 3201  9 5 6 6 3.85269049e-04 5.99082065e-04 outputs/V3.3e24_D1000_G6/solution/solution-00080 
 81 2.341915496026e+10 1.564954607725e+08 768 7235 3201  9 5 6 6 3.76796563e-04 5.84549845e-04 outputs/V3.3e24_D1000_G6/solution/solution-00081 
 82 2.357951908602e+10 1.603641257631e+08 768 7235 3201  9 5 6 6 3.68407774e-04 5.70295169e-04 outputs/V3.3e24_D1000_G6/solution/solution-00082 
 83 2.374389166512e+10 1.643725790986e+08 768 7235 3201  9 5 6 6 3.60126230e-04 5.56352154e-04 outputs/V3.3e24_D1000_G6/solution/solution-00083 
 84 2.391240790227e+10 1.685162371522e+08 768 7235 3201  9 5 6 6 3.51975196e-04 5.42670852e-04 outputs/V3.3e24_D1000_G6/solution/solution-00084 
 85 2.408519657328e+10 1.727886710063e+08 768 7235 3201  9 5 6 6 3.43977560e-04 5.29286622e-04 outputs/V3.3e24_D1000_G6/solution/solution-00085 
 86 2.426232177547e+10 1.771252021923e+08 768 7235 3201  9 5 6 6 3.36158142e-04 5.18988483e-04 outputs/V3.3e24_D1000_G6/solution/solution-00086 
 87 2.444296162211e+10 1.806398466391e+08 768 7235 3201  9 5 6 6 3.28576402e-04 5.10220563e-04 outputs/V3.3e24_D1000_G6/solution/solution-00087 
 88 2.462670568646e+10 1.837440643541e+08 768 7235 3201  9 5 6 6 3.21266454e-04 5.01594757e-04 outputs/V3.3e24_D1000_G6/solution/solution-00088 
 89 2.481360955381e+10 1.869038673440e+08 768 7235 3201  9 5 6 6 3.14239564e-04 4.93140555e-04 outputs/V3.3e24_D1000_G6/solution/solution-00089 
 90 2.500371762570e+10 1.901080718880e+08 768 7235 3201  9 5 6 6 3.07505706e-04 4.84885622e-04 outputs/V3.3e24_D1000_G6/solution/solution-00090 
 91 2.519706219125e+10 1.933445655519e+08 768 7235 3201  9 5 6 6 3.01073587e-04 4.76855712e-04 outputs/V3.3e24_D1000_G6/solution/solution-00091 
 92 2.539366254147e+10 1.966003502251e+08 768 7235 3201  9 5 6 6 2.94950682e-04 4.69074591e-04 outputs/V3.3e24_D1000_G6/solution/solution-00092 
 93 2.559352414518e+10 1.998616037016e+08 768 7235 3201  9 5 6 6 2.89143268e-04 4.61563996e-04 outputs/V3.3e24_D1000_G6/solution/solution-00093 
 94 2.579663790819e+10 2.031137630139e+08 768 7235 3201  9 5 6 6 2.83656472e-04 4.54343603e-04 outputs/V3.3e24_D1000_G6/solution/solution-00094 
 95 2.600297953898e+10 2.063416307902e+08 768 7235 3201  9 5 6 6 2.78494318e-04 4.47431020e-04 outputs/V3.3e24_D1000_G6/solution/solution-00095 
 96 2.621250904369e+10 2.095295047099e+08 768 7235 3201  9 5 6 6 2.73659767e-04 4.40841785e-04 outputs/V3.3e24_D1000_G6/solution/solution-00096 
 97 2.642517037284e+10 2.126613291530e+08 768 7235 3201  9 5 6 6 2.69154780e-04 4.34589390e-04 outputs/V3.3e24_D1000_G6/solution/solution-00097 
 98 2.664089124004e+10 2.157208671994e+08 768 7235 3201  9 5 6 6 2.64980356e-04 4.28685307e-04 outputs/V3.3e24_D1000_G6/solution/solution-00098 
 99 2.685958313023e+10 2.186918901923e+08 768 7235 3201  9 5 6 6 2.61136596e-04 4.23139037e-04 outputs/V3.3e24_D1000_G6/solution/solution-00099 
100 2.708114151140e+10 2.215583811661e+08 768 7235 3201  9 5 6 6 2.57622749e-04 4.17958162e-04 outputs/V3.3e24_D1000_G6/solution/solution-00100 
