# 1: Time step number
# 2: Time (years)
# 3: Time step size (years)
# 4: Number of mesh cells
# 5: Number of Stokes degrees of freedom
# 6: Number of temperature degrees of freedom
# 7: Iterations for temperature solver
# 8: Iterations for Stokes solver
# 9: Velocity iterations in Stokes preconditioner
# 10: Schur complement iterations in Stokes preconditioner
# 11: RMS velocity (m/year)
# 12: Max. velocity (m/year)
# 13: Visualization file name
  0 0.000000000000e+00 0.000000000000e+00 768 7235 3201  0 8 9 9 4.01529028e-09 7.12452573e-09 outputs/V3.3e26_D30_G2/solution/solution-00000 
  1 1.392571516413e+09 1.392571516413e+09 768 7235 3201 32 8 9 9 3.79825704e-09 6.41501120e-09 outputs/V3.3e26_D30_G2/solution/solution-00001 
  2 2.785143032825e+09 1.392571516413e+09 768 7235 3201 25 8 9 9 3.59829341e-09 6.07166701e-09 outputs/V3.3e26_D30_G2/solution/solution-00002 
  3 4.177714549238e+09 1.392571516413e+09 768 7235 3201 24 8 9 9 3.41101046e-09 5.75705287e-09 outputs/V3.3e26_D30_G2/solution/solution-00003 
  4 5.570286065650e+09 1.392571516413e+09 768 7235 3201 23 8 9 9 3.23377145e-09 5.45911056e-09 outputs/V3.3e26_D30_G2/solution/solution-00004 
  5 6.962857582063e+09 1.392571516413e+09 768 7235 3201 23 8 9 9 3.06616071e-09 5.17717433e-09 outputs/V3.3e26_D30_G2/solution/solution-00005 
  6 8.355429098476e+09 1.392571516413e+09 768 7235 3201 22 8 9 9 2.90762068e-09 4.91034990e-09 outputs/V3.3e26_D30_G2/solution/solution-00006 
  7 9.748000614888e+09 1.392571516413e+09 768 7235 3201 21 8 9 9 2.75760699e-09 4.65773630e-09 outputs/V3.3e26_D30_G2/solution/solution-00007 
  8 1.114057213130e+10 1.392571516413e+09 768 7235 3201 21 8 9 9 2.61560648e-09 4.41848636e-09 outputs/V3.3e26_D30_G2/solution/solution-00008 
  9 1.253314364771e+10 1.392571516413e+09 768 7235 3201 21 8 9 9 2.48114236e-09 4.19181721e-09 outputs/V3.3e26_D30_G2/solution/solution-00009 
 10 1.392571516413e+10 1.392571516413e+09 768 7235 3201 20 8 9 9 2.35377350e-09 3.97700668e-09 outputs/V3.3e26_D30_G2/solution/solution-00010 
 11 1.531828668054e+10 1.392571516413e+09 768 7235 3201 20 8 9 9 2.23309156e-09 3.77338668e-09 outputs/V3.3e26_D30_G2/solution/solution-00011 
 12 1.671085819695e+10 1.392571516413e+09 768 7235 3201 20 8 9 9 2.11871776e-09 3.58033685e-09 outputs/V3.3e26_D30_G2/solution/solution-00012 
 13 1.810342971336e+10 1.392571516413e+09 768 7235 3201 20 8 9 9 2.01029982e-09 3.39727912e-09 outputs/V3.3e26_D30_G2/solution/solution-00013 
 14 1.949600122978e+10 1.392571516413e+09 768 7235 3201 20 8 9 9 1.90750923e-09 3.22367317e-09 outputs/V3.3e26_D30_G2/solution/solution-00014 
 15 2.088857274619e+10 1.392571516413e+09 768 7235 3201 20 8 9 9 1.81003904e-09 3.05901269e-09 outputs/V3.3e26_D30_G2/solution/solution-00015 
 16 2.228114426260e+10 1.392571516413e+09 768 7235 3201 19 8 9 9 1.71760175e-09 2.90282225e-09 outputs/V3.3e26_D30_G2/solution/solution-00016 
 17 2.367371577901e+10 1.392571516413e+09 768 7235 3201 19 8 9 9 1.62992768e-09 2.75465464e-09 outputs/V3.3e26_D30_G2/solution/solution-00017 
 18 2.506628729543e+10 1.392571516413e+09 768 7235 3201 19 8 9 9 1.54676340e-09 2.61408859e-09 outputs/V3.3e26_D30_G2/solution/solution-00018 
 19 2.645885881184e+10 1.392571516413e+09 768 7235 3201 19 8 9 9 1.46787045e-09 2.48072681e-09 outputs/V3.3e26_D30_G2/solution/solution-00019 
 20 2.785143032825e+10 1.392571516413e+09 768 7235 3201 19 8 9 9 1.39302420e-09 2.35419420e-09 outputs/V3.3e26_D30_G2/solution/solution-00020 
 21 2.924400184466e+10 1.392571516413e+09 768 7235 3201 19 8 9 9 1.32201281e-09 2.23413637e-09 outputs/V3.3e26_D30_G2/solution/solution-00021 
 22 3.063657336108e+10 1.392571516413e+09 768 7235 3201 19 8 9 9 1.25463632e-09 2.12021827e-09 outputs/V3.3e26_D30_G2/solution/solution-00022 
 23 3.202914487749e+10 1.392571516413e+09 768 7235 3201 19 8 9 9 1.19070586e-09 2.01212287e-09 outputs/V3.3e26_D30_G2/solution/solution-00023 
 24 3.342171639390e+10 1.392571516413e+09 768 7235 3201 19 8 9 9 1.13004288e-09 1.90955015e-09 outputs/V3.3e26_D30_G2/solution/solution-00024 
 25 3.481428791032e+10 1.392571516413e+09 768 7235 3201 19 8 9 9 1.07247854e-09 1.81221597e-09 outputs/V3.3e26_D30_G2/solution/solution-00025 
 26 3.620685942673e+10 1.392571516413e+09 768 7235 3201 18 8 9 9 1.01785304e-09 1.71985123e-09 outputs/V3.3e26_D30_G2/solution/solution-00026 
 27 3.759943094314e+10 1.392571516413e+09 768 7235 3201 18 8 9 9 9.66015128e-10 1.63220091e-09 outputs/V3.3e26_D30_G2/solution/solution-00027 
 28 3.899200245955e+10 1.392571516413e+09 768 7235 3201 18 8 9 9 9.16821551e-10 1.54902333e-09 outputs/V3.3e26_D30_G2/solution/solution-00028 
 29 4.038457397597e+10 1.392571516413e+09 768 7235 3201 18 8 9 9 8.70136611e-10 1.47008941e-09 outputs/V3.3e26_D30_G2/solution/solution-00029 
 30 4.177714549238e+10 1.392571516413e+09 768 7235 3201 18 8 9 9 8.25831724e-10 1.39518194e-09 outputs/V3.3e26_D30_G2/solution/solution-00030 
 31 4.316971700879e+10 1.392571516413e+09 768 7235 3201 18 8 9 9 7.83785021e-10 1.32409494e-09 outputs/V3.3e26_D30_G2/solution/solution-00031 
 32 4.456228852520e+10 1.392571516413e+09 768 7235 3201 18 8 9 9 7.43880970e-10 1.25663308e-09 outputs/V3.3e26_D30_G2/solution/solution-00032 
 33 4.595486004162e+10 1.392571516413e+09 768 7235 3201 18 8 9 9 7.06010035e-10 1.19261110e-09 outputs/V3.3e26_D30_G2/solution/solution-00033 
 34 4.734743155803e+10 1.392571516413e+09 768 7235 3201 18 8 9 9 6.70068343e-10 1.13185327e-09 outputs/V3.3e26_D30_G2/solution/solution-00034 
 35 4.874000307444e+10 1.392571516413e+09 768 7235 3201 18 8 9 9 6.35957382e-10 1.07419289e-09 outputs/V3.3e26_D30_G2/solution/solution-00035 
 36 5.013257459085e+10 1.392571516413e+09 768 7235 3201 18 8 9 9 6.03583714e-10 1.01947180e-09 outputs/V3.3e26_D30_G2/solution/solution-00036 
 37 5.152514610727e+10 1.392571516413e+09 768 7235 3201 18 8 9 9 5.72858705e-10 9.67539966e-10 outputs/V3.3e26_D30_G2/solution/solution-00037 
 38 5.291771762368e+10 1.392571516413e+09 768 7235 3201 18 8 9 9 5.43698272e-10 9.18255045e-10 outputs/V3.3e26_D30_G2/solution/solution-00038 
 39 5.431028914009e+10 1.392571516413e+09 768 7235 3201 18 8 9 9 5.16022643e-10 8.71481972e-10 outputs/V3.3e26_D30_G2/solution/solution-00039 
 40 5.570286065650e+10 1.392571516413e+09 768 7235 3201 18 8 9 9 4.89756133e-10 8.27092595e-10 outputs/V3.3e26_D30_G2/solution/solution-00040 
 41 5.709543217292e+10 1.392571516413e+09 768 7235 3201 18 8 9 9 4.64826929e-10 7.84965318e-10 outputs/V3.3e26_D30_G2/solution/solution-00041 
 42 5.848800368933e+10 1.392571516413e+09 768 7235 3201 18 8 9 9 4.41166892e-10 7.44984762e-10 outputs/V3.3e26_D30_G2/solution/solution-00042 
 43 5.988057520574e+10 1.392571516413e+09 768 7235 3201 18 8 9 9 4.18711364e-10 7.07041443e-10 outputs/V3.3e26_D30_G2/solution/solution-00043 
 44 6.127314672215e+10 1.392571516413e+09 768 7235 3201 18 8 9 9 3.97398988e-10 6.71031470e-10 outputs/V3.3e26_D30_G2/solution/solution-00044 
 45 6.266571823857e+10 1.392571516413e+09 768 7235 3201 17 8 9 9 3.77171542e-10 6.36856263e-10 outputs/V3.3e26_D30_G2/solution/solution-00045 
 46 6.405828975498e+10 1.392571516413e+09 768 7235 3201 17 8 9 9 3.57973772e-10 6.04422270e-10 outputs/V3.3e26_D30_G2/solution/solution-00046 
 47 6.545086127139e+10 1.392571516413e+09 768 7235 3201 17 8 9 9 3.39753244e-10 5.73640717e-10 outputs/V3.3e26_D30_G2/solution/solution-00047 
 48 6.684343278781e+10 1.392571516413e+09 768 7235 3201 17 8 9 9 3.22460196e-10 5.44427362e-10 outputs/V3.3e26_D30_G2/solution/solution-00048 
 49 6.823600430422e+10 1.392571516413e+09 768 7235 3201 17 8 9 9 3.06047405e-10 5.16702265e-10 outputs/V3.3e26_D30_G2/solution/solution-00049 
 50 6.962857582063e+10 1.392571516413e+09 768 7235 3201 17 8 9 9 2.90470054e-10 4.90389560e-10 outputs/V3.3e26_D30_G2/solution/solution-00050 
 51 7.102114733704e+10 1.392571516413e+09 768 7235 3201 17 8 9 9 2.75685607e-10 4.65417258e-10 outputs/V3.3e26_D30_G2/solution/solution-00051 
 52 7.241371885346e+10 1.392571516413e+09 768 7235 3201 17 8 9 9 2.61653700e-10 4.41717039e-10 outputs/V3.3e26_D30_G2/solution/solution-00052 
 53 7.380629036987e+10 1.392571516413e+09 768 7235 3201 17 8 9 9 2.48336022e-10 4.19224070e-10 outputs/V3.3e26_D30_G2/solution/solution-00053 
 54 7.519886188628e+10 1.392571516413e+09 768 7235 3201 17 8 9 9 2.35696213e-10 3.97876825e-10 outputs/V3.3e26_D30_G2/solution/solution-00054 
 55 7.659143340269e+10 1.392571516413e+09 768 7235 3201 17 8 9 9 2.23699767e-10 3.77616915e-10 outputs/V3.3e26_D30_G2/solution/solution-00055 
 56 7.798400491911e+10 1.392571516413e+09 768 7235 3201 17 8 9 9 2.12313933e-10 3.58388930e-10 outputs/V3.3e26_D30_G2/solution/solution-00056 
 57 7.937657643552e+10 1.392571516413e+09 768 7235 3201 17 8 9 9 2.01507630e-10 3.40140286e-10 outputs/V3.3e26_D30_G2/solution/solution-00057 
 58 8.076914795193e+10 1.392571516413e+09 768 7235 3201 17 8 9 9 1.91251357e-10 3.22821080e-10 outputs/V3.3e26_D30_G2/solution/solution-00058 
 59 8.216171946834e+10 1.392571516413e+09 768 7235 3201 17 8 9 9 1.81517117e-10 3.06383954e-10 outputs/V3.3e26_D30_G2/solution/solution-00059 
 60 8.355429098476e+10 1.392571516413e+09 768 7235 3201 17 8 9 9 1.72278338e-10 2.90783964e-10 outputs/V3.3e26_D30_G2/solution/solution-00060 
 61 8.494686250117e+10 1.392571516413e+09 768 7235 3201 17 8 9 9 1.63509800e-10 2.75978459e-10 outputs/V3.3e26_D30_G2/solution/solution-00061 
 62 8.633943401758e+10 1.392571516413e+09 768 7235 3201 17 8 9 9 1.55187568e-10 2.61926961e-10 outputs/V3.3e26_D30_G2/solution/solution-00062 
 63 8.773200553399e+10 1.392571516413e+09 768 7235 3201 17 8 9 9 1.47288924e-10 2.48591055e-10 outputs/V3.3e26_D30_G2/solution/solution-00063 
 64 8.912457705041e+10 1.392571516413e+09 768 7235 3201 17 8 9 9 1.39792308e-10 2.35934286e-10 outputs/V3.3e26_D30_G2/solution/solution-00064 
 65 9.051714856682e+10 1.392571516413e+09 768 7235 3201 17 8 9 9 1.32677257e-10 2.23922057e-10 outputs/V3.3e26_D30_G2/solution/solution-00065 
 66 9.190972008323e+10 1.392571516413e+09 768 7235 3201 17 8 9 9 1.25924350e-10 2.12521534e-10 outputs/V3.3e26_D30_G2/solution/solution-00066 
 67 9.330229159964e+10 1.392571516413e+09 768 7235 3201 17 8 9 9 1.19515153e-10 2.01701555e-10 outputs/V3.3e26_D30_G2/solution/solution-00067 
 68 9.469486311606e+10 1.392571516413e+09 768 7235 3201 17 8 9 9 1.13432171e-10 1.91432550e-10 outputs/V3.3e26_D30_G2/solution/solution-00068 
 69 9.608743463247e+10 1.392571516413e+09 768 7235 3201 17 8 9 9 1.07658802e-10 1.81686452e-10 outputs/V3.3e26_D30_G2/solution/solution-00069 
 70 9.748000614888e+10 1.392571516413e+09 768 7235 3201 17 8 9 9 1.02179286e-10 1.72436627e-10 outputs/V3.3e26_D30_G2/solution/solution-00070 
 71 9.887257766530e+10 1.392571516413e+09 768 7235 3201 16 8 9 9 9.69786666e-11 1.63657800e-10 outputs/V3.3e26_D30_G2/solution/solution-00071 
 72 1.002651491817e+11 1.392571516413e+09 768 7235 3201 16 8 9 9 9.20427485e-11 1.55325979e-10 outputs/V3.3e26_D30_G2/solution/solution-00072 
 73 1.016577206981e+11 1.392571516413e+09 768 7235 3201 16 8 9 9 8.73580582e-11 1.47418397e-10 outputs/V3.3e26_D30_G2/solution/solution-00073 
 74 1.030502922145e+11 1.392571516413e+09 768 7235 3201 16 8 9 9 8.29118086e-11 1.39913446e-10 outputs/V3.3e26_D30_G2/solution/solution-00074 
 75 1.044428637309e+11 1.392571516413e+09 768 7235 3201 16 8 9 9 7.86918634e-11 1.32790622e-10 outputs/V3.3e26_D30_G2/solution/solution-00075 
 76 1.058354352474e+11 1.392571516413e+09 768 7235 3201 16 8 9 9 7.46867040e-11 1.26030462e-10 outputs/V3.3e26_D30_G2/solution/solution-00076 
 77 1.072280067638e+11 1.392571516413e+09 768 7235 3201 16 8 9 9 7.08853982e-11 1.19614497e-10 outputs/V3.3e26_D30_G2/solution/solution-00077 
 78 1.086205782802e+11 1.392571516413e+09 768 7235 3201 16 8 9 9 6.72775702e-11 1.13525198e-10 outputs/V3.3e26_D30_G2/solution/solution-00078 
 79 1.100131497966e+11 1.392571516413e+09 768 7235 3201 16 8 9 9 6.38533723e-11 1.07745931e-10 outputs/V3.3e26_D30_G2/solution/solution-00079 
 80 1.114057213130e+11 1.392571516413e+09 768 7235 3201 16 8 9 9 6.06034580e-11 1.02260905e-10 outputs/V3.3e26_D30_G2/solution/solution-00080 
 81 1.127982928294e+11 1.392571516413e+09 768 7235 3201 16 8 9 9 5.75189566e-11 9.70551380e-11 outputs/V3.3e26_D30_G2/solution/solution-00081 
 82 1.141908643458e+11 1.392571516413e+09 768 7235 3201 16 8 9 9 5.45914489e-11 9.21144089e-11 outputs/V3.3e26_D30_G2/solution/solution-00082 
 83 1.155834358622e+11 1.392571516413e+09 768 7235 3201 16 8 9 9 5.18129442e-11 8.74252216e-11 outputs/V3.3e26_D30_G2/solution/solution-00083 
 84 1.169760073787e+11 1.392571516413e+09 768 7235 3201 16 8 9 9 4.91758585e-11 8.29747671e-11 outputs/V3.3e26_D30_G2/solution/solution-00084 
 85 1.183685788951e+11 1.392571516413e+09 768 7235 3201 16 8 9 9 4.66729939e-11 7.87508895e-11 outputs/V3.3e26_D30_G2/solution/solution-00085 
 86 1.197611504115e+11 1.392571516413e+09 768 7235 3201 16 8 9 9 4.42975188e-11 7.47420512e-11 outputs/V3.3e26_D30_G2/solution/solution-00086 
 87 1.211537219279e+11 1.392571516413e+09 768 7235 3201 16 8 9 9 4.20429492e-11 7.09373028e-11 outputs/V3.3e26_D30_G2/solution/solution-00087 
 88 1.225462934443e+11 1.392571516413e+09 768 7235 3201 16 8 9 9 3.99031313e-11 6.73262524e-11 outputs/V3.3e26_D30_G2/solution/solution-00088 
 89 1.239388649607e+11 1.392571516413e+09 768 7235 3201 16 8 9 9 3.78722244e-11 6.38990375e-11 outputs/V3.3e26_D30_G2/solution/solution-00089 
 90 1.253314364771e+11 1.392571516413e+09 768 7235 3201 16 8 9 9 3.59446854e-11 6.06462981e-11 outputs/V3.3e26_D30_G2/solution/solution-00090 
 91 1.267240079935e+11 1.392571516413e+09 768 7235 3201 16 8 9 9 3.41152528e-11 5.75591505e-11 outputs/V3.3e26_D30_G2/solution/solution-00091 
 92 1.281165795100e+11 1.392571516413e+09 768 7235 3201 16 8 9 9 3.23789333e-11 5.46291632e-11 outputs/V3.3e26_D30_G2/solution/solution-00092 
 93 1.295091510264e+11 1.392571516413e+09 768 7235 3201 16 8 9 9 3.07309876e-11 5.18483347e-11 outputs/V3.3e26_D30_G2/solution/solution-00093 
 94 1.309017225428e+11 1.392571516413e+09 768 7235 3201 16 8 9 9 2.91669177e-11 4.92090710e-11 outputs/V3.3e26_D30_G2/solution/solution-00094 
 95 1.322942940592e+11 1.392571516413e+09 768 7235 3201 16 8 9 9 2.76824545e-11 4.67041643e-11 outputs/V3.3e26_D30_G2/solution/solution-00095 
 96 1.336868655756e+11 1.392571516413e+09 768 7235 3201 15 8 9 9 2.62735470e-11 4.43267762e-11 outputs/V3.3e26_D30_G2/solution/solution-00096 
 97 1.350794370920e+11 1.392571516413e+09 768 7235 3201 15 8 9 9 2.49363490e-11 4.20704128e-11 outputs/V3.3e26_D30_G2/solution/solution-00097 
 98 1.364720086084e+11 1.392571516413e+09 768 7235 3201 15 8 9 9 2.36672105e-11 3.99289121e-11 outputs/V3.3e26_D30_G2/solution/solution-00098 
 99 1.378645801248e+11 1.392571516413e+09 768 7235 3201 15 8 9 9 2.24626672e-11 3.78964263e-11 outputs/V3.3e26_D30_G2/solution/solution-00099 
100 1.392571516413e+11 1.392571516413e+09 768 7235 3201 15 8 9 9 2.13194314e-11 3.59674049e-11 outputs/V3.3e26_D30_G2/solution/solution-00100 
