# 1: Time step number
# 2: Time (years)
# 3: Time step size (years)
# 4: Number of mesh cells
# 5: Number of Stokes degrees of freedom
# 6: Number of temperature degrees of freedom
# 7: Iterations for temperature solver
# 8: Iterations for Stokes solver
# 9: Velocity iterations in Stokes preconditioner
# 10: Schur complement iterations in Stokes preconditioner
# 11: RMS velocity (m/year)
# 12: Max. velocity (m/year)
# 13: Visualization file name
  0 0.000000000000e+00 0.000000000000e+00 768 7235 3201  0 8 9 9 5.22727650e-08 2.53965641e-07 outputs/V3.3e25_D10000_G2/solution/solution-00000 
  1 1.392571516413e+09 1.392571516413e+09 768 7235 3201 32 8 9 9 4.72221048e-08 1.42040821e-07 outputs/V3.3e25_D10000_G2/solution/solution-00001 
  2 2.785143032825e+09 1.392571516413e+09 768 7235 3201 26 8 9 9 4.96877521e-08 8.47996597e-08 outputs/V3.3e25_D10000_G2/solution/solution-00002 
  3 4.177714549238e+09 1.392571516413e+09 768 7235 3201 25 8 9 9 5.40955236e-08 9.29499013e-08 outputs/V3.3e25_D10000_G2/solution/solution-00003 
  4 5.570286065650e+09 1.392571516413e+09 768 7235 3201 24 8 9 9 5.81686727e-08 1.01076496e-07 outputs/V3.3e25_D10000_G2/solution/solution-00004 
  5 6.962857582063e+09 1.392571516413e+09 768 7235 3201 23 8 9 9 6.17626045e-08 1.08465883e-07 outputs/V3.3e25_D10000_G2/solution/solution-00005 
  6 8.355429098476e+09 1.392571516413e+09 768 7235 3201 23 8 9 9 6.48180010e-08 1.14982665e-07 outputs/V3.3e25_D10000_G2/solution/solution-00006 
  7 9.748000614888e+09 1.392571516413e+09 768 7235 3201 22 8 9 9 6.73285350e-08 1.20555417e-07 outputs/V3.3e25_D10000_G2/solution/solution-00007 
  8 1.114057213130e+10 1.392571516413e+09 768 7235 3201 22 8 9 9 6.93116845e-08 1.25159876e-07 outputs/V3.3e25_D10000_G2/solution/solution-00008 
  9 1.253314364771e+10 1.392571516413e+09 768 7235 3201 21 8 9 9 7.07981766e-08 1.28807759e-07 outputs/V3.3e25_D10000_G2/solution/solution-00009 
 10 1.392571516413e+10 1.392571516413e+09 768 7235 3201 21 8 9 9 7.18266013e-08 1.31537821e-07 outputs/V3.3e25_D10000_G2/solution/solution-00010 
 11 1.531828668054e+10 1.392571516413e+09 768 7235 3201 21 8 9 9 7.24397946e-08 1.33408121e-07 outputs/V3.3e25_D10000_G2/solution/solution-00011 
 12 1.671085819695e+10 1.392571516413e+09 768 7235 3201 21 8 9 9 7.26822122e-08 1.34489348e-07 outputs/V3.3e25_D10000_G2/solution/solution-00012 
 13 1.810342971336e+10 1.392571516413e+09 768 7235 3201 21 8 9 9 7.25980112e-08 1.34859223e-07 outputs/V3.3e25_D10000_G2/solution/solution-00013 
 14 1.949600122978e+10 1.392571516413e+09 768 7235 3201 21 8 9 9 7.22296933e-08 1.34598035e-07 outputs/V3.3e25_D10000_G2/solution/solution-00014 
 15 2.088857274619e+10 1.392571516413e+09 768 7235 3201 21 8 9 9 7.16171998e-08 1.33785248e-07 outputs/V3.3e25_D10000_G2/solution/solution-00015 
 16 2.228114426260e+10 1.392571516413e+09 768 7235 3201 20 8 9 9 7.07973661e-08 1.32497087e-07 outputs/V3.3e25_D10000_G2/solution/solution-00016 
 17 2.367371577901e+10 1.392571516413e+09 768 7235 3201 20 8 9 9 6.98036507e-08 1.30804944e-07 outputs/V3.3e25_D10000_G2/solution/solution-00017 
 18 2.506628729543e+10 1.392571516413e+09 768 7235 3201 20 8 9 9 6.86660670e-08 1.28774433e-07 outputs/V3.3e25_D10000_G2/solution/solution-00018 
 19 2.645885881184e+10 1.392571516413e+09 768 7235 3201 20 8 9 9 6.74112579e-08 1.26464956e-07 outputs/V3.3e25_D10000_G2/solution/solution-00019 
 20 2.785143032825e+10 1.392571516413e+09 768 7235 3201 20 8 9 9 6.60626645e-08 1.23929619e-07 outputs/V3.3e25_D10000_G2/solution/solution-00020 
 21 2.924400184466e+10 1.392571516413e+09 768 7235 3201 20 8 9 9 6.46407523e-08 1.21215403e-07 outputs/V3.3e25_D10000_G2/solution/solution-00021 
 22 3.063657336108e+10 1.392571516413e+09 768 7235 3201 20 8 9 9 6.31632680e-08 1.18363491e-07 outputs/V3.3e25_D10000_G2/solution/solution-00022 
 23 3.202914487749e+10 1.392571516413e+09 768 7235 3201 20 8 9 9 6.16455060e-08 1.15409695e-07 outputs/V3.3e25_D10000_G2/solution/solution-00023 
 24 3.342171639390e+10 1.392571516413e+09 768 7235 3201 20 8 9 9 6.01005722e-08 1.12384923e-07 outputs/V3.3e25_D10000_G2/solution/solution-00024 
 25 3.481428791032e+10 1.392571516413e+09 768 7235 3201 20 8 9 9 5.85396355e-08 1.09315667e-07 outputs/V3.3e25_D10000_G2/solution/solution-00025 
 26 3.620685942673e+10 1.392571516413e+09 768 7235 3201 20 8 9 9 5.69721629e-08 1.06224475e-07 outputs/V3.3e25_D10000_G2/solution/solution-00026 
 27 3.759943094314e+10 1.392571516413e+09 768 7235 3201 20 8 9 9 5.54061340e-08 1.03130408e-07 outputs/V3.3e25_D10000_G2/solution/solution-00027 
 28 3.899200245955e+10 1.392571516413e+09 768 7235 3201 20 8 9 9 5.38482353e-08 1.00049460e-07 outputs/V3.3e25_D10000_G2/solution/solution-00028 
 29 4.038457397597e+10 1.392571516413e+09 768 7235 3201 20 8 9 9 5.23040330e-08 9.69949440e-08 outputs/V3.3e25_D10000_G2/solution/solution-00029 
 30 4.177714549238e+10 1.392571516413e+09 768 7235 3201 20 8 9 9 5.07781269e-08 9.39778423e-08 outputs/V3.3e25_D10000_G2/solution/solution-00030 
 31 4.316971700879e+10 1.392571516413e+09 768 7235 3201 20 8 9 9 4.92742851e-08 9.10071207e-08 outputs/V3.3e25_D10000_G2/solution/solution-00031 
 32 4.456228852520e+10 1.392571516413e+09 768 7235 3201 19 8 9 9 4.77955619e-08 8.80900054e-08 outputs/V3.3e25_D10000_G2/solution/solution-00032 
 33 4.595486004162e+10 1.392571516413e+09 768 7235 3201 19 8 9 9 4.63444013e-08 8.52322292e-08 outputs/V3.3e25_D10000_G2/solution/solution-00033 
 34 4.734743155803e+10 1.392571516413e+09 768 7235 3201 19 8 9 9 4.49227253e-08 8.24382478e-08 outputs/V3.3e25_D10000_G2/solution/solution-00034 
 35 4.874000307444e+10 1.392571516413e+09 768 7235 3201 19 8 9 9 4.35320121e-08 7.97114273e-08 outputs/V3.3e25_D10000_G2/solution/solution-00035 
 36 5.013257459085e+10 1.392571516413e+09 768 7235 3201 19 8 9 9 4.21733621e-08 7.70542098e-08 outputs/V3.3e25_D10000_G2/solution/solution-00036 
 37 5.152514610727e+10 1.392571516413e+09 768 7235 3201 19 8 9 9 4.08475554e-08 7.44682548e-08 outputs/V3.3e25_D10000_G2/solution/solution-00037 
 38 5.291771762368e+10 1.392571516413e+09 768 7235 3201 19 8 9 9 3.95551015e-08 7.19545635e-08 outputs/V3.3e25_D10000_G2/solution/solution-00038 
 39 5.431028914009e+10 1.392571516413e+09 768 7235 3201 19 8 9 9 3.82962814e-08 6.95135849e-08 outputs/V3.3e25_D10000_G2/solution/solution-00039 
 40 5.570286065650e+10 1.392571516413e+09 768 7235 3201 19 8 9 9 3.70711841e-08 6.71453077e-08 outputs/V3.3e25_D10000_G2/solution/solution-00040 
 41 5.709543217292e+10 1.392571516413e+09 768 7235 3201 19 8 9 9 3.58797377e-08 6.48493391e-08 outputs/V3.3e25_D10000_G2/solution/solution-00041 
 42 5.848800368933e+10 1.392571516413e+09 768 7235 3201 19 8 9 9 3.47217363e-08 6.26249722e-08 outputs/V3.3e25_D10000_G2/solution/solution-00042 
 43 5.988057520574e+10 1.392571516413e+09 768 7235 3201 19 8 9 9 3.35968625e-08 6.04712443e-08 outputs/V3.3e25_D10000_G2/solution/solution-00043 
 44 6.127314672215e+10 1.392571516413e+09 768 7235 3201 19 8 9 9 3.25047073e-08 5.83869856e-08 outputs/V3.3e25_D10000_G2/solution/solution-00044 
 45 6.266571823857e+10 1.392571516413e+09 768 7235 3201 19 8 9 9 3.14447865e-08 5.63708618e-08 outputs/V3.3e25_D10000_G2/solution/solution-00045 
 46 6.405828975498e+10 1.392571516413e+09 768 7235 3201 19 8 9 9 3.04165551e-08 5.44214095e-08 outputs/V3.3e25_D10000_G2/solution/solution-00046 
 47 6.545086127139e+10 1.392571516413e+09 768 7235 3201 19 8 9 9 2.94194195e-08 5.25370669e-08 outputs/V3.3e25_D10000_G2/solution/solution-00047 
 48 6.684343278781e+10 1.392571516413e+09 768 7235 3201 19 8 9 9 2.84527476e-08 5.07161988e-08 outputs/V3.3e25_D10000_G2/solution/solution-00048 
 49 6.823600430422e+10 1.392571516413e+09 768 7235 3201 19 8 9 9 2.75158780e-08 4.89571188e-08 outputs/V3.3e25_D10000_G2/solution/solution-00049 
 50 6.962857582063e+10 1.392571516413e+09 768 7235 3201 19 8 9 9 2.66081272e-08 4.72581070e-08 outputs/V3.3e25_D10000_G2/solution/solution-00050 
 51 7.102114733704e+10 1.392571516413e+09 768 7235 3201 19 8 9 9 2.57287960e-08 4.56174254e-08 outputs/V3.3e25_D10000_G2/solution/solution-00051 
 52 7.241371885346e+10 1.392571516413e+09 768 7235 3201 19 8 9 9 2.48771753e-08 4.40333305e-08 outputs/V3.3e25_D10000_G2/solution/solution-00052 
 53 7.380629036987e+10 1.392571516413e+09 768 7235 3201 19 8 9 9 2.40525501e-08 4.25040838e-08 outputs/V3.3e25_D10000_G2/solution/solution-00053 
 54 7.519886188628e+10 1.392571516413e+09 768 7235 3201 19 8 9 9 2.32542038e-08 4.10279604e-08 outputs/V3.3e25_D10000_G2/solution/solution-00054 
 55 7.659143340269e+10 1.392571516413e+09 768 7235 3201 19 8 9 9 2.24814211e-08 3.96032560e-08 outputs/V3.3e25_D10000_G2/solution/solution-00055 
 56 7.798400491911e+10 1.392571516413e+09 768 7235 3201 19 8 9 9 2.17334912e-08 3.82282926e-08 outputs/V3.3e25_D10000_G2/solution/solution-00056 
 57 7.937657643552e+10 1.392571516413e+09 768 7235 3201 19 8 9 9 2.10097095e-08 3.69014232e-08 outputs/V3.3e25_D10000_G2/solution/solution-00057 
 58 8.076914795193e+10 1.392571516413e+09 768 7235 3201 19 8 9 9 2.03093802e-08 3.56210351e-08 outputs/V3.3e25_D10000_G2/solution/solution-00058 
 59 8.216171946834e+10 1.392571516413e+09 768 7235 3201 19 8 9 9 1.96318169e-08 3.43855530e-08 outputs/V3.3e25_D10000_G2/solution/solution-00059 
 60 8.355429098476e+10 1.392571516413e+09 768 7235 3201 19 8 9 9 1.89763450e-08 3.31934410e-08 outputs/V3.3e25_D10000_G2/solution/solution-00060 
 61 8.494686250117e+10 1.392571516413e+09 768 7235 3201 19 8 9 9 1.83423016e-08 3.20432037e-08 outputs/V3.3e25_D10000_G2/solution/solution-00061 
 62 8.633943401758e+10 1.392571516413e+09 768 7235 3201 19 8 9 9 1.77290375e-08 3.09333879e-08 outputs/V3.3e25_D10000_G2/solution/solution-00062 
 63 8.773200553399e+10 1.392571516413e+09 768 7235 3201 19 8 9 9 1.71359166e-08 2.98625824e-08 outputs/V3.3e25_D10000_G2/solution/solution-00063 
 64 8.912457705041e+10 1.392571516413e+09 768 7235 3201 19 8 9 9 1.65623174e-08 2.88294190e-08 outputs/V3.3e25_D10000_G2/solution/solution-00064 
 65 9.051714856682e+10 1.392571516413e+09 768 7235 3201 19 8 9 9 1.60076329e-08 2.78325719e-08 outputs/V3.3e25_D10000_G2/solution/solution-00065 
 66 9.190972008323e+10 1.392571516413e+09 768 7235 3201 19 8 9 9 1.54712707e-08 2.68707575e-08 outputs/V3.3e25_D10000_G2/solution/solution-00066 
 67 9.330229159964e+10 1.392571516413e+09 768 7235 3201 19 8 9 9 1.49526537e-08 2.59427345e-08 outputs/V3.3e25_D10000_G2/solution/solution-00067 
 68 9.469486311606e+10 1.392571516413e+09 768 7235 3201 19 8 9 9 1.44512195e-08 2.50473024e-08 outputs/V3.3e25_D10000_G2/solution/solution-00068 
 69 9.608743463247e+10 1.392571516413e+09 768 7235 3201 19 8 9 9 1.39664209e-08 2.41833015e-08 outputs/V3.3e25_D10000_G2/solution/solution-00069 
 70 9.748000614888e+10 1.392571516413e+09 768 7235 3201 18 8 9 9 1.34977256e-08 2.33496116e-08 outputs/V3.3e25_D10000_G2/solution/solution-00070 
 71 9.887257766530e+10 1.392571516413e+09 768 7235 3201 18 8 9 9 1.30446161e-08 2.25451514e-08 outputs/V3.3e25_D10000_G2/solution/solution-00071 
 72 1.002651491817e+11 1.392571516413e+09 768 7235 3201 18 8 9 9 1.26065896e-08 2.17688772e-08 outputs/V3.3e25_D10000_G2/solution/solution-00072 
 73 1.016577206981e+11 1.392571516413e+09 768 7235 3201 18 8 9 9 1.21831579e-08 2.10197822e-08 outputs/V3.3e25_D10000_G2/solution/solution-00073 
 74 1.030502922145e+11 1.392571516413e+09 768 7235 3201 18 8 9 9 1.17738470e-08 2.02968953e-08 outputs/V3.3e25_D10000_G2/solution/solution-00074 
 75 1.044428637309e+11 1.392571516413e+09 768 7235 3201 18 8 9 9 1.13781969e-08 1.95992800e-08 outputs/V3.3e25_D10000_G2/solution/solution-00075 
 76 1.058354352474e+11 1.392571516413e+09 768 7235 3201 18 8 9 9 1.09957614e-08 1.89260335e-08 outputs/V3.3e25_D10000_G2/solution/solution-00076 
 77 1.072280067638e+11 1.392571516413e+09 768 7235 3201 18 8 9 9 1.06261079e-08 1.82762854e-08 outputs/V3.3e25_D10000_G2/solution/solution-00077 
 78 1.086205782802e+11 1.392571516413e+09 768 7235 3201 18 8 9 9 1.02688169e-08 1.76491968e-08 outputs/V3.3e25_D10000_G2/solution/solution-00078 
 79 1.100131497966e+11 1.392571516413e+09 768 7235 3201 18 8 9 9 9.92348185e-09 1.70439592e-08 outputs/V3.3e25_D10000_G2/solution/solution-00079 
 80 1.114057213130e+11 1.392571516413e+09 768 7235 3201 18 8 9 9 9.58970886e-09 1.64597936e-08 outputs/V3.3e25_D10000_G2/solution/solution-00080 
 81 1.127982928294e+11 1.392571516413e+09 768 7235 3201 18 8 9 9 9.26711631e-09 1.58959493e-08 outputs/V3.3e25_D10000_G2/solution/solution-00081 
 82 1.141908643458e+11 1.392571516413e+09 768 7235 3201 18 8 9 9 8.95533459e-09 1.53517027e-08 outputs/V3.3e25_D10000_G2/solution/solution-00082 
 83 1.155834358622e+11 1.392571516413e+09 768 7235 3201 18 8 9 9 8.65400579e-09 1.48263570e-08 outputs/V3.3e25_D10000_G2/solution/solution-00083 
 84 1.169760073787e+11 1.392571516413e+09 768 7235 3201 18 8 9 9 8.36278336e-09 1.43192406e-08 outputs/V3.3e25_D10000_G2/solution/solution-00084 
 85 1.183685788951e+11 1.392571516413e+09 768 7235 3201 18 8 9 9 8.08133183e-09 1.38297064e-08 outputs/V3.3e25_D10000_G2/solution/solution-00085 
 86 1.197611504115e+11 1.392571516413e+09 768 7235 3201 18 8 9 9 7.80932649e-09 1.33571310e-08 outputs/V3.3e25_D10000_G2/solution/solution-00086 
 87 1.211537219279e+11 1.392571516413e+09 768 7235 3201 18 8 9 9 7.54645309e-09 1.29009137e-08 outputs/V3.3e25_D10000_G2/solution/solution-00087 
 88 1.225462934443e+11 1.392571516413e+09 768 7235 3201 18 8 9 9 7.29240752e-09 1.24604759e-08 outputs/V3.3e25_D10000_G2/solution/solution-00088 
 89 1.239388649607e+11 1.392571516413e+09 768 7235 3201 18 8 9 9 7.04689554e-09 1.20352598e-08 outputs/V3.3e25_D10000_G2/solution/solution-00089 
 90 1.253314364771e+11 1.392571516413e+09 768 7235 3201 18 8 9 9 6.80963249e-09 1.16247281e-08 outputs/V3.3e25_D10000_G2/solution/solution-00090 
 91 1.267240079935e+11 1.392571516413e+09 768 7235 3201 18 8 9 9 6.58034298e-09 1.12283631e-08 outputs/V3.3e25_D10000_G2/solution/solution-00091 
 92 1.281165795100e+11 1.392571516413e+09 768 7235 3201 18 8 9 9 6.35876064e-09 1.08456658e-08 outputs/V3.3e25_D10000_G2/solution/solution-00092 
 93 1.295091510264e+11 1.392571516413e+09 768 7235 3201 18 8 9 9 6.14462781e-09 1.04761555e-08 outputs/V3.3e25_D10000_G2/solution/solution-00093 
 94 1.309017225428e+11 1.392571516413e+09 768 7235 3201 18 8 9 9 5.93769531e-09 1.01193686e-08 outputs/V3.3e25_D10000_G2/solution/solution-00094 
 95 1.322942940592e+11 1.392571516413e+09 768 7235 3201 18 8 9 9 5.73772215e-09 9.77485873e-09 outputs/V3.3e25_D10000_G2/solution/solution-00095 
 96 1.336868655756e+11 1.392571516413e+09 768 7235 3201 18 8 9 9 5.54447529e-09 9.44219538e-09 outputs/V3.3e25_D10000_G2/solution/solution-00096 
 97 1.350794370920e+11 1.392571516413e+09 768 7235 3201 18 8 9 9 5.35772938e-09 9.12096368e-09 outputs/V3.3e25_D10000_G2/solution/solution-00097 
 98 1.364720086084e+11 1.392571516413e+09 768 7235 3201 18 8 9 9 5.17726655e-09 8.81076375e-09 outputs/V3.3e25_D10000_G2/solution/solution-00098 
 99 1.378645801248e+11 1.392571516413e+09 768 7235 3201 18 8 9 9 5.00287610e-09 8.51121009e-09 outputs/V3.3e25_D10000_G2/solution/solution-00099 
100 1.392571516413e+11 1.392571516413e+09 768 7235 3201 17 8 9 9 4.83435436e-09 8.22193106e-09 outputs/V3.3e25_D10000_G2/solution/solution-00100 
