# 1: Time step number
# 2: Time (years)
# 3: Time step size (years)
# 4: Number of mesh cells
# 5: Number of Stokes degrees of freedom
# 6: Number of temperature degrees of freedom
# 7: Iterations for temperature solver
# 8: Iterations for Stokes solver
# 9: Velocity iterations in Stokes preconditioner
# 10: Schur complement iterations in Stokes preconditioner
# 11: RMS velocity (m/year)
# 12: Max. velocity (m/year)
# 13: Visualization file name
  0 0.000000000000e+00 0.000000000000e+00 768 7235 3201  0 8 9 9 2.64858588e-08 4.65715948e-08 outputs/V1e26_D100_G4/solution/solution-00000 
  1 1.392571516413e+09 1.392571516413e+09 768 7235 3201 32 8 9 9 2.51296530e-08 4.24074178e-08 outputs/V1e26_D100_G4/solution/solution-00001 
  2 2.785143032825e+09 1.392571516413e+09 768 7235 3201 25 8 9 9 2.38894929e-08 4.03673907e-08 outputs/V1e26_D100_G4/solution/solution-00002 
  3 4.177714549238e+09 1.392571516413e+09 768 7235 3201 24 8 9 9 2.27440571e-08 3.84765743e-08 outputs/V1e26_D100_G4/solution/solution-00003 
  4 5.570286065650e+09 1.392571516413e+09 768 7235 3201 23 8 9 9 2.16755574e-08 3.67122711e-08 outputs/V1e26_D100_G4/solution/solution-00004 
  5 6.962857582063e+09 1.392571516413e+09 768 7235 3201 23 8 9 9 2.06773401e-08 3.50609265e-08 outputs/V1e26_D100_G4/solution/solution-00005 
  6 8.355429098476e+09 1.392571516413e+09 768 7235 3201 22 8 9 9 1.97421476e-08 3.35094926e-08 outputs/V1e26_D100_G4/solution/solution-00006 
  7 9.748000614888e+09 1.392571516413e+09 768 7235 3201 21 8 9 9 1.88634380e-08 3.20469050e-08 outputs/V1e26_D100_G4/solution/solution-00007 
  8 1.114057213130e+10 1.392571516413e+09 768 7235 3201 21 8 9 9 1.80355287e-08 3.06640596e-08 outputs/V1e26_D100_G4/solution/solution-00008 
  9 1.253314364771e+10 1.392571516413e+09 768 7235 3201 21 8 9 9 1.72535484e-08 2.93534640e-08 outputs/V1e26_D100_G4/solution/solution-00009 
 10 1.392571516413e+10 1.392571516413e+09 768 7235 3201 20 8 9 9 1.65133314e-08 2.81088862e-08 outputs/V1e26_D100_G4/solution/solution-00010 
 11 1.531828668054e+10 1.392571516413e+09 768 7235 3201 20 8 9 9 1.58113052e-08 2.69250741e-08 outputs/V1e26_D100_G4/solution/solution-00011 
 12 1.671085819695e+10 1.392571516413e+09 768 7235 3201 20 8 9 9 1.51443908e-08 2.57975407e-08 outputs/V1e26_D100_G4/solution/solution-00012 
 13 1.810342971336e+10 1.392571516413e+09 768 7235 3201 20 8 9 9 1.45099183e-08 2.47224053e-08 outputs/V1e26_D100_G4/solution/solution-00013 
 14 1.949600122978e+10 1.392571516413e+09 768 7235 3201 20 8 9 9 1.39055571e-08 2.36962720e-08 outputs/V1e26_D100_G4/solution/solution-00014 
 15 2.088857274619e+10 1.392571516413e+09 768 7235 3201 20 8 9 9 1.33292592e-08 2.27161383e-08 outputs/V1e26_D100_G4/solution/solution-00015 
 16 2.228114426260e+10 1.392571516413e+09 768 7235 3201 19 8 9 9 1.27792124e-08 2.17793245e-08 outputs/V1e26_D100_G4/solution/solution-00016 
 17 2.367371577901e+10 1.392571516413e+09 768 7235 3201 19 8 9 9 1.22538027e-08 2.08834183e-08 outputs/V1e26_D100_G4/solution/solution-00017 
 18 2.506628729543e+10 1.392571516413e+09 768 7235 3201 19 8 9 9 1.17515827e-08 2.00262312e-08 outputs/V1e26_D100_G4/solution/solution-00018 
 19 2.645885881184e+10 1.392571516413e+09 768 7235 3201 19 8 9 9 1.12712467e-08 1.92057644e-08 outputs/V1e26_D100_G4/solution/solution-00019 
 20 2.785143032825e+10 1.392571516413e+09 768 7235 3201 19 8 9 9 1.08116092e-08 1.84201806e-08 outputs/V1e26_D100_G4/solution/solution-00020 
 21 2.924400184466e+10 1.392571516413e+09 768 7235 3201 19 8 9 9 1.03715880e-08 1.76677819e-08 outputs/V1e26_D100_G4/solution/solution-00021 
 22 3.063657336108e+10 1.392571516413e+09 768 7235 3201 19 8 9 9 9.95018968e-09 1.69469914e-08 outputs/V1e26_D100_G4/solution/solution-00022 
 23 3.202914487749e+10 1.392571516413e+09 768 7235 3201 19 8 9 9 9.54649787e-09 1.62563384e-08 outputs/V1e26_D100_G4/solution/solution-00023 
 24 3.342171639390e+10 1.392571516413e+09 768 7235 3201 19 8 9 9 9.15966341e-09 1.55944458e-08 outputs/V1e26_D100_G4/solution/solution-00024 
 25 3.481428791032e+10 1.392571516413e+09 768 7235 3201 18 8 9 9 8.78889609e-09 1.49600202e-08 outputs/V1e26_D100_G4/solution/solution-00025 
 26 3.620685942673e+10 1.392571516413e+09 768 7235 3201 18 8 9 9 8.43345779e-09 1.43518429e-08 outputs/V1e26_D100_G4/solution/solution-00026 
 27 3.759943094314e+10 1.392571516413e+09 768 7235 3201 18 8 9 9 8.09265673e-09 1.37687631e-08 outputs/V1e26_D100_G4/solution/solution-00027 
 28 3.899200245955e+10 1.392571516413e+09 768 7235 3201 18 8 9 9 7.76584257e-09 1.32096912e-08 outputs/V1e26_D100_G4/solution/solution-00028 
 29 4.038457397597e+10 1.392571516413e+09 768 7235 3201 18 8 9 9 7.45240227e-09 1.26735944e-08 outputs/V1e26_D100_G4/solution/solution-00029 
 30 4.177714549238e+10 1.392571516413e+09 768 7235 3201 18 8 9 9 7.15175660e-09 1.21594915e-08 outputs/V1e26_D100_G4/solution/solution-00030 
 31 4.316971700879e+10 1.392571516413e+09 768 7235 3201 18 8 9 9 6.86335710e-09 1.16664492e-08 outputs/V1e26_D100_G4/solution/solution-00031 
 32 4.456228852520e+10 1.392571516413e+09 768 7235 3201 18 8 9 9 6.58668351e-09 1.11935788e-08 outputs/V1e26_D100_G4/solution/solution-00032 
 33 4.595486004162e+10 1.392571516413e+09 768 7235 3201 18 8 9 9 6.32124151e-09 1.07400332e-08 outputs/V1e26_D100_G4/solution/solution-00033 
 34 4.734743155803e+10 1.392571516413e+09 768 7235 3201 18 8 9 9 6.06656078e-09 1.03050041e-08 outputs/V1e26_D100_G4/solution/solution-00034 
 35 4.874000307444e+10 1.392571516413e+09 768 7235 3201 18 8 9 9 5.82219328e-09 9.88771998e-09 outputs/V1e26_D100_G4/solution/solution-00035 
 36 5.013257459085e+10 1.392571516413e+09 768 7235 3201 18 8 9 9 5.58771175e-09 9.48744344e-09 outputs/V1e26_D100_G4/solution/solution-00036 
 37 5.152514610727e+10 1.392571516413e+09 768 7235 3201 18 8 9 9 5.36270839e-09 9.10346978e-09 outputs/V1e26_D100_G4/solution/solution-00037 
 38 5.291771762368e+10 1.392571516413e+09 768 7235 3201 18 8 9 9 5.14679362e-09 8.73512501e-09 outputs/V1e26_D100_G4/solution/solution-00038 
 39 5.431028914009e+10 1.392571516413e+09 768 7235 3201 18 8 9 9 4.93959508e-09 8.38176430e-09 outputs/V1e26_D100_G4/solution/solution-00039 
 40 5.570286065650e+10 1.392571516413e+09 768 7235 3201 18 8 9 9 4.74075660e-09 8.04277053e-09 outputs/V1e26_D100_G4/solution/solution-00040 
 41 5.709543217292e+10 1.392571516413e+09 768 7235 3201 18 8 9 9 4.54993736e-09 7.71755290e-09 outputs/V1e26_D100_G4/solution/solution-00041 
 42 5.848800368933e+10 1.392571516413e+09 768 7235 3201 18 8 9 9 4.36681109e-09 7.40554569e-09 outputs/V1e26_D100_G4/solution/solution-00042 
 43 5.988057520574e+10 1.392571516413e+09 768 7235 3201 17 8 9 9 4.19106529e-09 7.10620706e-09 outputs/V1e26_D100_G4/solution/solution-00043 
 44 6.127314672215e+10 1.392571516413e+09 768 7235 3201 17 8 9 9 4.02240062e-09 6.81901796e-09 outputs/V1e26_D100_G4/solution/solution-00044 
 45 6.266571823857e+10 1.392571516413e+09 768 7235 3201 17 8 9 9 3.86053022e-09 6.54348108e-09 outputs/V1e26_D100_G4/solution/solution-00045 
 46 6.405828975498e+10 1.392571516413e+09 768 7235 3201 17 8 9 9 3.70517912e-09 6.27911989e-09 outputs/V1e26_D100_G4/solution/solution-00046 
 47 6.545086127139e+10 1.392571516413e+09 768 7235 3201 17 8 9 9 3.55608374e-09 6.02547772e-09 outputs/V1e26_D100_G4/solution/solution-00047 
 48 6.684343278781e+10 1.392571516413e+09 768 7235 3201 17 8 9 9 3.41299134e-09 5.78211686e-09 outputs/V1e26_D100_G4/solution/solution-00048 
 49 6.823600430422e+10 1.392571516413e+09 768 7235 3201 17 8 9 9 3.27565954e-09 5.54861776e-09 outputs/V1e26_D100_G4/solution/solution-00049 
 50 6.962857582063e+10 1.392571516413e+09 768 7235 3201 17 8 9 9 3.14385590e-09 5.32457825e-09 outputs/V1e26_D100_G4/solution/solution-00050 
 51 7.102114733704e+10 1.392571516413e+09 768 7235 3201 17 8 9 9 3.01735742e-09 5.10961276e-09 outputs/V1e26_D100_G4/solution/solution-00051 
 52 7.241371885346e+10 1.392571516413e+09 768 7235 3201 17 8 9 9 2.89595023e-09 4.90335165e-09 outputs/V1e26_D100_G4/solution/solution-00052 
 53 7.380629036987e+10 1.392571516413e+09 768 7235 3201 17 8 9 9 2.77942911e-09 4.70544049e-09 outputs/V1e26_D100_G4/solution/solution-00053 
 54 7.519886188628e+10 1.392571516413e+09 768 7235 3201 17 8 9 9 2.66759720e-09 4.51553947e-09 outputs/V1e26_D100_G4/solution/solution-00054 
 55 7.659143340269e+10 1.392571516413e+09 768 7235 3201 17 8 9 9 2.56026559e-09 4.33332272e-09 outputs/V1e26_D100_G4/solution/solution-00055 
 56 7.798400491911e+10 1.392571516413e+09 768 7235 3201 17 8 9 9 2.45725303e-09 4.15847779e-09 outputs/V1e26_D100_G4/solution/solution-00056 
 57 7.937657643552e+10 1.392571516413e+09 768 7235 3201 17 8 9 9 2.35838561e-09 3.99070501e-09 outputs/V1e26_D100_G4/solution/solution-00057 
 58 8.076914795193e+10 1.392571516413e+09 768 7235 3201 17 8 9 9 2.26349643e-09 3.82971705e-09 outputs/V1e26_D100_G4/solution/solution-00058 
 59 8.216171946834e+10 1.392571516413e+09 768 7235 3201 17 8 9 9 2.17242534e-09 3.67523832e-09 outputs/V1e26_D100_G4/solution/solution-00059 
 60 8.355429098476e+10 1.392571516413e+09 768 7235 3201 17 8 9 9 2.08501864e-09 3.52700452e-09 outputs/V1e26_D100_G4/solution/solution-00060 
 61 8.494686250117e+10 1.392571516413e+09 768 7235 3201 17 8 9 9 2.00112885e-09 3.38476217e-09 outputs/V1e26_D100_G4/solution/solution-00061 
 62 8.633943401758e+10 1.392571516413e+09 768 7235 3201 17 8 9 9 1.92061442e-09 3.24826815e-09 outputs/V1e26_D100_G4/solution/solution-00062 
 63 8.773200553399e+10 1.392571516413e+09 768 7235 3201 17 8 9 9 1.84333952e-09 3.11728929e-09 outputs/V1e26_D100_G4/solution/solution-00063 
 64 8.912457705041e+10 1.392571516413e+09 768 7235 3201 17 8 9 9 1.76917377e-09 2.99160192e-09 outputs/V1e26_D100_G4/solution/solution-00064 
 65 9.051714856682e+10 1.392571516413e+09 768 7235 3201 17 8 9 9 1.69799207e-09 2.87099151e-09 outputs/V1e26_D100_G4/solution/solution-00065 
 66 9.190972008323e+10 1.392571516413e+09 768 7235 3201 17 8 9 9 1.62967433e-09 2.75525231e-09 outputs/V1e26_D100_G4/solution/solution-00066 
 67 9.330229159964e+10 1.392571516413e+09 768 7235 3201 17 8 9 9 1.56410532e-09 2.64418692e-09 outputs/V1e26_D100_G4/solution/solution-00067 
 68 9.469486311606e+10 1.392571516413e+09 768 7235 3201 17 8 9 9 1.50117444e-09 2.53760600e-09 outputs/V1e26_D100_G4/solution/solution-00068 
 69 9.608743463247e+10 1.392571516413e+09 768 7235 3201 16 8 9 9 1.44077554e-09 2.43532796e-09 outputs/V1e26_D100_G4/solution/solution-00069 
 70 9.748000614888e+10 1.392571516413e+09 768 7235 3201 16 8 9 9 1.38280674e-09 2.33717855e-09 outputs/V1e26_D100_G4/solution/solution-00070 
 71 9.887257766530e+10 1.392571516413e+09 768 7235 3201 16 8 9 9 1.32717027e-09 2.24299064e-09 outputs/V1e26_D100_G4/solution/solution-00071 
 72 1.002651491817e+11 1.392571516413e+09 768 7235 3201 16 8 9 9 1.27377229e-09 2.15260389e-09 outputs/V1e26_D100_G4/solution/solution-00072 
 73 1.016577206981e+11 1.392571516413e+09 768 7235 3201 16 8 9 9 1.22252273e-09 2.06586450e-09 outputs/V1e26_D100_G4/solution/solution-00073 
 74 1.030502922145e+11 1.392571516413e+09 768 7235 3201 16 8 9 9 1.17333515e-09 1.98262491e-09 outputs/V1e26_D100_G4/solution/solution-00074 
 75 1.044428637309e+11 1.392571516413e+09 768 7235 3201 16 8 9 9 1.12612659e-09 1.90274355e-09 outputs/V1e26_D100_G4/solution/solution-00075 
 76 1.058354352474e+11 1.392571516413e+09 768 7235 3201 16 8 9 9 1.08081742e-09 1.82608463e-09 outputs/V1e26_D100_G4/solution/solution-00076 
 77 1.072280067638e+11 1.392571516413e+09 768 7235 3201 16 8 9 9 1.03733123e-09 1.75251785e-09 outputs/V1e26_D100_G4/solution/solution-00077 
 78 1.086205782802e+11 1.392571516413e+09 768 7235 3201 16 8 9 9 9.95594671e-10 1.68191820e-09 outputs/V1e26_D100_G4/solution/solution-00078 
 79 1.100131497966e+11 1.392571516413e+09 768 7235 3201 16 8 9 9 9.55537349e-10 1.61416577e-09 outputs/V1e26_D100_G4/solution/solution-00079 
 80 1.114057213130e+11 1.392571516413e+09 768 7235 3201 16 8 9 9 9.17091703e-10 1.54914549e-09 outputs/V1e26_D100_G4/solution/solution-00080 
 81 1.127982928294e+11 1.392571516413e+09 768 7235 3201 16 8 9 9 8.80192888e-10 1.48674697e-09 outputs/V1e26_D100_G4/solution/solution-00081 
 82 1.141908643458e+11 1.392571516413e+09 768 7235 3201 16 8 9 9 8.44778671e-10 1.42686428e-09 outputs/V1e26_D100_G4/solution/solution-00082 
 83 1.155834358622e+11 1.392571516413e+09 768 7235 3201 16 8 9 9 8.10789319e-10 1.36939582e-09 outputs/V1e26_D100_G4/solution/solution-00083 
 84 1.169760073787e+11 1.392571516413e+09 768 7235 3201 16 8 9 9 7.78167508e-10 1.31424407e-09 outputs/V1e26_D100_G4/solution/solution-00084 
 85 1.183685788951e+11 1.392571516413e+09 768 7235 3201 16 8 9 9 7.46858214e-10 1.26131548e-09 outputs/V1e26_D100_G4/solution/solution-00085 
 86 1.197611504115e+11 1.392571516413e+09 768 7235 3201 16 8 9 9 7.16808630e-10 1.21052028e-09 outputs/V1e26_D100_G4/solution/solution-00086 
 87 1.211537219279e+11 1.392571516413e+09 768 7235 3201 16 8 9 9 6.87968073e-10 1.16177236e-09 outputs/V1e26_D100_G4/solution/solution-00087 
 88 1.225462934443e+11 1.392571516413e+09 768 7235 3201 16 8 9 9 6.60287900e-10 1.11498907e-09 outputs/V1e26_D100_G4/solution/solution-00088 
 89 1.239388649607e+11 1.392571516413e+09 768 7235 3201 16 8 9 9 6.33721423e-10 1.07009111e-09 outputs/V1e26_D100_G4/solution/solution-00089 
 90 1.253314364771e+11 1.392571516413e+09 768 7235 3201 16 8 9 9 6.08223835e-10 1.02700240e-09 outputs/V1e26_D100_G4/solution/solution-00090 
 91 1.267240079935e+11 1.392571516413e+09 768 7235 3201 16 8 9 9 5.83752130e-10 9.85649932e-10 outputs/V1e26_D100_G4/solution/solution-00091 
 92 1.281165795100e+11 1.392571516413e+09 768 7235 3201 16 8 9 9 5.60265032e-10 9.45963654e-10 outputs/V1e26_D100_G4/solution/solution-00092 
 93 1.295091510264e+11 1.392571516413e+09 768 7235 3201 16 8 9 9 5.37722927e-10 9.07876344e-10 outputs/V1e26_D100_G4/solution/solution-00093 
 94 1.309017225428e+11 1.392571516413e+09 768 7235 3201 15 8 9 9 5.16087800e-10 8.71323516e-10 outputs/V1e26_D100_G4/solution/solution-00094 
 95 1.322942940592e+11 1.392571516413e+09 768 7235 3201 15 8 9 9 4.95323154e-10 8.36243264e-10 outputs/V1e26_D100_G4/solution/solution-00095 
 96 1.336868655756e+11 1.392571516413e+09 768 7235 3201 15 8 9 9 4.75393966e-10 8.02576193e-10 outputs/V1e26_D100_G4/solution/solution-00096 
 97 1.350794370920e+11 1.392571516413e+09 768 7235 3201 15 8 9 9 4.56266622e-10 7.70265312e-10 outputs/V1e26_D100_G4/solution/solution-00097 
 98 1.364720086084e+11 1.392571516413e+09 768 7235 3201 15 8 9 9 4.37908858e-10 7.39255932e-10 outputs/V1e26_D100_G4/solution/solution-00098 
 99 1.378645801248e+11 1.392571516413e+09 768 7235 3201 15 8 9 9 4.20289712e-10 7.09495572e-10 outputs/V1e26_D100_G4/solution/solution-00099 
100 1.392571516413e+11 1.392571516413e+09 768 7235 3201 15 8 9 9 4.03379466e-10 6.80933877e-10 outputs/V1e26_D100_G4/solution/solution-00100 
