# 1: Time step number
# 2: Time (years)
# 3: Time step size (years)
# 4: Number of mesh cells
# 5: Number of Stokes degrees of freedom
# 6: Number of temperature degrees of freedom
# 7: Iterations for temperature solver
# 8: Iterations for Stokes solver
# 9: Velocity iterations in Stokes preconditioner
# 10: Schur complement iterations in Stokes preconditioner
# 11: RMS velocity (m/year)
# 12: Max. velocity (m/year)
# 13: Visualization file name
  0 0.000000000000e+00 0.000000000000e+00 768 7235 3201  0 8 9 9 9.25715492e-06 1.59074302e-05 outputs/V1e24_D300_G14/solution/solution-00000 
  1 1.392571516413e+09 1.392571516413e+09 768 7235 3201 31 8 9 9 2.46662357e-05 4.44603721e-05 outputs/V1e24_D300_G14/solution/solution-00001 
  2 2.785143032825e+09 1.392571516413e+09 768 7235 3201 26 8 9 9 8.69690837e-05 1.65720480e-04 outputs/V1e24_D300_G14/solution/solution-00002 
  3 3.351035404408e+09 5.658923715830e+08 768 7235 3201 18 8 9 9 1.76022805e-04 3.41691092e-04 outputs/V1e24_D300_G14/solution/solution-00003 
  4 3.625290926651e+09 2.742555222425e+08 768 7235 3201 13 8 9 9 2.66836237e-04 5.22419163e-04 outputs/V1e24_D300_G14/solution/solution-00004 
  5 3.804776615451e+09 1.794856888002e+08 768 7235 3201 12 7 8 8 3.60015854e-04 7.08220729e-04 outputs/V1e24_D300_G14/solution/solution-00005 
  6 3.937172057461e+09 1.323954420096e+08 768 7235 3201 11 7 8 8 4.54584415e-04 8.96908744e-04 outputs/V1e24_D300_G14/solution/solution-00006 
  7 4.041658700718e+09 1.044866432576e+08 768 7235 3201 10 7 8 8 5.50184255e-04 1.08845987e-03 outputs/V1e24_D300_G14/solution/solution-00007 
  8 4.127789575082e+09 8.613087436422e+07 768 7235 3201 10 7 8 8 6.46802999e-04 1.28236324e-03 outputs/V1e24_D300_G14/solution/solution-00008 
  9 4.200925107344e+09 7.313553226144e+07 768 7235 3201 10 6 7 7 7.44493272e-04 1.47800430e-03 outputs/V1e24_D300_G14/solution/solution-00009 
 10 4.264333183433e+09 6.340807608900e+07 768 7235 3201 10 6 7 7 8.43245812e-04 1.67654751e-03                                             "" 
 11 4.320255804012e+09 5.592262057945e+07 768 7235 3201 10 6 7 7 9.43164461e-04 1.87685041e-03 outputs/V1e24_D300_G14/solution/solution-00010 
 12 4.370207176853e+09 4.995137284062e+07 768 7235 3201 10 6 7 7 1.04421725e-03 2.07882019e-03                                             "" 
 13 4.415302779180e+09 4.509560232730e+07 768 7235 3201 10 6 7 7 1.14634766e-03 2.28179562e-03 outputs/V1e24_D300_G14/solution/solution-00011 
 14 4.456395424033e+09 4.109264485305e+07 768 7235 3201 11 6 7 7 1.24947463e-03 2.48465784e-03                                             "" 
 15 4.494126977451e+09 3.773155341765e+07 768 7235 3201 11 6 7 7 1.35340548e-03 2.68718069e-03                                             "" 
 16 4.529014843520e+09 3.488786606890e+07 768 7235 3201 11 6 7 7 1.45790595e-03 2.88794595e-03 outputs/V1e24_D300_G14/solution/solution-00012 
 17 4.561500961440e+09 3.248611792073e+07 768 7235 3201 11 6 7 7 1.56275418e-03 3.08447440e-03                                             "" 
 18 4.591889233752e+09 3.038827231189e+07 768 7235 3201 11 6 7 7 1.66745743e-03 3.27709427e-03                                             "" 
 19 4.620489607251e+09 2.860037349865e+07 768 7235 3201 11 6 7 7 1.77166204e-03 3.46521293e-03 outputs/V1e24_D300_G14/solution/solution-00013 
 20 4.647557763252e+09 2.706815600089e+07 768 7235 3201 12 6 7 7 1.87493420e-03 3.64503966e-03                                             "" 
 21 4.673284604122e+09 2.572684087012e+07 768 7235 3201 12 6 7 7 1.97667469e-03 3.83051680e-03                                             "" 
 22 4.697766815168e+09 2.448221104551e+07 768 7235 3201 12 6 7 7 2.07596169e-03 4.08749854e-03                                             "" 
 23 4.720702603198e+09 2.293578803019e+07 768 7235 3201 12 6 7 7 2.17028457e-03 4.33383774e-03 outputs/V1e24_D300_G14/solution/solution-00014 
 24 4.742334700566e+09 2.163209736788e+07 768 7235 3201 12 6 7 7 2.25947053e-03 4.56702860e-03                                             "" 
 25 4.762862270715e+09 2.052757014902e+07 768 7235 3201 12 6 7 7 2.34335184e-03 4.78597113e-03                                             "" 
 26 4.782450771678e+09 1.958850096376e+07 768 7235 3201 12 6 7 7 2.42177450e-03 4.98977233e-03                                             "" 
 27 4.801239204054e+09 1.878843237600e+07 768 7235 3201 12 6 7 7 2.49460354e-03 5.17774030e-03 outputs/V1e24_D300_G14/solution/solution-00015 
 28 4.819345558289e+09 1.810635423426e+07 768 7235 3201 12 6 7 7 2.56172696e-03 5.35125134e-03                                             "" 
 29 4.836870976034e+09 1.752541774504e+07 768 7235 3201 12 6 7 7 2.62305887e-03 5.50902912e-03                                             "" 
 30 4.853902970845e+09 1.703199481112e+07 768 7235 3201 12 6 7 7 2.67854218e-03 5.64998251e-03                                             "" 
 31 4.870512332396e+09 1.660936155073e+07 768 7235 3201 12 6 7 7 2.72813479e-03 5.77401709e-03                                             "" 
 32 4.886758855186e+09 1.624652279081e+07 768 7235 3201 12 6 7 7 2.77182926e-03 5.88119164e-03 outputs/V1e24_D300_G14/solution/solution-00016 
 33 4.902703747039e+09 1.594489185293e+07 768 7235 3201 13 6 7 7 2.80968174e-03 5.97177339e-03 outputs/V1e24_D300_G14/solution/solution-00017 
 34 4.918401673113e+09 1.569792607417e+07 768 7235 3201 13 6 7 7 2.84178072e-03 6.04614541e-03                                             "" 
 35 4.933901830929e+09 1.550015781533e+07 768 7235 3201 13 6 7 7 2.86824669e-03 6.10479530e-03                                             "" 
 36 4.949248819903e+09 1.534698897376e+07 768 7235 3201 13 6 7 7 2.88923122e-03 6.14830425e-03                                             "" 
 37 4.964483346589e+09 1.523452668622e+07 768 7235 3201 13 6 7 7 2.90491541e-03 6.18014471e-03                                             "" 
 38 4.979642797276e+09 1.515945068753e+07 768 7235 3201 13 6 7 7 2.91550782e-03 6.19803446e-03 outputs/V1e24_D300_G14/solution/solution-00018 
 39 4.994761702557e+09 1.511890528120e+07 768 7235 3201 13 6 7 7 2.92124186e-03 6.20268936e-03                                             "" 
 40 5.009872113198e+09 1.511041064011e+07 768 7235 3201 13 6 7 7 2.92237273e-03 6.19495175e-03 outputs/V1e24_D300_G14/solution/solution-00019 
 41 5.025003902638e+09 1.513178943997e+07 768 7235 3201 13 6 7 7 2.91917388e-03 6.17571043e-03                                             "" 
 42 5.040185008425e+09 1.518110578752e+07 768 7235 3201 13 6 7 7 2.91193337e-03 6.14588944e-03                                             "" 
 43 5.055441622561e+09 1.525661413597e+07 768 7235 3201 12 6 7 7 2.90094981e-03 6.10643692e-03                                             "" 
 44 5.070798339003e+09 1.535671644146e+07 768 7235 3201 12 6 7 7 2.88652843e-03 6.05831397e-03                                             "" 
 45 5.086278265245e+09 1.547992624251e+07 768 7235 3201 12 6 7 7 2.86897705e-03 6.00248379e-03 outputs/V1e24_D300_G14/solution/solution-00020 
 46 5.101903103910e+09 1.562483866506e+07 768 7235 3201 12 6 7 7 2.84860224e-03 5.93990117e-03 outputs/V1e24_D300_G14/solution/solution-00021 
 47 5.117693209500e+09 1.579010558996e+07 768 7235 3201 12 6 7 7 2.82570570e-03 5.87150262e-03                                             "" 
 48 5.133667624889e+09 1.597441538915e+07 768 7235 3201 12 6 7 7 2.80058097e-03 5.79819722e-03                                             "" 
 49 5.149844101649e+09 1.617647675998e+07 768 7235 3201 12 6 7 7 2.77351047e-03 5.72085845e-03                                             "" 
 50 5.166239107928e+09 1.639500627882e+07 768 7235 3201 12 6 7 7 2.74476306e-03 5.64031706e-03                                             "" 
 51 5.182867827290e+09 1.662871936246e+07 768 7235 3201 12 6 7 7 2.71459196e-03 5.55735509e-03 outputs/V1e24_D300_G14/solution/solution-00022 
 52 5.199744151663e+09 1.687632437251e+07 768 7235 3201 12 6 7 7 2.68323317e-03 5.47270116e-03                                             "" 
 53 5.216880671287e+09 1.713651962439e+07 768 7235 3201 12 6 7 7 2.65090437e-03 5.38702690e-03 outputs/V1e24_D300_G14/solution/solution-00023 
 54 5.234288664358e+09 1.740799307016e+07 768 7235 3201 12 6 7 7 2.61780418e-03 5.30094469e-03                                             "" 
 55 5.251978088773e+09 1.768942441547e+07 768 7235 3201 12 6 7 7 2.58411184e-03 5.21500642e-03                                             "" 
 56 5.269957578183e+09 1.797948941024e+07 768 7235 3201 11 6 7 7 2.54998733e-03 5.12970336e-03                                             "" 
 57 5.288234444208e+09 1.827686602466e+07 768 7235 3201 11 6 7 7 2.51557162e-03 5.04546694e-03                                             "" 
 58 5.306814686400e+09 1.858024219257e+07 768 7235 3201 11 6 7 7 2.48098739e-03 4.96267035e-03 outputs/V1e24_D300_G14/solution/solution-00024 
 59 5.325703011176e+09 1.888832477594e+07 768 7235 3201 11 6 7 7 2.44633984e-03 4.88163083e-03                                             "" 
 60 5.344902860559e+09 1.919984938304e+07 768 7235 3201 11 6 7 7 2.41171772e-03 4.80261250e-03                                             "" 
 61 5.364416451218e+09 1.951359065904e+07 768 7235 3201 11 6 7 7 2.37719453e-03 4.72582965e-03                                             "" 
 62 5.384244823884e+09 1.982837266561e+07 768 7235 3201 11 6 7 7 2.34282975e-03 4.65145026e-03                                             "" 
 63 5.404387902860e+09 2.014307897606e+07 768 7235 3201 11 6 7 7 2.30867025e-03 4.57959989e-03 outputs/V1e24_D300_G14/solution/solution-00025 
 64 5.424844564996e+09 2.045666213577e+07 768 7235 3201 11 6 7 7 2.27475164e-03 4.51069779e-03                                             "" 
 65 5.445612717170e+09 2.076815217400e+07 768 7235 3201 11 6 7 7 2.24109965e-03 4.44524433e-03                                             "" 
 66 5.466689381072e+09 2.107666390173e+07 768 7235 3201 11 6 7 7 2.20773155e-03 4.38245481e-03                                             "" 
 67 5.488070783860e+09 2.138140278842e+07 768 7235 3201 11 6 7 7 2.17465748e-03 4.32232184e-03                                             "" 
 68 5.509752453136e+09 2.168166927576e+07 768 7235 3201 11 6 7 7 2.14188173e-03 4.26481508e-03 outputs/V1e24_D300_G14/solution/solution-00026 
 69 5.531729314591e+09 2.197686145491e+07 768 7235 3201 11 6 7 7 2.10940398e-03 4.20988456e-03                                             "" 
 70 5.553995790692e+09 2.226647610103e+07 768 7235 3201 11 6 7 7 2.07722041e-03 4.15746380e-03                                             "" 
 71 5.576545898813e+09 2.255010812159e+07 768 7235 3201 11 6 7 7 2.04532476e-03 4.10747264e-03                                             "" 
 72 5.599373347343e+09 2.282744852997e+07 768 7235 3201 11 6 7 7 2.01370926e-03 4.05981987e-03                                             "" 
 73 5.622471628443e+09 2.309828109982e+07 768 7235 3201 11 6 7 7 1.98236542e-03 4.01440562e-03 outputs/V1e24_D300_G14/solution/solution-00027 
 74 5.645834106331e+09 2.336247788826e+07 768 7235 3201 11 6 7 7 1.95128478e-03 3.97112347e-03                                             "" 
 75 5.669454100167e+09 2.361999383565e+07 768 7235 3201 11 6 7 7 1.92045951e-03 3.92986237e-03                                             "" 
 76 5.693324960825e+09 2.387086065784e+07 768 7235 3201 11 6 7 7 1.88988286e-03 3.89050830e-03                                             "" 
 77 5.717440141069e+09 2.411518024362e+07 768 7235 3201 11 6 7 7 1.85954958e-03 3.85294567e-03 outputs/V1e24_D300_G14/solution/solution-00028 
 78 5.741793258827e+09 2.435311775873e+07 768 7235 3201 11 6 7 7 1.82945616e-03 3.81705863e-03                                             "" 
 79 5.766376373333e+09 2.458311450615e+07 768 7235 3201 11 6 7 7 1.79960323e-03 3.78273446e-03                                             "" 
 80 5.791179024103e+09 2.480265077002e+07 768 7235 3201 11 6 7 7 1.76999660e-03 3.74986518e-03                                             "" 
 81 5.816195592589e+09 2.501656848593e+07 768 7235 3201 11 6 7 7 1.74063857e-03 3.71833854e-03 outputs/V1e24_D300_G14/solution/solution-00029 
 82 5.841420821221e+09 2.522522863142e+07 768 7235 3201 10 5 6 6 1.71153351e-03 3.68804538e-03                                             "" 
 83 5.866849841507e+09 2.542902028638e+07 768 7235 3201 10 5 6 6 1.68268776e-03 3.65888011e-03                                             "" 
 84 5.892478196241e+09 2.562835473401e+07 768 7235 3201 10 5 6 6 1.65410950e-03 3.63074106e-03                                             "" 
 85 5.918301856938e+09 2.582366069642e+07 768 7235 3201 10 5 6 6 1.62580856e-03 3.60363762e-03 outputs/V1e24_D300_G14/solution/solution-00030 
 86 5.944317236378e+09 2.601537944028e+07 768 7235 3201 10 5 6 6 1.59779625e-03 3.57770342e-03                                             "" 
 87 5.970521197099e+09 2.620396072156e+07 768 7235 3201 10 5 6 6 1.57008508e-03 3.55250096e-03                                             "" 
 88 5.996911056273e+09 2.638985917312e+07 768 7235 3201 10 5 6 6 1.54268853e-03 3.52794664e-03                                             "" 
 89 6.023484587457e+09 2.657353118412e+07 768 7235 3201 10 5 6 6 1.51562081e-03 3.50396133e-03 outputs/V1e24_D300_G14/solution/solution-00031 
 90 6.050240019705e+09 2.675543224866e+07 768 7235 3201 10 5 6 6 1.48889653e-03 3.48047032e-03                                             "" 
 91 6.077176034462e+09 2.693601475680e+07 768 7235 3201 10 5 6 6 1.46253044e-03 3.45740325e-03                                             "" 
 92 6.104291760660e+09 2.711572619745e+07 768 7235 3201 10 5 6 6 1.43653716e-03 3.43469403e-03 outputs/V1e24_D300_G14/solution/solution-00032 
 93 6.131586768400e+09 2.729500774010e+07 768 7235 3201 10 5 6 6 1.41093088e-03 3.41228069e-03                                             "" 
 94 6.159061061559e+09 2.747429315929e+07 768 7235 3201 10 5 6 6 1.38572509e-03 3.39010533e-03                                             "" 
 95 6.186715069623e+09 2.765400806383e+07 768 7235 3201 10 5 6 6 1.36093232e-03 3.36811390e-03                                             "" 
 96 6.214549639013e+09 2.783456939037e+07 768 7235 3201  9 5 6 6 1.33656392e-03 3.34625611e-03 outputs/V1e24_D300_G14/solution/solution-00033 
 97 6.242566024133e+09 2.801638511940e+07 768 7235 3201  9 5 6 6 1.31262982e-03 3.32448528e-03                                             "" 
 98 6.270765878303e+09 2.819985417021e+07 768 7235 3201  9 5 6 6 1.28913837e-03 3.30275814e-03                                             "" 
 99 6.299151244734e+09 2.838536643135e+07 768 7235 3201  9 5 6 6 1.26609618e-03 3.28103476e-03                                             "" 
100 6.327724547617e+09 2.857330288300e+07 768 7235 3201  9 5 6 6 1.24350804e-03 3.25927838e-03 outputs/V1e24_D300_G14/solution/solution-00034 
