# 1: Time step number
# 2: Time (years)
# 3: Time step size (years)
# 4: Number of mesh cells
# 5: Number of Stokes degrees of freedom
# 6: Number of temperature degrees of freedom
# 7: Iterations for temperature solver
# 8: Iterations for Stokes solver
# 9: Velocity iterations in Stokes preconditioner
# 10: Schur complement iterations in Stokes preconditioner
# 11: RMS velocity (m/year)
# 12: Max. velocity (m/year)
# 13: Visualization file name
  0 0.000000000000e+00 0.000000000000e+00 768 7235 3201  0 8 9 9 5.22727650e-09 2.53965641e-08 outputs/V3.3e26_D10000_G2/solution/solution-00000 
  1 1.392571516413e+09 1.392571516413e+09 768 7235 3201 32 8 9 9 4.16162863e-09 1.37480790e-08 outputs/V3.3e26_D10000_G2/solution/solution-00001 
  2 2.785143032825e+09 1.392571516413e+09 768 7235 3201 26 8 9 9 3.75629468e-09 6.90515759e-09 outputs/V3.3e26_D10000_G2/solution/solution-00002 
  3 4.177714549238e+09 1.392571516413e+09 768 7235 3201 25 8 9 9 3.59242591e-09 6.07051132e-09 outputs/V3.3e26_D10000_G2/solution/solution-00003 
  4 5.570286065650e+09 1.392571516413e+09 768 7235 3201 24 8 9 9 3.43892772e-09 5.80520847e-09 outputs/V3.3e26_D10000_G2/solution/solution-00004 
  5 6.962857582063e+09 1.392571516413e+09 768 7235 3201 23 8 9 9 3.29160948e-09 5.56890479e-09 outputs/V3.3e26_D10000_G2/solution/solution-00005 
  6 8.355429098476e+09 1.392571516413e+09 768 7235 3201 23 8 9 9 3.14779716e-09 5.33526786e-09 outputs/V3.3e26_D10000_G2/solution/solution-00006 
  7 9.748000614888e+09 1.392571516413e+09 768 7235 3201 22 8 9 9 3.00737134e-09 5.10542367e-09 outputs/V3.3e26_D10000_G2/solution/solution-00007 
  8 1.114057213130e+10 1.392571516413e+09 768 7235 3201 22 8 9 9 2.87067841e-09 4.88031492e-09 outputs/V3.3e26_D10000_G2/solution/solution-00008 
  9 1.253314364771e+10 1.392571516413e+09 768 7235 3201 21 8 9 9 2.73806576e-09 4.66071457e-09 outputs/V3.3e26_D10000_G2/solution/solution-00009 
 10 1.392571516413e+10 1.392571516413e+09 768 7235 3201 21 8 9 9 2.60980762e-09 4.44723978e-09 outputs/V3.3e26_D10000_G2/solution/solution-00010 
 11 1.531828668054e+10 1.392571516413e+09 768 7235 3201 21 8 9 9 2.48609576e-09 4.24036620e-09 outputs/V3.3e26_D10000_G2/solution/solution-00011 
 12 1.671085819695e+10 1.392571516413e+09 768 7235 3201 21 8 9 9 2.36704678e-09 4.04044269e-09 outputs/V3.3e26_D10000_G2/solution/solution-00012 
 13 1.810342971336e+10 1.392571516413e+09 768 7235 3201 21 8 9 9 2.25271336e-09 3.84770615e-09 outputs/V3.3e26_D10000_G2/solution/solution-00013 
 14 1.949600122978e+10 1.392571516413e+09 768 7235 3201 21 8 9 9 2.14309580e-09 3.66229618e-09 outputs/V3.3e26_D10000_G2/solution/solution-00014 
 15 2.088857274619e+10 1.392571516413e+09 768 7235 3201 21 8 9 9 2.03815239e-09 3.48426915e-09 outputs/V3.3e26_D10000_G2/solution/solution-00015 
 16 2.228114426260e+10 1.392571516413e+09 768 7235 3201 20 8 9 9 1.93780850e-09 3.31361151e-09 outputs/V3.3e26_D10000_G2/solution/solution-00016 
 17 2.367371577901e+10 1.392571516413e+09 768 7235 3201 20 8 9 9 1.84196419e-09 3.15025211e-09 outputs/V3.3e26_D10000_G2/solution/solution-00017 
 18 2.506628729543e+10 1.392571516413e+09 768 7235 3201 20 8 9 9 1.75050051e-09 2.99407317e-09 outputs/V3.3e26_D10000_G2/solution/solution-00018 
 19 2.645885881184e+10 1.392571516413e+09 768 7235 3201 20 8 9 9 1.66328474e-09 2.84492005e-09 outputs/V3.3e26_D10000_G2/solution/solution-00019 
 20 2.785143032825e+10 1.392571516413e+09 768 7235 3201 20 8 9 9 1.58017459e-09 2.70260969e-09 outputs/V3.3e26_D10000_G2/solution/solution-00020 
 21 2.924400184466e+10 1.392571516413e+09 768 7235 3201 20 8 9 9 1.50102158e-09 2.56693782e-09 outputs/V3.3e26_D10000_G2/solution/solution-00021 
 22 3.063657336108e+10 1.392571516413e+09 768 7235 3201 20 8 9 9 1.42567382e-09 2.43768499e-09 outputs/V3.3e26_D10000_G2/solution/solution-00022 
 23 3.202914487749e+10 1.392571516413e+09 768 7235 3201 20 8 9 9 1.35397811e-09 2.31462166e-09 outputs/V3.3e26_D10000_G2/solution/solution-00023 
 24 3.342171639390e+10 1.392571516413e+09 768 7235 3201 20 8 9 9 1.28578169e-09 2.19751226e-09 outputs/V3.3e26_D10000_G2/solution/solution-00024 
 25 3.481428791032e+10 1.392571516413e+09 768 7235 3201 20 8 9 9 1.22093354e-09 2.08611857e-09 outputs/V3.3e26_D10000_G2/solution/solution-00025 
 26 3.620685942673e+10 1.392571516413e+09 768 7235 3201 20 8 9 9 1.15928536e-09 1.98020243e-09 outputs/V3.3e26_D10000_G2/solution/solution-00026 
 27 3.759943094314e+10 1.392571516413e+09 768 7235 3201 20 8 9 9 1.10069239e-09 1.87952784e-09 outputs/V3.3e26_D10000_G2/solution/solution-00027 
 28 3.899200245955e+10 1.392571516413e+09 768 7235 3201 20 8 9 9 1.04501393e-09 1.78386262e-09 outputs/V3.3e26_D10000_G2/solution/solution-00028 
 29 4.038457397597e+10 1.392571516413e+09 768 7235 3201 20 8 9 9 9.92113736e-10 1.69297969e-09 outputs/V3.3e26_D10000_G2/solution/solution-00029 
 30 4.177714549238e+10 1.392571516413e+09 768 7235 3201 20 8 9 9 9.41860309e-10 1.60665805e-09 outputs/V3.3e26_D10000_G2/solution/solution-00030 
 31 4.316971700879e+10 1.392571516413e+09 768 7235 3201 20 8 9 9 8.94127034e-10 1.52468342e-09 outputs/V3.3e26_D10000_G2/solution/solution-00031 
 32 4.456228852520e+10 1.392571516413e+09 768 7235 3201 19 8 9 9 8.48792269e-10 1.44684879e-09 outputs/V3.3e26_D10000_G2/solution/solution-00032 
 33 4.595486004162e+10 1.392571516413e+09 768 7235 3201 19 8 9 9 8.05739366e-10 1.37295470e-09 outputs/V3.3e26_D10000_G2/solution/solution-00033 
 34 4.734743155803e+10 1.392571516413e+09 768 7235 3201 19 8 9 9 7.64856630e-10 1.30280939e-09 outputs/V3.3e26_D10000_G2/solution/solution-00034 
 35 4.874000307444e+10 1.392571516413e+09 768 7235 3201 19 8 9 9 7.26037249e-10 1.23622893e-09 outputs/V3.3e26_D10000_G2/solution/solution-00035 
 36 5.013257459085e+10 1.392571516413e+09 768 7235 3201 19 8 9 9 6.89179192e-10 1.17303715e-09 outputs/V3.3e26_D10000_G2/solution/solution-00036 
 37 5.152514610727e+10 1.392571516413e+09 768 7235 3201 19 8 9 9 6.54185084e-10 1.11306556e-09 outputs/V3.3e26_D10000_G2/solution/solution-00037 
 38 5.291771762368e+10 1.392571516413e+09 768 7235 3201 19 8 9 9 6.20962068e-10 1.05615323e-09 outputs/V3.3e26_D10000_G2/solution/solution-00038 
 39 5.431028914009e+10 1.392571516413e+09 768 7235 3201 19 8 9 9 5.89421653e-10 1.00214660e-09 outputs/V3.3e26_D10000_G2/solution/solution-00039 
 40 5.570286065650e+10 1.392571516413e+09 768 7235 3201 19 8 9 9 5.59479560e-10 9.50899259e-10 outputs/V3.3e26_D10000_G2/solution/solution-00040 
 41 5.709543217292e+10 1.392571516413e+09 768 7235 3201 19 8 9 9 5.31055558e-10 9.02271757e-10 outputs/V3.3e26_D10000_G2/solution/solution-00041 
 42 5.848800368933e+10 1.392571516413e+09 768 7235 3201 19 8 9 9 5.04073304e-10 8.56131317e-10 outputs/V3.3e26_D10000_G2/solution/solution-00042 
 43 5.988057520574e+10 1.392571516413e+09 768 7235 3201 19 8 9 9 4.78460178e-10 8.12351614e-10 outputs/V3.3e26_D10000_G2/solution/solution-00043 
 44 6.127314672215e+10 1.392571516413e+09 768 7235 3201 19 8 9 9 4.54147124e-10 7.70812508e-10 outputs/V3.3e26_D10000_G2/solution/solution-00044 
 45 6.266571823857e+10 1.392571516413e+09 768 7235 3201 19 8 9 9 4.31068493e-10 7.31399789e-10 outputs/V3.3e26_D10000_G2/solution/solution-00045 
 46 6.405828975498e+10 1.392571516413e+09 768 7235 3201 19 8 9 9 4.09161888e-10 6.94004926e-10 outputs/V3.3e26_D10000_G2/solution/solution-00046 
 47 6.545086127139e+10 1.392571516413e+09 768 7235 3201 19 8 9 9 3.88368013e-10 6.58524810e-10 outputs/V3.3e26_D10000_G2/solution/solution-00047 
 48 6.684343278781e+10 1.392571516413e+09 768 7235 3201 19 8 9 9 3.68630532e-10 6.24861512e-10 outputs/V3.3e26_D10000_G2/solution/solution-00048 
 49 6.823600430422e+10 1.392571516413e+09 768 7235 3201 19 8 9 9 3.49895926e-10 5.92922043e-10 outputs/V3.3e26_D10000_G2/solution/solution-00049 
 50 6.962857582063e+10 1.392571516413e+09 768 7235 3201 19 8 9 9 3.32113358e-10 5.62618118e-10 outputs/V3.3e26_D10000_G2/solution/solution-00050 
 51 7.102114733704e+10 1.392571516413e+09 768 7235 3201 19 8 9 9 3.15234546e-10 5.33865934e-10 outputs/V3.3e26_D10000_G2/solution/solution-00051 
 52 7.241371885346e+10 1.392571516413e+09 768 7235 3201 19 8 9 9 2.99213638e-10 5.06585951e-10 outputs/V3.3e26_D10000_G2/solution/solution-00052 
 53 7.380629036987e+10 1.392571516413e+09 768 7235 3201 19 8 9 9 2.84007092e-10 4.80702685e-10 outputs/V3.3e26_D10000_G2/solution/solution-00053 
 54 7.519886188628e+10 1.392571516413e+09 768 7235 3201 19 8 9 9 2.69573563e-10 4.56144509e-10 outputs/V3.3e26_D10000_G2/solution/solution-00054 
 55 7.659143340269e+10 1.392571516413e+09 768 7235 3201 19 8 9 9 2.55873795e-10 4.32843457e-10 outputs/V3.3e26_D10000_G2/solution/solution-00055 
 56 7.798400491911e+10 1.392571516413e+09 768 7235 3201 19 8 9 9 2.42870517e-10 4.10735046e-10 outputs/V3.3e26_D10000_G2/solution/solution-00056 
 57 7.937657643552e+10 1.392571516413e+09 768 7235 3201 19 8 9 9 2.30528343e-10 3.89758095e-10 outputs/V3.3e26_D10000_G2/solution/solution-00057 
 58 8.076914795193e+10 1.392571516413e+09 768 7235 3201 19 8 9 9 2.18813682e-10 3.69854566e-10 outputs/V3.3e26_D10000_G2/solution/solution-00058 
 59 8.216171946834e+10 1.392571516413e+09 768 7235 3201 19 8 9 9 2.07694642e-10 3.50969397e-10 outputs/V3.3e26_D10000_G2/solution/solution-00059 
 60 8.355429098476e+10 1.392571516413e+09 768 7235 3201 19 8 9 9 1.97140948e-10 3.33050354e-10 outputs/V3.3e26_D10000_G2/solution/solution-00060 
 61 8.494686250117e+10 1.392571516413e+09 768 7235 3201 19 8 9 9 1.87123863e-10 3.16047890e-10 outputs/V3.3e26_D10000_G2/solution/solution-00061 
 62 8.633943401758e+10 1.392571516413e+09 768 7235 3201 19 8 9 9 1.77616107e-10 2.99915000e-10 outputs/V3.3e26_D10000_G2/solution/solution-00062 
 63 8.773200553399e+10 1.392571516413e+09 768 7235 3201 19 8 9 9 1.68591784e-10 2.84607098e-10 outputs/V3.3e26_D10000_G2/solution/solution-00063 
 64 8.912457705041e+10 1.392571516413e+09 768 7235 3201 19 8 9 9 1.60026313e-10 2.70081889e-10 outputs/V3.3e26_D10000_G2/solution/solution-00064 
 65 9.051714856682e+10 1.392571516413e+09 768 7235 3201 19 8 9 9 1.51896363e-10 2.56299252e-10 outputs/V3.3e26_D10000_G2/solution/solution-00065 
 66 9.190972008323e+10 1.392571516413e+09 768 7235 3201 19 8 9 9 1.44179786e-10 2.43221129e-10 outputs/V3.3e26_D10000_G2/solution/solution-00066 
 67 9.330229159964e+10 1.392571516413e+09 768 7235 3201 19 8 9 9 1.36855562e-10 2.30811420e-10 outputs/V3.3e26_D10000_G2/solution/solution-00067 
 68 9.469486311606e+10 1.392571516413e+09 768 7235 3201 19 8 9 9 1.29903736e-10 2.19035879e-10 outputs/V3.3e26_D10000_G2/solution/solution-00068 
 69 9.608743463247e+10 1.392571516413e+09 768 7235 3201 19 8 9 9 1.23305370e-10 2.07862019e-10 outputs/V3.3e26_D10000_G2/solution/solution-00069 
 70 9.748000614888e+10 1.392571516413e+09 768 7235 3201 18 8 9 9 1.17042486e-10 1.97259025e-10 outputs/V3.3e26_D10000_G2/solution/solution-00070 
 71 9.887257766530e+10 1.392571516413e+09 768 7235 3201 18 8 9 9 1.11098023e-10 1.87197664e-10 outputs/V3.3e26_D10000_G2/solution/solution-00071 
 72 1.002651491817e+11 1.392571516413e+09 768 7235 3201 18 8 9 9 1.05455786e-10 1.77650206e-10 outputs/V3.3e26_D10000_G2/solution/solution-00072 
 73 1.016577206981e+11 1.392571516413e+09 768 7235 3201 18 8 9 9 1.00100403e-10 1.68590345e-10 outputs/V3.3e26_D10000_G2/solution/solution-00073 
 74 1.030502922145e+11 1.392571516413e+09 768 7235 3201 18 8 9 9 9.50172840e-11 1.59993125e-10 outputs/V3.3e26_D10000_G2/solution/solution-00074 
 75 1.044428637309e+11 1.392571516413e+09 768 7235 3201 18 8 9 9 9.01925822e-11 1.51834873e-10 outputs/V3.3e26_D10000_G2/solution/solution-00075 
 76 1.058354352474e+11 1.392571516413e+09 768 7235 3201 18 8 9 9 8.56131535e-11 1.44093130e-10 outputs/V3.3e26_D10000_G2/solution/solution-00076 
 77 1.072280067638e+11 1.392571516413e+09 768 7235 3201 18 8 9 9 8.12665228e-11 1.36746589e-10 outputs/V3.3e26_D10000_G2/solution/solution-00077 
 78 1.086205782802e+11 1.392571516413e+09 768 7235 3201 18 8 9 9 7.71408495e-11 1.29775037e-10 outputs/V3.3e26_D10000_G2/solution/solution-00078 
 79 1.100131497966e+11 1.392571516413e+09 768 7235 3201 18 8 9 9 7.32248953e-11 1.23159298e-10 outputs/V3.3e26_D10000_G2/solution/solution-00079 
 80 1.114057213130e+11 1.392571516413e+09 768 7235 3201 18 8 9 9 6.95079935e-11 1.16881180e-10 outputs/V3.3e26_D10000_G2/solution/solution-00080 
 81 1.127982928294e+11 1.392571516413e+09 768 7235 3201 18 8 9 9 6.59800199e-11 1.10923423e-10 outputs/V3.3e26_D10000_G2/solution/solution-00081 
 82 1.141908643458e+11 1.392571516413e+09 768 7235 3201 18 8 9 9 6.26313657e-11 1.05269651e-10 outputs/V3.3e26_D10000_G2/solution/solution-00082 
 83 1.155834358622e+11 1.392571516413e+09 768 7235 3201 18 8 9 9 5.94529102e-11 9.99043286e-11 outputs/V3.3e26_D10000_G2/solution/solution-00083 
 84 1.169760073787e+11 1.392571516413e+09 768 7235 3201 18 8 9 9 5.64359974e-11 9.48127163e-11 outputs/V3.3e26_D10000_G2/solution/solution-00084 
 85 1.183685788951e+11 1.392571516413e+09 768 7235 3201 18 8 9 9 5.35724113e-11 8.99808296e-11 outputs/V3.3e26_D10000_G2/solution/solution-00085 
 86 1.197611504115e+11 1.392571516413e+09 768 7235 3201 18 8 9 9 5.08543537e-11 8.53953998e-11 outputs/V3.3e26_D10000_G2/solution/solution-00086 
 87 1.211537219279e+11 1.392571516413e+09 768 7235 3201 18 8 9 9 4.82744234e-11 8.10438382e-11 outputs/V3.3e26_D10000_G2/solution/solution-00087 
 88 1.225462934443e+11 1.392571516413e+09 768 7235 3201 18 8 9 9 4.58255955e-11 7.69142003e-11 outputs/V3.3e26_D10000_G2/solution/solution-00088 
 89 1.239388649607e+11 1.392571516413e+09 768 7235 3201 18 8 9 9 4.35012027e-11 7.29951534e-11 outputs/V3.3e26_D10000_G2/solution/solution-00089 
 90 1.253314364771e+11 1.392571516413e+09 768 7235 3201 18 8 9 9 4.12949167e-11 6.92759444e-11 outputs/V3.3e26_D10000_G2/solution/solution-00090 
 91 1.267240079935e+11 1.392571516413e+09 768 7235 3201 18 8 9 9 3.92007312e-11 6.57463706e-11 outputs/V3.3e26_D10000_G2/solution/solution-00091 
 92 1.281165795100e+11 1.392571516413e+09 768 7235 3201 18 8 9 9 3.72129455e-11 6.23967513e-11 outputs/V3.3e26_D10000_G2/solution/solution-00092 
 93 1.295091510264e+11 1.392571516413e+09 768 7235 3201 18 8 9 9 3.53261488e-11 5.92179009e-11 outputs/V3.3e26_D10000_G2/solution/solution-00093 
 94 1.309017225428e+11 1.392571516413e+09 768 7235 3201 18 8 9 9 3.35352056e-11 5.62011034e-11 outputs/V3.3e26_D10000_G2/solution/solution-00094 
 95 1.322942940592e+11 1.392571516413e+09 768 7235 3201 18 8 9 9 3.18352417e-11 5.33380891e-11 outputs/V3.3e26_D10000_G2/solution/solution-00095 
 96 1.336868655756e+11 1.392571516413e+09 768 7235 3201 18 8 9 9 3.02216311e-11 5.06210104e-11 outputs/V3.3e26_D10000_G2/solution/solution-00096 
 97 1.350794370920e+11 1.392571516413e+09 768 7235 3201 18 8 9 9 2.86899825e-11 4.80424211e-11 outputs/V3.3e26_D10000_G2/solution/solution-00097 
 98 1.364720086084e+11 1.392571516413e+09 768 7235 3201 18 8 9 9 2.72361285e-11 4.55952553e-11 outputs/V3.3e26_D10000_G2/solution/solution-00098 
 99 1.378645801248e+11 1.392571516413e+09 768 7235 3201 18 8 9 9 2.58561136e-11 4.32728089e-11 outputs/V3.3e26_D10000_G2/solution/solution-00099 
100 1.392571516413e+11 1.392571516413e+09 768 7235 3201 17 8 9 9 2.45461827e-11 4.10687180e-11 outputs/V3.3e26_D10000_G2/solution/solution-00100 
