# 1: Time step number
# 2: Time (years)
# 3: Time step size (years)
# 4: Number of mesh cells
# 5: Number of Stokes degrees of freedom
# 6: Number of temperature degrees of freedom
# 7: Iterations for temperature solver
# 8: Iterations for Stokes solver
# 9: Velocity iterations in Stokes preconditioner
# 10: Schur complement iterations in Stokes preconditioner
# 11: RMS velocity (m/year)
# 12: Max. velocity (m/year)
# 13: Visualization file name
  0 0.000000000000e+00 0.000000000000e+00 768 7235 3201  0 8 9 9 1.60611611e-07 2.84981029e-07 outputs/V3.3e25_D30_G8/solution/solution-00000 
  1 1.392571516413e+09 1.392571516413e+09 768 7235 3201 32 8 9 9 1.53812788e-07 2.60644149e-07 outputs/V3.3e25_D30_G8/solution/solution-00001 
  2 2.785143032825e+09 1.392571516413e+09 768 7235 3201 25 8 9 9 1.48415520e-07 2.53051893e-07 outputs/V3.3e25_D30_G8/solution/solution-00002 
  3 4.177714549238e+09 1.392571516413e+09 768 7235 3201 24 8 9 9 1.44362450e-07 2.47868110e-07 outputs/V3.3e25_D30_G8/solution/solution-00003 
  4 5.570286065650e+09 1.392571516413e+09 768 7235 3201 23 8 9 9 1.41456192e-07 2.44585947e-07 outputs/V3.3e25_D30_G8/solution/solution-00004 
  5 6.962857582063e+09 1.392571516413e+09 768 7235 3201 23 8 9 9 1.39541540e-07 2.42835194e-07 outputs/V3.3e25_D30_G8/solution/solution-00005 
  6 8.355429098476e+09 1.392571516413e+09 768 7235 3201 22 8 9 9 1.38465379e-07 2.42309041e-07 outputs/V3.3e25_D30_G8/solution/solution-00006 
  7 9.748000614888e+09 1.392571516413e+09 768 7235 3201 21 8 9 9 1.38096416e-07 2.42774655e-07 outputs/V3.3e25_D30_G8/solution/solution-00007 
  8 1.114057213130e+10 1.392571516413e+09 768 7235 3201 21 8 9 9 1.38326711e-07 2.44059212e-07 outputs/V3.3e25_D30_G8/solution/solution-00008 
  9 1.253314364771e+10 1.392571516413e+09 768 7235 3201 21 8 9 9 1.39068954e-07 2.46034195e-07 outputs/V3.3e25_D30_G8/solution/solution-00009 
 10 1.392571516413e+10 1.392571516413e+09 768 7235 3201 20 8 9 9 1.40252873e-07 2.48602978e-07 outputs/V3.3e25_D30_G8/solution/solution-00010 
 11 1.531828668054e+10 1.392571516413e+09 768 7235 3201 20 8 9 9 1.41821895e-07 2.51691906e-07 outputs/V3.3e25_D30_G8/solution/solution-00011 
 12 1.671085819695e+10 1.392571516413e+09 768 7235 3201 20 8 9 9 1.43730348e-07 2.55244060e-07 outputs/V3.3e25_D30_G8/solution/solution-00012 
 13 1.810342971336e+10 1.392571516413e+09 768 7235 3201 20 8 9 9 1.45941230e-07 2.59214897e-07 outputs/V3.3e25_D30_G8/solution/solution-00013 
 14 1.949600122978e+10 1.392571516413e+09 768 7235 3201 20 8 9 9 1.48424454e-07 2.63569175e-07 outputs/V3.3e25_D30_G8/solution/solution-00014 
 15 2.088857274619e+10 1.392571516413e+09 768 7235 3201 20 8 9 9 1.51155479e-07 2.68278763e-07 outputs/V3.3e25_D30_G8/solution/solution-00015 
 16 2.228114426260e+10 1.392571516413e+09 768 7235 3201 19 8 9 9 1.54114244e-07 2.73321056e-07 outputs/V3.3e25_D30_G8/solution/solution-00016 
 17 2.367371577901e+10 1.392571516413e+09 768 7235 3201 19 8 9 9 1.57284334e-07 2.78677811e-07 outputs/V3.3e25_D30_G8/solution/solution-00017 
 18 2.506628729543e+10 1.392571516413e+09 768 7235 3201 19 8 9 9 1.60652322e-07 2.84334284e-07 outputs/V3.3e25_D30_G8/solution/solution-00018 
 19 2.645885881184e+10 1.392571516413e+09 768 7235 3201 19 8 9 9 1.64207259e-07 2.90278584e-07 outputs/V3.3e25_D30_G8/solution/solution-00019 
 20 2.785143032825e+10 1.392571516413e+09 768 7235 3201 19 8 9 9 1.67940257e-07 2.96501178e-07 outputs/V3.3e25_D30_G8/solution/solution-00020 
 21 2.924400184466e+10 1.392571516413e+09 768 7235 3201 19 8 9 9 1.71844161e-07 3.02994512e-07 outputs/V3.3e25_D30_G8/solution/solution-00021 
 22 3.063657336108e+10 1.392571516413e+09 768 7235 3201 19 8 9 9 1.75913284e-07 3.09752709e-07 outputs/V3.3e25_D30_G8/solution/solution-00022 
 23 3.202914487749e+10 1.392571516413e+09 768 7235 3201 19 8 9 9 1.80143193e-07 3.16771344e-07 outputs/V3.3e25_D30_G8/solution/solution-00023 
 24 3.342171639390e+10 1.392571516413e+09 768 7235 3201 19 8 9 9 1.84530529e-07 3.24047247e-07 outputs/V3.3e25_D30_G8/solution/solution-00024 
 25 3.481428791032e+10 1.392571516413e+09 768 7235 3201 19 8 9 9 1.89072860e-07 3.31578352e-07 outputs/V3.3e25_D30_G8/solution/solution-00025 
 26 3.620685942673e+10 1.392571516413e+09 768 7235 3201 18 8 9 9 1.93768564e-07 3.39363577e-07 outputs/V3.3e25_D30_G8/solution/solution-00026 
 27 3.759943094314e+10 1.392571516413e+09 768 7235 3201 18 8 9 9 1.98616723e-07 3.47402712e-07 outputs/V3.3e25_D30_G8/solution/solution-00027 
 28 3.899200245955e+10 1.392571516413e+09 768 7235 3201 18 8 9 9 2.03617044e-07 3.55696338e-07 outputs/V3.3e25_D30_G8/solution/solution-00028 
 29 4.038457397597e+10 1.392571516413e+09 768 7235 3201 18 8 9 9 2.08769779e-07 3.64245747e-07 outputs/V3.3e25_D30_G8/solution/solution-00029 
 30 4.177714549238e+10 1.392571516413e+09 768 7235 3201 18 8 9 9 2.14075672e-07 3.73052884e-07 outputs/V3.3e25_D30_G8/solution/solution-00030 
 31 4.316971700879e+10 1.392571516413e+09 768 7235 3201 18 8 9 9 2.19535904e-07 3.82120287e-07 outputs/V3.3e25_D30_G8/solution/solution-00031 
 32 4.456228852520e+10 1.392571516413e+09 768 7235 3201 18 8 9 9 2.25152051e-07 3.91451046e-07 outputs/V3.3e25_D30_G8/solution/solution-00032 
 33 4.595486004162e+10 1.392571516413e+09 768 7235 3201 18 8 9 9 2.30926043e-07 4.01048755e-07 outputs/V3.3e25_D30_G8/solution/solution-00033 
 34 4.734743155803e+10 1.392571516413e+09 768 7235 3201 18 8 9 9 2.36860137e-07 4.10917482e-07 outputs/V3.3e25_D30_G8/solution/solution-00034 
 35 4.874000307444e+10 1.392571516413e+09 768 7235 3201 18 8 9 9 2.42956886e-07 4.21061738e-07 outputs/V3.3e25_D30_G8/solution/solution-00035 
 36 5.013257459085e+10 1.392571516413e+09 768 7235 3201 18 8 9 9 2.49219120e-07 4.31486444e-07 outputs/V3.3e25_D30_G8/solution/solution-00036 
 37 5.152514610727e+10 1.392571516413e+09 768 7235 3201 18 8 9 9 2.55649921e-07 4.42196917e-07 outputs/V3.3e25_D30_G8/solution/solution-00037 
 38 5.291771762368e+10 1.392571516413e+09 768 7235 3201 18 8 9 9 2.62252611e-07 4.53198840e-07 outputs/V3.3e25_D30_G8/solution/solution-00038 
 39 5.431028914009e+10 1.392571516413e+09 768 7235 3201 18 8 9 9 2.69030735e-07 4.64498255e-07 outputs/V3.3e25_D30_G8/solution/solution-00039 
 40 5.570286065650e+10 1.392571516413e+09 768 7235 3201 18 8 9 9 2.75988052e-07 4.76101538e-07 outputs/V3.3e25_D30_G8/solution/solution-00040 
 41 5.709543217292e+10 1.392571516413e+09 768 7235 3201 18 8 9 9 2.83128521e-07 4.88015395e-07 outputs/V3.3e25_D30_G8/solution/solution-00041 
 42 5.848800368933e+10 1.392571516413e+09 768 7235 3201 18 8 9 9 2.90456296e-07 5.00246845e-07 outputs/V3.3e25_D30_G8/solution/solution-00042 
 43 5.988057520574e+10 1.392571516413e+09 768 7235 3201 18 8 9 9 2.97975719e-07 5.12803217e-07 outputs/V3.3e25_D30_G8/solution/solution-00043 
 44 6.127314672215e+10 1.392571516413e+09 768 7235 3201 18 7 8 8 3.05691313e-07 5.25692138e-07 outputs/V3.3e25_D30_G8/solution/solution-00044 
 45 6.266571823857e+10 1.392571516413e+09 768 7235 3201 17 7 8 8 3.13607778e-07 5.38921531e-07 outputs/V3.3e25_D30_G8/solution/solution-00045 
 46 6.405828975498e+10 1.392571516413e+09 768 7235 3201 17 7 8 8 3.21729989e-07 5.52499608e-07 outputs/V3.3e25_D30_G8/solution/solution-00046 
 47 6.545086127139e+10 1.392571516413e+09 768 7235 3201 17 7 8 8 3.30062994e-07 5.66434871e-07 outputs/V3.3e25_D30_G8/solution/solution-00047 
 48 6.684343278781e+10 1.392571516413e+09 768 7235 3201 17 7 8 8 3.38612010e-07 5.80736104e-07 outputs/V3.3e25_D30_G8/solution/solution-00048 
 49 6.823600430422e+10 1.392571516413e+09 768 7235 3201 17 7 8 8 3.47382424e-07 5.95412380e-07 outputs/V3.3e25_D30_G8/solution/solution-00049 
 50 6.962857582063e+10 1.392571516413e+09 768 7235 3201 17 7 8 8 3.56379791e-07 6.10473053e-07 outputs/V3.3e25_D30_G8/solution/solution-00050 
 51 7.102114733704e+10 1.392571516413e+09 768 7235 3201 17 7 8 8 3.65609838e-07 6.25927767e-07 outputs/V3.3e25_D30_G8/solution/solution-00051 
 52 7.241371885346e+10 1.392571516413e+09 768 7235 3201 17 7 8 8 3.75078462e-07 6.41786451e-07 outputs/V3.3e25_D30_G8/solution/solution-00052 
 53 7.380629036987e+10 1.392571516413e+09 768 7235 3201 17 7 8 8 3.84791731e-07 6.58059325e-07 outputs/V3.3e25_D30_G8/solution/solution-00053 
 54 7.519886188628e+10 1.392571516413e+09 768 7235 3201 17 7 8 8 3.94755887e-07 6.74756903e-07 outputs/V3.3e25_D30_G8/solution/solution-00054 
 55 7.659143340269e+10 1.392571516413e+09 768 7235 3201 17 7 8 8 4.04977349e-07 6.91889994e-07 outputs/V3.3e25_D30_G8/solution/solution-00055 
 56 7.798400491911e+10 1.392571516413e+09 768 7235 3201 17 7 8 8 4.15462713e-07 7.09469711e-07 outputs/V3.3e25_D30_G8/solution/solution-00056 
 57 7.937657643552e+10 1.392571516413e+09 768 7235 3201 17 7 8 8 4.26218757e-07 7.27507471e-07 outputs/V3.3e25_D30_G8/solution/solution-00057 
 58 8.076914795193e+10 1.392571516413e+09 768 7235 3201 17 7 8 8 4.37252443e-07 7.46015003e-07 outputs/V3.3e25_D30_G8/solution/solution-00058 
 59 8.216171946834e+10 1.392571516413e+09 768 7235 3201 17 7 8 8 4.48570922e-07 7.65004354e-07 outputs/V3.3e25_D30_G8/solution/solution-00059 
 60 8.355429098476e+10 1.392571516413e+09 768 7235 3201 17 7 8 8 4.60181533e-07 7.84487894e-07 outputs/V3.3e25_D30_G8/solution/solution-00060 
 61 8.494686250117e+10 1.392571516413e+09 768 7235 3201 17 7 8 8 4.72091815e-07 8.04478321e-07 outputs/V3.3e25_D30_G8/solution/solution-00061 
 62 8.633943401758e+10 1.392571516413e+09 768 7235 3201 17 7 8 8 4.84309503e-07 8.24988673e-07 outputs/V3.3e25_D30_G8/solution/solution-00062 
 63 8.773200553399e+10 1.392571516413e+09 768 7235 3201 17 7 8 8 4.96842538e-07 8.46032330e-07 outputs/V3.3e25_D30_G8/solution/solution-00063 
 64 8.912457705041e+10 1.392571516413e+09 768 7235 3201 17 7 8 8 5.09699067e-07 8.67623025e-07 outputs/V3.3e25_D30_G8/solution/solution-00064 
 65 9.051714856682e+10 1.392571516413e+09 768 7235 3201 17 7 8 8 5.22887452e-07 8.89774851e-07 outputs/V3.3e25_D30_G8/solution/solution-00065 
 66 9.190972008323e+10 1.392571516413e+09 768 7235 3201 17 7 8 8 5.36416274e-07 9.12502268e-07 outputs/V3.3e25_D30_G8/solution/solution-00066 
 67 9.330229159964e+10 1.392571516413e+09 768 7235 3201 17 7 8 8 5.50294336e-07 9.35820116e-07 outputs/V3.3e25_D30_G8/solution/solution-00067 
 68 9.469486311606e+10 1.392571516413e+09 768 7235 3201 17 7 8 8 5.64530670e-07 9.59743617e-07 outputs/V3.3e25_D30_G8/solution/solution-00068 
 69 9.608743463247e+10 1.392571516413e+09 768 7235 3201 17 7 8 8 5.79134541e-07 9.84288393e-07 outputs/V3.3e25_D30_G8/solution/solution-00069 
 70 9.748000614888e+10 1.392571516413e+09 768 7235 3201 17 7 8 8 5.94115458e-07 1.00947047e-06 outputs/V3.3e25_D30_G8/solution/solution-00070 
 71 9.887257766530e+10 1.392571516413e+09 768 7235 3201 17 7 8 8 6.09483171e-07 1.03530628e-06 outputs/V3.3e25_D30_G8/solution/solution-00071 
 72 1.002651491817e+11 1.392571516413e+09 768 7235 3201 16 7 8 8 6.25247687e-07 1.06181271e-06 outputs/V3.3e25_D30_G8/solution/solution-00072 
 73 1.016577206981e+11 1.392571516413e+09 768 7235 3201 16 6 7 7 6.41419268e-07 1.08900704e-06 outputs/V3.3e25_D30_G8/solution/solution-00073 
 74 1.030502922145e+11 1.392571516413e+09 768 7235 3201 16 6 7 7 6.58008442e-07 1.11690702e-06 outputs/V3.3e25_D30_G8/solution/solution-00074 
 75 1.044428637309e+11 1.392571516413e+09 768 7235 3201 16 6 7 7 6.75026008e-07 1.14553088e-06 outputs/V3.3e25_D30_G8/solution/solution-00075 
 76 1.058354352474e+11 1.392571516413e+09 768 7235 3201 16 6 7 7 6.92483046e-07 1.17489727e-06 outputs/V3.3e25_D30_G8/solution/solution-00076 
 77 1.072280067638e+11 1.392571516413e+09 768 7235 3201 16 6 7 7 7.10390918e-07 1.20502537e-06 outputs/V3.3e25_D30_G8/solution/solution-00077 
 78 1.086205782802e+11 1.392571516413e+09 768 7235 3201 16 6 7 7 7.28761281e-07 1.23593482e-06 outputs/V3.3e25_D30_G8/solution/solution-00078 
 79 1.100131497966e+11 1.392571516413e+09 768 7235 3201 16 6 7 7 7.47606091e-07 1.26764579e-06 outputs/V3.3e25_D30_G8/solution/solution-00079 
 80 1.114057213130e+11 1.392571516413e+09 768 7235 3201 16 6 7 7 7.66937614e-07 1.30017896e-06 outputs/V3.3e25_D30_G8/solution/solution-00080 
 81 1.127982928294e+11 1.392571516413e+09 768 7235 3201 16 6 7 7 7.86768428e-07 1.33355553e-06 outputs/V3.3e25_D30_G8/solution/solution-00081 
 82 1.141908643458e+11 1.392571516413e+09 768 7235 3201 16 6 7 7 8.07111439e-07 1.36779727e-06 outputs/V3.3e25_D30_G8/solution/solution-00082 
 83 1.155834358622e+11 1.392571516413e+09 768 7235 3201 16 6 7 7 8.27979881e-07 1.40292649e-06 outputs/V3.3e25_D30_G8/solution/solution-00083 
 84 1.169760073787e+11 1.392571516413e+09 768 7235 3201 16 6 7 7 8.49387331e-07 1.43896609e-06 outputs/V3.3e25_D30_G8/solution/solution-00084 
 85 1.183685788951e+11 1.392571516413e+09 768 7235 3201 16 6 7 7 8.71347714e-07 1.47593956e-06 outputs/V3.3e25_D30_G8/solution/solution-00085 
 86 1.197611504115e+11 1.392571516413e+09 768 7235 3201 16 6 7 7 8.93875314e-07 1.51387097e-06 outputs/V3.3e25_D30_G8/solution/solution-00086 
 87 1.211537219279e+11 1.392571516413e+09 768 7235 3201 16 6 7 7 9.16984781e-07 1.55278503e-06 outputs/V3.3e25_D30_G8/solution/solution-00087 
 88 1.225462934443e+11 1.392571516413e+09 768 7235 3201 16 6 7 7 9.40691141e-07 1.59270708e-06 outputs/V3.3e25_D30_G8/solution/solution-00088 
 89 1.239388649607e+11 1.392571516413e+09 768 7235 3201 16 6 7 7 9.65009809e-07 1.63366313e-06 outputs/V3.3e25_D30_G8/solution/solution-00089 
 90 1.253314364771e+11 1.392571516413e+09 768 7235 3201 16 6 7 7 9.89956592e-07 1.67567982e-06 outputs/V3.3e25_D30_G8/solution/solution-00090 
 91 1.267240079935e+11 1.392571516413e+09 768 7235 3201 16 6 7 7 1.01554771e-06 1.71878450e-06 outputs/V3.3e25_D30_G8/solution/solution-00091 
 92 1.281165795100e+11 1.392571516413e+09 768 7235 3201 16 6 7 7 1.04179978e-06 1.76300523e-06 outputs/V3.3e25_D30_G8/solution/solution-00092 
 93 1.295091510264e+11 1.392571516413e+09 768 7235 3201 16 6 7 7 1.06872987e-06 1.80837076e-06 outputs/V3.3e25_D30_G8/solution/solution-00093 
 94 1.309017225428e+11 1.392571516413e+09 768 7235 3201 16 6 7 7 1.09635548e-06 1.85491062e-06 outputs/V3.3e25_D30_G8/solution/solution-00094 
 95 1.322942940592e+11 1.392571516413e+09 768 7235 3201 16 6 7 7 1.12469455e-06 1.90265505e-06 outputs/V3.3e25_D30_G8/solution/solution-00095 
 96 1.336868655756e+11 1.392571516413e+09 768 7235 3201 16 6 7 7 1.15376548e-06 1.95163510e-06 outputs/V3.3e25_D30_G8/solution/solution-00096 
 97 1.350794370920e+11 1.392571516413e+09 768 7235 3201 16 6 7 7 1.18358715e-06 2.00188260e-06 outputs/V3.3e25_D30_G8/solution/solution-00097 
 98 1.364720086084e+11 1.392571516413e+09 768 7235 3201 16 6 7 7 1.21417891e-06 2.05343022e-06 outputs/V3.3e25_D30_G8/solution/solution-00098 
 99 1.378645801248e+11 1.392571516413e+09 768 7235 3201 16 6 7 7 1.24556063e-06 2.10631143e-06 outputs/V3.3e25_D30_G8/solution/solution-00099 
100 1.392571516413e+11 1.392571516413e+09 768 7235 3201 16 6 7 7 1.27775266e-06 2.16056059e-06 outputs/V3.3e25_D30_G8/solution/solution-00100 
