# 1: Time step number
# 2: Time (years)
# 3: Time step size (years)
# 4: Number of mesh cells
# 5: Number of Stokes degrees of freedom
# 6: Number of temperature degrees of freedom
# 7: Iterations for temperature solver
# 8: Iterations for Stokes solver
# 9: Velocity iterations in Stokes preconditioner
# 10: Schur complement iterations in Stokes preconditioner
# 11: RMS velocity (m/year)
# 12: Max. velocity (m/year)
# 13: Visualization file name
  0 0.000000000000e+00 0.000000000000e+00 768 7235 3201  0 8 9 9 1.60297055e-08 2.75453337e-08 outputs/V3.3e26_D300_G8/solution/solution-00000 
  1 1.392571516413e+09 1.392571516413e+09 768 7235 3201 31 8 9 9 1.52287037e-08 2.56885449e-08 outputs/V3.3e26_D300_G8/solution/solution-00001 
  2 2.785143032825e+09 1.392571516413e+09 768 7235 3201 25 8 9 9 1.44777001e-08 2.44433502e-08 outputs/V3.3e26_D300_G8/solution/solution-00002 
  3 4.177714549238e+09 1.392571516413e+09 768 7235 3201 24 8 9 9 1.37720759e-08 2.32649496e-08 outputs/V3.3e26_D300_G8/solution/solution-00003 
  4 5.570286065650e+09 1.392571516413e+09 768 7235 3201 23 8 9 9 1.31063144e-08 2.21527434e-08 outputs/V3.3e26_D300_G8/solution/solution-00004 
  5 6.962857582063e+09 1.392571516413e+09 768 7235 3201 22 8 9 9 1.24781720e-08 2.11023250e-08 outputs/V3.3e26_D300_G8/solution/solution-00005 
  6 8.355429098476e+09 1.392571516413e+09 768 7235 3201 22 8 9 9 1.18848673e-08 2.01088054e-08 outputs/V3.3e26_D300_G8/solution/solution-00006 
  7 9.748000614888e+09 1.392571516413e+09 768 7235 3201 21 8 9 9 1.13237428e-08 1.91677048e-08 outputs/V3.3e26_D300_G8/solution/solution-00007 
  8 1.114057213130e+10 1.392571516413e+09 768 7235 3201 21 8 9 9 1.07923878e-08 1.82751016e-08 outputs/V3.3e26_D300_G8/solution/solution-00008 
  9 1.253314364771e+10 1.392571516413e+09 768 7235 3201 20 8 9 9 1.02886525e-08 1.74275821e-08 outputs/V3.3e26_D300_G8/solution/solution-00009 
 10 1.392571516413e+10 1.392571516413e+09 768 7235 3201 20 8 9 9 9.81062450e-09 1.66221543e-08 outputs/V3.3e26_D300_G8/solution/solution-00010 
 11 1.531828668054e+10 1.392571516413e+09 768 7235 3201 20 8 9 9 9.35659894e-09 1.58561687e-08 outputs/V3.3e26_D300_G8/solution/solution-00011 
 12 1.671085819695e+10 1.392571516413e+09 768 7235 3201 20 8 9 9 8.92504790e-09 1.51272546e-08 outputs/V3.3e26_D300_G8/solution/solution-00012 
 13 1.810342971336e+10 1.392571516413e+09 768 7235 3201 20 8 9 9 8.51459459e-09 1.44332716e-08 outputs/V3.3e26_D300_G8/solution/solution-00013 
 14 1.949600122978e+10 1.392571516413e+09 768 7235 3201 19 8 9 9 8.12399137e-09 1.37722714e-08 outputs/V3.3e26_D300_G8/solution/solution-00014 
 15 2.088857274619e+10 1.392571516413e+09 768 7235 3201 19 8 9 9 7.75210144e-09 1.31424681e-08 outputs/V3.3e26_D300_G8/solution/solution-00015 
 16 2.228114426260e+10 1.392571516413e+09 768 7235 3201 19 8 9 9 7.39788376e-09 1.25422151e-08 outputs/V3.3e26_D300_G8/solution/solution-00016 
 17 2.367371577901e+10 1.392571516413e+09 768 7235 3201 19 8 9 9 7.06038045e-09 1.19699863e-08 outputs/V3.3e26_D300_G8/solution/solution-00017 
 18 2.506628729543e+10 1.392571516413e+09 768 7235 3201 19 8 9 9 6.73870630e-09 1.14243615e-08 outputs/V3.3e26_D300_G8/solution/solution-00018 
 19 2.645885881184e+10 1.392571516413e+09 768 7235 3201 19 8 9 9 6.43204006e-09 1.09040138e-08 outputs/V3.3e26_D300_G8/solution/solution-00019 
 20 2.785143032825e+10 1.392571516413e+09 768 7235 3201 19 8 9 9 6.13961714e-09 1.04076997e-08 outputs/V3.3e26_D300_G8/solution/solution-00020 
 21 2.924400184466e+10 1.392571516413e+09 768 7235 3201 19 8 9 9 5.86072337e-09 9.93425049e-09 outputs/V3.3e26_D300_G8/solution/solution-00021 
 22 3.063657336108e+10 1.392571516413e+09 768 7235 3201 18 8 9 9 5.59468986e-09 9.48256549e-09 outputs/V3.3e26_D300_G8/solution/solution-00022 
 23 3.202914487749e+10 1.392571516413e+09 768 7235 3201 18 8 9 9 5.34088850e-09 9.05160581e-09 outputs/V3.3e26_D300_G8/solution/solution-00023 
 24 3.342171639390e+10 1.392571516413e+09 768 7235 3201 18 8 9 9 5.09872820e-09 8.64038927e-09 outputs/V3.3e26_D300_G8/solution/solution-00024 
 25 3.481428791032e+10 1.392571516413e+09 768 7235 3201 18 8 9 9 4.86765163e-09 8.24798602e-09 outputs/V3.3e26_D300_G8/solution/solution-00025 
 26 3.620685942673e+10 1.392571516413e+09 768 7235 3201 18 8 9 9 4.64713236e-09 7.87351463e-09 outputs/V3.3e26_D300_G8/solution/solution-00026 
 27 3.759943094314e+10 1.392571516413e+09 768 7235 3201 18 8 9 9 4.43667247e-09 7.51613870e-09 outputs/V3.3e26_D300_G8/solution/solution-00027 
 28 3.899200245955e+10 1.392571516413e+09 768 7235 3201 18 8 9 9 4.23580034e-09 7.17506387e-09 outputs/V3.3e26_D300_G8/solution/solution-00028 
 29 4.038457397597e+10 1.392571516413e+09 768 7235 3201 18 8 9 9 4.04406880e-09 6.84953512e-09 outputs/V3.3e26_D300_G8/solution/solution-00029 
 30 4.177714549238e+10 1.392571516413e+09 768 7235 3201 18 8 9 9 3.86105342e-09 6.53883439e-09 outputs/V3.3e26_D300_G8/solution/solution-00030 
 31 4.316971700879e+10 1.392571516413e+09 768 7235 3201 18 8 9 9 3.68635105e-09 6.24227838e-09 outputs/V3.3e26_D300_G8/solution/solution-00031 
 32 4.456228852520e+10 1.392571516413e+09 768 7235 3201 18 8 9 9 3.51957843e-09 5.95921659e-09 outputs/V3.3e26_D300_G8/solution/solution-00032 
 33 4.595486004162e+10 1.392571516413e+09 768 7235 3201 18 8 9 9 3.36037102e-09 5.68902948e-09 outputs/V3.3e26_D300_G8/solution/solution-00033 
 34 4.734743155803e+10 1.392571516413e+09 768 7235 3201 18 8 9 9 3.20838189e-09 5.43112683e-09 outputs/V3.3e26_D300_G8/solution/solution-00034 
 35 4.874000307444e+10 1.392571516413e+09 768 7235 3201 18 8 9 9 3.06328070e-09 5.18494617e-09 outputs/V3.3e26_D300_G8/solution/solution-00035 
 36 5.013257459085e+10 1.392571516413e+09 768 7235 3201 18 8 9 9 2.92475279e-09 4.94995138e-09 outputs/V3.3e26_D300_G8/solution/solution-00036 
 37 5.152514610727e+10 1.392571516413e+09 768 7235 3201 18 8 9 9 2.79249835e-09 4.72563132e-09 outputs/V3.3e26_D300_G8/solution/solution-00037 
 38 5.291771762368e+10 1.392571516413e+09 768 7235 3201 17 8 9 9 2.66623161e-09 4.51149861e-09 outputs/V3.3e26_D300_G8/solution/solution-00038 
 39 5.431028914009e+10 1.392571516413e+09 768 7235 3201 17 8 9 9 2.54568013e-09 4.30708845e-09 outputs/V3.3e26_D300_G8/solution/solution-00039 
 40 5.570286065650e+10 1.392571516413e+09 768 7235 3201 17 8 9 9 2.43058411e-09 4.11195751e-09 outputs/V3.3e26_D300_G8/solution/solution-00040 
 41 5.709543217292e+10 1.392571516413e+09 768 7235 3201 17 8 9 9 2.32069576e-09 3.92568289e-09 outputs/V3.3e26_D300_G8/solution/solution-00041 
 42 5.848800368933e+10 1.392571516413e+09 768 7235 3201 17 8 9 9 2.21577872e-09 3.74786120e-09 outputs/V3.3e26_D300_G8/solution/solution-00042 
 43 5.988057520574e+10 1.392571516413e+09 768 7235 3201 17 8 9 9 2.11560750e-09 3.57810755e-09 outputs/V3.3e26_D300_G8/solution/solution-00043 
 44 6.127314672215e+10 1.392571516413e+09 768 7235 3201 17 8 9 9 2.01996694e-09 3.41605472e-09 outputs/V3.3e26_D300_G8/solution/solution-00044 
 45 6.266571823857e+10 1.392571516413e+09 768 7235 3201 17 8 9 9 1.92865172e-09 3.26135233e-09 outputs/V3.3e26_D300_G8/solution/solution-00045 
 46 6.405828975498e+10 1.392571516413e+09 768 7235 3201 17 8 9 9 1.84146591e-09 3.11366605e-09 outputs/V3.3e26_D300_G8/solution/solution-00046 
 47 6.545086127139e+10 1.392571516413e+09 768 7235 3201 17 8 9 9 1.75822250e-09 2.97267684e-09 outputs/V3.3e26_D300_G8/solution/solution-00047 
 48 6.684343278781e+10 1.392571516413e+09 768 7235 3201 17 8 9 9 1.67874302e-09 2.83808025e-09 outputs/V3.3e26_D300_G8/solution/solution-00048 
 49 6.823600430422e+10 1.392571516413e+09 768 7235 3201 17 8 9 9 1.60285710e-09 2.70958574e-09 outputs/V3.3e26_D300_G8/solution/solution-00049 
 50 6.962857582063e+10 1.392571516413e+09 768 7235 3201 17 8 9 9 1.53040213e-09 2.58691602e-09 outputs/V3.3e26_D300_G8/solution/solution-00050 
 51 7.102114733704e+10 1.392571516413e+09 768 7235 3201 17 8 9 9 1.46122287e-09 2.46980648e-09 outputs/V3.3e26_D300_G8/solution/solution-00051 
 52 7.241371885346e+10 1.392571516413e+09 768 7235 3201 17 8 9 9 1.39517113e-09 2.35800457e-09 outputs/V3.3e26_D300_G8/solution/solution-00052 
 53 7.380629036987e+10 1.392571516413e+09 768 7235 3201 17 8 9 9 1.33210544e-09 2.25126926e-09 outputs/V3.3e26_D300_G8/solution/solution-00053 
 54 7.519886188628e+10 1.392571516413e+09 768 7235 3201 17 8 9 9 1.27189075e-09 2.14937048e-09 outputs/V3.3e26_D300_G8/solution/solution-00054 
 55 7.659143340269e+10 1.392571516413e+09 768 7235 3201 17 8 9 9 1.21439813e-09 2.05208868e-09 outputs/V3.3e26_D300_G8/solution/solution-00055 
 56 7.798400491911e+10 1.392571516413e+09 768 7235 3201 17 8 9 9 1.15950449e-09 1.95921429e-09 outputs/V3.3e26_D300_G8/solution/solution-00056 
 57 7.937657643552e+10 1.392571516413e+09 768 7235 3201 17 8 9 9 1.10709229e-09 1.87054728e-09 outputs/V3.3e26_D300_G8/solution/solution-00057 
 58 8.076914795193e+10 1.392571516413e+09 768 7235 3201 17 8 9 9 1.05704936e-09 1.78589673e-09 outputs/V3.3e26_D300_G8/solution/solution-00058 
 59 8.216171946834e+10 1.392571516413e+09 768 7235 3201 17 8 9 9 1.00926855e-09 1.70508042e-09 outputs/V3.3e26_D300_G8/solution/solution-00059 
 60 8.355429098476e+10 1.392571516413e+09 768 7235 3201 17 8 9 9 9.63647602e-10 1.62792440e-09 outputs/V3.3e26_D300_G8/solution/solution-00060 
 61 8.494686250117e+10 1.392571516413e+09 768 7235 3201 17 8 9 9 9.20088866e-10 1.55426264e-09 outputs/V3.3e26_D300_G8/solution/solution-00061 
 62 8.633943401758e+10 1.392571516413e+09 768 7235 3201 17 8 9 9 8.78499112e-10 1.48393667e-09 outputs/V3.3e26_D300_G8/solution/solution-00062 
 63 8.773200553399e+10 1.392571516413e+09 768 7235 3201 16 8 9 9 8.38789332e-10 1.41679522e-09 outputs/V3.3e26_D300_G8/solution/solution-00063 
 64 8.912457705041e+10 1.392571516413e+09 768 7235 3201 16 8 9 9 8.00874535e-10 1.35269389e-09 outputs/V3.3e26_D300_G8/solution/solution-00064 
 65 9.051714856682e+10 1.392571516413e+09 768 7235 3201 16 8 9 9 7.64673578e-10 1.29149485e-09 outputs/V3.3e26_D300_G8/solution/solution-00065 
 66 9.190972008323e+10 1.392571516413e+09 768 7235 3201 16 8 9 9 7.30108986e-10 1.23306651e-09 outputs/V3.3e26_D300_G8/solution/solution-00066 
 67 9.330229159964e+10 1.392571516413e+09 768 7235 3201 16 8 9 9 6.97106788e-10 1.17728330e-09 outputs/V3.3e26_D300_G8/solution/solution-00067 
 68 9.469486311606e+10 1.392571516413e+09 768 7235 3201 16 8 9 9 6.65596358e-10 1.12402531e-09 outputs/V3.3e26_D300_G8/solution/solution-00068 
 69 9.608743463247e+10 1.392571516413e+09 768 7235 3201 16 8 9 9 6.35510262e-10 1.07317812e-09 outputs/V3.3e26_D300_G8/solution/solution-00069 
 70 9.748000614888e+10 1.392571516413e+09 768 7235 3201 16 8 9 9 6.06784116e-10 1.02463246e-09 outputs/V3.3e26_D300_G8/solution/solution-00070 
 71 9.887257766530e+10 1.392571516413e+09 768 7235 3201 16 8 9 9 5.79356447e-10 9.78284063e-10 outputs/V3.3e26_D300_G8/solution/solution-00071 
 72 1.002651491817e+11 1.392571516413e+09 768 7235 3201 16 8 9 9 5.53168558e-10 9.34033366e-10 outputs/V3.3e26_D300_G8/solution/solution-00072 
 73 1.016577206981e+11 1.392571516413e+09 768 7235 3201 16 8 9 9 5.28164410e-10 8.91785338e-10 outputs/V3.3e26_D300_G8/solution/solution-00073 
 74 1.030502922145e+11 1.392571516413e+09 768 7235 3201 16 8 9 9 5.04290494e-10 8.51449255e-10 outputs/V3.3e26_D300_G8/solution/solution-00074 
 75 1.044428637309e+11 1.392571516413e+09 768 7235 3201 16 8 9 9 4.81495721e-10 8.12938515e-10 outputs/V3.3e26_D300_G8/solution/solution-00075 
 76 1.058354352474e+11 1.392571516413e+09 768 7235 3201 16 8 9 9 4.59731311e-10 7.76170440e-10 outputs/V3.3e26_D300_G8/solution/solution-00076 
 77 1.072280067638e+11 1.392571516413e+09 768 7235 3201 16 8 9 9 4.38950691e-10 7.41066108e-10 outputs/V3.3e26_D300_G8/solution/solution-00077 
 78 1.086205782802e+11 1.392571516413e+09 768 7235 3201 16 8 9 9 4.19109391e-10 7.07550170e-10 outputs/V3.3e26_D300_G8/solution/solution-00078 
 79 1.100131497966e+11 1.392571516413e+09 768 7235 3201 16 8 9 9 4.00164952e-10 6.75550699e-10 outputs/V3.3e26_D300_G8/solution/solution-00079 
 80 1.114057213130e+11 1.392571516413e+09 768 7235 3201 16 8 9 9 3.82076833e-10 6.44999028e-10 outputs/V3.3e26_D300_G8/solution/solution-00080 
 81 1.127982928294e+11 1.392571516413e+09 768 7235 3201 16 8 9 9 3.64806329e-10 6.15829605e-10 outputs/V3.3e26_D300_G8/solution/solution-00081 
 82 1.141908643458e+11 1.392571516413e+09 768 7235 3201 16 8 9 9 3.48316481e-10 5.87979847e-10 outputs/V3.3e26_D300_G8/solution/solution-00082 
 83 1.155834358622e+11 1.392571516413e+09 768 7235 3201 16 8 9 9 3.32572001e-10 5.61390010e-10 outputs/V3.3e26_D300_G8/solution/solution-00083 
 84 1.169760073787e+11 1.392571516413e+09 768 7235 3201 16 8 9 9 3.17539200e-10 5.36003058e-10 outputs/V3.3e26_D300_G8/solution/solution-00084 
 85 1.183685788951e+11 1.392571516413e+09 768 7235 3201 16 8 9 9 3.03185906e-10 5.11764540e-10 outputs/V3.3e26_D300_G8/solution/solution-00085 
 86 1.197611504115e+11 1.392571516413e+09 768 7235 3201 16 8 9 9 2.89481405e-10 4.88622472e-10 outputs/V3.3e26_D300_G8/solution/solution-00086 
 87 1.211537219279e+11 1.392571516413e+09 768 7235 3201 16 8 9 9 2.76396372e-10 4.66527226e-10 outputs/V3.3e26_D300_G8/solution/solution-00087 
 88 1.225462934443e+11 1.392571516413e+09 768 7235 3201 15 8 9 9 2.63902807e-10 4.45431430e-10 outputs/V3.3e26_D300_G8/solution/solution-00088 
 89 1.239388649607e+11 1.392571516413e+09 768 7235 3201 15 8 9 9 2.51973974e-10 4.25289845e-10 outputs/V3.3e26_D300_G8/solution/solution-00089 
 90 1.253314364771e+11 1.392571516413e+09 768 7235 3201 15 8 9 9 2.40584344e-10 4.06059286e-10 outputs/V3.3e26_D300_G8/solution/solution-00090 
 91 1.267240079935e+11 1.392571516413e+09 768 7235 3201 15 8 9 9 2.29709545e-10 3.87698524e-10 outputs/V3.3e26_D300_G8/solution/solution-00091 
 92 1.281165795100e+11 1.392571516413e+09 768 7235 3201 15 8 9 9 2.19326305e-10 3.70168198e-10 outputs/V3.3e26_D300_G8/solution/solution-00092 
 93 1.295091510264e+11 1.392571516413e+09 768 7235 3201 15 8 9 9 2.09412406e-10 3.53430732e-10 outputs/V3.3e26_D300_G8/solution/solution-00093 
 94 1.309017225428e+11 1.392571516413e+09 768 7235 3201 15 8 9 9 1.99946631e-10 3.37450250e-10 outputs/V3.3e26_D300_G8/solution/solution-00094 
 95 1.322942940592e+11 1.392571516413e+09 768 7235 3201 15 8 9 9 1.90908724e-10 3.22192501e-10 outputs/V3.3e26_D300_G8/solution/solution-00095 
 96 1.336868655756e+11 1.392571516413e+09 768 7235 3201 15 8 9 9 1.82279347e-10 3.07624784e-10 outputs/V3.3e26_D300_G8/solution/solution-00096 
 97 1.350794370920e+11 1.392571516413e+09 768 7235 3201 15 8 9 9 1.74040031e-10 2.93715880e-10 outputs/V3.3e26_D300_G8/solution/solution-00097 
 98 1.364720086084e+11 1.392571516413e+09 768 7235 3201 15 8 9 9 1.66173147e-10 2.80435983e-10 outputs/V3.3e26_D300_G8/solution/solution-00098 
 99 1.378645801248e+11 1.392571516413e+09 768 7235 3201 15 8 9 9 1.58661859e-10 2.67756638e-10 outputs/V3.3e26_D300_G8/solution/solution-00099 
100 1.392571516413e+11 1.392571516413e+09 768 7235 3201 15 8 9 9 1.51490093e-10 2.55650675e-10 outputs/V3.3e26_D300_G8/solution/solution-00100 
