# 1: Time step number
# 2: Time (years)
# 3: Time step size (years)
# 4: Number of mesh cells
# 5: Number of Stokes degrees of freedom
# 6: Number of temperature degrees of freedom
# 7: Iterations for temperature solver
# 8: Iterations for Stokes solver
# 9: Velocity iterations in Stokes preconditioner
# 10: Schur complement iterations in Stokes preconditioner
# 11: RMS velocity (m/year)
# 12: Max. velocity (m/year)
# 13: Visualization file name
  0 0.000000000000e+00 0.000000000000e+00 768 7235 3201  0 8 9 9 6.62522896e-09 1.17554675e-08 outputs/V1e27_D30_G10/solution/solution-00000 
  1 1.392571516413e+09 1.392571516413e+09 768 7235 3201 32 8 9 9 6.26841794e-09 1.05875477e-08 outputs/V1e27_D30_G10/solution/solution-00001 
  2 2.785143032825e+09 1.392571516413e+09 768 7235 3201 25 8 9 9 5.94022152e-09 1.00251518e-08 outputs/V1e27_D30_G10/solution/solution-00002 
  3 4.177714549238e+09 1.392571516413e+09 768 7235 3201 24 8 9 9 5.63344323e-09 9.51085359e-09 outputs/V1e27_D30_G10/solution/solution-00003 
  4 5.570286065650e+09 1.392571516413e+09 768 7235 3201 23 8 9 9 5.34362495e-09 9.02465804e-09 outputs/V1e27_D30_G10/solution/solution-00004 
  5 6.962857582063e+09 1.392571516413e+09 768 7235 3201 23 8 9 9 5.06994517e-09 8.56516007e-09 outputs/V1e27_D30_G10/solution/solution-00005 
  6 8.355429098476e+09 1.392571516413e+09 768 7235 3201 22 8 9 9 4.81136143e-09 8.13064558e-09 outputs/V1e27_D30_G10/solution/solution-00006 
  7 9.748000614888e+09 1.392571516413e+09 768 7235 3201 21 8 9 9 4.56687580e-09 7.71945716e-09 outputs/V1e27_D30_G10/solution/solution-00007 
  8 1.114057213130e+10 1.392571516413e+09 768 7235 3201 21 8 9 9 4.33556456e-09 7.33007995e-09 outputs/V1e27_D30_G10/solution/solution-00008 
  9 1.253314364771e+10 1.392571516413e+09 768 7235 3201 21 8 9 9 4.11658343e-09 6.96114495e-09 outputs/V1e27_D30_G10/solution/solution-00009 
 10 1.392571516413e+10 1.392571516413e+09 768 7235 3201 20 8 9 9 3.90916296e-09 6.61141219e-09 outputs/V1e27_D30_G10/solution/solution-00010 
 11 1.531828668054e+10 1.392571516413e+09 768 7235 3201 20 8 9 9 3.71260060e-09 6.27975185e-09 outputs/V1e27_D30_G10/solution/solution-00011 
 12 1.671085819695e+10 1.392571516413e+09 768 7235 3201 20 8 9 9 3.52625258e-09 5.96512797e-09 outputs/V1e27_D30_G10/solution/solution-00012 
 13 1.810342971336e+10 1.392571516413e+09 768 7235 3201 20 8 9 9 3.34952674e-09 5.66658527e-09 outputs/V1e27_D30_G10/solution/solution-00013 
 14 1.949600122978e+10 1.392571516413e+09 768 7235 3201 20 8 9 9 3.18187627e-09 5.38323859e-09 outputs/V1e27_D30_G10/solution/solution-00014 
 15 2.088857274619e+10 1.392571516413e+09 768 7235 3201 20 8 9 9 3.02279449e-09 5.11426442e-09 outputs/V1e27_D30_G10/solution/solution-00015 
 16 2.228114426260e+10 1.392571516413e+09 768 7235 3201 19 8 9 9 2.87181038e-09 4.85889403e-09 outputs/V1e27_D30_G10/solution/solution-00016 
 17 2.367371577901e+10 1.392571516413e+09 768 7235 3201 19 8 9 9 2.72848489e-09 4.61640779e-09 outputs/V1e27_D30_G10/solution/solution-00017 
 18 2.506628729543e+10 1.392571516413e+09 768 7235 3201 19 8 9 9 2.59240768e-09 4.38613046e-09 outputs/V1e27_D30_G10/solution/solution-00018 
 19 2.645885881184e+10 1.392571516413e+09 768 7235 3201 19 8 9 9 2.46319440e-09 4.16742719e-09 outputs/V1e27_D30_G10/solution/solution-00019 
 20 2.785143032825e+10 1.392571516413e+09 768 7235 3201 19 8 9 9 2.34048439e-09 3.95970014e-09 outputs/V1e27_D30_G10/solution/solution-00020 
 21 2.924400184466e+10 1.392571516413e+09 768 7235 3201 19 8 9 9 2.22393859e-09 3.76238550e-09 outputs/V1e27_D30_G10/solution/solution-00021 
 22 3.063657336108e+10 1.392571516413e+09 768 7235 3201 19 8 9 9 2.11323780e-09 3.57495095e-09 outputs/V1e27_D30_G10/solution/solution-00022 
 23 3.202914487749e+10 1.392571516413e+09 768 7235 3201 19 8 9 9 2.00808111e-09 3.39689340e-09 outputs/V1e27_D30_G10/solution/solution-00023 
 24 3.342171639390e+10 1.392571516413e+09 768 7235 3201 19 8 9 9 1.90818454e-09 3.22773700e-09 outputs/V1e27_D30_G10/solution/solution-00024 
 25 3.481428791032e+10 1.392571516413e+09 768 7235 3201 19 8 9 9 1.81327986e-09 3.06703133e-09 outputs/V1e27_D30_G10/solution/solution-00025 
 26 3.620685942673e+10 1.392571516413e+09 768 7235 3201 18 8 9 9 1.72311343e-09 2.91434978e-09 outputs/V1e27_D30_G10/solution/solution-00026 
 27 3.759943094314e+10 1.392571516413e+09 768 7235 3201 18 8 9 9 1.63744530e-09 2.76928811e-09 outputs/V1e27_D30_G10/solution/solution-00027 
 28 3.899200245955e+10 1.392571516413e+09 768 7235 3201 18 8 9 9 1.55604831e-09 2.63146311e-09 outputs/V1e27_D30_G10/solution/solution-00028 
 29 4.038457397597e+10 1.392571516413e+09 768 7235 3201 18 8 9 9 1.47870726e-09 2.50051137e-09 outputs/V1e27_D30_G10/solution/solution-00029 
 30 4.177714549238e+10 1.392571516413e+09 768 7235 3201 18 8 9 9 1.40521823e-09 2.37608815e-09 outputs/V1e27_D30_G10/solution/solution-00030 
 31 4.316971700879e+10 1.392571516413e+09 768 7235 3201 18 8 9 9 1.33538789e-09 2.25786637e-09 outputs/V1e27_D30_G10/solution/solution-00031 
 32 4.456228852520e+10 1.392571516413e+09 768 7235 3201 18 8 9 9 1.26903288e-09 2.14553557e-09 outputs/V1e27_D30_G10/solution/solution-00032 
 33 4.595486004162e+10 1.392571516413e+09 768 7235 3201 18 8 9 9 1.20597928e-09 2.03880110e-09 outputs/V1e27_D30_G10/solution/solution-00033 
 34 4.734743155803e+10 1.392571516413e+09 768 7235 3201 18 8 9 9 1.14606201e-09 1.93738320e-09 outputs/V1e27_D30_G10/solution/solution-00034 
 35 4.874000307444e+10 1.392571516413e+09 768 7235 3201 18 8 9 9 1.08912445e-09 1.84101625e-09 outputs/V1e27_D30_G10/solution/solution-00035 
 36 5.013257459085e+10 1.392571516413e+09 768 7235 3201 18 8 9 9 1.03501787e-09 1.74944802e-09 outputs/V1e27_D30_G10/solution/solution-00036 
 37 5.152514610727e+10 1.392571516413e+09 768 7235 3201 18 8 9 9 9.83601103e-10 1.66243898e-09 outputs/V1e27_D30_G10/solution/solution-00037 
 38 5.291771762368e+10 1.392571516413e+09 768 7235 3201 18 8 9 9 9.34740076e-10 1.57976162e-09 outputs/V1e27_D30_G10/solution/solution-00038 
 39 5.431028914009e+10 1.392571516413e+09 768 7235 3201 18 8 9 9 8.88307471e-10 1.50119988e-09 outputs/V1e27_D30_G10/solution/solution-00039 
 40 5.570286065650e+10 1.392571516413e+09 768 7235 3201 18 8 9 9 8.44182368e-10 1.42654849e-09 outputs/V1e27_D30_G10/solution/solution-00040 
 41 5.709543217292e+10 1.392571516413e+09 768 7235 3201 18 8 9 9 8.02249908e-10 1.35561250e-09 outputs/V1e27_D30_G10/solution/solution-00041 
 42 5.848800368933e+10 1.392571516413e+09 768 7235 3201 18 8 9 9 7.62400984e-10 1.28820670e-09 outputs/V1e27_D30_G10/solution/solution-00042 
 43 5.988057520574e+10 1.392571516413e+09 768 7235 3201 18 8 9 9 7.24531948e-10 1.22415515e-09 outputs/V1e27_D30_G10/solution/solution-00043 
 44 6.127314672215e+10 1.392571516413e+09 768 7235 3201 18 8 9 9 6.88544329e-10 1.16329070e-09 outputs/V1e27_D30_G10/solution/solution-00044 
 45 6.266571823857e+10 1.392571516413e+09 768 7235 3201 17 8 9 9 6.54344577e-10 1.10545457e-09 outputs/V1e27_D30_G10/solution/solution-00045 
 46 6.405828975498e+10 1.392571516413e+09 768 7235 3201 17 8 9 9 6.21843803e-10 1.05049589e-09 outputs/V1e27_D30_G10/solution/solution-00046 
 47 6.545086127139e+10 1.392571516413e+09 768 7235 3201 17 8 9 9 5.90957551e-10 9.98271341e-10 outputs/V1e27_D30_G10/solution/solution-00047 
 48 6.684343278781e+10 1.392571516413e+09 768 7235 3201 17 8 9 9 5.61605575e-10 9.48644747e-10 outputs/V1e27_D30_G10/solution/solution-00048 
 49 6.823600430422e+10 1.392571516413e+09 768 7235 3201 17 8 9 9 5.33711625e-10 9.01486732e-10 outputs/V1e27_D30_G10/solution/solution-00049 
 50 6.962857582063e+10 1.392571516413e+09 768 7235 3201 17 8 9 9 5.07203246e-10 8.56674377e-10 outputs/V1e27_D30_G10/solution/solution-00050 
 51 7.102114733704e+10 1.392571516413e+09 768 7235 3201 17 8 9 9 4.82011591e-10 8.14090894e-10 outputs/V1e27_D30_G10/solution/solution-00051 
 52 7.241371885346e+10 1.392571516413e+09 768 7235 3201 17 8 9 9 4.58071235e-10 7.73625316e-10 outputs/V1e27_D30_G10/solution/solution-00052 
 53 7.380629036987e+10 1.392571516413e+09 768 7235 3201 17 8 9 9 4.35320011e-10 7.35172213e-10 outputs/V1e27_D30_G10/solution/solution-00053 
 54 7.519886188628e+10 1.392571516413e+09 768 7235 3201 17 8 9 9 4.13698841e-10 6.98631412e-10 outputs/V1e27_D30_G10/solution/solution-00054 
 55 7.659143340269e+10 1.392571516413e+09 768 7235 3201 17 8 9 9 3.93151585e-10 6.63907731e-10 outputs/V1e27_D30_G10/solution/solution-00055 
 56 7.798400491911e+10 1.392571516413e+09 768 7235 3201 17 8 9 9 3.73624895e-10 6.30910733e-10 outputs/V1e27_D30_G10/solution/solution-00056 
 57 7.937657643552e+10 1.392571516413e+09 768 7235 3201 17 8 9 9 3.55068073e-10 5.99554489e-10 outputs/V1e27_D30_G10/solution/solution-00057 
 58 8.076914795193e+10 1.392571516413e+09 768 7235 3201 17 8 9 9 3.37432941e-10 5.69757350e-10 outputs/V1e27_D30_G10/solution/solution-00058 
 59 8.216171946834e+10 1.392571516413e+09 768 7235 3201 17 8 9 9 3.20673717e-10 5.41441738e-10 outputs/V1e27_D30_G10/solution/solution-00059 
 60 8.355429098476e+10 1.392571516413e+09 768 7235 3201 17 8 9 9 3.04746891e-10 5.14533937e-10 outputs/V1e27_D30_G10/solution/solution-00060 
 61 8.494686250117e+10 1.392571516413e+09 768 7235 3201 17 8 9 9 2.89611117e-10 4.88963904e-10 outputs/V1e27_D30_G10/solution/solution-00061 
 62 8.633943401758e+10 1.392571516413e+09 768 7235 3201 17 8 9 9 2.75227103e-10 4.64665085e-10 outputs/V1e27_D30_G10/solution/solution-00062 
 63 8.773200553399e+10 1.392571516413e+09 768 7235 3201 17 8 9 9 2.61557509e-10 4.41574241e-10 outputs/V1e27_D30_G10/solution/solution-00063 
 64 8.912457705041e+10 1.392571516413e+09 768 7235 3201 17 8 9 9 2.48566849e-10 4.19631281e-10 outputs/V1e27_D30_G10/solution/solution-00064 
 65 9.051714856682e+10 1.392571516413e+09 768 7235 3201 17 8 9 9 2.36221402e-10 3.98779108e-10 outputs/V1e27_D30_G10/solution/solution-00065 
 66 9.190972008323e+10 1.392571516413e+09 768 7235 3201 17 8 9 9 2.24489119e-10 3.78963467e-10 outputs/V1e27_D30_G10/solution/solution-00066 
 67 9.330229159964e+10 1.392571516413e+09 768 7235 3201 17 8 9 9 2.13339547e-10 3.60132804e-10 outputs/V1e27_D30_G10/solution/solution-00067 
 68 9.469486311606e+10 1.392571516413e+09 768 7235 3201 17 8 9 9 2.02743742e-10 3.42238132e-10 outputs/V1e27_D30_G10/solution/solution-00068 
 69 9.608743463247e+10 1.392571516413e+09 768 7235 3201 17 8 9 9 1.92674201e-10 3.25232902e-10 outputs/V1e27_D30_G10/solution/solution-00069 
 70 9.748000614888e+10 1.392571516413e+09 768 7235 3201 17 8 9 9 1.83104784e-10 3.09072882e-10 outputs/V1e27_D30_G10/solution/solution-00070 
 71 9.887257766530e+10 1.392571516413e+09 768 7235 3201 16 8 9 9 1.74010652e-10 2.93716046e-10 outputs/V1e27_D30_G10/solution/solution-00071 
 72 1.002651491817e+11 1.392571516413e+09 768 7235 3201 16 8 9 9 1.65368199e-10 2.79122452e-10 outputs/V1e27_D30_G10/solution/solution-00072 
 73 1.016577206981e+11 1.392571516413e+09 768 7235 3201 16 8 9 9 1.57154991e-10 2.65254148e-10 outputs/V1e27_D30_G10/solution/solution-00073 
 74 1.030502922145e+11 1.392571516413e+09 768 7235 3201 16 8 9 9 1.49349707e-10 2.52075072e-10 outputs/V1e27_D30_G10/solution/solution-00074 
 75 1.044428637309e+11 1.392571516413e+09 768 7235 3201 16 8 9 9 1.41932086e-10 2.39550956e-10 outputs/V1e27_D30_G10/solution/solution-00075 
 76 1.058354352474e+11 1.392571516413e+09 768 7235 3201 16 8 9 9 1.34882876e-10 2.27649237e-10 outputs/V1e27_D30_G10/solution/solution-00076 
 77 1.072280067638e+11 1.392571516413e+09 768 7235 3201 16 8 9 9 1.28183777e-10 2.16338971e-10 outputs/V1e27_D30_G10/solution/solution-00077 
 78 1.086205782802e+11 1.392571516413e+09 768 7235 3201 16 8 9 9 1.21817401e-10 2.05590755e-10 outputs/V1e27_D30_G10/solution/solution-00078 
 79 1.100131497966e+11 1.392571516413e+09 768 7235 3201 16 8 9 9 1.15767222e-10 1.95376649e-10 outputs/V1e27_D30_G10/solution/solution-00079 
 80 1.114057213130e+11 1.392571516413e+09 768 7235 3201 16 8 9 9 1.10017535e-10 1.85670102e-10 outputs/V1e27_D30_G10/solution/solution-00080 
 81 1.127982928294e+11 1.392571516413e+09 768 7235 3201 16 8 9 9 1.04553417e-10 1.76445882e-10 outputs/V1e27_D30_G10/solution/solution-00081 
 82 1.141908643458e+11 1.392571516413e+09 768 7235 3201 16 8 9 9 9.93606826e-11 1.67680015e-10 outputs/V1e27_D30_G10/solution/solution-00082 
 83 1.155834358622e+11 1.392571516413e+09 768 7235 3201 16 8 9 9 9.44258543e-11 1.59349718e-10 outputs/V1e27_D30_G10/solution/solution-00083 
 84 1.169760073787e+11 1.392571516413e+09 768 7235 3201 16 8 9 9 8.97361222e-11 1.51433340e-10 outputs/V1e27_D30_G10/solution/solution-00084 
 85 1.183685788951e+11 1.392571516413e+09 768 7235 3201 16 8 9 9 8.52793131e-11 1.43910309e-10 outputs/V1e27_D30_G10/solution/solution-00085 
 86 1.197611504115e+11 1.392571516413e+09 768 7235 3201 16 8 9 9 8.10438585e-11 1.36761075e-10 outputs/V1e27_D30_G10/solution/solution-00086 
 87 1.211537219279e+11 1.392571516413e+09 768 7235 3201 16 8 9 9 7.70187644e-11 1.29967059e-10 outputs/V1e27_D30_G10/solution/solution-00087 
 88 1.225462934443e+11 1.392571516413e+09 768 7235 3201 16 8 9 9 7.31935827e-11 1.23510607e-10 outputs/V1e27_D30_G10/solution/solution-00088 
 89 1.239388649607e+11 1.392571516413e+09 768 7235 3201 16 8 9 9 6.95583844e-11 1.17374944e-10 outputs/V1e27_D30_G10/solution/solution-00089 
 90 1.253314364771e+11 1.392571516413e+09 768 7235 3201 16 8 9 9 6.61037335e-11 1.11544126e-10 outputs/V1e27_D30_G10/solution/solution-00090 
 91 1.267240079935e+11 1.392571516413e+09 768 7235 3201 16 8 9 9 6.28206629e-11 1.06003003e-10 outputs/V1e27_D30_G10/solution/solution-00091 
 92 1.281165795100e+11 1.392571516413e+09 768 7235 3201 16 8 9 9 5.97006507e-11 1.00737181e-10 outputs/V1e27_D30_G10/solution/solution-00092 
 93 1.295091510264e+11 1.392571516413e+09 768 7235 3201 16 8 9 9 5.67355983e-11 9.57329765e-11 outputs/V1e27_D30_G10/solution/solution-00093 
 94 1.309017225428e+11 1.392571516413e+09 768 7235 3201 16 8 9 9 5.39178093e-11 9.09773907e-11 outputs/V1e27_D30_G10/solution/solution-00094 
 95 1.322942940592e+11 1.392571516413e+09 768 7235 3201 16 8 9 9 5.12399694e-11 8.64580682e-11 outputs/V1e27_D30_G10/solution/solution-00095 
 96 1.336868655756e+11 1.392571516413e+09 768 7235 3201 15 8 9 9 4.86951296e-11 8.21632731e-11 outputs/V1e27_D30_G10/solution/solution-00096 
 97 1.350794370920e+11 1.392571516413e+09 768 7235 3201 15 8 9 9 4.62766829e-11 7.80818455e-11 outputs/V1e27_D30_G10/solution/solution-00097 
 98 1.364720086084e+11 1.392571516413e+09 768 7235 3201 15 8 9 9 4.39783516e-11 7.42031825e-11 outputs/V1e27_D30_G10/solution/solution-00098 
 99 1.378645801248e+11 1.392571516413e+09 768 7235 3201 15 8 9 9 4.17941696e-11 7.05172087e-11 outputs/V1e27_D30_G10/solution/solution-00099 
100 1.392571516413e+11 1.392571516413e+09 768 7235 3201 15 8 9 9 3.97184676e-11 6.70143499e-11 outputs/V1e27_D30_G10/solution/solution-00100 
