# 1: Time step number
# 2: Time (years)
# 3: Time step size (years)
# 4: Number of mesh cells
# 5: Number of Stokes degrees of freedom
# 6: Number of temperature degrees of freedom
# 7: Iterations for temperature solver
# 8: Iterations for Stokes solver
# 9: Velocity iterations in Stokes preconditioner
# 10: Schur complement iterations in Stokes preconditioner
# 11: RMS velocity (m/year)
# 12: Max. velocity (m/year)
# 13: Visualization file name
  0 0.000000000000e+00 0.000000000000e+00 768 7235 3201  0 8 9 9 5.37007815e-06 1.13142490e-05 outputs/V1e24_D3000_G8/solution/solution-00000 
  1 1.392571516413e+09 1.392571516413e+09 768 7235 3201 31 8 9 9 4.10267820e-05 7.05667469e-05 outputs/V1e24_D3000_G8/solution/solution-00001 
  2 2.721100946781e+09 1.328529430368e+09 768 7235 3201 27 8 9 9 3.57627013e-04 6.28584346e-04 outputs/V1e24_D3000_G8/solution/solution-00002 
  3 2.870245609135e+09 1.491446623541e+08 768 7235 3201 13 8 9 9 6.07686978e-04 1.07184319e-03 outputs/V1e24_D3000_G8/solution/solution-00003 
  4 2.957717680290e+09 8.747207115461e+07 768 7235 3201 11 7 8 8 8.68697071e-04 1.53554216e-03 outputs/V1e24_D3000_G8/solution/solution-00004 
  5 3.018800264083e+09 6.108258379299e+07 768 7235 3201 11 7 8 8 1.12846468e-03 1.99744476e-03 outputs/V1e24_D3000_G8/solution/solution-00005 
  6 3.065746255902e+09 4.694599181973e+07 768 7235 3201 11 7 8 8 1.38377269e-03 2.45147513e-03                                             "" 
  7 3.103983934393e+09 3.823767849066e+07 768 7235 3201 11 6 7 7 1.63369409e-03 2.89592129e-03 outputs/V1e24_D3000_G8/solution/solution-00006 
  8 3.136344272831e+09 3.236033843793e+07 768 7235 3201 11 6 7 7 1.87794670e-03 3.33195537e-03                                             "" 
  9 3.164479937747e+09 2.813566491626e+07 768 7235 3201 11 6 7 7 2.11640630e-03 3.75753615e-03                                             "" 
 10 3.189437969611e+09 2.495803186374e+07 768 7235 3201 12 6 7 7 2.34896043e-03 4.17221802e-03                                             "" 
 11 3.211916362017e+09 2.247839240615e+07 768 7235 3201 12 6 7 7 2.57539245e-03 4.57572441e-03 outputs/V1e24_D3000_G8/solution/solution-00007 
 12 3.232404921123e+09 2.048855910616e+07 768 7235 3201 12 6 7 7 2.79542140e-03 4.96891703e-03                                             "" 
 13 3.251272211398e+09 1.886729027462e+07 768 7235 3201 12 6 7 7 3.00885501e-03 5.34971360e-03                                             "" 
 14 3.268796513993e+09 1.752430259512e+07 768 7235 3201 12 6 7 7 3.21547634e-03 5.71755578e-03                                             "" 
 15 3.285193380686e+09 1.639686669338e+07 768 7235 3201 12 6 7 7 3.41505142e-03 6.07436601e-03                                             "" 
 16 3.300633419407e+09 1.544003872058e+07 768 7235 3201 12 6 7 7 3.60733571e-03 6.41743324e-03 outputs/V1e24_D3000_G8/solution/solution-00008 
 17 3.315247828417e+09 1.461440901047e+07 768 7235 3201 12 6 7 7 3.79199901e-03 6.74595070e-03                                             "" 
 18 3.329145944016e+09 1.389811559874e+07 768 7235 3201 12 6 7 7 3.96874774e-03 7.05927776e-03                                             "" 
 19 3.342422854112e+09 1.327691009626e+07 768 7235 3201 13 6 7 7 4.13735667e-03 7.35841679e-03                                             "" 
 20 3.355158523205e+09 1.273566909289e+07 768 7235 3201 13 6 7 7 4.29760834e-03 7.64477928e-03                                             "" 
 21 3.367420995528e+09 1.226247232307e+07 768 7235 3201 13 6 7 7 4.44929610e-03 7.91479918e-03 outputs/V1e24_D3000_G8/solution/solution-00009 
 22 3.379268803432e+09 1.184780790351e+07 768 7235 3201 13 6 7 7 4.59222669e-03 8.16803104e-03                                             "" 
 23 3.390752808172e+09 1.148400473993e+07 768 7235 3201 13 6 7 7 4.72622243e-03 8.40406945e-03                                             "" 
 24 3.401911291404e+09 1.115848323269e+07 768 7235 3201 13 6 7 7 4.85105398e-03 8.62314036e-03 outputs/V1e24_D3000_G8/solution/solution-00010 
 25 3.412783200721e+09 1.087190931699e+07 768 7235 3201 13 6 7 7 4.96658566e-03 8.82671797e-03                                             "" 
 26 3.423404362554e+09 1.062116183248e+07 768 7235 3201 13 6 7 7 5.07271658e-03 9.01215496e-03                                             "" 
 27 3.433806979954e+09 1.040261740036e+07 768 7235 3201 13 6 7 7 5.16936649e-03 9.17924280e-03                                             "" 
 28 3.444020240687e+09 1.021326073319e+07 768 7235 3201 13 6 7 7 5.25647628e-03 9.32782303e-03                                             "" 
 29 3.454070817301e+09 1.005057661368e+07 768 7235 3201 13 6 7 7 5.33400812e-03 9.46069296e-03 outputs/V1e24_D3000_G8/solution/solution-00011 
 30 3.463983282939e+09 9.912465637567e+06 768 7235 3201 13 6 7 7 5.40194540e-03 9.57518813e-03                                             "" 
 31 3.473780380466e+09 9.797097527554e+06 768 7235 3201 13 6 7 7 5.46029208e-03 9.67098823e-03                                             "" 
 32 3.483477816546e+09 9.697436079651e+06 768 7235 3201 13 6 7 7 5.50904754e-03 9.74807540e-03                                             "" 
 33 3.493096027355e+09 9.618210808701e+06 768 7235 3201 13 6 7 7 5.54827414e-03 9.80655642e-03                                             "" 
 34 3.502654413004e+09 9.558385649848e+06 768 7235 3201 13 5 6 6 5.57805267e-03 9.84658727e-03 outputs/V1e24_D3000_G8/solution/solution-00012 
 35 3.512171541422e+09 9.517128417102e+06 768 7235 3201 13 5 6 6 5.59848131e-03 9.87176551e-03                                             "" 
 36 3.521665330434e+09 9.493789012346e+06 768 7235 3201 13 5 6 6 5.60967483e-03 9.88040891e-03                                             "" 
 37 3.531153212621e+09 9.487882187213e+06 768 7235 3201 13 5 6 6 5.61176340e-03 9.87120385e-03                                             "" 
 38 3.540652287468e+09 9.499074846932e+06 768 7235 3201 13 5 6 6 5.60489154e-03 9.84445669e-03                                             "" 
 39 3.550179464191e+09 9.527176723415e+06 768 7235 3201 13 6 7 7 5.58921701e-03 9.80051625e-03 outputs/V1e24_D3000_G8/solution/solution-00013 
 40 3.559749499931e+09 9.570035739504e+06 768 7235 3201 13 6 7 7 5.56491605e-03 9.73978658e-03                                             "" 
 41 3.569376239646e+09 9.626739714897e+06 768 7235 3201 13 6 7 7 5.53218679e-03 9.66436399e-03                                             "" 
 42 3.579076826266e+09 9.700586620078e+06 768 7235 3201 13 6 7 7 5.49123260e-03 9.57700305e-03                                             "" 
 43 3.588860952618e+09 9.784126351986e+06 768 7235 3201 13 6 7 7 5.44230637e-03 9.48591415e-03                                             "" 
 44 3.598742260234e+09 9.881307616553e+06 768 7235 3201 13 6 7 7 5.38566851e-03 9.37740523e-03 outputs/V1e24_D3000_G8/solution/solution-00014 
 45 3.608741185524e+09 9.998925289243e+06 768 7235 3201 13 6 7 7 5.32155248e-03 9.25201690e-03 outputs/V1e24_D3000_G8/solution/solution-00015 
 46 3.618878850472e+09 1.013766494810e+07 768 7235 3201 13 6 7 7 5.25018878e-03 9.11041283e-03                                             "" 
 47 3.629171825149e+09 1.029297467734e+07 768 7235 3201 13 6 7 7 5.17184778e-03 8.95491045e-03                                             "" 
 48 3.639640941560e+09 1.046911641109e+07 768 7235 3201 13 6 7 7 5.08678125e-03 8.78673851e-03                                             "" 
 49 3.650310429430e+09 1.066948786983e+07 768 7235 3201 13 6 7 7 4.99522248e-03 8.60439632e-03                                             "" 
 50 3.661206022395e+09 1.089559296492e+07 768 7235 3201 13 6 7 7 4.89740123e-03 8.41034953e-03 outputs/V1e24_D3000_G8/solution/solution-00016 
 51 3.672355241162e+09 1.114921876685e+07 768 7235 3201 13 6 7 7 4.79354436e-03 8.20532551e-03                                             "" 
 52 3.683784743289e+09 1.142950212732e+07 768 7235 3201 13 6 7 7 4.68390551e-03 7.98820786e-03                                             "" 
 53 3.695520587512e+09 1.173584422275e+07 768 7235 3201 13 6 7 7 4.56876973e-03 7.84714094e-03                                             "" 
 54 3.707467613915e+09 1.194702640313e+07 768 7235 3201 13 6 7 7 4.44966653e-03 7.74207909e-03 outputs/V1e24_D3000_G8/solution/solution-00017 
 55 3.719576764299e+09 1.210915038348e+07 768 7235 3201 13 6 7 7 4.32772907e-03 7.62935772e-03                                             "" 
 56 3.731864823584e+09 1.228805928512e+07 768 7235 3201 12 6 7 7 4.20342914e-03 7.50946563e-03                                             "" 
 57 3.744349067411e+09 1.248424382774e+07 768 7235 3201 12 6 7 7 4.07721313e-03 7.38288652e-03                                             "" 
 58 3.757047352803e+09 1.269828539131e+07 768 7235 3201 12 6 7 7 3.94950255e-03 7.25009897e-03                                             "" 
 59 3.769978210764e+09 1.293085796085e+07 768 7235 3201 12 6 7 7 3.82069513e-03 7.11157691e-03 outputs/V1e24_D3000_G8/solution/solution-00018 
 60 3.783160941014e+09 1.318273025041e+07 768 7235 3201 12 6 7 7 3.69116605e-03 6.96778997e-03                                             "" 
 61 3.796615709371e+09 1.345476835702e+07 768 7235 3201 12 6 7 7 3.56126931e-03 6.81920394e-03                                             "" 
 62 3.810363648395e+09 1.374793902356e+07 768 7235 3201 12 6 7 7 3.43133909e-03 6.66690441e-03 outputs/V1e24_D3000_G8/solution/solution-00019 
 63 3.824426961894e+09 1.406331349936e+07 768 7235 3201 12 6 7 7 3.30169109e-03 6.51153368e-03                                             "" 
 64 3.838829033849e+09 1.440207195543e+07 768 7235 3201 12 6 7 7 3.17262380e-03 6.35265524e-03                                             "" 
 65 3.853594542246e+09 1.476550839639e+07 768 7235 3201 11 6 7 7 3.04441973e-03 6.19073032e-03                                             "" 
 66 3.868749578244e+09 1.515503599813e+07 768 7235 3201 11 6 7 7 2.91734659e-03 6.02621695e-03                                             "" 
 67 3.884321771028e+09 1.557219278395e+07 768 7235 3201 11 6 7 7 2.79165827e-03 5.85956945e-03 outputs/V1e24_D3000_G8/solution/solution-00020 
 68 3.900340418559e+09 1.601864753127e+07 768 7235 3201 11 6 7 7 2.66759586e-03 5.69123788e-03 outputs/V1e24_D3000_G8/solution/solution-00021 
 69 3.916830036574e+09 1.648961801453e+07 768 7235 3201 11 6 7 7 2.54543598e-03 5.52173403e-03                                             "" 
 70 3.933822350562e+09 1.699231398882e+07 768 7235 3201 11 6 7 7 2.42539859e-03 5.35150473e-03                                             "" 
 71 3.951351428809e+09 1.752907824698e+07 768 7235 3201 11 6 7 7 2.30768945e-03 5.18098524e-03                                             "" 
 72 3.969453368560e+09 1.810193975072e+07 768 7235 3201 11 6 7 7 2.19250390e-03 5.01060291e-03                                             "" 
 73 3.988166419903e+09 1.871305134271e+07 768 7235 3201 11 6 7 7 2.08002724e-03 4.84077608e-03 outputs/V1e24_D3000_G8/solution/solution-00022 
 74 4.007531108170e+09 1.936468826753e+07 768 7235 3201 10 6 7 7 1.97043478e-03 4.67191295e-03 outputs/V1e24_D3000_G8/solution/solution-00023 
 75 4.027590352746e+09 2.005924457590e+07 768 7235 3201 10 6 7 7 1.86389190e-03 4.50441039e-03                                             "" 
 76 4.048389579677e+09 2.079922693104e+07 768 7235 3201 10 6 7 7 1.76055379e-03 4.33912086e-03                                             "" 
 77 4.069976824941e+09 2.158724526392e+07 768 7235 3201 10 6 7 7 1.66056519e-03 4.17828371e-03                                             "" 
 78 4.092402824613e+09 2.242599967193e+07 768 7235 3201 10 6 7 7 1.56405976e-03 4.01989666e-03                                             "" 
 79 4.115721087539e+09 2.331826292628e+07 768 7235 3201 10 6 7 7 1.47115948e-03 3.86429460e-03 outputs/V1e24_D3000_G8/solution/solution-00024 
 80 4.139987945496e+09 2.426685795624e+07 768 7235 3201 10 6 7 7 1.38197372e-03 3.71179292e-03                                             "" 
 81 4.165262575222e+09 2.527462972674e+07 768 7235 3201 10 6 7 7 1.29659823e-03 3.56268613e-03                                             "" 
 82 4.191602776872e+09 2.634020164975e+07 768 7235 3201 10 6 7 7 1.21512636e-03 3.41726886e-03                                             "" 
 83 4.219046674792e+09 2.744389791957e+07 768 7235 3201  9 6 7 7 1.13769091e-03 3.27693007e-03 outputs/V1e24_D3000_G8/solution/solution-00025 
 84 4.247655768642e+09 2.860909385066e+07 768 7235 3201  9 6 7 7 1.06433050e-03 3.14202207e-03                                             "" 
 85 4.277493242060e+09 2.983747341750e+07 768 7235 3201  9 6 7 7 9.95064013e-04 3.01152153e-03                                             "" 
 86 4.308623685302e+09 3.113044324199e+07 768 7235 3201  9 6 7 7 9.29889116e-04 2.88558517e-03 outputs/V1e24_D3000_G8/solution/solution-00026 
 87 4.341112762758e+09 3.248907745569e+07 768 7235 3201  9 6 7 7 8.68781166e-04 2.76641765e-03                                             "" 
 88 4.375026825411e+09 3.391406265317e+07 768 7235 3201  9 6 7 7 8.11692321e-04 2.65217802e-03                                             "" 
 89 4.410410261146e+09 3.538343573573e+07 768 7235 3201  9 6 7 7 7.58582223e-04 2.54275516e-03 outputs/V1e24_D3000_G8/solution/solution-00027 
 90 4.447289435101e+09 3.687917395468e+07 768 7235 3201  8 6 7 7 7.09394685e-04 2.43827471e-03                                             "" 
 91 4.485719988599e+09 3.843055349805e+07 768 7235 3201  8 6 7 7 6.63996175e-04 2.33979561e-03                                             "" 
 92 4.525755459800e+09 4.003547120120e+07 768 7235 3201  8 6 7 7 6.22232394e-04 2.24863484e-03 outputs/V1e24_D3000_G8/solution/solution-00028 
 93 4.567446757223e+09 4.169129742270e+07 768 7235 3201  8 6 7 7 5.83930547e-04 2.16208709e-03                                             "" 
 94 4.610841647915e+09 4.339489069179e+07 768 7235 3201  8 6 7 7 5.48902434e-04 2.08006849e-03 outputs/V1e24_D3000_G8/solution/solution-00029 
 95 4.655952721491e+09 4.511107357573e+07 768 7235 3201  8 5 6 6 5.16968821e-04 2.00273812e-03                                             "" 
 96 4.702763634493e+09 4.681091300209e+07 768 7235 3201  8 5 6 6 4.87946806e-04 1.93155808e-03 outputs/V1e24_D3000_G8/solution/solution-00030 
 97 4.751299581270e+09 4.853594677699e+07 768 7235 3201  8 5 6 6 4.61612889e-04 1.86451858e-03                                             "" 
 98 4.801580657173e+09 5.028107590341e+07 768 7235 3201  8 5 6 6 4.37747175e-04 1.80146751e-03 outputs/V1e24_D3000_G8/solution/solution-00031 
 99 4.853621562326e+09 5.204090515248e+07 768 7235 3201  7 5 6 6 4.16137177e-04 1.74325982e-03                                             "" 
100 4.907431324873e+09 5.380976254725e+07 768 7235 3201  7 5 6 6 3.96581164e-04 1.68931929e-03 outputs/V1e24_D3000_G8/solution/solution-00032 
