# 1: Time step number
# 2: Time (years)
# 3: Time step size (years)
# 4: Number of mesh cells
# 5: Number of Stokes degrees of freedom
# 6: Number of temperature degrees of freedom
# 7: Iterations for temperature solver
# 8: Iterations for Stokes solver
# 9: Velocity iterations in Stokes preconditioner
# 10: Schur complement iterations in Stokes preconditioner
# 11: RMS velocity (m/year)
# 12: Max. velocity (m/year)
# 13: Visualization file name
  0 0.000000000000e+00 0.000000000000e+00 768 7235 3201  0 8 9 9 4.01300891e-09 7.05630225e-09 outputs/V3.3e26_D100_G2/solution/solution-00000 
  1 1.392571516413e+09 1.392571516413e+09 768 7235 3201 32 8 9 9 3.79820029e-09 6.40583183e-09 outputs/V3.3e26_D100_G2/solution/solution-00001 
  2 2.785143032825e+09 1.392571516413e+09 768 7235 3201 25 8 9 9 3.59905885e-09 6.07294942e-09 outputs/V3.3e26_D100_G2/solution/solution-00002 
  3 4.177714549238e+09 1.392571516413e+09 768 7235 3201 24 8 9 9 3.41209475e-09 5.75874935e-09 outputs/V3.3e26_D100_G2/solution/solution-00003 
  4 5.570286065650e+09 1.392571516413e+09 768 7235 3201 23 8 9 9 3.23508270e-09 5.46110044e-09 outputs/V3.3e26_D100_G2/solution/solution-00004 
  5 6.962857582063e+09 1.392571516413e+09 768 7235 3201 23 8 9 9 3.06762912e-09 5.17936431e-09 outputs/V3.3e26_D100_G2/solution/solution-00005 
  6 8.355429098476e+09 1.392571516413e+09 768 7235 3201 22 8 9 9 2.90919466e-09 4.91266895e-09 outputs/V3.3e26_D100_G2/solution/solution-00006 
  7 9.748000614888e+09 1.392571516413e+09 768 7235 3201 21 8 9 9 2.75924662e-09 4.66013049e-09 outputs/V3.3e26_D100_G2/solution/solution-00007 
  8 1.114057213130e+10 1.392571516413e+09 768 7235 3201 21 8 9 9 2.61728065e-09 4.42091482e-09 outputs/V3.3e26_D100_G2/solution/solution-00008 
  9 1.253314364771e+10 1.392571516413e+09 768 7235 3201 21 8 9 9 2.48282688e-09 4.19424902e-09 outputs/V3.3e26_D100_G2/solution/solution-00009 
 10 1.392571516413e+10 1.392571516413e+09 768 7235 3201 20 8 9 9 2.35544969e-09 3.97941853e-09 outputs/V3.3e26_D100_G2/solution/solution-00010 
 11 1.531828668054e+10 1.392571516413e+09 768 7235 3201 20 8 9 9 2.23474518e-09 3.77576114e-09 outputs/V3.3e26_D100_G2/solution/solution-00011 
 12 1.671085819695e+10 1.392571516413e+09 768 7235 3201 20 8 9 9 2.12033806e-09 3.58266107e-09 outputs/V3.3e26_D100_G2/solution/solution-00012 
 13 1.810342971336e+10 1.392571516413e+09 768 7235 3201 20 8 9 9 2.01187884e-09 3.39954376e-09 outputs/V3.3e26_D100_G2/solution/solution-00013 
 14 1.949600122978e+10 1.392571516413e+09 768 7235 3201 20 8 9 9 1.90904129e-09 3.22587165e-09 outputs/V3.3e26_D100_G2/solution/solution-00014 
 15 2.088857274619e+10 1.392571516413e+09 768 7235 3201 20 8 9 9 1.81152018e-09 3.06114058e-09 outputs/V3.3e26_D100_G2/solution/solution-00015 
 16 2.228114426260e+10 1.392571516413e+09 768 7235 3201 19 8 9 9 1.71902944e-09 2.90487679e-09 outputs/V3.3e26_D100_G2/solution/solution-00016 
 17 2.367371577901e+10 1.392571516413e+09 768 7235 3201 19 8 9 9 1.63130047e-09 2.75663435e-09 outputs/V3.3e26_D100_G2/solution/solution-00017 
 18 2.506628729543e+10 1.392571516413e+09 768 7235 3201 19 8 9 9 1.54808070e-09 2.61599301e-09 outputs/V3.3e26_D100_G2/solution/solution-00018 
 19 2.645885881184e+10 1.392571516413e+09 768 7235 3201 19 8 9 9 1.46913236e-09 2.48255621e-09 outputs/V3.3e26_D100_G2/solution/solution-00019 
 20 2.785143032825e+10 1.392571516413e+09 768 7235 3201 19 8 9 9 1.39423132e-09 2.35594947e-09 outputs/V3.3e26_D100_G2/solution/solution-00020 
 21 2.924400184466e+10 1.392571516413e+09 768 7235 3201 19 8 9 9 1.32316613e-09 2.23581884e-09 outputs/V3.3e26_D100_G2/solution/solution-00021 
 22 3.063657336108e+10 1.392571516413e+09 768 7235 3201 19 8 9 9 1.25573712e-09 2.12182957e-09 outputs/V3.3e26_D100_G2/solution/solution-00022 
 23 3.202914487749e+10 1.392571516413e+09 768 7235 3201 19 8 9 9 1.19175562e-09 2.01366489e-09 outputs/V3.3e26_D100_G2/solution/solution-00023 
 24 3.342171639390e+10 1.392571516413e+09 768 7235 3201 19 8 9 9 1.13104325e-09 1.91102493e-09 outputs/V3.3e26_D100_G2/solution/solution-00024 
 25 3.481428791032e+10 1.392571516413e+09 768 7235 3201 18 8 9 9 1.07343125e-09 1.81362569e-09 outputs/V3.3e26_D100_G2/solution/solution-00025 
 26 3.620685942673e+10 1.392571516413e+09 768 7235 3201 18 8 9 9 1.01875989e-09 1.72119810e-09 outputs/V3.3e26_D100_G2/solution/solution-00026 
 27 3.759943094314e+10 1.392571516413e+09 768 7235 3201 18 8 9 9 9.66877937e-10 1.63348719e-09 outputs/V3.3e26_D100_G2/solution/solution-00027 
 28 3.899200245955e+10 1.392571516413e+09 768 7235 3201 18 8 9 9 9.17642147e-10 1.55025130e-09 outputs/V3.3e26_D100_G2/solution/solution-00028 
 29 4.038457397597e+10 1.392571516413e+09 768 7235 3201 18 8 9 9 8.70916808e-10 1.47126132e-09 outputs/V3.3e26_D100_G2/solution/solution-00029 
 30 4.177714549238e+10 1.392571516413e+09 768 7235 3201 18 8 9 9 8.26573307e-10 1.39630002e-09 outputs/V3.3e26_D100_G2/solution/solution-00030 
 31 4.316971700879e+10 1.392571516413e+09 768 7235 3201 18 8 9 9 7.84489735e-10 1.32516137e-09 outputs/V3.3e26_D100_G2/solution/solution-00031 
 32 4.456228852520e+10 1.392571516413e+09 768 7235 3201 18 8 9 9 7.44550514e-10 1.25765001e-09 outputs/V3.3e26_D100_G2/solution/solution-00032 
 33 4.595486004162e+10 1.392571516413e+09 768 7235 3201 18 8 9 9 7.06646055e-10 1.19358061e-09 outputs/V3.3e26_D100_G2/solution/solution-00033 
 34 4.734743155803e+10 1.392571516413e+09 768 7235 3201 18 8 9 9 6.70672429e-10 1.13277737e-09 outputs/V3.3e26_D100_G2/solution/solution-00034 
 35 4.874000307444e+10 1.392571516413e+09 768 7235 3201 18 8 9 9 6.36531066e-10 1.07507354e-09 outputs/V3.3e26_D100_G2/solution/solution-00035 
 36 5.013257459085e+10 1.392571516413e+09 768 7235 3201 18 8 9 9 6.04128467e-10 1.02031091e-09 outputs/V3.3e26_D100_G2/solution/solution-00036 
 37 5.152514610727e+10 1.392571516413e+09 768 7235 3201 18 8 9 9 5.73375938e-10 9.68339356e-10 outputs/V3.3e26_D100_G2/solution/solution-00037 
 38 5.291771762368e+10 1.392571516413e+09 768 7235 3201 18 8 9 9 5.44189337e-10 9.19016478e-10 outputs/V3.3e26_D100_G2/solution/solution-00038 
 39 5.431028914009e+10 1.392571516413e+09 768 7235 3201 18 8 9 9 5.16488833e-10 8.72207144e-10 outputs/V3.3e26_D100_G2/solution/solution-00039 
 40 5.570286065650e+10 1.392571516413e+09 768 7235 3201 18 8 9 9 4.90198681e-10 8.27783140e-10 outputs/V3.3e26_D100_G2/solution/solution-00040 
 41 5.709543217292e+10 1.392571516413e+09 768 7235 3201 18 8 9 9 4.65247014e-10 7.85622803e-10 outputs/V3.3e26_D100_G2/solution/solution-00041 
 42 5.848800368933e+10 1.392571516413e+09 768 7235 3201 18 8 9 9 4.41565636e-10 7.45610692e-10 outputs/V3.3e26_D100_G2/solution/solution-00042 
 43 5.988057520574e+10 1.392571516413e+09 768 7235 3201 17 8 9 9 4.19089838e-10 7.07637264e-10 outputs/V3.3e26_D100_G2/solution/solution-00043 
 44 6.127314672215e+10 1.392571516413e+09 768 7235 3201 17 8 9 9 3.97758211e-10 6.71598568e-10 outputs/V3.3e26_D100_G2/solution/solution-00044 
 45 6.266571823857e+10 1.392571516413e+09 768 7235 3201 17 8 9 9 3.77512483e-10 6.37395962e-10 outputs/V3.3e26_D100_G2/solution/solution-00045 
 46 6.405828975498e+10 1.392571516413e+09 768 7235 3201 17 8 9 9 3.58297354e-10 6.04935840e-10 outputs/V3.3e26_D100_G2/solution/solution-00046 
 47 6.545086127139e+10 1.392571516413e+09 768 7235 3201 17 8 9 9 3.40060343e-10 5.74129375e-10 outputs/V3.3e26_D100_G2/solution/solution-00047 
 48 6.684343278781e+10 1.392571516413e+09 768 7235 3201 17 8 9 9 3.22751647e-10 5.44892274e-10 outputs/V3.3e26_D100_G2/solution/solution-00048 
 49 6.823600430422e+10 1.392571516413e+09 768 7235 3201 17 8 9 9 3.06324000e-10 5.17144542e-10 outputs/V3.3e26_D100_G2/solution/solution-00049 
 50 6.962857582063e+10 1.392571516413e+09 768 7235 3201 17 8 9 9 2.90732545e-10 4.90810270e-10 outputs/V3.3e26_D100_G2/solution/solution-00050 
 51 7.102114733704e+10 1.392571516413e+09 768 7235 3201 17 8 9 9 2.75934712e-10 4.65817417e-10 outputs/V3.3e26_D100_G2/solution/solution-00051 
 52 7.241371885346e+10 1.392571516413e+09 768 7235 3201 17 8 9 9 2.61890097e-10 4.42097621e-10 outputs/V3.3e26_D100_G2/solution/solution-00052 
 53 7.380629036987e+10 1.392571516413e+09 768 7235 3201 17 8 9 9 2.48560357e-10 4.19586004e-10 outputs/V3.3e26_D100_G2/solution/solution-00053 
 54 7.519886188628e+10 1.392571516413e+09 768 7235 3201 17 8 9 9 2.35909100e-10 3.98220999e-10 outputs/V3.3e26_D100_G2/solution/solution-00054 
 55 7.659143340269e+10 1.392571516413e+09 768 7235 3201 17 8 9 9 2.23901788e-10 3.77944177e-10 outputs/V3.3e26_D100_G2/solution/solution-00055 
 56 7.798400491911e+10 1.392571516413e+09 768 7235 3201 17 8 9 9 2.12505641e-10 3.58700090e-10 outputs/V3.3e26_D100_G2/solution/solution-00056 
 57 7.937657643552e+10 1.392571516413e+09 768 7235 3201 17 8 9 9 2.01689550e-10 3.40436116e-10 outputs/V3.3e26_D100_G2/solution/solution-00057 
 58 8.076914795193e+10 1.392571516413e+09 768 7235 3201 17 8 9 9 1.91423987e-10 3.23102317e-10 outputs/V3.3e26_D100_G2/solution/solution-00058 
 59 8.216171946834e+10 1.392571516413e+09 768 7235 3201 17 8 9 9 1.81680931e-10 3.06651301e-10 outputs/V3.3e26_D100_G2/solution/solution-00059 
 60 8.355429098476e+10 1.392571516413e+09 768 7235 3201 17 8 9 9 1.72433784e-10 2.91038093e-10 outputs/V3.3e26_D100_G2/solution/solution-00060 
 61 8.494686250117e+10 1.392571516413e+09 768 7235 3201 17 8 9 9 1.63657305e-10 2.76220008e-10 outputs/V3.3e26_D100_G2/solution/solution-00061 
 62 8.633943401758e+10 1.392571516413e+09 768 7235 3201 17 8 9 9 1.55327536e-10 2.62156540e-10 outputs/V3.3e26_D100_G2/solution/solution-00062 
 63 8.773200553399e+10 1.392571516413e+09 768 7235 3201 17 8 9 9 1.47421740e-10 2.48809247e-10 outputs/V3.3e26_D100_G2/solution/solution-00063 
 64 8.912457705041e+10 1.392571516413e+09 768 7235 3201 17 8 9 9 1.39918336e-10 2.36141644e-10 outputs/V3.3e26_D100_G2/solution/solution-00064 
 65 9.051714856682e+10 1.392571516413e+09 768 7235 3201 17 8 9 9 1.32796844e-10 2.24119110e-10 outputs/V3.3e26_D100_G2/solution/solution-00065 
 66 9.190972008323e+10 1.392571516413e+09 768 7235 3201 17 8 9 9 1.26037823e-10 2.12708784e-10 outputs/V3.3e26_D100_G2/solution/solution-00066 
 67 9.330229159964e+10 1.392571516413e+09 768 7235 3201 17 8 9 9 1.19622824e-10 2.01879483e-10 outputs/V3.3e26_D100_G2/solution/solution-00067 
 68 9.469486311606e+10 1.392571516413e+09 768 7235 3201 17 8 9 9 1.13534337e-10 1.91601611e-10 outputs/V3.3e26_D100_G2/solution/solution-00068 
 69 9.608743463247e+10 1.392571516413e+09 768 7235 3201 16 8 9 9 1.07755744e-10 1.81847084e-10 outputs/V3.3e26_D100_G2/solution/solution-00069 
 70 9.748000614888e+10 1.392571516413e+09 768 7235 3201 16 8 9 9 1.02271271e-10 1.72589245e-10 outputs/V3.3e26_D100_G2/solution/solution-00070 
 71 9.887257766530e+10 1.392571516413e+09 768 7235 3201 16 8 9 9 9.70659463e-11 1.63802795e-10 outputs/V3.3e26_D100_G2/solution/solution-00071 
 72 1.002651491817e+11 1.392571516413e+09 768 7235 3201 16 8 9 9 9.21255627e-11 1.55463726e-10 outputs/V3.3e26_D100_G2/solution/solution-00072 
 73 1.016577206981e+11 1.392571516413e+09 768 7235 3201 16 8 9 9 8.74366349e-11 1.47549254e-10 outputs/V3.3e26_D100_G2/solution/solution-00073 
 74 1.030502922145e+11 1.392571516413e+09 768 7235 3201 16 8 9 9 8.29863638e-11 1.40037754e-10 outputs/V3.3e26_D100_G2/solution/solution-00074 
 75 1.044428637309e+11 1.392571516413e+09 768 7235 3201 16 8 9 9 7.87626024e-11 1.32908704e-10 outputs/V3.3e26_D100_G2/solution/solution-00075 
 76 1.058354352474e+11 1.392571516413e+09 768 7235 3201 16 8 9 9 7.47538216e-11 1.26142626e-10 outputs/V3.3e26_D100_G2/solution/solution-00076 
 77 1.072280067638e+11 1.392571516413e+09 768 7235 3201 16 8 9 9 7.09490792e-11 1.19721036e-10 outputs/V3.3e26_D100_G2/solution/solution-00077 
 78 1.086205782802e+11 1.392571516413e+09 768 7235 3201 16 8 9 9 6.73379900e-11 1.13626392e-10 outputs/V3.3e26_D100_G2/solution/solution-00078 
 79 1.100131497966e+11 1.392571516413e+09 768 7235 3201 16 8 9 9 6.39106974e-11 1.07842044e-10 outputs/V3.3e26_D100_G2/solution/solution-00079 
 80 1.114057213130e+11 1.392571516413e+09 768 7235 3201 16 8 9 9 6.06578463e-11 1.02352191e-10 outputs/V3.3e26_D100_G2/solution/solution-00080 
 81 1.127982928294e+11 1.392571516413e+09 768 7235 3201 16 8 9 9 5.75705582e-11 9.71418364e-11 outputs/V3.3e26_D100_G2/solution/solution-00081 
 82 1.141908643458e+11 1.392571516413e+09 768 7235 3201 16 8 9 9 5.46404061e-11 9.21967481e-11 outputs/V3.3e26_D100_G2/solution/solution-00082 
 83 1.155834358622e+11 1.392571516413e+09 768 7235 3201 16 8 9 9 5.18593919e-11 8.75034188e-11 outputs/V3.3e26_D100_G2/solution/solution-00083 
 84 1.169760073787e+11 1.392571516413e+09 768 7235 3201 16 8 9 9 4.92199250e-11 8.30490292e-11 outputs/V3.3e26_D100_G2/solution/solution-00084 
 85 1.183685788951e+11 1.392571516413e+09 768 7235 3201 16 8 9 9 4.67148007e-11 7.88214123e-11 outputs/V3.3e26_D100_G2/solution/solution-00085 
 86 1.197611504115e+11 1.392571516413e+09 768 7235 3201 16 8 9 9 4.43371813e-11 7.48090219e-11 outputs/V3.3e26_D100_G2/solution/solution-00086 
 87 1.211537219279e+11 1.392571516413e+09 768 7235 3201 16 8 9 9 4.20805770e-11 7.10008988e-11 outputs/V3.3e26_D100_G2/solution/solution-00087 
 88 1.225462934443e+11 1.392571516413e+09 768 7235 3201 16 8 9 9 3.99388285e-11 6.73866429e-11 outputs/V3.3e26_D100_G2/solution/solution-00088 
 89 1.239388649607e+11 1.392571516413e+09 768 7235 3201 16 8 9 9 3.79060896e-11 6.39563827e-11 outputs/V3.3e26_D100_G2/solution/solution-00089 
 90 1.253314364771e+11 1.392571516413e+09 768 7235 3201 16 8 9 9 3.59768121e-11 6.07007504e-11 outputs/V3.3e26_D100_G2/solution/solution-00090 
 91 1.267240079935e+11 1.392571516413e+09 768 7235 3201 16 8 9 9 3.41457299e-11 5.76108549e-11 outputs/V3.3e26_D100_G2/solution/solution-00091 
 92 1.281165795100e+11 1.392571516413e+09 768 7235 3201 16 8 9 9 3.24078451e-11 5.46782577e-11 outputs/V3.3e26_D100_G2/solution/solution-00092 
 93 1.295091510264e+11 1.392571516413e+09 768 7235 3201 16 8 9 9 3.07584142e-11 5.18949503e-11 outputs/V3.3e26_D100_G2/solution/solution-00093 
 94 1.309017225428e+11 1.392571516413e+09 768 7235 3201 15 8 9 9 2.91929359e-11 4.92533342e-11 outputs/V3.3e26_D100_G2/solution/solution-00094 
 95 1.322942940592e+11 1.392571516413e+09 768 7235 3201 15 8 9 9 2.77071365e-11 4.67461935e-11 outputs/V3.3e26_D100_G2/solution/solution-00095 
 96 1.336868655756e+11 1.392571516413e+09 768 7235 3201 15 8 9 9 2.62969604e-11 4.43666819e-11 outputs/V3.3e26_D100_G2/solution/solution-00096 
 97 1.350794370920e+11 1.392571516413e+09 768 7235 3201 15 8 9 9 2.49585584e-11 4.21083011e-11 outputs/V3.3e26_D100_G2/solution/solution-00097 
 98 1.364720086084e+11 1.392571516413e+09 768 7235 3201 15 8 9 9 2.36882774e-11 3.99648843e-11 outputs/V3.3e26_D100_G2/solution/solution-00098 
 99 1.378645801248e+11 1.392571516413e+09 768 7235 3201 15 8 9 9 2.24826499e-11 3.79305786e-11 outputs/V3.3e26_D100_G2/solution/solution-00099 
100 1.392571516413e+11 1.392571516413e+09 768 7235 3201 15 8 9 9 2.13383856e-11 3.59998293e-11 outputs/V3.3e26_D100_G2/solution/solution-00100 
