# 1: Time step number
# 2: Time (years)
# 3: Time step size (years)
# 4: Number of mesh cells
# 5: Number of Stokes degrees of freedom
# 6: Number of temperature degrees of freedom
# 7: Iterations for temperature solver
# 8: Iterations for Stokes solver
# 9: Velocity iterations in Stokes preconditioner
# 10: Schur complement iterations in Stokes preconditioner
# 11: RMS velocity (m/year)
# 12: Max. velocity (m/year)
# 13: Visualization file name
  0 0.000000000000e+00 0.000000000000e+00 768 7235 3201  0 8 9 9 1.72500125e-07 8.38086616e-07 outputs/V1e25_D10000_G2/solution/solution-00000 
  1 1.392571516413e+09 1.392571516413e+09 768 7235 3201 32 8 9 9 2.04196469e-07 5.13677918e-07 outputs/V1e25_D10000_G2/solution/solution-00001 
  2 2.785143032825e+09 1.392571516413e+09 768 7235 3201 26 8 9 9 2.99042023e-07 5.17964842e-07 outputs/V1e25_D10000_G2/solution/solution-00002 
  3 4.177714549238e+09 1.392571516413e+09 768 7235 3201 25 8 9 9 4.37536110e-07 7.73602782e-07 outputs/V1e25_D10000_G2/solution/solution-00003 
  4 5.570286065650e+09 1.392571516413e+09 768 7235 3201 24 8 9 9 6.17817149e-07 1.11406130e-06 outputs/V1e25_D10000_G2/solution/solution-00004 
  5 6.962857582063e+09 1.392571516413e+09 768 7235 3201 23 8 9 9 8.42700755e-07 1.54779295e-06 outputs/V1e25_D10000_G2/solution/solution-00005 
  6 8.355429098476e+09 1.392571516413e+09 768 7235 3201 22 8 9 9 1.11387056e-06 2.08043579e-06 outputs/V1e25_D10000_G2/solution/solution-00006 
  7 9.748000614888e+09 1.392571516413e+09 768 7235 3201 22 8 9 9 1.43151778e-06 2.71410290e-06 outputs/V1e25_D10000_G2/solution/solution-00007 
  8 1.114057213130e+10 1.392571516413e+09 768 7235 3201 22 8 9 9 1.79430617e-06 3.44723744e-06 outputs/V1e25_D10000_G2/solution/solution-00008 
  9 1.253314364771e+10 1.392571516413e+09 768 7235 3201 21 8 9 9 2.19955066e-06 4.27490236e-06 outputs/V1e25_D10000_G2/solution/solution-00009 
 10 1.392571516413e+10 1.392571516413e+09 768 7235 3201 21 8 9 9 2.64350776e-06 5.18936066e-06 outputs/V1e25_D10000_G2/solution/solution-00010 
 11 1.531828668054e+10 1.392571516413e+09 768 7235 3201 21 8 9 9 3.12170837e-06 6.18080381e-06 outputs/V1e25_D10000_G2/solution/solution-00011 
 12 1.671085819695e+10 1.392571516413e+09 768 7235 3201 21 8 9 9 3.62928348e-06 7.23810713e-06 outputs/V1e25_D10000_G2/solution/solution-00012 
 13 1.810342971336e+10 1.392571516413e+09 768 7235 3201 21 8 9 9 4.16125054e-06 8.34952425e-06 outputs/V1e25_D10000_G2/solution/solution-00013 
 14 1.949600122978e+10 1.392571516413e+09 768 7235 3201 21 8 9 9 4.71274400e-06 9.50468464e-06 outputs/V1e25_D10000_G2/solution/solution-00014 
 15 2.088857274619e+10 1.392571516413e+09 768 7235 3201 20 8 9 9 5.27918566e-06 1.06918673e-05 outputs/V1e25_D10000_G2/solution/solution-00015 
 16 2.228114426260e+10 1.392571516413e+09 768 7235 3201 20 8 9 9 5.85639846e-06 1.19002718e-05 outputs/V1e25_D10000_G2/solution/solution-00016 
 17 2.367371577901e+10 1.392571516413e+09 768 7235 3201 20 8 9 9 6.44067175e-06 1.31203200e-05 outputs/V1e25_D10000_G2/solution/solution-00017 
 18 2.506628729543e+10 1.392571516413e+09 768 7235 3201 20 8 9 9 7.02878787e-06 1.43434696e-05 outputs/V1e25_D10000_G2/solution/solution-00018 
 19 2.645885881184e+10 1.392571516413e+09 768 7235 3201 20 8 9 9 7.61801946e-06 1.55622511e-05 outputs/V1e25_D10000_G2/solution/solution-00019 
 20 2.785143032825e+10 1.392571516413e+09 768 7235 3201 20 7 8 8 8.20610613e-06 1.67752932e-05 outputs/V1e25_D10000_G2/solution/solution-00020 
 21 2.924400184466e+10 1.392571516413e+09 768 7235 3201 20 7 8 8 8.79121731e-06 1.79790172e-05 outputs/V1e25_D10000_G2/solution/solution-00021 
 22 3.063657336108e+10 1.392571516413e+09 768 7235 3201 20 7 8 8 9.37190691e-06 1.91643609e-05 outputs/V1e25_D10000_G2/solution/solution-00022 
 23 3.202914487749e+10 1.392571516413e+09 768 7235 3201 20 7 8 8 9.94706399e-06 2.03277195e-05 outputs/V1e25_D10000_G2/solution/solution-00023 
 24 3.342171639390e+10 1.392571516413e+09 768 7235 3201 20 7 8 8 1.05158625e-05 2.14698487e-05 outputs/V1e25_D10000_G2/solution/solution-00024 
 25 3.481428791032e+10 1.392571516413e+09 768 7235 3201 20 7 8 8 1.10777124e-05 2.25921665e-05 outputs/V1e25_D10000_G2/solution/solution-00025 
 26 3.620685942673e+10 1.392571516413e+09 768 7235 3201 20 7 8 8 1.16322133e-05 2.36870258e-05 outputs/V1e25_D10000_G2/solution/solution-00026 
 27 3.759943094314e+10 1.392571516413e+09 768 7235 3201 20 7 8 8 1.21791130e-05 2.47597563e-05 outputs/V1e25_D10000_G2/solution/solution-00027 
 28 3.899200245955e+10 1.392571516413e+09 768 7235 3201 20 7 8 8 1.27182694e-05 2.58093346e-05 outputs/V1e25_D10000_G2/solution/solution-00028 
 29 4.038457397597e+10 1.392571516413e+09 768 7235 3201 20 7 8 8 1.32496182e-05 2.68298185e-05 outputs/V1e25_D10000_G2/solution/solution-00029 
 30 4.177714549238e+10 1.392571516413e+09 768 7235 3201 20 7 8 8 1.37731451e-05 2.78208488e-05 outputs/V1e25_D10000_G2/solution/solution-00030 
 31 4.316971700879e+10 1.392571516413e+09 768 7235 3201 20 7 8 8 1.42888637e-05 2.87991683e-05 outputs/V1e25_D10000_G2/solution/solution-00031 
 32 4.456228852520e+10 1.392571516413e+09 768 7235 3201 20 7 8 8 1.47967969e-05 2.97542374e-05 outputs/V1e25_D10000_G2/solution/solution-00032 
 33 4.595486004162e+10 1.392571516413e+09 768 7235 3201 20 7 8 8 1.52969637e-05 3.06808238e-05 outputs/V1e25_D10000_G2/solution/solution-00033 
 34 4.734743155803e+10 1.392571516413e+09 768 7235 3201 20 7 8 8 1.57893696e-05 3.15790543e-05 outputs/V1e25_D10000_G2/solution/solution-00034 
 35 4.874000307444e+10 1.392571516413e+09 768 7235 3201 20 7 8 8 1.62739997e-05 3.24580438e-05 outputs/V1e25_D10000_G2/solution/solution-00035 
 36 5.013257459085e+10 1.392571516413e+09 768 7235 3201 20 7 8 8 1.67508161e-05 3.33140416e-05 outputs/V1e25_D10000_G2/solution/solution-00036 
 37 5.152514610727e+10 1.392571516413e+09 768 7235 3201 20 6 7 7 1.72197565e-05 3.41426196e-05 outputs/V1e25_D10000_G2/solution/solution-00037 
 38 5.291771762368e+10 1.392571516413e+09 768 7235 3201 20 6 7 7 1.76807357e-05 3.49441116e-05 outputs/V1e25_D10000_G2/solution/solution-00038 
 39 5.431028914009e+10 1.392571516413e+09 768 7235 3201 20 6 7 7 1.81336480e-05 3.57277484e-05 outputs/V1e25_D10000_G2/solution/solution-00039 
 40 5.570286065650e+10 1.392571516413e+09 768 7235 3201 20 6 7 7 1.85783712e-05 3.64878275e-05 outputs/V1e25_D10000_G2/solution/solution-00040 
 41 5.709543217292e+10 1.392571516413e+09 768 7235 3201 20 6 7 7 1.90147709e-05 3.72216777e-05 outputs/V1e25_D10000_G2/solution/solution-00041 
 42 5.848800368933e+10 1.392571516413e+09 768 7235 3201 20 6 7 7 1.94427057e-05 3.79297200e-05 outputs/V1e25_D10000_G2/solution/solution-00042 
 43 5.988057520574e+10 1.392571516413e+09 768 7235 3201 20 6 7 7 1.98620323e-05 3.86124144e-05 outputs/V1e25_D10000_G2/solution/solution-00043 
 44 6.127314672215e+10 1.392571516413e+09 768 7235 3201 20 6 7 7 2.02726106e-05 3.92702552e-05 outputs/V1e25_D10000_G2/solution/solution-00044 
 45 6.266571823857e+10 1.392571516413e+09 768 7235 3201 20 6 7 7 2.06743084e-05 3.99037664e-05 outputs/V1e25_D10000_G2/solution/solution-00045 
 46 6.405828975498e+10 1.392571516413e+09 768 7235 3201 20 6 7 7 2.10670065e-05 4.05134990e-05 outputs/V1e25_D10000_G2/solution/solution-00046 
 47 6.545086127139e+10 1.392571516413e+09 768 7235 3201 20 6 7 7 2.14506017e-05 4.11000272e-05 outputs/V1e25_D10000_G2/solution/solution-00047 
 48 6.684343278781e+10 1.392571516413e+09 768 7235 3201 20 6 7 7 2.18250111e-05 4.16655568e-05 outputs/V1e25_D10000_G2/solution/solution-00048 
 49 6.823600430422e+10 1.392571516413e+09 768 7235 3201 20 6 7 7 2.21901745e-05 4.22136844e-05 outputs/V1e25_D10000_G2/solution/solution-00049 
 50 6.962857582063e+10 1.392571516413e+09 768 7235 3201 20 6 7 7 2.25460568e-05 4.27390979e-05 outputs/V1e25_D10000_G2/solution/solution-00050 
 51 7.102114733704e+10 1.392571516413e+09 768 7235 3201 20 6 7 7 2.28926491e-05 4.32424332e-05 outputs/V1e25_D10000_G2/solution/solution-00051 
 52 7.241371885346e+10 1.392571516413e+09 768 7235 3201 19 6 7 7 2.32299704e-05 4.37243489e-05 outputs/V1e25_D10000_G2/solution/solution-00052 
 53 7.380629036987e+10 1.392571516413e+09 768 7235 3201 19 6 7 7 2.35580673e-05 4.41855233e-05 outputs/V1e25_D10000_G2/solution/solution-00053 
 54 7.519886188628e+10 1.392571516413e+09 768 7235 3201 19 6 7 7 2.38770141e-05 4.46266513e-05 outputs/V1e25_D10000_G2/solution/solution-00054 
 55 7.659143340269e+10 1.392571516413e+09 768 7235 3201 19 6 7 7 2.41869122e-05 4.50484412e-05 outputs/V1e25_D10000_G2/solution/solution-00055 
 56 7.798400491911e+10 1.392571516413e+09 768 7235 3201 19 6 7 7 2.44878889e-05 4.54516113e-05 outputs/V1e25_D10000_G2/solution/solution-00056 
 57 7.937657643552e+10 1.392571516413e+09 768 7235 3201 19 6 7 7 2.47800960e-05 4.58368874e-05 outputs/V1e25_D10000_G2/solution/solution-00057 
 58 8.076914795193e+10 1.392571516413e+09 768 7235 3201 19 6 7 7 2.50637080e-05 4.62049991e-05 outputs/V1e25_D10000_G2/solution/solution-00058 
 59 8.216171946834e+10 1.392571516413e+09 768 7235 3201 19 6 7 7 2.53389202e-05 4.65589100e-05 outputs/V1e25_D10000_G2/solution/solution-00059 
 60 8.355429098476e+10 1.392571516413e+09 768 7235 3201 19 6 7 7 2.56059465e-05 4.69024098e-05 outputs/V1e25_D10000_G2/solution/solution-00060 
 61 8.494686250117e+10 1.392571516413e+09 768 7235 3201 19 6 7 7 2.58650170e-05 4.72319205e-05 outputs/V1e25_D10000_G2/solution/solution-00061 
 62 8.633943401758e+10 1.392571516413e+09 768 7235 3201 19 6 7 7 2.61163756e-05 4.75481019e-05 outputs/V1e25_D10000_G2/solution/solution-00062 
 63 8.773200553399e+10 1.392571516413e+09 768 7235 3201 19 6 7 7 2.63602778e-05 4.78516036e-05 outputs/V1e25_D10000_G2/solution/solution-00063 
 64 8.912457705041e+10 1.392571516413e+09 768 7235 3201 19 6 7 7 2.65969882e-05 4.81430635e-05 outputs/V1e25_D10000_G2/solution/solution-00064 
 65 9.051714856682e+10 1.392571516413e+09 768 7235 3201 19 6 7 7 2.68267781e-05 4.84231058e-05 outputs/V1e25_D10000_G2/solution/solution-00065 
 66 9.190972008323e+10 1.392571516413e+09 768 7235 3201 19 6 7 7 2.70499233e-05 4.86923399e-05 outputs/V1e25_D10000_G2/solution/solution-00066 
 67 9.330229159964e+10 1.392571516413e+09 768 7235 3201 19 6 7 7 2.72667022e-05 4.89513591e-05 outputs/V1e25_D10000_G2/solution/solution-00067 
 68 9.469486311606e+10 1.392571516413e+09 768 7235 3201 19 6 7 7 2.74773935e-05 4.92007392e-05 outputs/V1e25_D10000_G2/solution/solution-00068 
 69 9.608743463247e+10 1.392571516413e+09 768 7235 3201 19 6 7 7 2.76822744e-05 4.94410374e-05 outputs/V1e25_D10000_G2/solution/solution-00069 
 70 9.748000614888e+10 1.392571516413e+09 768 7235 3201 19 6 7 7 2.78816193e-05 4.96727920e-05 outputs/V1e25_D10000_G2/solution/solution-00070 
 71 9.887257766530e+10 1.392571516413e+09 768 7235 3201 19 6 7 7 2.80756977e-05 4.98965208e-05 outputs/V1e25_D10000_G2/solution/solution-00071 
 72 1.002651491817e+11 1.392571516413e+09 768 7235 3201 19 6 7 7 2.82647734e-05 5.01127214e-05 outputs/V1e25_D10000_G2/solution/solution-00072 
 73 1.016577206981e+11 1.392571516413e+09 768 7235 3201 19 6 7 7 2.84491032e-05 5.03262875e-05 outputs/V1e25_D10000_G2/solution/solution-00073 
 74 1.030502922145e+11 1.392571516413e+09 768 7235 3201 19 6 7 7 2.86289358e-05 5.05387103e-05 outputs/V1e25_D10000_G2/solution/solution-00074 
 75 1.044428637309e+11 1.392571516413e+09 768 7235 3201 19 6 7 7 2.88045108e-05 5.07451430e-05 outputs/V1e25_D10000_G2/solution/solution-00075 
 76 1.058354352474e+11 1.392571516413e+09 768 7235 3201 19 6 7 7 2.89760587e-05 5.09459721e-05 outputs/V1e25_D10000_G2/solution/solution-00076 
 77 1.072280067638e+11 1.392571516413e+09 768 7235 3201 19 6 7 7 2.91437995e-05 5.11415638e-05 outputs/V1e25_D10000_G2/solution/solution-00077 
 78 1.086205782802e+11 1.392571516413e+09 768 7235 3201 19 6 7 7 2.93079430e-05 5.13322647e-05 outputs/V1e25_D10000_G2/solution/solution-00078 
 79 1.100131497966e+11 1.392571516413e+09 768 7235 3201 19 6 7 7 2.94686882e-05 5.15184018e-05 outputs/V1e25_D10000_G2/solution/solution-00079 
 80 1.114057213130e+11 1.392571516413e+09 768 7235 3201 19 6 7 7 2.96262232e-05 5.17002827e-05 outputs/V1e25_D10000_G2/solution/solution-00080 
 81 1.127982928294e+11 1.392571516413e+09 768 7235 3201 19 6 7 7 2.97807253e-05 5.18878525e-05 outputs/V1e25_D10000_G2/solution/solution-00081 
 82 1.141908643458e+11 1.392571516413e+09 768 7235 3201 19 6 7 7 2.99323607e-05 5.20725706e-05 outputs/V1e25_D10000_G2/solution/solution-00082 
 83 1.155834358622e+11 1.392571516413e+09 768 7235 3201 19 5 6 6 3.00812850e-05 5.22538593e-05 outputs/V1e25_D10000_G2/solution/solution-00083 
 84 1.169760073787e+11 1.392571516413e+09 768 7235 3201 19 5 6 6 3.02276431e-05 5.24319379e-05 outputs/V1e25_D10000_G2/solution/solution-00084 
 85 1.183685788951e+11 1.392571516413e+09 768 7235 3201 19 5 6 6 3.03715696e-05 5.26070105e-05 outputs/V1e25_D10000_G2/solution/solution-00085 
 86 1.197611504115e+11 1.392571516413e+09 768 7235 3201 19 5 6 6 3.05131892e-05 5.27792658e-05 outputs/V1e25_D10000_G2/solution/solution-00086 
 87 1.211537219279e+11 1.392571516413e+09 768 7235 3201 18 5 6 6 3.06526166e-05 5.29488785e-05 outputs/V1e25_D10000_G2/solution/solution-00087 
 88 1.225462934443e+11 1.392571516413e+09 768 7235 3201 18 5 6 6 3.07899574e-05 5.31160090e-05 outputs/V1e25_D10000_G2/solution/solution-00088 
 89 1.239388649607e+11 1.392571516413e+09 768 7235 3201 18 5 6 6 3.09253082e-05 5.32808050e-05 outputs/V1e25_D10000_G2/solution/solution-00089 
 90 1.253314364771e+11 1.392571516413e+09 768 7235 3201 18 5 6 6 3.10587573e-05 5.34503237e-05 outputs/V1e25_D10000_G2/solution/solution-00090 
 91 1.267240079935e+11 1.392571516413e+09 768 7235 3201 18 5 6 6 3.11903845e-05 5.36269705e-05 outputs/V1e25_D10000_G2/solution/solution-00091 
 92 1.281165795100e+11 1.392571516413e+09 768 7235 3201 18 5 6 6 3.13202623e-05 5.38015141e-05 outputs/V1e25_D10000_G2/solution/solution-00092 
 93 1.295091510264e+11 1.392571516413e+09 768 7235 3201 18 5 6 6 3.14484559e-05 5.39740423e-05 outputs/V1e25_D10000_G2/solution/solution-00093 
 94 1.309017225428e+11 1.392571516413e+09 768 7235 3201 18 5 6 6 3.15750237e-05 5.41446342e-05 outputs/V1e25_D10000_G2/solution/solution-00094 
 95 1.322942940592e+11 1.392571516413e+09 768 7235 3201 18 5 6 6 3.17000180e-05 5.43133603e-05 outputs/V1e25_D10000_G2/solution/solution-00095 
 96 1.336868655756e+11 1.392571516413e+09 768 7235 3201 18 5 6 6 3.18234851e-05 5.44802833e-05 outputs/V1e25_D10000_G2/solution/solution-00096 
 97 1.350794370920e+11 1.392571516413e+09 768 7235 3201 18 5 6 6 3.19454656e-05 5.46454585e-05 outputs/V1e25_D10000_G2/solution/solution-00097 
 98 1.364720086084e+11 1.392571516413e+09 768 7235 3201 18 5 6 6 3.20659956e-05 5.48089345e-05 outputs/V1e25_D10000_G2/solution/solution-00098 
 99 1.378645801248e+11 1.392571516413e+09 768 7235 3201 18 5 6 6 3.21851062e-05 5.49707533e-05 outputs/V1e25_D10000_G2/solution/solution-00099 
100 1.392571516413e+11 1.392571516413e+09 768 7235 3201 18 5 6 6 3.23028243e-05 5.51309511e-05 outputs/V1e25_D10000_G2/solution/solution-00100 
