# 1: Time step number
# 2: Time (years)
# 3: Time step size (years)
# 4: Number of mesh cells
# 5: Number of Stokes degrees of freedom
# 6: Number of temperature degrees of freedom
# 7: Iterations for temperature solver
# 8: Iterations for Stokes solver
# 9: Velocity iterations in Stokes preconditioner
# 10: Schur complement iterations in Stokes preconditioner
# 11: RMS velocity (m/year)
# 12: Max. velocity (m/year)
# 13: Visualization file name
  0 0.000000000000e+00 0.000000000000e+00 768 7235 3201  0 8 9 9 2.00764514e-08 3.56226287e-08 outputs/V3.3e26_D30_G10/solution/solution-00000 
  1 1.392571516413e+09 1.392571516413e+09 768 7235 3201 32 8 9 9 1.90154130e-08 3.21268839e-08 outputs/V3.3e26_D30_G10/solution/solution-00001 
  2 2.785143032825e+09 1.392571516413e+09 768 7235 3201 25 8 9 9 1.80481820e-08 3.04871943e-08 outputs/V3.3e26_D30_G10/solution/solution-00002 
  3 4.177714549238e+09 1.392571516413e+09 768 7235 3201 24 8 9 9 1.71537132e-08 2.90043539e-08 outputs/V3.3e26_D30_G10/solution/solution-00003 
  4 5.570286065650e+09 1.392571516413e+09 768 7235 3201 23 8 9 9 1.63168840e-08 2.76163463e-08 outputs/V3.3e26_D30_G10/solution/solution-00004 
  5 6.962857582063e+09 1.392571516413e+09 768 7235 3201 23 8 9 9 1.55331404e-08 2.63142174e-08 outputs/V3.3e26_D30_G10/solution/solution-00005 
  6 8.355429098476e+09 1.392571516413e+09 768 7235 3201 22 8 9 9 1.47974468e-08 2.50891000e-08 outputs/V3.3e26_D30_G10/solution/solution-00006 
  7 9.748000614888e+09 1.392571516413e+09 768 7235 3201 21 8 9 9 1.41052423e-08 2.39333245e-08 outputs/V3.3e26_D30_G10/solution/solution-00007 
  8 1.114057213130e+10 1.392571516413e+09 768 7235 3201 21 8 9 9 1.34525287e-08 2.28404655e-08 outputs/V3.3e26_D30_G10/solution/solution-00008 
  9 1.253314364771e+10 1.392571516413e+09 768 7235 3201 21 8 9 9 1.28358412e-08 2.18051406e-08 outputs/V3.3e26_D30_G10/solution/solution-00009 
 10 1.392571516413e+10 1.392571516413e+09 768 7235 3201 20 8 9 9 1.22521820e-08 2.08227953e-08 outputs/V3.3e26_D30_G10/solution/solution-00010 
 11 1.531828668054e+10 1.392571516413e+09 768 7235 3201 20 8 9 9 1.16989484e-08 1.98895256e-08 outputs/V3.3e26_D30_G10/solution/solution-00011 
 12 1.671085819695e+10 1.392571516413e+09 768 7235 3201 20 8 9 9 1.11738686e-08 1.90019421e-08 outputs/V3.3e26_D30_G10/solution/solution-00012 
 13 1.810342971336e+10 1.392571516413e+09 768 7235 3201 20 8 9 9 1.06749467e-08 1.81570674e-08 outputs/V3.3e26_D30_G10/solution/solution-00013 
 14 1.949600122978e+10 1.392571516413e+09 768 7235 3201 20 8 9 9 1.02004179e-08 1.73522578e-08 outputs/V3.3e26_D30_G10/solution/solution-00014 
 15 2.088857274619e+10 1.392571516413e+09 768 7235 3201 20 8 9 9 9.74871095e-09 1.65851445e-08 outputs/V3.3e26_D30_G10/solution/solution-00015 
 16 2.228114426260e+10 1.392571516413e+09 768 7235 3201 19 8 9 9 9.31841835e-09 1.58535864e-08 outputs/V3.3e26_D30_G10/solution/solution-00016 
 17 2.367371577901e+10 1.392571516413e+09 768 7235 3201 19 8 9 9 8.90827091e-09 1.51556343e-08 outputs/V3.3e26_D30_G10/solution/solution-00017 
 18 2.506628729543e+10 1.392571516413e+09 768 7235 3201 19 8 9 9 8.51711755e-09 1.44895024e-08 outputs/V3.3e26_D30_G10/solution/solution-00018 
 19 2.645885881184e+10 1.392571516413e+09 768 7235 3201 19 8 9 9 8.14390848e-09 1.38535445e-08 outputs/V3.3e26_D30_G10/solution/solution-00019 
 20 2.785143032825e+10 1.392571516413e+09 768 7235 3201 19 8 9 9 7.78768118e-09 1.32462361e-08 outputs/V3.3e26_D30_G10/solution/solution-00020 
 21 2.924400184466e+10 1.392571516413e+09 768 7235 3201 19 8 9 9 7.44754898e-09 1.26661588e-08 outputs/V3.3e26_D30_G10/solution/solution-00021 
 22 3.063657336108e+10 1.392571516413e+09 768 7235 3201 19 8 9 9 7.12269140e-09 1.21119880e-08 outputs/V3.3e26_D30_G10/solution/solution-00022 
 23 3.202914487749e+10 1.392571516413e+09 768 7235 3201 19 8 9 9 6.81234621e-09 1.15824826e-08 outputs/V3.3e26_D30_G10/solution/solution-00023 
 24 3.342171639390e+10 1.392571516413e+09 768 7235 3201 19 8 9 9 6.51580271e-09 1.10764760e-08 outputs/V3.3e26_D30_G10/solution/solution-00024 
 25 3.481428791032e+10 1.392571516413e+09 768 7235 3201 19 8 9 9 6.23239607e-09 1.05928697e-08 outputs/V3.3e26_D30_G10/solution/solution-00025 
 26 3.620685942673e+10 1.392571516413e+09 768 7235 3201 18 8 9 9 5.96150262e-09 1.01306260e-08 outputs/V3.3e26_D30_G10/solution/solution-00026 
 27 3.759943094314e+10 1.392571516413e+09 768 7235 3201 18 8 9 9 5.70253576e-09 9.68876393e-09 outputs/V3.3e26_D30_G10/solution/solution-00027 
 28 3.899200245955e+10 1.392571516413e+09 768 7235 3201 18 8 9 9 5.45494250e-09 9.26635374e-09 outputs/V3.3e26_D30_G10/solution/solution-00028 
 29 4.038457397597e+10 1.392571516413e+09 768 7235 3201 18 8 9 9 5.21820055e-09 8.86251365e-09 outputs/V3.3e26_D30_G10/solution/solution-00029 
 30 4.177714549238e+10 1.392571516413e+09 768 7235 3201 18 8 9 9 4.99181569e-09 8.47640613e-09 outputs/V3.3e26_D30_G10/solution/solution-00030 
 31 4.316971700879e+10 1.392571516413e+09 768 7235 3201 18 8 9 9 4.77531962e-09 8.10723496e-09 outputs/V3.3e26_D30_G10/solution/solution-00031 
 32 4.456228852520e+10 1.392571516413e+09 768 7235 3201 18 8 9 9 4.56826794e-09 7.75424254e-09 outputs/V3.3e26_D30_G10/solution/solution-00032 
 33 4.595486004162e+10 1.392571516413e+09 768 7235 3201 18 8 9 9 4.37023852e-09 7.41670751e-09 outputs/V3.3e26_D30_G10/solution/solution-00033 
 34 4.734743155803e+10 1.392571516413e+09 768 7235 3201 18 8 9 9 4.18082991e-09 7.09394258e-09 outputs/V3.3e26_D30_G10/solution/solution-00034 
 35 4.874000307444e+10 1.392571516413e+09 768 7235 3201 18 8 9 9 3.99966008e-09 6.78529262e-09 outputs/V3.3e26_D30_G10/solution/solution-00035 
 36 5.013257459085e+10 1.392571516413e+09 768 7235 3201 18 8 9 9 3.82636512e-09 6.49013280e-09 outputs/V3.3e26_D30_G10/solution/solution-00036 
 37 5.152514610727e+10 1.392571516413e+09 768 7235 3201 18 8 9 9 3.66059825e-09 6.20786707e-09 outputs/V3.3e26_D30_G10/solution/solution-00037 
 38 5.291771762368e+10 1.392571516413e+09 768 7235 3201 18 8 9 9 3.50202877e-09 5.93792655e-09 outputs/V3.3e26_D30_G10/solution/solution-00038 
 39 5.431028914009e+10 1.392571516413e+09 768 7235 3201 18 8 9 9 3.35034118e-09 5.67976823e-09 outputs/V3.3e26_D30_G10/solution/solution-00039 
 40 5.570286065650e+10 1.392571516413e+09 768 7235 3201 18 8 9 9 3.20523436e-09 5.43287361e-09 outputs/V3.3e26_D30_G10/solution/solution-00040 
 41 5.709543217292e+10 1.392571516413e+09 768 7235 3201 18 8 9 9 3.06642083e-09 5.19674753e-09 outputs/V3.3e26_D30_G10/solution/solution-00041 
 42 5.848800368933e+10 1.392571516413e+09 768 7235 3201 18 8 9 9 2.93362604e-09 4.97091703e-09 outputs/V3.3e26_D30_G10/solution/solution-00042 
 43 5.988057520574e+10 1.392571516413e+09 768 7235 3201 18 8 9 9 2.80658769e-09 4.75493029e-09 outputs/V3.3e26_D30_G10/solution/solution-00043 
 44 6.127314672215e+10 1.392571516413e+09 768 7235 3201 18 8 9 9 2.68505520e-09 4.54835563e-09 outputs/V3.3e26_D30_G10/solution/solution-00044 
 45 6.266571823857e+10 1.392571516413e+09 768 7235 3201 17 8 9 9 2.56878905e-09 4.35078059e-09 outputs/V3.3e26_D30_G10/solution/solution-00045 
 46 6.405828975498e+10 1.392571516413e+09 768 7235 3201 17 8 9 9 2.45756035e-09 4.16181099e-09 outputs/V3.3e26_D30_G10/solution/solution-00046 
 47 6.545086127139e+10 1.392571516413e+09 768 7235 3201 17 8 9 9 2.35115024e-09 3.98107012e-09 outputs/V3.3e26_D30_G10/solution/solution-00047 
 48 6.684343278781e+10 1.392571516413e+09 768 7235 3201 17 8 9 9 2.24934953e-09 3.80819795e-09 outputs/V3.3e26_D30_G10/solution/solution-00048 
 49 6.823600430422e+10 1.392571516413e+09 768 7235 3201 17 8 9 9 2.15195817e-09 3.64285035e-09 outputs/V3.3e26_D30_G10/solution/solution-00049 
 50 6.962857582063e+10 1.392571516413e+09 768 7235 3201 17 8 9 9 2.05878485e-09 3.48469838e-09 outputs/V3.3e26_D30_G10/solution/solution-00050 
 51 7.102114733704e+10 1.392571516413e+09 768 7235 3201 17 8 9 9 1.96964666e-09 3.33342760e-09 outputs/V3.3e26_D30_G10/solution/solution-00051 
 52 7.241371885346e+10 1.392571516413e+09 768 7235 3201 17 8 9 9 1.88436864e-09 3.18873742e-09 outputs/V3.3e26_D30_G10/solution/solution-00052 
 53 7.380629036987e+10 1.392571516413e+09 768 7235 3201 17 8 9 9 1.80278346e-09 3.05034049e-09 outputs/V3.3e26_D30_G10/solution/solution-00053 
 54 7.519886188628e+10 1.392571516413e+09 768 7235 3201 17 8 9 9 1.72473107e-09 2.91796209e-09 outputs/V3.3e26_D30_G10/solution/solution-00054 
 55 7.659143340269e+10 1.392571516413e+09 768 7235 3201 17 8 9 9 1.65005840e-09 2.79133956e-09 outputs/V3.3e26_D30_G10/solution/solution-00055 
 56 7.798400491911e+10 1.392571516413e+09 768 7235 3201 17 8 9 9 1.57861902e-09 2.67022180e-09 outputs/V3.3e26_D30_G10/solution/solution-00056 
 57 7.937657643552e+10 1.392571516413e+09 768 7235 3201 17 8 9 9 1.51027286e-09 2.55436871e-09 outputs/V3.3e26_D30_G10/solution/solution-00057 
 58 8.076914795193e+10 1.392571516413e+09 768 7235 3201 17 8 9 9 1.44488593e-09 2.44355073e-09 outputs/V3.3e26_D30_G10/solution/solution-00058 
 59 8.216171946834e+10 1.392571516413e+09 768 7235 3201 17 8 9 9 1.38233006e-09 2.33754837e-09 outputs/V3.3e26_D30_G10/solution/solution-00059 
 60 8.355429098476e+10 1.392571516413e+09 768 7235 3201 17 8 9 9 1.32248265e-09 2.23615176e-09 outputs/V3.3e26_D30_G10/solution/solution-00060 
 61 8.494686250117e+10 1.392571516413e+09 768 7235 3201 17 8 9 9 1.26522639e-09 2.13916021e-09 outputs/V3.3e26_D30_G10/solution/solution-00061 
 62 8.633943401758e+10 1.392571516413e+09 768 7235 3201 17 8 9 9 1.21044909e-09 2.04638183e-09 outputs/V3.3e26_D30_G10/solution/solution-00062 
 63 8.773200553399e+10 1.392571516413e+09 768 7235 3201 17 8 9 9 1.15804338e-09 1.95763312e-09 outputs/V3.3e26_D30_G10/solution/solution-00063 
 64 8.912457705041e+10 1.392571516413e+09 768 7235 3201 17 8 9 9 1.10790659e-09 1.87273863e-09 outputs/V3.3e26_D30_G10/solution/solution-00064 
 65 9.051714856682e+10 1.392571516413e+09 768 7235 3201 17 8 9 9 1.05994047e-09 1.79153056e-09 outputs/V3.3e26_D30_G10/solution/solution-00065 
 66 9.190972008323e+10 1.392571516413e+09 768 7235 3201 17 8 9 9 1.01405103e-09 1.71384845e-09 outputs/V3.3e26_D30_G10/solution/solution-00066 
 67 9.330229159964e+10 1.392571516413e+09 768 7235 3201 17 8 9 9 9.70148351e-10 1.63953886e-09 outputs/V3.3e26_D30_G10/solution/solution-00067 
 68 9.469486311606e+10 1.392571516413e+09 768 7235 3201 17 8 9 9 9.28146421e-10 1.56845506e-09 outputs/V3.3e26_D30_G10/solution/solution-00068 
 69 9.608743463247e+10 1.392571516413e+09 768 7235 3201 17 8 9 9 8.87962940e-10 1.50045671e-09 outputs/V3.3e26_D30_G10/solution/solution-00069 
 70 9.748000614888e+10 1.392571516413e+09 768 7235 3201 17 8 9 9 8.49519177e-10 1.43540961e-09 outputs/V3.3e26_D30_G10/solution/solution-00070 
 71 9.887257766530e+10 1.392571516413e+09 768 7235 3201 16 8 9 9 8.12739815e-10 1.37318542e-09 outputs/V3.3e26_D30_G10/solution/solution-00071 
 72 1.002651491817e+11 1.392571516413e+09 768 7235 3201 16 8 9 9 7.77552790e-10 1.31366141e-09 outputs/V3.3e26_D30_G10/solution/solution-00072 
 73 1.016577206981e+11 1.392571516413e+09 768 7235 3201 16 8 9 9 7.43889162e-10 1.25672017e-09 outputs/V3.3e26_D30_G10/solution/solution-00073 
 74 1.030502922145e+11 1.392571516413e+09 768 7235 3201 16 8 9 9 7.11682974e-10 1.20224944e-09 outputs/V3.3e26_D30_G10/solution/solution-00074 
 75 1.044428637309e+11 1.392571516413e+09 768 7235 3201 16 8 9 9 6.80871129e-10 1.15014185e-09 outputs/V3.3e26_D30_G10/solution/solution-00075 
 76 1.058354352474e+11 1.392571516413e+09 768 7235 3201 16 8 9 9 6.51393258e-10 1.10029470e-09 outputs/V3.3e26_D30_G10/solution/solution-00076 
 77 1.072280067638e+11 1.392571516413e+09 768 7235 3201 16 8 9 9 6.23191608e-10 1.05260978e-09 outputs/V3.3e26_D30_G10/solution/solution-00077 
 78 1.086205782802e+11 1.392571516413e+09 768 7235 3201 16 8 9 9 5.96210927e-10 1.00699315e-09 outputs/V3.3e26_D30_G10/solution/solution-00078 
 79 1.100131497966e+11 1.392571516413e+09 768 7235 3201 16 8 9 9 5.70398354e-10 9.63354968e-10 outputs/V3.3e26_D30_G10/solution/solution-00079 
 80 1.114057213130e+11 1.392571516413e+09 768 7235 3201 16 8 9 9 5.45703317e-10 9.21609305e-10 outputs/V3.3e26_D30_G10/solution/solution-00080 
 81 1.127982928294e+11 1.392571516413e+09 768 7235 3201 16 8 9 9 5.22077432e-10 8.81673971e-10 outputs/V3.3e26_D30_G10/solution/solution-00081 
 82 1.141908643458e+11 1.392571516413e+09 768 7235 3201 16 8 9 9 4.99474413e-10 8.43470353e-10 outputs/V3.3e26_D30_G10/solution/solution-00082 
 83 1.155834358622e+11 1.392571516413e+09 768 7235 3201 16 8 9 9 4.77849975e-10 8.06923263e-10 outputs/V3.3e26_D30_G10/solution/solution-00083 
 84 1.169760073787e+11 1.392571516413e+09 768 7235 3201 16 8 9 9 4.57161752e-10 7.71960785e-10 outputs/V3.3e26_D30_G10/solution/solution-00084 
 85 1.183685788951e+11 1.392571516413e+09 768 7235 3201 16 8 9 9 4.37369210e-10 7.38514128e-10 outputs/V3.3e26_D30_G10/solution/solution-00085 
 86 1.197611504115e+11 1.392571516413e+09 768 7235 3201 16 8 9 9 4.18433573e-10 7.06517500e-10 outputs/V3.3e26_D30_G10/solution/solution-00086 
 87 1.211537219279e+11 1.392571516413e+09 768 7235 3201 16 8 9 9 4.00317742e-10 6.75907966e-10 outputs/V3.3e26_D30_G10/solution/solution-00087 
 88 1.225462934443e+11 1.392571516413e+09 768 7235 3201 16 8 9 9 3.82986223e-10 6.46625329e-10 outputs/V3.3e26_D30_G10/solution/solution-00088 
 89 1.239388649607e+11 1.392571516413e+09 768 7235 3201 16 8 9 9 3.66405062e-10 6.18612010e-10 outputs/V3.3e26_D30_G10/solution/solution-00089 
 90 1.253314364771e+11 1.392571516413e+09 768 7235 3201 16 8 9 9 3.50541771e-10 5.91812933e-10 outputs/V3.3e26_D30_G10/solution/solution-00090 
 91 1.267240079935e+11 1.392571516413e+09 768 7235 3201 16 8 9 9 3.35365271e-10 5.66175416e-10 outputs/V3.3e26_D30_G10/solution/solution-00091 
 92 1.281165795100e+11 1.392571516413e+09 768 7235 3201 16 8 9 9 3.20845828e-10 5.41649067e-10 outputs/V3.3e26_D30_G10/solution/solution-00092 
 93 1.295091510264e+11 1.392571516413e+09 768 7235 3201 16 8 9 9 3.06954996e-10 5.18185683e-10 outputs/V3.3e26_D30_G10/solution/solution-00093 
 94 1.309017225428e+11 1.392571516413e+09 768 7235 3201 16 8 9 9 2.93665559e-10 4.95739157e-10 outputs/V3.3e26_D30_G10/solution/solution-00094 
 95 1.322942940592e+11 1.392571516413e+09 768 7235 3201 16 8 9 9 2.80951480e-10 4.74265382e-10 outputs/V3.3e26_D30_G10/solution/solution-00095 
 96 1.336868655756e+11 1.392571516413e+09 768 7235 3201 15 8 9 9 2.68787854e-10 4.53722183e-10 outputs/V3.3e26_D30_G10/solution/solution-00096 
 97 1.350794370920e+11 1.392571516413e+09 768 7235 3201 15 8 9 9 2.57150846e-10 4.34069191e-10 outputs/V3.3e26_D30_G10/solution/solution-00097 
 98 1.364720086084e+11 1.392571516413e+09 768 7235 3201 15 8 9 9 2.46017657e-10 4.15267801e-10 outputs/V3.3e26_D30_G10/solution/solution-00098 
 99 1.378645801248e+11 1.392571516413e+09 768 7235 3201 15 8 9 9 2.35366472e-10 3.97281084e-10 outputs/V3.3e26_D30_G10/solution/solution-00099 
100 1.392571516413e+11 1.392571516413e+09 768 7235 3201 15 8 9 9 2.25176425e-10 3.80073718e-10 outputs/V3.3e26_D30_G10/solution/solution-00100 
