# 1: Time step number
# 2: Time (years)
# 3: Time step size (years)
# 4: Number of mesh cells
# 5: Number of Stokes degrees of freedom
# 6: Number of temperature degrees of freedom
# 7: Iterations for temperature solver
# 8: Iterations for Stokes solver
# 9: Velocity iterations in Stokes preconditioner
# 10: Schur complement iterations in Stokes preconditioner
# 11: RMS velocity (m/year)
# 12: Max. velocity (m/year)
# 13: Visualization file name
  0 0.000000000000e+00 0.000000000000e+00 768 7235 3201  0 8 9 9 1.60297055e-06 2.75453337e-06 outputs/V3.3e24_D300_G8/solution/solution-00000 
  1 1.392571516413e+09 1.392571516413e+09 768 7235 3201 31 8 9 9 1.99440539e-06 3.45002278e-06 outputs/V3.3e24_D300_G8/solution/solution-00001 
  2 2.785143032825e+09 1.392571516413e+09 768 7235 3201 25 8 9 9 2.64495252e-06 4.71879782e-06 outputs/V3.3e24_D300_G8/solution/solution-00002 
  3 4.177714549238e+09 1.392571516413e+09 768 7235 3201 24 8 9 9 3.72026148e-06 6.82054977e-06 outputs/V3.3e24_D300_G8/solution/solution-00003 
  4 5.570286065650e+09 1.392571516413e+09 768 7235 3201 23 8 9 9 5.50547872e-06 1.02880110e-05 outputs/V3.3e24_D300_G8/solution/solution-00004 
  5 6.962857582063e+09 1.392571516413e+09 768 7235 3201 23 8 9 9 8.49622418e-06 1.60470259e-05 outputs/V3.3e24_D300_G8/solution/solution-00005 
  6 8.355429098476e+09 1.392571516413e+09 768 7235 3201 22 8 9 9 1.35626536e-05 2.57196265e-05 outputs/V3.3e24_D300_G8/solution/solution-00006 
  7 9.748000614888e+09 1.392571516413e+09 768 7235 3201 21 8 9 9 2.22458948e-05 4.21776775e-05 outputs/V3.3e24_D300_G8/solution/solution-00007 
  8 1.114057213130e+10 1.392571516413e+09 768 7235 3201 22 8 9 9 3.72931487e-05 7.04936973e-05 outputs/V3.3e24_D300_G8/solution/solution-00008 
  9 1.247065942119e+10 1.330087289887e+09 768 7235 3201 22 8 9 9 6.22438599e-05 1.17133905e-04 outputs/V3.3e24_D300_G8/solution/solution-00009 
 10 1.327088601510e+10 8.002265939132e+08 768 7235 3201 18 7 8 8 8.65270763e-05 1.62433052e-04 outputs/V3.3e24_D300_G8/solution/solution-00010 
 11 1.384828842850e+10 5.774024134036e+08 768 7235 3201 15 7 8 8 1.11005700e-04 2.07988399e-04 outputs/V3.3e24_D300_G8/solution/solution-00011 
 12 1.429903472317e+10 4.507462946679e+08 768 7235 3201 14 7 8 8 1.35587692e-04 2.53618928e-04 outputs/V3.3e24_D300_G8/solution/solution-00012 
 13 1.466876365397e+10 3.697289307956e+08 768 7235 3201 12 6 7 7 1.60209088e-04 2.99229186e-04 outputs/V3.3e24_D300_G8/solution/solution-00013 
 14 1.498209086470e+10 3.133272107349e+08 768 7235 3201 11 6 7 7 1.84801322e-04 3.44596150e-04 outputs/V3.3e24_D300_G8/solution/solution-00014 
 15 1.525408393954e+10 2.719930748368e+08 768 7235 3201 11 6 7 7 2.09323089e-04 3.89846572e-04 outputs/V3.3e24_D300_G8/solution/solution-00015 
 16 1.549467999648e+10 2.405960569448e+08 768 7235 3201 10 6 7 7 2.33752096e-04 4.34634604e-04 outputs/V3.3e24_D300_G8/solution/solution-00016 
 17 1.571037842271e+10 2.156984262298e+08 768 7235 3201 10 6 7 7 2.58028450e-04 4.79020636e-04 outputs/V3.3e24_D300_G8/solution/solution-00017 
 18 1.590609024161e+10 1.957118188955e+08 768 7235 3201 10 6 7 7 2.82120337e-04 5.22815813e-04 outputs/V3.3e24_D300_G8/solution/solution-00018 
 19 1.608547138774e+10 1.793811461290e+08 768 7235 3201 10 6 7 7 3.05994534e-04 5.65983974e-04 outputs/V3.3e24_D300_G8/solution/solution-00019 
 20 1.625115230776e+10 1.656809200258e+08 768 7235 3201  9 6 7 7 3.29590802e-04 6.08166976e-04 outputs/V3.3e24_D300_G8/solution/solution-00020 
 21 1.640525275557e+10 1.541004478074e+08 768 7235 3201  9 6 7 7 3.52855047e-04 6.49715707e-04 outputs/V3.3e24_D300_G8/solution/solution-00021 
 22 1.654952598446e+10 1.442732288926e+08 768 7235 3201  9 6 7 7 3.75740350e-04 6.90313134e-04 outputs/V3.3e24_D300_G8/solution/solution-00022 
 23 1.668538438804e+10 1.358584035775e+08 768 7235 3201  9 6 7 7 3.98195356e-04 7.29632716e-04 outputs/V3.3e24_D300_G8/solution/solution-00023 
 24 1.681391827988e+10 1.285338918391e+08 768 7235 3201  9 6 7 7 4.20153779e-04 7.67716336e-04 outputs/V3.3e24_D300_G8/solution/solution-00024 
 25 1.693603369616e+10 1.221154162768e+08 768 7235 3201  9 6 7 7 4.41547819e-04 8.04543293e-04 outputs/V3.3e24_D300_G8/solution/solution-00025 
 26 1.705255943300e+10 1.165257368401e+08 768 7235 3201  9 6 7 7 4.62321446e-04 8.39765906e-04 outputs/V3.3e24_D300_G8/solution/solution-00026 
 27 1.716419768759e+10 1.116382545912e+08 768 7235 3201  9 6 7 7 4.82417850e-04 8.73341637e-04 outputs/V3.3e24_D300_G8/solution/solution-00027 
 28 1.727154951271e+10 1.073518251184e+08 768 7235 3201  9 6 7 7 5.01780412e-04 9.05488052e-04 outputs/V3.3e24_D300_G8/solution/solution-00028 
 29 1.737513420989e+10 1.035846971853e+08 768 7235 3201  9 6 7 7 5.20353664e-04 9.35785807e-04 outputs/V3.3e24_D300_G8/solution/solution-00029 
 30 1.747537701856e+10 1.002428086704e+08 768 7235 3201  9 6 7 7 5.38079453e-04 9.64161401e-04 outputs/V3.3e24_D300_G8/solution/solution-00030 
 31 1.757264111098e+10 9.726409241249e+07 768 7235 3201  9 6 7 7 5.54901916e-04 9.90551417e-04 outputs/V3.3e24_D300_G8/solution/solution-00031 
 32 1.766728865206e+10 9.464754107907e+07 768 7235 3201  9 6 7 7 5.70777391e-04 1.01491696e-03 outputs/V3.3e24_D300_G8/solution/solution-00032 
 33 1.775964169364e+10 9.235304157996e+07 768 7235 3201  9 6 7 7 5.85666670e-04 1.03722998e-03 outputs/V3.3e24_D300_G8/solution/solution-00033 
 34 1.784998855336e+10 9.034685972105e+07 768 7235 3201  9 6 7 7 5.99535637e-04 1.05758066e-03 outputs/V3.3e24_D300_G8/solution/solution-00034 
 35 1.793858900068e+10 8.860044732721e+07 768 7235 3201  9 6 7 7 6.12355794e-04 1.07611904e-03 outputs/V3.3e24_D300_G8/solution/solution-00035 
 36 1.802567850941e+10 8.708950872300e+07 768 7235 3201  9 6 7 7 6.24104675e-04 1.09254622e-03 outputs/V3.3e24_D300_G8/solution/solution-00036 
 37 1.811147177206e+10 8.579326264961e+07 768 7235 3201  9 6 7 7 6.34766137e-04 1.10687444e-03 outputs/V3.3e24_D300_G8/solution/solution-00037 
 38 1.819616562534e+10 8.469385328596e+07 768 7235 3201  9 5 6 6 6.44330540e-04 1.11912669e-03                                              "" 
 39 1.827994150119e+10 8.377587584358e+07 768 7235 3201  9 5 6 6 6.52794787e-04 1.12933612e-03 outputs/V3.3e24_D300_G8/solution/solution-00038 
 40 1.836296749446e+10 8.302599326953e+07 768 7235 3201  9 5 6 6 6.60162270e-04 1.14533788e-03 outputs/V3.3e24_D300_G8/solution/solution-00039 
 41 1.844482106940e+10 8.185357494692e+07 768 7235 3201  9 5 6 6 6.66402189e-04 1.16001095e-03 outputs/V3.3e24_D300_G8/solution/solution-00040 
 42 1.852564567760e+10 8.082460820239e+07 768 7235 3201  9 5 6 6 6.71551877e-04 1.17258041e-03 outputs/V3.3e24_D300_G8/solution/solution-00041 
 43 1.860562543355e+10 7.997975594565e+07 768 7235 3201  9 5 6 6 6.75656191e-04 1.18288209e-03 outputs/V3.3e24_D300_G8/solution/solution-00042 
 44 1.868492912497e+10 7.930369141649e+07 768 7235 3201  9 5 6 6 6.78761504e-04 1.19093232e-03                                              "" 
 45 1.876367461061e+10 7.874548564077e+07 768 7235 3201  9 5 6 6 6.80914459e-04 1.19675398e-03 outputs/V3.3e24_D300_G8/solution/solution-00043 
 46 1.884201304110e+10 7.833843049586e+07 768 7235 3201  9 5 6 6 6.82164520e-04 1.20038493e-03 outputs/V3.3e24_D300_G8/solution/solution-00044 
 47 1.892008889895e+10 7.807585784756e+07 768 7235 3201  9 5 6 6 6.82561028e-04 1.20226863e-03 outputs/V3.3e24_D300_G8/solution/solution-00045 
 48 1.899804115683e+10 7.795225787437e+07 768 7235 3201  9 5 6 6 6.82152714e-04 1.20255196e-03                                              "" 
 49 1.907600427691e+10 7.796312008735e+07 768 7235 3201  8 5 6 6 6.80987290e-04 1.20083574e-03 outputs/V3.3e24_D300_G8/solution/solution-00046 
 50 1.915410907246e+10 7.810479554769e+07 768 7235 3201  9 5 6 6 6.79111125e-04 1.19717899e-03 outputs/V3.3e24_D300_G8/solution/solution-00047 
 51 1.923243788590e+10 7.832881344243e+07 768 7235 3201  9 5 6 6 6.76570637e-04 1.19197713e-03 outputs/V3.3e24_D300_G8/solution/solution-00048 
 52 1.931108872394e+10 7.865083804184e+07 768 7235 3201  9 5 6 6 6.73411016e-04 1.18528367e-03 outputs/V3.3e24_D300_G8/solution/solution-00049 
 53 1.939018371366e+10 7.909498971200e+07 768 7235 3201  9 6 7 7 6.69674793e-04 1.17694694e-03                                              "" 
 54 1.946984379593e+10 7.966008227803e+07 768 7235 3201  9 6 7 7 6.65402254e-04 1.16755352e-03 outputs/V3.3e24_D300_G8/solution/solution-00050 
 55 1.955017144036e+10 8.032764443020e+07 768 7235 3201  9 6 7 7 6.60632494e-04 1.15660046e-03 outputs/V3.3e24_D300_G8/solution/solution-00051 
 56 1.963122216571e+10 8.105072535022e+07 768 7235 3201  9 6 7 7 6.55405769e-04 1.14453740e-03 outputs/V3.3e24_D300_G8/solution/solution-00052 
 57 1.971311495406e+10 8.189278834900e+07 768 7235 3201  9 6 7 7 6.49756598e-04 1.13178652e-03 outputs/V3.3e24_D300_G8/solution/solution-00053 
 58 1.979596900310e+10 8.285404903346e+07 768 7235 3201  9 6 7 7 6.43717057e-04 1.11771391e-03                                              "" 
 59 1.987985290969e+10 8.388390659071e+07 768 7235 3201  9 6 7 7 6.37320845e-04 1.10296250e-03 outputs/V3.3e24_D300_G8/solution/solution-00054 
 60 1.996485126674e+10 8.499835704785e+07 768 7235 3201  9 6 7 7 6.30598739e-04 1.08723546e-03 outputs/V3.3e24_D300_G8/solution/solution-00055 
 61 2.005108554989e+10 8.623428315118e+07 768 7235 3201  9 6 7 7 6.23576637e-04 1.07097331e-03 outputs/V3.3e24_D300_G8/solution/solution-00056 
 62 2.013863875608e+10 8.755320619469e+07 768 7235 3201  9 6 7 7 6.16281606e-04 1.05371376e-03 outputs/V3.3e24_D300_G8/solution/solution-00057 
 63 2.022758519203e+10 8.894643595143e+07 768 7235 3201  9 6 7 7 6.08739792e-04 1.03645443e-03 outputs/V3.3e24_D300_G8/solution/solution-00058 
 64 2.031805122702e+10 9.046603498908e+07 768 7235 3201  9 6 7 7 6.00971285e-04 1.01835441e-03 outputs/V3.3e24_D300_G8/solution/solution-00059 
 65 2.041011209953e+10 9.206087251056e+07 768 7235 3201  9 6 7 7 5.92998980e-04 1.00158958e-03 outputs/V3.3e24_D300_G8/solution/solution-00060 
 66 2.050376845266e+10 9.365635313038e+07 768 7235 3201  8 6 7 7 5.84850913e-04 9.89082065e-04 outputs/V3.3e24_D300_G8/solution/solution-00061 
 67 2.059861900627e+10 9.485055361085e+07 768 7235 3201  8 6 7 7 5.76588778e-04 9.76581804e-04                                              "" 
 68 2.069469361538e+10 9.607460910452e+07 768 7235 3201  8 5 6 6 5.68235082e-04 9.64133698e-04 outputs/V3.3e24_D300_G8/solution/solution-00062 
 69 2.079201874275e+10 9.732512736840e+07 768 7235 3201  8 5 6 6 5.59810792e-04 9.51778141e-04 outputs/V3.3e24_D300_G8/solution/solution-00063 
 70 2.089061750455e+10 9.859876180493e+07 768 7235 3201  8 5 6 6 5.51335469e-04 9.39551131e-04 outputs/V3.3e24_D300_G8/solution/solution-00064 
 71 2.099050972779e+10 9.989222324234e+07 768 7235 3201  8 5 6 6 5.42827417e-04 9.27484460e-04 outputs/V3.3e24_D300_G8/solution/solution-00065 
 72 2.109170222979e+10 1.011925019968e+08 768 7235 3201  8 5 6 6 5.34304649e-04 9.15607035e-04 outputs/V3.3e24_D300_G8/solution/solution-00066 
 73 2.119419423748e+10 1.024920076907e+08 768 7235 3201  8 5 6 6 5.25784531e-04 9.03944321e-04 outputs/V3.3e24_D300_G8/solution/solution-00067 
 74 2.129799527348e+10 1.038010359946e+08 768 7235 3201  8 5 6 6 5.17282430e-04 8.92516550e-04 outputs/V3.3e24_D300_G8/solution/solution-00068 
 75 2.140311191687e+10 1.051166433978e+08 768 7235 3201  8 5 6 6 5.08812980e-04 8.81340595e-04 outputs/V3.3e24_D300_G8/solution/solution-00069 
 76 2.150954792709e+10 1.064360102123e+08 768 7235 3201  8 5 6 6 5.00390172e-04 8.70430213e-04 outputs/V3.3e24_D300_G8/solution/solution-00070 
 77 2.161730437789e+10 1.077564508000e+08 768 7235 3201  8 5 6 6 4.92027450e-04 8.59796284e-04 outputs/V3.3e24_D300_G8/solution/solution-00071 
 78 2.172637980067e+10 1.090754227851e+08 768 7235 3201  8 5 6 6 4.83737765e-04 8.49447054e-04 outputs/V3.3e24_D300_G8/solution/solution-00072 
 79 2.183677033572e+10 1.103905350516e+08 768 7235 3201  8 5 6 6 4.75533622e-04 8.39388374e-04 outputs/V3.3e24_D300_G8/solution/solution-00073 
 80 2.194846989009e+10 1.116995543660e+08 768 7235 3201  8 5 6 6 4.67427103e-04 8.29643004e-04 outputs/V3.3e24_D300_G8/solution/solution-00074 
 81 2.206147030061e+10 1.130004105163e+08 768 7235 3201  8 5 6 6 4.59429874e-04 8.20273127e-04 outputs/V3.3e24_D300_G8/solution/solution-00075 
 82 2.217576150052e+10 1.142911999176e+08 768 7235 3201  8 5 6 6 4.51553169e-04 8.11195360e-04 outputs/V3.3e24_D300_G8/solution/solution-00076 
 83 2.229133168821e+10 1.155701876900e+08 768 7235 3201  8 5 6 6 4.43807766e-04 8.02408109e-04 outputs/V3.3e24_D300_G8/solution/solution-00077 
 84 2.240816749647e+10 1.168358082555e+08 768 7235 3201  8 5 6 6 4.36203950e-04 7.93908443e-04 outputs/V3.3e24_D300_G8/solution/solution-00078 
 85 2.252625416101e+10 1.180866645382e+08 768 7235 3201  8 5 6 6 4.28751456e-04 7.85692266e-04 outputs/V3.3e24_D300_G8/solution/solution-00079 
 86 2.264557568688e+10 1.193215258704e+08 768 7235 3201  8 5 6 6 4.21459426e-04 7.77754482e-04 outputs/V3.3e24_D300_G8/solution/solution-00080 
 87 2.276611501159e+10 1.205393247170e+08 768 7235 3201  8 5 6 6 4.14336340e-04 7.70089147e-04 outputs/V3.3e24_D300_G8/solution/solution-00081 
 88 2.288785416392e+10 1.217391523292e+08 768 7235 3201  8 5 6 6 4.07389972e-04 7.62689609e-04 outputs/V3.3e24_D300_G8/solution/solution-00082 
 89 2.301077441735e+10 1.229202534302e+08 768 7235 3201  8 5 6 6 4.00627327e-04 7.55548628e-04 outputs/V3.3e24_D300_G8/solution/solution-00083 
 90 2.313485643737e+10 1.240820200178e+08 768 7235 3201  8 5 6 6 3.94054603e-04 7.48658498e-04 outputs/V3.3e24_D300_G8/solution/solution-00084 
 91 2.326008042173e+10 1.252239843540e+08 768 7235 3201  8 5 6 6 3.87677153e-04 7.42011145e-04 outputs/V3.3e24_D300_G8/solution/solution-00085 
 92 2.338642623292e+10 1.263458111946e+08 768 7235 3201  8 5 6 6 3.81499462e-04 7.35598227e-04 outputs/V3.3e24_D300_G8/solution/solution-00086 
 93 2.351387352222e+10 1.274472892980e+08 768 7235 3201  8 5 6 6 3.75525135e-04 7.29411217e-04 outputs/V3.3e24_D300_G8/solution/solution-00087 
 94 2.364240184446e+10 1.285283222448e+08 768 7235 3201  8 5 6 6 3.69756900e-04 7.23441487e-04 outputs/V3.3e24_D300_G8/solution/solution-00088 
 95 2.377199076306e+10 1.295889185974e+08 768 7235 3201  8 5 6 6 3.64196623e-04 7.17680376e-04 outputs/V3.3e24_D300_G8/solution/solution-00089 
 96 2.390261994449e+10 1.306291814326e+08 768 7235 3201  8 5 6 6 3.58845339e-04 7.12119259e-04 outputs/V3.3e24_D300_G8/solution/solution-00090 
 97 2.403426924178e+10 1.316492972904e+08 768 7235 3201  8 5 6 6 3.53703293e-04 7.06749612e-04 outputs/V3.3e24_D300_G8/solution/solution-00091 
 98 2.416691876638e+10 1.326495245939e+08 768 7235 3201  8 5 6 6 3.48769989e-04 7.01563067e-04 outputs/V3.3e24_D300_G8/solution/solution-00092 
 99 2.430054894799e+10 1.336301816151e+08 768 7235 3201  7 5 6 6 3.44044258e-04 6.96551466e-04 outputs/V3.3e24_D300_G8/solution/solution-00093 
100 2.443514058207e+10 1.345916340737e+08 768 7235 3201  7 5 6 6 3.39524319e-04 6.91706912e-04 outputs/V3.3e24_D300_G8/solution/solution-00094 
