# 1: Time step number
# 2: Time (years)
# 3: Time step size (years)
# 4: Number of mesh cells
# 5: Number of Stokes degrees of freedom
# 6: Number of temperature degrees of freedom
# 7: Iterations for temperature solver
# 8: Iterations for Stokes solver
# 9: Velocity iterations in Stokes preconditioner
# 10: Schur complement iterations in Stokes preconditioner
# 11: RMS velocity (m/year)
# 12: Max. velocity (m/year)
# 13: Visualization file name
  0 0.000000000000e+00 0.000000000000e+00 768 7235 3201  0 8 9 9 1.32429294e-09 2.32857974e-09 outputs/V1e27_D100_G2/solution/solution-00000 
  1 1.392571516413e+09 1.392571516413e+09 768 7235 3201 32 8 9 9 1.25303802e-09 2.11315324e-09 outputs/V1e27_D100_G2/solution/solution-00001 
  2 2.785143032825e+09 1.392571516413e+09 768 7235 3201 25 8 9 9 1.18687986e-09 2.00236769e-09 outputs/V1e27_D100_G2/solution/solution-00002 
  3 4.177714549238e+09 1.392571516413e+09 768 7235 3201 24 8 9 9 1.12465765e-09 1.89759923e-09 outputs/V1e27_D100_G2/solution/solution-00003 
  4 5.570286065650e+09 1.392571516413e+09 768 7235 3201 23 8 9 9 1.06565692e-09 1.79819850e-09 outputs/V1e27_D100_G2/solution/solution-00004 
  5 6.962857582063e+09 1.392571516413e+09 768 7235 3201 23 8 9 9 1.00977306e-09 1.70401238e-09 outputs/V1e27_D100_G2/solution/solution-00005 
  6 8.355429098476e+09 1.392571516413e+09 768 7235 3201 22 8 9 9 9.56850857e-10 1.61479760e-09 outputs/V1e27_D100_G2/solution/solution-00006 
  7 9.748000614888e+09 1.392571516413e+09 768 7235 3201 21 8 9 9 9.06732923e-10 1.53029399e-09 outputs/V1e27_D100_G2/solution/solution-00007 
  8 1.114057213130e+10 1.392571516413e+09 768 7235 3201 21 8 9 9 8.59266891e-10 1.45024748e-09 outputs/V1e27_D100_G2/solution/solution-00008 
  9 1.253314364771e+10 1.392571516413e+09 768 7235 3201 21 8 9 9 8.14308044e-10 1.37441663e-09 outputs/V1e27_D100_G2/solution/solution-00009 
 10 1.392571516413e+10 1.392571516413e+09 768 7235 3201 20 8 9 9 7.71719932e-10 1.30257372e-09 outputs/V1e27_D100_G2/solution/solution-00010 
 11 1.531828668054e+10 1.392571516413e+09 768 7235 3201 20 8 9 9 7.31374134e-10 1.23450435e-09 outputs/V1e27_D100_G2/solution/solution-00011 
 12 1.671085819695e+10 1.392571516413e+09 768 7235 3201 20 8 9 9 6.93149779e-10 1.17000660e-09 outputs/V1e27_D100_G2/solution/solution-00012 
 13 1.810342971336e+10 1.392571516413e+09 768 7235 3201 20 8 9 9 6.56933026e-10 1.10889011e-09 outputs/V1e27_D100_G2/solution/solution-00013 
 14 1.949600122978e+10 1.392571516413e+09 768 7235 3201 20 8 9 9 6.22616572e-10 1.05097531e-09 outputs/V1e27_D100_G2/solution/solution-00014 
 15 2.088857274619e+10 1.392571516413e+09 768 7235 3201 20 8 9 9 5.90099198e-10 9.96092625e-10 outputs/V1e27_D100_G2/solution/solution-00015 
 16 2.228114426260e+10 1.392571516413e+09 768 7235 3201 19 8 9 9 5.59285361e-10 9.44081860e-10 outputs/V1e27_D100_G2/solution/solution-00016 
 17 2.367371577901e+10 1.392571516413e+09 768 7235 3201 19 8 9 9 5.30084823e-10 8.94791578e-10 outputs/V1e27_D100_G2/solution/solution-00017 
 18 2.506628729543e+10 1.392571516413e+09 768 7235 3201 19 8 9 9 5.02412313e-10 8.48078561e-10 outputs/V1e27_D100_G2/solution/solution-00018 
 19 2.645885881184e+10 1.392571516413e+09 768 7235 3201 19 8 9 9 4.76187220e-10 8.03807320e-10 outputs/V1e27_D100_G2/solution/solution-00019 
 20 2.785143032825e+10 1.392571516413e+09 768 7235 3201 19 8 9 9 4.51333306e-10 7.61849636e-10 outputs/V1e27_D100_G2/solution/solution-00020 
 21 2.924400184466e+10 1.392571516413e+09 768 7235 3201 19 8 9 9 4.27778451e-10 7.22084139e-10 outputs/V1e27_D100_G2/solution/solution-00021 
 22 3.063657336108e+10 1.392571516413e+09 768 7235 3201 19 8 9 9 4.05454408e-10 6.84395920e-10 outputs/V1e27_D100_G2/solution/solution-00022 
 23 3.202914487749e+10 1.392571516413e+09 768 7235 3201 19 8 9 9 3.84296582e-10 6.48676166e-10 outputs/V1e27_D100_G2/solution/solution-00023 
 24 3.342171639390e+10 1.392571516413e+09 768 7235 3201 19 8 9 9 3.64243820e-10 6.14821823e-10 outputs/V1e27_D100_G2/solution/solution-00024 
 25 3.481428791032e+10 1.392571516413e+09 768 7235 3201 18 8 9 9 3.45238220e-10 5.82735280e-10 outputs/V1e27_D100_G2/solution/solution-00025 
 26 3.620685942673e+10 1.392571516413e+09 768 7235 3201 18 8 9 9 3.27224948e-10 5.52324069e-10 outputs/V1e27_D100_G2/solution/solution-00026 
 27 3.759943094314e+10 1.392571516413e+09 768 7235 3201 18 8 9 9 3.10152071e-10 5.23500591e-10 outputs/V1e27_D100_G2/solution/solution-00027 
 28 3.899200245955e+10 1.392571516413e+09 768 7235 3201 18 8 9 9 2.93970395e-10 4.96181848e-10 outputs/V1e27_D100_G2/solution/solution-00028 
 29 4.038457397597e+10 1.392571516413e+09 768 7235 3201 18 8 9 9 2.78633320e-10 4.70289202e-10 outputs/V1e27_D100_G2/solution/solution-00029 
 30 4.177714549238e+10 1.392571516413e+09 768 7235 3201 18 8 9 9 2.64096697e-10 4.45748139e-10 outputs/V1e27_D100_G2/solution/solution-00030 
 31 4.316971700879e+10 1.392571516413e+09 768 7235 3201 18 8 9 9 2.50318696e-10 4.22488051e-10 outputs/V1e27_D100_G2/solution/solution-00031 
 32 4.456228852520e+10 1.392571516413e+09 768 7235 3201 18 8 9 9 2.37259686e-10 4.00442027e-10 outputs/V1e27_D100_G2/solution/solution-00032 
 33 4.595486004162e+10 1.392571516413e+09 768 7235 3201 18 8 9 9 2.24882110e-10 3.79546662e-10 outputs/V1e27_D100_G2/solution/solution-00033 
 34 4.734743155803e+10 1.392571516413e+09 768 7235 3201 18 8 9 9 2.13150384e-10 3.59741865e-10 outputs/V1e27_D100_G2/solution/solution-00034 
 35 4.874000307444e+10 1.392571516413e+09 768 7235 3201 18 8 9 9 2.02030783e-10 3.40970690e-10 outputs/V1e27_D100_G2/solution/solution-00035 
 36 5.013257459085e+10 1.392571516413e+09 768 7235 3201 18 8 9 9 1.91491352e-10 3.23179169e-10 outputs/V1e27_D100_G2/solution/solution-00036 
 37 5.152514610727e+10 1.392571516413e+09 768 7235 3201 18 8 9 9 1.81501804e-10 3.06316155e-10 outputs/V1e27_D100_G2/solution/solution-00037 
 38 5.291771762368e+10 1.392571516413e+09 768 7235 3201 18 8 9 9 1.72033437e-10 2.90333173e-10 outputs/V1e27_D100_G2/solution/solution-00038 
 39 5.431028914009e+10 1.392571516413e+09 768 7235 3201 18 8 9 9 1.63059051e-10 2.75184283e-10 outputs/V1e27_D100_G2/solution/solution-00039 
 40 5.570286065650e+10 1.392571516413e+09 768 7235 3201 18 8 9 9 1.54552865e-10 2.60825944e-10 outputs/V1e27_D100_G2/solution/solution-00040 
 41 5.709543217292e+10 1.392571516413e+09 768 7235 3201 18 8 9 9 1.46490446e-10 2.47216889e-10 outputs/V1e27_D100_G2/solution/solution-00041 
 42 5.848800368933e+10 1.392571516413e+09 768 7235 3201 18 8 9 9 1.38848638e-10 2.34318007e-10 outputs/V1e27_D100_G2/solution/solution-00042 
 43 5.988057520574e+10 1.392571516413e+09 768 7235 3201 17 8 9 9 1.31605493e-10 2.22092231e-10 outputs/V1e27_D100_G2/solution/solution-00043 
 44 6.127314672215e+10 1.392571516413e+09 768 7235 3201 17 8 9 9 1.24740211e-10 2.10504427e-10 outputs/V1e27_D100_G2/solution/solution-00044 
 45 6.266571823857e+10 1.392571516413e+09 768 7235 3201 17 8 9 9 1.18233075e-10 1.99521297e-10 outputs/V1e27_D100_G2/solution/solution-00045 
 46 6.405828975498e+10 1.392571516413e+09 768 7235 3201 17 8 9 9 1.12065401e-10 1.89111282e-10 outputs/V1e27_D100_G2/solution/solution-00046 
 47 6.545086127139e+10 1.392571516413e+09 768 7235 3201 17 8 9 9 1.06219476e-10 1.79244470e-10 outputs/V1e27_D100_G2/solution/solution-00047 
 48 6.684343278781e+10 1.392571516413e+09 768 7235 3201 17 8 9 9 1.00678515e-10 1.69892511e-10 outputs/V1e27_D100_G2/solution/solution-00048 
 49 6.823600430422e+10 1.392571516413e+09 768 7235 3201 17 8 9 9 9.54266076e-11 1.61028535e-10 outputs/V1e27_D100_G2/solution/solution-00049 
 50 6.962857582063e+10 1.392571516413e+09 768 7235 3201 17 8 9 9 9.04486734e-11 1.52627075e-10 outputs/V1e27_D100_G2/solution/solution-00050 
 51 7.102114733704e+10 1.392571516413e+09 768 7235 3201 17 8 9 9 8.57304195e-11 1.44663993e-10 outputs/V1e27_D100_G2/solution/solution-00051 
 52 7.241371885346e+10 1.392571516413e+09 768 7235 3201 17 8 9 9 8.12582986e-11 1.37116412e-10 outputs/V1e27_D100_G2/solution/solution-00052 
 53 7.380629036987e+10 1.392571516413e+09 768 7235 3201 17 8 9 9 7.70194704e-11 1.29962648e-10 outputs/V1e27_D100_G2/solution/solution-00053 
 54 7.519886188628e+10 1.392571516413e+09 768 7235 3201 17 8 9 9 7.30017644e-11 1.23182150e-10 outputs/V1e27_D100_G2/solution/solution-00054 
 55 7.659143340269e+10 1.392571516413e+09 768 7235 3201 17 8 9 9 6.91936453e-11 1.16755439e-10 outputs/V1e27_D100_G2/solution/solution-00055 
 56 7.798400491911e+10 1.392571516413e+09 768 7235 3201 17 8 9 9 6.55841793e-11 1.10664053e-10 outputs/V1e27_D100_G2/solution/solution-00056 
 57 7.937657643552e+10 1.392571516413e+09 768 7235 3201 17 8 9 9 6.21630033e-11 1.04890493e-10 outputs/V1e27_D100_G2/solution/solution-00057 
 58 8.076914795193e+10 1.392571516413e+09 768 7235 3201 17 8 9 9 5.89202949e-11 9.94181742e-11 outputs/V1e27_D100_G2/solution/solution-00058 
 59 8.216171946834e+10 1.392571516413e+09 768 7235 3201 17 8 9 9 5.58467440e-11 9.42313770e-11 outputs/V1e27_D100_G2/solution/solution-00059 
 60 8.355429098476e+10 1.392571516413e+09 768 7235 3201 17 8 9 9 5.29335261e-11 8.93152024e-11 outputs/V1e27_D100_G2/solution/solution-00060 
 61 8.494686250117e+10 1.392571516413e+09 768 7235 3201 17 8 9 9 5.01722774e-11 8.46555290e-11 outputs/V1e27_D100_G2/solution/solution-00061 
 62 8.633943401758e+10 1.392571516413e+09 768 7235 3201 17 8 9 9 4.75550702e-11 8.02389723e-11 outputs/V1e27_D100_G2/solution/solution-00062 
 63 8.773200553399e+10 1.392571516413e+09 768 7235 3201 17 8 9 9 4.50743903e-11 7.60528464e-11 outputs/V1e27_D100_G2/solution/solution-00063 
 64 8.912457705041e+10 1.392571516413e+09 768 7235 3201 17 8 9 9 4.27231157e-11 7.20851275e-11 outputs/V1e27_D100_G2/solution/solution-00064 
 65 9.051714856682e+10 1.392571516413e+09 768 7235 3201 17 8 9 9 4.04944959e-11 6.83244192e-11 outputs/V1e27_D100_G2/solution/solution-00065 
 66 9.190972008323e+10 1.392571516413e+09 768 7235 3201 17 8 9 9 3.83821324e-11 6.47599200e-11 outputs/V1e27_D100_G2/solution/solution-00066 
 67 9.330229159964e+10 1.392571516413e+09 768 7235 3201 17 8 9 9 3.63799607e-11 6.13813920e-11 outputs/V1e27_D100_G2/solution/solution-00067 
 68 9.469486311606e+10 1.392571516413e+09 768 7235 3201 17 8 9 9 3.44822325e-11 5.81791316e-11 outputs/V1e27_D100_G2/solution/solution-00068 
 69 9.608743463247e+10 1.392571516413e+09 768 7235 3201 16 8 9 9 3.26834997e-11 5.51439422e-11 outputs/V1e27_D100_G2/solution/solution-00069 
 70 9.748000614888e+10 1.392571516413e+09 768 7235 3201 16 8 9 9 3.09785980e-11 5.22671061e-11 outputs/V1e27_D100_G2/solution/solution-00070 
 71 9.887257766530e+10 1.392571516413e+09 768 7235 3201 16 8 9 9 2.93626326e-11 4.95403608e-11 outputs/V1e27_D100_G2/solution/solution-00071 
 72 1.002651491817e+11 1.392571516413e+09 768 7235 3201 16 8 9 9 2.78309639e-11 4.69558749e-11 outputs/V1e27_D100_G2/solution/solution-00072 
 73 1.016577206981e+11 1.392571516413e+09 768 7235 3201 16 8 9 9 2.63791947e-11 4.45062261e-11 outputs/V1e27_D100_G2/solution/solution-00073 
 74 1.030502922145e+11 1.392571516413e+09 768 7235 3201 16 8 9 9 2.50031570e-11 4.21843789e-11 outputs/V1e27_D100_G2/solution/solution-00074 
 75 1.044428637309e+11 1.392571516413e+09 768 7235 3201 16 8 9 9 2.36989000e-11 3.99836654e-11 outputs/V1e27_D100_G2/solution/solution-00075 
 76 1.058354352474e+11 1.392571516413e+09 768 7235 3201 16 8 9 9 2.24626795e-11 3.78977656e-11 outputs/V1e27_D100_G2/solution/solution-00076 
 77 1.072280067638e+11 1.392571516413e+09 768 7235 3201 16 8 9 9 2.12909462e-11 3.59206889e-11 outputs/V1e27_D100_G2/solution/solution-00077 
 78 1.086205782802e+11 1.392571516413e+09 768 7235 3201 16 8 9 9 2.01803361e-11 3.40467576e-11 outputs/V1e27_D100_G2/solution/solution-00078 
 79 1.100131497966e+11 1.392571516413e+09 768 7235 3201 16 8 9 9 1.91276607e-11 3.22705902e-11 outputs/V1e27_D100_G2/solution/solution-00079 
 80 1.114057213130e+11 1.392571516413e+09 768 7235 3201 16 8 9 9 1.81298979e-11 3.05870860e-11 outputs/V1e27_D100_G2/solution/solution-00080 
 81 1.127982928294e+11 1.392571516413e+09 768 7235 3201 16 8 9 9 1.71841830e-11 2.89914106e-11 outputs/V1e27_D100_G2/solution/solution-00081 
 82 1.141908643458e+11 1.392571516413e+09 768 7235 3201 16 8 9 9 1.62878011e-11 2.74789815e-11 outputs/V1e27_D100_G2/solution/solution-00082 
 83 1.155834358622e+11 1.392571516413e+09 768 7235 3201 16 8 9 9 1.54381785e-11 2.60454555e-11 outputs/V1e27_D100_G2/solution/solution-00083 
 84 1.169760073787e+11 1.392571516413e+09 768 7235 3201 16 8 9 9 1.46328762e-11 2.46867161e-11 outputs/V1e27_D100_G2/solution/solution-00084 
 85 1.183685788951e+11 1.392571516413e+09 768 7235 3201 16 8 9 9 1.38695822e-11 2.33988616e-11 outputs/V1e27_D100_G2/solution/solution-00085 
 86 1.197611504115e+11 1.392571516413e+09 768 7235 3201 16 8 9 9 1.31461050e-11 2.21781937e-11 outputs/V1e27_D100_G2/solution/solution-00086 
 87 1.211537219279e+11 1.392571516413e+09 768 7235 3201 16 8 9 9 1.24603676e-11 2.10212070e-11 outputs/V1e27_D100_G2/solution/solution-00087 
 88 1.225462934443e+11 1.392571516413e+09 768 7235 3201 16 8 9 9 1.18104013e-11 1.99245794e-11 outputs/V1e27_D100_G2/solution/solution-00088 
 89 1.239388649607e+11 1.392571516413e+09 768 7235 3201 16 8 9 9 1.11943401e-11 1.88851617e-11 outputs/V1e27_D100_G2/solution/solution-00089 
 90 1.253314364771e+11 1.392571516413e+09 768 7235 3201 16 8 9 9 1.06104153e-11 1.78999693e-11 outputs/V1e27_D100_G2/solution/solution-00090 
 91 1.267240079935e+11 1.392571516413e+09 768 7235 3201 16 8 9 9 1.00569506e-11 1.69661732e-11 outputs/V1e27_D100_G2/solution/solution-00091 
 92 1.281165795100e+11 1.392571516413e+09 768 7235 3201 16 8 9 9 9.53235696e-12 1.60810919e-11 outputs/V1e27_D100_G2/solution/solution-00092 
 93 1.295091510264e+11 1.392571516413e+09 768 7235 3201 16 8 9 9 9.03512832e-12 1.52421841e-11 outputs/V1e27_D100_G2/solution/solution-00093 
 94 1.309017225428e+11 1.392571516413e+09 768 7235 3201 15 8 9 9 8.56383753e-12 1.44470414e-11 outputs/V1e27_D100_G2/solution/solution-00094 
 95 1.322942940592e+11 1.392571516413e+09 768 7235 3201 15 8 9 9 8.11713127e-12 1.36933802e-11 outputs/V1e27_D100_G2/solution/solution-00095 
 96 1.336868655756e+11 1.392571516413e+09 768 7235 3201 15 8 9 9 7.69372706e-12 1.29790362e-11 outputs/V1e27_D100_G2/solution/solution-00096 
 97 1.350794370920e+11 1.392571516413e+09 768 7235 3201 15 8 9 9 7.29240934e-12 1.23019582e-11 outputs/V1e27_D100_G2/solution/solution-00097 
 98 1.364720086084e+11 1.392571516413e+09 768 7235 3201 15 8 9 9 6.91202591e-12 1.16602020e-11 outputs/V1e27_D100_G2/solution/solution-00098 
 99 1.378645801248e+11 1.392571516413e+09 768 7235 3201 15 8 9 9 6.55148473e-12 1.10519248e-11 outputs/V1e27_D100_G2/solution/solution-00099 
100 1.392571516413e+11 1.392571516413e+09 768 7235 3201 15 8 9 9 6.20975080e-12 1.04753802e-11 outputs/V1e27_D100_G2/solution/solution-00100 
