# 1: Time step number
# 2: Time (years)
# 3: Time step size (years)
# 4: Number of mesh cells
# 5: Number of Stokes degrees of freedom
# 6: Number of temperature degrees of freedom
# 7: Iterations for temperature solver
# 8: Iterations for Stokes solver
# 9: Velocity iterations in Stokes preconditioner
# 10: Schur complement iterations in Stokes preconditioner
# 11: RMS velocity (m/year)
# 12: Max. velocity (m/year)
# 13: Visualization file name
  0 0.000000000000e+00 0.000000000000e+00 768 7235 3201  0 8 9 9 8.62500623e-08 4.19043308e-07 outputs/V1e26_D10000_G10/solution/solution-00000 
  1 1.392571516413e+09 1.392571516413e+09 768 7235 3201 32 8 9 9 8.46863192e-08 2.40249374e-07 outputs/V1e26_D10000_G10/solution/solution-00001 
  2 2.785143032825e+09 1.392571516413e+09 768 7235 3201 26 8 9 9 9.86864086e-08 1.68750787e-07 outputs/V1e26_D10000_G10/solution/solution-00002 
  3 4.177714549238e+09 1.392571516413e+09 768 7235 3201 25 8 9 9 1.17498315e-07 2.04085959e-07 outputs/V1e26_D10000_G10/solution/solution-00003 
  4 5.570286065650e+09 1.392571516413e+09 768 7235 3201 24 8 9 9 1.37088401e-07 2.41648791e-07 outputs/V1e26_D10000_G10/solution/solution-00004 
  5 6.962857582063e+09 1.392571516413e+09 768 7235 3201 23 8 9 9 1.56762406e-07 2.80246669e-07 outputs/V1e26_D10000_G10/solution/solution-00005 
  6 8.355429098476e+09 1.392571516413e+09 768 7235 3201 23 8 9 9 1.76018161e-07 3.18852071e-07 outputs/V1e26_D10000_G10/solution/solution-00006 
  7 9.748000614888e+09 1.392571516413e+09 768 7235 3201 22 8 9 9 1.94480820e-07 3.56576929e-07 outputs/V1e26_D10000_G10/solution/solution-00007 
  8 1.114057213130e+10 1.392571516413e+09 768 7235 3201 22 8 9 9 2.11864729e-07 3.92677391e-07 outputs/V1e26_D10000_G10/solution/solution-00008 
  9 1.253314364771e+10 1.392571516413e+09 768 7235 3201 21 8 9 9 2.27961626e-07 4.26561463e-07 outputs/V1e26_D10000_G10/solution/solution-00009 
 10 1.392571516413e+10 1.392571516413e+09 768 7235 3201 21 8 9 9 2.42632812e-07 4.57789576e-07 outputs/V1e26_D10000_G10/solution/solution-00010 
 11 1.531828668054e+10 1.392571516413e+09 768 7235 3201 21 8 9 9 2.55800513e-07 4.86066339e-07 outputs/V1e26_D10000_G10/solution/solution-00011 
 12 1.671085819695e+10 1.392571516413e+09 768 7235 3201 21 8 9 9 2.67438208e-07 5.11225235e-07 outputs/V1e26_D10000_G10/solution/solution-00012 
 13 1.810342971336e+10 1.392571516413e+09 768 7235 3201 21 8 9 9 2.77560610e-07 5.33209061e-07 outputs/V1e26_D10000_G10/solution/solution-00013 
 14 1.949600122978e+10 1.392571516413e+09 768 7235 3201 21 8 9 9 2.86214037e-07 5.52048832e-07 outputs/V1e26_D10000_G10/solution/solution-00014 
 15 2.088857274619e+10 1.392571516413e+09 768 7235 3201 21 8 9 9 2.93467714e-07 5.67843274e-07 outputs/V1e26_D10000_G10/solution/solution-00015 
 16 2.228114426260e+10 1.392571516413e+09 768 7235 3201 20 8 9 9 2.99406305e-07 5.80740240e-07 outputs/V1e26_D10000_G10/solution/solution-00016 
 17 2.367371577901e+10 1.392571516413e+09 768 7235 3201 20 8 9 9 3.04123776e-07 5.90920785e-07 outputs/V1e26_D10000_G10/solution/solution-00017 
 18 2.506628729543e+10 1.392571516413e+09 768 7235 3201 20 8 9 9 3.07718539e-07 5.98586086e-07 outputs/V1e26_D10000_G10/solution/solution-00018 
 19 2.645885881184e+10 1.392571516413e+09 768 7235 3201 20 8 9 9 3.10289757e-07 6.03947112e-07 outputs/V1e26_D10000_G10/solution/solution-00019 
 20 2.785143032825e+10 1.392571516413e+09 768 7235 3201 20 8 9 9 3.11934635e-07 6.07216741e-07 outputs/V1e26_D10000_G10/solution/solution-00020 
 21 2.924400184466e+10 1.392571516413e+09 768 7235 3201 20 8 9 9 3.12746539e-07 6.08603966e-07 outputs/V1e26_D10000_G10/solution/solution-00021 
 22 3.063657336108e+10 1.392571516413e+09 768 7235 3201 20 8 9 9 3.12813748e-07 6.08309800e-07 outputs/V1e26_D10000_G10/solution/solution-00022 
 23 3.202914487749e+10 1.392571516413e+09 768 7235 3201 20 8 9 9 3.12218720e-07 6.06524553e-07 outputs/V1e26_D10000_G10/solution/solution-00023 
 24 3.342171639390e+10 1.392571516413e+09 768 7235 3201 20 8 9 9 3.11037731e-07 6.03426150e-07 outputs/V1e26_D10000_G10/solution/solution-00024 
 25 3.481428791032e+10 1.392571516413e+09 768 7235 3201 20 8 9 9 3.09340786e-07 5.99179258e-07 outputs/V1e26_D10000_G10/solution/solution-00025 
 26 3.620685942673e+10 1.392571516413e+09 768 7235 3201 20 8 9 9 3.07191728e-07 5.93935001e-07 outputs/V1e26_D10000_G10/solution/solution-00026 
 27 3.759943094314e+10 1.392571516413e+09 768 7235 3201 20 8 9 9 3.04648479e-07 5.87831096e-07 outputs/V1e26_D10000_G10/solution/solution-00027 
 28 3.899200245955e+10 1.392571516413e+09 768 7235 3201 20 8 9 9 3.01763361e-07 5.80992294e-07 outputs/V1e26_D10000_G10/solution/solution-00028 
 29 4.038457397597e+10 1.392571516413e+09 768 7235 3201 20 8 9 9 2.98583467e-07 5.73531011e-07 outputs/V1e26_D10000_G10/solution/solution-00029 
 30 4.177714549238e+10 1.392571516413e+09 768 7235 3201 20 8 9 9 2.95151058e-07 5.65548083e-07 outputs/V1e26_D10000_G10/solution/solution-00030 
 31 4.316971700879e+10 1.392571516413e+09 768 7235 3201 20 8 9 9 2.91503960e-07 5.57133583e-07 outputs/V1e26_D10000_G10/solution/solution-00031 
 32 4.456228852520e+10 1.392571516413e+09 768 7235 3201 19 8 9 9 2.87675952e-07 5.48367670e-07 outputs/V1e26_D10000_G10/solution/solution-00032 
 33 4.595486004162e+10 1.392571516413e+09 768 7235 3201 19 8 9 9 2.83697145e-07 5.39321425e-07 outputs/V1e26_D10000_G10/solution/solution-00033 
 34 4.734743155803e+10 1.392571516413e+09 768 7235 3201 19 8 9 9 2.79594330e-07 5.30057670e-07 outputs/V1e26_D10000_G10/solution/solution-00034 
 35 4.874000307444e+10 1.392571516413e+09 768 7235 3201 19 8 9 9 2.75391307e-07 5.20631743e-07 outputs/V1e26_D10000_G10/solution/solution-00035 
 36 5.013257459085e+10 1.392571516413e+09 768 7235 3201 19 8 9 9 2.71109190e-07 5.11092234e-07 outputs/V1e26_D10000_G10/solution/solution-00036 
 37 5.152514610727e+10 1.392571516413e+09 768 7235 3201 19 8 9 9 2.66766680e-07 5.01481663e-07 outputs/V1e26_D10000_G10/solution/solution-00037 
 38 5.291771762368e+10 1.392571516413e+09 768 7235 3201 19 8 9 9 2.62380319e-07 4.91837112e-07 outputs/V1e26_D10000_G10/solution/solution-00038 
 39 5.431028914009e+10 1.392571516413e+09 768 7235 3201 19 8 9 9 2.57964718e-07 4.82190804e-07 outputs/V1e26_D10000_G10/solution/solution-00039 
 40 5.570286065650e+10 1.392571516413e+09 768 7235 3201 19 8 9 9 2.53532759e-07 4.72570624e-07 outputs/V1e26_D10000_G10/solution/solution-00040 
 41 5.709543217292e+10 1.392571516413e+09 768 7235 3201 19 8 9 9 2.49095788e-07 4.63000604e-07 outputs/V1e26_D10000_G10/solution/solution-00041 
 42 5.848800368933e+10 1.392571516413e+09 768 7235 3201 19 8 9 9 2.44663772e-07 4.53501350e-07 outputs/V1e26_D10000_G10/solution/solution-00042 
 43 5.988057520574e+10 1.392571516413e+09 768 7235 3201 19 8 9 9 2.40245455e-07 4.44090435e-07 outputs/V1e26_D10000_G10/solution/solution-00043 
 44 6.127314672215e+10 1.392571516413e+09 768 7235 3201 19 8 9 9 2.35848485e-07 4.34782747e-07 outputs/V1e26_D10000_G10/solution/solution-00044 
 45 6.266571823857e+10 1.392571516413e+09 768 7235 3201 19 8 9 9 2.31479538e-07 4.25590807e-07 outputs/V1e26_D10000_G10/solution/solution-00045 
 46 6.405828975498e+10 1.392571516413e+09 768 7235 3201 19 8 9 9 2.27144421e-07 4.16525043e-07 outputs/V1e26_D10000_G10/solution/solution-00046 
 47 6.545086127139e+10 1.392571516413e+09 768 7235 3201 19 8 9 9 2.22848170e-07 4.07594050e-07 outputs/V1e26_D10000_G10/solution/solution-00047 
 48 6.684343278781e+10 1.392571516413e+09 768 7235 3201 19 8 9 9 2.18595130e-07 3.98804806e-07 outputs/V1e26_D10000_G10/solution/solution-00048 
 49 6.823600430422e+10 1.392571516413e+09 768 7235 3201 19 8 9 9 2.14389034e-07 3.90162876e-07 outputs/V1e26_D10000_G10/solution/solution-00049 
 50 6.962857582063e+10 1.392571516413e+09 768 7235 3201 19 8 9 9 2.10233070e-07 3.81672587e-07 outputs/V1e26_D10000_G10/solution/solution-00050 
 51 7.102114733704e+10 1.392571516413e+09 768 7235 3201 19 8 9 9 2.06129939e-07 3.73337186e-07 outputs/V1e26_D10000_G10/solution/solution-00051 
 52 7.241371885346e+10 1.392571516413e+09 768 7235 3201 19 8 9 9 2.02081910e-07 3.65158980e-07 outputs/V1e26_D10000_G10/solution/solution-00052 
 53 7.380629036987e+10 1.392571516413e+09 768 7235 3201 19 8 9 9 1.98090869e-07 3.57139459e-07 outputs/V1e26_D10000_G10/solution/solution-00053 
 54 7.519886188628e+10 1.392571516413e+09 768 7235 3201 19 8 9 9 1.94158358e-07 3.49279405e-07 outputs/V1e26_D10000_G10/solution/solution-00054 
 55 7.659143340269e+10 1.392571516413e+09 768 7235 3201 19 8 9 9 1.90285616e-07 3.41578989e-07 outputs/V1e26_D10000_G10/solution/solution-00055 
 56 7.798400491911e+10 1.392571516413e+09 768 7235 3201 19 8 9 9 1.86473613e-07 3.34037858e-07 outputs/V1e26_D10000_G10/solution/solution-00056 
 57 7.937657643552e+10 1.392571516413e+09 768 7235 3201 19 8 9 9 1.82723080e-07 3.26655206e-07 outputs/V1e26_D10000_G10/solution/solution-00057 
 58 8.076914795193e+10 1.392571516413e+09 768 7235 3201 19 8 9 9 1.79034533e-07 3.19429846e-07 outputs/V1e26_D10000_G10/solution/solution-00058 
 59 8.216171946834e+10 1.392571516413e+09 768 7235 3201 19 8 9 9 1.75408304e-07 3.12360264e-07 outputs/V1e26_D10000_G10/solution/solution-00059 
 60 8.355429098476e+10 1.392571516413e+09 768 7235 3201 19 8 9 9 1.71844555e-07 3.05444674e-07 outputs/V1e26_D10000_G10/solution/solution-00060 
 61 8.494686250117e+10 1.392571516413e+09 768 7235 3201 19 8 9 9 1.68343304e-07 2.98681058e-07 outputs/V1e26_D10000_G10/solution/solution-00061 
 62 8.633943401758e+10 1.392571516413e+09 768 7235 3201 19 8 9 9 1.64904437e-07 2.92067212e-07 outputs/V1e26_D10000_G10/solution/solution-00062 
 63 8.773200553399e+10 1.392571516413e+09 768 7235 3201 19 8 9 9 1.61527728e-07 2.85600775e-07 outputs/V1e26_D10000_G10/solution/solution-00063 
 64 8.912457705041e+10 1.392571516413e+09 768 7235 3201 19 8 9 9 1.58212848e-07 2.79279263e-07 outputs/V1e26_D10000_G10/solution/solution-00064 
 65 9.051714856682e+10 1.392571516413e+09 768 7235 3201 19 8 9 9 1.54959384e-07 2.73100092e-07 outputs/V1e26_D10000_G10/solution/solution-00065 
 66 9.190972008323e+10 1.392571516413e+09 768 7235 3201 19 8 9 9 1.51766844e-07 2.67060604e-07 outputs/V1e26_D10000_G10/solution/solution-00066 
 67 9.330229159964e+10 1.392571516413e+09 768 7235 3201 19 8 9 9 1.48634669e-07 2.61158088e-07 outputs/V1e26_D10000_G10/solution/solution-00067 
 68 9.469486311606e+10 1.392571516413e+09 768 7235 3201 19 8 9 9 1.45562244e-07 2.55389790e-07 outputs/V1e26_D10000_G10/solution/solution-00068 
 69 9.608743463247e+10 1.392571516413e+09 768 7235 3201 19 8 9 9 1.42548903e-07 2.49752939e-07 outputs/V1e26_D10000_G10/solution/solution-00069 
 70 9.748000614888e+10 1.392571516413e+09 768 7235 3201 18 8 9 9 1.39593937e-07 2.44244751e-07 outputs/V1e26_D10000_G10/solution/solution-00070 
 71 9.887257766530e+10 1.392571516413e+09 768 7235 3201 18 8 9 9 1.36696602e-07 2.38862443e-07 outputs/V1e26_D10000_G10/solution/solution-00071 
 72 1.002651491817e+11 1.392571516413e+09 768 7235 3201 18 8 9 9 1.33856123e-07 2.33603243e-07 outputs/V1e26_D10000_G10/solution/solution-00072 
 73 1.016577206981e+11 1.392571516413e+09 768 7235 3201 18 8 9 9 1.31071699e-07 2.28464398e-07 outputs/V1e26_D10000_G10/solution/solution-00073 
 74 1.030502922145e+11 1.392571516413e+09 768 7235 3201 18 8 9 9 1.28342508e-07 2.23443181e-07 outputs/V1e26_D10000_G10/solution/solution-00074 
 75 1.044428637309e+11 1.392571516413e+09 768 7235 3201 18 8 9 9 1.25667711e-07 2.18536896e-07 outputs/V1e26_D10000_G10/solution/solution-00075 
 76 1.058354352474e+11 1.392571516413e+09 768 7235 3201 18 8 9 9 1.23046458e-07 2.13742882e-07 outputs/V1e26_D10000_G10/solution/solution-00076 
 77 1.072280067638e+11 1.392571516413e+09 768 7235 3201 18 8 9 9 1.20477887e-07 2.09058518e-07 outputs/V1e26_D10000_G10/solution/solution-00077 
 78 1.086205782802e+11 1.392571516413e+09 768 7235 3201 18 8 9 9 1.17961128e-07 2.04481228e-07 outputs/V1e26_D10000_G10/solution/solution-00078 
 79 1.100131497966e+11 1.392571516413e+09 768 7235 3201 18 8 9 9 1.15495309e-07 2.00008481e-07 outputs/V1e26_D10000_G10/solution/solution-00079 
 80 1.114057213130e+11 1.392571516413e+09 768 7235 3201 18 8 9 9 1.13079554e-07 1.95637792e-07 outputs/V1e26_D10000_G10/solution/solution-00080 
 81 1.127982928294e+11 1.392571516413e+09 768 7235 3201 18 8 9 9 1.10712987e-07 1.91366728e-07 outputs/V1e26_D10000_G10/solution/solution-00081 
 82 1.141908643458e+11 1.392571516413e+09 768 7235 3201 18 8 9 9 1.08394734e-07 1.87192904e-07 outputs/V1e26_D10000_G10/solution/solution-00082 
 83 1.155834358622e+11 1.392571516413e+09 768 7235 3201 18 8 9 9 1.06123924e-07 1.83113990e-07 outputs/V1e26_D10000_G10/solution/solution-00083 
 84 1.169760073787e+11 1.392571516413e+09 768 7235 3201 18 8 9 9 1.03899690e-07 1.79127703e-07 outputs/V1e26_D10000_G10/solution/solution-00084 
 85 1.183685788951e+11 1.392571516413e+09 768 7235 3201 18 8 9 9 1.01721170e-07 1.75231814e-07 outputs/V1e26_D10000_G10/solution/solution-00085 
 86 1.197611504115e+11 1.392571516413e+09 768 7235 3201 18 8 9 9 9.95875115e-08 1.71424148e-07 outputs/V1e26_D10000_G10/solution/solution-00086 
 87 1.211537219279e+11 1.392571516413e+09 768 7235 3201 18 8 9 9 9.74978669e-08 1.67702579e-07 outputs/V1e26_D10000_G10/solution/solution-00087 
 88 1.225462934443e+11 1.392571516413e+09 768 7235 3201 18 8 9 9 9.54513987e-08 1.64065032e-07 outputs/V1e26_D10000_G10/solution/solution-00088 
 89 1.239388649607e+11 1.392571516413e+09 768 7235 3201 18 8 9 9 9.34472778e-08 1.60509485e-07 outputs/V1e26_D10000_G10/solution/solution-00089 
 90 1.253314364771e+11 1.392571516413e+09 768 7235 3201 18 8 9 9 9.14846855e-08 1.57033964e-07 outputs/V1e26_D10000_G10/solution/solution-00090 
 91 1.267240079935e+11 1.392571516413e+09 768 7235 3201 18 8 9 9 8.95628131e-08 1.53636545e-07 outputs/V1e26_D10000_G10/solution/solution-00091 
 92 1.281165795100e+11 1.392571516413e+09 768 7235 3201 18 8 9 9 8.76808627e-08 1.50315352e-07 outputs/V1e26_D10000_G10/solution/solution-00092 
 93 1.295091510264e+11 1.392571516413e+09 768 7235 3201 18 8 9 9 8.58380477e-08 1.47068559e-07 outputs/V1e26_D10000_G10/solution/solution-00093 
 94 1.309017225428e+11 1.392571516413e+09 768 7235 3201 18 8 9 9 8.40335929e-08 1.43894383e-07 outputs/V1e26_D10000_G10/solution/solution-00094 
 95 1.322942940592e+11 1.392571516413e+09 768 7235 3201 18 8 9 9 8.22667345e-08 1.40791089e-07 outputs/V1e26_D10000_G10/solution/solution-00095 
 96 1.336868655756e+11 1.392571516413e+09 768 7235 3201 18 8 9 9 8.05367211e-08 1.37756986e-07 outputs/V1e26_D10000_G10/solution/solution-00096 
 97 1.350794370920e+11 1.392571516413e+09 768 7235 3201 18 8 9 9 7.88428127e-08 1.34790428e-07 outputs/V1e26_D10000_G10/solution/solution-00097 
 98 1.364720086084e+11 1.392571516413e+09 768 7235 3201 18 8 9 9 7.71842821e-08 1.31889809e-07 outputs/V1e26_D10000_G10/solution/solution-00098 
 99 1.378645801248e+11 1.392571516413e+09 768 7235 3201 18 8 9 9 7.55604136e-08 1.29053567e-07 outputs/V1e26_D10000_G10/solution/solution-00099 
100 1.392571516413e+11 1.392571516413e+09 768 7235 3201 17 8 9 9 7.39705043e-08 1.26280178e-07 outputs/V1e26_D10000_G10/solution/solution-00100 
