# 1: Time step number
# 2: Time (years)
# 3: Time step size (years)
# 4: Number of mesh cells
# 5: Number of Stokes degrees of freedom
# 6: Number of temperature degrees of freedom
# 7: Iterations for temperature solver
# 8: Iterations for Stokes solver
# 9: Velocity iterations in Stokes preconditioner
# 10: Schur complement iterations in Stokes preconditioner
# 11: RMS velocity (m/year)
# 12: Max. velocity (m/year)
# 13: Visualization file name
  0 0.000000000000e+00 0.000000000000e+00 768 7235 3201  0 8 9 9 3.65909355e-08 1.77775949e-07 outputs/V3.3e26_D10000_G14/solution/solution-00000 
  1 1.392571516413e+09 1.392571516413e+09 768 7235 3201 32 8 9 9 3.17397680e-08 9.83293901e-08 outputs/V3.3e26_D10000_G14/solution/solution-00001 
  2 2.785143032825e+09 1.392571516413e+09 768 7235 3201 26 8 9 9 3.17811596e-08 5.53891169e-08 outputs/V3.3e26_D10000_G14/solution/solution-00002 
  3 4.177714549238e+09 1.392571516413e+09 768 7235 3201 25 8 9 9 3.31560761e-08 5.66229859e-08 outputs/V3.3e26_D10000_G14/solution/solution-00003 
  4 5.570286065650e+09 1.392571516413e+09 768 7235 3201 24 8 9 9 3.43047616e-08 5.91201318e-08 outputs/V3.3e26_D10000_G14/solution/solution-00004 
  5 6.962857582063e+09 1.392571516413e+09 768 7235 3201 23 8 9 9 3.51830180e-08 6.11445118e-08 outputs/V3.3e26_D10000_G14/solution/solution-00005 
  6 8.355429098476e+09 1.392571516413e+09 768 7235 3201 23 8 9 9 3.57853765e-08 6.26882994e-08 outputs/V3.3e26_D10000_G14/solution/solution-00006 
  7 9.748000614888e+09 1.392571516413e+09 768 7235 3201 22 8 9 9 3.61315174e-08 6.37659666e-08 outputs/V3.3e26_D10000_G14/solution/solution-00007 
  8 1.114057213130e+10 1.392571516413e+09 768 7235 3201 22 8 9 9 3.62481478e-08 6.44056904e-08 outputs/V3.3e26_D10000_G14/solution/solution-00008 
  9 1.253314364771e+10 1.392571516413e+09 768 7235 3201 21 8 9 9 3.61635574e-08 6.46440979e-08 outputs/V3.3e26_D10000_G14/solution/solution-00009 
 10 1.392571516413e+10 1.392571516413e+09 768 7235 3201 21 8 9 9 3.59055800e-08 6.45225840e-08 outputs/V3.3e26_D10000_G14/solution/solution-00010 
 11 1.531828668054e+10 1.392571516413e+09 768 7235 3201 21 8 9 9 3.55005665e-08 6.40845507e-08 outputs/V3.3e26_D10000_G14/solution/solution-00011 
 12 1.671085819695e+10 1.392571516413e+09 768 7235 3201 21 8 9 9 3.49728363e-08 6.33733228e-08 outputs/V3.3e26_D10000_G14/solution/solution-00012 
 13 1.810342971336e+10 1.392571516413e+09 768 7235 3201 21 8 9 9 3.43444078e-08 6.24306268e-08 outputs/V3.3e26_D10000_G14/solution/solution-00013 
 14 1.949600122978e+10 1.392571516413e+09 768 7235 3201 21 8 9 9 3.36349104e-08 6.12955481e-08 outputs/V3.3e26_D10000_G14/solution/solution-00014 
 15 2.088857274619e+10 1.392571516413e+09 768 7235 3201 21 8 9 9 3.28616186e-08 6.00038896e-08 outputs/V3.3e26_D10000_G14/solution/solution-00015 
 16 2.228114426260e+10 1.392571516413e+09 768 7235 3201 20 8 9 9 3.20395644e-08 5.85878482e-08 outputs/V3.3e26_D10000_G14/solution/solution-00016 
 17 2.367371577901e+10 1.392571516413e+09 768 7235 3201 20 8 9 9 3.11816988e-08 5.70759326e-08 outputs/V3.3e26_D10000_G14/solution/solution-00017 
 18 2.506628729543e+10 1.392571516413e+09 768 7235 3201 20 8 9 9 3.02990795e-08 5.54930516e-08 outputs/V3.3e26_D10000_G14/solution/solution-00018 
 19 2.645885881184e+10 1.392571516413e+09 768 7235 3201 20 8 9 9 2.94010673e-08 5.38607150e-08 outputs/V3.3e26_D10000_G14/solution/solution-00019 
 20 2.785143032825e+10 1.392571516413e+09 768 7235 3201 20 8 9 9 2.84955222e-08 5.21973010e-08 outputs/V3.3e26_D10000_G14/solution/solution-00020 
 21 2.924400184466e+10 1.392571516413e+09 768 7235 3201 20 8 9 9 2.75889898e-08 5.05183563e-08 outputs/V3.3e26_D10000_G14/solution/solution-00021 
 22 3.063657336108e+10 1.392571516413e+09 768 7235 3201 20 8 9 9 2.66868747e-08 4.88369047e-08 outputs/V3.3e26_D10000_G14/solution/solution-00022 
 23 3.202914487749e+10 1.392571516413e+09 768 7235 3201 20 8 9 9 2.57935978e-08 4.71637485e-08 outputs/V3.3e26_D10000_G14/solution/solution-00023 
 24 3.342171639390e+10 1.392571516413e+09 768 7235 3201 20 8 9 9 2.49127381e-08 4.55077526e-08 outputs/V3.3e26_D10000_G14/solution/solution-00024 
 25 3.481428791032e+10 1.392571516413e+09 768 7235 3201 20 8 9 9 2.40471573e-08 4.38761060e-08 outputs/V3.3e26_D10000_G14/solution/solution-00025 
 26 3.620685942673e+10 1.392571516413e+09 768 7235 3201 20 8 9 9 2.31991090e-08 4.22745581e-08 outputs/V3.3e26_D10000_G14/solution/solution-00026 
 27 3.759943094314e+10 1.392571516413e+09 768 7235 3201 20 8 9 9 2.23703340e-08 4.07076297e-08 outputs/V3.3e26_D10000_G14/solution/solution-00027 
 28 3.899200245955e+10 1.392571516413e+09 768 7235 3201 20 8 9 9 2.15621424e-08 3.91787983e-08 outputs/V3.3e26_D10000_G14/solution/solution-00028 
 29 4.038457397597e+10 1.392571516413e+09 768 7235 3201 20 8 9 9 2.07754836e-08 3.76906610e-08 outputs/V3.3e26_D10000_G14/solution/solution-00029 
 30 4.177714549238e+10 1.392571516413e+09 768 7235 3201 20 8 9 9 2.00110070e-08 3.62450750e-08 outputs/V3.3e26_D10000_G14/solution/solution-00030 
 31 4.316971700879e+10 1.392571516413e+09 768 7235 3201 20 8 9 9 1.92691129e-08 3.48432802e-08 outputs/V3.3e26_D10000_G14/solution/solution-00031 
 32 4.456228852520e+10 1.392571516413e+09 768 7235 3201 19 8 9 9 1.85499961e-08 3.34860030e-08 outputs/V3.3e26_D10000_G14/solution/solution-00032 
 33 4.595486004162e+10 1.392571516413e+09 768 7235 3201 19 8 9 9 1.78536824e-08 3.21735464e-08 outputs/V3.3e26_D10000_G14/solution/solution-00033 
 34 4.734743155803e+10 1.392571516413e+09 768 7235 3201 19 8 9 9 1.71800602e-08 3.09058659e-08 outputs/V3.3e26_D10000_G14/solution/solution-00034 
 35 4.874000307444e+10 1.392571516413e+09 768 7235 3201 19 8 9 9 1.65289062e-08 2.96826343e-08 outputs/V3.3e26_D10000_G14/solution/solution-00035 
 36 5.013257459085e+10 1.392571516413e+09 768 7235 3201 19 8 9 9 1.58999073e-08 2.85032967e-08 outputs/V3.3e26_D10000_G14/solution/solution-00036 
 37 5.152514610727e+10 1.392571516413e+09 768 7235 3201 19 8 9 9 1.52926795e-08 2.73671167e-08 outputs/V3.3e26_D10000_G14/solution/solution-00037 
 38 5.291771762368e+10 1.392571516413e+09 768 7235 3201 19 8 9 9 1.47067825e-08 2.62732152e-08 outputs/V3.3e26_D10000_G14/solution/solution-00038 
 39 5.431028914009e+10 1.392571516413e+09 768 7235 3201 19 8 9 9 1.41417336e-08 2.52206031e-08 outputs/V3.3e26_D10000_G14/solution/solution-00039 
 40 5.570286065650e+10 1.392571516413e+09 768 7235 3201 19 8 9 9 1.35970174e-08 2.42082086e-08 outputs/V3.3e26_D10000_G14/solution/solution-00040 
 41 5.709543217292e+10 1.392571516413e+09 768 7235 3201 19 8 9 9 1.30720954e-08 2.32349002e-08 outputs/V3.3e26_D10000_G14/solution/solution-00041 
 42 5.848800368933e+10 1.392571516413e+09 768 7235 3201 19 8 9 9 1.25664133e-08 2.22995052e-08 outputs/V3.3e26_D10000_G14/solution/solution-00042 
 43 5.988057520574e+10 1.392571516413e+09 768 7235 3201 19 8 9 9 1.20794066e-08 2.14008252e-08 outputs/V3.3e26_D10000_G14/solution/solution-00043 
 44 6.127314672215e+10 1.392571516413e+09 768 7235 3201 19 8 9 9 1.16105063e-08 2.05376496e-08 outputs/V3.3e26_D10000_G14/solution/solution-00044 
 45 6.266571823857e+10 1.392571516413e+09 768 7235 3201 19 8 9 9 1.11591426e-08 1.97087654e-08 outputs/V3.3e26_D10000_G14/solution/solution-00045 
 46 6.405828975498e+10 1.392571516413e+09 768 7235 3201 19 8 9 9 1.07247486e-08 1.89129659e-08 outputs/V3.3e26_D10000_G14/solution/solution-00046 
 47 6.545086127139e+10 1.392571516413e+09 768 7235 3201 19 8 9 9 1.03067625e-08 1.81490578e-08 outputs/V3.3e26_D10000_G14/solution/solution-00047 
 48 6.684343278781e+10 1.392571516413e+09 768 7235 3201 19 8 9 9 9.90463054e-09 1.74158664e-08 outputs/V3.3e26_D10000_G14/solution/solution-00048 
 49 6.823600430422e+10 1.392571516413e+09 768 7235 3201 19 8 9 9 9.51780799e-09 1.67122399e-08 outputs/V3.3e26_D10000_G14/solution/solution-00049 
 50 6.962857582063e+10 1.392571516413e+09 768 7235 3201 19 8 9 9 9.14576107e-09 1.60370529e-08 outputs/V3.3e26_D10000_G14/solution/solution-00050 
 51 7.102114733704e+10 1.392571516413e+09 768 7235 3201 19 8 9 9 8.78796779e-09 1.53892087e-08 outputs/V3.3e26_D10000_G14/solution/solution-00051 
 52 7.241371885346e+10 1.392571516413e+09 768 7235 3201 19 8 9 9 8.44391879e-09 1.47676415e-08 outputs/V3.3e26_D10000_G14/solution/solution-00052 
 53 7.380629036987e+10 1.392571516413e+09 768 7235 3201 19 8 9 9 8.11311798e-09 1.41713170e-08 outputs/V3.3e26_D10000_G14/solution/solution-00053 
 54 7.519886188628e+10 1.392571516413e+09 768 7235 3201 19 8 9 9 7.79508286e-09 1.35992341e-08 outputs/V3.3e26_D10000_G14/solution/solution-00054 
 55 7.659143340269e+10 1.392571516413e+09 768 7235 3201 19 8 9 9 7.48934487e-09 1.30504246e-08 outputs/V3.3e26_D10000_G14/solution/solution-00055 
 56 7.798400491911e+10 1.392571516413e+09 768 7235 3201 19 8 9 9 7.19544947e-09 1.25239535e-08 outputs/V3.3e26_D10000_G14/solution/solution-00056 
 57 7.937657643552e+10 1.392571516413e+09 768 7235 3201 19 8 9 9 6.91295620e-09 1.20189193e-08 outputs/V3.3e26_D10000_G14/solution/solution-00057 
 58 8.076914795193e+10 1.392571516413e+09 768 7235 3201 19 8 9 9 6.64143864e-09 1.15344530e-08 outputs/V3.3e26_D10000_G14/solution/solution-00058 
 59 8.216171946834e+10 1.392571516413e+09 768 7235 3201 19 8 9 9 6.38048426e-09 1.10697182e-08 outputs/V3.3e26_D10000_G14/solution/solution-00059 
 60 8.355429098476e+10 1.392571516413e+09 768 7235 3201 19 8 9 9 6.12969429e-09 1.06239100e-08 outputs/V3.3e26_D10000_G14/solution/solution-00060 
 61 8.494686250117e+10 1.392571516413e+09 768 7235 3201 19 8 9 9 5.88868346e-09 1.01962548e-08 outputs/V3.3e26_D10000_G14/solution/solution-00061 
 62 8.633943401758e+10 1.392571516413e+09 768 7235 3201 19 8 9 9 5.65707979e-09 9.78600893e-09 outputs/V3.3e26_D10000_G14/solution/solution-00062 
 63 8.773200553399e+10 1.392571516413e+09 768 7235 3201 19 8 9 9 5.43452430e-09 9.39245828e-09 outputs/V3.3e26_D10000_G14/solution/solution-00063 
 64 8.912457705041e+10 1.392571516413e+09 768 7235 3201 19 8 9 9 5.22067067e-09 9.01491718e-09 outputs/V3.3e26_D10000_G14/solution/solution-00064 
 65 9.051714856682e+10 1.392571516413e+09 768 7235 3201 19 8 9 9 5.01518498e-09 8.65272753e-09 outputs/V3.3e26_D10000_G14/solution/solution-00065 
 66 9.190972008323e+10 1.392571516413e+09 768 7235 3201 19 8 9 9 4.81774535e-09 8.30525790e-09 outputs/V3.3e26_D10000_G14/solution/solution-00066 
 67 9.330229159964e+10 1.392571516413e+09 768 7235 3201 19 8 9 9 4.62804161e-09 7.97190259e-09 outputs/V3.3e26_D10000_G14/solution/solution-00067 
 68 9.469486311606e+10 1.392571516413e+09 768 7235 3201 19 8 9 9 4.44577497e-09 7.65208070e-09 outputs/V3.3e26_D10000_G14/solution/solution-00068 
 69 9.608743463247e+10 1.392571516413e+09 768 7235 3201 19 8 9 9 4.27065764e-09 7.34523523e-09 outputs/V3.3e26_D10000_G14/solution/solution-00069 
 70 9.748000614888e+10 1.392571516413e+09 768 7235 3201 18 8 9 9 4.10241253e-09 7.05083213e-09 outputs/V3.3e26_D10000_G14/solution/solution-00070 
 71 9.887257766530e+10 1.392571516413e+09 768 7235 3201 18 8 9 9 3.94077291e-09 6.76835951e-09 outputs/V3.3e26_D10000_G14/solution/solution-00071 
 72 1.002651491817e+11 1.392571516413e+09 768 7235 3201 18 8 9 9 3.78548204e-09 6.49732666e-09 outputs/V3.3e26_D10000_G14/solution/solution-00072 
 73 1.016577206981e+11 1.392571516413e+09 768 7235 3201 18 8 9 9 3.63629285e-09 6.23726329e-09 outputs/V3.3e26_D10000_G14/solution/solution-00073 
 74 1.030502922145e+11 1.392571516413e+09 768 7235 3201 18 8 9 9 3.49296762e-09 5.98771867e-09 outputs/V3.3e26_D10000_G14/solution/solution-00074 
 75 1.044428637309e+11 1.392571516413e+09 768 7235 3201 18 8 9 9 3.35527767e-09 5.74826086e-09 outputs/V3.3e26_D10000_G14/solution/solution-00075 
 76 1.058354352474e+11 1.392571516413e+09 768 7235 3201 18 8 9 9 3.22300300e-09 5.51847590e-09 outputs/V3.3e26_D10000_G14/solution/solution-00076 
 77 1.072280067638e+11 1.392571516413e+09 768 7235 3201 18 8 9 9 3.09593204e-09 5.29796711e-09 outputs/V3.3e26_D10000_G14/solution/solution-00077 
 78 1.086205782802e+11 1.392571516413e+09 768 7235 3201 18 8 9 9 2.97386131e-09 5.08635437e-09 outputs/V3.3e26_D10000_G14/solution/solution-00078 
 79 1.100131497966e+11 1.392571516413e+09 768 7235 3201 18 8 9 9 2.85659516e-09 4.88327339e-09 outputs/V3.3e26_D10000_G14/solution/solution-00079 
 80 1.114057213130e+11 1.392571516413e+09 768 7235 3201 18 8 9 9 2.74394545e-09 4.68837510e-09 outputs/V3.3e26_D10000_G14/solution/solution-00080 
 81 1.127982928294e+11 1.392571516413e+09 768 7235 3201 18 8 9 9 2.63573131e-09 4.50132496e-09 outputs/V3.3e26_D10000_G14/solution/solution-00081 
 82 1.141908643458e+11 1.392571516413e+09 768 7235 3201 18 8 9 9 2.53177886e-09 4.32180240e-09 outputs/V3.3e26_D10000_G14/solution/solution-00082 
 83 1.155834358622e+11 1.392571516413e+09 768 7235 3201 18 8 9 9 2.43192092e-09 4.14950018e-09 outputs/V3.3e26_D10000_G14/solution/solution-00083 
 84 1.169760073787e+11 1.392571516413e+09 768 7235 3201 18 8 9 9 2.33599684e-09 3.98412386e-09 outputs/V3.3e26_D10000_G14/solution/solution-00084 
 85 1.183685788951e+11 1.392571516413e+09 768 7235 3201 18 8 9 9 2.24385216e-09 3.82539125e-09 outputs/V3.3e26_D10000_G14/solution/solution-00085 
 86 1.197611504115e+11 1.392571516413e+09 768 7235 3201 18 8 9 9 2.15533846e-09 3.67303187e-09 outputs/V3.3e26_D10000_G14/solution/solution-00086 
 87 1.211537219279e+11 1.392571516413e+09 768 7235 3201 18 8 9 9 2.07031306e-09 3.52678648e-09 outputs/V3.3e26_D10000_G14/solution/solution-00087 
 88 1.225462934443e+11 1.392571516413e+09 768 7235 3201 18 8 9 9 1.98863887e-09 3.38640660e-09 outputs/V3.3e26_D10000_G14/solution/solution-00088 
 89 1.239388649607e+11 1.392571516413e+09 768 7235 3201 18 8 9 9 1.91018413e-09 3.25165405e-09 outputs/V3.3e26_D10000_G14/solution/solution-00089 
 90 1.253314364771e+11 1.392571516413e+09 768 7235 3201 18 8 9 9 1.83482223e-09 3.12230048e-09 outputs/V3.3e26_D10000_G14/solution/solution-00090 
 91 1.267240079935e+11 1.392571516413e+09 768 7235 3201 18 8 9 9 1.76243150e-09 2.99812702e-09 outputs/V3.3e26_D10000_G14/solution/solution-00091 
 92 1.281165795100e+11 1.392571516413e+09 768 7235 3201 18 8 9 9 1.69289503e-09 2.87892381e-09 outputs/V3.3e26_D10000_G14/solution/solution-00092 
 93 1.295091510264e+11 1.392571516413e+09 768 7235 3201 18 8 9 9 1.62610049e-09 2.76448968e-09 outputs/V3.3e26_D10000_G14/solution/solution-00093 
 94 1.309017225428e+11 1.392571516413e+09 768 7235 3201 18 8 9 9 1.56193994e-09 2.65463173e-09 outputs/V3.3e26_D10000_G14/solution/solution-00094 
 95 1.322942940592e+11 1.392571516413e+09 768 7235 3201 18 8 9 9 1.50030967e-09 2.54916501e-09 outputs/V3.3e26_D10000_G14/solution/solution-00095 
 96 1.336868655756e+11 1.392571516413e+09 768 7235 3201 18 8 9 9 1.44111004e-09 2.44791217e-09 outputs/V3.3e26_D10000_G14/solution/solution-00096 
 97 1.350794370920e+11 1.392571516413e+09 768 7235 3201 18 8 9 9 1.38424531e-09 2.35070316e-09 outputs/V3.3e26_D10000_G14/solution/solution-00097 
 98 1.364720086084e+11 1.392571516413e+09 768 7235 3201 18 8 9 9 1.32962351e-09 2.25737489e-09 outputs/V3.3e26_D10000_G14/solution/solution-00098 
 99 1.378645801248e+11 1.392571516413e+09 768 7235 3201 18 8 9 9 1.27715626e-09 2.16777096e-09 outputs/V3.3e26_D10000_G14/solution/solution-00099 
100 1.392571516413e+11 1.392571516413e+09 768 7235 3201 17 8 9 9 1.22675867e-09 2.08174139e-09 outputs/V3.3e26_D10000_G14/solution/solution-00100 
