# 1: Time step number
# 2: Time (years)
# 3: Time step size (years)
# 4: Number of mesh cells
# 5: Number of Stokes degrees of freedom
# 6: Number of temperature degrees of freedom
# 7: Iterations for temperature solver
# 8: Iterations for Stokes solver
# 9: Velocity iterations in Stokes preconditioner
# 10: Schur complement iterations in Stokes preconditioner
# 11: RMS velocity (m/year)
# 12: Max. velocity (m/year)
# 13: Visualization file name
  0 0.000000000000e+00 0.000000000000e+00 768 7235 3201  0 8 9 9 7.93470422e-09 1.36349402e-08 outputs/V1e27_D300_G12/solution/solution-00000 
  1 1.392571516413e+09 1.392571516413e+09 768 7235 3201 31 8 9 9 7.52630944e-09 1.26935794e-08 outputs/V1e27_D300_G12/solution/solution-00001 
  2 2.785143032825e+09 1.392571516413e+09 768 7235 3201 25 8 9 9 7.14224720e-09 1.20538031e-08 outputs/V1e27_D300_G12/solution/solution-00002 
  3 4.177714549238e+09 1.392571516413e+09 768 7235 3201 24 8 9 9 6.78005458e-09 1.14458833e-08 outputs/V1e27_D300_G12/solution/solution-00003 
  4 5.570286065650e+09 1.392571516413e+09 768 7235 3201 23 8 9 9 6.43721765e-09 1.08702389e-08 outputs/V1e27_D300_G12/solution/solution-00004 
  5 6.962857582063e+09 1.392571516413e+09 768 7235 3201 22 8 9 9 6.11292625e-09 1.03254084e-08 outputs/V1e27_D300_G12/solution/solution-00005 
  6 8.355429098476e+09 1.392571516413e+09 768 7235 3201 22 8 9 9 5.80607672e-09 9.80952289e-09 outputs/V1e27_D300_G12/solution/solution-00006 
  7 9.748000614888e+09 1.392571516413e+09 768 7235 3201 21 8 9 9 5.51557305e-09 9.32074629e-09 outputs/V1e27_D300_G12/solution/solution-00007 
  8 1.114057213130e+10 1.392571516413e+09 768 7235 3201 21 8 9 9 5.24038716e-09 8.85738457e-09 outputs/V1e27_D300_G12/solution/solution-00008 
  9 1.253314364771e+10 1.392571516413e+09 768 7235 3201 20 8 9 9 4.97957272e-09 8.41789645e-09 outputs/V1e27_D300_G12/solution/solution-00009 
 10 1.392571516413e+10 1.392571516413e+09 768 7235 3201 20 8 9 9 4.73226262e-09 8.00087822e-09 outputs/V1e27_D300_G12/solution/solution-00010 
 11 1.531828668054e+10 1.392571516413e+09 768 7235 3201 20 8 9 9 4.49766148e-09 7.60504498e-09 outputs/V1e27_D300_G12/solution/solution-00011 
 12 1.671085819695e+10 1.392571516413e+09 768 7235 3201 20 8 9 9 4.27503752e-09 7.22921382e-09 outputs/V1e27_D300_G12/solution/solution-00012 
 13 1.810342971336e+10 1.392571516413e+09 768 7235 3201 20 8 9 9 4.06371504e-09 6.87229012e-09 outputs/V1e27_D300_G12/solution/solution-00013 
 14 1.949600122978e+10 1.392571516413e+09 768 7235 3201 19 8 9 9 3.86306805e-09 6.53325647e-09 outputs/V1e27_D300_G12/solution/solution-00014 
 15 2.088857274619e+10 1.392571516413e+09 768 7235 3201 19 8 9 9 3.67251465e-09 6.21116374e-09 outputs/V1e27_D300_G12/solution/solution-00015 
 16 2.228114426260e+10 1.392571516413e+09 768 7235 3201 19 8 9 9 3.49151242e-09 5.90512377e-09 outputs/V1e27_D300_G12/solution/solution-00016 
 17 2.367371577901e+10 1.392571516413e+09 768 7235 3201 19 8 9 9 3.31955442e-09 5.61430332e-09 outputs/V1e27_D300_G12/solution/solution-00017 
 18 2.506628729543e+10 1.392571516413e+09 768 7235 3201 19 8 9 9 3.15616578e-09 5.33791904e-09 outputs/V1e27_D300_G12/solution/solution-00018 
 19 2.645885881184e+10 1.392571516413e+09 768 7235 3201 19 8 9 9 3.00090078e-09 5.07523314e-09 outputs/V1e27_D300_G12/solution/solution-00019 
 20 2.785143032825e+10 1.392571516413e+09 768 7235 3201 19 8 9 9 2.85334031e-09 4.82554970e-09 outputs/V1e27_D300_G12/solution/solution-00020 
 21 2.924400184466e+10 1.392571516413e+09 768 7235 3201 19 8 9 9 2.71308969e-09 4.58821150e-09 outputs/V1e27_D300_G12/solution/solution-00021 
 22 3.063657336108e+10 1.392571516413e+09 768 7235 3201 18 8 9 9 2.57977676e-09 4.36259719e-09 outputs/V1e27_D300_G12/solution/solution-00022 
 23 3.202914487749e+10 1.392571516413e+09 768 7235 3201 18 8 9 9 2.45305014e-09 4.14811879e-09 outputs/V1e27_D300_G12/solution/solution-00023 
 24 3.342171639390e+10 1.392571516413e+09 768 7235 3201 18 8 9 9 2.33257777e-09 3.94421954e-09 outputs/V1e27_D300_G12/solution/solution-00024 
 25 3.481428791032e+10 1.392571516413e+09 768 7235 3201 18 8 9 9 2.21804557e-09 3.75037183e-09 outputs/V1e27_D300_G12/solution/solution-00025 
 26 3.620685942673e+10 1.392571516413e+09 768 7235 3201 18 8 9 9 2.10915625e-09 3.56607547e-09 outputs/V1e27_D300_G12/solution/solution-00026 
 27 3.759943094314e+10 1.392571516413e+09 768 7235 3201 18 8 9 9 2.00562820e-09 3.39085605e-09 outputs/V1e27_D300_G12/solution/solution-00027 
 28 3.899200245955e+10 1.392571516413e+09 768 7235 3201 18 8 9 9 1.90719453e-09 3.22426339e-09 outputs/V1e27_D300_G12/solution/solution-00028 
 29 4.038457397597e+10 1.392571516413e+09 768 7235 3201 18 8 9 9 1.81360220e-09 3.06587021e-09 outputs/V1e27_D300_G12/solution/solution-00029 
 30 4.177714549238e+10 1.392571516413e+09 768 7235 3201 18 8 9 9 1.72461115e-09 2.91527086e-09 outputs/V1e27_D300_G12/solution/solution-00030 
 31 4.316971700879e+10 1.392571516413e+09 768 7235 3201 18 8 9 9 1.63999360e-09 2.77208010e-09 outputs/V1e27_D300_G12/solution/solution-00031 
 32 4.456228852520e+10 1.392571516413e+09 768 7235 3201 18 8 9 9 1.55953334e-09 2.63593204e-09 outputs/V1e27_D300_G12/solution/solution-00032 
 33 4.595486004162e+10 1.392571516413e+09 768 7235 3201 18 8 9 9 1.48302509e-09 2.50647909e-09 outputs/V1e27_D300_G12/solution/solution-00033 
 34 4.734743155803e+10 1.392571516413e+09 768 7235 3201 18 8 9 9 1.41027388e-09 2.38339102e-09 outputs/V1e27_D300_G12/solution/solution-00034 
 35 4.874000307444e+10 1.392571516413e+09 768 7235 3201 18 8 9 9 1.34109453e-09 2.26635402e-09 outputs/V1e27_D300_G12/solution/solution-00035 
 36 5.013257459085e+10 1.392571516413e+09 768 7235 3201 18 8 9 9 1.27531112e-09 2.15506990e-09 outputs/V1e27_D300_G12/solution/solution-00036 
 37 5.152514610727e+10 1.392571516413e+09 768 7235 3201 18 8 9 9 1.21275650e-09 2.04925526e-09 outputs/V1e27_D300_G12/solution/solution-00037 
 38 5.291771762368e+10 1.392571516413e+09 768 7235 3201 17 8 9 9 1.15327181e-09 1.94864076e-09 outputs/V1e27_D300_G12/solution/solution-00038 
 39 5.431028914009e+10 1.392571516413e+09 768 7235 3201 17 8 9 9 1.09670610e-09 1.85297037e-09 outputs/V1e27_D300_G12/solution/solution-00039 
 40 5.570286065650e+10 1.392571516413e+09 768 7235 3201 17 8 9 9 1.04291589e-09 1.76200075e-09 outputs/V1e27_D300_G12/solution/solution-00040 
 41 5.709543217292e+10 1.392571516413e+09 768 7235 3201 17 8 9 9 9.91764785e-10 1.67550057e-09 outputs/V1e27_D300_G12/solution/solution-00041 
 42 5.848800368933e+10 1.392571516413e+09 768 7235 3201 17 8 9 9 9.43123153e-10 1.59324992e-09 outputs/V1e27_D300_G12/solution/solution-00042 
 43 5.988057520574e+10 1.392571516413e+09 768 7235 3201 17 8 9 9 8.96867745e-10 1.51503977e-09 outputs/V1e27_D300_G12/solution/solution-00043 
 44 6.127314672215e+10 1.392571516413e+09 768 7235 3201 17 8 9 9 8.52881393e-10 1.44067138e-09 outputs/V1e27_D300_G12/solution/solution-00044 
 45 6.266571823857e+10 1.392571516413e+09 768 7235 3201 17 8 9 9 8.11052701e-10 1.36995581e-09 outputs/V1e27_D300_G12/solution/solution-00045 
 46 6.405828975498e+10 1.392571516413e+09 768 7235 3201 17 8 9 9 7.71275761e-10 1.30271345e-09 outputs/V1e27_D300_G12/solution/solution-00046 
 47 6.545086127139e+10 1.392571516413e+09 768 7235 3201 17 8 9 9 7.33449874e-10 1.23877353e-09 outputs/V1e27_D300_G12/solution/solution-00047 
 48 6.684343278781e+10 1.392571516413e+09 768 7235 3201 17 8 9 9 6.97479296e-10 1.17797370e-09 outputs/V1e27_D300_G12/solution/solution-00048 
 49 6.823600430422e+10 1.392571516413e+09 768 7235 3201 17 8 9 9 6.63272987e-10 1.12015959e-09 outputs/V1e27_D300_G12/solution/solution-00049 
 50 6.962857582063e+10 1.392571516413e+09 768 7235 3201 17 8 9 9 6.30744384e-10 1.06518446e-09 outputs/V1e27_D300_G12/solution/solution-00050 
 51 7.102114733704e+10 1.392571516413e+09 768 7235 3201 17 8 9 9 5.99811177e-10 1.01290877e-09 outputs/V1e27_D300_G12/solution/solution-00051 
 52 7.241371885346e+10 1.392571516413e+09 768 7235 3201 17 8 9 9 5.70395098e-10 9.63199857e-10 outputs/V1e27_D300_G12/solution/solution-00052 
 53 7.380629036987e+10 1.392571516413e+09 768 7235 3201 17 8 9 9 5.42421722e-10 9.15931588e-10 outputs/V1e27_D300_G12/solution/solution-00053 
 54 7.519886188628e+10 1.392571516413e+09 768 7235 3201 17 8 9 9 5.15820280e-10 8.70984035e-10 outputs/V1e27_D300_G12/solution/solution-00054 
 55 7.659143340269e+10 1.392571516413e+09 768 7235 3201 17 8 9 9 4.90523474e-10 8.28243172e-10 outputs/V1e27_D300_G12/solution/solution-00055 
 56 7.798400491911e+10 1.392571516413e+09 768 7235 3201 17 8 9 9 4.66467313e-10 7.87600584e-10 outputs/V1e27_D300_G12/solution/solution-00056 
 57 7.937657643552e+10 1.392571516413e+09 768 7235 3201 17 8 9 9 4.43590942e-10 7.48953185e-10 outputs/V1e27_D300_G12/solution/solution-00057 
 58 8.076914795193e+10 1.392571516413e+09 768 7235 3201 17 8 9 9 4.21836496e-10 7.12202963e-10 outputs/V1e27_D300_G12/solution/solution-00058 
 59 8.216171946834e+10 1.392571516413e+09 768 7235 3201 17 8 9 9 4.01148948e-10 6.77256727e-10 outputs/V1e27_D300_G12/solution/solution-00059 
 60 8.355429098476e+10 1.392571516413e+09 768 7235 3201 17 8 9 9 3.81475970e-10 6.44025863e-10 outputs/V1e27_D300_G12/solution/solution-00060 
 61 8.494686250117e+10 1.392571516413e+09 768 7235 3201 17 8 9 9 3.62767803e-10 6.12426121e-10 outputs/V1e27_D300_G12/solution/solution-00061 
 62 8.633943401758e+10 1.392571516413e+09 768 7235 3201 17 8 9 9 3.44977126e-10 5.82377388e-10 outputs/V1e27_D300_G12/solution/solution-00062 
 63 8.773200553399e+10 1.392571516413e+09 768 7235 3201 16 8 9 9 3.28058943e-10 5.53803498e-10 outputs/V1e27_D300_G12/solution/solution-00063 
 64 8.912457705041e+10 1.392571516413e+09 768 7235 3201 16 8 9 9 3.11970464e-10 5.26632018e-10 outputs/V1e27_D300_G12/solution/solution-00064 
 65 9.051714856682e+10 1.392571516413e+09 768 7235 3201 16 8 9 9 2.96670996e-10 5.00794080e-10 outputs/V1e27_D300_G12/solution/solution-00065 
 66 9.190972008323e+10 1.392571516413e+09 768 7235 3201 16 8 9 9 2.82121842e-10 4.76224201e-10 outputs/V1e27_D300_G12/solution/solution-00066 
 67 9.330229159964e+10 1.392571516413e+09 768 7235 3201 16 8 9 9 2.68286205e-10 4.52860116e-10 outputs/V1e27_D300_G12/solution/solution-00067 
 68 9.469486311606e+10 1.392571516413e+09 768 7235 3201 16 8 9 9 2.55129093e-10 4.30642621e-10 outputs/V1e27_D300_G12/solution/solution-00068 
 69 9.608743463247e+10 1.392571516413e+09 768 7235 3201 16 8 9 9 2.42617228e-10 4.09515419e-10 outputs/V1e27_D300_G12/solution/solution-00069 
 70 9.748000614888e+10 1.392571516413e+09 768 7235 3201 16 8 9 9 2.30718965e-10 3.89424983e-10 outputs/V1e27_D300_G12/solution/solution-00070 
 71 9.887257766530e+10 1.392571516413e+09 768 7235 3201 16 8 9 9 2.19404214e-10 3.70320413e-10 outputs/V1e27_D300_G12/solution/solution-00071 
 72 1.002651491817e+11 1.392571516413e+09 768 7235 3201 16 8 9 9 2.08644356e-10 3.52153311e-10 outputs/V1e27_D300_G12/solution/solution-00072 
 73 1.016577206981e+11 1.392571516413e+09 768 7235 3201 16 8 9 9 1.98412178e-10 3.34877655e-10 outputs/V1e27_D300_G12/solution/solution-00073 
 74 1.030502922145e+11 1.392571516413e+09 768 7235 3201 16 8 9 9 1.88681803e-10 3.18449686e-10 outputs/V1e27_D300_G12/solution/solution-00074 
 75 1.044428637309e+11 1.392571516413e+09 768 7235 3201 16 8 9 9 1.79428620e-10 3.02827793e-10 outputs/V1e27_D300_G12/solution/solution-00075 
 76 1.058354352474e+11 1.392571516413e+09 768 7235 3201 16 8 9 9 1.70629228e-10 2.87972410e-10 outputs/V1e27_D300_G12/solution/solution-00076 
 77 1.072280067638e+11 1.392571516413e+09 768 7235 3201 16 8 9 9 1.62261371e-10 2.73845913e-10 outputs/V1e27_D300_G12/solution/solution-00077 
 78 1.086205782802e+11 1.392571516413e+09 768 7235 3201 16 8 9 9 1.54303886e-10 2.60412527e-10 outputs/V1e27_D300_G12/solution/solution-00078 
 79 1.100131497966e+11 1.392571516413e+09 768 7235 3201 16 8 9 9 1.46736648e-10 2.47638234e-10 outputs/V1e27_D300_G12/solution/solution-00079 
 80 1.114057213130e+11 1.392571516413e+09 768 7235 3201 16 8 9 9 1.39540518e-10 2.35490685e-10 outputs/V1e27_D300_G12/solution/solution-00080 
 81 1.127982928294e+11 1.392571516413e+09 768 7235 3201 16 8 9 9 1.32697297e-10 2.23939121e-10 outputs/V1e27_D300_G12/solution/solution-00081 
 82 1.141908643458e+11 1.392571516413e+09 768 7235 3201 16 8 9 9 1.26189678e-10 2.12954292e-10 outputs/V1e27_D300_G12/solution/solution-00082 
 83 1.155834358622e+11 1.392571516413e+09 768 7235 3201 16 8 9 9 1.20001201e-10 2.02508387e-10 outputs/V1e27_D300_G12/solution/solution-00083 
 84 1.169760073787e+11 1.392571516413e+09 768 7235 3201 16 8 9 9 1.14116216e-10 1.92574958e-10 outputs/V1e27_D300_G12/solution/solution-00084 
 85 1.183685788951e+11 1.392571516413e+09 768 7235 3201 16 8 9 9 1.08519839e-10 1.83128856e-10 outputs/V1e27_D300_G12/solution/solution-00085 
 86 1.197611504115e+11 1.392571516413e+09 768 7235 3201 16 8 9 9 1.03197916e-10 1.74146167e-10 outputs/V1e27_D300_G12/solution/solution-00086 
 87 1.211537219279e+11 1.392571516413e+09 768 7235 3201 16 8 9 9 9.81369879e-11 1.65604151e-10 outputs/V1e27_D300_G12/solution/solution-00087 
 88 1.225462934443e+11 1.392571516413e+09 768 7235 3201 15 8 9 9 9.33242563e-11 1.57481188e-10 outputs/V1e27_D300_G12/solution/solution-00088 
 89 1.239388649607e+11 1.392571516413e+09 768 7235 3201 15 8 9 9 8.87475479e-11 1.49756713e-10 outputs/V1e27_D300_G12/solution/solution-00089 
 90 1.253314364771e+11 1.392571516413e+09 768 7235 3201 15 8 9 9 8.43952876e-11 1.42411172e-10 outputs/V1e27_D300_G12/solution/solution-00090 
 91 1.267240079935e+11 1.392571516413e+09 768 7235 3201 15 8 9 9 8.02564681e-11 1.35425972e-10 outputs/V1e27_D300_G12/solution/solution-00091 
 92 1.281165795100e+11 1.392571516413e+09 768 7235 3201 15 8 9 9 7.63206216e-11 1.28783432e-10 outputs/V1e27_D300_G12/solution/solution-00092 
 93 1.295091510264e+11 1.392571516413e+09 768 7235 3201 15 8 9 9 7.25777941e-11 1.22466740e-10 outputs/V1e27_D300_G12/solution/solution-00093 
 94 1.309017225428e+11 1.392571516413e+09 768 7235 3201 15 8 9 9 6.90185198e-11 1.16459907e-10 outputs/V1e27_D300_G12/solution/solution-00094 
 95 1.322942940592e+11 1.392571516413e+09 768 7235 3201 15 8 9 9 6.56337966e-11 1.10747732e-10 outputs/V1e27_D300_G12/solution/solution-00095 
 96 1.336868655756e+11 1.392571516413e+09 768 7235 3201 15 8 9 9 6.24150647e-11 1.05315759e-10 outputs/V1e27_D300_G12/solution/solution-00096 
 97 1.350794370920e+11 1.392571516413e+09 768 7235 3201 15 8 9 9 5.93541833e-11 1.00150239e-10 outputs/V1e27_D300_G12/solution/solution-00097 
 98 1.364720086084e+11 1.392571516413e+09 768 7235 3201 15 8 9 9 5.64434114e-11 9.52381001e-11 outputs/V1e27_D300_G12/solution/solution-00098 
 99 1.378645801248e+11 1.392571516413e+09 768 7235 3201 15 8 9 9 5.36753872e-11 9.05669116e-11 outputs/V1e27_D300_G12/solution/solution-00099 
100 1.392571516413e+11 1.392571516413e+09 768 7235 3201 15 8 9 9 5.10431103e-11 8.61248526e-11 outputs/V1e27_D300_G12/solution/solution-00100 
