# 1: Time step number
# 2: Time (years)
# 3: Time step size (years)
# 4: Number of mesh cells
# 5: Number of Stokes degrees of freedom
# 6: Number of temperature degrees of freedom
# 7: Iterations for temperature solver
# 8: Iterations for Stokes solver
# 9: Velocity iterations in Stokes preconditioner
# 10: Schur complement iterations in Stokes preconditioner
# 11: RMS velocity (m/year)
# 12: Max. velocity (m/year)
# 13: Visualization file name
  0 0.000000000000e+00 0.000000000000e+00 768 7235 3201  0 8 9 9 1.19965890e-08 2.02398539e-08 outputs/V3.3e26_D1000_G6/solution/solution-00000 
  1 1.392571516413e+09 1.392571516413e+09 768 7235 3201 19 6 7 7 1.14481040e-08 1.93144862e-08 outputs/V3.3e26_D1000_G6/solution/solution-00001 
  2 2.785143032825e+09 1.392571516413e+09 768 7235 3201 13 5 6 6 1.09145174e-08 1.84142541e-08 outputs/V3.3e26_D1000_G6/solution/solution-00002 
  3 4.177714549238e+09 1.392571516413e+09 768 7235 3201 13 5 6 6 1.04023285e-08 1.75501227e-08 outputs/V3.3e26_D1000_G6/solution/solution-00003 
  4 5.570286065650e+09 1.392571516413e+09 768 7235 3201 13 5 6 6 9.91298939e-09 1.67245420e-08 outputs/V3.3e26_D1000_G6/solution/solution-00004 
  5 6.962857582063e+09 1.392571516413e+09 768 7235 3201 13 5 6 6 9.44626442e-09 1.59371145e-08 outputs/V3.3e26_D1000_G6/solution/solution-00005 
  6 8.355429098476e+09 1.392571516413e+09 768 7235 3201 13 5 6 6 9.00137549e-09 1.51865272e-08 outputs/V3.3e26_D1000_G6/solution/solution-00006 
  7 9.748000614888e+09 1.392571516413e+09 768 7235 3201 13 5 6 6 8.57739214e-09 1.44712104e-08 outputs/V3.3e26_D1000_G6/solution/solution-00007 
  8 1.114057213130e+10 1.392571516413e+09 768 7235 3201 13 5 6 6 8.17336313e-09 1.37895593e-08 outputs/V3.3e26_D1000_G6/solution/solution-00008 
  9 1.253314364771e+10 1.392571516413e+09 768 7235 3201 13 5 6 6 7.78835996e-09 1.31400074e-08 outputs/V3.3e26_D1000_G6/solution/solution-00009 
 10 1.392571516413e+10 1.392571516413e+09 768 7235 3201 13 5 6 6 7.42149033e-09 1.25210491e-08 outputs/V3.3e26_D1000_G6/solution/solution-00010 
 11 1.531828668054e+10 1.392571516413e+09 768 7235 3201 13 5 6 6 7.07190140e-09 1.19312457e-08 outputs/V3.3e26_D1000_G6/solution/solution-00011 
 12 1.671085819695e+10 1.392571516413e+09 768 7235 3201 13 5 6 6 6.73877962e-09 1.13692246e-08 outputs/V3.3e26_D1000_G6/solution/solution-00012 
 13 1.810342971336e+10 1.392571516413e+09 768 7235 3201 13 5 6 6 6.42134946e-09 1.08336774e-08 outputs/V3.3e26_D1000_G6/solution/solution-00013 
 14 1.949600122978e+10 1.392571516413e+09 768 7235 3201 13 5 6 6 6.11887182e-09 1.03233571e-08 outputs/V3.3e26_D1000_G6/solution/solution-00014 
 15 2.088857274619e+10 1.392571516413e+09 768 7235 3201 13 5 6 6 5.83064238e-09 9.83707537e-09 outputs/V3.3e26_D1000_G6/solution/solution-00015 
 16 2.228114426260e+10 1.392571516413e+09 768 7235 3201 12 5 6 6 5.55598999e-09 9.37369996e-09 outputs/V3.3e26_D1000_G6/solution/solution-00016 
 17 2.367371577901e+10 1.392571516413e+09 768 7235 3201 12 5 6 6 5.29427509e-09 8.93215184e-09 outputs/V3.3e26_D1000_G6/solution/solution-00017 
 18 2.506628729543e+10 1.392571516413e+09 768 7235 3201 12 5 6 6 5.04488827e-09 8.51140285e-09 outputs/V3.3e26_D1000_G6/solution/solution-00018 
 19 2.645885881184e+10 1.392571516413e+09 768 7235 3201 12 5 6 6 4.80724882e-09 8.11047324e-09 outputs/V3.3e26_D1000_G6/solution/solution-00019 
 20 2.785143032825e+10 1.392571516413e+09 768 7235 3201 12 5 6 6 4.58080338e-09 7.72842942e-09 outputs/V3.3e26_D1000_G6/solution/solution-00020 
 21 2.924400184466e+10 1.392571516413e+09 768 7235 3201 12 5 6 6 4.36502464e-09 7.36438177e-09 outputs/V3.3e26_D1000_G6/solution/solution-00021 
 22 3.063657336108e+10 1.392571516413e+09 768 7235 3201 12 5 6 6 4.15941017e-09 7.01748258e-09 outputs/V3.3e26_D1000_G6/solution/solution-00022 
 23 3.202914487749e+10 1.392571516413e+09 768 7235 3201 12 5 6 6 3.96348116e-09 6.68692408e-09 outputs/V3.3e26_D1000_G6/solution/solution-00023 
 24 3.342171639390e+10 1.392571516413e+09 768 7235 3201 12 5 6 6 3.77678139e-09 6.37193654e-09 outputs/V3.3e26_D1000_G6/solution/solution-00024 
 25 3.481428791032e+10 1.392571516413e+09 768 7235 3201 12 5 6 6 3.59887611e-09 6.07178648e-09 outputs/V3.3e26_D1000_G6/solution/solution-00025 
 26 3.620685942673e+10 1.392571516413e+09 768 7235 3201 12 5 6 6 3.42935106e-09 5.78577499e-09 outputs/V3.3e26_D1000_G6/solution/solution-00026 
 27 3.759943094314e+10 1.392571516413e+09 768 7235 3201 12 5 6 6 3.26781148e-09 5.51323608e-09 outputs/V3.3e26_D1000_G6/solution/solution-00027 
 28 3.899200245955e+10 1.392571516413e+09 768 7235 3201 12 5 6 6 3.11388123e-09 5.25353510e-09 outputs/V3.3e26_D1000_G6/solution/solution-00028 
 29 4.038457397597e+10 1.392571516413e+09 768 7235 3201 12 5 6 6 2.96720186e-09 5.00606734e-09 outputs/V3.3e26_D1000_G6/solution/solution-00029 
 30 4.177714549238e+10 1.392571516413e+09 768 7235 3201 12 5 6 6 2.82743183e-09 4.77025655e-09 outputs/V3.3e26_D1000_G6/solution/solution-00030 
 31 4.316971700879e+10 1.392571516413e+09 768 7235 3201 12 5 6 6 2.69424566e-09 4.54555363e-09 outputs/V3.3e26_D1000_G6/solution/solution-00031 
 32 4.456228852520e+10 1.392571516413e+09 768 7235 3201 12 5 6 6 2.56733322e-09 4.33143534e-09 outputs/V3.3e26_D1000_G6/solution/solution-00032 
 33 4.595486004162e+10 1.392571516413e+09 768 7235 3201 12 5 6 6 2.44639900e-09 4.12740309e-09 outputs/V3.3e26_D1000_G6/solution/solution-00033 
 34 4.734743155803e+10 1.392571516413e+09 768 7235 3201 12 5 6 6 2.33116138e-09 3.93298177e-09 outputs/V3.3e26_D1000_G6/solution/solution-00034 
 35 4.874000307444e+10 1.392571516413e+09 768 7235 3201 12 5 6 6 2.22135203e-09 3.74771868e-09 outputs/V3.3e26_D1000_G6/solution/solution-00035 
 36 5.013257459085e+10 1.392571516413e+09 768 7235 3201 12 5 6 6 2.11671524e-09 3.57118240e-09 outputs/V3.3e26_D1000_G6/solution/solution-00036 
 37 5.152514610727e+10 1.392571516413e+09 768 7235 3201 12 5 6 6 2.01700738e-09 3.40296186e-09 outputs/V3.3e26_D1000_G6/solution/solution-00037 
 38 5.291771762368e+10 1.392571516413e+09 768 7235 3201 11 5 6 6 1.92199625e-09 3.24266535e-09 outputs/V3.3e26_D1000_G6/solution/solution-00038 
 39 5.431028914009e+10 1.392571516413e+09 768 7235 3201 11 5 6 6 1.83146062e-09 3.08991960e-09 outputs/V3.3e26_D1000_G6/solution/solution-00039 
 40 5.570286065650e+10 1.392571516413e+09 768 7235 3201 11 5 6 6 1.74518967e-09 2.94436895e-09 outputs/V3.3e26_D1000_G6/solution/solution-00040 
 41 5.709543217292e+10 1.392571516413e+09 768 7235 3201 11 5 6 6 1.66298252e-09 2.80567446e-09 outputs/V3.3e26_D1000_G6/solution/solution-00041 
 42 5.848800368933e+10 1.392571516413e+09 768 7235 3201 11 5 6 6 1.58464773e-09 2.67351317e-09 outputs/V3.3e26_D1000_G6/solution/solution-00042 
 43 5.988057520574e+10 1.392571516413e+09 768 7235 3201 11 5 6 6 1.51000290e-09 2.54757734e-09 outputs/V3.3e26_D1000_G6/solution/solution-00043 
 44 6.127314672215e+10 1.392571516413e+09 768 7235 3201 11 5 6 6 1.43887422e-09 2.42757371e-09 outputs/V3.3e26_D1000_G6/solution/solution-00044 
 45 6.266571823857e+10 1.392571516413e+09 768 7235 3201 11 5 6 6 1.37109605e-09 2.31322286e-09 outputs/V3.3e26_D1000_G6/solution/solution-00045 
 46 6.405828975498e+10 1.392571516413e+09 768 7235 3201 11 5 6 6 1.30651057e-09 2.20425850e-09 outputs/V3.3e26_D1000_G6/solution/solution-00046 
 47 6.545086127139e+10 1.392571516413e+09 768 7235 3201 11 5 6 6 1.24496739e-09 2.10042691e-09 outputs/V3.3e26_D1000_G6/solution/solution-00047 
 48 6.684343278781e+10 1.392571516413e+09 768 7235 3201 11 5 6 6 1.18632321e-09 2.00148630e-09 outputs/V3.3e26_D1000_G6/solution/solution-00048 
 49 6.823600430422e+10 1.392571516413e+09 768 7235 3201 11 5 6 6 1.13044145e-09 1.90720629e-09 outputs/V3.3e26_D1000_G6/solution/solution-00049 
 50 6.962857582063e+10 1.392571516413e+09 768 7235 3201 11 5 6 6 1.07719201e-09 1.81736735e-09 outputs/V3.3e26_D1000_G6/solution/solution-00050 
 51 7.102114733704e+10 1.392571516413e+09 768 7235 3201 11 5 6 6 1.02645088e-09 1.73176026e-09 outputs/V3.3e26_D1000_G6/solution/solution-00051 
 52 7.241371885346e+10 1.392571516413e+09 768 7235 3201 11 5 6 6 9.78099918e-10 1.65018570e-09 outputs/V3.3e26_D1000_G6/solution/solution-00052 
 53 7.380629036987e+10 1.392571516413e+09 768 7235 3201 11 5 6 6 9.32026523e-10 1.57245370e-09 outputs/V3.3e26_D1000_G6/solution/solution-00053 
 54 7.519886188628e+10 1.392571516413e+09 768 7235 3201 11 5 6 6 8.88123415e-10 1.49838327e-09 outputs/V3.3e26_D1000_G6/solution/solution-00054 
 55 7.659143340269e+10 1.392571516413e+09 768 7235 3201 11 5 6 6 8.46288363e-10 1.42780193e-09 outputs/V3.3e26_D1000_G6/solution/solution-00055 
 56 7.798400491911e+10 1.392571516413e+09 768 7235 3201 11 5 6 6 8.06423952e-10 1.36054533e-09 outputs/V3.3e26_D1000_G6/solution/solution-00056 
 57 7.937657643552e+10 1.392571516413e+09 768 7235 3201 11 5 6 6 7.68437353e-10 1.29645684e-09 outputs/V3.3e26_D1000_G6/solution/solution-00057 
 58 8.076914795193e+10 1.392571516413e+09 768 7235 3201 10 5 6 6 7.32240113e-10 1.23538724e-09 outputs/V3.3e26_D1000_G6/solution/solution-00058 
 59 8.216171946834e+10 1.392571516413e+09 768 7235 3201 10 5 6 6 6.97747944e-10 1.17719433e-09 outputs/V3.3e26_D1000_G6/solution/solution-00059 
 60 8.355429098476e+10 1.392571516413e+09 768 7235 3201 10 5 6 6 6.64880528e-10 1.12174259e-09 outputs/V3.3e26_D1000_G6/solution/solution-00060 
 61 8.494686250117e+10 1.392571516413e+09 768 7235 3201 10 5 6 6 6.33561331e-10 1.06890291e-09 outputs/V3.3e26_D1000_G6/solution/solution-00061 
 62 8.633943401758e+10 1.392571516413e+09 768 7235 3201 10 5 6 6 6.03717426e-10 1.01855224e-09 outputs/V3.3e26_D1000_G6/solution/solution-00062 
 63 8.773200553399e+10 1.392571516413e+09 768 7235 3201 10 5 6 6 5.75279317e-10 9.70573341e-10 outputs/V3.3e26_D1000_G6/solution/solution-00063 
 64 8.912457705041e+10 1.392571516413e+09 768 7235 3201 10 5 6 6 5.48180786e-10 9.24854485e-10 outputs/V3.3e26_D1000_G6/solution/solution-00064 
 65 9.051714856682e+10 1.392571516413e+09 768 7235 3201 10 5 6 6 5.22358730e-10 8.81289216e-10 outputs/V3.3e26_D1000_G6/solution/solution-00065 
 66 9.190972008323e+10 1.392571516413e+09 768 7235 3201 10 5 6 6 4.97753023e-10 8.39776089e-10 outputs/V3.3e26_D1000_G6/solution/solution-00066 
 67 9.330229159964e+10 1.392571516413e+09 768 7235 3201 10 5 6 6 4.74306368e-10 8.00218437e-10 outputs/V3.3e26_D1000_G6/solution/solution-00067 
 68 9.469486311606e+10 1.392571516413e+09 768 7235 3201 10 5 6 6 4.51964167e-10 7.62524149e-10 outputs/V3.3e26_D1000_G6/solution/solution-00068 
 69 9.608743463247e+10 1.392571516413e+09 768 7235 3201 10 5 6 6 4.30674395e-10 7.26605451e-10 outputs/V3.3e26_D1000_G6/solution/solution-00069 
 70 9.748000614888e+10 1.392571516413e+09 768 7235 3201 10 5 6 6 4.10387478e-10 6.92378702e-10 outputs/V3.3e26_D1000_G6/solution/solution-00070 
 71 9.887257766530e+10 1.392571516413e+09 768 7235 3201 10 5 6 6 3.91056177e-10 6.59764204e-10 outputs/V3.3e26_D1000_G6/solution/solution-00071 
 72 1.002651491817e+11 1.392571516413e+09 768 7235 3201 10 5 6 6 3.72635476e-10 6.28686012e-10 outputs/V3.3e26_D1000_G6/solution/solution-00072 
 73 1.016577206981e+11 1.392571516413e+09 768 7235 3201 10 5 6 6 3.55082483e-10 5.99071759e-10 outputs/V3.3e26_D1000_G6/solution/solution-00073 
 74 1.030502922145e+11 1.392571516413e+09 768 7235 3201 10 5 6 6 3.38356323e-10 5.70852485e-10 outputs/V3.3e26_D1000_G6/solution/solution-00074 
 75 1.044428637309e+11 1.392571516413e+09 768 7235 3201 10 5 6 6 3.22418049e-10 5.43962479e-10 outputs/V3.3e26_D1000_G6/solution/solution-00075 
 76 1.058354352474e+11 1.392571516413e+09 768 7235 3201 10 5 6 6 3.07230547e-10 5.18339127e-10 outputs/V3.3e26_D1000_G6/solution/solution-00076 
 77 1.072280067638e+11 1.392571516413e+09 768 7235 3201 10 5 6 6 2.92758452e-10 4.93922764e-10 outputs/V3.3e26_D1000_G6/solution/solution-00077 
 78 1.086205782802e+11 1.392571516413e+09 768 7235 3201 10 5 6 6 2.78968066e-10 4.70656532e-10 outputs/V3.3e26_D1000_G6/solution/solution-00078 
 79 1.100131497966e+11 1.392571516413e+09 768 7235 3201 10 5 6 6 2.65827276e-10 4.48486258e-10 outputs/V3.3e26_D1000_G6/solution/solution-00079 
 80 1.114057213130e+11 1.392571516413e+09 768 7235 3201 10 5 6 6 2.53305482e-10 4.27360312e-10 outputs/V3.3e26_D1000_G6/solution/solution-00080 
 81 1.127982928294e+11 1.392571516413e+09 768 7235 3201  9 5 6 6 2.41373529e-10 4.07229507e-10 outputs/V3.3e26_D1000_G6/solution/solution-00081 
 82 1.141908643458e+11 1.392571516413e+09 768 7235 3201  9 5 6 6 2.30003630e-10 3.88046964e-10 outputs/V3.3e26_D1000_G6/solution/solution-00082 
 83 1.155834358622e+11 1.392571516413e+09 768 7235 3201  9 5 6 6 2.19169311e-10 3.69768015e-10 outputs/V3.3e26_D1000_G6/solution/solution-00083 
 84 1.169760073787e+11 1.392571516413e+09 768 7235 3201  9 5 6 6 2.08845342e-10 3.52350095e-10 outputs/V3.3e26_D1000_G6/solution/solution-00084 
 85 1.183685788951e+11 1.392571516413e+09 768 7235 3201  9 5 6 6 1.99007684e-10 3.35752647e-10 outputs/V3.3e26_D1000_G6/solution/solution-00085 
 86 1.197611504115e+11 1.392571516413e+09 768 7235 3201  9 5 6 6 1.89633428e-10 3.19937021e-10 outputs/V3.3e26_D1000_G6/solution/solution-00086 
 87 1.211537219279e+11 1.392571516413e+09 768 7235 3201  9 5 6 6 1.80700747e-10 3.04866391e-10 outputs/V3.3e26_D1000_G6/solution/solution-00087 
 88 1.225462934443e+11 1.392571516413e+09 768 7235 3201  9 5 6 6 1.72188840e-10 2.90505662e-10 outputs/V3.3e26_D1000_G6/solution/solution-00088 
 89 1.239388649607e+11 1.392571516413e+09 768 7235 3201  9 5 6 6 1.64077886e-10 2.76821395e-10 outputs/V3.3e26_D1000_G6/solution/solution-00089 
 90 1.253314364771e+11 1.392571516413e+09 768 7235 3201  9 5 6 6 1.56348998e-10 2.63781725e-10 outputs/V3.3e26_D1000_G6/solution/solution-00090 
 91 1.267240079935e+11 1.392571516413e+09 768 7235 3201  9 5 6 6 1.48984180e-10 2.51356289e-10 outputs/V3.3e26_D1000_G6/solution/solution-00091 
 92 1.281165795100e+11 1.392571516413e+09 768 7235 3201  9 5 6 6 1.41966281e-10 2.39516153e-10 outputs/V3.3e26_D1000_G6/solution/solution-00092 
 93 1.295091510264e+11 1.392571516413e+09 768 7235 3201  9 5 6 6 1.35278961e-10 2.28233747e-10 outputs/V3.3e26_D1000_G6/solution/solution-00093 
 94 1.309017225428e+11 1.392571516413e+09 768 7235 3201  9 5 6 6 1.28906646e-10 2.17482798e-10 outputs/V3.3e26_D1000_G6/solution/solution-00094 
 95 1.322942940592e+11 1.392571516413e+09 768 7235 3201  9 5 6 6 1.22834500e-10 2.07238272e-10 outputs/V3.3e26_D1000_G6/solution/solution-00095 
 96 1.336868655756e+11 1.392571516413e+09 768 7235 3201  9 5 6 6 1.17048382e-10 1.97476316e-10 outputs/V3.3e26_D1000_G6/solution/solution-00096 
 97 1.350794370920e+11 1.392571516413e+09 768 7235 3201  9 5 6 6 1.11534818e-10 1.88174195e-10 outputs/V3.3e26_D1000_G6/solution/solution-00097 
 98 1.364720086084e+11 1.392571516413e+09 768 7235 3201  9 5 6 6 1.06280972e-10 1.79310251e-10 outputs/V3.3e26_D1000_G6/solution/solution-00098 
 99 1.378645801248e+11 1.392571516413e+09 768 7235 3201  9 5 6 6 1.01274607e-10 1.70863843e-10 outputs/V3.3e26_D1000_G6/solution/solution-00099 
100 1.392571516413e+11 1.392571516413e+09 768 7235 3201  8 5 6 6 9.65040673e-11 1.62815302e-10 outputs/V3.3e26_D1000_G6/solution/solution-00100 
