# 1: Time step number
# 2: Time (years)
# 3: Time step size (years)
# 4: Number of mesh cells
# 5: Number of Stokes degrees of freedom
# 6: Number of temperature degrees of freedom
# 7: Iterations for temperature solver
# 8: Iterations for Stokes solver
# 9: Velocity iterations in Stokes preconditioner
# 10: Schur complement iterations in Stokes preconditioner
# 11: RMS velocity (m/year)
# 12: Max. velocity (m/year)
# 13: Visualization file name
  0 0.000000000000e+00 0.000000000000e+00 768 7235 3201  0 8 9 9 8.05511723e-07 1.69713736e-06 outputs/V1e25_D3000_G12/solution/solution-00000 
  1 1.392571516413e+09 1.392571516413e+09 768 7235 3201 32 8 9 9 1.56294101e-06 2.66497848e-06 outputs/V1e25_D3000_G12/solution/solution-00001 
  2 2.785143032825e+09 1.392571516413e+09 768 7235 3201 25 8 9 9 3.23672888e-06 5.61350211e-06 outputs/V1e25_D3000_G12/solution/solution-00002 
  3 4.177714549238e+09 1.392571516413e+09 768 7235 3201 24 8 9 9 6.54318761e-06 1.15417859e-05 outputs/V1e25_D3000_G12/solution/solution-00003 
  4 5.570286065650e+09 1.392571516413e+09 768 7235 3201 24 8 9 9 1.27419098e-05 2.28326546e-05 outputs/V1e25_D3000_G12/solution/solution-00004 
  5 6.962857582063e+09 1.392571516413e+09 768 7235 3201 23 8 9 9 2.39180133e-05 4.34565172e-05 outputs/V1e25_D3000_G12/solution/solution-00005 
  6 8.355429098476e+09 1.392571516413e+09 768 7235 3201 23 8 9 9 4.33919877e-05 7.97718301e-05 outputs/V1e25_D3000_G12/solution/solution-00006 
  7 9.530792518827e+09 1.175363420351e+09 768 7235 3201 22 8 9 9 7.06482507e-05 1.31012712e-04 outputs/V1e25_D3000_G12/solution/solution-00007 
  8 1.024654980515e+10 7.157572863275e+08 768 7235 3201 18 7 8 8 9.53930546e-05 1.77678567e-04 outputs/V1e25_D3000_G12/solution/solution-00008 
  9 1.077396748260e+10 5.274176774424e+08 768 7235 3201 15 7 8 8 1.19157474e-04 2.22753364e-04 outputs/V1e25_D3000_G12/solution/solution-00009 
 10 1.119494318435e+10 4.209757017579e+08 768 7235 3201 13 7 8 8 1.42178007e-04 2.66378811e-04 outputs/V1e25_D3000_G12/solution/solution-00010 
 11 1.154688559134e+10 3.519424069813e+08 768 7235 3201 12 6 7 7 1.64546996e-04 3.08883654e-04 outputs/V1e25_D3000_G12/solution/solution-00011 
 12 1.185039792893e+10 3.035123375909e+08 768 7235 3201 11 6 7 7 1.86334587e-04 3.50259750e-04 outputs/V1e25_D3000_G12/solution/solution-00012 
 13 1.211818165413e+10 2.677837251991e+08 768 7235 3201 11 6 7 7 2.07604154e-04 3.90584513e-04 outputs/V1e25_D3000_G12/solution/solution-00013 
 14 1.235819148033e+10 2.400098262037e+08 768 7235 3201 10 6 7 7 2.28368366e-04 4.29929059e-04 outputs/V1e25_D3000_G12/solution/solution-00014 
 15 1.257621463328e+10 2.180231529516e+08 768 7235 3201 10 6 7 7 2.48652236e-04 4.68428765e-04 outputs/V1e25_D3000_G12/solution/solution-00015 
 16 1.277646030217e+10 2.002456688933e+08 768 7235 3201 10 6 7 7 2.68470241e-04 5.05827967e-04 outputs/V1e25_D3000_G12/solution/solution-00016 
 17 1.296179999496e+10 1.853396927863e+08 768 7235 3201  9 6 7 7 2.87795846e-04 5.42283955e-04 outputs/V1e25_D3000_G12/solution/solution-00017 
 18 1.313467990258e+10 1.728799076152e+08 768 7235 3201  9 6 7 7 3.06620925e-04 5.77603581e-04 outputs/V1e25_D3000_G12/solution/solution-00018 
 19 1.329703738043e+10 1.623574778562e+08 768 7235 3201  9 6 7 7 3.24930547e-04 6.11869205e-04 outputs/V1e25_D3000_G12/solution/solution-00019 
 20 1.345030698523e+10 1.532696048005e+08 768 7235 3201  9 6 7 7 3.42688589e-04 6.44709000e-04 outputs/V1e25_D3000_G12/solution/solution-00020 
 21 1.359568064475e+10 1.453736595135e+08 768 7235 3201  9 6 7 7 3.59857093e-04 6.76470887e-04 outputs/V1e25_D3000_G12/solution/solution-00021 
 22 1.373423603750e+10 1.385553927579e+08 768 7235 3201  9 6 7 7 3.76405755e-04 7.07043033e-04 outputs/V1e25_D3000_G12/solution/solution-00022 
 23 1.386687589201e+10 1.326398545048e+08 768 7235 3201  9 6 7 7 3.92300572e-04 7.36008466e-04 outputs/V1e25_D3000_G12/solution/solution-00023 
 24 1.399430701020e+10 1.274311181862e+08 768 7235 3201  9 6 7 7 4.07497950e-04 7.63456644e-04 outputs/V1e25_D3000_G12/solution/solution-00024 
 25 1.411710376717e+10 1.227967569785e+08 768 7235 3201  9 6 7 7 4.21950431e-04 7.89467934e-04 outputs/V1e25_D3000_G12/solution/solution-00025 
 26 1.423585463218e+10 1.187508650051e+08 768 7235 3201  9 6 7 7 4.35622749e-04 8.13667066e-04 outputs/V1e25_D3000_G12/solution/solution-00026 
 27 1.435107374815e+10 1.152191159757e+08 768 7235 3201  9 6 7 7 4.48480008e-04 8.36205140e-04 outputs/V1e25_D3000_G12/solution/solution-00027 
 28 1.446321462512e+10 1.121408769636e+08 768 7235 3201  9 6 7 7 4.60488484e-04 8.57120376e-04 outputs/V1e25_D3000_G12/solution/solution-00028 
 29 1.457267723849e+10 1.094626133684e+08 768 7235 3201  9 6 7 7 4.71615978e-04 8.76090943e-04 outputs/V1e25_D3000_G12/solution/solution-00029 
 30 1.467972278832e+10 1.070455498293e+08 768 7235 3201  8 6 7 7 4.81823967e-04 8.93068235e-04 outputs/V1e25_D3000_G12/solution/solution-00030 
 31 1.478468922392e+10 1.049664356053e+08 768 7235 3201  8 6 7 7 4.91089413e-04 9.08034107e-04 outputs/V1e25_D3000_G12/solution/solution-00031 
 32 1.488788392643e+10 1.031947025106e+08 768 7235 3201  8 6 7 7 4.99392784e-04 9.21415652e-04 outputs/V1e25_D3000_G12/solution/solution-00032 
 33 1.498958873143e+10 1.017048049940e+08 768 7235 3201  8 6 7 7 5.06718409e-04 9.33040027e-04 outputs/V1e25_D3000_G12/solution/solution-00033 
 34 1.509006409942e+10 1.004753679971e+08 768 7235 3201  8 6 7 7 5.13054749e-04 9.42633569e-04 outputs/V1e25_D3000_G12/solution/solution-00034 
 35 1.518955261493e+10 9.948851551025e+07 768 7235 3201  8 6 7 7 5.18394598e-04 9.50207986e-04 outputs/V1e25_D3000_G12/solution/solution-00035 
 36 1.528828195194e+10 9.872933700324e+07 768 7235 3201  8 5 6 6 5.22735200e-04 9.55784030e-04 outputs/V1e25_D3000_G12/solution/solution-00036 
 37 1.538641631526e+10 9.813436331924e+07 768 7235 3201  8 5 6 6 5.26076818e-04 9.59389834e-04 outputs/V1e25_D3000_G12/solution/solution-00037 
 38 1.548414282218e+10 9.772650692709e+07 768 7235 3201  8 5 6 6 5.28426902e-04 9.61351833e-04 outputs/V1e25_D3000_G12/solution/solution-00038 
 39 1.558166174999e+10 9.751892780364e+07 768 7235 3201  8 5 6 6 5.29798239e-04 9.61496370e-04 outputs/V1e25_D3000_G12/solution/solution-00039 
 40 1.567916601822e+10 9.750426823447e+07 768 7235 3201  8 5 6 6 5.30207732e-04 9.59798416e-04 outputs/V1e25_D3000_G12/solution/solution-00040 
 41 1.577684277869e+10 9.767676046534e+07 768 7235 3201  8 5 6 6 5.29676233e-04 9.56319825e-04 outputs/V1e25_D3000_G12/solution/solution-00041 
 42 1.587487483611e+10 9.803205742327e+07 768 7235 3201  8 5 6 6 5.28228341e-04 9.51128787e-04 outputs/V1e25_D3000_G12/solution/solution-00042 
 43 1.597344192957e+10 9.856709346488e+07 768 7235 3201  8 6 7 7 5.25892175e-04 9.44313905e-04 outputs/V1e25_D3000_G12/solution/solution-00043 
 44 1.607272189926e+10 9.927996968344e+07 768 7235 3201  8 6 7 7 5.22699139e-04 9.36204930e-04 outputs/V1e25_D3000_G12/solution/solution-00044 
 45 1.617289175576e+10 1.001698564987e+08 768 7235 3201  8 6 7 7 5.18683643e-04 9.26600347e-04 outputs/V1e25_D3000_G12/solution/solution-00045 
 46 1.627402809584e+10 1.011363400882e+08 768 7235 3201  9 6 7 7 5.13887941e-04 9.22478633e-04 outputs/V1e25_D3000_G12/solution/solution-00046 
 47 1.637563055196e+10 1.016024561164e+08 768 7235 3201  8 6 7 7 5.08392266e-04 9.17030787e-04 outputs/V1e25_D3000_G12/solution/solution-00047 
 48 1.647785497501e+10 1.022244230502e+08 768 7235 3201  8 6 7 7 5.02252863e-04 9.10312068e-04 outputs/V1e25_D3000_G12/solution/solution-00048 
 49 1.658085233487e+10 1.029973598600e+08 768 7235 3201  8 6 7 7 4.95525628e-04 9.02414144e-04 outputs/V1e25_D3000_G12/solution/solution-00049 
 50 1.668476962695e+10 1.039172920824e+08 768 7235 3201  8 6 7 7 4.88265767e-04 8.93427947e-04 outputs/V1e25_D3000_G12/solution/solution-00050 
 51 1.678975065900e+10 1.049810320439e+08 768 7235 3201  8 6 7 7 4.80527514e-04 8.83443324e-04 outputs/V1e25_D3000_G12/solution/solution-00051 
 52 1.689593672728e+10 1.061860682818e+08 768 7235 3201  8 6 7 7 4.72363883e-04 8.72548753e-04 outputs/V1e25_D3000_G12/solution/solution-00052 
 53 1.700346719171e+10 1.075304644296e+08 768 7235 3201  8 6 7 7 4.63826457e-04 8.60831102e-04 outputs/V1e25_D3000_G12/solution/solution-00053 
 54 1.711247995769e+10 1.090127659787e+08 768 7235 3201  8 6 7 7 4.54965208e-04 8.48375422e-04 outputs/V1e25_D3000_G12/solution/solution-00054 
 55 1.722311187067e+10 1.106319129853e+08 768 7235 3201  8 6 7 7 4.45828350e-04 8.35264767e-04 outputs/V1e25_D3000_G12/solution/solution-00055 
 56 1.733546062732e+10 1.123487566515e+08 768 7235 3201  8 6 7 7 4.36465421e-04 8.21584754e-04 outputs/V1e25_D3000_G12/solution/solution-00056 
 57 1.744965666494e+10 1.141960376124e+08 768 7235 3201  8 6 7 7 4.26921207e-04 8.07414842e-04 outputs/V1e25_D3000_G12/solution/solution-00057 
 58 1.756583321195e+10 1.161765470091e+08 768 7235 3201  8 6 7 7 4.17238083e-04 7.92831511e-04 outputs/V1e25_D3000_G12/solution/solution-00058 
 59 1.768412285420e+10 1.182896422578e+08 768 7235 3201  8 6 7 7 4.07456259e-04 7.77908563e-04 outputs/V1e25_D3000_G12/solution/solution-00059 
 60 1.780465751485e+10 1.205346606456e+08 768 7235 3201  8 6 7 7 3.97613765e-04 7.62748018e-04 outputs/V1e25_D3000_G12/solution/solution-00060 
 61 1.792756835537e+10 1.229108405210e+08 768 7235 3201  8 6 7 7 3.87746443e-04 7.47504878e-04 outputs/V1e25_D3000_G12/solution/solution-00061 
 62 1.805298559719e+10 1.254172418196e+08 768 7235 3201  8 6 7 7 3.77887968e-04 7.32120642e-04 outputs/V1e25_D3000_G12/solution/solution-00062 
 63 1.818103826319e+10 1.280526660010e+08 768 7235 3201  8 6 7 7 3.68069867e-04 7.16657780e-04 outputs/V1e25_D3000_G12/solution/solution-00063 
 64 1.831185383884e+10 1.308155756540e+08 768 7235 3201  8 6 7 7 3.58321554e-04 7.01175657e-04 outputs/V1e25_D3000_G12/solution/solution-00064 
 65 1.844555785310e+10 1.337040142523e+08 768 7235 3201  8 6 7 7 3.48670369e-04 6.85730452e-04 outputs/V1e25_D3000_G12/solution/solution-00065 
 66 1.858227337988e+10 1.367155267864e+08 768 7235 3201  8 6 7 7 3.39141628e-04 6.70375088e-04 outputs/V1e25_D3000_G12/solution/solution-00066 
 67 1.872212046213e+10 1.398470822456e+08 768 7235 3201  8 6 7 7 3.29758668e-04 6.55159164e-04 outputs/V1e25_D3000_G12/solution/solution-00067 
 68 1.886521546130e+10 1.430949991684e+08 768 7235 3201  8 6 7 7 3.20542903e-04 6.40128910e-04 outputs/V1e25_D3000_G12/solution/solution-00068 
 69 1.901167033701e+10 1.464548757105e+08 768 7235 3201  8 6 7 7 3.11513873e-04 6.25327147e-04 outputs/V1e25_D3000_G12/solution/solution-00069 
 70 1.916159186290e+10 1.499215258878e+08 768 7235 3201  8 6 7 7 3.02689306e-04 6.10793259e-04 outputs/V1e25_D3000_G12/solution/solution-00070 
 71 1.931508078672e+10 1.534889238218e+08 768 7235 3201  8 6 7 7 2.94085165e-04 5.96563193e-04 outputs/V1e25_D3000_G12/solution/solution-00071 
 72 1.947223094466e+10 1.571501579431e+08 768 7235 3201  8 6 7 7 2.85715709e-04 5.82669463e-04 outputs/V1e25_D3000_G12/solution/solution-00072 
 73 1.963312834183e+10 1.608973971671e+08 768 7235 3201  8 5 6 6 2.77593542e-04 5.69141178e-04 outputs/V1e25_D3000_G12/solution/solution-00073 
 74 1.979785021349e+10 1.647218716643e+08 768 7235 3201  9 5 6 6 2.69729671e-04 5.56004094e-04 outputs/V1e25_D3000_G12/solution/solution-00074 
 75 1.996646407995e+10 1.686138664593e+08 768 7235 3201  9 5 6 6 2.62133556e-04 5.43395759e-04 outputs/V1e25_D3000_G12/solution/solution-00075 
 76 2.013902681862e+10 1.725627386728e+08 768 7235 3201  9 5 6 6 2.54813170e-04 5.31213748e-04 outputs/V1e25_D3000_G12/solution/solution-00076 
 77 2.031558376641e+10 1.765569477871e+08 768 7235 3201  9 5 6 6 2.47775046e-04 5.19473982e-04 outputs/V1e25_D3000_G12/solution/solution-00077 
 78 2.049616787532e+10 1.805841089121e+08 768 7235 3201  9 5 6 6 2.41024339e-04 5.08189420e-04 outputs/V1e25_D3000_G12/solution/solution-00078 
 79 2.068079894134e+10 1.846310660204e+08 768 7235 3201  9 5 6 6 2.34564881e-04 4.97370166e-04 outputs/V1e25_D3000_G12/solution/solution-00079 
 80 2.086948292704e+10 1.886839856943e+08 768 7235 3201  9 5 6 6 2.28399242e-04 4.87023618e-04 outputs/V1e25_D3000_G12/solution/solution-00080 
 81 2.106221139773e+10 1.927284706913e+08 768 7235 3201  9 5 6 6 2.22528789e-04 4.77154621e-04 outputs/V1e25_D3000_G12/solution/solution-00081 
 82 2.125893909805e+10 1.967277003193e+08 768 7235 3201  9 5 6 6 2.16954353e-04 4.67766649e-04 outputs/V1e25_D3000_G12/solution/solution-00082 
 83 2.145958894561e+10 2.006498475646e+08 768 7235 3201  9 5 6 6 2.11675945e-04 4.58861389e-04 outputs/V1e25_D3000_G12/solution/solution-00083 
 84 2.166410810691e+10 2.045191612961e+08 768 7235 3201  9 5 6 6 2.06691368e-04 4.50436457e-04 outputs/V1e25_D3000_G12/solution/solution-00084 
 85 2.187242947635e+10 2.083213694379e+08 768 7235 3201  9 5 6 6 2.01997520e-04 4.42487631e-04 outputs/V1e25_D3000_G12/solution/solution-00085 
 86 2.208447194775e+10 2.120424714003e+08 768 7235 3201  9 5 6 6 1.97590469e-04 4.35009032e-04 outputs/V1e25_D3000_G12/solution/solution-00086 
 87 2.230014084469e+10 2.156688969440e+08 768 7235 3201  9 5 6 6 1.93465532e-04 4.27993304e-04 outputs/V1e25_D3000_G12/solution/solution-00087 
 88 2.251932850595e+10 2.191876612612e+08 768 7235 3201  9 5 6 6 1.89617359e-04 4.21431787e-04 outputs/V1e25_D3000_G12/solution/solution-00088 
 89 2.274191501854e+10 2.225865125863e+08 768 7235 3201  9 5 6 6 1.86040010e-04 4.15314679e-04 outputs/V1e25_D3000_G12/solution/solution-00089 
 90 2.296776908742e+10 2.258540688857e+08 768 7235 3201  9 5 6 6 1.82727033e-04 4.09631194e-04 outputs/V1e25_D3000_G12/solution/solution-00090 
 91 2.319674902793e+10 2.289799405072e+08 768 7235 3201  9 5 6 6 1.79671540e-04 4.04369707e-04 outputs/V1e25_D3000_G12/solution/solution-00091 
 92 2.342870386404e+10 2.319548361123e+08 768 7235 3201  9 5 6 6 1.76866282e-04 3.99517890e-04 outputs/V1e25_D3000_G12/solution/solution-00092 
 93 2.366347451378e+10 2.347706497364e+08 768 7235 3201  9 5 6 6 1.74303716e-04 3.95062840e-04 outputs/V1e25_D3000_G12/solution/solution-00093 
 94 2.390089504119e+10 2.374205274127e+08 768 7235 3201  9 5 6 6 1.71976070e-04 3.90991191e-04 outputs/V1e25_D3000_G12/solution/solution-00094 
 95 2.414079395361e+10 2.398989124187e+08 768 7235 3201  9 5 6 6 1.69875405e-04 3.87289219e-04 outputs/V1e25_D3000_G12/solution/solution-00095 
 96 2.438299552245e+10 2.422015688351e+08 768 7235 3201  9 5 6 6 1.67993671e-04 3.83942942e-04 outputs/V1e25_D3000_G12/solution/solution-00096 
 97 2.462732110617e+10 2.443255837231e+08 768 7235 3201  9 5 6 6 1.66322756e-04 3.80938198e-04 outputs/V1e25_D3000_G12/solution/solution-00097 
 98 2.487359045496e+10 2.462693487925e+08 768 7235 3201  9 5 6 6 1.64854532e-04 3.78260728e-04 outputs/V1e25_D3000_G12/solution/solution-00098 
 99 2.512162297791e+10 2.480325229437e+08 768 7235 3201  9 5 6 6 1.63580896e-04 3.75896242e-04 outputs/V1e25_D3000_G12/solution/solution-00099 
100 2.537123895540e+10 2.496159774914e+08 768 7235 3201  9 5 6 6 1.62493801e-04 3.73830477e-04 outputs/V1e25_D3000_G12/solution/solution-00100 
