# 1: Time step number
# 2: Time (years)
# 3: Time step size (years)
# 4: Number of mesh cells
# 5: Number of Stokes degrees of freedom
# 6: Number of temperature degrees of freedom
# 7: Iterations for temperature solver
# 8: Iterations for Stokes solver
# 9: Velocity iterations in Stokes preconditioner
# 10: Schur complement iterations in Stokes preconditioner
# 11: RMS velocity (m/year)
# 12: Max. velocity (m/year)
# 13: Visualization file name
  0 0.000000000000e+00 0.000000000000e+00 768 7235 3201  0 8 9 9 8.13648205e-07 1.71428016e-06 outputs/V3.3e24_D3000_G4/solution/solution-00000 
  1 1.392571516413e+09 1.392571516413e+09 768 7235 3201 32 8 9 9 1.58698920e-06 2.70615910e-06 outputs/V3.3e24_D3000_G4/solution/solution-00001 
  2 2.785143032825e+09 1.392571516413e+09 768 7235 3201 25 8 9 9 3.30582632e-06 5.73400759e-06 outputs/V3.3e24_D3000_G4/solution/solution-00002 
  3 4.177714549238e+09 1.392571516413e+09 768 7235 3201 24 8 9 9 6.72119000e-06 1.18576305e-05 outputs/V3.3e24_D3000_G4/solution/solution-00003 
  4 5.570286065650e+09 1.392571516413e+09 768 7235 3201 24 8 9 9 1.31609683e-05 2.35877920e-05 outputs/V3.3e24_D3000_G4/solution/solution-00004 
  5 6.962857582063e+09 1.392571516413e+09 768 7235 3201 23 8 9 9 2.48364000e-05 4.51335546e-05 outputs/V3.3e24_D3000_G4/solution/solution-00005 
  6 8.355429098476e+09 1.392571516413e+09 768 7235 3201 23 8 9 9 4.52882573e-05 8.32748654e-05 outputs/V3.3e24_D3000_G4/solution/solution-00006 
  7 9.481382632427e+09 1.125953533951e+09 768 7235 3201 22 8 9 9 7.27331260e-05 1.34864332e-04 outputs/V3.3e24_D3000_G4/solution/solution-00007 
  8 1.017668275752e+10 6.953001250970e+08 768 7235 3201 17 7 8 8 9.78126214e-05 1.82148330e-04 outputs/V3.3e24_D3000_G4/solution/solution-00008 
  9 1.069115227244e+10 5.144695149198e+08 768 7235 3201 15 7 8 8 1.21916005e-04 2.27856949e-04 outputs/V3.3e24_D3000_G4/solution/solution-00009 
 10 1.110270773372e+10 4.115554612791e+08 768 7235 3201 13 7 8 8 1.45271603e-04 2.72105827e-04 outputs/V3.3e24_D3000_G4/solution/solution-00010 
 11 1.144724280379e+10 3.445350700677e+08 768 7235 3201 12 6 7 7 1.67969237e-04 3.15217163e-04 outputs/V3.3e24_D3000_G4/solution/solution-00011 
 12 1.174465681254e+10 2.974140087452e+08 768 7235 3201 11 6 7 7 1.90079560e-04 3.57194523e-04 outputs/V3.3e24_D3000_G4/solution/solution-00012 
 13 1.200724651006e+10 2.625896975212e+08 768 7235 3201 11 6 7 7 2.11665439e-04 3.98100761e-04 outputs/V3.3e24_D3000_G4/solution/solution-00013 
 14 1.224272201374e+10 2.354755036860e+08 768 7235 3201 10 6 7 7 2.32737923e-04 4.38020755e-04 outputs/V3.3e24_D3000_G4/solution/solution-00014 
 15 1.245671956317e+10 2.139975494318e+08 768 7235 3201 10 6 7 7 2.53322153e-04 4.77073970e-04 outputs/V3.3e24_D3000_G4/solution/solution-00015 
 16 1.265333787460e+10 1.966183114225e+08 768 7235 3201 10 6 7 7 2.73431989e-04 5.15011038e-04 outputs/V3.3e24_D3000_G4/solution/solution-00016 
 17 1.283537280802e+10 1.820349334271e+08 768 7235 3201  9 6 7 7 2.93039650e-04 5.51984610e-04 outputs/V3.3e24_D3000_G4/solution/solution-00017 
 18 1.300521449969e+10 1.698416916671e+08 768 7235 3201  9 6 7 7 3.12136658e-04 5.87801092e-04 outputs/V3.3e24_D3000_G4/solution/solution-00018 
 19 1.316475508146e+10 1.595405817728e+08 768 7235 3201  9 6 7 7 3.30707427e-04 6.22543820e-04 outputs/V3.3e24_D3000_G4/solution/solution-00019 
 20 1.331539716739e+10 1.506420859234e+08 768 7235 3201  9 6 7 7 3.48715125e-04 6.55835428e-04 outputs/V3.3e24_D3000_G4/solution/solution-00020 
 21 1.345830534926e+10 1.429081818723e+08 768 7235 3201  9 6 7 7 3.66120940e-04 6.88018859e-04 outputs/V3.3e24_D3000_G4/solution/solution-00021 
 22 1.359453407843e+10 1.362287291744e+08 768 7235 3201  9 6 7 7 3.82893963e-04 7.18998852e-04 outputs/V3.3e24_D3000_G4/solution/solution-00022 
 23 1.372496705804e+10 1.304329796018e+08 768 7235 3201  9 6 7 7 3.98999610e-04 7.48343628e-04 outputs/V3.3e24_D3000_G4/solution/solution-00023 
 24 1.385029953348e+10 1.253324754415e+08 768 7235 3201  9 6 7 7 4.14394047e-04 7.76132286e-04 outputs/V3.3e24_D3000_G4/solution/solution-00024 
 25 1.397109079763e+10 1.207912641498e+08 768 7235 3201  9 6 7 7 4.29028805e-04 8.02469922e-04 outputs/V3.3e24_D3000_G4/solution/solution-00025 
 26 1.408791760626e+10 1.168268086369e+08 768 7235 3201  9 6 7 7 4.42868207e-04 8.26964279e-04 outputs/V3.3e24_D3000_G4/solution/solution-00026 
 27 1.420128405075e+10 1.133664444873e+08 768 7235 3201  9 6 7 7 4.55876998e-04 8.49751296e-04 outputs/V3.3e24_D3000_G4/solution/solution-00027 
 28 1.431163493079e+10 1.103508800353e+08 768 7235 3201  9 6 7 7 4.68021157e-04 8.70904483e-04 outputs/V3.3e24_D3000_G4/solution/solution-00028 
 29 1.441936629537e+10 1.077313645793e+08 768 7235 3201  9 6 7 7 4.79268615e-04 8.90081286e-04 outputs/V3.3e24_D3000_G4/solution/solution-00029 
 30 1.452473123720e+10 1.053649418333e+08 768 7235 3201  8 6 7 7 4.89580232e-04 9.07232093e-04 outputs/V3.3e24_D3000_G4/solution/solution-00030 
 31 1.462806086923e+10 1.033296320343e+08 768 7235 3201  8 6 7 7 4.98932837e-04 9.22338620e-04 outputs/V3.3e24_D3000_G4/solution/solution-00031 
 32 1.472965707885e+10 1.015962096129e+08 768 7235 3201  8 6 7 7 5.07306898e-04 9.35798789e-04 outputs/V3.3e24_D3000_G4/solution/solution-00032 
 33 1.482979676597e+10 1.001396871270e+08 768 7235 3201  8 6 7 7 5.14686809e-04 9.47508913e-04 outputs/V3.3e24_D3000_G4/solution/solution-00033 
 34 1.492873592806e+10 9.893916209101e+07 768 7235 3201  8 6 7 7 5.21061151e-04 9.57155957e-04 outputs/V3.3e24_D3000_G4/solution/solution-00034 
 35 1.502671308926e+10 9.797716119149e+07 768 7235 3201  8 6 7 7 5.26422894e-04 9.64752014e-04 outputs/V3.3e24_D3000_G4/solution/solution-00035 
 36 1.512395220841e+10 9.723911915832e+07 768 7235 3201  8 5 6 6 5.30769510e-04 9.70318331e-04 outputs/V3.3e24_D3000_G4/solution/solution-00036 
 37 1.522061879163e+10 9.666658321988e+07 768 7235 3201  8 5 6 6 5.34101661e-04 9.73883782e-04 outputs/V3.3e24_D3000_G4/solution/solution-00037 
 38 1.531689295976e+10 9.627416813001e+07 768 7235 3201  8 5 6 6 5.36426943e-04 9.75759236e-04 outputs/V3.3e24_D3000_G4/solution/solution-00038 
 39 1.541297198880e+10 9.607902904030e+07 768 7235 3201  8 5 6 6 5.37758532e-04 9.75810124e-04 outputs/V3.3e24_D3000_G4/solution/solution-00039 
 40 1.550904600743e+10 9.607401862706e+07 768 7235 3201  8 5 6 6 5.38113753e-04 9.73989997e-04 outputs/V3.3e24_D3000_G4/solution/solution-00040 
 41 1.560529956272e+10 9.625355529235e+07 768 7235 3201  8 5 6 6 5.37513906e-04 9.70361704e-04 outputs/V3.3e24_D3000_G4/solution/solution-00041 
 42 1.570191302104e+10 9.661345831383e+07 768 7235 3201  8 5 6 6 5.35984066e-04 9.64994503e-04 outputs/V3.3e24_D3000_G4/solution/solution-00042 
 43 1.579906383351e+10 9.715081247054e+07 768 7235 3201  8 6 7 7 5.33552848e-04 9.57965827e-04                                               "" 
 44 1.589692769032e+10 9.786385681322e+07 768 7235 3201  8 6 7 7 5.30252172e-04 9.49636938e-04 outputs/V3.3e24_D3000_G4/solution/solution-00043 
 45 1.599567958079e+10 9.875189046423e+07 768 7235 3201  8 6 7 7 5.26116980e-04 9.39789301e-04 outputs/V3.3e24_D3000_G4/solution/solution-00044 
 46 1.609541231047e+10 9.973272968556e+07 768 7235 3201  8 6 7 7 5.21189329e-04 9.35420224e-04 outputs/V3.3e24_D3000_G4/solution/solution-00045 
 47 1.619561119037e+10 1.001988798963e+08 768 7235 3201  8 6 7 7 5.15551983e-04 9.29837958e-04 outputs/V3.3e24_D3000_G4/solution/solution-00046 
 48 1.629642986419e+10 1.008186738216e+08 768 7235 3201  8 6 7 7 5.09262133e-04 9.22968512e-04 outputs/V3.3e24_D3000_G4/solution/solution-00047 
 49 1.639801723076e+10 1.015873665673e+08 768 7235 3201  8 6 7 7 5.02376597e-04 9.14904667e-04 outputs/V3.3e24_D3000_G4/solution/solution-00048 
 50 1.650051833788e+10 1.025011071267e+08 768 7235 3201  8 6 7 7 4.94951475e-04 9.05738438e-04 outputs/V3.3e24_D3000_G4/solution/solution-00049 
 51 1.660407515925e+10 1.035568213681e+08 768 7235 3201  8 6 7 7 4.87041861e-04 8.95560730e-04 outputs/V3.3e24_D3000_G4/solution/solution-00050 
 52 1.670882726313e+10 1.047521038796e+08 768 7235 3201  8 6 7 7 4.78701596e-04 8.84461051e-04 outputs/V3.3e24_D3000_G4/solution/solution-00051 
 53 1.681491238215e+10 1.060851190191e+08 768 7235 3201  8 6 7 7 4.69983054e-04 8.72527274e-04 outputs/V3.3e24_D3000_G4/solution/solution-00052 
 54 1.692246689179e+10 1.075545096381e+08 768 7235 3201  8 6 7 7 4.60936961e-04 8.59845434e-04 outputs/V3.3e24_D3000_G4/solution/solution-00053 
 55 1.703162250561e+10 1.091556138170e+08 768 7235 3201  8 6 7 7 4.51612565e-04 8.46500006e-04 outputs/V3.3e24_D3000_G4/solution/solution-00054 
 56 1.714247592292e+10 1.108534173182e+08 768 7235 3201  8 6 7 7 4.42060166e-04 8.32577685e-04 outputs/V3.3e24_D3000_G4/solution/solution-00055 
 57 1.725515981442e+10 1.126838914990e+08 768 7235 3201  8 6 7 7 4.32324901e-04 8.18158444e-04 outputs/V3.3e24_D3000_G4/solution/solution-00056 
 58 1.736980624916e+10 1.146464347388e+08 768 7235 3201  8 6 7 7 4.22449743e-04 8.03319666e-04 outputs/V3.3e24_D3000_G4/solution/solution-00057 
 59 1.748654675640e+10 1.167405072410e+08 768 7235 3201  8 6 7 7 4.12475467e-04 7.88136040e-04 outputs/V3.3e24_D3000_G4/solution/solution-00058 
 60 1.760551231029e+10 1.189655538897e+08 768 7235 3201  8 6 7 7 4.02440631e-04 7.72743852e-04 outputs/V3.3e24_D3000_G4/solution/solution-00059 
 61 1.772683323666e+10 1.213209263688e+08 768 7235 3201  8 6 7 7 3.92381576e-04 7.57234286e-04 outputs/V3.3e24_D3000_G4/solution/solution-00060 
 62 1.785063904116e+10 1.238058044998e+08 768 7235 3201  8 6 7 7 3.82332442e-04 7.41580881e-04 outputs/V3.3e24_D3000_G4/solution/solution-00061 
 63 1.797705815799e+10 1.264191168343e+08 768 7235 3201  8 6 7 7 3.72325194e-04 7.25846945e-04 outputs/V3.3e24_D3000_G4/solution/solution-00062 
 64 1.810621761873e+10 1.291594607341e+08 768 7235 3201  8 6 7 7 3.62389655e-04 7.10092665e-04 outputs/V3.3e24_D3000_G4/solution/solution-00063 
 65 1.823824264112e+10 1.320250223913e+08 768 7235 3201  8 6 7 7 3.52553549e-04 6.94375020e-04 outputs/V3.3e24_D3000_G4/solution/solution-00064 
 66 1.837325613861e+10 1.350134974913e+08 768 7235 3201  8 6 7 7 3.42842547e-04 6.78747708e-04 outputs/V3.3e24_D3000_G4/solution/solution-00065 
 67 1.851137815208e+10 1.381220134660e+08 768 7235 3201  8 6 7 7 3.33280318e-04 6.63261080e-04 outputs/V3.3e24_D3000_G4/solution/solution-00066 
 68 1.865272520661e+10 1.413470545343e+08 768 7235 3201  8 6 7 7 3.23888583e-04 6.47962088e-04 outputs/V3.3e24_D3000_G4/solution/solution-00067 
 69 1.879740959757e+10 1.446843909579e+08 768 7235 3201  8 6 7 7 3.14687170e-04 6.32894241e-04 outputs/V3.3e24_D3000_G4/solution/solution-00068 
 70 1.894553861173e+10 1.481290141572e+08 768 7235 3201  8 6 7 7 3.05694066e-04 6.18097583e-04 outputs/V3.3e24_D3000_G4/solution/solution-00069 
 71 1.909721369124e+10 1.516750795088e+08 768 7235 3201  8 6 7 7 2.96925473e-04 6.03608677e-04 outputs/V3.3e24_D3000_G4/solution/solution-00070 
 72 1.925252955002e+10 1.553158587826e+08 768 7235 3201  8 6 7 7 2.88395866e-04 5.89460617e-04 outputs/V3.3e24_D3000_G4/solution/solution-00071 
 73 1.941157325427e+10 1.590437042477e+08 768 7235 3201  8 5 6 6 2.80118042e-04 5.75683048e-04 outputs/V3.3e24_D3000_G4/solution/solution-00072 
 74 1.957442328136e+10 1.628500270968e+08 768 7235 3201  9 5 6 6 2.72103178e-04 5.62345725e-04 outputs/V3.3e24_D3000_G4/solution/solution-00073 
 75 1.974114856982e+10 1.667252884597e+08 768 7235 3201  9 5 6 6 2.64360882e-04 5.49502329e-04 outputs/V3.3e24_D3000_G4/solution/solution-00074 
 76 1.991180758371e+10 1.706590138852e+08 768 7235 3201  9 5 6 6 2.56899249e-04 5.37091589e-04 outputs/V3.3e24_D3000_G4/solution/solution-00075 
 77 2.008644740443e+10 1.746398207243e+08 768 7235 3201  9 5 6 6 2.49724914e-04 5.25129794e-04 outputs/V3.3e24_D3000_G4/solution/solution-00076 
 78 2.026510287291e+10 1.786554684830e+08 768 7235 3201  9 5 6 6 2.42843108e-04 5.13630198e-04 outputs/V3.3e24_D3000_G4/solution/solution-00077 
 79 2.044779580211e+10 1.826929291967e+08 768 7235 3201  9 5 6 6 2.36257718e-04 5.02603153e-04 outputs/V3.3e24_D3000_G4/solution/solution-00078 
 80 2.063453428058e+10 1.867384784653e+08 768 7235 3201  9 5 6 6 2.29971342e-04 4.92056255e-04 outputs/V3.3e24_D3000_G4/solution/solution-00079 
 81 2.082531208713e+10 1.907778065518e+08 768 7235 3201  9 5 6 6 2.23985356e-04 4.81994504e-04 outputs/V3.3e24_D3000_G4/solution/solution-00080 
 82 2.102004648037e+10 1.947343932392e+08 768 7235 3201  9 5 6 6 2.18301711e-04 4.72423399e-04 outputs/V3.3e24_D3000_G4/solution/solution-00081 
 83 2.121869930354e+10 1.986528231753e+08 768 7235 3201  9 5 6 6 2.12919208e-04 4.63342724e-04 outputs/V3.3e24_D3000_G4/solution/solution-00082 
 84 2.142121987140e+10 2.025205678612e+08 768 7235 3201  9 5 6 6 2.07835583e-04 4.54750102e-04 outputs/V3.3e24_D3000_G4/solution/solution-00083 
 85 2.162754323078e+10 2.063233593741e+08 768 7235 3201  9 5 6 6 2.03047642e-04 4.46641280e-04 outputs/V3.3e24_D3000_G4/solution/solution-00084 
 86 2.183759040938e+10 2.100471785972e+08 768 7235 3201  9 5 6 6 1.98551349e-04 4.39010317e-04 outputs/V3.3e24_D3000_G4/solution/solution-00085 
 87 2.205126882390e+10 2.136784145220e+08 768 7235 3201  9 5 6 6 1.94341901e-04 4.31849766e-04 outputs/V3.3e24_D3000_G4/solution/solution-00086 
 88 2.226847284404e+10 2.172040201453e+08 768 7235 3201  9 5 6 6 1.90413812e-04 4.25150852e-04 outputs/V3.3e24_D3000_G4/solution/solution-00087 
 89 2.248908450533e+10 2.206116612827e+08 768 7235 3201  9 5 6 6 1.86760998e-04 4.18903633e-04 outputs/V3.3e24_D3000_G4/solution/solution-00088 
 90 2.271297436014e+10 2.238898548193e+08 768 7235 3201  9 5 6 6 1.83376852e-04 4.13097168e-04 outputs/V3.3e24_D3000_G4/solution/solution-00089 
 91 2.294000245338e+10 2.270280932357e+08 768 7235 3201  9 5 6 6 1.80254326e-04 4.07719657e-04 outputs/V3.3e24_D3000_G4/solution/solution-00090 
 92 2.317001940605e+10 2.300169526730e+08 768 7235 3201  9 5 6 6 1.77386004e-04 4.02758590e-04 outputs/V3.3e24_D3000_G4/solution/solution-00091 
 93 2.340286758838e+10 2.328481823224e+08 768 7235 3201  9 5 6 6 1.74764173e-04 3.98200868e-04 outputs/V3.3e24_D3000_G4/solution/solution-00092 
 94 2.363838236188e+10 2.355147735069e+08 768 7235 3201  9 5 6 6 1.72380893e-04 3.94032924e-04 outputs/V3.3e24_D3000_G4/solution/solution-00093 
 95 2.387639336933e+10 2.380110074509e+08 768 7235 3201  9 5 6 6 1.70228055e-04 3.90240830e-04 outputs/V3.3e24_D3000_G4/solution/solution-00094 
 96 2.411672585070e+10 2.403324813631e+08 768 7235 3201  9 5 6 6 1.68297442e-04 3.86810394e-04 outputs/V3.3e24_D3000_G4/solution/solution-00095 
 97 2.435920196378e+10 2.424761130800e+08 768 7235 3201  9 5 6 6 1.66580778e-04 3.83727246e-04 outputs/V3.3e24_D3000_G4/solution/solution-00096 
 98 2.460364208887e+10 2.444401250908e+08 768 7235 3201  9 5 6 6 1.65069778e-04 3.80976920e-04 outputs/V3.3e24_D3000_G4/solution/solution-00097 
 99 2.484986609815e+10 2.462240092816e+08 768 7235 3201  9 5 6 6 1.63756186e-04 3.78544919e-04 outputs/V3.3e24_D3000_G4/solution/solution-00098 
100 2.509769457232e+10 2.478284741680e+08 768 7235 3201  9 5 6 6 1.62631810e-04 3.76416780e-04 outputs/V3.3e24_D3000_G4/solution/solution-00099 
