# 1: Time step number
# 2: Time (years)
# 3: Time step size (years)
# 4: Number of mesh cells
# 5: Number of Stokes degrees of freedom
# 6: Number of temperature degrees of freedom
# 7: Iterations for temperature solver
# 8: Iterations for Stokes solver
# 9: Velocity iterations in Stokes preconditioner
# 10: Schur complement iterations in Stokes preconditioner
# 11: RMS velocity (m/year)
# 12: Max. velocity (m/year)
# 13: Visualization file name
  0 0.000000000000e+00 0.000000000000e+00 768 7235 3201  0 8 9 9 2.81070320e-07 4.98716801e-07 outputs/V3.3e25_D30_G14/solution/solution-00000 
  1 1.392571516413e+09 1.392571516413e+09 768 7235 3201 32 8 9 9 2.71707928e-07 4.61871059e-07 outputs/V3.3e25_D30_G14/solution/solution-00001 
  2 2.785143032825e+09 1.392571516413e+09 768 7235 3201 25 8 9 9 2.65922300e-07 4.56907779e-07 outputs/V3.3e25_D30_G14/solution/solution-00002 
  3 4.177714549238e+09 1.392571516413e+09 768 7235 3201 24 8 9 9 2.63911717e-07 4.58788341e-07 outputs/V3.3e25_D30_G14/solution/solution-00003 
  4 5.570286065650e+09 1.392571516413e+09 768 7235 3201 23 8 9 9 2.65392389e-07 4.66646378e-07 outputs/V3.3e25_D30_G14/solution/solution-00004 
  5 6.962857582063e+09 1.392571516413e+09 768 7235 3201 23 8 9 9 2.70101677e-07 4.79726922e-07 outputs/V3.3e25_D30_G14/solution/solution-00005 
  6 8.355429098476e+09 1.392571516413e+09 768 7235 3201 22 8 9 9 2.77789929e-07 4.97467718e-07 outputs/V3.3e25_D30_G14/solution/solution-00006 
  7 9.748000614888e+09 1.392571516413e+09 768 7235 3201 21 8 9 9 2.88271913e-07 5.19522257e-07 outputs/V3.3e25_D30_G14/solution/solution-00007 
  8 1.114057213130e+10 1.392571516413e+09 768 7235 3201 21 8 9 9 3.01432394e-07 5.45720020e-07 outputs/V3.3e25_D30_G14/solution/solution-00008 
  9 1.253314364771e+10 1.392571516413e+09 768 7235 3201 21 8 9 9 3.17219862e-07 5.76024035e-07 outputs/V3.3e25_D30_G14/solution/solution-00009 
 10 1.392571516413e+10 1.392571516413e+09 768 7235 3201 20 8 9 9 3.35637815e-07 6.10498538e-07 outputs/V3.3e25_D30_G14/solution/solution-00010 
 11 1.531828668054e+10 1.392571516413e+09 768 7235 3201 20 8 9 9 3.56736795e-07 6.49286775e-07 outputs/V3.3e25_D30_G14/solution/solution-00011 
 12 1.671085819695e+10 1.392571516413e+09 768 7235 3201 20 8 9 9 3.80608046e-07 6.92596489e-07 outputs/V3.3e25_D30_G14/solution/solution-00012 
 13 1.810342971336e+10 1.392571516413e+09 768 7235 3201 20 8 9 9 4.07378877e-07 7.40690786e-07 outputs/V3.3e25_D30_G14/solution/solution-00013 
 14 1.949600122978e+10 1.392571516413e+09 768 7235 3201 20 8 9 9 4.37209517e-07 7.93882704e-07 outputs/V3.3e25_D30_G14/solution/solution-00014 
 15 2.088857274619e+10 1.392571516413e+09 768 7235 3201 20 8 9 9 4.70291177e-07 8.52532376e-07 outputs/V3.3e25_D30_G14/solution/solution-00015 
 16 2.228114426260e+10 1.392571516413e+09 768 7235 3201 19 8 9 9 5.06845122e-07 9.17046038e-07 outputs/V3.3e25_D30_G14/solution/solution-00016 
 17 2.367371577901e+10 1.392571516413e+09 768 7235 3201 19 8 9 9 5.47122529e-07 9.87876413e-07 outputs/V3.3e25_D30_G14/solution/solution-00017 
 18 2.506628729543e+10 1.392571516413e+09 768 7235 3201 19 8 9 9 5.91404999e-07 1.06552415e-06 outputs/V3.3e25_D30_G14/solution/solution-00018 
 19 2.645885881184e+10 1.392571516413e+09 768 7235 3201 19 8 9 9 6.40005614e-07 1.15054014e-06 outputs/V3.3e25_D30_G14/solution/solution-00019 
 20 2.785143032825e+10 1.392571516413e+09 768 7235 3201 19 8 9 9 6.93270459e-07 1.24352853e-06 outputs/V3.3e25_D30_G14/solution/solution-00020 
 21 2.924400184466e+10 1.392571516413e+09 768 7235 3201 19 8 9 9 7.51580562e-07 1.34515039e-06 outputs/V3.3e25_D30_G14/solution/solution-00021 
 22 3.063657336108e+10 1.392571516413e+09 768 7235 3201 19 8 9 9 8.15354217e-07 1.45612798e-06 outputs/V3.3e25_D30_G14/solution/solution-00022 
 23 3.202914487749e+10 1.392571516413e+09 768 7235 3201 19 8 9 9 8.85049670e-07 1.57724963e-06 outputs/V3.3e25_D30_G14/solution/solution-00023 
 24 3.342171639390e+10 1.392571516413e+09 768 7235 3201 19 8 9 9 9.61168172e-07 1.70937509e-06 outputs/V3.3e25_D30_G14/solution/solution-00024 
 25 3.481428791032e+10 1.392571516413e+09 768 7235 3201 19 8 9 9 1.04425738e-06 1.85344154e-06 outputs/V3.3e25_D30_G14/solution/solution-00025 
 26 3.620685942673e+10 1.392571516413e+09 768 7235 3201 18 8 9 9 1.13491515e-06 2.01047019e-06 outputs/V3.3e25_D30_G14/solution/solution-00026 
 27 3.759943094314e+10 1.392571516413e+09 768 7235 3201 18 7 8 8 1.23379370e-06 2.18157347e-06 outputs/V3.3e25_D30_G14/solution/solution-00027 
 28 3.899200245955e+10 1.392571516413e+09 768 7235 3201 18 7 8 8 1.34160419e-06 2.36796293e-06 outputs/V3.3e25_D30_G14/solution/solution-00028 
 29 4.038457397597e+10 1.392571516413e+09 768 7235 3201 18 7 8 8 1.45912174e-06 2.57095781e-06 outputs/V3.3e25_D30_G14/solution/solution-00029 
 30 4.177714549238e+10 1.392571516413e+09 768 7235 3201 18 7 8 8 1.58719088e-06 2.79199442e-06 outputs/V3.3e25_D30_G14/solution/solution-00030 
 31 4.316971700879e+10 1.392571516413e+09 768 7235 3201 18 7 8 8 1.72673156e-06 3.03263628e-06 outputs/V3.3e25_D30_G14/solution/solution-00031 
 32 4.456228852520e+10 1.392571516413e+09 768 7235 3201 18 7 8 8 1.87874565e-06 3.29458523e-06 outputs/V3.3e25_D30_G14/solution/solution-00032 
 33 4.595486004162e+10 1.392571516413e+09 768 7235 3201 18 7 8 8 2.04432398e-06 3.57969340e-06 outputs/V3.3e25_D30_G14/solution/solution-00033 
 34 4.734743155803e+10 1.392571516413e+09 768 7235 3201 18 7 8 8 2.22465407e-06 3.88997627e-06 outputs/V3.3e25_D30_G14/solution/solution-00034 
 35 4.874000307444e+10 1.392571516413e+09 768 7235 3201 18 7 8 8 2.42102848e-06 4.22762682e-06 outputs/V3.3e25_D30_G14/solution/solution-00035 
 36 5.013257459085e+10 1.392571516413e+09 768 7235 3201 18 7 8 8 2.63485389e-06 4.59503083e-06 outputs/V3.3e25_D30_G14/solution/solution-00036 
 37 5.152514610727e+10 1.392571516413e+09 768 7235 3201 18 7 8 8 2.86766088e-06 4.99478353e-06 outputs/V3.3e25_D30_G14/solution/solution-00037 
 38 5.291771762368e+10 1.392571516413e+09 768 7235 3201 18 7 8 8 3.12111465e-06 5.42970757e-06 outputs/V3.3e25_D30_G14/solution/solution-00038 
 39 5.431028914009e+10 1.392571516413e+09 768 7235 3201 18 7 8 8 3.39702647e-06 5.90287240e-06 outputs/V3.3e25_D30_G14/solution/solution-00039 
 40 5.570286065650e+10 1.392571516413e+09 768 7235 3201 18 7 8 8 3.69736619e-06 6.41761529e-06 outputs/V3.3e25_D30_G14/solution/solution-00040 
 41 5.709543217292e+10 1.392571516413e+09 768 7235 3201 18 6 7 7 4.02427558e-06 6.97756391e-06 outputs/V3.3e25_D30_G14/solution/solution-00041 
 42 5.848800368933e+10 1.392571516413e+09 768 7235 3201 18 6 7 7 4.38008284e-06 7.58666067e-06 outputs/V3.3e25_D30_G14/solution/solution-00042 
 43 5.988057520574e+10 1.392571516413e+09 768 7235 3201 18 6 7 7 4.76731809e-06 8.24918877e-06 outputs/V3.3e25_D30_G14/solution/solution-00043 
 44 6.127314672215e+10 1.392571516413e+09 768 7235 3201 18 6 7 7 5.18873001e-06 8.96980021e-06 outputs/V3.3e25_D30_G14/solution/solution-00044 
 45 6.266571823857e+10 1.392571516413e+09 768 7235 3201 18 6 7 7 5.64730355e-06 9.75354556e-06 outputs/V3.3e25_D30_G14/solution/solution-00045 
 46 6.405828975498e+10 1.392571516413e+09 768 7235 3201 18 6 7 7 6.14627887e-06 1.06059057e-05 outputs/V3.3e25_D30_G14/solution/solution-00046 
 47 6.545086127139e+10 1.392571516413e+09 768 7235 3201 18 6 7 7 6.68917126e-06 1.15328251e-05 outputs/V3.3e25_D30_G14/solution/solution-00047 
 48 6.684343278781e+10 1.392571516413e+09 768 7235 3201 18 6 7 7 7.27979217e-06 1.25407473e-05 outputs/V3.3e25_D30_G14/solution/solution-00048 
 49 6.823600430422e+10 1.392571516413e+09 768 7235 3201 18 6 7 7 7.92227115e-06 1.36366514e-05 outputs/V3.3e25_D30_G14/solution/solution-00049 
 50 6.962857582063e+10 1.392571516413e+09 768 7235 3201 18 6 7 7 8.62107845e-06 1.48280898e-05 outputs/V3.3e25_D30_G14/solution/solution-00050 
 51 7.102114733704e+10 1.392571516413e+09 768 7235 3201 18 6 7 7 9.38104821e-06 1.61232269e-05 outputs/V3.3e25_D30_G14/solution/solution-00051 
 52 7.241371885346e+10 1.392571516413e+09 768 7235 3201 18 6 7 7 1.02074015e-05 1.75308774e-05 outputs/V3.3e25_D30_G14/solution/solution-00052 
 53 7.380629036987e+10 1.392571516413e+09 768 7235 3201 18 6 7 7 1.11057692e-05 1.90605439e-05 outputs/V3.3e25_D30_G14/solution/solution-00053 
 54 7.519886188628e+10 1.392571516413e+09 768 7235 3201 18 6 7 7 1.20822130e-05 2.07224524e-05 outputs/V3.3e25_D30_G14/solution/solution-00054 
 55 7.659143340269e+10 1.392571516413e+09 768 7235 3201 18 6 7 7 1.31432452e-05 2.25275832e-05 outputs/V3.3e25_D30_G14/solution/solution-00055 
 56 7.798400491911e+10 1.392571516413e+09 768 7235 3201 18 6 7 7 1.42958436e-05 2.44876966e-05 outputs/V3.3e25_D30_G14/solution/solution-00056 
 57 7.937657643552e+10 1.392571516413e+09 768 7235 3201 18 6 7 7 1.55474625e-05 2.66159973e-05 outputs/V3.3e25_D30_G14/solution/solution-00057 
 58 8.076914795193e+10 1.392571516413e+09 768 7235 3201 18 6 7 7 1.69060351e-05 2.89255200e-05 outputs/V3.3e25_D30_G14/solution/solution-00058 
 59 8.216171946834e+10 1.392571516413e+09 768 7235 3201 18 6 7 7 1.83799658e-05 3.14302811e-05 outputs/V3.3e25_D30_G14/solution/solution-00059 
 60 8.355429098476e+10 1.392571516413e+09 768 7235 3201 18 6 7 7 1.99781091e-05 3.41451980e-05 outputs/V3.3e25_D30_G14/solution/solution-00060 
 61 8.494686250117e+10 1.392571516413e+09 768 7235 3201 18 6 7 7 2.17097291e-05 3.70858685e-05 outputs/V3.3e25_D30_G14/solution/solution-00061 
 62 8.633943401758e+10 1.392571516413e+09 768 7235 3201 19 6 7 7 2.35844358e-05 4.02684603e-05 outputs/V3.3e25_D30_G14/solution/solution-00062 
 63 8.773200553399e+10 1.392571516413e+09 768 7235 3201 19 6 7 7 2.56120897e-05 4.37095482e-05 outputs/V3.3e25_D30_G14/solution/solution-00063 
 64 8.912457705041e+10 1.392571516413e+09 768 7235 3201 19 6 7 7 2.78026685e-05 4.74258858e-05 outputs/V3.3e25_D30_G14/solution/solution-00064 
 65 9.051714856682e+10 1.392571516413e+09 768 7235 3201 19 6 7 7 3.01660846e-05 5.14340954e-05 outputs/V3.3e25_D30_G14/solution/solution-00065 
 66 9.190972008323e+10 1.392571516413e+09 768 7235 3201 19 6 7 7 3.27119440e-05 5.57502575e-05 outputs/V3.3e25_D30_G14/solution/solution-00066 
 67 9.330229159964e+10 1.392571516413e+09 768 7235 3201 19 6 7 7 3.54492339e-05 6.03893809e-05 outputs/V3.3e25_D30_G14/solution/solution-00067 
 68 9.469486311606e+10 1.392571516413e+09 768 7235 3201 19 6 7 7 3.83859280e-05 6.53647323e-05 outputs/V3.3e25_D30_G14/solution/solution-00068 
 69 9.608743463247e+10 1.392571516413e+09 768 7235 3201 19 6 7 7 4.15284963e-05 7.06870069e-05 outputs/V3.3e25_D30_G14/solution/solution-00069 
 70 9.741435969602e+10 1.326925063550e+09 768 7235 3201 19 6 7 7 4.47196322e-05 7.60896626e-05 outputs/V3.3e25_D30_G14/solution/solution-00070 
 71 9.864710812581e+10 1.232748429792e+09 768 7235 3201 18 6 7 7 4.78589928e-05 8.14028960e-05 outputs/V3.3e25_D30_G14/solution/solution-00071 
 72 9.979935430822e+10 1.152246182412e+09 768 7235 3201 18 6 7 7 5.09451757e-05 8.66244570e-05 outputs/V3.3e25_D30_G14/solution/solution-00072 
 73 1.008821097413e+11 1.082755433093e+09 768 7235 3201 17 6 7 7 5.39763789e-05 9.17513912e-05 outputs/V3.3e25_D30_G14/solution/solution-00073 
 74 1.019043304819e+11 1.022220740631e+09 768 7235 3201 17 6 7 7 5.69506521e-05 9.67804764e-05 outputs/V3.3e25_D30_G14/solution/solution-00074 
 75 1.028734038937e+11 9.690734117093e+08 768 7235 3201 16 6 7 7 5.98660615e-05 1.01708504e-04 outputs/V3.3e25_D30_G14/solution/solution-00075 
 76 1.037954971536e+11 9.220932599554e+08 768 7235 3201 16 6 7 7 6.27207482e-05 1.06532382e-04 outputs/V3.3e25_D30_G14/solution/solution-00076 
 77 1.046758133987e+11 8.803162450673e+08 768 7235 3201 15 6 7 7 6.55129526e-05 1.11249172e-04 outputs/V3.3e25_D30_G14/solution/solution-00077 
 78 1.055187838008e+11 8.429704021167e+08 768 7235 3201 15 6 7 7 6.82410256e-05 1.15856114e-04 outputs/V3.3e25_D30_G14/solution/solution-00078 
 79 1.063282140072e+11 8.094302063783e+08 768 7235 3201 15 5 6 6 7.09034361e-05 1.20350636e-04 outputs/V3.3e25_D30_G14/solution/solution-00079 
 80 1.071073974031e+11 7.791833958998e+08 768 7235 3201 14 5 6 6 7.34987761e-05 1.24730365e-04 outputs/V3.3e25_D30_G14/solution/solution-00080 
 81 1.078592038370e+11 7.518064339632e+08 768 7235 3201 14 5 6 6 7.60257646e-05 1.28993132e-04 outputs/V3.3e25_D30_G14/solution/solution-00081 
 82 1.085861499281e+11 7.269460910591e+08 768 7235 3201 14 5 6 6 7.84832508e-05 1.33136982e-04 outputs/V3.3e25_D30_G14/solution/solution-00082 
 83 1.092904553600e+11 7.043054318538e+08 768 7235 3201 14 5 6 6 8.08702165e-05 1.37160176e-04 outputs/V3.3e25_D30_G14/solution/solution-00083 
 84 1.099740883864e+11 6.836330264483e+08 768 7235 3201 13 5 6 6 8.31857772e-05 1.41061195e-04 outputs/V3.3e25_D30_G14/solution/solution-00084 
 85 1.106388029375e+11 6.647145510627e+08 768 7235 3201 13 5 6 6 8.54291835e-05 1.44838744e-04 outputs/V3.3e25_D30_G14/solution/solution-00085 
 86 1.112861691200e+11 6.473661825457e+08 768 7235 3201 13 5 6 6 8.75998208e-05 1.48491749e-04 outputs/V3.3e25_D30_G14/solution/solution-00086 
 87 1.119175984749e+11 6.314293548433e+08 768 7235 3201 13 5 6 6 8.96972091e-05 1.52019365e-04 outputs/V3.3e25_D30_G14/solution/solution-00087 
 88 1.125343650353e+11 6.167665604458e+08 768 7235 3201 13 5 6 6 9.17210022e-05 1.55420967e-04 outputs/V3.3e25_D30_G14/solution/solution-00088 
 89 1.131376229967e+11 6.032579614393e+08 768 7235 3201 12 5 6 6 9.36709857e-05 1.58696155e-04 outputs/V3.3e25_D30_G14/solution/solution-00089 
 90 1.137284216302e+11 5.907986335002e+08 768 7235 3201 12 5 6 6 9.55470758e-05 1.61844751e-04 outputs/V3.3e25_D30_G14/solution/solution-00090 
 91 1.143077179391e+11 5.792963089007e+08 768 7235 3201 12 5 6 6 9.73493163e-05 1.64866792e-04 outputs/V3.3e25_D30_G14/solution/solution-00091 
 92 1.148763874552e+11 5.686695160408e+08 768 7235 3201 12 5 6 6 9.90778760e-05 1.67762533e-04 outputs/V3.3e25_D30_G14/solution/solution-00092 
 93 1.154352334916e+11 5.588460363968e+08 768 7235 3201 12 5 6 6 1.00733046e-04 1.70532435e-04 outputs/V3.3e25_D30_G14/solution/solution-00093 
 94 1.159849951089e+11 5.497616173194e+08 768 7235 3201 12 5 6 6 1.02315235e-04 1.73177170e-04 outputs/V3.3e25_D30_G14/solution/solution-00094 
 95 1.165263540013e+11 5.413588924018e+08 768 7235 3201 12 5 6 6 1.03824968e-04 1.75697606e-04 outputs/V3.3e25_D30_G14/solution/solution-00095 
 96 1.170599404726e+11 5.335864712809e+08 768 7235 3201 12 5 6 6 1.05262880e-04 1.78094807e-04 outputs/V3.3e25_D30_G14/solution/solution-00096 
 97 1.175863386411e+11 5.263981685449e+08 768 7235 3201 12 5 6 6 1.06629713e-04 1.80370025e-04 outputs/V3.3e25_D30_G14/solution/solution-00097 
 98 1.181060909886e+11 5.197523474698e+08 768 7235 3201 11 5 6 6 1.07926310e-04 1.82524693e-04 outputs/V3.3e25_D30_G14/solution/solution-00098 
 99 1.186197023476e+11 5.136113590387e+08 768 7235 3201 11 5 6 6 1.09153613e-04 1.84591124e-04 outputs/V3.3e25_D30_G14/solution/solution-00099 
100 1.191276028313e+11 5.079004837157e+08 768 7235 3201 11 5 6 6 1.10312567e-04 1.86547318e-04 outputs/V3.3e25_D30_G14/solution/solution-00100 
