# 1: Time step number
# 2: Time (years)
# 3: Time step size (years)
# 4: Number of mesh cells
# 5: Number of Stokes degrees of freedom
# 6: Number of temperature degrees of freedom
# 7: Iterations for temperature solver
# 8: Iterations for Stokes solver
# 9: Velocity iterations in Stokes preconditioner
# 10: Schur complement iterations in Stokes preconditioner
# 11: RMS velocity (m/year)
# 12: Max. velocity (m/year)
# 13: Visualization file name
  0 0.000000000000e+00 0.000000000000e+00 768 7235 3201  0 8 9 9 1.20390267e-07 2.11689067e-07 outputs/V3.3e25_D100_G6/solution/solution-00000 
  1 1.392571516413e+09 1.392571516413e+09 768 7235 3201 32 8 9 9 1.15394564e-07 1.95209833e-07 outputs/V3.3e25_D100_G6/solution/solution-00001 
  2 2.785143032825e+09 1.392571516413e+09 768 7235 3201 25 8 9 9 1.11198984e-07 1.88989695e-07 outputs/V3.3e25_D100_G6/solution/solution-00002 
  3 4.177714549238e+09 1.392571516413e+09 768 7235 3201 24 8 9 9 1.07756423e-07 1.84043737e-07 outputs/V3.3e25_D100_G6/solution/solution-00003 
  4 5.570286065650e+09 1.392571516413e+09 768 7235 3201 23 8 9 9 1.04948293e-07 1.80143171e-07 outputs/V3.3e25_D100_G6/solution/solution-00004 
  5 6.962857582063e+09 1.392571516413e+09 768 7235 3201 23 8 9 9 1.02685903e-07 1.77080163e-07 outputs/V3.3e25_D100_G6/solution/solution-00005 
  6 8.355429098476e+09 1.392571516413e+09 768 7235 3201 22 8 9 9 1.00880218e-07 1.74678555e-07 outputs/V3.3e25_D100_G6/solution/solution-00006 
  7 9.748000614888e+09 1.392571516413e+09 768 7235 3201 21 8 9 9 9.94537740e-08 1.72801742e-07 outputs/V3.3e25_D100_G6/solution/solution-00007 
  8 1.114057213130e+10 1.392571516413e+09 768 7235 3201 21 8 9 9 9.83419001e-08 1.71346011e-07 outputs/V3.3e25_D100_G6/solution/solution-00008 
  9 1.253314364771e+10 1.392571516413e+09 768 7235 3201 21 8 9 9 9.74914330e-08 1.70232393e-07 outputs/V3.3e25_D100_G6/solution/solution-00009 
 10 1.392571516413e+10 1.392571516413e+09 768 7235 3201 20 8 9 9 9.68588648e-08 1.69400050e-07 outputs/V3.3e25_D100_G6/solution/solution-00010 
 11 1.531828668054e+10 1.392571516413e+09 768 7235 3201 20 8 9 9 9.64085667e-08 1.68801443e-07 outputs/V3.3e25_D100_G6/solution/solution-00011 
 12 1.671085819695e+10 1.392571516413e+09 768 7235 3201 20 8 9 9 9.61112774e-08 1.68398900e-07 outputs/V3.3e25_D100_G6/solution/solution-00012 
 13 1.810342971336e+10 1.392571516413e+09 768 7235 3201 20 8 9 9 9.59428738e-08 1.68162178e-07 outputs/V3.3e25_D100_G6/solution/solution-00013 
 14 1.949600122978e+10 1.392571516413e+09 768 7235 3201 20 8 9 9 9.58833867e-08 1.68066712e-07 outputs/V3.3e25_D100_G6/solution/solution-00014 
 15 2.088857274619e+10 1.392571516413e+09 768 7235 3201 20 8 9 9 9.59162193e-08 1.68092340e-07 outputs/V3.3e25_D100_G6/solution/solution-00015 
 16 2.228114426260e+10 1.392571516413e+09 768 7235 3201 19 8 9 9 9.60275250e-08 1.68222368e-07 outputs/V3.3e25_D100_G6/solution/solution-00016 
 17 2.367371577901e+10 1.392571516413e+09 768 7235 3201 19 8 9 9 9.62057113e-08 1.68442860e-07 outputs/V3.3e25_D100_G6/solution/solution-00017 
 18 2.506628729543e+10 1.392571516413e+09 768 7235 3201 19 8 9 9 9.64410431e-08 1.68742105e-07 outputs/V3.3e25_D100_G6/solution/solution-00018 
 19 2.645885881184e+10 1.392571516413e+09 768 7235 3201 19 8 9 9 9.67253221e-08 1.69110204e-07 outputs/V3.3e25_D100_G6/solution/solution-00019 
 20 2.785143032825e+10 1.392571516413e+09 768 7235 3201 19 8 9 9 9.70516282e-08 1.69538748e-07 outputs/V3.3e25_D100_G6/solution/solution-00020 
 21 2.924400184466e+10 1.392571516413e+09 768 7235 3201 19 8 9 9 9.74141085e-08 1.70020563e-07 outputs/V3.3e25_D100_G6/solution/solution-00021 
 22 3.063657336108e+10 1.392571516413e+09 768 7235 3201 19 8 9 9 9.78078039e-08 1.70549510e-07 outputs/V3.3e25_D100_G6/solution/solution-00022 
 23 3.202914487749e+10 1.392571516413e+09 768 7235 3201 19 8 9 9 9.82285072e-08 1.71120315e-07 outputs/V3.3e25_D100_G6/solution/solution-00023 
 24 3.342171639390e+10 1.392571516413e+09 768 7235 3201 19 8 9 9 9.86726451e-08 1.71728442e-07 outputs/V3.3e25_D100_G6/solution/solution-00024 
 25 3.481428791032e+10 1.392571516413e+09 768 7235 3201 18 8 9 9 9.91371801e-08 1.72369979e-07 outputs/V3.3e25_D100_G6/solution/solution-00025 
 26 3.620685942673e+10 1.392571516413e+09 768 7235 3201 18 8 9 9 9.96195283e-08 1.73041546e-07 outputs/V3.3e25_D100_G6/solution/solution-00026 
 27 3.759943094314e+10 1.392571516413e+09 768 7235 3201 18 8 9 9 1.00117491e-07 1.73740224e-07 outputs/V3.3e25_D100_G6/solution/solution-00027 
 28 3.899200245955e+10 1.392571516413e+09 768 7235 3201 18 8 9 9 1.00629198e-07 1.74463483e-07 outputs/V3.3e25_D100_G6/solution/solution-00028 
 29 4.038457397597e+10 1.392571516413e+09 768 7235 3201 18 8 9 9 1.01153056e-07 1.75209134e-07 outputs/V3.3e25_D100_G6/solution/solution-00029 
 30 4.177714549238e+10 1.392571516413e+09 768 7235 3201 18 8 9 9 1.01687711e-07 1.75975276e-07 outputs/V3.3e25_D100_G6/solution/solution-00030 
 31 4.316971700879e+10 1.392571516413e+09 768 7235 3201 18 8 9 9 1.02232010e-07 1.76760265e-07 outputs/V3.3e25_D100_G6/solution/solution-00031 
 32 4.456228852520e+10 1.392571516413e+09 768 7235 3201 18 8 9 9 1.02784973e-07 1.77562671e-07 outputs/V3.3e25_D100_G6/solution/solution-00032 
 33 4.595486004162e+10 1.392571516413e+09 768 7235 3201 18 8 9 9 1.03345770e-07 1.78381255e-07 outputs/V3.3e25_D100_G6/solution/solution-00033 
 34 4.734743155803e+10 1.392571516413e+09 768 7235 3201 18 8 9 9 1.03913693e-07 1.79214942e-07 outputs/V3.3e25_D100_G6/solution/solution-00034 
 35 4.874000307444e+10 1.392571516413e+09 768 7235 3201 18 8 9 9 1.04488145e-07 1.80062796e-07 outputs/V3.3e25_D100_G6/solution/solution-00035 
 36 5.013257459085e+10 1.392571516413e+09 768 7235 3201 18 8 9 9 1.05068620e-07 1.80924008e-07 outputs/V3.3e25_D100_G6/solution/solution-00036 
 37 5.152514610727e+10 1.392571516413e+09 768 7235 3201 18 8 9 9 1.05654690e-07 1.81797872e-07 outputs/V3.3e25_D100_G6/solution/solution-00037 
 38 5.291771762368e+10 1.392571516413e+09 768 7235 3201 18 8 9 9 1.06245996e-07 1.82683776e-07 outputs/V3.3e25_D100_G6/solution/solution-00038 
 39 5.431028914009e+10 1.392571516413e+09 768 7235 3201 18 8 9 9 1.06842235e-07 1.83581187e-07 outputs/V3.3e25_D100_G6/solution/solution-00039 
 40 5.570286065650e+10 1.392571516413e+09 768 7235 3201 18 8 9 9 1.07443153e-07 1.84489645e-07 outputs/V3.3e25_D100_G6/solution/solution-00040 
 41 5.709543217292e+10 1.392571516413e+09 768 7235 3201 18 8 9 9 1.08048539e-07 1.85408746e-07 outputs/V3.3e25_D100_G6/solution/solution-00041 
 42 5.848800368933e+10 1.392571516413e+09 768 7235 3201 18 8 9 9 1.08658217e-07 1.86338141e-07 outputs/V3.3e25_D100_G6/solution/solution-00042 
 43 5.988057520574e+10 1.392571516413e+09 768 7235 3201 17 8 9 9 1.09272042e-07 1.87277526e-07 outputs/V3.3e25_D100_G6/solution/solution-00043 
 44 6.127314672215e+10 1.392571516413e+09 768 7235 3201 17 8 9 9 1.09889895e-07 1.88226635e-07 outputs/V3.3e25_D100_G6/solution/solution-00044 
 45 6.266571823857e+10 1.392571516413e+09 768 7235 3201 17 8 9 9 1.10511680e-07 1.89185239e-07 outputs/V3.3e25_D100_G6/solution/solution-00045 
 46 6.405828975498e+10 1.392571516413e+09 768 7235 3201 17 8 9 9 1.11137319e-07 1.90153136e-07 outputs/V3.3e25_D100_G6/solution/solution-00046 
 47 6.545086127139e+10 1.392571516413e+09 768 7235 3201 17 8 9 9 1.11766749e-07 1.91130151e-07 outputs/V3.3e25_D100_G6/solution/solution-00047 
 48 6.684343278781e+10 1.392571516413e+09 768 7235 3201 17 8 9 9 1.12399924e-07 1.92116132e-07 outputs/V3.3e25_D100_G6/solution/solution-00048 
 49 6.823600430422e+10 1.392571516413e+09 768 7235 3201 17 8 9 9 1.13036807e-07 1.93110945e-07 outputs/V3.3e25_D100_G6/solution/solution-00049 
 50 6.962857582063e+10 1.392571516413e+09 768 7235 3201 17 8 9 9 1.13677371e-07 1.94114474e-07 outputs/V3.3e25_D100_G6/solution/solution-00050 
 51 7.102114733704e+10 1.392571516413e+09 768 7235 3201 17 8 9 9 1.14321599e-07 1.95126617e-07 outputs/V3.3e25_D100_G6/solution/solution-00051 
 52 7.241371885346e+10 1.392571516413e+09 768 7235 3201 17 8 9 9 1.14969480e-07 1.96147287e-07 outputs/V3.3e25_D100_G6/solution/solution-00052 
 53 7.380629036987e+10 1.392571516413e+09 768 7235 3201 17 8 9 9 1.15621009e-07 1.97176405e-07 outputs/V3.3e25_D100_G6/solution/solution-00053 
 54 7.519886188628e+10 1.392571516413e+09 768 7235 3201 17 8 9 9 1.16276187e-07 1.98213904e-07 outputs/V3.3e25_D100_G6/solution/solution-00054 
 55 7.659143340269e+10 1.392571516413e+09 768 7235 3201 17 8 9 9 1.16935019e-07 1.99259725e-07 outputs/V3.3e25_D100_G6/solution/solution-00055 
 56 7.798400491911e+10 1.392571516413e+09 768 7235 3201 17 8 9 9 1.17597512e-07 2.00313817e-07 outputs/V3.3e25_D100_G6/solution/solution-00056 
 57 7.937657643552e+10 1.392571516413e+09 768 7235 3201 17 8 9 9 1.18263679e-07 2.01376135e-07 outputs/V3.3e25_D100_G6/solution/solution-00057 
 58 8.076914795193e+10 1.392571516413e+09 768 7235 3201 17 7 8 8 1.18933532e-07 2.02446641e-07 outputs/V3.3e25_D100_G6/solution/solution-00058 
 59 8.216171946834e+10 1.392571516413e+09 768 7235 3201 17 7 8 8 1.19607089e-07 2.03525300e-07 outputs/V3.3e25_D100_G6/solution/solution-00059 
 60 8.355429098476e+10 1.392571516413e+09 768 7235 3201 17 7 8 8 1.20284367e-07 2.04612084e-07 outputs/V3.3e25_D100_G6/solution/solution-00060 
 61 8.494686250117e+10 1.392571516413e+09 768 7235 3201 17 7 8 8 1.20965386e-07 2.05706968e-07 outputs/V3.3e25_D100_G6/solution/solution-00061 
 62 8.633943401758e+10 1.392571516413e+09 768 7235 3201 17 7 8 8 1.21650165e-07 2.06809931e-07 outputs/V3.3e25_D100_G6/solution/solution-00062 
 63 8.773200553399e+10 1.392571516413e+09 768 7235 3201 17 7 8 8 1.22338727e-07 2.07920955e-07 outputs/V3.3e25_D100_G6/solution/solution-00063 
 64 8.912457705041e+10 1.392571516413e+09 768 7235 3201 17 7 8 8 1.23031095e-07 2.09040025e-07 outputs/V3.3e25_D100_G6/solution/solution-00064 
 65 9.051714856682e+10 1.392571516413e+09 768 7235 3201 17 7 8 8 1.23727291e-07 2.10167129e-07 outputs/V3.3e25_D100_G6/solution/solution-00065 
 66 9.190972008323e+10 1.392571516413e+09 768 7235 3201 17 7 8 8 1.24427339e-07 2.11302258e-07 outputs/V3.3e25_D100_G6/solution/solution-00066 
 67 9.330229159964e+10 1.392571516413e+09 768 7235 3201 17 7 8 8 1.25131264e-07 2.12445403e-07 outputs/V3.3e25_D100_G6/solution/solution-00067 
 68 9.469486311606e+10 1.392571516413e+09 768 7235 3201 17 7 8 8 1.25839090e-07 2.13596560e-07 outputs/V3.3e25_D100_G6/solution/solution-00068 
 69 9.608743463247e+10 1.392571516413e+09 768 7235 3201 16 7 8 8 1.26550841e-07 2.14755725e-07 outputs/V3.3e25_D100_G6/solution/solution-00069 
 70 9.748000614888e+10 1.392571516413e+09 768 7235 3201 16 7 8 8 1.27266544e-07 2.15922897e-07 outputs/V3.3e25_D100_G6/solution/solution-00070 
 71 9.887257766530e+10 1.392571516413e+09 768 7235 3201 16 7 8 8 1.27986223e-07 2.17098075e-07 outputs/V3.3e25_D100_G6/solution/solution-00071 
 72 1.002651491817e+11 1.392571516413e+09 768 7235 3201 16 7 8 8 1.28709905e-07 2.18281262e-07 outputs/V3.3e25_D100_G6/solution/solution-00072 
 73 1.016577206981e+11 1.392571516413e+09 768 7235 3201 16 7 8 8 1.29437613e-07 2.19472461e-07 outputs/V3.3e25_D100_G6/solution/solution-00073 
 74 1.030502922145e+11 1.392571516413e+09 768 7235 3201 16 7 8 8 1.30169376e-07 2.20671675e-07 outputs/V3.3e25_D100_G6/solution/solution-00074 
 75 1.044428637309e+11 1.392571516413e+09 768 7235 3201 16 7 8 8 1.30905217e-07 2.21878913e-07 outputs/V3.3e25_D100_G6/solution/solution-00075 
 76 1.058354352474e+11 1.392571516413e+09 768 7235 3201 16 7 8 8 1.31645164e-07 2.23094179e-07 outputs/V3.3e25_D100_G6/solution/solution-00076 
 77 1.072280067638e+11 1.392571516413e+09 768 7235 3201 16 7 8 8 1.32389242e-07 2.24317483e-07 outputs/V3.3e25_D100_G6/solution/solution-00077 
 78 1.086205782802e+11 1.392571516413e+09 768 7235 3201 16 7 8 8 1.33137477e-07 2.25548835e-07 outputs/V3.3e25_D100_G6/solution/solution-00078 
 79 1.100131497966e+11 1.392571516413e+09 768 7235 3201 16 7 8 8 1.33889895e-07 2.26788246e-07 outputs/V3.3e25_D100_G6/solution/solution-00079 
 80 1.114057213130e+11 1.392571516413e+09 768 7235 3201 16 7 8 8 1.34646522e-07 2.28035726e-07 outputs/V3.3e25_D100_G6/solution/solution-00080 
 81 1.127982928294e+11 1.392571516413e+09 768 7235 3201 16 7 8 8 1.35407385e-07 2.29291290e-07 outputs/V3.3e25_D100_G6/solution/solution-00081 
 82 1.141908643458e+11 1.392571516413e+09 768 7235 3201 16 7 8 8 1.36172509e-07 2.30554951e-07 outputs/V3.3e25_D100_G6/solution/solution-00082 
 83 1.155834358622e+11 1.392571516413e+09 768 7235 3201 16 7 8 8 1.36941920e-07 2.31826724e-07 outputs/V3.3e25_D100_G6/solution/solution-00083 
 84 1.169760073787e+11 1.392571516413e+09 768 7235 3201 16 7 8 8 1.37715646e-07 2.33106626e-07 outputs/V3.3e25_D100_G6/solution/solution-00084 
 85 1.183685788951e+11 1.392571516413e+09 768 7235 3201 16 7 8 8 1.38493712e-07 2.34394673e-07 outputs/V3.3e25_D100_G6/solution/solution-00085 
 86 1.197611504115e+11 1.392571516413e+09 768 7235 3201 16 7 8 8 1.39276144e-07 2.35690884e-07 outputs/V3.3e25_D100_G6/solution/solution-00086 
 87 1.211537219279e+11 1.392571516413e+09 768 7235 3201 16 7 8 8 1.40062970e-07 2.36995276e-07 outputs/V3.3e25_D100_G6/solution/solution-00087 
 88 1.225462934443e+11 1.392571516413e+09 768 7235 3201 16 7 8 8 1.40854214e-07 2.38307871e-07 outputs/V3.3e25_D100_G6/solution/solution-00088 
 89 1.239388649607e+11 1.392571516413e+09 768 7235 3201 16 7 8 8 1.41649904e-07 2.39628688e-07 outputs/V3.3e25_D100_G6/solution/solution-00089 
 90 1.253314364771e+11 1.392571516413e+09 768 7235 3201 16 7 8 8 1.42450067e-07 2.40957749e-07 outputs/V3.3e25_D100_G6/solution/solution-00090 
 91 1.267240079935e+11 1.392571516413e+09 768 7235 3201 16 7 8 8 1.43254728e-07 2.42295076e-07 outputs/V3.3e25_D100_G6/solution/solution-00091 
 92 1.281165795100e+11 1.392571516413e+09 768 7235 3201 16 7 8 8 1.44063915e-07 2.43640693e-07 outputs/V3.3e25_D100_G6/solution/solution-00092 
 93 1.295091510264e+11 1.392571516413e+09 768 7235 3201 16 7 8 8 1.44877654e-07 2.44994624e-07 outputs/V3.3e25_D100_G6/solution/solution-00093 
 94 1.309017225428e+11 1.392571516413e+09 768 7235 3201 15 7 8 8 1.45695972e-07 2.46356893e-07 outputs/V3.3e25_D100_G6/solution/solution-00094 
 95 1.322942940592e+11 1.392571516413e+09 768 7235 3201 15 7 8 8 1.46518897e-07 2.47727526e-07 outputs/V3.3e25_D100_G6/solution/solution-00095 
 96 1.336868655756e+11 1.392571516413e+09 768 7235 3201 15 7 8 8 1.47346454e-07 2.49106550e-07 outputs/V3.3e25_D100_G6/solution/solution-00096 
 97 1.350794370920e+11 1.392571516413e+09 768 7235 3201 15 7 8 8 1.48178671e-07 2.50493991e-07 outputs/V3.3e25_D100_G6/solution/solution-00097 
 98 1.364720086084e+11 1.392571516413e+09 768 7235 3201 15 7 8 8 1.49015575e-07 2.51889878e-07 outputs/V3.3e25_D100_G6/solution/solution-00098 
 99 1.378645801248e+11 1.392571516413e+09 768 7235 3201 15 7 8 8 1.49857194e-07 2.53294239e-07 outputs/V3.3e25_D100_G6/solution/solution-00099 
100 1.392571516413e+11 1.392571516413e+09 768 7235 3201 15 6 7 7 1.50703554e-07 2.54707103e-07 outputs/V3.3e25_D100_G6/solution/solution-00100 
