# 1: Time step number
# 2: Time (years)
# 3: Time step size (years)
# 4: Number of mesh cells
# 5: Number of Stokes degrees of freedom
# 6: Number of temperature degrees of freedom
# 7: Iterations for temperature solver
# 8: Iterations for Stokes solver
# 9: Velocity iterations in Stokes preconditioner
# 10: Schur complement iterations in Stokes preconditioner
# 11: RMS velocity (m/year)
# 12: Max. velocity (m/year)
# 13: Visualization file name
  0 0.000000000000e+00 0.000000000000e+00 768 7235 3201  0 8 9 9 2.64858588e-07 4.65715948e-07 outputs/V1e25_D100_G4/solution/solution-00000 
  1 1.392571516413e+09 1.392571516413e+09 768 7235 3201 32 8 9 9 2.57825418e-07 4.37750378e-07 outputs/V1e25_D100_G4/solution/solution-00001 
  2 2.785143032825e+09 1.392571516413e+09 768 7235 3201 25 8 9 9 2.53700830e-07 4.34889118e-07 outputs/V1e25_D100_G4/solution/solution-00002 
  3 4.177714549238e+09 1.392571516413e+09 768 7235 3201 24 8 9 9 2.52688046e-07 4.37607739e-07 outputs/V1e25_D100_G4/solution/solution-00003 
  4 5.570286065650e+09 1.392571516413e+09 768 7235 3201 23 8 9 9 2.54580736e-07 4.45316423e-07 outputs/V1e25_D100_G4/solution/solution-00004 
  5 6.962857582063e+09 1.392571516413e+09 768 7235 3201 23 8 9 9 2.59173558e-07 4.57395541e-07 outputs/V1e25_D100_G4/solution/solution-00005 
  6 8.355429098476e+09 1.392571516413e+09 768 7235 3201 22 8 9 9 2.66262325e-07 4.73371449e-07 outputs/V1e25_D100_G4/solution/solution-00006 
  7 9.748000614888e+09 1.392571516413e+09 768 7235 3201 21 8 9 9 2.75689055e-07 4.92940247e-07 outputs/V1e25_D100_G4/solution/solution-00007 
  8 1.114057213130e+10 1.392571516413e+09 768 7235 3201 21 8 9 9 2.87348326e-07 5.15937436e-07 outputs/V1e25_D100_G4/solution/solution-00008 
  9 1.253314364771e+10 1.392571516413e+09 768 7235 3201 21 8 9 9 3.01183177e-07 5.42304026e-07 outputs/V1e25_D100_G4/solution/solution-00009 
 10 1.392571516413e+10 1.392571516413e+09 768 7235 3201 20 8 9 9 3.17178550e-07 5.72060257e-07 outputs/V1e25_D100_G4/solution/solution-00010 
 11 1.531828668054e+10 1.392571516413e+09 768 7235 3201 20 8 9 9 3.35355036e-07 6.05287270e-07 outputs/V1e25_D100_G4/solution/solution-00011 
 12 1.671085819695e+10 1.392571516413e+09 768 7235 3201 20 8 9 9 3.55763759e-07 6.42114872e-07 outputs/V1e25_D100_G4/solution/solution-00012 
 13 1.810342971336e+10 1.392571516413e+09 768 7235 3201 20 8 9 9 3.78482484e-07 6.82713573e-07 outputs/V1e25_D100_G4/solution/solution-00013 
 14 1.949600122978e+10 1.392571516413e+09 768 7235 3201 20 8 9 9 4.03612832e-07 7.27289570e-07 outputs/V1e25_D100_G4/solution/solution-00014 
 15 2.088857274619e+10 1.392571516413e+09 768 7235 3201 20 8 9 9 4.31278389e-07 7.76081768e-07 outputs/V1e25_D100_G4/solution/solution-00015 
 16 2.228114426260e+10 1.392571516413e+09 768 7235 3201 19 8 9 9 4.61623564e-07 8.29360240e-07 outputs/V1e25_D100_G4/solution/solution-00016 
 17 2.367371577901e+10 1.392571516413e+09 768 7235 3201 19 8 9 9 4.94813022e-07 8.87425735e-07 outputs/V1e25_D100_G4/solution/solution-00017 
 18 2.506628729543e+10 1.392571516413e+09 768 7235 3201 19 8 9 9 5.31031587e-07 9.50609976e-07 outputs/V1e25_D100_G4/solution/solution-00018 
 19 2.645885881184e+10 1.392571516413e+09 768 7235 3201 19 8 9 9 5.70484528e-07 1.01927656e-06 outputs/V1e25_D100_G4/solution/solution-00019 
 20 2.785143032825e+10 1.392571516413e+09 768 7235 3201 19 8 9 9 6.13398165e-07 1.09382234e-06 outputs/V1e25_D100_G4/solution/solution-00020 
 21 2.924400184466e+10 1.392571516413e+09 768 7235 3201 19 8 9 9 6.60020742e-07 1.17467928e-06 outputs/V1e25_D100_G4/solution/solution-00021 
 22 3.063657336108e+10 1.392571516413e+09 768 7235 3201 19 8 9 9 7.10623545e-07 1.26231657e-06 outputs/V1e25_D100_G4/solution/solution-00022 
 23 3.202914487749e+10 1.392571516413e+09 768 7235 3201 19 8 9 9 7.65502230e-07 1.35724318e-06 outputs/V1e25_D100_G4/solution/solution-00023 
 24 3.342171639390e+10 1.392571516413e+09 768 7235 3201 19 8 9 9 8.24978367e-07 1.46001068e-06 outputs/V1e25_D100_G4/solution/solution-00024 
 25 3.481428791032e+10 1.392571516413e+09 768 7235 3201 18 8 9 9 8.89401178e-07 1.57121633e-06 outputs/V1e25_D100_G4/solution/solution-00025 
 26 3.620685942673e+10 1.392571516413e+09 768 7235 3201 18 8 9 9 9.59149471e-07 1.69150657e-06 outputs/V1e25_D100_G4/solution/solution-00026 
 27 3.759943094314e+10 1.392571516413e+09 768 7235 3201 18 7 8 8 1.03463378e-06 1.82158073e-06 outputs/V1e25_D100_G4/solution/solution-00027 
 28 3.899200245955e+10 1.392571516413e+09 768 7235 3201 18 7 8 8 1.11629870e-06 1.96219514e-06 outputs/V1e25_D100_G4/solution/solution-00028 
 29 4.038457397597e+10 1.392571516413e+09 768 7235 3201 18 7 8 8 1.20462547e-06 2.11416754e-06 outputs/V1e25_D100_G4/solution/solution-00029 
 30 4.177714549238e+10 1.392571516413e+09 768 7235 3201 18 7 8 8 1.30013470e-06 2.27838189e-06 outputs/V1e25_D100_G4/solution/solution-00030 
 31 4.316971700879e+10 1.392571516413e+09 768 7235 3201 18 7 8 8 1.40338945e-06 2.45579350e-06 outputs/V1e25_D100_G4/solution/solution-00031 
 32 4.456228852520e+10 1.392571516413e+09 768 7235 3201 18 7 8 8 1.51499849e-06 2.64743467e-06 outputs/V1e25_D100_G4/solution/solution-00032 
 33 4.595486004162e+10 1.392571516413e+09 768 7235 3201 18 7 8 8 1.63561979e-06 2.85442070e-06 outputs/V1e25_D100_G4/solution/solution-00033 
 34 4.734743155803e+10 1.392571516413e+09 768 7235 3201 18 7 8 8 1.76596441e-06 3.07795636e-06 outputs/V1e25_D100_G4/solution/solution-00034 
 35 4.874000307444e+10 1.392571516413e+09 768 7235 3201 18 7 8 8 1.90680060e-06 3.31934296e-06 outputs/V1e25_D100_G4/solution/solution-00035 
 36 5.013257459085e+10 1.392571516413e+09 768 7235 3201 18 7 8 8 2.05895826e-06 3.57998586e-06 outputs/V1e25_D100_G4/solution/solution-00036 
 37 5.152514610727e+10 1.392571516413e+09 768 7235 3201 18 7 8 8 2.22333373e-06 3.86140259e-06 outputs/V1e25_D100_G4/solution/solution-00037 
 38 5.291771762368e+10 1.392571516413e+09 768 7235 3201 18 7 8 8 2.40089500e-06 4.16523164e-06 outputs/V1e25_D100_G4/solution/solution-00038 
 39 5.431028914009e+10 1.392571516413e+09 768 7235 3201 18 7 8 8 2.59268723e-06 4.49324183e-06 outputs/V1e25_D100_G4/solution/solution-00039 
 40 5.570286065650e+10 1.392571516413e+09 768 7235 3201 18 7 8 8 2.79983880e-06 4.84734243e-06 outputs/V1e25_D100_G4/solution/solution-00040 
 41 5.709543217292e+10 1.392571516413e+09 768 7235 3201 18 7 8 8 3.02356768e-06 5.22959402e-06 outputs/V1e25_D100_G4/solution/solution-00041 
 42 5.848800368933e+10 1.392571516413e+09 768 7235 3201 18 6 7 7 3.26518836e-06 5.64222012e-06 outputs/V1e25_D100_G4/solution/solution-00042 
 43 5.988057520574e+10 1.392571516413e+09 768 7235 3201 18 6 7 7 3.52611927e-06 6.08761968e-06 outputs/V1e25_D100_G4/solution/solution-00043 
 44 6.127314672215e+10 1.392571516413e+09 768 7235 3201 18 6 7 7 3.80789066e-06 6.56838041e-06 outputs/V1e25_D100_G4/solution/solution-00044 
 45 6.266571823857e+10 1.392571516413e+09 768 7235 3201 18 6 7 7 4.11215309e-06 7.08729300e-06 outputs/V1e25_D100_G4/solution/solution-00045 
 46 6.405828975498e+10 1.392571516413e+09 768 7235 3201 18 6 7 7 4.44068644e-06 7.64736638e-06 outputs/V1e25_D100_G4/solution/solution-00046 
 47 6.545086127139e+10 1.392571516413e+09 768 7235 3201 18 6 7 7 4.79540950e-06 8.25184379e-06 outputs/V1e25_D100_G4/solution/solution-00047 
 48 6.684343278781e+10 1.392571516413e+09 768 7235 3201 18 6 7 7 5.17839017e-06 8.90421998e-06 outputs/V1e25_D100_G4/solution/solution-00048 
 49 6.823600430422e+10 1.392571516413e+09 768 7235 3201 18 6 7 7 5.59185621e-06 9.60825925e-06 outputs/V1e25_D100_G4/solution/solution-00049 
 50 6.962857582063e+10 1.392571516413e+09 768 7235 3201 18 6 7 7 6.03820659e-06 1.03680145e-05 outputs/V1e25_D100_G4/solution/solution-00050 
 51 7.102114733704e+10 1.392571516413e+09 768 7235 3201 18 6 7 7 6.52002334e-06 1.11878473e-05 outputs/V1e25_D100_G4/solution/solution-00051 
 52 7.241371885346e+10 1.392571516413e+09 768 7235 3201 18 6 7 7 7.04008396e-06 1.20724485e-05 outputs/V1e25_D100_G4/solution/solution-00052 
 53 7.380629036987e+10 1.392571516413e+09 768 7235 3201 18 6 7 7 7.60137416e-06 1.30268596e-05 outputs/V1e25_D100_G4/solution/solution-00053 
 54 7.519886188628e+10 1.392571516413e+09 768 7235 3201 18 6 7 7 8.20710100e-06 1.40564951e-05 outputs/V1e25_D100_G4/solution/solution-00054 
 55 7.659143340269e+10 1.392571516413e+09 768 7235 3201 18 6 7 7 8.86070607e-06 1.51671641e-05 outputs/V1e25_D100_G4/solution/solution-00055 
 56 7.798400491911e+10 1.392571516413e+09 768 7235 3201 18 6 7 7 9.56587865e-06 1.63650927e-05 outputs/V1e25_D100_G4/solution/solution-00056 
 57 7.937657643552e+10 1.392571516413e+09 768 7235 3201 18 6 7 7 1.03265686e-05 1.76569452e-05 outputs/V1e25_D100_G4/solution/solution-00057 
 58 8.076914795193e+10 1.392571516413e+09 768 7235 3201 18 6 7 7 1.11469982e-05 1.90498443e-05 outputs/V1e25_D100_G4/solution/solution-00058 
 59 8.216171946834e+10 1.392571516413e+09 768 7235 3201 18 6 7 7 1.20316734e-05 2.05513892e-05 outputs/V1e25_D100_G4/solution/solution-00059 
 60 8.355429098476e+10 1.392571516413e+09 768 7235 3201 18 6 7 7 1.29853925e-05 2.21696702e-05 outputs/V1e25_D100_G4/solution/solution-00060 
 61 8.494686250117e+10 1.392571516413e+09 768 7235 3201 18 6 7 7 1.40132524e-05 2.39132793e-05 outputs/V1e25_D100_G4/solution/solution-00061 
 62 8.633943401758e+10 1.392571516413e+09 768 7235 3201 18 6 7 7 1.51206515e-05 2.57913141e-05 outputs/V1e25_D100_G4/solution/solution-00062 
 63 8.773200553399e+10 1.392571516413e+09 768 7235 3201 18 6 7 7 1.63132876e-05 2.78133738e-05 outputs/V1e25_D100_G4/solution/solution-00063 
 64 8.912457705041e+10 1.392571516413e+09 768 7235 3201 18 6 7 7 1.75971486e-05 2.99895439e-05 outputs/V1e25_D100_G4/solution/solution-00064 
 65 9.051714856682e+10 1.392571516413e+09 768 7235 3201 18 6 7 7 1.89784956e-05 3.23303668e-05 outputs/V1e25_D100_G4/solution/solution-00065 
 66 9.190972008323e+10 1.392571516413e+09 768 7235 3201 18 6 7 7 2.04638351e-05 3.48467941e-05 outputs/V1e25_D100_G4/solution/solution-00066 
 67 9.330229159964e+10 1.392571516413e+09 768 7235 3201 18 6 7 7 2.20598770e-05 3.75501976e-05 outputs/V1e25_D100_G4/solution/solution-00067 
 68 9.469486311606e+10 1.392571516413e+09 768 7235 3201 19 6 7 7 2.37734765e-05 4.04529532e-05 outputs/V1e25_D100_G4/solution/solution-00068 
 69 9.608743463247e+10 1.392571516413e+09 768 7235 3201 19 6 7 7 2.56115542e-05 4.35659547e-05 outputs/V1e25_D100_G4/solution/solution-00069 
 70 9.748000614888e+10 1.392571516413e+09 768 7235 3201 19 6 7 7 2.75809916e-05 4.69007885e-05 outputs/V1e25_D100_G4/solution/solution-00070 
 71 9.887257766530e+10 1.392571516413e+09 768 7235 3201 19 6 7 7 2.96884957e-05 5.04687430e-05 outputs/V1e25_D100_G4/solution/solution-00071 
 72 1.002651491817e+11 1.392571516413e+09 768 7235 3201 19 6 7 7 3.19404280e-05 5.42805190e-05 outputs/V1e25_D100_G4/solution/solution-00072 
 73 1.016577206981e+11 1.392571516413e+09 768 7235 3201 19 6 7 7 3.43425918e-05 5.83458711e-05 outputs/V1e25_D100_G4/solution/solution-00073 
 74 1.030502922145e+11 1.392571516413e+09 768 7235 3201 19 6 7 7 3.68999726e-05 6.26731684e-05 outputs/V1e25_D100_G4/solution/solution-00074 
 75 1.044428637309e+11 1.392571516413e+09 768 7235 3201 19 6 7 7 3.96164268e-05 6.72688692e-05 outputs/V1e25_D100_G4/solution/solution-00075 
 76 1.058354352474e+11 1.392571516413e+09 768 7235 3201 19 6 7 7 4.24943156e-05 7.21369009e-05 outputs/V1e25_D100_G4/solution/solution-00076 
 77 1.071353731708e+11 1.299937923395e+09 768 7235 3201 19 6 7 7 4.53280645e-05 7.69295510e-05 outputs/V1e25_D100_G4/solution/solution-00077 
 78 1.083543610558e+11 1.218987885082e+09 768 7235 3201 18 6 7 7 4.81140082e-05 8.16407010e-05 outputs/V1e25_D100_G4/solution/solution-00078 
 79 1.095030376690e+11 1.148676613179e+09 768 7235 3201 18 6 7 7 5.08507338e-05 8.62680166e-05 outputs/V1e25_D100_G4/solution/solution-00079 
 80 1.105901291366e+11 1.087091467558e+09 768 7235 3201 17 6 7 7 5.35366210e-05 9.08087967e-05 outputs/V1e25_D100_G4/solution/solution-00080 
 81 1.116228879280e+11 1.032758791414e+09 768 7235 3201 17 6 7 7 5.61700389e-05 9.52603088e-05 outputs/V1e25_D100_G4/solution/solution-00081 
 82 1.126074096959e+11 9.845217679014e+08 768 7235 3201 16 6 7 7 5.87494155e-05 9.96199071e-05 outputs/V1e25_D100_G4/solution/solution-00082 
 83 1.135488683697e+11 9.414586738168e+08 768 7235 3201 16 6 7 7 6.12732636e-05 1.03885078e-04 outputs/V1e25_D100_G4/solution/solution-00083 
 84 1.144516941211e+11 9.028257513915e+08 768 7235 3201 15 5 6 6 6.37401923e-05 1.08053462e-04 outputs/V1e25_D100_G4/solution/solution-00084 
 85 1.153197102589e+11 8.680161377738e+08 768 7235 3201 15 5 6 6 6.61489141e-05 1.12122860e-04 outputs/V1e25_D100_G4/solution/solution-00085 
 86 1.161562399763e+11 8.365297174159e+08 768 7235 3201 15 5 6 6 6.84982480e-05 1.16091249e-04 outputs/V1e25_D100_G4/solution/solution-00086 
 87 1.169641906021e+11 8.079506258465e+08 768 7235 3201 14 5 6 6 7.07871233e-05 1.19956779e-04 outputs/V1e25_D100_G4/solution/solution-00087 
 88 1.177461208160e+11 7.819302138788e+08 768 7235 3201 14 5 6 6 7.30145813e-05 1.23717786e-04 outputs/V1e25_D100_G4/solution/solution-00088 
 89 1.185042948042e+11 7.581739882246e+08 768 7235 3201 14 5 6 6 7.51797769e-05 1.27372790e-04 outputs/V1e25_D100_G4/solution/solution-00089 
 90 1.192407023734e+11 7.364075691294e+08 768 7235 3201 14 5 6 6 7.72819118e-05 1.30920383e-04 outputs/V1e25_D100_G4/solution/solution-00090 
 91 1.199571443737e+11 7.164420002907e+08 768 7235 3201 13 5 6 6 7.93203758e-05 1.34359474e-04 outputs/V1e25_D100_G4/solution/solution-00091 
 92 1.206552378128e+11 6.980934391060e+08 768 7235 3201 13 5 6 6 8.12946769e-05 1.37689166e-04 outputs/V1e25_D100_G4/solution/solution-00092 
 93 1.213364395773e+11 6.812017645750e+08 768 7235 3201 13 5 6 6 8.32044369e-05 1.40908754e-04 outputs/V1e25_D100_G4/solution/solution-00093 
 94 1.220020672531e+11 6.656276757701e+08 768 7235 3201 13 5 6 6 8.50493911e-05 1.44017723e-04 outputs/V1e25_D100_G4/solution/solution-00094 
 95 1.226533166601e+11 6.512494070074e+08 768 7235 3201 13 5 6 6 8.68293861e-05 1.47015746e-04 outputs/V1e25_D100_G4/solution/solution-00095 
 96 1.232912767049e+11 6.379600448155e+08 768 7235 3201 13 5 6 6 8.85443787e-05 1.49902686e-04 outputs/V1e25_D100_G4/solution/solution-00096 
 97 1.239169420266e+11 6.256653216994e+08 768 7235 3201 12 5 6 6 9.01944334e-05 1.52678587e-04 outputs/V1e25_D100_G4/solution/solution-00097 
 98 1.245312238172e+11 6.142817905419e+08 768 7235 3201 12 5 6 6 9.17797201e-05 1.55343678e-04 outputs/V1e25_D100_G4/solution/solution-00098 
 99 1.251349591222e+11 6.037353050420e+08 768 7235 3201 12 5 6 6 9.33005114e-05 1.57898364e-04 outputs/V1e25_D100_G4/solution/solution-00099 
100 1.257289188701e+11 5.939597478518e+08 768 7235 3201 12 5 6 6 9.47571797e-05 1.60343227e-04 outputs/V1e25_D100_G4/solution/solution-00100 
