# 1: Time step number
# 2: Time (years)
# 3: Time step size (years)
# 4: Number of mesh cells
# 5: Number of Stokes degrees of freedom
# 6: Number of temperature degrees of freedom
# 7: Iterations for temperature solver
# 8: Iterations for Stokes solver
# 9: Velocity iterations in Stokes preconditioner
# 10: Schur complement iterations in Stokes preconditioner
# 11: RMS velocity (m/year)
# 12: Max. velocity (m/year)
# 13: Visualization file name
  0 0.000000000000e+00 0.000000000000e+00 768 7235 3201  0 8 9 9 3.96735211e-06 6.81747010e-06 outputs/V1e24_D300_G6/solution/solution-00000 
  1 1.392571516413e+09 1.392571516413e+09 768 7235 3201 31 8 9 9 6.67635675e-06 1.17877462e-05 outputs/V1e24_D300_G6/solution/solution-00001 
  2 2.785143032825e+09 1.392571516413e+09 768 7235 3201 25 8 9 9 1.31348457e-05 2.43239018e-05 outputs/V1e24_D300_G6/solution/solution-00002 
  3 4.177714549238e+09 1.392571516413e+09 768 7235 3201 24 8 9 9 2.90038944e-05 5.53962635e-05 outputs/V1e24_D300_G6/solution/solution-00003 
  4 5.570286065650e+09 1.392571516413e+09 768 7235 3201 24 8 9 9 6.98087160e-05 1.35169260e-04 outputs/V1e24_D300_G6/solution/solution-00004 
  5 6.263927376812e+09 6.936413111615e+08 768 7235 3201 18 8 9 9 1.17449405e-04 2.28351798e-04 outputs/V1e24_D300_G6/solution/solution-00005 
  6 6.674535699468e+09 4.106083226565e+08 768 7235 3201 14 8 9 9 1.66074715e-04 3.23507949e-04 outputs/V1e24_D300_G6/solution/solution-00006 
  7 6.964327651456e+09 2.897919519876e+08 768 7235 3201 12 7 8 8 2.15643674e-04 4.20508116e-04 outputs/V1e24_D300_G6/solution/solution-00007 
  8 7.187392856784e+09 2.230652053275e+08 768 7235 3201 11 7 8 8 2.65867382e-04 5.18610475e-04 outputs/V1e24_D300_G6/solution/solution-00008 
  9 7.368119851446e+09 1.807269946628e+08 768 7235 3201 10 7 8 8 3.16532114e-04 6.17718110e-04 outputs/V1e24_D300_G6/solution/solution-00009 
 10 7.519900839565e+09 1.517809881190e+08 768 7235 3201 10 6 7 7 3.67607423e-04 7.17466487e-04 outputs/V1e24_D300_G6/solution/solution-00010 
 11 7.650568963753e+09 1.306681241881e+08 768 7235 3201 10 6 7 7 4.19036680e-04 8.17759157e-04 outputs/V1e24_D300_G6/solution/solution-00011 
 12 7.765217261147e+09 1.146482973939e+08 768 7235 3201  9 6 7 7 4.70785961e-04 9.18302992e-04 outputs/V1e24_D300_G6/solution/solution-00012 
 13 7.867311250619e+09 1.020939894712e+08 768 7235 3201  9 6 7 7 5.22805962e-04 1.01887724e-03 outputs/V1e24_D300_G6/solution/solution-00013 
 14 7.959328649575e+09 9.201739895585e+07 768 7235 3201  9 6 7 7 5.75032174e-04 1.11946736e-03 outputs/V1e24_D300_G6/solution/solution-00014 
 15 8.043073833207e+09 8.374518363291e+07 768 7235 3201  9 6 7 7 6.27360588e-04 1.21939356e-03 outputs/V1e24_D300_G6/solution/solution-00015 
 16 8.120010714170e+09 7.693688096224e+07 768 7235 3201  9 6 7 7 6.79726167e-04 1.31801037e-03 outputs/V1e24_D300_G6/solution/solution-00016 
 17 8.191128171908e+09 7.111745773800e+07 768 7235 3201  9 6 7 7 7.31927828e-04 1.41545655e-03                                            "" 
 18 8.257351176486e+09 6.622300457800e+07 768 7235 3201  9 6 7 7 7.83849041e-04 1.51138154e-03 outputs/V1e24_D300_G6/solution/solution-00017 
 19 8.319418989301e+09 6.206781281506e+07 768 7235 3201  9 6 7 7 8.35345278e-04 1.60445206e-03 outputs/V1e24_D300_G6/solution/solution-00018 
 20 8.377850152279e+09 5.843116297813e+07 768 7235 3201  9 6 7 7 8.86173410e-04 1.69530386e-03                                            "" 
 21 8.433149973225e+09 5.529982094645e+07 768 7235 3201  9 6 7 7 9.36141463e-04 1.78230778e-03 outputs/V1e24_D300_G6/solution/solution-00019 
 22 8.485750315785e+09 5.260034255958e+07 768 7235 3201 10 6 7 7 9.85049409e-04 1.86595023e-03                                            "" 
 23 8.536015557485e+09 5.026524170024e+07 768 7235 3201 10 6 7 7 1.03268247e-03 1.94545513e-03 outputs/V1e24_D300_G6/solution/solution-00020 
 24 8.584236646980e+09 4.822108949449e+07 768 7235 3201 10 6 7 7 1.07879622e-03 2.02003390e-03                                            "" 
 25 8.630656094553e+09 4.641944757369e+07 768 7235 3201 10 6 7 7 1.12313533e-03 2.08935532e-03 outputs/V1e24_D300_G6/solution/solution-00021 
 26 8.675517124311e+09 4.486102975774e+07 768 7235 3201 10 6 7 7 1.16547919e-03 2.18129783e-03                                            "" 
 27 8.718519697251e+09 4.300257294040e+07 768 7235 3201 10 6 7 7 1.20514656e-03 2.27411137e-03 outputs/V1e24_D300_G6/solution/solution-00022 
 28 8.759757052823e+09 4.123735557142e+07 768 7235 3201 10 6 7 7 1.24190352e-03 2.36003380e-03                                            "" 
 29 8.799483972960e+09 3.972692013708e+07 768 7235 3201 10 6 7 7 1.27572435e-03 2.43890743e-03                                            "" 
 30 8.837918048762e+09 3.843407580244e+07 768 7235 3201 10 6 7 7 1.30659545e-03 2.51063866e-03 outputs/V1e24_D300_G6/solution/solution-00023 
 31 8.875246896370e+09 3.732884760798e+07 768 7235 3201 10 6 7 7 1.33451665e-03 2.57519423e-03                                            "" 
 32 8.911633737461e+09 3.638684109016e+07 768 7235 3201 10 6 7 7 1.35950186e-03 2.63259679e-03 outputs/V1e24_D300_G6/solution/solution-00024 
 33 8.947221773136e+09 3.558803567595e+07 768 7235 3201 10 6 7 7 1.38157932e-03 2.68292011e-03                                            "" 
 34 8.982137648258e+09 3.491587512161e+07 768 7235 3201 11 6 7 7 1.40079155e-03 2.72628455e-03                                            "" 
 35 9.016494219347e+09 3.435657108930e+07 768 7235 3201 11 6 7 7 1.41719497e-03 2.76325260e-03 outputs/V1e24_D300_G6/solution/solution-00025 
 36 9.050392782421e+09 3.389856307330e+07 768 7235 3201 11 6 7 7 1.43085933e-03 2.79368692e-03                                            "" 
 37 9.083924877282e+09 3.353209486110e+07 768 7235 3201 11 6 7 7 1.44186687e-03 2.81767429e-03                                            "" 
 38 9.117173756258e+09 3.324887897599e+07 768 7235 3201 11 6 7 7 1.45031124e-03 2.83547877e-03 outputs/V1e24_D300_G6/solution/solution-00026 
 39 9.150215584543e+09 3.304182828557e+07 768 7235 3201 11 6 7 7 1.45629634e-03 2.84739120e-03                                            "" 
 40 9.183120423947e+09 3.290483940323e+07 768 7235 3201 11 6 7 7 1.45993501e-03 2.85372492e-03                                            "" 
 41 9.215953040352e+09 3.283261640576e+07 768 7235 3201 10 6 7 7 1.46134755e-03 2.85481158e-03 outputs/V1e24_D300_G6/solution/solution-00027 
 42 9.248773566572e+09 3.282052622013e+07 768 7235 3201 10 6 7 7 1.46066029e-03 2.85099711e-03                                            "" 
 43 9.281638045686e+09 3.286447911398e+07 768 7235 3201 10 6 7 7 1.45800408e-03 2.84263772e-03                                            "" 
 44 9.314598874957e+09 3.296082927103e+07 768 7235 3201 10 6 7 7 1.45351281e-03 2.83009617e-03 outputs/V1e24_D300_G6/solution/solution-00028 
 45 9.347705166550e+09 3.310629159299e+07 768 7235 3201 10 6 7 7 1.44732197e-03 2.81373817e-03                                            "" 
 46 9.381003038299e+09 3.329787174854e+07 768 7235 3201 10 6 7 7 1.43956724e-03 2.79392893e-03                                            "" 
 47 9.414535845460e+09 3.353280716057e+07 768 7235 3201 10 6 7 7 1.43038326e-03 2.77103008e-03 outputs/V1e24_D300_G6/solution/solution-00029 
 48 9.448344362599e+09 3.380851713933e+07 768 7235 3201 10 6 7 7 1.41990237e-03 2.74539668e-03                                            "" 
 49 9.482466923370e+09 3.412256077068e+07 768 7235 3201 10 6 7 7 1.40825358e-03 2.71737466e-03                                            "" 
 50 9.516939524851e+09 3.447260148156e+07 768 7235 3201 10 6 7 7 1.39556160e-03 2.68729844e-03 outputs/V1e24_D300_G6/solution/solution-00030 
 51 9.551795902301e+09 3.485637744998e+07 768 7235 3201 10 6 7 7 1.38194602e-03 2.65556572e-03                                            "" 
 52 9.587067579519e+09 3.527167721840e+07 768 7235 3201 10 6 7 7 1.36752064e-03 2.62269007e-03                                            "" 
 53 9.622783899535e+09 3.571632001564e+07 768 7235 3201 10 6 7 7 1.35239285e-03 2.58868896e-03 outputs/V1e24_D300_G6/solution/solution-00031 
 54 9.658972039939e+09 3.618814040361e+07 768 7235 3201 10 6 7 7 1.33666327e-03 2.55383119e-03                                            "" 
 55 9.695657016882e+09 3.668497694343e+07 768 7235 3201 10 6 7 7 1.32042541e-03 2.51836741e-03                                            "" 
 56 9.732861681510e+09 3.720466462759e+07 768 7235 3201 10 6 7 7 1.30376546e-03 2.48252949e-03 outputs/V1e24_D300_G6/solution/solution-00032 
 57 9.770606712363e+09 3.774503085294e+07 768 7235 3201  9 6 7 7 1.28676228e-03 2.44653020e-03                                            "" 
 58 9.808910607079e+09 3.830389471657e+07 768 7235 3201  9 6 7 7 1.26948735e-03 2.41056311e-03 outputs/V1e24_D300_G6/solution/solution-00033 
 59 9.847789676486e+09 3.887906940678e+07 768 7235 3201  9 6 7 7 1.25200498e-03 2.37480269e-03                                            "" 
 60 9.887258043923e+09 3.946836743695e+07 768 7235 3201  9 6 7 7 1.23437247e-03 2.33940461e-03                                            "" 
 61 9.927327652359e+09 4.006960843567e+07 768 7235 3201  9 6 7 7 1.21664041e-03 2.30450620e-03 outputs/V1e24_D300_G6/solution/solution-00034 
 62 9.968008281524e+09 4.068062916512e+07 768 7235 3201  9 6 7 7 1.19885306e-03 2.27022705e-03                                            "" 
 63 1.000930757692e+10 4.129929539642e+07 768 7235 3201  9 6 7 7 1.18104877e-03 2.23666974e-03 outputs/V1e24_D300_G6/solution/solution-00035 
 64 1.005123109215e+10 4.192351523024e+07 768 7235 3201  9 6 7 7 1.16326043e-03 2.20392066e-03                                            "" 
 65 1.009378234557e+10 4.255125341675e+07 768 7235 3201  9 6 7 7 1.14551596e-03 2.17205092e-03                                            "" 
 66 1.013696289177e+10 4.318054620641e+07 768 7235 3201  9 6 7 7 1.12783888e-03 2.14111732e-03 outputs/V1e24_D300_G6/solution/solution-00036 
 67 1.018077240803e+10 4.380951625336e+07 768 7235 3201  9 6 7 7 1.11024877e-03 2.11116334e-03                                            "" 
 68 1.022520879513e+10 4.443638710071e+07 768 7235 3201  9 6 7 7 1.09276189e-03 2.08222019e-03 outputs/V1e24_D300_G6/solution/solution-00037 
 69 1.027026829193e+10 4.505949679996e+07 768 7235 3201  9 6 7 7 1.07539163e-03 2.05430787e-03                                            "" 
 70 1.031594560219e+10 4.567731025761e+07 768 7235 3201  9 6 7 7 1.05814909e-03 2.02743617e-03 outputs/V1e24_D300_G6/solution/solution-00038 
 71 1.036223403214e+10 4.628842995640e+07 768 7235 3201  9 6 7 7 1.04104351e-03 2.00160575e-03                                            "" 
 72 1.040911777041e+10 4.688373826348e+07 768 7235 3201  9 6 7 7 1.02408552e-03 1.97681314e-03 outputs/V1e24_D300_G6/solution/solution-00039 
 73 1.045658202657e+10 4.746425616726e+07 768 7235 3201  9 6 7 7 1.00728380e-03 1.95304583e-03                                            "" 
 74 1.050461631470e+10 4.803428812509e+07 768 7235 3201  9 6 7 7 9.90644421e-04 1.93028210e-03 outputs/V1e24_D300_G6/solution/solution-00040 
 75 1.055320941670e+10 4.859310200294e+07 768 7235 3201  9 6 7 7 9.74173089e-04 1.90849489e-03                                            "" 
 76 1.060234954415e+10 4.914012744553e+07 768 7235 3201  9 6 7 7 9.57875422e-04 1.88765267e-03 outputs/V1e24_D300_G6/solution/solution-00041 
 77 1.065202449659e+10 4.967495244668e+07 768 7235 3201  9 5 6 6 9.41757136e-04 1.86772025e-03                                            "" 
 78 1.070222181465e+10 5.019731805570e+07 768 7235 3201  9 5 6 6 9.25824201e-04 1.84885312e-03 outputs/V1e24_D300_G6/solution/solution-00042 
 79 1.075292892533e+10 5.070711068248e+07 768 7235 3201  9 5 6 6 9.10082934e-04 1.83089898e-03                                            "" 
 80 1.080413327960e+10 5.120435426605e+07 768 7235 3201  9 5 6 6 8.94540057e-04 1.81372511e-03 outputs/V1e24_D300_G6/solution/solution-00043 
 81 1.085582247956e+10 5.168919996287e+07 768 7235 3201  9 5 6 6 8.79202705e-04 1.79728829e-03                                            "" 
 82 1.090798439519e+10 5.216191563461e+07 768 7235 3201  8 5 6 6 8.64078397e-04 1.78154463e-03 outputs/V1e24_D300_G6/solution/solution-00044 
 83 1.096060726984e+10 5.262287464425e+07 768 7235 3201  8 5 6 6 8.49174974e-04 1.76645008e-03                                            "" 
 84 1.101367981422e+10 5.307254437711e+07 768 7235 3201  8 5 6 6 8.34500507e-04 1.75196069e-03 outputs/V1e24_D300_G6/solution/solution-00045 
 85 1.106719128896e+10 5.351147474896e+07 768 7235 3201  8 5 6 6 8.20063182e-04 1.73803302e-03                                            "" 
 86 1.112113157590e+10 5.394028693485e+07 768 7235 3201  8 5 6 6 8.05871167e-04 1.72462439e-03 outputs/V1e24_D300_G6/solution/solution-00046 
 87 1.117549123842e+10 5.435966251748e+07 768 7235 3201  8 5 6 6 7.91932470e-04 1.71169307e-03                                            "" 
 88 1.123026157163e+10 5.477033321687e+07 768 7235 3201  8 5 6 6 7.78254784e-04 1.69919850e-03 outputs/V1e24_D300_G6/solution/solution-00047 
 89 1.128543464296e+10 5.517307132283e+07 768 7235 3201  8 5 6 6 7.64845335e-04 1.68710141e-03                                            "" 
 90 1.134100332387e+10 5.556868091262e+07 768 7235 3201  8 5 6 6 7.51710734e-04 1.67536397e-03 outputs/V1e24_D300_G6/solution/solution-00048 
 91 1.139696131377e+10 5.595798989769e+07 768 7235 3201  8 5 6 6 7.38856840e-04 1.66394983e-03                                            "" 
 92 1.145330315668e+10 5.634184290810e+07 768 7235 3201  8 5 6 6 7.26288629e-04 1.65282423e-03 outputs/V1e24_D300_G6/solution/solution-00049 
 93 1.151002425167e+10 5.672109499227e+07 768 7235 3201  8 5 6 6 7.14010093e-04 1.64195399e-03 outputs/V1e24_D300_G6/solution/solution-00050 
 94 1.156712085775e+10 5.709660608356e+07 768 7235 3201  8 5 6 6 7.02024153e-04 1.63130757e-03                                            "" 
 95 1.162459009392e+10 5.746923616536e+07 768 7235 3201  8 5 6 6 6.90332598e-04 1.62085508e-03 outputs/V1e24_D300_G6/solution/solution-00051 
 96 1.168242993497e+10 5.783984105215e+07 768 7235 3201  8 5 6 6 6.78936052e-04 1.61056825e-03                                            "" 
 97 1.174063920366e+10 5.820926869599e+07 768 7235 3201  8 5 6 6 6.67833965e-04 1.60042047e-03 outputs/V1e24_D300_G6/solution/solution-00052 
 98 1.179921755959e+10 5.857835592512e+07 768 7235 3201  7 5 6 6 6.57024632e-04 1.59038676e-03                                            "" 
 99 1.185816548511e+10 5.894792552368e+07 768 7235 3201  7 5 6 6 6.46505234e-04 1.58052153e-03 outputs/V1e24_D300_G6/solution/solution-00053 
100 1.191748426868e+10 5.931878356688e+07 768 7235 3201  7 5 6 6 6.36271906e-04 1.57079894e-03 outputs/V1e24_D300_G6/solution/solution-00054 
