# 1: Time step number
# 2: Time (years)
# 3: Time step size (years)
# 4: Number of mesh cells
# 5: Number of Stokes degrees of freedom
# 6: Number of temperature degrees of freedom
# 7: Iterations for temperature solver
# 8: Iterations for Stokes solver
# 9: Velocity iterations in Stokes preconditioner
# 10: Schur complement iterations in Stokes preconditioner
# 11: RMS velocity (m/year)
# 12: Max. velocity (m/year)
# 13: Visualization file name
  0 0.000000000000e+00 0.000000000000e+00 768 7235 3201  0 8 9 9 7.95027476e-09 1.41065609e-08 outputs/V1e27_D30_G12/solution/solution-00000 
  1 1.392571516413e+09 1.392571516413e+09 768 7235 3201 32 8 9 9 7.52288977e-09 1.27067504e-08 outputs/V1e27_D30_G12/solution/solution-00001 
  2 2.785143032825e+09 1.392571516413e+09 768 7235 3201 25 8 9 9 7.13011700e-09 1.20343882e-08 outputs/V1e27_D30_G12/solution/solution-00002 
  3 4.177714549238e+09 1.392571516413e+09 768 7235 3201 24 8 9 9 6.76334878e-09 1.14201680e-08 outputs/V1e27_D30_G12/solution/solution-00003 
  4 5.570286065650e+09 1.392571516413e+09 768 7235 3201 23 8 9 9 6.41717049e-09 1.08400368e-08 outputs/V1e27_D30_G12/solution/solution-00004 
  5 6.962857582063e+09 1.392571516413e+09 768 7235 3201 23 8 9 9 6.09051421e-09 1.02921224e-08 outputs/V1e27_D30_G12/solution/solution-00005 
  6 8.355429098476e+09 1.392571516413e+09 768 7235 3201 22 8 9 9 5.78205464e-09 9.77422320e-09 outputs/V1e27_D30_G12/solution/solution-00006 
  7 9.748000614888e+09 1.392571516413e+09 768 7235 3201 21 8 9 9 5.49053377e-09 9.28424631e-09 outputs/V1e27_D30_G12/solution/solution-00007 
  8 1.114057213130e+10 1.392571516413e+09 768 7235 3201 21 8 9 9 5.21479619e-09 8.82030253e-09 outputs/V1e27_D30_G12/solution/solution-00008 
  9 1.253314364771e+10 1.392571516413e+09 768 7235 3201 21 8 9 9 4.95379361e-09 8.38070170e-09 outputs/V1e27_D30_G12/solution/solution-00009 
 10 1.392571516413e+10 1.392571516413e+09 768 7235 3201 20 8 9 9 4.70657719e-09 7.96392595e-09 outputs/V1e27_D30_G12/solution/solution-00010 
 11 1.531828668054e+10 1.392571516413e+09 768 7235 3201 20 8 9 9 4.47228606e-09 7.56860225e-09 outputs/V1e27_D30_G12/solution/solution-00011 
 12 1.671085819695e+10 1.392571516413e+09 768 7235 3201 20 8 9 9 4.25013602e-09 7.19347937e-09 outputs/V1e27_D30_G12/solution/solution-00012 
 13 1.810342971336e+10 1.392571516413e+09 768 7235 3201 20 8 9 9 4.03940952e-09 6.83740948e-09 outputs/V1e27_D30_G12/solution/solution-00013 
 14 1.949600122978e+10 1.392571516413e+09 768 7235 3201 20 8 9 9 3.83944712e-09 6.49933368e-09 outputs/V1e27_D30_G12/solution/solution-00014 
 15 2.088857274619e+10 1.392571516413e+09 768 7235 3201 20 8 9 9 3.64964040e-09 6.17827044e-09 outputs/V1e27_D30_G12/solution/solution-00015 
 16 2.228114426260e+10 1.392571516413e+09 768 7235 3201 19 8 9 9 3.46942586e-09 5.87330632e-09 outputs/V1e27_D30_G12/solution/solution-00016 
 17 2.367371577901e+10 1.392571516413e+09 768 7235 3201 19 8 9 9 3.29827994e-09 5.58358837e-09 outputs/V1e27_D30_G12/solution/solution-00017 
 18 2.506628729543e+10 1.392571516413e+09 768 7235 3201 19 8 9 9 3.13571471e-09 5.30831793e-09 outputs/V1e27_D30_G12/solution/solution-00018 
 19 2.645885881184e+10 1.392571516413e+09 768 7235 3201 19 8 9 9 2.98127426e-09 5.04674539e-09 outputs/V1e27_D30_G12/solution/solution-00019 
 20 2.785143032825e+10 1.392571516413e+09 768 7235 3201 19 8 9 9 2.83453163e-09 4.79816575e-09 outputs/V1e27_D30_G12/solution/solution-00020 
 21 2.924400184466e+10 1.392571516413e+09 768 7235 3201 19 8 9 9 2.69508612e-09 4.56191485e-09 outputs/V1e27_D30_G12/solution/solution-00021 
 22 3.063657336108e+10 1.392571516413e+09 768 7235 3201 19 8 9 9 2.56256103e-09 4.33736615e-09 outputs/V1e27_D30_G12/solution/solution-00022 
 23 3.202914487749e+10 1.392571516413e+09 768 7235 3201 19 8 9 9 2.43660165e-09 4.12392785e-09 outputs/V1e27_D30_G12/solution/solution-00023 
 24 3.342171639390e+10 1.392571516413e+09 768 7235 3201 19 8 9 9 2.31687354e-09 3.92104041e-09 outputs/V1e27_D30_G12/solution/solution-00024 
 25 3.481428791032e+10 1.392571516413e+09 768 7235 3201 19 8 9 9 2.20306100e-09 3.72817433e-09 outputs/V1e27_D30_G12/solution/solution-00025 
 26 3.620685942673e+10 1.392571516413e+09 768 7235 3201 18 8 9 9 2.09486568e-09 3.54482818e-09 outputs/V1e27_D30_G12/solution/solution-00026 
 27 3.759943094314e+10 1.392571516413e+09 768 7235 3201 18 8 9 9 1.99200542e-09 3.37052681e-09 outputs/V1e27_D30_G12/solution/solution-00027 
 28 3.899200245955e+10 1.392571516413e+09 768 7235 3201 18 8 9 9 1.89421314e-09 3.20481975e-09 outputs/V1e27_D30_G12/solution/solution-00028 
 29 4.038457397597e+10 1.392571516413e+09 768 7235 3201 18 8 9 9 1.80123589e-09 3.04727974e-09 outputs/V1e27_D30_G12/solution/solution-00029 
 30 4.177714549238e+10 1.392571516413e+09 768 7235 3201 18 8 9 9 1.71283393e-09 2.89750139e-09 outputs/V1e27_D30_G12/solution/solution-00030 
 31 4.316971700879e+10 1.392571516413e+09 768 7235 3201 18 8 9 9 1.62877996e-09 2.75509991e-09 outputs/V1e27_D30_G12/solution/solution-00031 
 32 4.456228852520e+10 1.392571516413e+09 768 7235 3201 18 8 9 9 1.54885838e-09 2.61971001e-09 outputs/V1e27_D30_G12/solution/solution-00032 
 33 4.595486004162e+10 1.392571516413e+09 768 7235 3201 18 8 9 9 1.47286461e-09 2.49098479e-09 outputs/V1e27_D30_G12/solution/solution-00033 
 34 4.734743155803e+10 1.392571516413e+09 768 7235 3201 18 8 9 9 1.40060445e-09 2.36859482e-09 outputs/V1e27_D30_G12/solution/solution-00034 
 35 4.874000307444e+10 1.392571516413e+09 768 7235 3201 18 8 9 9 1.33189352e-09 2.25222712e-09 outputs/V1e27_D30_G12/solution/solution-00035 
 36 5.013257459085e+10 1.392571516413e+09 768 7235 3201 18 8 9 9 1.26655674e-09 2.14158439e-09 outputs/V1e27_D30_G12/solution/solution-00036 
 37 5.152514610727e+10 1.392571516413e+09 768 7235 3201 18 8 9 9 1.20442778e-09 2.03638411e-09 outputs/V1e27_D30_G12/solution/solution-00037 
 38 5.291771762368e+10 1.392571516413e+09 768 7235 3201 18 8 9 9 1.14534865e-09 1.93635785e-09 outputs/V1e27_D30_G12/solution/solution-00038 
 39 5.431028914009e+10 1.392571516413e+09 768 7235 3201 18 8 9 9 1.08916922e-09 1.84125050e-09 outputs/V1e27_D30_G12/solution/solution-00039 
 40 5.570286065650e+10 1.392571516413e+09 768 7235 3201 18 8 9 9 1.03574685e-09 1.75081962e-09 outputs/V1e27_D30_G12/solution/solution-00040 
 41 5.709543217292e+10 1.392571516413e+09 768 7235 3201 18 8 9 9 9.84945948e-10 1.66483479e-09 outputs/V1e27_D30_G12/solution/solution-00041 
 42 5.848800368933e+10 1.392571516413e+09 768 7235 3201 18 8 9 9 9.36637664e-10 1.58307697e-09 outputs/V1e27_D30_G12/solution/solution-00042 
 43 5.988057520574e+10 1.392571516413e+09 768 7235 3201 18 8 9 9 8.90699514e-10 1.50533800e-09 outputs/V1e27_D30_G12/solution/solution-00043 
 44 6.127314672215e+10 1.392571516413e+09 768 7235 3201 18 8 9 9 8.47015068e-10 1.43141998e-09 outputs/V1e27_D30_G12/solution/solution-00044 
 45 6.266571823857e+10 1.392571516413e+09 768 7235 3201 17 8 9 9 8.05473643e-10 1.36113482e-09 outputs/V1e27_D30_G12/solution/solution-00045 
 46 6.405828975498e+10 1.392571516413e+09 768 7235 3201 17 8 9 9 7.65970015e-10 1.29430369e-09 outputs/V1e27_D30_G12/solution/solution-00046 
 47 6.545086127139e+10 1.392571516413e+09 768 7235 3201 17 8 9 9 7.28404140e-10 1.23075661e-09 outputs/V1e27_D30_G12/solution/solution-00047 
 48 6.684343278781e+10 1.392571516413e+09 768 7235 3201 17 8 9 9 6.92680905e-10 1.17033197e-09 outputs/V1e27_D30_G12/solution/solution-00048 
 49 6.823600430422e+10 1.392571516413e+09 768 7235 3201 17 8 9 9 6.58709874e-10 1.11287615e-09 outputs/V1e27_D30_G12/solution/solution-00049 
 50 6.962857582063e+10 1.392571516413e+09 768 7235 3201 17 8 9 9 6.26405063e-10 1.05824309e-09 outputs/V1e27_D30_G12/solution/solution-00050 
 51 7.102114733704e+10 1.392571516413e+09 768 7235 3201 17 8 9 9 5.95684712e-10 1.00629395e-09 outputs/V1e27_D30_G12/solution/solution-00051 
 52 7.241371885346e+10 1.392571516413e+09 768 7235 3201 17 8 9 9 5.66471080e-10 9.56896725e-10 outputs/V1e27_D30_G12/solution/solution-00052 
 53 7.380629036987e+10 1.392571516413e+09 768 7235 3201 17 8 9 9 5.38690246e-10 9.09925912e-10 outputs/V1e27_D30_G12/solution/solution-00053 
 54 7.519886188628e+10 1.392571516413e+09 768 7235 3201 17 8 9 9 5.12271921e-10 8.65262196e-10 outputs/V1e27_D30_G12/solution/solution-00054 
 55 7.659143340269e+10 1.392571516413e+09 768 7235 3201 17 8 9 9 4.87149265e-10 8.22792139e-10 outputs/V1e27_D30_G12/solution/solution-00055 
 56 7.798400491911e+10 1.392571516413e+09 768 7235 3201 17 8 9 9 4.63258721e-10 7.82407890e-10 outputs/V1e27_D30_G12/solution/solution-00056 
 57 7.937657643552e+10 1.392571516413e+09 768 7235 3201 17 8 9 9 4.40539852e-10 7.44006909e-10 outputs/V1e27_D30_G12/solution/solution-00057 
 58 8.076914795193e+10 1.392571516413e+09 768 7235 3201 17 8 9 9 4.18935188e-10 7.07491709e-10 outputs/V1e27_D30_G12/solution/solution-00058 
 59 8.216171946834e+10 1.392571516413e+09 768 7235 3201 17 8 9 9 3.98390078e-10 6.72769596e-10 outputs/V1e27_D30_G12/solution/solution-00059 
 60 8.355429098476e+10 1.392571516413e+09 768 7235 3201 17 8 9 9 3.78852554e-10 6.39752443e-10 outputs/V1e27_D30_G12/solution/solution-00060 
 61 8.494686250117e+10 1.392571516413e+09 768 7235 3201 17 8 9 9 3.60273196e-10 6.08356461e-10 outputs/V1e27_D30_G12/solution/solution-00061 
 62 8.633943401758e+10 1.392571516413e+09 768 7235 3201 17 8 9 9 3.42605010e-10 5.78501982e-10 outputs/V1e27_D30_G12/solution/solution-00062 
 63 8.773200553399e+10 1.392571516413e+09 768 7235 3201 17 8 9 9 3.25803309e-10 5.50113261e-10 outputs/V1e27_D30_G12/solution/solution-00063 
 64 8.912457705041e+10 1.392571516413e+09 768 7235 3201 17 8 9 9 3.09825595e-10 5.23118277e-10 outputs/V1e27_D30_G12/solution/solution-00064 
 65 9.051714856682e+10 1.392571516413e+09 768 7235 3201 17 8 9 9 2.94631457e-10 4.97448554e-10 outputs/V1e27_D30_G12/solution/solution-00065 
 66 9.190972008323e+10 1.392571516413e+09 768 7235 3201 17 8 9 9 2.80182465e-10 4.73038984e-10 outputs/V1e27_D30_G12/solution/solution-00066 
 67 9.330229159964e+10 1.392571516413e+09 768 7235 3201 17 8 9 9 2.66442075e-10 4.49827663e-10 outputs/V1e27_D30_G12/solution/solution-00067 
 68 9.469486311606e+10 1.392571516413e+09 768 7235 3201 17 8 9 9 2.53375535e-10 4.27755729e-10 outputs/V1e27_D30_G12/solution/solution-00068 
 69 9.608743463247e+10 1.392571516413e+09 768 7235 3201 17 8 9 9 2.40949797e-10 4.06767215e-10 outputs/V1e27_D30_G12/solution/solution-00069 
 70 9.748000614888e+10 1.392571516413e+09 768 7235 3201 17 8 9 9 2.29133435e-10 3.86808908e-10 outputs/V1e27_D30_G12/solution/solution-00070 
 71 9.887257766530e+10 1.392571516413e+09 768 7235 3201 16 8 9 9 2.17896565e-10 3.67830214e-10 outputs/V1e27_D30_G12/solution/solution-00071 
 72 1.002651491817e+11 1.392571516413e+09 768 7235 3201 16 8 9 9 2.07210767e-10 3.49783020e-10 outputs/V1e27_D30_G12/solution/solution-00072 
 73 1.016577206981e+11 1.392571516413e+09 768 7235 3201 16 8 9 9 1.97049015e-10 3.32621579e-10 outputs/V1e27_D30_G12/solution/solution-00073 
 74 1.030502922145e+11 1.392571516413e+09 768 7235 3201 16 8 9 9 1.87385607e-10 3.16302394e-10 outputs/V1e27_D30_G12/solution/solution-00074 
 75 1.044428637309e+11 1.392571516413e+09 768 7235 3201 16 8 9 9 1.78196105e-10 3.00784108e-10 outputs/V1e27_D30_G12/solution/solution-00075 
 76 1.058354352474e+11 1.392571516413e+09 768 7235 3201 16 8 9 9 1.69457267e-10 2.86027394e-10 outputs/V1e27_D30_G12/solution/solution-00076 
 77 1.072280067638e+11 1.392571516413e+09 768 7235 3201 16 8 9 9 1.61146991e-10 2.71994858e-10 outputs/V1e27_D30_G12/solution/solution-00077 
 78 1.086205782802e+11 1.392571516413e+09 768 7235 3201 16 8 9 9 1.53244261e-10 2.58650946e-10 outputs/V1e27_D30_G12/solution/solution-00078 
 79 1.100131497966e+11 1.392571516413e+09 768 7235 3201 16 8 9 9 1.45729090e-10 2.45961848e-10 outputs/V1e27_D30_G12/solution/solution-00079 
 80 1.114057213130e+11 1.392571516413e+09 768 7235 3201 16 8 9 9 1.38582471e-10 2.33895418e-10 outputs/V1e27_D30_G12/solution/solution-00080 
 81 1.127982928294e+11 1.392571516413e+09 768 7235 3201 16 8 9 9 1.31786329e-10 2.22421087e-10 outputs/V1e27_D30_G12/solution/solution-00081 
 82 1.141908643458e+11 1.392571516413e+09 768 7235 3201 16 8 9 9 1.25323478e-10 2.11509790e-10 outputs/V1e27_D30_G12/solution/solution-00082 
 83 1.155834358622e+11 1.392571516413e+09 768 7235 3201 16 8 9 9 1.19177571e-10 2.01133886e-10 outputs/V1e27_D30_G12/solution/solution-00083 
 84 1.169760073787e+11 1.392571516413e+09 768 7235 3201 16 8 9 9 1.13333066e-10 1.91267097e-10 outputs/V1e27_D30_G12/solution/solution-00084 
 85 1.183685788951e+11 1.392571516413e+09 768 7235 3201 16 8 9 9 1.07775182e-10 1.81884432e-10 outputs/V1e27_D30_G12/solution/solution-00085 
 86 1.197611504115e+11 1.392571516413e+09 768 7235 3201 16 8 9 9 1.02489861e-10 1.72962128e-10 outputs/V1e27_D30_G12/solution/solution-00086 
 87 1.211537219279e+11 1.392571516413e+09 768 7235 3201 16 8 9 9 9.74637375e-11 1.64477591e-10 outputs/V1e27_D30_G12/solution/solution-00087 
 88 1.225462934443e+11 1.392571516413e+09 768 7235 3201 16 8 9 9 9.26840997e-11 1.56409334e-10 outputs/V1e27_D30_G12/solution/solution-00088 
 89 1.239388649607e+11 1.392571516413e+09 768 7235 3201 16 8 9 9 8.81388597e-11 1.48736926e-10 outputs/V1e27_D30_G12/solution/solution-00089 
 90 1.253314364771e+11 1.392571516413e+09 768 7235 3201 16 8 9 9 8.38165224e-11 1.41440941e-10 outputs/V1e27_D30_G12/solution/solution-00090 
 91 1.267240079935e+11 1.392571516413e+09 768 7235 3201 16 8 9 9 7.97061562e-11 1.34502905e-10 outputs/V1e27_D30_G12/solution/solution-00091 
 92 1.281165795100e+11 1.392571516413e+09 768 7235 3201 16 8 9 9 7.57973658e-11 1.27905251e-10 outputs/V1e27_D30_G12/solution/solution-00092 
 93 1.295091510264e+11 1.392571516413e+09 768 7235 3201 16 8 9 9 7.20802658e-11 1.21631276e-10 outputs/V1e27_D30_G12/solution/solution-00093 
 94 1.309017225428e+11 1.392571516413e+09 768 7235 3201 16 8 9 9 6.85454553e-11 1.15665095e-10 outputs/V1e27_D30_G12/solution/solution-00094 
 95 1.322942940592e+11 1.392571516413e+09 768 7235 3201 16 8 9 9 6.51839948e-11 1.09991606e-10 outputs/V1e27_D30_G12/solution/solution-00095 
 96 1.336868655756e+11 1.392571516413e+09 768 7235 3201 15 8 9 9 6.19873846e-11 1.04596449e-10 outputs/V1e27_D30_G12/solution/solution-00096 
 97 1.350794370920e+11 1.392571516413e+09 768 7235 3201 15 8 9 9 5.89475390e-11 9.94659647e-11 outputs/V1e27_D30_G12/solution/solution-00097 
 98 1.364720086084e+11 1.392571516413e+09 768 7235 3201 15 8 9 9 5.60567697e-11 9.45871639e-11 outputs/V1e27_D30_G12/solution/solution-00098 
 99 1.378645801248e+11 1.392571516413e+09 768 7235 3201 15 8 9 9 5.33077657e-11 8.99476977e-11 outputs/V1e27_D30_G12/solution/solution-00099 
100 1.392571516413e+11 1.392571516413e+09 768 7235 3201 15 8 9 9 5.06935746e-11 8.55358219e-11 outputs/V1e27_D30_G12/solution/solution-00100 
