# 1: Time step number
# 2: Time (years)
# 3: Time step size (years)
# 4: Number of mesh cells
# 5: Number of Stokes degrees of freedom
# 6: Number of temperature degrees of freedom
# 7: Iterations for temperature solver
# 8: Iterations for Stokes solver
# 9: Velocity iterations in Stokes preconditioner
# 10: Schur complement iterations in Stokes preconditioner
# 11: RMS velocity (m/year)
# 12: Max. velocity (m/year)
# 13: Visualization file name
  0 0.000000000000e+00 0.000000000000e+00 768 7235 3201  0 8 9 9 5.29717176e-06 9.31431896e-06 outputs/V1e24_D100_G8/solution/solution-00000 
  1 1.392571516413e+09 1.392571516413e+09 768 7235 3201 31 8 9 9 7.92473768e-06 1.45565585e-05 outputs/V1e24_D100_G8/solution/solution-00001 
  2 2.785143032825e+09 1.392571516413e+09 768 7235 3201 25 8 9 9 1.48272024e-05 2.94355042e-05 outputs/V1e24_D100_G8/solution/solution-00002 
  3 4.177714549238e+09 1.392571516413e+09 768 7235 3201 24 8 9 9 3.38967503e-05 6.99568719e-05 outputs/V1e24_D100_G8/solution/solution-00003 
  4 5.518406807779e+09 1.340692258541e+09 768 7235 3201 24 8 9 9 8.70611031e-05 1.81194957e-04 outputs/V1e24_D100_G8/solution/solution-00004 
  5 6.036003221650e+09 5.175964138709e+08 768 7235 3201 17 8 9 9 1.38652147e-04 2.89281175e-04 outputs/V1e24_D100_G8/solution/solution-00005 
  6 6.360117213268e+09 3.241139916186e+08 768 7235 3201 13 8 9 9 1.93080937e-04 4.03743189e-04 outputs/V1e24_D100_G8/solution/solution-00006 
  7 6.592323051610e+09 2.322058383418e+08 768 7235 3201 12 7 8 8 2.49446746e-04 5.22818245e-04 outputs/V1e24_D100_G8/solution/solution-00007 
  8 6.771639670388e+09 1.793166187775e+08 768 7235 3201 11 7 8 8 3.07380395e-04 6.45479589e-04 outputs/V1e24_D100_G8/solution/solution-00008 
  9 6.916817196724e+09 1.451775263362e+08 768 7235 3201 10 7 8 8 3.66755961e-04 7.72043921e-04 outputs/V1e24_D100_G8/solution/solution-00009 
 10 7.038248112032e+09 1.214309153087e+08 768 7235 3201 10 6 7 7 4.27545205e-04 9.01785328e-04 outputs/V1e24_D100_G8/solution/solution-00010 
 11 7.142268048289e+09 1.040199362566e+08 768 7235 3201 10 6 7 7 4.89733088e-04 1.03373027e-03 outputs/V1e24_D100_G8/solution/solution-00011 
 12 7.232919801532e+09 9.065175324342e+07 768 7235 3201  9 6 7 7 5.53203721e-04 1.16852588e-03 outputs/V1e24_D100_G8/solution/solution-00012 
 13 7.313172856724e+09 8.025305519131e+07 768 7235 3201  9 6 7 7 6.17934186e-04 1.30466117e-03 outputs/V1e24_D100_G8/solution/solution-00013 
 14 7.385030594360e+09 7.185773763665e+07 768 7235 3201 10 6 7 7 6.83737064e-04 1.44148014e-03                                            "" 
 15 7.450114701937e+09 6.508410757624e+07 768 7235 3201 10 6 7 7 7.50502322e-04 1.57718289e-03 outputs/V1e24_D100_G8/solution/solution-00014 
 16 7.509526322665e+09 5.941162072866e+07 768 7235 3201 10 6 7 7 8.17915291e-04 1.71306309e-03 outputs/V1e24_D100_G8/solution/solution-00015 
 17 7.564261427383e+09 5.473510471757e+07 768 7235 3201 10 6 7 7 8.85773200e-04 1.84632488e-03                                            "" 
 18 7.615066089281e+09 5.080466189802e+07 768 7235 3201 10 6 7 7 9.53768779e-04 1.97654969e-03 outputs/V1e24_D100_G8/solution/solution-00016 
 19 7.662497226802e+09 4.743113752094e+07 768 7235 3201 10 6 7 7 1.02148238e-03 2.10264703e-03                                            "" 
 20 7.707083882929e+09 4.458665612724e+07 768 7235 3201 10 6 7 7 1.08856471e-03 2.23460843e-03 outputs/V1e24_D100_G8/solution/solution-00017 
 21 7.749054321887e+09 4.197043895754e+07 768 7235 3201 11 6 7 7 1.15429978e-03 2.40594702e-03                                            "" 
 22 7.788020267131e+09 3.896594524419e+07 768 7235 3201 11 6 7 7 1.21703100e-03 2.57086555e-03                                            "" 
 23 7.824486584882e+09 3.646631775163e+07 768 7235 3201 11 6 7 7 1.27661254e-03 2.72763107e-03 outputs/V1e24_D100_G8/solution/solution-00018 
 24 7.858857068870e+09 3.437048398712e+07 768 7235 3201 11 6 7 7 1.33290233e-03 2.87552785e-03                                            "" 
 25 7.891459778636e+09 3.260270976655e+07 768 7235 3201 11 6 7 7 1.38576839e-03 3.01396813e-03                                            "" 
 26 7.922564951640e+09 3.110517300419e+07 768 7235 3201 11 6 7 7 1.43509246e-03 3.14248741e-03 outputs/V1e24_D100_G8/solution/solution-00019 
 27 7.952398006682e+09 2.983305504187e+07 768 7235 3201 11 6 7 7 1.48077258e-03 3.26239640e-03                                            "" 
 28 7.981149175397e+09 2.875116871438e+07 768 7235 3201 11 6 7 7 1.52272508e-03 3.37182140e-03                                            "" 
 29 8.008980754821e+09 2.783157942444e+07 768 7235 3201 11 6 7 7 1.56088633e-03 3.47056565e-03 outputs/V1e24_D100_G8/solution/solution-00020 
 30 8.036018217783e+09 2.703746296174e+07 768 7235 3201 11 6 7 7 1.59519659e-03 3.55850951e-03                                            "" 
 31 8.062378278950e+09 2.636006116769e+07 768 7235 3201 11 6 7 7 1.62563568e-03 3.63566681e-03                                            "" 
 32 8.088170643740e+09 2.579236478993e+07 768 7235 3201 12 6 7 7 1.65221738e-03 3.70216020e-03                                            "" 
 33 8.113492343115e+09 2.532169937479e+07 768 7235 3201 12 6 7 7 1.67497769e-03 3.75818306e-03 outputs/V1e24_D100_G8/solution/solution-00021 
 34 8.138429948585e+09 2.493760546959e+07 768 7235 3201 12 6 7 7 1.69397472e-03 3.80399310e-03                                            "" 
 35 8.163061344168e+09 2.463139558373e+07 768 7235 3201 12 6 7 7 1.70928815e-03 3.83990624e-03                                            "" 
 36 8.187457152417e+09 2.439580824863e+07 768 7235 3201 12 6 7 7 1.72101843e-03 3.86679942e-03                                            "" 
 37 8.211681887312e+09 2.422473489476e+07 768 7235 3201 12 6 7 7 1.72928555e-03 3.88538453e-03 outputs/V1e24_D100_G8/solution/solution-00022 
 38 8.235794889286e+09 2.411300197429e+07 768 7235 3201 12 6 7 7 1.73422749e-03 3.89513798e-03                                            "" 
 39 8.259851084703e+09 2.405619541732e+07 768 7235 3201 12 6 7 7 1.73599840e-03 3.89654969e-03                                            "" 
 40 8.283901602528e+09 2.405051782469e+07 768 7235 3201 12 6 7 7 1.73476657e-03 3.89014135e-03                                            "" 
 41 8.307994273736e+09 2.409267120756e+07 768 7235 3201 11 6 7 7 1.73071212e-03 3.87646014e-03 outputs/V1e24_D100_G8/solution/solution-00023 
 42 8.332174033594e+09 2.417975985847e+07 768 7235 3201 11 6 7 7 1.72402468e-03 3.85607243e-03                                            "" 
 43 8.356483242854e+09 2.430920926007e+07 768 7235 3201 11 6 7 7 1.71490093e-03 3.82955752e-03                                            "" 
 44 8.380961940779e+09 2.447869792430e+07 768 7235 3201 11 6 7 7 1.70354219e-03 3.79750152e-03                                            "" 
 45 8.405648040570e+09 2.468609979129e+07 768 7235 3201 11 6 7 7 1.69015203e-03 3.76049130e-03 outputs/V1e24_D100_G8/solution/solution-00024 
 46 8.430577475941e+09 2.492943537067e+07 768 7235 3201 11 6 7 7 1.67493401e-03 3.71910883e-03                                            "" 
 47 8.455784306169e+09 2.520683022813e+07 768 7235 3201 11 6 7 7 1.65808958e-03 3.67392579e-03                                            "" 
 48 8.481300785915e+09 2.551647974600e+07 768 7235 3201 11 6 7 7 1.63981619e-03 3.62549866e-03                                            "" 
 49 8.507157405258e+09 2.585661934341e+07 768 7235 3201 11 6 7 7 1.62030551e-03 3.57436428e-03 outputs/V1e24_D100_G8/solution/solution-00025 
 50 8.533382904804e+09 2.622549954551e+07 768 7235 3201 11 6 7 7 1.59974202e-03 3.52103605e-03                                            "" 
 51 8.560004270255e+09 2.662136545120e+07 768 7235 3201 11 6 7 7 1.57830177e-03 3.46600067e-03                                            "" 
 52 8.587046710526e+09 2.704244027093e+07 768 7235 3201 11 6 7 7 1.55615130e-03 3.40971548e-03                                            "" 
 53 8.614533623220e+09 2.748691269447e+07 768 7235 3201 11 6 7 7 1.53344691e-03 3.35260654e-03 outputs/V1e24_D100_G8/solution/solution-00026 
 54 8.642486551129e+09 2.795292790876e+07 768 7235 3201 11 6 7 7 1.51033406e-03 3.29506713e-03                                            "" 
 55 8.670925133250e+09 2.843858212102e+07 768 7235 3201 10 6 7 7 1.48694702e-03 3.23745699e-03                                            "" 
 56 8.699867053706e+09 2.894192045652e+07 768 7235 3201 10 6 7 7 1.46340860e-03 3.18010201e-03                                            "" 
 57 8.729327991803e+09 2.946093809625e+07 768 7235 3201 10 6 7 7 1.43983018e-03 3.12329435e-03 outputs/V1e24_D100_G8/solution/solution-00027 
 58 8.759321576303e+09 2.999358450001e+07 768 7235 3201 10 6 7 7 1.41631177e-03 3.06744028e-03                                            "" 
 59 8.789859346829e+09 3.053777052673e+07 768 7235 3201 10 6 7 7 1.39294224e-03 3.01319123e-03                                            "" 
 60 8.820950725049e+09 3.109137821975e+07 768 7235 3201 10 6 7 7 1.36979965e-03 2.96017112e-03 outputs/V1e24_D100_G8/solution/solution-00028 
 61 8.852602998022e+09 3.165227297236e+07 768 7235 3201 10 6 7 7 1.34695168e-03 2.90854301e-03                                            "" 
 62 8.884821315755e+09 3.221831773376e+07 768 7235 3201 10 6 7 7 1.32445609e-03 2.85844270e-03                                            "" 
 63 8.917608704616e+09 3.278738886021e+07 768 7235 3201 10 6 7 7 1.30236130e-03 2.80998047e-03 outputs/V1e24_D100_G8/solution/solution-00029 
 64 8.950966097783e+09 3.335739316767e+07 768 7235 3201 10 6 7 7 1.28070697e-03 2.76324292e-03                                            "" 
 65 8.984892383486e+09 3.392628570327e+07 768 7235 3201 10 6 7 7 1.25952464e-03 2.71829477e-03                                            "" 
 66 9.019384471216e+09 3.449208772939e+07 768 7235 3201 10 6 7 7 1.23883836e-03 2.67518080e-03 outputs/V1e24_D100_G8/solution/solution-00030 
 67 9.054437375624e+09 3.505290440790e+07 768 7235 3201 10 6 7 7 1.21866539e-03 2.63392770e-03                                            "" 
 68 9.090044317309e+09 3.560694168569e+07 768 7235 3201 10 6 7 7 1.19901684e-03 2.59454593e-03                                            "" 
 69 9.126196839226e+09 3.615252191606e+07 768 7235 3201 10 6 7 7 1.17989837e-03 2.55703148e-03 outputs/V1e24_D100_G8/solution/solution-00031 
 70 9.162884937028e+09 3.668809780218e+07 768 7235 3201 10 6 7 7 1.16131082e-03 2.52136758e-03                                            "" 
 71 9.200097201344e+09 3.721226431658e+07 768 7235 3201 10 6 7 7 1.14325083e-03 2.48752634e-03 outputs/V1e24_D100_G8/solution/solution-00032 
 72 9.237820969674e+09 3.772376833003e+07 768 7235 3201 10 6 7 7 1.12571149e-03 2.45547027e-03                                            "" 
 73 9.276036152194e+09 3.821518251986e+07 768 7235 3201 10 6 7 7 1.10868565e-03 2.42515857e-03                                            "" 
 74 9.314722382458e+09 3.868623026422e+07 768 7235 3201 10 6 7 7 1.09216298e-03 2.39654178e-03 outputs/V1e24_D100_G8/solution/solution-00033 
 75 9.353864014708e+09 3.914163224942e+07 768 7235 3201 10 6 7 7 1.07612864e-03 2.36956021e-03                                            "" 
 76 9.393444870910e+09 3.958085620238e+07 768 7235 3201  9 6 7 7 1.06056635e-03 2.34414977e-03                                            "" 
 77 9.433448401963e+09 4.000353105322e+07 768 7235 3201  9 6 7 7 1.04545880e-03 2.32024300e-03 outputs/V1e24_D100_G8/solution/solution-00034 
 78 9.473857842787e+09 4.040944082391e+07 768 7235 3201  9 6 7 7 1.03078801e-03 2.29787766e-03                                            "" 
 79 9.514656359505e+09 4.079851671749e+07 768 7235 3201  9 6 7 7 1.01653565e-03 2.27709777e-03 outputs/V1e24_D100_G8/solution/solution-00035 
 80 9.555827187230e+09 4.117082772476e+07 768 7235 3201  9 6 7 7 1.00268338e-03 2.25759074e-03                                            "" 
 81 9.597353757294e+09 4.152657006395e+07 768 7235 3201  9 6 7 7 9.89213004e-04 2.23928427e-03                                            "" 
 82 9.639219813056e+09 4.186605576262e+07 768 7235 3201  9 6 7 7 9.76106747e-04 2.22210631e-03 outputs/V1e24_D100_G8/solution/solution-00036 
 83 9.681409513733e+09 4.218970067695e+07 768 7235 3201  9 5 6 6 9.63347371e-04 2.20598552e-03                                            "" 
 84 9.723907526078e+09 4.249801234499e+07 768 7235 3201  9 5 6 6 9.50918324e-04 2.19085171e-03 outputs/V1e24_D100_G8/solution/solution-00037 
 85 9.766699103260e+09 4.279157718178e+07 768 7235 3201  9 5 6 6 9.38803828e-04 2.17663609e-03                                            "" 
 86 9.809770152353e+09 4.307104909306e+07 768 7235 3201  9 5 6 6 9.26988950e-04 2.16327164e-03 outputs/V1e24_D100_G8/solution/solution-00038 
 87 9.853107289555e+09 4.333713720170e+07 768 7235 3201  9 5 6 6 9.15459651e-04 2.15069330e-03                                            "" 
 88 9.896697884277e+09 4.359059472260e+07 768 7235 3201  9 5 6 6 9.04202804e-04 2.13883816e-03                                            "" 
 89 9.940530092629e+09 4.383220835141e+07 768 7235 3201  9 5 6 6 8.93206206e-04 2.12764565e-03 outputs/V1e24_D100_G8/solution/solution-00039 
 90 9.984592881019e+09 4.406278839018e+07 768 7235 3201  9 5 6 6 8.82458565e-04 2.11705761e-03                                            "" 
 91 1.002887604070e+10 4.428315967848e+07 768 7235 3201  9 5 6 6 8.71949481e-04 2.10701840e-03 outputs/V1e24_D100_G8/solution/solution-00040 
 92 1.007337019407e+10 4.449415337468e+07 768 7235 3201  9 5 6 6 8.61669409e-04 2.09747499e-03                                            "" 
 93 1.011806679368e+10 4.469659961111e+07 768 7235 3201  8 5 6 6 8.51609623e-04 2.08837695e-03 outputs/V1e24_D100_G8/solution/solution-00041 
 94 1.016295811471e+10 4.489132102868e+07 768 7235 3201  8 5 6 6 8.41762161e-04 2.07967647e-03                                            "" 
 95 1.020803724189e+10 4.507912718077e+07 768 7235 3201  8 5 6 6 8.32119775e-04 2.07132838e-03 outputs/V1e24_D100_G8/solution/solution-00042 
 96 1.025329805168e+10 4.526080978291e+07 768 7235 3201  8 5 6 6 8.22675864e-04 2.06329013e-03                                            "" 
 97 1.029873519045e+10 4.543713877372e+07 768 7235 3201  8 5 6 6 8.13424417e-04 2.05552171e-03                                            "" 
 98 1.034434404959e+10 4.560885914331e+07 768 7235 3201  8 5 6 6 8.04359942e-04 2.04798563e-03 outputs/V1e24_D100_G8/solution/solution-00043 
 99 1.039012073807e+10 4.577668847793e+07 768 7235 3201  8 5 6 6 7.95477396e-04 2.04064685e-03                                            "" 
100 1.043606205323e+10 4.594131516355e+07 768 7235 3201  8 5 6 6 7.86772123e-04 2.03347271e-03 outputs/V1e24_D100_G8/solution/solution-00044 
