# 1: Time step number
# 2: Time (years)
# 3: Time step size (years)
# 4: Number of mesh cells
# 5: Number of Stokes degrees of freedom
# 6: Number of temperature degrees of freedom
# 7: Iterations for temperature solver
# 8: Iterations for Stokes solver
# 9: Velocity iterations in Stokes preconditioner
# 10: Schur complement iterations in Stokes preconditioner
# 11: RMS velocity (m/year)
# 12: Max. velocity (m/year)
# 13: Visualization file name
  0 0.000000000000e+00 0.000000000000e+00 768 7235 3201  0 8 9 9 5.27849917e-07 8.90553572e-07 outputs/V1e25_D1000_G8/solution/solution-00000 
  1 1.392571516413e+09 1.392571516413e+09 768 7235 3201 21 7 8 8 6.32496029e-07 1.06710561e-06 outputs/V1e25_D1000_G8/solution/solution-00001 
  2 2.785143032825e+09 1.392571516413e+09 768 7235 3201 16 6 7 7 7.68933393e-07 1.29729377e-06 outputs/V1e25_D1000_G8/solution/solution-00002 
  3 4.177714549238e+09 1.392571516413e+09 768 7235 3201 17 6 7 7 9.39327930e-07 1.58477228e-06 outputs/V1e25_D1000_G8/solution/solution-00003 
  4 5.570286065650e+09 1.392571516413e+09 768 7235 3201 17 6 7 7 1.14930900e-06 1.93903868e-06 outputs/V1e25_D1000_G8/solution/solution-00004 
  5 6.962857582063e+09 1.392571516413e+09 768 7235 3201 17 6 7 7 1.40696331e-06 2.37373636e-06 outputs/V1e25_D1000_G8/solution/solution-00005 
  6 8.355429098476e+09 1.392571516413e+09 768 7235 3201 17 6 7 7 1.72267098e-06 2.90637810e-06 outputs/V1e25_D1000_G8/solution/solution-00006 
  7 9.748000614888e+09 1.392571516413e+09 768 7235 3201 17 6 7 7 2.10933290e-06 3.55872970e-06 outputs/V1e25_D1000_G8/solution/solution-00007 
  8 1.114057213130e+10 1.392571516413e+09 768 7235 3201 17 6 7 7 2.58282037e-06 4.35756858e-06 outputs/V1e25_D1000_G8/solution/solution-00008 
  9 1.253314364771e+10 1.392571516413e+09 768 7235 3201 18 6 7 7 3.16259346e-06 5.33572725e-06 outputs/V1e25_D1000_G8/solution/solution-00009 
 10 1.392571516413e+10 1.392571516413e+09 768 7235 3201 18 6 7 7 3.87248382e-06 6.53341432e-06 outputs/V1e25_D1000_G8/solution/solution-00010 
 11 1.531828668054e+10 1.392571516413e+09 768 7235 3201 18 6 7 7 4.74166072e-06 7.99984489e-06 outputs/V1e25_D1000_G8/solution/solution-00011 
 12 1.671085819695e+10 1.392571516413e+09 768 7235 3201 18 6 7 7 5.80581180e-06 9.79523357e-06 outputs/V1e25_D1000_G8/solution/solution-00012 
 13 1.810342971336e+10 1.392571516413e+09 768 7235 3201 18 6 7 7 7.10857835e-06 1.19932179e-05 outputs/V1e25_D1000_G8/solution/solution-00013 
 14 1.949600122978e+10 1.392571516413e+09 768 7235 3201 19 6 7 7 8.70329137e-06 1.46837905e-05 outputs/V1e25_D1000_G8/solution/solution-00014 
 15 2.088857274619e+10 1.392571516413e+09 768 7235 3201 19 6 7 7 1.06550565e-05 1.79768229e-05 outputs/V1e25_D1000_G8/solution/solution-00015 
 16 2.228114426260e+10 1.392571516413e+09 768 7235 3201 19 6 7 7 1.30432323e-05 2.20062577e-05 outputs/V1e25_D1000_G8/solution/solution-00016 
 17 2.367371577901e+10 1.392571516413e+09 768 7235 3201 19 6 7 7 1.59643283e-05 2.69350179e-05 outputs/V1e25_D1000_G8/solution/solution-00017 
 18 2.506628729543e+10 1.392571516413e+09 768 7235 3201 20 6 7 7 1.95353033e-05 3.29606086e-05 outputs/V1e25_D1000_G8/solution/solution-00018 
 19 2.645885881184e+10 1.392571516413e+09 768 7235 3201 20 6 7 7 2.38971524e-05 4.03212333e-05 outputs/V1e25_D1000_G8/solution/solution-00019 
 20 2.785143032825e+10 1.392571516413e+09 768 7235 3201 20 6 7 7 2.92184803e-05 4.93019378e-05 outputs/V1e25_D1000_G8/solution/solution-00020 
 21 2.924400184466e+10 1.392571516413e+09 768 7235 3201 21 6 7 7 3.56984123e-05 6.02397222e-05 outputs/V1e25_D1000_G8/solution/solution-00021 
 22 3.063657336108e+10 1.392571516413e+09 768 7235 3201 21 6 7 7 4.35675712e-05 7.35255229e-05 outputs/V1e25_D1000_G8/solution/solution-00022 
 23 3.191164079743e+10 1.275067436351e+09 768 7235 3201 21 6 7 7 5.22334559e-05 8.81610581e-05 outputs/V1e25_D1000_G8/solution/solution-00023 
 24 3.297503547536e+10 1.063394677932e+09 768 7235 3201 19 6 7 7 6.07259536e-05 1.02509088e-04 outputs/V1e25_D1000_G8/solution/solution-00024 
 25 3.388958853012e+10 9.145530547645e+08 768 7235 3201 17 6 7 7 6.90729846e-05 1.16617124e-04 outputs/V1e25_D1000_G8/solution/solution-00025 
 26 3.469350134081e+10 8.039128106898e+08 768 7235 3201 16 6 7 7 7.72764254e-05 1.30488618e-04 outputs/V1e25_D1000_G8/solution/solution-00026 
 27 3.541195480936e+10 7.184534685407e+08 768 7235 3201 15 6 7 7 8.53317661e-05 1.44116106e-04 outputs/V1e25_D1000_G8/solution/solution-00027 
 28 3.606247196815e+10 6.505171587954e+08 768 7235 3201 15 6 7 7 9.32329127e-05 1.57489304e-04 outputs/V1e25_D1000_G8/solution/solution-00028 
 29 3.665775048971e+10 5.952785215584e+08 768 7235 3201 14 6 7 7 1.00973403e-04 1.70597150e-04 outputs/V1e25_D1000_G8/solution/solution-00029 
 30 3.720729073754e+10 5.495402478292e+08 768 7235 3201 13 6 7 7 1.08546742e-04 1.83428375e-04 outputs/V1e25_D1000_G8/solution/solution-00030 
 31 3.771838941549e+10 5.110986779481e+08 768 7235 3201 13 6 7 7 1.15946533e-04 1.95971717e-04 outputs/V1e25_D1000_G8/solution/solution-00031 
 32 3.819677477246e+10 4.783853569787e+08 768 7235 3201 12 6 7 7 1.23166552e-04 2.08216056e-04 outputs/V1e25_D1000_G8/solution/solution-00032 
 33 3.864702823466e+10 4.502534621998e+08 768 7235 3201 12 6 7 7 1.30200812e-04 2.20150522e-04 outputs/V1e25_D1000_G8/solution/solution-00033 
 34 3.907287323843e+10 4.258450037615e+08 768 7235 3201 12 6 7 7 1.37043620e-04 2.31764602e-04 outputs/V1e25_D1000_G8/solution/solution-00034 
 35 3.947737849597e+10 4.045052575462e+08 768 7235 3201 11 6 7 7 1.43689620e-04 2.43048220e-04 outputs/V1e25_D1000_G8/solution/solution-00035 
 36 3.986310442382e+10 3.857259278524e+08 768 7235 3201 11 6 7 7 1.50133834e-04 2.53991815e-04 outputs/V1e25_D1000_G8/solution/solution-00036 
 37 4.023221080646e+10 3.691063826366e+08 768 7235 3201 11 6 7 7 1.56371691e-04 2.64586406e-04 outputs/V1e25_D1000_G8/solution/solution-00037 
 38 4.058653740042e+10 3.543265939574e+08 768 7235 3201 11 6 7 7 1.62399048e-04 2.74823642e-04 outputs/V1e25_D1000_G8/solution/solution-00038 
 39 4.092766525718e+10 3.411278567606e+08 768 7235 3201 11 6 7 7 1.68212209e-04 2.84695848e-04 outputs/V1e25_D1000_G8/solution/solution-00039 
 40 4.125696405288e+10 3.292987957015e+08 768 7235 3201 10 6 7 7 1.73807936e-04 2.94196061e-04 outputs/V1e25_D1000_G8/solution/solution-00040 
 41 4.157562909393e+10 3.186650410464e+08 768 7235 3201 10 5 6 6 1.79183454e-04 3.03318059e-04 outputs/V1e25_D1000_G8/solution/solution-00041 
 42 4.188471059142e+10 3.090814974952e+08 768 7235 3201 10 5 6 6 1.84336457e-04 3.12056385e-04 outputs/V1e25_D1000_G8/solution/solution-00042 
 43 4.218513706744e+10 3.004264760141e+08 768 7235 3201 10 5 6 6 1.89265102e-04 3.20406364e-04 outputs/V1e25_D1000_G8/solution/solution-00043 
 44 4.247773425220e+10 2.925971847595e+08 768 7235 3201 10 5 6 6 1.93968013e-04 3.28364119e-04 outputs/V1e25_D1000_G8/solution/solution-00044 
 45 4.276324047717e+10 2.855062249717e+08 768 7235 3201 10 5 6 6 1.98444266e-04 3.35926580e-04 outputs/V1e25_D1000_G8/solution/solution-00045 
 46 4.304231931675e+10 2.790788395820e+08 768 7235 3201 10 5 6 6 2.02693391e-04 3.43105690e-04 outputs/V1e25_D1000_G8/solution/solution-00046 
 47 4.331557004888e+10 2.732507321275e+08 768 7235 3201 10 5 6 6 2.06715354e-04 3.49892109e-04 outputs/V1e25_D1000_G8/solution/solution-00047 
 48 4.358353637128e+10 2.679663224028e+08 768 7235 3201  9 5 6 6 2.10510549e-04 3.56280215e-04 outputs/V1e25_D1000_G8/solution/solution-00048 
 49 4.384671371117e+10 2.631773398884e+08 768 7235 3201  9 5 6 6 2.14079788e-04 3.62270085e-04 outputs/V1e25_D1000_G8/solution/solution-00049 
 50 4.410555539199e+10 2.588416808194e+08 768 7235 3201  9 5 6 6 2.17424282e-04 3.67862585e-04 outputs/V1e25_D1000_G8/solution/solution-00050 
 51 4.436047786478e+10 2.549224727891e+08 768 7235 3201  9 5 6 6 2.20545634e-04 3.73059362e-04 outputs/V1e25_D1000_G8/solution/solution-00051 
 52 4.461186516879e+10 2.513873040180e+08 768 7235 3201  9 5 6 6 2.23445818e-04 3.77862835e-04 outputs/V1e25_D1000_G8/solution/solution-00052 
 53 4.486007275304e+10 2.482075842415e+08 768 7235 3201  9 5 6 6 2.26127166e-04 3.82276180e-04 outputs/V1e25_D1000_G8/solution/solution-00053 
 54 4.510543076456e+10 2.453580115242e+08 768 7235 3201  9 5 6 6 2.28592355e-04 3.86303310e-04 outputs/V1e25_D1000_G8/solution/solution-00054 
 55 4.534822814640e+10 2.427973818420e+08 768 7235 3201  9 5 6 6 2.30844220e-04 3.89948596e-04 outputs/V1e25_D1000_G8/solution/solution-00055 
 56 4.558874168012e+10 2.405135337173e+08 768 7235 3201  9 5 6 6 2.32886034e-04 3.93217315e-04 outputs/V1e25_D1000_G8/solution/solution-00056 
 57 4.582724177103e+10 2.385000909090e+08 768 7235 3201  9 5 6 6 2.34721481e-04 3.96115618e-04 outputs/V1e25_D1000_G8/solution/solution-00057 
 58 4.606398275347e+10 2.367409824365e+08 768 7235 3201  9 5 6 6 2.36354526e-04 3.98650307e-04 outputs/V1e25_D1000_G8/solution/solution-00058 
 59 4.629920453966e+10 2.352217861981e+08 768 7235 3201  9 5 6 6 2.37789393e-04 4.00828804e-04 outputs/V1e25_D1000_G8/solution/solution-00059 
 60 4.653313406539e+10 2.339295257225e+08 768 7235 3201  9 5 6 6 2.39030554e-04 4.02659125e-04 outputs/V1e25_D1000_G8/solution/solution-00060 
 61 4.676598655963e+10 2.328524942438e+08 768 7235 3201  9 5 6 6 2.40082710e-04 4.04149843e-04 outputs/V1e25_D1000_G8/solution/solution-00061 
 62 4.699796666129e+10 2.319801016560e+08 768 7235 3201  9 5 6 6 2.40950779e-04 4.05310063e-04 outputs/V1e25_D1000_G8/solution/solution-00062 
 63 4.722926940197e+10 2.313027406862e+08 768 7235 3201  9 5 6 6 2.41639876e-04 4.06149383e-04 outputs/V1e25_D1000_G8/solution/solution-00063 
 64 4.746008107122e+10 2.308116692512e+08 768 7235 3201  9 5 6 6 2.42155306e-04 4.06677860e-04 outputs/V1e25_D1000_G8/solution/solution-00064 
 65 4.769057997770e+10 2.304989064743e+08 768 7235 3201  9 5 6 6 2.42502541e-04 4.06905978e-04 outputs/V1e25_D1000_G8/solution/solution-00065 
 66 4.792093711795e+10 2.303571402551e+08 768 7235 3201  9 5 6 6 2.42687215e-04 4.06844610e-04 outputs/V1e25_D1000_G8/solution/solution-00066 
 67 4.815131676258e+10 2.303796446230e+08 768 7235 3201  9 5 6 6 2.42715105e-04 4.06504984e-04 outputs/V1e25_D1000_G8/solution/solution-00067 
 68 4.838187696796e+10 2.305602053892e+08 768 7235 3201  9 5 6 6 2.42592122e-04 4.05898641e-04 outputs/V1e25_D1000_G8/solution/solution-00068 
 69 4.861277002080e+10 2.308930528377e+08 768 7235 3201  9 5 6 6 2.42324296e-04 4.05057088e-04 outputs/V1e25_D1000_G8/solution/solution-00069 
 70 4.884414282120e+10 2.313728003973e+08 768 7235 3201  9 5 6 6 2.41917764e-04 4.03993884e-04 outputs/V1e25_D1000_G8/solution/solution-00070 
 71 4.907613720959e+10 2.319943883917e+08 768 7235 3201  9 5 6 6 2.41378763e-04 4.02698364e-04 outputs/V1e25_D1000_G8/solution/solution-00071 
 72 4.930889024170e+10 2.327530321103e+08 768 7235 3201  9 5 6 6 2.40713610e-04 4.01182857e-04 outputs/V1e25_D1000_G8/solution/solution-00072 
 73 4.954253441526e+10 2.336441735552e+08 768 7235 3201  9 5 6 6 2.39928700e-04 3.99459848e-04 outputs/V1e25_D1000_G8/solution/solution-00073 
 74 4.977719785159e+10 2.346634363288e+08 768 7235 3201  9 5 6 6 2.39030491e-04 3.97541945e-04 outputs/V1e25_D1000_G8/solution/solution-00074 
 75 5.001300443480e+10 2.358065832137e+08 768 7235 3201  9 5 6 6 2.38025490e-04 3.95441847e-04 outputs/V1e25_D1000_G8/solution/solution-00075 
 76 5.025007391088e+10 2.370694760784e+08 768 7235 3201  9 5 6 6 2.36920251e-04 3.93172311e-04 outputs/V1e25_D1000_G8/solution/solution-00076 
 77 5.048852194870e+10 2.384480378204e+08 768 7235 3201  9 5 6 6 2.35721354e-04 3.90746116e-04 outputs/V1e25_D1000_G8/solution/solution-00077 
 78 5.072846016482e+10 2.399382161199e+08 768 7235 3201  9 5 6 6 2.34435404e-04 3.88176037e-04 outputs/V1e25_D1000_G8/solution/solution-00078 
 79 5.096999611367e+10 2.415359488486e+08 768 7235 3201  9 5 6 6 2.33069015e-04 3.85474809e-04 outputs/V1e25_D1000_G8/solution/solution-00079 
 80 5.121323324470e+10 2.432371310318e+08 768 7235 3201  9 5 6 6 2.31628798e-04 3.82655101e-04 outputs/V1e25_D1000_G8/solution/solution-00080 
 81 5.145827082803e+10 2.450375833267e+08 768 7235 3201  9 5 6 6 2.30121357e-04 3.79729484e-04 outputs/V1e25_D1000_G8/solution/solution-00081 
 82 5.170520385006e+10 2.469330220301e+08 768 7235 3201  9 5 6 6 2.28553272e-04 3.76710408e-04 outputs/V1e25_D1000_G8/solution/solution-00082 
 83 5.195412288074e+10 2.489190306863e+08 768 7235 3201  9 5 6 6 2.26931087e-04 3.73610168e-04 outputs/V1e25_D1000_G8/solution/solution-00083 
 84 5.220511391416e+10 2.509910334173e+08 768 7235 3201  9 5 6 6 2.25261306e-04 3.70440883e-04 outputs/V1e25_D1000_G8/solution/solution-00084 
 85 5.245825818431e+10 2.531442701478e+08 768 7235 3201  9 5 6 6 2.23550372e-04 3.67214471e-04 outputs/V1e25_D1000_G8/solution/solution-00085 
 86 5.271363195825e+10 2.553737739414e+08 768 7235 3201  9 5 6 6 2.21804662e-04 3.63942620e-04 outputs/V1e25_D1000_G8/solution/solution-00086 
 87 5.297130630897e+10 2.576743507185e+08 768 7235 3201  9 5 6 6 2.20030471e-04 3.60636771e-04 outputs/V1e25_D1000_G8/solution/solution-00087 
 88 5.323134687061e+10 2.600405616442e+08 768 7235 3201  9 5 6 6 2.18234001e-04 3.57308087e-04 outputs/V1e25_D1000_G8/solution/solution-00088 
 89 5.349381357914e+10 2.624667085338e+08 768 7235 3201  9 5 6 6 2.16421348e-04 3.53967442e-04 outputs/V1e25_D1000_G8/solution/solution-00089 
 90 5.375875571476e+10 2.649421356162e+08 768 7235 3201  9 5 6 6 2.14598520e-04 3.50625450e-04 outputs/V1e25_D1000_G8/solution/solution-00090 
 91 5.402621773446e+10 2.674620196944e+08 768 7235 3201  9 5 6 6 2.12771384e-04 3.47292369e-04 outputs/V1e25_D1000_G8/solution/solution-00091 
 92 5.429624204604e+10 2.700243115828e+08 768 7235 3201  9 5 6 6 2.10945627e-04 3.43978044e-04 outputs/V1e25_D1000_G8/solution/solution-00092 
 93 5.456886427654e+10 2.726222305001e+08 768 7235 3201  9 5 6 6 2.09126780e-04 3.40691949e-04 outputs/V1e25_D1000_G8/solution/solution-00093 
 94 5.484411299810e+10 2.752487215576e+08 768 7235 3201  9 5 6 6 2.07320200e-04 3.37443166e-04 outputs/V1e25_D1000_G8/solution/solution-00094 
 95 5.512200946439e+10 2.778964662895e+08 768 7235 3201  9 5 6 6 2.05531059e-04 3.34240373e-04 outputs/V1e25_D1000_G8/solution/solution-00095 
 96 5.540256736294e+10 2.805578985574e+08 768 7235 3201  9 5 6 6 2.03764333e-04 3.31091826e-04 outputs/V1e25_D1000_G8/solution/solution-00096 
 97 5.568579258899e+10 2.832252260429e+08 768 7235 3201  9 5 6 6 2.02024789e-04 3.28005351e-04 outputs/V1e25_D1000_G8/solution/solution-00097 
 98 5.597168304644e+10 2.858904574509e+08 768 7235 3201  9 5 6 6 2.00316973e-04 3.24988325e-04 outputs/V1e25_D1000_G8/solution/solution-00098 
 99 5.626022848188e+10 2.885454354465e+08 768 7235 3201  9 5 6 6 1.98645200e-04 3.22047669e-04 outputs/V1e25_D1000_G8/solution/solution-00099 
100 5.655141035711e+10 2.911818752315e+08 768 7235 3201  9 5 6 6 1.97013541e-04 3.19189839e-04 outputs/V1e25_D1000_G8/solution/solution-00100 
