# 1: Time step number
# 2: Time (years)
# 3: Time step size (years)
# 4: Number of mesh cells
# 5: Number of Stokes degrees of freedom
# 6: Number of temperature degrees of freedom
# 7: Iterations for temperature solver
# 8: Iterations for Stokes solver
# 9: Velocity iterations in Stokes preconditioner
# 10: Schur complement iterations in Stokes preconditioner
# 11: RMS velocity (m/year)
# 12: Max. velocity (m/year)
# 13: Visualization file name
  0 0.000000000000e+00 0.000000000000e+00 768 7235 3201  0 8 9 9 7.94575764e-06 1.39714784e-05 outputs/V1e24_D100_G12/solution/solution-00000 
  1 1.392571516413e+09 1.392571516413e+09 768 7235 3201 31 8 9 9 1.40792335e-05 2.64138159e-05 outputs/V1e24_D100_G12/solution/solution-00001 
  2 2.785143032825e+09 1.392571516413e+09 768 7235 3201 25 8 9 9 3.39522844e-05 6.92177043e-05 outputs/V1e24_D100_G12/solution/solution-00002 
  3 4.139936346974e+09 1.354793314149e+09 768 7235 3201 25 8 9 9 1.01800526e-04 2.13916169e-04 outputs/V1e24_D100_G12/solution/solution-00003 
  4 4.578263084983e+09 4.383267380095e+08 768 7235 3201 16 8 9 9 1.67147135e-04 3.54117936e-04 outputs/V1e24_D100_G12/solution/solution-00004 
  5 4.843016985878e+09 2.647539008948e+08 768 7235 3201 13 8 9 9 2.36923791e-04 5.04772633e-04 outputs/V1e24_D100_G12/solution/solution-00005 
  6 5.028782339538e+09 1.857653536599e+08 768 7235 3201 11 7 8 8 3.09645447e-04 6.62829134e-04 outputs/V1e24_D100_G12/solution/solution-00006 
  7 5.170254905107e+09 1.414725655694e+08 768 7235 3201 11 7 8 8 3.84820164e-04 8.27529630e-04 outputs/V1e24_D100_G12/solution/solution-00007 
  8 5.283567515874e+09 1.133126107669e+08 768 7235 3201 10 7 8 8 4.62327718e-04 9.98445961e-04 outputs/V1e24_D100_G12/solution/solution-00008 
  9 5.377463433828e+09 9.389591795383e+07 768 7235 3201 10 7 8 8 5.42174496e-04 1.17486072e-03 outputs/V1e24_D100_G12/solution/solution-00009 
 10 5.457214612505e+09 7.975117867686e+07 768 7235 3201 10 6 7 7 6.24389193e-04 1.35753900e-03 outputs/V1e24_D100_G12/solution/solution-00010 
 11 5.526273773625e+09 6.905916111962e+07 768 7235 3201 10 6 7 7 7.08999400e-04 1.54475106e-03 outputs/V1e24_D100_G12/solution/solution-00011 
 12 5.586979649231e+09 6.070587560678e+07 768 7235 3201 10 6 7 7 7.95924733e-04 1.73495454e-03                                             "" 
 13 5.641000002881e+09 5.402035364937e+07 768 7235 3201 10 6 7 7 8.84982433e-04 1.92818688e-03 outputs/V1e24_D100_G12/solution/solution-00012 
 14 5.689639973155e+09 4.863997027398e+07 768 7235 3201 10 6 7 7 9.76027259e-04 2.12161025e-03                                             "" 
 15 5.733828108166e+09 4.418813501163e+07 768 7235 3201 11 6 7 7 1.06869679e-03 2.31475436e-03 outputs/V1e24_D100_G12/solution/solution-00013 
 16 5.774329165952e+09 4.050105778588e+07 768 7235 3201 11 6 7 7 1.16262936e-03 2.50548101e-03                                             "" 
 17 5.811780214495e+09 3.745104854247e+07 768 7235 3201 11 6 7 7 1.25746180e-03 2.69177901e-03 outputs/V1e24_D100_G12/solution/solution-00014 
 18 5.846618240506e+09 3.483802601154e+07 768 7235 3201 11 6 7 7 1.35254419e-03 2.88364934e-03                                             "" 
 19 5.879098651646e+09 3.248041113979e+07 768 7235 3201 12 6 7 7 1.44684310e-03 3.14512413e-03                                             "" 
 20 5.908895794414e+09 2.979714276775e+07 768 7235 3201 12 6 7 7 1.53760918e-03 3.39792123e-03 outputs/V1e24_D100_G12/solution/solution-00015 
 21 5.936492547693e+09 2.759675327871e+07 768 7235 3201 12 6 7 7 1.62459419e-03 3.64039661e-03                                             "" 
 22 5.962266772622e+09 2.577422492964e+07 768 7235 3201 12 6 7 7 1.70754594e-03 3.87110455e-03                                             "" 
 23 5.986514284422e+09 2.424751180017e+07 768 7235 3201 12 6 7 7 1.78620251e-03 4.08876794e-03                                             "" 
 24 6.009453388795e+09 2.293910437220e+07 768 7235 3201 12 6 7 7 1.86025180e-03 4.29339988e-03 outputs/V1e24_D100_G12/solution/solution-00016 
 25 6.031289230451e+09 2.183584165677e+07 768 7235 3201 12 6 7 7 1.92950346e-03 4.48503682e-03                                             "" 
 26 6.052192068885e+09 2.090283843412e+07 768 7235 3201 12 6 7 7 1.99378909e-03 4.66119834e-03                                             "" 
 27 6.072304922546e+09 2.011285366035e+07 768 7235 3201 12 6 7 7 2.05296463e-03 4.82144488e-03                                             "" 
 28 6.091749301202e+09 1.944437865643e+07 768 7235 3201 12 6 7 7 2.10691262e-03 4.96563261e-03                                             "" 
 29 6.110629567023e+09 1.888026582076e+07 768 7235 3201 12 6 7 7 2.15554429e-03 5.09650455e-03 outputs/V1e24_D100_G12/solution/solution-00017 
 30 6.129036293719e+09 1.840672669576e+07 768 7235 3201 12 6 7 7 2.19880141e-03 5.21101251e-03                                             "" 
 31 6.147046007568e+09 1.800971384954e+07 768 7235 3201 12 6 7 7 2.23665232e-03 5.30924265e-03                                             "" 
 32 6.164714632379e+09 1.766862481067e+07 768 7235 3201 12 6 7 7 2.26908257e-03 5.39136458e-03                                             "" 
 33 6.182106944933e+09 1.739231255363e+07 768 7235 3201 13 6 7 7 2.29615165e-03 5.45776455e-03                                             "" 
 34 6.199281126559e+09 1.717418162597e+07 768 7235 3201 13 6 7 7 2.31795159e-03 5.50892503e-03 outputs/V1e24_D100_G12/solution/solution-00018 
 35 6.216289886835e+09 1.700876027602e+07 768 7235 3201 13 6 7 7 2.33460666e-03 5.54541584e-03 outputs/V1e24_D100_G12/solution/solution-00019 
 36 6.233181365886e+09 1.689147905177e+07 768 7235 3201 13 6 7 7 2.34627239e-03 5.57077065e-03                                             "" 
 37 6.249999860566e+09 1.681849467937e+07 768 7235 3201 13 6 7 7 2.35313407e-03 5.58284923e-03                                             "" 
 38 6.266786408988e+09 1.678654842255e+07 768 7235 3201 13 6 7 7 2.35540457e-03 5.58206255e-03                                             "" 
 39 6.283579259978e+09 1.679285098999e+07 768 7235 3201 13 6 7 7 2.35332171e-03 5.56923313e-03                                             "" 
 40 6.300414248053e+09 1.683498807471e+07 768 7235 3201 13 6 7 7 2.34714502e-03 5.54523113e-03 outputs/V1e24_D100_G12/solution/solution-00020 
 41 6.317325090144e+09 1.691084209093e+07 768 7235 3201 13 6 7 7 2.33715216e-03 5.51096388e-03                                             "" 
 42 6.334343616941e+09 1.701852679750e+07 768 7235 3201 12 6 7 7 2.32363507e-03 5.46736512e-03                                             "" 
 43 6.351499949299e+09 1.715633235780e+07 768 7235 3201 12 6 7 7 2.30689585e-03 5.41538406e-03                                             "" 
 44 6.368822628329e+09 1.732267902966e+07 768 7235 3201 12 6 7 7 2.28724263e-03 5.35597447e-03                                             "" 
 45 6.386338706469e+09 1.751607814022e+07 768 7235 3201 12 6 7 7 2.26498551e-03 5.29008399e-03 outputs/V1e24_D100_G12/solution/solution-00021 
 46 6.404073805791e+09 1.773509932185e+07 768 7235 3201 12 6 7 7 2.24043259e-03 5.21864389e-03 outputs/V1e24_D100_G12/solution/solution-00022 
 47 6.422052149004e+09 1.797834321294e+07 768 7235 3201 12 6 7 7 2.21388642e-03 5.14255958e-03                                             "" 
 48 6.440296568006e+09 1.824441900217e+07 768 7235 3201 12 6 7 7 2.18564068e-03 5.06270197e-03                                             "" 
 49 6.458828494345e+09 1.853192633915e+07 768 7235 3201 12 6 7 7 2.15597743e-03 4.97990001e-03                                             "" 
 50 6.477667935600e+09 1.883944125470e+07 768 7235 3201 12 6 7 7 2.12516471e-03 4.89493443e-03                                             "" 
 51 6.496833441427e+09 1.916550582688e+07 768 7235 3201 12 6 7 7 2.09345469e-03 4.80853273e-03 outputs/V1e24_D100_G12/solution/solution-00023 
 52 6.516342062815e+09 1.950862138828e+07 768 7235 3201 11 6 7 7 2.06108228e-03 4.72136553e-03 outputs/V1e24_D100_G12/solution/solution-00024 
 53 6.536209307913e+09 1.986724509762e+07 768 7235 3201 11 6 7 7 2.02826415e-03 4.63404412e-03                                             "" 
 54 6.556449097611e+09 2.023978969790e+07 768 7235 3201 11 6 7 7 1.99519819e-03 4.54711931e-03                                             "" 
 55 6.577073723873e+09 2.062462626256e+07 768 7235 3201 11 6 7 7 1.96206331e-03 4.46108132e-03                                             "" 
 56 6.598093813572e+09 2.102008969838e+07 768 7235 3201 11 6 7 7 1.92901955e-03 4.37636062e-03                                             "" 
 57 6.619518300306e+09 2.142448673418e+07 768 7235 3201 11 6 7 7 1.89620848e-03 4.29332971e-03 outputs/V1e24_D100_G12/solution/solution-00025 
 58 6.641354406389e+09 2.183610608282e+07 768 7235 3201 11 6 7 7 1.86375381e-03 4.21230551e-03                                             "" 
 59 6.663607636811e+09 2.225323042201e+07 768 7235 3201 11 6 7 7 1.83176211e-03 4.13355231e-03                                             "" 
 60 6.686281786612e+09 2.267414980118e+07 768 7235 3201 11 6 7 7 1.80032378e-03 4.05728523e-03                                             "" 
 61 6.709378962660e+09 2.309717604796e+07 768 7235 3201 11 6 7 7 1.76951402e-03 3.98367378e-03 outputs/V1e24_D100_G12/solution/solution-00026 
 62 6.732899620384e+09 2.352065772399e+07 768 7235 3201 11 6 7 7 1.73939386e-03 3.91284579e-03                                             "" 
 63 6.756842615551e+09 2.394299516744e+07 768 7235 3201 11 6 7 7 1.71001134e-03 3.84530973e-03                                             "" 
 64 6.781205270714e+09 2.436265516298e+07 768 7235 3201 11 6 7 7 1.68140252e-03 3.78139229e-03                                             "" 
 65 6.805983455515e+09 2.477818480048e+07 768 7235 3201 11 6 7 7 1.65359271e-03 3.72039230e-03 outputs/V1e24_D100_G12/solution/solution-00027 
 66 6.831171679636e+09 2.518822412166e+07 768 7235 3201 11 6 7 7 1.62659747e-03 3.66230800e-03                                             "" 
 67 6.856763196845e+09 2.559151720889e+07 768 7235 3201 11 6 7 7 1.60042375e-03 3.60711527e-03                                             "" 
 68 6.882750118284e+09 2.598692143861e+07 768 7235 3201 11 6 7 7 1.57507089e-03 3.55477075e-03                                             "" 
 69 6.909123532984e+09 2.637341470051e+07 768 7235 3201 11 6 7 7 1.55053166e-03 3.50521481e-03 outputs/V1e24_D100_G12/solution/solution-00028 
 70 6.935873633451e+09 2.675010046701e+07 768 7235 3201 11 6 7 7 1.52679315e-03 3.45837425e-03                                             "" 
 71 6.962989844132e+09 2.711621068124e+07 768 7235 3201 11 6 7 7 1.50383767e-03 3.41416481e-03                                             "" 
 72 6.990460950643e+09 2.747110651047e+07 768 7235 3201 11 6 7 7 1.48164362e-03 3.37249335e-03                                             "" 
 73 7.018275227725e+09 2.781427708189e+07 768 7235 3201 11 6 7 7 1.46018620e-03 3.33325996e-03 outputs/V1e24_D100_G12/solution/solution-00029 
 74 7.046420564101e+09 2.814533637575e+07 768 7235 3201 11 6 7 7 1.43943818e-03 3.29635965e-03                                             "" 
 75 7.074884582595e+09 2.846401849464e+07 768 7235 3201 10 6 7 7 1.41937047e-03 3.26168399e-03                                             "" 
 76 7.103653860310e+09 2.876927771468e+07 768 7235 3201 10 6 7 7 1.39995331e-03 3.22912342e-03 outputs/V1e24_D100_G12/solution/solution-00030 
 77 7.132708887842e+09 2.905502753210e+07 768 7235 3201 10 6 7 7 1.38115996e-03 3.19857330e-03                                             "" 
 78 7.162037199801e+09 2.932831195929e+07 768 7235 3201 10 6 7 7 1.36295841e-03 3.16992053e-03                                             "" 
 79 7.191626506939e+09 2.958930713799e+07 768 7235 3201 10 6 7 7 1.34531683e-03 3.14305320e-03                                             "" 
 80 7.221464773679e+09 2.983826673934e+07 768 7235 3201 10 6 7 7 1.32820389e-03 3.11786123e-03 outputs/V1e24_D100_G12/solution/solution-00031 
 81 7.251540286327e+09 3.007551264866e+07 768 7235 3201 10 6 7 7 1.31158902e-03 3.09423697e-03                                             "" 
 82 7.281841712103e+09 3.030142577559e+07 768 7235 3201 10 6 7 7 1.29544266e-03 3.07211486e-03                                             "" 
 83 7.312358149252e+09 3.051643714923e+07 768 7235 3201 10 6 7 7 1.27973642e-03 3.05165655e-03 outputs/V1e24_D100_G12/solution/solution-00032 
 84 7.343079168671e+09 3.072101941916e+07 768 7235 3201 10 6 7 7 1.26444320e-03 3.03244190e-03                                             "" 
 85 7.373994847523e+09 3.091567885136e+07 768 7235 3201 10 5 6 6 1.24953734e-03 3.01437757e-03                                             "" 
 86 7.405095795491e+09 3.110094796848e+07 768 7235 3201 10 5 6 6 1.23499465e-03 2.99737398e-03 outputs/V1e24_D100_G12/solution/solution-00033 
 87 7.436373173833e+09 3.127737834199e+07 768 7235 3201 10 5 6 6 1.22079247e-03 2.98134537e-03                                             "" 
 88 7.467818708725e+09 3.144553489185e+07 768 7235 3201 10 5 6 6 1.20690969e-03 2.96620990e-03                                             "" 
 89 7.499424698623e+09 3.160598989773e+07 768 7235 3201 10 5 6 6 1.19332673e-03 2.95188958e-03                                             "" 
 90 7.531184016697e+09 3.175931807434e+07 768 7235 3201 10 5 6 6 1.18002554e-03 2.93831033e-03 outputs/V1e24_D100_G12/solution/solution-00034 
 91 7.563090108836e+09 3.190609213892e+07 768 7235 3201 10 5 6 6 1.16698956e-03 2.92540188e-03                                             "" 
 92 7.595136987775e+09 3.204687893861e+07 768 7235 3201 10 5 6 6 1.15420368e-03 2.91309776e-03                                             "" 
 93 7.627319223881e+09 3.218223610675e+07 768 7235 3201  9 5 6 6 1.14165419e-03 2.90133518e-03 outputs/V1e24_D100_G12/solution/solution-00035 
 94 7.659631933096e+09 3.231270921479e+07 768 7235 3201  9 5 6 6 1.12932869e-03 2.89005497e-03                                             "" 
 95 7.692070762482e+09 3.243882938550e+07 768 7235 3201  9 5 6 6 1.11721609e-03 2.87920148e-03                                             "" 
 96 7.724631873815e+09 3.256111133290e+07 768 7235 3201  9 5 6 6 1.10530647e-03 2.86872250e-03 outputs/V1e24_D100_G12/solution/solution-00036 
 97 7.757311925610e+09 3.268005179553e+07 768 7235 3201  9 5 6 6 1.09359106e-03 2.85856913e-03                                             "" 
 98 7.790108053941e+09 3.279612833062e+07 768 7235 3201  9 5 6 6 1.08206211e-03 2.84869566e-03                                             "" 
 99 7.823017852379e+09 3.290979843840e+07 768 7235 3201  9 5 6 6 1.07071286e-03 2.83905949e-03 outputs/V1e24_D100_G12/solution/solution-00037 
100 7.856039351366e+09 3.302149898726e+07 768 7235 3201  9 5 6 6 1.05953742e-03 2.82962097e-03                                             "" 
