# 1: Time step number
# 2: Time (years)
# 3: Time step size (years)
# 4: Number of mesh cells
# 5: Number of Stokes degrees of freedom
# 6: Number of temperature degrees of freedom
# 7: Iterations for temperature solver
# 8: Iterations for Stokes solver
# 9: Velocity iterations in Stokes preconditioner
# 10: Schur complement iterations in Stokes preconditioner
# 11: RMS velocity (m/year)
# 12: Max. velocity (m/year)
# 13: Visualization file name
  0 0.000000000000e+00 0.000000000000e+00 768 7235 3201  0 8 9 9 1.60638929e-07 2.85792740e-07 outputs/V3.3e25_D10_G8/solution/solution-00000 
  1 1.392571516413e+09 1.392571516413e+09 768 7235 3201 32 8 9 9 1.53609458e-07 2.60547273e-07 outputs/V3.3e25_D10_G8/solution/solution-00001 
  2 2.785143032825e+09 1.392571516413e+09 768 7235 3201 25 8 9 9 1.48028818e-07 2.52449547e-07 outputs/V3.3e25_D10_G8/solution/solution-00002 
  3 4.177714549238e+09 1.392571516413e+09 768 7235 3201 24 8 9 9 1.43828421e-07 2.47044575e-07 outputs/V3.3e25_D10_G8/solution/solution-00003 
  4 5.570286065650e+09 1.392571516413e+09 768 7235 3201 23 8 9 9 1.40800621e-07 2.43581660e-07 outputs/V3.3e25_D10_G8/solution/solution-00004 
  5 6.962857582063e+09 1.392571516413e+09 768 7235 3201 23 8 9 9 1.38784537e-07 2.41679845e-07 outputs/V3.3e25_D10_G8/solution/solution-00005 
  6 8.355429098476e+09 1.392571516413e+09 768 7235 3201 22 8 9 9 1.37622301e-07 2.41024176e-07 outputs/V3.3e25_D10_G8/solution/solution-00006 
  7 9.748000614888e+09 1.392571516413e+09 768 7235 3201 21 8 9 9 1.37178924e-07 2.41375963e-07 outputs/V3.3e25_D10_G8/solution/solution-00007 
  8 1.114057213130e+10 1.392571516413e+09 768 7235 3201 21 8 9 9 1.37343641e-07 2.42558219e-07 outputs/V3.3e25_D10_G8/solution/solution-00008 
  9 1.253314364771e+10 1.392571516413e+09 768 7235 3201 21 8 9 9 1.38026995e-07 2.44439443e-07 outputs/V3.3e25_D10_G8/solution/solution-00009 
 10 1.392571516413e+10 1.392571516413e+09 768 7235 3201 20 8 9 9 1.39157085e-07 2.46920838e-07 outputs/V3.3e25_D10_G8/solution/solution-00010 
 11 1.531828668054e+10 1.392571516413e+09 768 7235 3201 20 8 9 9 1.40676090e-07 2.49927145e-07 outputs/V3.3e25_D10_G8/solution/solution-00011 
 12 1.671085819695e+10 1.392571516413e+09 768 7235 3201 20 8 9 9 1.42537382e-07 2.53400236e-07 outputs/V3.3e25_D10_G8/solution/solution-00012 
 13 1.810342971336e+10 1.392571516413e+09 768 7235 3201 20 8 9 9 1.44703219e-07 2.57294639e-07 outputs/V3.3e25_D10_G8/solution/solution-00013 
 14 1.949600122978e+10 1.392571516413e+09 768 7235 3201 20 8 9 9 1.47142935e-07 2.61574386e-07 outputs/V3.3e25_D10_G8/solution/solution-00014 
 15 2.088857274619e+10 1.392571516413e+09 768 7235 3201 20 8 9 9 1.49831529e-07 2.66210767e-07 outputs/V3.3e25_D10_G8/solution/solution-00015 
 16 2.228114426260e+10 1.392571516413e+09 768 7235 3201 19 8 9 9 1.52748573e-07 2.71180706e-07 outputs/V3.3e25_D10_G8/solution/solution-00016 
 17 2.367371577901e+10 1.392571516413e+09 768 7235 3201 19 8 9 9 1.55877354e-07 2.76465573e-07 outputs/V3.3e25_D10_G8/solution/solution-00017 
 18 2.506628729543e+10 1.392571516413e+09 768 7235 3201 19 8 9 9 1.59204200e-07 2.82050296e-07 outputs/V3.3e25_D10_G8/solution/solution-00018 
 19 2.645885881184e+10 1.392571516413e+09 768 7235 3201 19 8 9 9 1.62717959e-07 2.87922708e-07 outputs/V3.3e25_D10_G8/solution/solution-00019 
 20 2.785143032825e+10 1.392571516413e+09 768 7235 3201 19 8 9 9 1.66409571e-07 2.94073032e-07 outputs/V3.3e25_D10_G8/solution/solution-00020 
 21 2.924400184466e+10 1.392571516413e+09 768 7235 3201 19 8 9 9 1.70271734e-07 3.00493502e-07 outputs/V3.3e25_D10_G8/solution/solution-00021 
 22 3.063657336108e+10 1.392571516413e+09 768 7235 3201 19 8 9 9 1.74298637e-07 3.07178055e-07 outputs/V3.3e25_D10_G8/solution/solution-00022 
 23 3.202914487749e+10 1.392571516413e+09 768 7235 3201 19 8 9 9 1.78485734e-07 3.14122094e-07 outputs/V3.3e25_D10_G8/solution/solution-00023 
 24 3.342171639390e+10 1.392571516413e+09 768 7235 3201 19 8 9 9 1.82829568e-07 3.21322297e-07 outputs/V3.3e25_D10_G8/solution/solution-00024 
 25 3.481428791032e+10 1.392571516413e+09 768 7235 3201 19 8 9 9 1.87327622e-07 3.28776457e-07 outputs/V3.3e25_D10_G8/solution/solution-00025 
 26 3.620685942673e+10 1.392571516413e+09 768 7235 3201 18 8 9 9 1.91978193e-07 3.36483361e-07 outputs/V3.3e25_D10_G8/solution/solution-00026 
 27 3.759943094314e+10 1.392571516413e+09 768 7235 3201 18 8 9 9 1.96780292e-07 3.44442681e-07 outputs/V3.3e25_D10_G8/solution/solution-00027 
 28 3.899200245955e+10 1.392571516413e+09 768 7235 3201 18 8 9 9 2.01733558e-07 3.52654882e-07 outputs/V3.3e25_D10_G8/solution/solution-00028 
 29 4.038457397597e+10 1.392571516413e+09 768 7235 3201 18 8 9 9 2.06838183e-07 3.61121151e-07 outputs/V3.3e25_D10_G8/solution/solution-00029 
 30 4.177714549238e+10 1.392571516413e+09 768 7235 3201 18 8 9 9 2.12094852e-07 3.69843332e-07 outputs/V3.3e25_D10_G8/solution/solution-00030 
 31 4.316971700879e+10 1.392571516413e+09 768 7235 3201 18 8 9 9 2.17504692e-07 3.78823866e-07 outputs/V3.3e25_D10_G8/solution/solution-00031 
 32 4.456228852520e+10 1.392571516413e+09 768 7235 3201 18 8 9 9 2.23069223e-07 3.88065751e-07 outputs/V3.3e25_D10_G8/solution/solution-00032 
 33 4.595486004162e+10 1.392571516413e+09 768 7235 3201 18 8 9 9 2.28790328e-07 3.97572492e-07 outputs/V3.3e25_D10_G8/solution/solution-00033 
 34 4.734743155803e+10 1.392571516413e+09 768 7235 3201 18 8 9 9 2.34670213e-07 4.07348070e-07 outputs/V3.3e25_D10_G8/solution/solution-00034 
 35 4.874000307444e+10 1.392571516413e+09 768 7235 3201 18 8 9 9 2.40711385e-07 4.17396910e-07 outputs/V3.3e25_D10_G8/solution/solution-00035 
 36 5.013257459085e+10 1.392571516413e+09 768 7235 3201 18 8 9 9 2.46916624e-07 4.27723853e-07 outputs/V3.3e25_D10_G8/solution/solution-00036 
 37 5.152514610727e+10 1.392571516413e+09 768 7235 3201 18 8 9 9 2.53288967e-07 4.38334131e-07 outputs/V3.3e25_D10_G8/solution/solution-00037 
 38 5.291771762368e+10 1.392571516413e+09 768 7235 3201 18 8 9 9 2.59831691e-07 4.49233350e-07 outputs/V3.3e25_D10_G8/solution/solution-00038 
 39 5.431028914009e+10 1.392571516413e+09 768 7235 3201 18 8 9 9 2.66548294e-07 4.60427468e-07 outputs/V3.3e25_D10_G8/solution/solution-00039 
 40 5.570286065650e+10 1.392571516413e+09 768 7235 3201 18 8 9 9 2.73442489e-07 4.71922785e-07 outputs/V3.3e25_D10_G8/solution/solution-00040 
 41 5.709543217292e+10 1.392571516413e+09 768 7235 3201 18 8 9 9 2.80518190e-07 4.83725923e-07 outputs/V3.3e25_D10_G8/solution/solution-00041 
 42 5.848800368933e+10 1.392571516413e+09 768 7235 3201 18 8 9 9 2.87779503e-07 4.95843824e-07 outputs/V3.3e25_D10_G8/solution/solution-00042 
 43 5.988057520574e+10 1.392571516413e+09 768 7235 3201 18 8 9 9 2.95230725e-07 5.08283735e-07 outputs/V3.3e25_D10_G8/solution/solution-00043 
 44 6.127314672215e+10 1.392571516413e+09 768 7235 3201 18 7 8 8 3.02876330e-07 5.21053200e-07 outputs/V3.3e25_D10_G8/solution/solution-00044 
 45 6.266571823857e+10 1.392571516413e+09 768 7235 3201 18 7 8 8 3.10720971e-07 5.34160062e-07 outputs/V3.3e25_D10_G8/solution/solution-00045 
 46 6.405828975498e+10 1.392571516413e+09 768 7235 3201 17 7 8 8 3.18769474e-07 5.47612447e-07 outputs/V3.3e25_D10_G8/solution/solution-00046 
 47 6.545086127139e+10 1.392571516413e+09 768 7235 3201 17 7 8 8 3.27026837e-07 5.61418773e-07 outputs/V3.3e25_D10_G8/solution/solution-00047 
 48 6.684343278781e+10 1.392571516413e+09 768 7235 3201 17 7 8 8 3.35498226e-07 5.75587739e-07 outputs/V3.3e25_D10_G8/solution/solution-00048 
 49 6.823600430422e+10 1.392571516413e+09 768 7235 3201 17 7 8 8 3.44188976e-07 5.90128328e-07 outputs/V3.3e25_D10_G8/solution/solution-00049 
 50 6.962857582063e+10 1.392571516413e+09 768 7235 3201 17 7 8 8 3.53104591e-07 6.05049806e-07 outputs/V3.3e25_D10_G8/solution/solution-00050 
 51 7.102114733704e+10 1.392571516413e+09 768 7235 3201 17 7 8 8 3.62250743e-07 6.20361725e-07 outputs/V3.3e25_D10_G8/solution/solution-00051 
 52 7.241371885346e+10 1.392571516413e+09 768 7235 3201 17 7 8 8 3.71633274e-07 6.36073919e-07 outputs/V3.3e25_D10_G8/solution/solution-00052 
 53 7.380629036987e+10 1.392571516413e+09 768 7235 3201 17 7 8 8 3.81258196e-07 6.52196514e-07 outputs/V3.3e25_D10_G8/solution/solution-00053 
 54 7.519886188628e+10 1.392571516413e+09 768 7235 3201 17 7 8 8 3.91131693e-07 6.68739925e-07 outputs/V3.3e25_D10_G8/solution/solution-00054 
 55 7.659143340269e+10 1.392571516413e+09 768 7235 3201 17 7 8 8 4.01260124e-07 6.85714862e-07 outputs/V3.3e25_D10_G8/solution/solution-00055 
 56 7.798400491911e+10 1.392571516413e+09 768 7235 3201 17 7 8 8 4.11650026e-07 7.03132335e-07 outputs/V3.3e25_D10_G8/solution/solution-00056 
 57 7.937657643552e+10 1.392571516413e+09 768 7235 3201 17 7 8 8 4.22308113e-07 7.21003657e-07 outputs/V3.3e25_D10_G8/solution/solution-00057 
 58 8.076914795193e+10 1.392571516413e+09 768 7235 3201 17 7 8 8 4.33241286e-07 7.39340449e-07 outputs/V3.3e25_D10_G8/solution/solution-00058 
 59 8.216171946834e+10 1.392571516413e+09 768 7235 3201 17 7 8 8 4.44456627e-07 7.58154646e-07 outputs/V3.3e25_D10_G8/solution/solution-00059 
 60 8.355429098476e+10 1.392571516413e+09 768 7235 3201 17 7 8 8 4.55961412e-07 7.77458507e-07 outputs/V3.3e25_D10_G8/solution/solution-00060 
 61 8.494686250117e+10 1.392571516413e+09 768 7235 3201 17 7 8 8 4.67763109e-07 7.97264614e-07 outputs/V3.3e25_D10_G8/solution/solution-00061 
 62 8.633943401758e+10 1.392571516413e+09 768 7235 3201 17 7 8 8 4.79869384e-07 8.17585885e-07 outputs/V3.3e25_D10_G8/solution/solution-00062 
 63 8.773200553399e+10 1.392571516413e+09 768 7235 3201 17 7 8 8 4.92288104e-07 8.38435579e-07 outputs/V3.3e25_D10_G8/solution/solution-00063 
 64 8.912457705041e+10 1.392571516413e+09 768 7235 3201 17 7 8 8 5.05027344e-07 8.59827304e-07 outputs/V3.3e25_D10_G8/solution/solution-00064 
 65 9.051714856682e+10 1.392571516413e+09 768 7235 3201 17 7 8 8 5.18095389e-07 8.81775024e-07 outputs/V3.3e25_D10_G8/solution/solution-00065 
 66 9.190972008323e+10 1.392571516413e+09 768 7235 3201 17 7 8 8 5.31500742e-07 9.04293069e-07 outputs/V3.3e25_D10_G8/solution/solution-00066 
 67 9.330229159964e+10 1.392571516413e+09 768 7235 3201 17 7 8 8 5.45252126e-07 9.27396141e-07 outputs/V3.3e25_D10_G8/solution/solution-00067 
 68 9.469486311606e+10 1.392571516413e+09 768 7235 3201 17 7 8 8 5.59358490e-07 9.51099328e-07 outputs/V3.3e25_D10_G8/solution/solution-00068 
 69 9.608743463247e+10 1.392571516413e+09 768 7235 3201 17 7 8 8 5.73829018e-07 9.75418106e-07 outputs/V3.3e25_D10_G8/solution/solution-00069 
 70 9.748000614888e+10 1.392571516413e+09 768 7235 3201 17 7 8 8 5.88673130e-07 1.00036836e-06 outputs/V3.3e25_D10_G8/solution/solution-00070 
 71 9.887257766530e+10 1.392571516413e+09 768 7235 3201 17 7 8 8 6.03900488e-07 1.02596637e-06 outputs/V3.3e25_D10_G8/solution/solution-00071 
 72 1.002651491817e+11 1.392571516413e+09 768 7235 3201 16 7 8 8 6.19521008e-07 1.05222885e-06 outputs/V3.3e25_D10_G8/solution/solution-00072 
 73 1.016577206981e+11 1.392571516413e+09 768 7235 3201 16 6 7 7 6.35544859e-07 1.07917296e-06 outputs/V3.3e25_D10_G8/solution/solution-00073 
 74 1.030502922145e+11 1.392571516413e+09 768 7235 3201 16 6 7 7 6.51982473e-07 1.10681627e-06 outputs/V3.3e25_D10_G8/solution/solution-00074 
 75 1.044428637309e+11 1.392571516413e+09 768 7235 3201 16 6 7 7 6.68844553e-07 1.13517684e-06 outputs/V3.3e25_D10_G8/solution/solution-00075 
 76 1.058354352474e+11 1.392571516413e+09 768 7235 3201 16 6 7 7 6.86142075e-07 1.16427316e-06 outputs/V3.3e25_D10_G8/solution/solution-00076 
 77 1.072280067638e+11 1.392571516413e+09 768 7235 3201 16 6 7 7 7.03886299e-07 1.19412422e-06 outputs/V3.3e25_D10_G8/solution/solution-00077 
 78 1.086205782802e+11 1.392571516413e+09 768 7235 3201 16 6 7 7 7.22088777e-07 1.22474950e-06 outputs/V3.3e25_D10_G8/solution/solution-00078 
 79 1.100131497966e+11 1.392571516413e+09 768 7235 3201 16 6 7 7 7.40761356e-07 1.25616898e-06 outputs/V3.3e25_D10_G8/solution/solution-00079 
 80 1.114057213130e+11 1.392571516413e+09 768 7235 3201 16 6 7 7 7.59916189e-07 1.28840314e-06 outputs/V3.3e25_D10_G8/solution/solution-00080 
 81 1.127982928294e+11 1.392571516413e+09 768 7235 3201 16 6 7 7 7.79565742e-07 1.32147300e-06 outputs/V3.3e25_D10_G8/solution/solution-00081 
 82 1.141908643458e+11 1.392571516413e+09 768 7235 3201 16 6 7 7 7.99722802e-07 1.35540013e-06 outputs/V3.3e25_D10_G8/solution/solution-00082 
 83 1.155834358622e+11 1.392571516413e+09 768 7235 3201 16 6 7 7 8.20400484e-07 1.39020664e-06 outputs/V3.3e25_D10_G8/solution/solution-00083 
 84 1.169760073787e+11 1.392571516413e+09 768 7235 3201 16 6 7 7 8.41612240e-07 1.42591522e-06 outputs/V3.3e25_D10_G8/solution/solution-00084 
 85 1.183685788951e+11 1.392571516413e+09 768 7235 3201 16 6 7 7 8.63371870e-07 1.46254913e-06 outputs/V3.3e25_D10_G8/solution/solution-00085 
 86 1.197611504115e+11 1.392571516413e+09 768 7235 3201 16 6 7 7 8.85693527e-07 1.50013224e-06 outputs/V3.3e25_D10_G8/solution/solution-00086 
 87 1.211537219279e+11 1.392571516413e+09 768 7235 3201 16 6 7 7 9.08591728e-07 1.53868904e-06 outputs/V3.3e25_D10_G8/solution/solution-00087 
 88 1.225462934443e+11 1.392571516413e+09 768 7235 3201 16 6 7 7 9.32081364e-07 1.57824463e-06 outputs/V3.3e25_D10_G8/solution/solution-00088 
 89 1.239388649607e+11 1.392571516413e+09 768 7235 3201 16 6 7 7 9.56177708e-07 1.61882477e-06 outputs/V3.3e25_D10_G8/solution/solution-00089 
 90 1.253314364771e+11 1.392571516413e+09 768 7235 3201 16 6 7 7 9.80896425e-07 1.66045587e-06 outputs/V3.3e25_D10_G8/solution/solution-00090 
 91 1.267240079935e+11 1.392571516413e+09 768 7235 3201 16 6 7 7 1.00625358e-06 1.70316505e-06 outputs/V3.3e25_D10_G8/solution/solution-00091 
 92 1.281165795100e+11 1.392571516413e+09 768 7235 3201 16 6 7 7 1.03226566e-06 1.74698008e-06 outputs/V3.3e25_D10_G8/solution/solution-00092 
 93 1.295091510264e+11 1.392571516413e+09 768 7235 3201 16 6 7 7 1.05894956e-06 1.79192948e-06 outputs/V3.3e25_D10_G8/solution/solution-00093 
 94 1.309017225428e+11 1.392571516413e+09 768 7235 3201 16 6 7 7 1.08632262e-06 1.83804248e-06 outputs/V3.3e25_D10_G8/solution/solution-00094 
 95 1.322942940592e+11 1.392571516413e+09 768 7235 3201 16 6 7 7 1.11440262e-06 1.88534907e-06 outputs/V3.3e25_D10_G8/solution/solution-00095 
 96 1.336868655756e+11 1.392571516413e+09 768 7235 3201 16 6 7 7 1.14320780e-06 1.93388002e-06 outputs/V3.3e25_D10_G8/solution/solution-00096 
 97 1.350794370920e+11 1.392571516413e+09 768 7235 3201 16 6 7 7 1.17275686e-06 1.98366686e-06 outputs/V3.3e25_D10_G8/solution/solution-00097 
 98 1.364720086084e+11 1.392571516413e+09 768 7235 3201 16 6 7 7 1.20306898e-06 2.03474196e-06 outputs/V3.3e25_D10_G8/solution/solution-00098 
 99 1.378645801248e+11 1.392571516413e+09 768 7235 3201 16 6 7 7 1.23416385e-06 2.08713850e-06 outputs/V3.3e25_D10_G8/solution/solution-00099 
100 1.392571516413e+11 1.392571516413e+09 768 7235 3201 16 6 7 7 1.26606164e-06 2.14089051e-06 outputs/V3.3e25_D10_G8/solution/solution-00100 
