# 1: Time step number
# 2: Time (years)
# 3: Time step size (years)
# 4: Number of mesh cells
# 5: Number of Stokes degrees of freedom
# 6: Number of temperature degrees of freedom
# 7: Iterations for temperature solver
# 8: Iterations for Stokes solver
# 9: Velocity iterations in Stokes preconditioner
# 10: Schur complement iterations in Stokes preconditioner
# 11: RMS velocity (m/year)
# 12: Max. velocity (m/year)
# 13: Visualization file name
  0 0.000000000000e+00 0.000000000000e+00 768 7235 3201  0 8 9 9 8.62500623e-07 4.19043308e-06 outputs/V1e25_D10000_G10/solution/solution-00000 
  1 1.392571516413e+09 1.392571516413e+09 768 7235 3201 32 8 9 9 2.45139053e-06 4.35321167e-06 outputs/V1e25_D10000_G10/solution/solution-00001 
  2 2.785143032825e+09 1.392571516413e+09 768 7235 3201 25 8 9 9 9.88983526e-06 1.75673708e-05 outputs/V1e25_D10000_G10/solution/solution-00002 
  3 4.177714549238e+09 1.392571516413e+09 768 7235 3201 25 8 9 9 3.75834765e-05 6.86132137e-05 outputs/V1e25_D10000_G10/solution/solution-00003 
  4 5.544069439158e+09 1.366354889921e+09 768 7235 3201 26 8 9 9 1.29890935e-04 2.42923572e-04 outputs/V1e25_D10000_G10/solution/solution-00004 
  5 5.930125854300e+09 3.860564151415e+08 768 7235 3201 15 8 9 9 2.03703309e-04 3.83684544e-04 outputs/V1e25_D10000_G10/solution/solution-00005 
  6 6.174468007828e+09 2.443421535284e+08 768 7235 3201 12 7 8 8 2.77659836e-04 5.25259436e-04 outputs/V1e25_D10000_G10/solution/solution-00006 
  7 6.352930229306e+09 1.784622214771e+08 768 7235 3201 11 7 8 8 3.50326416e-04 6.64854737e-04 outputs/V1e25_D10000_G10/solution/solution-00007 
  8 6.493992078914e+09 1.410618496081e+08 768 7235 3201 10 7 8 8 4.21454230e-04 8.01702145e-04 outputs/V1e25_D10000_G10/solution/solution-00008 
  9 6.610930770642e+09 1.169386917283e+08 768 7235 3201 10 6 7 7 4.91009751e-04 9.35602585e-04 outputs/V1e25_D10000_G10/solution/solution-00009 
 10 6.711157646171e+09 1.002268755289e+08 768 7235 3201 10 6 7 7 5.59132469e-04 1.06686227e-03 outputs/V1e25_D10000_G10/solution/solution-00010 
 11 6.799037462630e+09 8.787981645871e+07 768 7235 3201  9 6 7 7 6.25856158e-04 1.19521329e-03                                               "" 
 12 6.877457154540e+09 7.841969191034e+07 768 7235 3201  9 6 7 7 6.91217816e-04 1.32138059e-03 outputs/V1e25_D10000_G10/solution/solution-00011 
 13 6.948443929760e+09 7.098677522023e+07 768 7235 3201  9 6 7 7 7.55252254e-04 1.44440445e-03 outputs/V1e25_D10000_G10/solution/solution-00012 
 14 7.013349572909e+09 6.490564314844e+07 768 7235 3201  9 6 7 7 8.17851448e-04 1.56459902e-03 outputs/V1e25_D10000_G10/solution/solution-00013 
 15 7.073269078811e+09 5.991950590211e+07 768 7235 3201  9 6 7 7 8.78970281e-04 1.68160568e-03                                               "" 
 16 7.129045742444e+09 5.577666363284e+07 768 7235 3201  9 6 7 7 9.38539881e-04 1.79516502e-03 outputs/V1e25_D10000_G10/solution/solution-00014 
 17 7.181277726945e+09 5.223198450100e+07 768 7235 3201 10 6 7 7 9.96395147e-04 1.90421693e-03                                               "" 
 18 7.230485753805e+09 4.920802686084e+07 768 7235 3201 10 6 7 7 1.05240523e-03 2.01079838e-03 outputs/V1e25_D10000_G10/solution/solution-00015 
 19 7.277109991650e+09 4.662423784497e+07 768 7235 3201 10 6 7 7 1.10644441e-03 2.11268159e-03                                               "" 
 20 7.321513410413e+09 4.440341876267e+07 768 7235 3201 10 6 7 7 1.15837361e-03 2.20935042e-03 outputs/V1e25_D10000_G10/solution/solution-00016 
 21 7.363948496570e+09 4.243508615723e+07 768 7235 3201 10 6 7 7 1.20798494e-03 2.30196526e-03                                               "" 
 22 7.404674567216e+09 4.072607064560e+07 768 7235 3201 10 6 7 7 1.25512924e-03 2.38887399e-03 outputs/V1e25_D10000_G10/solution/solution-00017 
 23 7.443918997990e+09 3.924443077382e+07 768 7235 3201 10 6 7 7 1.29966350e-03 2.47017426e-03                                               "" 
 24 7.481878559809e+09 3.795956181951e+07 768 7235 3201 10 6 7 7 1.34144656e-03 2.54643688e-03                                               "" 
 25 7.518724136755e+09 3.684557694614e+07 768 7235 3201 10 6 7 7 1.38034064e-03 2.61626056e-03 outputs/V1e25_D10000_G10/solution/solution-00018 
 26 7.554568155632e+09 3.584401887673e+07 768 7235 3201 10 6 7 7 1.41617826e-03 2.67938505e-03                                               "" 
 27 7.589550397068e+09 3.498224143613e+07 768 7235 3201 10 6 7 7 1.44885173e-03 2.73577980e-03                                               "" 
 28 7.623796385908e+09 3.424598883964e+07 768 7235 3201 10 6 7 7 1.47826469e-03 2.78772781e-03 outputs/V1e25_D10000_G10/solution/solution-00019 
 29 7.657419947657e+09 3.362356174922e+07 768 7235 3201 10 6 7 7 1.50433350e-03 2.83265657e-03                                               "" 
 30 7.690525301534e+09 3.310535387680e+07 768 7235 3201 10 6 7 7 1.52698823e-03 2.87049281e-03                                               "" 
 31 7.723208798258e+09 3.268349672397e+07 768 7235 3201 10 6 7 7 1.54617348e-03 2.90119462e-03 outputs/V1e25_D10000_G10/solution/solution-00020 
 32 7.755535919893e+09 3.232712163565e+07 768 7235 3201 10 6 7 7 1.56183820e-03 2.92511755e-03                                               "" 
 33 7.787585913952e+09 3.204999405855e+07 768 7235 3201 10 6 7 7 1.57396315e-03 2.94304595e-03                                               "" 
 34 7.819440666385e+09 3.185475243273e+07 768 7235 3201 10 6 7 7 1.58254839e-03 2.95388460e-03 outputs/V1e25_D10000_G10/solution/solution-00021 
 35 7.851178534570e+09 3.173786818495e+07 768 7235 3201 10 6 7 7 1.58760835e-03 2.95771980e-03                                               "" 
 36 7.882875249023e+09 3.169671445293e+07 768 7235 3201 10 6 7 7 1.58917143e-03 2.95472407e-03                                               "" 
 37 7.914604732234e+09 3.172948321126e+07 768 7235 3201 10 6 7 7 1.58727934e-03 2.94632178e-03 outputs/V1e25_D10000_G10/solution/solution-00022 
 38 7.946439857682e+09 3.183512544785e+07 768 7235 3201 10 6 7 7 1.58198649e-03 2.93128076e-03                                               "" 
 39 7.978449273204e+09 3.200941552227e+07 768 7235 3201 10 6 7 7 1.57336048e-03 2.90978237e-03                                               "" 
 40 8.010682825267e+09 3.223355206300e+07 768 7235 3201 10 6 7 7 1.56148953e-03 2.88454663e-03 outputs/V1e25_D10000_G10/solution/solution-00023 
 41 8.043180840693e+09 3.249801542559e+07 768 7235 3201 10 6 7 7 1.54648579e-03 2.87912274e-03                                               "" 
 42 8.075748124771e+09 3.256728407828e+07 768 7235 3201 10 6 7 7 1.52862085e-03 2.86849002e-03                                               "" 
 43 8.108444241965e+09 3.269611719391e+07 768 7235 3201 10 6 7 7 1.50808704e-03 2.85292525e-03 outputs/V1e25_D10000_G10/solution/solution-00024 
 44 8.141326900109e+09 3.288265814468e+07 768 7235 3201 10 6 7 7 1.48507828e-03 2.83270510e-03                                               "" 
 45 8.174452463723e+09 3.312556361390e+07 768 7235 3201 10 6 7 7 1.45978859e-03 2.80810466e-03                                               "" 
 46 8.207875942042e+09 3.342347831910e+07 768 7235 3201 10 6 7 7 1.43241136e-03 2.77939668e-03 outputs/V1e25_D10000_G10/solution/solution-00025 
 47 8.241634383212e+09 3.375844116932e+07 768 7235 3201 10 6 7 7 1.40315340e-03 2.74686815e-03                                               "" 
 48 8.275782343260e+09 3.414796004860e+07 768 7235 3201 10 6 7 7 1.37220479e-03 2.71078877e-03                                               "" 
 49 8.310374561700e+09 3.459221843919e+07 768 7235 3201 10 6 7 7 1.33975103e-03 2.67156845e-03 outputs/V1e25_D10000_G10/solution/solution-00026 
 50 8.345466307155e+09 3.509174545529e+07 768 7235 3201 10 6 7 7 1.30597244e-03 2.62992531e-03                                               "" 
 51 8.381113707318e+09 3.564740016328e+07 768 7235 3201 10 6 7 7 1.27104359e-03 2.58546800e-03                                               "" 
 52 8.417374067149e+09 3.626035983121e+07 768 7235 3201  9 6 7 7 1.23513299e-03 2.53844138e-03 outputs/V1e25_D10000_G10/solution/solution-00027 
 53 8.454306178664e+09 3.693211151445e+07 768 7235 3201  9 6 7 7 1.19840271e-03 2.48908477e-03                                               "" 
 54 8.491970625078e+09 3.766444641441e+07 768 7235 3201  9 6 7 7 1.16100829e-03 2.43763195e-03                                               "" 
 55 8.530430081566e+09 3.845945648740e+07 768 7235 3201  9 6 7 7 1.12309860e-03 2.38431114e-03 outputs/V1e25_D10000_G10/solution/solution-00028 
 56 8.569749614376e+09 3.931953281031e+07 768 7235 3201  9 6 7 7 1.08481584e-03 2.32934503e-03                                               "" 
 57 8.609996979598e+09 4.024736522199e+07 768 7235 3201  9 6 7 7 1.04629559e-03 2.27295083e-03 outputs/V1e25_D10000_G10/solution/solution-00029 
 58 8.651242922352e+09 4.124594275369e+07 768 7235 3201  9 6 7 7 1.00766689e-03 2.21534033e-03                                               "" 
 59 8.693561476690e+09 4.231855433806e+07 768 7235 3201  9 6 7 7 9.69052378e-04 2.15671984e-03                                               "" 
 60 8.737030265935e+09 4.346878924512e+07 768 7235 3201  9 6 7 7 9.30568498e-04 2.09788983e-03 outputs/V1e25_D10000_G10/solution/solution-00030 
 61 8.781730802569e+09 4.470053663425e+07 768 7235 3201  9 6 7 7 8.92325634e-04 2.03845418e-03                                               "" 
 62 8.827748786104e+09 4.601798353492e+07 768 7235 3201  8 6 7 7 8.54428331e-04 1.97857940e-03 outputs/V1e25_D10000_G10/solution/solution-00031 
 63 8.875174396579e+09 4.742561047478e+07 768 7235 3201  8 6 7 7 8.16975479e-04 1.91845195e-03                                               "" 
 64 8.924101401532e+09 4.892700495374e+07 768 7235 3201  8 6 7 7 7.80061364e-04 1.85825384e-03 outputs/V1e25_D10000_G10/solution/solution-00032 
 65 8.974598935142e+09 5.049753361001e+07 768 7235 3201  8 6 7 7 7.43795500e-04 1.79819531e-03                                               "" 
 66 9.026767366790e+09 5.216843164778e+07 768 7235 3201  8 6 7 7 7.08260458e-04 1.73844556e-03 outputs/V1e25_D10000_G10/solution/solution-00033 
 67 9.080711714484e+09 5.394434769338e+07 768 7235 3201  8 6 7 7 6.73533539e-04 1.67916679e-03                                               "" 
 68 9.136541728141e+09 5.583001365770e+07 768 7235 3201  8 6 7 7 6.39686807e-04 1.62051387e-03 outputs/V1e25_D10000_G10/solution/solution-00034 
 69 9.194371921049e+09 5.783019290775e+07 768 7235 3201  8 6 7 7 6.06787098e-04 1.56263403e-03                                               "" 
 70 9.254321538283e+09 5.994961723386e+07 768 7235 3201  8 6 7 7 5.74895975e-04 1.50621573e-03 outputs/V1e25_D10000_G10/solution/solution-00035 
 71 9.316514449989e+09 6.219291170646e+07 768 7235 3201  8 6 7 7 5.44069632e-04 1.45151463e-03 outputs/V1e25_D10000_G10/solution/solution-00036 
 72 9.381078956474e+09 6.456450648419e+07 768 7235 3201  8 6 7 7 5.14358756e-04 1.39796091e-03                                               "" 
 73 9.448147491287e+09 6.706853481336e+07 768 7235 3201  8 6 7 7 4.85808329e-04 1.34566623e-03 outputs/V1e25_D10000_G10/solution/solution-00037 
 74 9.517856208081e+09 6.970871679399e+07 768 7235 3201  8 6 7 7 4.58457391e-04 1.29473253e-03 outputs/V1e25_D10000_G10/solution/solution-00038 
 75 9.590344437050e+09 7.248822896893e+07 768 7235 3201  8 6 7 7 4.32338776e-04 1.24525181e-03                                               "" 
 76 9.665677973292e+09 7.533353624190e+07 768 7235 3201  8 6 7 7 4.07502644e-04 1.19744729e-03 outputs/V1e25_D10000_G10/solution/solution-00039 
 77 9.743969519696e+09 7.829154640372e+07 768 7235 3201  8 6 7 7 3.83970779e-04 1.15206268e-03 outputs/V1e25_D10000_G10/solution/solution-00040 
 78 9.825345300429e+09 8.137578073381e+07 768 7235 3201  8 6 7 7 3.61752033e-04 1.10836756e-03 outputs/V1e25_D10000_G10/solution/solution-00041 
 79 9.909929154166e+09 8.458385373675e+07 768 7235 3201  8 6 7 7 3.40847641e-04 1.06640653e-03 outputs/V1e25_D10000_G10/solution/solution-00042 
 80 9.997841219046e+09 8.791206488036e+07 768 7235 3201  8 6 7 7 3.21251106e-04 1.02633701e-03                                               "" 
 81 1.008919650937e+10 9.135529032417e+07 768 7235 3201  8 6 7 7 3.02948182e-04 9.88777869e-04 outputs/V1e25_D10000_G10/solution/solution-00043 
 82 1.018410340274e+10 9.490689336451e+07 768 7235 3201  8 6 7 7 2.85917001e-04 9.52982530e-04 outputs/V1e25_D10000_G10/solution/solution-00044 
 83 1.028260442393e+10 9.850102119110e+07 768 7235 3201  8 6 7 7 2.70137003e-04 9.18971752e-04 outputs/V1e25_D10000_G10/solution/solution-00045 
 84 1.038467929362e+10 1.020748696953e+08 768 7235 3201  8 6 7 7 2.55583874e-04 8.86766396e-04 outputs/V1e25_D10000_G10/solution/solution-00046 
 85 1.049038603956e+10 1.057067459359e+08 768 7235 3201  8 5 6 6 2.42210129e-04 8.56343119e-04 outputs/V1e25_D10000_G10/solution/solution-00047 
 86 1.059976960294e+10 1.093835633816e+08 768 7235 3201  8 5 6 6 2.29963087e-04 8.28136054e-04 outputs/V1e25_D10000_G10/solution/solution-00048 
 87 1.071286078049e+10 1.130911775548e+08 768 7235 3201  8 5 6 6 2.18785801e-04 8.02295397e-04 outputs/V1e25_D10000_G10/solution/solution-00049 
 88 1.082967533596e+10 1.168145554707e+08 768 7235 3201  8 5 6 6 2.08618140e-04 7.78046626e-04 outputs/V1e25_D10000_G10/solution/solution-00050 
 89 1.095021329495e+10 1.205379589891e+08 768 7235 3201  8 5 6 6 1.99397901e-04 7.55342432e-04 outputs/V1e25_D10000_G10/solution/solution-00051 
 90 1.107445844636e+10 1.242451514100e+08 768 7235 3201  8 5 6 6 1.91061921e-04 7.34131806e-04 outputs/V1e25_D10000_G10/solution/solution-00052 
 91 1.120236858342e+10 1.279101370561e+08 768 7235 3201  8 5 6 6 1.83547651e-04 7.14362319e-04 outputs/V1e25_D10000_G10/solution/solution-00053 
 92 1.133371890724e+10 1.313503238179e+08 768 7235 3201  8 5 6 6 1.76801241e-04 6.96001041e-04 outputs/V1e25_D10000_G10/solution/solution-00054 
 93 1.146843604957e+10 1.347171423285e+08 768 7235 3201  8 5 6 6 1.70759502e-04 6.79362165e-04 outputs/V1e25_D10000_G10/solution/solution-00055 
 94 1.160643313693e+10 1.379970873648e+08 768 7235 3201  8 5 6 6 1.65362381e-04 6.64057691e-04 outputs/V1e25_D10000_G10/solution/solution-00056 
 95 1.174761062993e+10 1.411774930033e+08 768 7235 3201  8 5 6 6 1.60553387e-04 6.49928273e-04 outputs/V1e25_D10000_G10/solution/solution-00057 
 96 1.189185731664e+10 1.442466867107e+08 768 7235 3201  8 5 6 6 1.56279866e-04 6.36914014e-04 outputs/V1e25_D10000_G10/solution/solution-00058 
 97 1.203905144012e+10 1.471941234748e+08 768 7235 3201  8 5 6 6 1.52493129e-04 6.24956249e-04 outputs/V1e25_D10000_G10/solution/solution-00059 
 98 1.218906194110e+10 1.500105009784e+08 768 7235 3201  8 5 6 6 1.49148457e-04 6.13997753e-04 outputs/V1e25_D10000_G10/solution/solution-00060 
 99 1.234174979635e+10 1.526878552492e+08 768 7235 3201  8 5 6 6 1.46204995e-04 6.03982864e-04 outputs/V1e25_D10000_G10/solution/solution-00061 
100 1.249696943186e+10 1.552196355146e+08 768 7235 3201  8 5 6 6 1.43625578e-04 5.94857550e-04 outputs/V1e25_D10000_G10/solution/solution-00062 
