# 1: Time step number
# 2: Time (years)
# 3: Time step size (years)
# 4: Number of mesh cells
# 5: Number of Stokes degrees of freedom
# 6: Number of temperature degrees of freedom
# 7: Iterations for temperature solver
# 8: Iterations for Stokes solver
# 9: Velocity iterations in Stokes preconditioner
# 10: Schur complement iterations in Stokes preconditioner
# 11: RMS velocity (m/year)
# 12: Max. velocity (m/year)
# 13: Visualization file name
  0 0.000000000000e+00 0.000000000000e+00 768 7235 3201  0 8 9 9 2.00798661e-06 3.57240925e-06 outputs/V3.3e24_D10_G10/solution/solution-00000 
  1 1.392571516413e+09 1.392571516413e+09 768 7235 3201 32 8 9 9 2.16857797e-06 3.84527726e-06 outputs/V3.3e24_D10_G10/solution/solution-00001 
  2 2.785143032825e+09 1.392571516413e+09 768 7235 3201 25 8 9 9 2.56748015e-06 4.82288797e-06 outputs/V3.3e24_D10_G10/solution/solution-00002 
  3 4.177714549238e+09 1.392571516413e+09 768 7235 3201 24 8 9 9 3.38399368e-06 6.65962294e-06 outputs/V3.3e24_D10_G10/solution/solution-00003 
  4 5.570286065650e+09 1.392571516413e+09 768 7235 3201 23 8 9 9 4.91849229e-06 9.94932144e-06 outputs/V3.3e24_D10_G10/solution/solution-00004 
  5 6.962857582063e+09 1.392571516413e+09 768 7235 3201 23 8 9 9 7.73320083e-06 1.58061371e-05 outputs/V3.3e24_D10_G10/solution/solution-00005 
  6 8.355429098476e+09 1.392571516413e+09 768 7235 3201 22 8 9 9 1.29091861e-05 2.63684328e-05 outputs/V3.3e24_D10_G10/solution/solution-00006 
  7 9.748000614888e+09 1.392571516413e+09 768 7235 3201 22 8 9 9 2.25547075e-05 4.57535821e-05 outputs/V3.3e24_D10_G10/solution/solution-00007 
  8 1.114057213130e+10 1.392571516413e+09 768 7235 3201 22 8 9 9 4.08340011e-05 8.20567132e-05 outputs/V3.3e24_D10_G10/solution/solution-00008 
  9 1.228312973712e+10 1.142557605823e+09 768 7235 3201 21 8 9 9 6.87504327e-05 1.37092062e-04 outputs/V3.3e24_D10_G10/solution/solution-00009 
 10 1.296697677327e+10 6.838470361416e+08 768 7235 3201 17 7 8 8 9.65606692e-05 1.91815611e-04 outputs/V3.3e24_D10_G10/solution/solution-00010 
 11 1.345593226162e+10 4.889554883523e+08 768 7235 3201 14 7 8 8 1.24933622e-04 2.47583829e-04 outputs/V3.3e24_D10_G10/solution/solution-00011 
 12 1.383456654880e+10 3.786342871809e+08 768 7235 3201 13 7 8 8 1.53723799e-04 3.04194150e-04 outputs/V3.3e24_D10_G10/solution/solution-00012 
 13 1.414275787966e+10 3.081913308603e+08 768 7235 3201 12 7 8 8 1.82839996e-04 3.61384635e-04 outputs/V3.3e24_D10_G10/solution/solution-00013 
 14 1.440222608488e+10 2.594682052204e+08 768 7235 3201 11 6 7 7 2.12221073e-04 4.18937490e-04 outputs/V3.3e24_D10_G10/solution/solution-00014 
 15 1.462597390567e+10 2.237478207954e+08 768 7235 3201 11 6 7 7 2.41803475e-04 4.76807579e-04 outputs/V3.3e24_D10_G10/solution/solution-00015 
 16 1.482263165895e+10 1.966577532782e+08 768 7235 3201 10 6 7 7 2.71550848e-04 5.34613562e-04 outputs/V3.3e24_D10_G10/solution/solution-00016 
 17 1.499799196903e+10 1.753603100816e+08 768 7235 3201 10 6 7 7 3.01398757e-04 5.92405509e-04 outputs/V3.3e24_D10_G10/solution/solution-00017 
 18 1.515624505507e+10 1.582530860394e+08 768 7235 3201 10 6 7 7 3.31279720e-04 6.49787419e-04 outputs/V3.3e24_D10_G10/solution/solution-00018 
 19 1.530062218813e+10 1.443771330532e+08 768 7235 3201  9 6 7 7 3.61141788e-04 7.06446989e-04 outputs/V3.3e24_D10_G10/solution/solution-00019 
 20 1.543332278725e+10 1.327005991269e+08 768 7235 3201  9 6 7 7 3.90862283e-04 7.62141146e-04 outputs/V3.3e24_D10_G10/solution/solution-00020 
 21 1.555628334020e+10 1.229605529454e+08 768 7235 3201  9 6 7 7 4.20360494e-04 8.17211893e-04 outputs/V3.3e24_D10_G10/solution/solution-00021 
 22 1.567104254591e+10 1.147592057077e+08 768 7235 3201  9 6 7 7 4.49546371e-04 8.70631074e-04 outputs/V3.3e24_D10_G10/solution/solution-00022 
 23 1.577876814773e+10 1.077256018240e+08 768 7235 3201  9 6 7 7 4.78300579e-04 9.22493140e-04 outputs/V3.3e24_D10_G10/solution/solution-00023 
 24 1.588039491967e+10 1.016267719429e+08 768 7235 3201  9 6 7 7 5.06490486e-04 9.72592317e-04 outputs/V3.3e24_D10_G10/solution/solution-00024 
 25 1.597678679769e+10 9.639187801615e+07 768 7235 3201  9 6 7 7 5.34004683e-04 1.02036735e-03 outputs/V3.3e24_D10_G10/solution/solution-00025 
 26 1.606866547220e+10 9.187867451298e+07 768 7235 3201  9 6 7 7 5.60727050e-04 1.06602584e-03 outputs/V3.3e24_D10_G10/solution/solution-00026 
 27 1.615664120313e+10 8.797573092865e+07 768 7235 3201  9 6 7 7 5.86539019e-04 1.10926647e-03 outputs/V3.3e24_D10_G10/solution/solution-00027 
 28 1.624123126909e+10 8.459006596237e+07 768 7235 3201  9 6 7 7 6.11320551e-04 1.14966554e-03 outputs/V3.3e24_D10_G10/solution/solution-00028 
 29 1.632281425440e+10 8.158298530636e+07 768 7235 3201  9 6 7 7 6.34934529e-04 1.18705217e-03 outputs/V3.3e24_D10_G10/solution/solution-00029 
 30 1.640179732772e+10 7.898307331833e+07 768 7235 3201  9 6 7 7 6.57274692e-04 1.23184070e-03 outputs/V3.3e24_D10_G10/solution/solution-00030 
 31 1.647785019509e+10 7.605286736830e+07 768 7235 3201  9 6 7 7 6.78058060e-04 1.27847094e-03                                              "" 
 32 1.655111700169e+10 7.326680660608e+07 768 7235 3201  9 6 7 7 6.97178722e-04 1.32148427e-03 outputs/V3.3e24_D10_G10/solution/solution-00031 
 33 1.662199630163e+10 7.087929993827e+07 768 7235 3201  9 6 7 7 7.14630555e-04 1.36091441e-03 outputs/V3.3e24_D10_G10/solution/solution-00032 
 34 1.669083090641e+10 6.883460477703e+07 768 7235 3201  9 6 7 7 7.30415055e-04 1.39650529e-03                                              "" 
 35 1.675791840467e+10 6.708749826352e+07 768 7235 3201  9 6 7 7 7.44541673e-04 1.42827322e-03 outputs/V3.3e24_D10_G10/solution/solution-00033 
 36 1.682351935095e+10 6.560094627521e+07 768 7235 3201  9 6 7 7 7.57027859e-04 1.45626083e-03 outputs/V3.3e24_D10_G10/solution/solution-00034 
 37 1.688786372010e+10 6.434436915560e+07 768 7235 3201  9 6 7 7 7.67898919e-04 1.48053464e-03                                              "" 
 38 1.695115604661e+10 6.329232650986e+07 768 7235 3201  9 6 7 7 7.77187718e-04 1.50118263e-03 outputs/V3.3e24_D10_G10/solution/solution-00035 
 39 1.701357955193e+10 6.242350531615e+07 768 7235 3201  9 6 7 7 7.84934257e-04 1.51831192e-03 outputs/V3.3e24_D10_G10/solution/solution-00036 
 40 1.707529948389e+10 6.171993196087e+07 768 7235 3201  9 6 7 7 7.91185150e-04 1.53204635e-03                                              "" 
 41 1.713646583593e+10 6.116635204310e+07 768 7235 3201  9 5 6 6 7.95993024e-04 1.54252426e-03 outputs/V3.3e24_D10_G10/solution/solution-00037 
 42 1.719721557289e+10 6.074973695213e+07 768 7235 3201  9 5 6 6 7.99415828e-04 1.54989619e-03                                              "" 
 43 1.725767446315e+10 6.045889026146e+07 768 7235 3201  9 5 6 6 8.01516152e-04 1.55432281e-03 outputs/V3.3e24_D10_G10/solution/solution-00038 
 44 1.731795858804e+10 6.028412489559e+07 768 7235 3201  9 6 7 7 8.02360459e-04 1.55597280e-03 outputs/V3.3e24_D10_G10/solution/solution-00039 
 45 1.737817559232e+10 6.021700427404e+07 768 7235 3201  9 6 7 7 8.02018364e-04 1.55502095e-03                                              "" 
 46 1.743842571791e+10 6.025012559287e+07 768 7235 3201  9 6 7 7 8.00561858e-04 1.55164617e-03 outputs/V3.3e24_D10_G10/solution/solution-00040 
 47 1.749880266196e+10 6.037694404626e+07 768 7235 3201  9 6 7 7 7.98064602e-04 1.54602988e-03                                              "" 
 48 1.755939428463e+10 6.059162267008e+07 768 7235 3201  9 6 7 7 7.94601227e-04 1.53835427e-03 outputs/V3.3e24_D10_G10/solution/solution-00041 
 49 1.762028319238e+10 6.088890775451e+07 768 7235 3201  9 6 7 7 7.90246666e-04 1.52888643e-03 outputs/V3.3e24_D10_G10/solution/solution-00042 
 50 1.768154721545e+10 6.126402307497e+07 768 7235 3201  9 6 7 7 7.85075538e-04 1.51791267e-03                                              "" 
 51 1.774325979530e+10 6.171257984835e+07 768 7235 3201  9 6 7 7 7.79161581e-04 1.50542294e-03 outputs/V3.3e24_D10_G10/solution/solution-00043 
 52 1.780549029499e+10 6.223049969104e+07 768 7235 3201  9 6 7 7 7.72577133e-04 1.49158635e-03 outputs/V3.3e24_D10_G10/solution/solution-00044 
 53 1.786830424344e+10 6.281394844981e+07 768 7235 3201  9 6 7 7 7.65392666e-04 1.47656709e-03                                              "" 
 54 1.793176352269e+10 6.345927924767e+07 768 7235 3201  9 6 7 7 7.57676379e-04 1.46052358e-03 outputs/V3.3e24_D10_G10/solution/solution-00045 
 55 1.799592650616e+10 6.416298346352e+07 768 7235 3201  9 6 7 7 7.49493851e-04 1.44360785e-03                                              "" 
 56 1.806084815482e+10 6.492164866607e+07 768 7235 3201  9 6 7 7 7.40907733e-04 1.42596487e-03 outputs/V3.3e24_D10_G10/solution/solution-00046 
 57 1.812658007759e+10 6.573192276485e+07 768 7235 3201  9 6 7 7 7.31977517e-04 1.40773217e-03 outputs/V3.3e24_D10_G10/solution/solution-00047 
 58 1.819317056142e+10 6.659048383408e+07 768 7235 3201  8 6 7 7 7.22759334e-04 1.38903943e-03                                              "" 
 59 1.826066457664e+10 6.749401521630e+07 768 7235 3201  8 6 7 7 7.13305821e-04 1.37000825e-03 outputs/V3.3e24_D10_G10/solution/solution-00048 
 60 1.832910376226e+10 6.843918562741e+07 768 7235 3201  8 6 7 7 7.03666026e-04 1.35075198e-03 outputs/V3.3e24_D10_G10/solution/solution-00049 
 61 1.839852639633e+10 6.942263406614e+07 768 7235 3201  8 6 7 7 6.93885357e-04 1.33137563e-03                                              "" 
 62 1.846896735571e+10 7.044095938341e+07 768 7235 3201  8 6 7 7 6.84005581e-04 1.31197589e-03 outputs/V3.3e24_D10_G10/solution/solution-00050 
 63 1.854045807010e+10 7.149071439118e+07 768 7235 3201  8 6 7 7 6.74064856e-04 1.29264117e-03 outputs/V3.3e24_D10_G10/solution/solution-00051 
 64 1.861302647449e+10 7.256840438997e+07 768 7235 3201  8 6 7 7 6.64097801e-04 1.27345170e-03 outputs/V3.3e24_D10_G10/solution/solution-00052 
 65 1.868669696447e+10 7.367048997154e+07 768 7235 3201  8 6 7 7 6.54135593e-04 1.25447978e-03                                              "" 
 66 1.876149035838e+10 7.479339391139e+07 768 7235 3201  8 6 7 7 6.44206103e-04 1.23578989e-03 outputs/V3.3e24_D10_G10/solution/solution-00053 
 67 1.883742387029e+10 7.593351190889e+07 768 7235 3201  8 6 7 7 6.34334046e-04 1.21743906e-03 outputs/V3.3e24_D10_G10/solution/solution-00054 
 68 1.891451109715e+10 7.708722686454e+07 768 7235 3201  8 6 7 7 6.24541157e-04 1.19947707e-03 outputs/V3.3e24_D10_G10/solution/solution-00055 
 69 1.899275603163e+10 7.824493448267e+07 768 7235 3201  8 6 7 7 6.14847114e-04 1.18194812e-03                                              "" 
 70 1.907214952920e+10 7.939349756337e+07 768 7235 3201  8 6 7 7 6.05270066e-04 1.16489165e-03 outputs/V3.3e24_D10_G10/solution/solution-00056 
 71 1.915269348017e+10 8.054395097555e+07 768 7235 3201  8 6 7 7 5.95823893e-04 1.14833739e-03 outputs/V3.3e24_D10_G10/solution/solution-00057 
 72 1.923438634619e+10 8.169286601744e+07 768 7235 3201  8 5 6 6 5.86520300e-04 1.13230920e-03 outputs/V3.3e24_D10_G10/solution/solution-00058 
 73 1.931722327158e+10 8.283692539195e+07 768 7235 3201  8 5 6 6 5.77369041e-04 1.11682546e-03 outputs/V3.3e24_D10_G10/solution/solution-00059 
 74 1.940119621864e+10 8.397294705316e+07 768 7235 3201  8 5 6 6 5.68378132e-04 1.10189949e-03 outputs/V3.3e24_D10_G10/solution/solution-00060 
 75 1.948629412742e+10 8.509790878990e+07 768 7235 3201  8 5 6 6 5.59554064e-04 1.08753992e-03                                              "" 
 76 1.957250309721e+10 8.620896978641e+07 768 7235 3201  8 5 6 6 5.50902009e-04 1.07384022e-03 outputs/V3.3e24_D10_G10/solution/solution-00061 
 77 1.965980658817e+10 8.730349095421e+07 768 7235 3201  8 5 6 6 5.42426004e-04 1.06077172e-03 outputs/V3.3e24_D10_G10/solution/solution-00062 
 78 1.974818564076e+10 8.837905259820e+07 768 7235 3201  8 5 6 6 5.34129129e-04 1.04826527e-03 outputs/V3.3e24_D10_G10/solution/solution-00063 
 79 1.983761910992e+10 8.943346915387e+07 768 7235 3201  8 5 6 6 5.26013664e-04 1.03631467e-03 outputs/V3.3e24_D10_G10/solution/solution-00064 
 80 1.992808391060e+10 9.046480067753e+07 768 7235 3201  8 5 6 6 5.18081235e-04 1.02491096e-03 outputs/V3.3e24_D10_G10/solution/solution-00065 
 81 2.001955527148e+10 9.147136088033e+07 768 7235 3201  8 5 6 6 5.10332932e-04 1.01404277e-03 outputs/V3.3e24_D10_G10/solution/solution-00066 
 82 2.011200699309e+10 9.245172160953e+07 768 7235 3201  8 5 6 6 5.02769422e-04 1.00369667e-03 outputs/V3.3e24_D10_G10/solution/solution-00067 
 83 2.020541170688e+10 9.340471379030e+07 768 7235 3201  8 5 6 6 4.95391033e-04 9.93857432e-04 outputs/V3.3e24_D10_G10/solution/solution-00068 
 84 2.029974113182e+10 9.432942494512e+07 768 7235 3201  8 5 6 6 4.88197826e-04 9.84508370e-04                                              "" 
 85 2.039496632532e+10 9.522519350060e+07 768 7235 3201  8 5 6 6 4.81189656e-04 9.75631583e-04 outputs/V3.3e24_D10_G10/solution/solution-00069 
 86 2.049105792549e+10 9.609160017043e+07 768 7235 3201  8 5 6 6 4.74366203e-04 9.67208219e-04 outputs/V3.3e24_D10_G10/solution/solution-00070 
 87 2.058798638226e+10 9.692845676518e+07 768 7235 3201  8 5 6 6 4.67727008e-04 9.59218699e-04 outputs/V3.3e24_D10_G10/solution/solution-00071 
 88 2.068572217508e+10 9.773579282395e+07 768 7235 3201  8 5 6 6 4.61271485e-04 9.51642932e-04 outputs/V3.3e24_D10_G10/solution/solution-00072 
 89 2.078423601557e+10 9.851384048868e+07 768 7235 3201  8 5 6 6 4.54998924e-04 9.44460503e-04 outputs/V3.3e24_D10_G10/solution/solution-00073 
 90 2.088349903362e+10 9.926301804985e+07 768 7235 3201  8 5 6 6 4.48908492e-04 9.37650844e-04 outputs/V3.3e24_D10_G10/solution/solution-00074 
 91 2.098348294620e+10 9.998391258323e+07 768 7235 3201  7 5 6 6 4.42999220e-04 9.31193380e-04 outputs/V3.3e24_D10_G10/solution/solution-00075 
 92 2.108416020828e+10 1.006772620747e+08 768 7235 3201  7 5 6 6 4.37269989e-04 9.25067670e-04 outputs/V3.3e24_D10_G10/solution/solution-00076 
 93 2.118550414567e+10 1.013439373946e+08 768 7235 3201  7 5 6 6 4.31719514e-04 9.19253512e-04 outputs/V3.3e24_D10_G10/solution/solution-00077 
 94 2.128748907011e+10 1.019849244393e+08 768 7235 3201  7 5 6 6 4.26346324e-04 9.13731053e-04 outputs/V3.3e24_D10_G10/solution/solution-00078 
 95 2.139009037682e+10 1.026013067091e+08 768 7235 3201  7 5 6 6 4.21148745e-04 9.08480863e-04 outputs/V3.3e24_D10_G10/solution/solution-00079 
 96 2.149328462536e+10 1.031942485373e+08 768 7235 3201  7 5 6 6 4.16124884e-04 9.03484015e-04 outputs/V3.3e24_D10_G10/solution/solution-00080 
 97 2.159704960449e+10 1.037649791361e+08 768 7235 3201  7 5 6 6 4.11272614e-04 8.98722139e-04 outputs/V3.3e24_D10_G10/solution/solution-00081 
 98 2.170136438207e+10 1.043147775737e+08 768 7235 3201  7 5 6 6 4.06589567e-04 8.94177470e-04 outputs/V3.3e24_D10_G10/solution/solution-00082 
 99 2.180620934082e+10 1.048449587539e+08 768 7235 3201  7 5 6 6 4.02073132e-04 8.89832894e-04 outputs/V3.3e24_D10_G10/solution/solution-00083 
100 2.191156620125e+10 1.053568604289e+08 768 7235 3201  7 5 6 6 3.97720451e-04 8.85671971e-04 outputs/V3.3e24_D10_G10/solution/solution-00084 
