# 1: Time step number
# 2: Time (years)
# 3: Time step size (years)
# 4: Number of mesh cells
# 5: Number of Stokes degrees of freedom
# 6: Number of temperature degrees of freedom
# 7: Iterations for temperature solver
# 8: Iterations for Stokes solver
# 9: Velocity iterations in Stokes preconditioner
# 10: Schur complement iterations in Stokes preconditioner
# 11: RMS velocity (m/year)
# 12: Max. velocity (m/year)
# 13: Visualization file name
  0 0.000000000000e+00 0.000000000000e+00 768 7235 3201  0 8 9 9 2.65054232e-06 4.71558021e-06 outputs/V1e24_D10_G4/solution/solution-00000 
  1 1.392571516413e+09 1.392571516413e+09 768 7235 3201 32 8 9 9 2.97708709e-06 5.34828722e-06 outputs/V1e24_D10_G4/solution/solution-00001 
  2 2.785143032825e+09 1.392571516413e+09 768 7235 3201 25 8 9 9 3.78191338e-06 7.27551320e-06 outputs/V1e24_D10_G4/solution/solution-00002 
  3 4.177714549238e+09 1.392571516413e+09 768 7235 3201 24 8 9 9 5.52467955e-06 1.11636651e-05 outputs/V1e24_D10_G4/solution/solution-00003 
  4 5.570286065650e+09 1.392571516413e+09 768 7235 3201 23 8 9 9 9.11283625e-06 1.88500861e-05 outputs/V1e24_D10_G4/solution/solution-00004 
  5 6.962857582063e+09 1.392571516413e+09 768 7235 3201 23 8 9 9 1.64910799e-05 3.42660590e-05 outputs/V1e24_D10_G4/solution/solution-00005 
  6 8.355429098476e+09 1.392571516413e+09 768 7235 3201 22 8 9 9 3.19529316e-05 6.59634746e-05 outputs/V1e24_D10_G4/solution/solution-00006 
  7 9.748000614888e+09 1.392571516413e+09 768 7235 3201 23 8 9 9 6.52046441e-05 1.33227416e-04 outputs/V1e24_D10_G4/solution/solution-00007 
  8 1.045168460846e+10 7.036839935682e+08 768 7235 3201 18 8 9 9 9.83973530e-05 2.00237605e-04 outputs/V1e24_D10_G4/solution/solution-00008 
  9 1.092012921840e+10 4.684446099422e+08 768 7235 3201 14 7 8 8 1.32702989e-04 2.69504640e-04 outputs/V1e24_D10_G4/solution/solution-00009 
 10 1.126799047335e+10 3.478612549476e+08 768 7235 3201 13 7 8 8 1.67828066e-04 3.40566854e-04 outputs/V1e24_D10_G4/solution/solution-00010 
 11 1.154326682225e+10 2.752763489004e+08 768 7235 3201 12 7 8 8 2.03598566e-04 4.12966313e-04 outputs/V1e24_D10_G4/solution/solution-00011 
 12 1.177037973124e+10 2.271129089915e+08 768 7235 3201 11 6 7 7 2.39935369e-04 4.86377173e-04 outputs/V1e24_D10_G4/solution/solution-00012 
 13 1.196311487435e+10 1.927351431117e+08 768 7235 3201 10 6 7 7 2.76748120e-04 5.60684143e-04 outputs/V1e24_D10_G4/solution/solution-00013 
 14 1.213032131519e+10 1.672064408417e+08 768 7235 3201 10 6 7 7 3.13996561e-04 6.35591804e-04 outputs/V1e24_D10_G4/solution/solution-00014 
 15 1.227782164396e+10 1.475003287664e+08 768 7235 3201 10 6 7 7 3.51612269e-04 7.10878432e-04 outputs/V1e24_D10_G4/solution/solution-00015 
 16 1.240973671172e+10 1.319150677593e+08 768 7235 3201  9 6 7 7 3.89522357e-04 7.85720906e-04 outputs/V1e24_D10_G4/solution/solution-00016 
 17 1.252900412970e+10 1.192674179819e+08 768 7235 3201  9 6 7 7 4.27614926e-04 8.60791714e-04 outputs/V1e24_D10_G4/solution/solution-00017 
 18 1.263798004307e+10 1.089759133664e+08 768 7235 3201  9 6 7 7 4.65811473e-04 9.34681549e-04 outputs/V1e24_D10_G4/solution/solution-00018 
 19 1.273828158440e+10 1.003015413302e+08 768 7235 3201  9 6 7 7 5.03939866e-04 1.00766433e-03 outputs/V1e24_D10_G4/solution/solution-00019 
 20 1.283131851904e+10 9.303693464335e+07 768 7235 3201  9 6 7 7 5.41865404e-04 1.07878528e-03 outputs/V1e24_D10_G4/solution/solution-00020 
 21 1.291824141089e+10 8.692289184641e+07 768 7235 3201  9 6 7 7 5.79448007e-04 1.14830495e-03 outputs/V1e24_D10_G4/solution/solution-00021 
 22 1.299994385140e+10 8.170244051686e+07 768 7235 3201  9 6 7 7 6.16514518e-04 1.21507639e-03                                           "" 
 23 1.307710383234e+10 7.715998094135e+07 768 7235 3201  9 6 7 7 6.52852375e-04 1.27870714e-03 outputs/V1e24_D10_G4/solution/solution-00022 
 24 1.315037834181e+10 7.327450946175e+07 768 7235 3201  9 6 7 7 6.88287427e-04 1.33997412e-03 outputs/V1e24_D10_G4/solution/solution-00023 
 25 1.322031797914e+10 6.993963733401e+07 768 7235 3201  9 6 7 7 7.22638259e-04 1.39799611e-03 outputs/V1e24_D10_G4/solution/solution-00024 
 26 1.328738990892e+10 6.707192978478e+07 768 7235 3201  9 6 7 7 7.55719814e-04 1.47586922e-03                                           "" 
 27 1.335096198826e+10 6.357207933060e+07 768 7235 3201  9 6 7 7 7.86847016e-04 1.55003222e-03 outputs/V1e24_D10_G4/solution/solution-00025 
 28 1.341147457056e+10 6.051258230513e+07 768 7235 3201  9 6 7 7 8.15921193e-04 1.61932952e-03 outputs/V1e24_D10_G4/solution/solution-00026 
 29 1.346938186881e+10 5.790729824662e+07 768 7235 3201  9 6 7 7 8.42903639e-04 1.68359554e-03                                           "" 
 30 1.352506496483e+10 5.568309602038e+07 768 7235 3201  9 6 7 7 8.67764517e-04 1.74271325e-03 outputs/V1e24_D10_G4/solution/solution-00027 
 31 1.357884715965e+10 5.378219482564e+07 768 7235 3201  9 6 7 7 8.90484025e-04 1.79661161e-03                                           "" 
 32 1.363100556095e+10 5.215840129562e+07 768 7235 3201 10 6 7 7 9.11053086e-04 1.84526253e-03 outputs/V1e24_D10_G4/solution/solution-00028 
 33 1.368177996994e+10 5.077440898746e+07 768 7235 3201 10 6 7 7 9.29473718e-04 1.88867744e-03                                           "" 
 34 1.373137978620e+10 4.959981626141e+07 768 7235 3201 10 6 7 7 9.45759167e-04 1.92690402e-03 outputs/V1e24_D10_G4/solution/solution-00029 
 35 1.377998943238e+10 4.860964618171e+07 768 7235 3201 10 6 7 7 9.59933831e-04 1.96031357e-03                                           "" 
 36 1.382777265760e+10 4.778322522519e+07 768 7235 3201 10 6 7 7 9.72032977e-04 1.98879019e-03 outputs/V1e24_D10_G4/solution/solution-00030 
 37 1.387487598053e+10 4.710332292216e+07 768 7235 3201 10 6 7 7 9.82102284e-04 2.01233563e-03                                           "" 
 38 1.392143146454e+10 4.655548401732e+07 768 7235 3201 10 6 7 7 9.90197233e-04 2.03111200e-03 outputs/V1e24_D10_G4/solution/solution-00031 
 39 1.396755896903e+10 4.612750448313e+07 768 7235 3201 10 6 7 7 9.96382346e-04 2.04530388e-03                                           "" 
 40 1.401336798527e+10 4.580901624694e+07 768 7235 3201 10 6 7 7 1.00073032e-03 2.05511528e-03 outputs/V1e24_D10_G4/solution/solution-00032 
 41 1.405895914020e+10 4.559115492832e+07 768 7235 3201 10 6 7 7 1.00332109e-03 2.06076659e-03                                           "" 
 42 1.410442543177e+10 4.546629156547e+07 768 7235 3201 10 6 7 7 1.00424077e-03 2.06249164e-03 outputs/V1e24_D10_G4/solution/solution-00033 
 43 1.414985324588e+10 4.542781410797e+07 768 7235 3201 10 6 7 7 1.00358066e-03 2.06053486e-03                                           "" 
 44 1.419532319382e+10 4.546994794087e+07 768 7235 3201 10 6 7 7 1.00143613e-03 2.05514853e-03                                           "" 
 45 1.424091080109e+10 4.558760726869e+07 768 7235 3201  9 6 7 7 9.97905595e-04 2.04659013e-03 outputs/V1e24_D10_G4/solution/solution-00034 
 46 1.428668707218e+10 4.577627109198e+07 768 7235 3201  9 6 7 7 9.93089490e-04 2.03511990e-03                                           "" 
 47 1.433271895112e+10 4.603187893903e+07 768 7235 3201  9 6 7 7 9.87089266e-04 2.02099842e-03 outputs/V1e24_D10_G4/solution/solution-00035 
 48 1.437906969372e+10 4.635074259955e+07 768 7235 3201  9 6 7 7 9.80006479e-04 2.00448452e-03                                           "" 
 49 1.442579916465e+10 4.672947093835e+07 768 7235 3201  9 6 7 7 9.71941930e-04 1.98594991e-03 outputs/V1e24_D10_G4/solution/solution-00036 
 50 1.447296407017e+10 4.716490551253e+07 768 7235 3201  9 6 7 7 9.62994873e-04 1.96572018e-03                                           "" 
 51 1.452061813539e+10 4.765406522044e+07 768 7235 3201  9 6 7 7 9.53262316e-04 1.94385741e-03 outputs/V1e24_D10_G4/solution/solution-00037 
 52 1.456881223400e+10 4.819409861216e+07 768 7235 3201  9 6 7 7 9.42838383e-04 1.92059205e-03                                           "" 
 53 1.461759447681e+10 4.878224281041e+07 768 7235 3201  9 6 7 7 9.31813781e-04 1.89614529e-03 outputs/V1e24_D10_G4/solution/solution-00038 
 54 1.466701026506e+10 4.941578824866e+07 768 7235 3201  9 6 7 7 9.20275324e-04 1.87072807e-03                                           "" 
 55 1.471710231370e+10 5.009204863978e+07 768 7235 3201  9 6 7 7 9.08305556e-04 1.84454027e-03 outputs/V1e24_D10_G4/solution/solution-00039 
 56 1.476791064945e+10 5.080833575410e+07 768 7235 3201  9 6 7 7 8.95982438e-04 1.81777009e-03                                           "" 
 57 1.481947258817e+10 5.156193871633e+07 768 7235 3201  9 6 7 7 8.83379110e-04 1.79059360e-03 outputs/V1e24_D10_G4/solution/solution-00040 
 58 1.487182269580e+10 5.235010762936e+07 768 7235 3201  9 6 7 7 8.70563727e-04 1.76317443e-03                                           "" 
 59 1.492499273720e+10 5.317004140384e+07 768 7235 3201  9 6 7 7 8.57599357e-04 1.73566363e-03 outputs/V1e24_D10_G4/solution/solution-00041 
 60 1.497901161692e+10 5.401887971630e+07 768 7235 3201  9 6 7 7 8.44543932e-04 1.70819965e-03                                           "" 
 61 1.503390531596e+10 5.489369903728e+07 768 7235 3201  9 6 7 7 8.31450270e-04 1.68090840e-03 outputs/V1e24_D10_G4/solution/solution-00042 
 62 1.508969682862e+10 5.579151266662e+07 768 7235 3201  9 6 7 7 8.18366132e-04 1.65390347e-03                                           "" 
 63 1.514640610331e+10 5.670927468674e+07 768 7235 3201  9 6 7 7 8.05334337e-04 1.62728643e-03 outputs/V1e24_D10_G4/solution/solution-00043 
 64 1.520404999101e+10 5.764388769974e+07 768 7235 3201  9 6 7 7 7.92392911e-04 1.60114717e-03 outputs/V1e24_D10_G4/solution/solution-00044 
 65 1.526264220516e+10 5.859221415390e+07 768 7235 3201  9 6 7 7 7.79575276e-04 1.57556433e-03                                           "" 
 66 1.532219329615e+10 5.955109099278e+07 768 7235 3201  9 6 7 7 7.66910469e-04 1.55060577e-03 outputs/V1e24_D10_G4/solution/solution-00045 
 67 1.538271064344e+10 6.051734728195e+07 768 7235 3201  9 6 7 7 7.54423387e-04 1.52632910e-03                                           "" 
 68 1.544419846783e+10 6.148782438818e+07 768 7235 3201  8 6 7 7 7.42135055e-04 1.50278226e-03 outputs/V1e24_D10_G4/solution/solution-00046 
 69 1.550664487139e+10 6.244640356290e+07 768 7235 3201  8 6 7 7 7.30065374e-04 1.48000867e-03 outputs/V1e24_D10_G4/solution/solution-00047 
 70 1.557004174546e+10 6.339687407511e+07 768 7235 3201  8 6 7 7 7.18229351e-04 1.45803999e-03                                           "" 
 71 1.563438323439e+10 6.434148893028e+07 768 7235 3201  8 6 7 7 7.06637919e-04 1.43689786e-03 outputs/V1e24_D10_G4/solution/solution-00048 
 72 1.569966066966e+10 6.527743526907e+07 768 7235 3201  8 6 7 7 6.95299302e-04 1.41659663e-03                                           "" 
 73 1.576586271540e+10 6.620204573641e+07 768 7235 3201  8 6 7 7 6.84219315e-04 1.39714391e-03 outputs/V1e24_D10_G4/solution/solution-00049 
 74 1.583297553596e+10 6.711282055826e+07 768 7235 3201  8 6 7 7 6.73401667e-04 1.37854123e-03 outputs/V1e24_D10_G4/solution/solution-00050 
 75 1.590098298349e+10 6.800744753351e+07 768 7235 3201  8 5 6 6 6.62848241e-04 1.36098725e-03 outputs/V1e24_D10_G4/solution/solution-00051 
 76 1.596986680313e+10 6.888381964151e+07 768 7235 3201  8 5 6 6 6.52559370e-04 1.34427781e-03                                           "" 
 77 1.603960685196e+10 6.974004882542e+07 768 7235 3201  8 5 6 6 6.42534084e-04 1.32838389e-03 outputs/V1e24_D10_G4/solution/solution-00052 
 78 1.611018133018e+10 7.057447821821e+07 768 7235 3201  8 5 6 6 6.32770343e-04 1.31328843e-03 outputs/V1e24_D10_G4/solution/solution-00053 
 79 1.618156701938e+10 7.138568920163e+07 768 7235 3201  8 5 6 6 6.23265251e-04 1.29897111e-03                                           "" 
 80 1.625373952513e+10 7.217250575035e+07 768 7235 3201  8 5 6 6 6.14015240e-04 1.28540881e-03 outputs/V1e24_D10_G4/solution/solution-00054 
 81 1.632667352020e+10 7.293399506925e+07 768 7235 3201  8 5 6 6 6.05016240e-04 1.27257610e-03 outputs/V1e24_D10_G4/solution/solution-00055 
 82 1.640034298501e+10 7.366946481471e+07 768 7235 3201  8 5 6 6 5.96263816e-04 1.26044561e-03 outputs/V1e24_D10_G4/solution/solution-00056 
 83 1.647472144212e+10 7.437845711197e+07 768 7235 3201  8 5 6 6 5.87753294e-04 1.24898849e-03                                           "" 
 84 1.654978218178e+10 7.506073965847e+07 768 7235 3201  8 5 6 6 5.79479860e-04 1.23817470e-03 outputs/V1e24_D10_G4/solution/solution-00057 
 85 1.662549847605e+10 7.571629426367e+07 768 7235 3201  8 5 6 6 5.71438639e-04 1.22797338e-03 outputs/V1e24_D10_G4/solution/solution-00058 
 86 1.670184377927e+10 7.634530322012e+07 768 7235 3201  8 5 6 6 5.63624758e-04 1.21835313e-03 outputs/V1e24_D10_G4/solution/solution-00059 
 87 1.677879191319e+10 7.694813392795e+07 768 7235 3201  8 5 6 6 5.56033394e-04 1.20928230e-03                                           "" 
 88 1.685631723540e+10 7.752532220550e+07 768 7235 3201  8 5 6 6 5.48659805e-04 1.20072920e-03 outputs/V1e24_D10_G4/solution/solution-00060 
 89 1.693439479011e+10 7.807755471467e+07 768 7235 3201  8 5 6 6 5.41499349e-04 1.19266235e-03 outputs/V1e24_D10_G4/solution/solution-00061 
 90 1.701300044103e+10 7.860565091177e+07 768 7235 3201  8 5 6 6 5.34547492e-04 1.18505062e-03 outputs/V1e24_D10_G4/solution/solution-00062 
 91 1.709211098593e+10 7.911054490573e+07 768 7235 3201  7 5 6 6 5.27799809e-04 1.17786344e-03                                           "" 
 92 1.717170425350e+10 7.959326756748e+07 768 7235 3201  7 5 6 6 5.21251974e-04 1.17107093e-03 outputs/V1e24_D10_G4/solution/solution-00063 
 93 1.725175918269e+10 8.005492918959e+07 768 7235 3201  7 5 6 6 5.14899749e-04 1.16464397e-03 outputs/V1e24_D10_G4/solution/solution-00064 
 94 1.733225588563e+10 8.049670294623e+07 768 7235 3201  7 5 6 6 5.08738963e-04 1.15855439e-03 outputs/V1e24_D10_G4/solution/solution-00065 
 95 1.741317569499e+10 8.091980935296e+07 768 7235 3201  7 5 6 6 5.02765495e-04 1.15277493e-03 outputs/V1e24_D10_G4/solution/solution-00066 
 96 1.749450119686e+10 8.132550187428e+07 768 7235 3201  7 5 6 6 4.96975250e-04 1.14727943e-03                                           "" 
 97 1.757621625064e+10 8.171505377859e+07 768 7235 3201  7 5 6 6 4.91364136e-04 1.14204275e-03 outputs/V1e24_D10_G4/solution/solution-00067 
 98 1.765830599693e+10 8.208974629427e+07 768 7235 3201  7 5 6 6 4.85928048e-04 1.13704093e-03 outputs/V1e24_D10_G4/solution/solution-00068 
 99 1.774075685501e+10 8.245085807986e+07 768 7235 3201  7 5 6 6 4.80662846e-04 1.13225108e-03 outputs/V1e24_D10_G4/solution/solution-00069 
100 1.782355651100e+10 8.279965598647e+07 768 7235 3201  7 5 6 6 4.75564343e-04 1.12765151e-03 outputs/V1e24_D10_G4/solution/solution-00070 
