# 1: Time step number
# 2: Time (years)
# 3: Time step size (years)
# 4: Number of mesh cells
# 5: Number of Stokes degrees of freedom
# 6: Number of temperature degrees of freedom
# 7: Iterations for temperature solver
# 8: Iterations for Stokes solver
# 9: Velocity iterations in Stokes preconditioner
# 10: Schur complement iterations in Stokes preconditioner
# 11: RMS velocity (m/year)
# 12: Max. velocity (m/year)
# 13: Visualization file name
  0 0.000000000000e+00 0.000000000000e+00 768 7235 3201  0 8 9 9 3.96735211e-09 6.81747010e-09 outputs/V1e27_D300_G6/solution/solution-00000 
  1 1.392571516413e+09 1.392571516413e+09 768 7235 3201 31 8 9 9 3.76023892e-09 6.34133724e-09 outputs/V1e27_D300_G6/solution/solution-00001 
  2 2.785143032825e+09 1.392571516413e+09 768 7235 3201 25 8 9 9 3.56520104e-09 6.01573558e-09 outputs/V1e27_D300_G6/solution/solution-00002 
  3 4.177714549238e+09 1.392571516413e+09 768 7235 3201 24 8 9 9 3.38096456e-09 5.70578978e-09 outputs/V1e27_D300_G6/solution/solution-00003 
  4 5.570286065650e+09 1.392571516413e+09 768 7235 3201 23 8 9 9 3.20632738e-09 5.41188749e-09 outputs/V1e27_D300_G6/solution/solution-00004 
  5 6.962857582063e+09 1.392571516413e+09 768 7235 3201 22 8 9 9 3.04095925e-09 5.13347584e-09 outputs/V1e27_D300_G6/solution/solution-00005 
  6 8.355429098476e+09 1.392571516413e+09 768 7235 3201 22 8 9 9 2.88437578e-09 4.86975569e-09 outputs/V1e27_D300_G6/solution/solution-00006 
  7 9.748000614888e+09 1.392571516413e+09 768 7235 3201 21 8 9 9 2.73608255e-09 4.61990143e-09 outputs/V1e27_D300_G6/solution/solution-00007 
  8 1.114057213130e+10 1.392571516413e+09 768 7235 3201 21 8 9 9 2.59560527e-09 4.38312475e-09 outputs/V1e27_D300_G6/solution/solution-00008 
  9 1.253314364771e+10 1.392571516413e+09 768 7235 3201 20 8 9 9 2.46249854e-09 4.15868893e-09 outputs/V1e27_D300_G6/solution/solution-00009 
 10 1.392571516413e+10 1.392571516413e+09 768 7235 3201 20 8 9 9 2.33634689e-09 3.94590832e-09 outputs/V1e27_D300_G6/solution/solution-00010 
 11 1.531828668054e+10 1.392571516413e+09 768 7235 3201 20 8 9 9 2.21676297e-09 3.74414399e-09 outputs/V1e27_D300_G6/solution/solution-00011 
 12 1.671085819695e+10 1.392571516413e+09 768 7235 3201 20 8 9 9 2.10338525e-09 3.55279915e-09 outputs/V1e27_D300_G6/solution/solution-00012 
 13 1.810342971336e+10 1.392571516413e+09 768 7235 3201 20 8 9 9 1.99587567e-09 3.37131491e-09 outputs/V1e27_D300_G6/solution/solution-00013 
 14 1.949600122978e+10 1.392571516413e+09 768 7235 3201 19 8 9 9 1.89391750e-09 3.19916670e-09 outputs/V1e27_D300_G6/solution/solution-00014 
 15 2.088857274619e+10 1.392571516413e+09 768 7235 3201 19 8 9 9 1.79721354e-09 3.03586129e-09 outputs/V1e27_D300_G6/solution/solution-00015 
 16 2.228114426260e+10 1.392571516413e+09 768 7235 3201 19 8 9 9 1.70548443e-09 2.88093416e-09 outputs/V1e27_D300_G6/solution/solution-00016 
 17 2.367371577901e+10 1.392571516413e+09 768 7235 3201 19 8 9 9 1.61846729e-09 2.73394730e-09 outputs/V1e27_D300_G6/solution/solution-00017 
 18 2.506628729543e+10 1.392571516413e+09 768 7235 3201 19 8 9 9 1.53591441e-09 2.59448726e-09 outputs/V1e27_D300_G6/solution/solution-00018 
 19 2.645885881184e+10 1.392571516413e+09 768 7235 3201 19 8 9 9 1.45759217e-09 2.46216340e-09 outputs/V1e27_D300_G6/solution/solution-00019 
 20 2.785143032825e+10 1.392571516413e+09 768 7235 3201 19 8 9 9 1.38328002e-09 2.33660642e-09 outputs/V1e27_D300_G6/solution/solution-00020 
 21 2.924400184466e+10 1.392571516413e+09 768 7235 3201 19 8 9 9 1.31276962e-09 2.21746696e-09 outputs/V1e27_D300_G6/solution/solution-00021 
 22 3.063657336108e+10 1.392571516413e+09 768 7235 3201 18 8 9 9 1.24586402e-09 2.10441433e-09 outputs/V1e27_D300_G6/solution/solution-00022 
 23 3.202914487749e+10 1.392571516413e+09 768 7235 3201 18 8 9 9 1.18237691e-09 1.99713541e-09 outputs/V1e27_D300_G6/solution/solution-00023 
 24 3.342171639390e+10 1.392571516413e+09 768 7235 3201 18 8 9 9 1.12213202e-09 1.89533362e-09 outputs/V1e27_D300_G6/solution/solution-00024 
 25 3.481428791032e+10 1.392571516413e+09 768 7235 3201 18 8 9 9 1.06496245e-09 1.79872792e-09 outputs/V1e27_D300_G6/solution/solution-00025 
 26 3.620685942673e+10 1.392571516413e+09 768 7235 3201 18 8 9 9 1.01071014e-09 1.70705198e-09 outputs/V1e27_D300_G6/solution/solution-00026 
 27 3.759943094314e+10 1.392571516413e+09 768 7235 3201 18 8 9 9 9.59225357e-10 1.62005332e-09 outputs/V1e27_D300_G6/solution/solution-00027 
 28 3.899200245955e+10 1.392571516413e+09 768 7235 3201 18 8 9 9 9.10366223e-10 1.53749256e-09 outputs/V1e27_D300_G6/solution/solution-00028 
 29 4.038457397597e+10 1.392571516413e+09 768 7235 3201 18 8 9 9 8.63998259e-10 1.45914272e-09 outputs/V1e27_D300_G6/solution/solution-00029 
 30 4.177714549238e+10 1.392571516413e+09 768 7235 3201 18 8 9 9 8.19993982e-10 1.38478853e-09 outputs/V1e27_D300_G6/solution/solution-00030 
 31 4.316971700879e+10 1.392571516413e+09 768 7235 3201 18 8 9 9 7.78232522e-10 1.31422580e-09 outputs/V1e27_D300_G6/solution/solution-00031 
 32 4.456228852520e+10 1.392571516413e+09 768 7235 3201 18 8 9 9 7.38599260e-10 1.24726086e-09 outputs/V1e27_D300_G6/solution/solution-00032 
 33 4.595486004162e+10 1.392571516413e+09 768 7235 3201 18 8 9 9 7.00985491e-10 1.18371000e-09 outputs/V1e27_D300_G6/solution/solution-00033 
 34 4.734743155803e+10 1.392571516413e+09 768 7235 3201 18 8 9 9 6.65288112e-10 1.12339891e-09 outputs/V1e27_D300_G6/solution/solution-00034 
 35 4.874000307444e+10 1.392571516413e+09 768 7235 3201 18 8 9 9 6.31409319e-10 1.06616223e-09 outputs/V1e27_D300_G6/solution/solution-00035 
 36 5.013257459085e+10 1.392571516413e+09 768 7235 3201 18 8 9 9 5.99256332e-10 1.01184307e-09 outputs/V1e27_D300_G6/solution/solution-00036 
 37 5.152514610727e+10 1.392571516413e+09 768 7235 3201 18 8 9 9 5.68741129e-10 9.60292582e-10 outputs/V1e27_D300_G6/solution/solution-00037 
 38 5.291771762368e+10 1.392571516413e+09 768 7235 3201 17 8 9 9 5.39780198e-10 9.11369511e-10 outputs/V1e27_D300_G6/solution/solution-00038 
 39 5.431028914009e+10 1.392571516413e+09 768 7235 3201 17 8 9 9 5.12294303e-10 8.64939837e-10 outputs/V1e27_D300_G6/solution/solution-00039 
 40 5.570286065650e+10 1.392571516413e+09 768 7235 3201 17 8 9 9 4.86208258e-10 8.20876388e-10 outputs/V1e27_D300_G6/solution/solution-00040 
 41 5.709543217292e+10 1.392571516413e+09 768 7235 3201 17 8 9 9 4.61450723e-10 7.79058491e-10 outputs/V1e27_D300_G6/solution/solution-00041 
 42 5.848800368933e+10 1.392571516413e+09 768 7235 3201 17 8 9 9 4.37953999e-10 7.39371635e-10 outputs/V1e27_D300_G6/solution/solution-00042 
 43 5.988057520574e+10 1.392571516413e+09 768 7235 3201 17 8 9 9 4.15653849e-10 7.01707157e-10 outputs/V1e27_D300_G6/solution/solution-00043 
 44 6.127314672215e+10 1.392571516413e+09 768 7235 3201 17 8 9 9 3.94489311e-10 6.65961944e-10 outputs/V1e27_D300_G6/solution/solution-00044 
 45 6.266571823857e+10 1.392571516413e+09 768 7235 3201 17 8 9 9 3.74402535e-10 6.32038142e-10 outputs/V1e27_D300_G6/solution/solution-00045 
 46 6.405828975498e+10 1.392571516413e+09 768 7235 3201 17 8 9 9 3.55338621e-10 5.99842895e-10 outputs/V1e27_D300_G6/solution/solution-00046 
 47 6.545086127139e+10 1.392571516413e+09 768 7235 3201 17 8 9 9 3.37245469e-10 5.69288085e-10 outputs/V1e27_D300_G6/solution/solution-00047 
 48 6.684343278781e+10 1.392571516413e+09 768 7235 3201 17 8 9 9 3.20073636e-10 5.40290087e-10 outputs/V1e27_D300_G6/solution/solution-00048 
 49 6.823600430422e+10 1.392571516413e+09 768 7235 3201 17 8 9 9 3.03776199e-10 5.12769547e-10 outputs/V1e27_D300_G6/solution/solution-00049 
 50 6.962857582063e+10 1.392571516413e+09 768 7235 3201 17 8 9 9 2.88308625e-10 4.86651154e-10 outputs/V1e27_D300_G6/solution/solution-00050 
 51 7.102114733704e+10 1.392571516413e+09 768 7235 3201 17 8 9 9 2.73628653e-10 4.61863443e-10 outputs/V1e27_D300_G6/solution/solution-00051 
 52 7.241371885346e+10 1.392571516413e+09 768 7235 3201 17 8 9 9 2.59696173e-10 4.38338591e-10 outputs/V1e27_D300_G6/solution/solution-00052 
 53 7.380629036987e+10 1.392571516413e+09 768 7235 3201 17 8 9 9 2.46473119e-10 4.16012236e-10 outputs/V1e27_D300_G6/solution/solution-00053 
 54 7.519886188628e+10 1.392571516413e+09 768 7235 3201 17 8 9 9 2.33923366e-10 3.94823297e-10 outputs/V1e27_D300_G6/solution/solution-00054 
 55 7.659143340269e+10 1.392571516413e+09 768 7235 3201 17 8 9 9 2.22012627e-10 3.74713808e-10 outputs/V1e27_D300_G6/solution/solution-00055 
 56 7.798400491911e+10 1.392571516413e+09 768 7235 3201 17 8 9 9 2.10708361e-10 3.55628758e-10 outputs/V1e27_D300_G6/solution/solution-00056 
 57 7.937657643552e+10 1.392571516413e+09 768 7235 3201 17 8 9 9 1.99979688e-10 3.37515943e-10 outputs/V1e27_D300_G6/solution/solution-00057 
 58 8.076914795193e+10 1.392571516413e+09 768 7235 3201 17 8 9 9 1.89797298e-10 3.20325820e-10 outputs/V1e27_D300_G6/solution/solution-00058 
 59 8.216171946834e+10 1.392571516413e+09 768 7235 3201 17 8 9 9 1.80133373e-10 3.04011370e-10 outputs/V1e27_D300_G6/solution/solution-00059 
 60 8.355429098476e+10 1.392571516413e+09 768 7235 3201 17 8 9 9 1.70961514e-10 2.88527974e-10 outputs/V1e27_D300_G6/solution/solution-00060 
 61 8.494686250117e+10 1.392571516413e+09 768 7235 3201 17 8 9 9 1.62256665e-10 2.73833286e-10 outputs/V1e27_D300_G6/solution/solution-00061 
 62 8.633943401758e+10 1.392571516413e+09 768 7235 3201 17 8 9 9 1.53995046e-10 2.59887118e-10 outputs/V1e27_D300_G6/solution/solution-00062 
 63 8.773200553399e+10 1.392571516413e+09 768 7235 3201 16 8 9 9 1.46154089e-10 2.46651335e-10 outputs/V1e27_D300_G6/solution/solution-00063 
 64 8.912457705041e+10 1.392571516413e+09 768 7235 3201 16 8 9 9 1.38712375e-10 2.34089740e-10 outputs/V1e27_D300_G6/solution/solution-00064 
 65 9.051714856682e+10 1.392571516413e+09 768 7235 3201 16 8 9 9 1.31649573e-10 2.22167983e-10 outputs/V1e27_D300_G6/solution/solution-00065 
 66 9.190972008323e+10 1.392571516413e+09 768 7235 3201 16 8 9 9 1.24946391e-10 2.10853465e-10 outputs/V1e27_D300_G6/solution/solution-00066 
 67 9.330229159964e+10 1.392571516413e+09 768 7235 3201 16 8 9 9 1.18584518e-10 2.00115249e-10 outputs/V1e27_D300_G6/solution/solution-00067 
 68 9.469486311606e+10 1.392571516413e+09 768 7235 3201 16 8 9 9 1.12546574e-10 1.89923975e-10 outputs/V1e27_D300_G6/solution/solution-00068 
 69 9.608743463247e+10 1.392571516413e+09 768 7235 3201 16 8 9 9 1.06816066e-10 1.80251779e-10 outputs/V1e27_D300_G6/solution/solution-00069 
 70 9.748000614888e+10 1.392571516413e+09 768 7235 3201 16 8 9 9 1.01377340e-10 1.71072215e-10 outputs/V1e27_D300_G6/solution/solution-00070 
 71 9.887257766530e+10 1.392571516413e+09 768 7235 3201 16 8 9 9 9.62155383e-11 1.62360189e-10 outputs/V1e27_D300_G6/solution/solution-00071 
 72 1.002651491817e+11 1.392571516413e+09 768 7235 3201 16 8 9 9 9.13165615e-11 1.54091883e-10 outputs/V1e27_D300_G6/solution/solution-00072 
 73 1.016577206981e+11 1.392571516413e+09 768 7235 3201 16 8 9 9 8.66670268e-11 1.46244693e-10 outputs/V1e27_D300_G6/solution/solution-00073 
 74 1.030502922145e+11 1.392571516413e+09 768 7235 3201 16 8 9 9 8.22542333e-11 1.38797166e-10 outputs/V1e27_D300_G6/solution/solution-00074 
 75 1.044428637309e+11 1.392571516413e+09 768 7235 3201 16 8 9 9 7.80661266e-11 1.31728944e-10 outputs/V1e27_D300_G6/solution/solution-00075 
 76 1.058354352474e+11 1.392571516413e+09 768 7235 3201 16 8 9 9 7.40912663e-11 1.25020707e-10 outputs/V1e27_D300_G6/solution/solution-00076 
 77 1.072280067638e+11 1.392571516413e+09 768 7235 3201 16 8 9 9 7.03187945e-11 1.18654115e-10 outputs/V1e27_D300_G6/solution/solution-00077 
 78 1.086205782802e+11 1.392571516413e+09 768 7235 3201 16 8 9 9 6.67384059e-11 1.12611768e-10 outputs/V1e27_D300_G6/solution/solution-00078 
 79 1.100131497966e+11 1.392571516413e+09 768 7235 3201 16 8 9 9 6.33403202e-11 1.06877149e-10 outputs/V1e27_D300_G6/solution/solution-00079 
 80 1.114057213130e+11 1.392571516413e+09 768 7235 3201 16 8 9 9 6.01152551e-11 1.01434583e-10 outputs/V1e27_D300_G6/solution/solution-00080 
 81 1.127982928294e+11 1.392571516413e+09 768 7235 3201 16 8 9 9 5.70544008e-11 9.62691951e-11 outputs/V1e27_D300_G6/solution/solution-00081 
 82 1.141908643458e+11 1.392571516413e+09 768 7235 3201 16 8 9 9 5.41493961e-11 9.13668667e-11 outputs/V1e27_D300_G6/solution/solution-00082 
 83 1.155834358622e+11 1.392571516413e+09 768 7235 3201 16 8 9 9 5.13923055e-11 8.67141993e-11 outputs/V1e27_D300_G6/solution/solution-00083 
 84 1.169760073787e+11 1.392571516413e+09 768 7235 3201 16 8 9 9 4.87755976e-11 8.22984768e-11 outputs/V1e27_D300_G6/solution/solution-00084 
 85 1.183685788951e+11 1.392571516413e+09 768 7235 3201 16 8 9 9 4.62921247e-11 7.81076308e-11 outputs/V1e27_D300_G6/solution/solution-00085 
 86 1.197611504115e+11 1.392571516413e+09 768 7235 3201 16 8 9 9 4.39351026e-11 7.41302080e-11 outputs/V1e27_D300_G6/solution/solution-00086 
 87 1.211537219279e+11 1.392571516413e+09 768 7235 3201 16 8 9 9 4.16980929e-11 7.03553382e-11 outputs/V1e27_D300_G6/solution/solution-00087 
 88 1.225462934443e+11 1.392571516413e+09 768 7235 3201 15 8 9 9 3.95749857e-11 6.67727069e-11 outputs/V1e27_D300_G6/solution/solution-00088 
 89 1.239388649607e+11 1.392571516413e+09 768 7235 3201 15 8 9 9 3.75599808e-11 6.33725221e-11 outputs/V1e27_D300_G6/solution/solution-00089 
 90 1.253314364771e+11 1.392571516413e+09 768 7235 3201 15 8 9 9 3.56475737e-11 6.01454910e-11 outputs/V1e27_D300_G6/solution/solution-00090 
 91 1.267240079935e+11 1.392571516413e+09 768 7235 3201 15 8 9 9 3.38325403e-11 5.70827950e-11 outputs/V1e27_D300_G6/solution/solution-00091 
 92 1.281165795100e+11 1.392571516413e+09 768 7235 3201 15 8 9 9 3.21099228e-11 5.41760643e-11 outputs/V1e27_D300_G6/solution/solution-00092 
 93 1.295091510264e+11 1.392571516413e+09 768 7235 3201 15 8 9 9 3.04750154e-11 5.14173559e-11 outputs/V1e27_D300_G6/solution/solution-00093 
 94 1.309017225428e+11 1.392571516413e+09 768 7235 3201 15 8 9 9 2.89233521e-11 4.87991313e-11 outputs/V1e27_D300_G6/solution/solution-00094 
 95 1.322942940592e+11 1.392571516413e+09 768 7235 3201 15 8 9 9 2.74506946e-11 4.63142357e-11 outputs/V1e27_D300_G6/solution/solution-00095 
 96 1.336868655756e+11 1.392571516413e+09 768 7235 3201 15 8 9 9 2.60530200e-11 4.39558793e-11 outputs/V1e27_D300_G6/solution/solution-00096 
 97 1.350794370920e+11 1.392571516413e+09 768 7235 3201 15 8 9 9 2.47265103e-11 4.17176175e-11 outputs/V1e27_D300_G6/solution/solution-00097 
 98 1.364720086084e+11 1.392571516413e+09 768 7235 3201 15 8 9 9 2.34675421e-11 3.95933344e-11 outputs/V1e27_D300_G6/solution/solution-00098 
 99 1.378645801248e+11 1.392571516413e+09 768 7235 3201 15 8 9 9 2.22726765e-11 3.75772256e-11 outputs/V1e27_D300_G6/solution/solution-00099 
100 1.392571516413e+11 1.392571516413e+09 768 7235 3201 15 8 9 9 2.11386493e-11 3.56637819e-11 outputs/V1e27_D300_G6/solution/solution-00100 
