# 1: Time step number
# 2: Time (years)
# 3: Time step size (years)
# 4: Number of mesh cells
# 5: Number of Stokes degrees of freedom
# 6: Number of temperature degrees of freedom
# 7: Iterations for temperature solver
# 8: Iterations for Stokes solver
# 9: Velocity iterations in Stokes preconditioner
# 10: Schur complement iterations in Stokes preconditioner
# 11: RMS velocity (m/year)
# 12: Max. velocity (m/year)
# 13: Visualization file name
  0 0.000000000000e+00 0.000000000000e+00 768 7235 3201  0 8 9 9 2.09091060e-08 1.01586256e-07 outputs/V3.3e26_D10000_G8/solution/solution-00000 
  1 1.392571516413e+09 1.392571516413e+09 768 7235 3201 32 8 9 9 1.73893791e-08 5.55796925e-08 outputs/V3.3e26_D10000_G8/solution/solution-00001 
  2 2.785143032825e+09 1.392571516413e+09 768 7235 3201 26 8 9 9 1.65439410e-08 2.95540306e-08 outputs/V3.3e26_D10000_G8/solution/solution-00002 
  3 4.177714549238e+09 1.392571516413e+09 768 7235 3201 25 8 9 9 1.65286092e-08 2.80294082e-08 outputs/V3.3e26_D10000_G8/solution/solution-00003 
  4 5.570286065650e+09 1.392571516413e+09 768 7235 3201 24 8 9 9 1.64497194e-08 2.80794464e-08 outputs/V3.3e26_D10000_G8/solution/solution-00004 
  5 6.962857582063e+09 1.392571516413e+09 768 7235 3201 23 8 9 9 1.62959020e-08 2.79742389e-08 outputs/V3.3e26_D10000_G8/solution/solution-00005 
  6 8.355429098476e+09 1.392571516413e+09 768 7235 3201 23 8 9 9 1.60675560e-08 2.77279695e-08 outputs/V3.3e26_D10000_G8/solution/solution-00006 
  7 9.748000614888e+09 1.392571516413e+09 768 7235 3201 22 8 9 9 1.57752823e-08 2.73576001e-08 outputs/V3.3e26_D10000_G8/solution/solution-00007 
  8 1.114057213130e+10 1.392571516413e+09 768 7235 3201 22 8 9 9 1.54309724e-08 2.68808615e-08 outputs/V3.3e26_D10000_G8/solution/solution-00008 
  9 1.253314364771e+10 1.392571516413e+09 768 7235 3201 21 8 9 9 1.50456924e-08 2.63151966e-08 outputs/V3.3e26_D10000_G8/solution/solution-00009 
 10 1.392571516413e+10 1.392571516413e+09 768 7235 3201 21 8 9 9 1.46292538e-08 2.56771479e-08 outputs/V3.3e26_D10000_G8/solution/solution-00010 
 11 1.531828668054e+10 1.392571516413e+09 768 7235 3201 21 8 9 9 1.41901520e-08 2.49819902e-08 outputs/V3.3e26_D10000_G8/solution/solution-00011 
 12 1.671085819695e+10 1.392571516413e+09 768 7235 3201 21 8 9 9 1.37356276e-08 2.42435225e-08 outputs/V3.3e26_D10000_G8/solution/solution-00012 
 13 1.810342971336e+10 1.392571516413e+09 768 7235 3201 21 8 9 9 1.32717735e-08 2.34739756e-08 outputs/V3.3e26_D10000_G8/solution/solution-00013 
 14 1.949600122978e+10 1.392571516413e+09 768 7235 3201 21 8 9 9 1.28036586e-08 2.26840060e-08 outputs/V3.3e26_D10000_G8/solution/solution-00014 
 15 2.088857274619e+10 1.392571516413e+09 768 7235 3201 21 8 9 9 1.23354526e-08 2.18827526e-08 outputs/V3.3e26_D10000_G8/solution/solution-00015 
 16 2.228114426260e+10 1.392571516413e+09 768 7235 3201 20 8 9 9 1.18705460e-08 2.10779359e-08 outputs/V3.3e26_D10000_G8/solution/solution-00016 
 17 2.367371577901e+10 1.392571516413e+09 768 7235 3201 20 8 9 9 1.14116605e-08 2.02759835e-08 outputs/V3.3e26_D10000_G8/solution/solution-00017 
 18 2.506628729543e+10 1.392571516413e+09 768 7235 3201 20 8 9 9 1.09609495e-08 1.94821675e-08 outputs/V3.3e26_D10000_G8/solution/solution-00018 
 19 2.645885881184e+10 1.392571516413e+09 768 7235 3201 20 8 9 9 1.05200865e-08 1.87007446e-08 outputs/V3.3e26_D10000_G8/solution/solution-00019 
 20 2.785143032825e+10 1.392571516413e+09 768 7235 3201 20 8 9 9 1.00903435e-08 1.79350911e-08 outputs/V3.3e26_D10000_G8/solution/solution-00020 
 21 2.924400184466e+10 1.392571516413e+09 768 7235 3201 20 8 9 9 9.67265797e-09 1.71878287e-08 outputs/V3.3e26_D10000_G8/solution/solution-00021 
 22 3.063657336108e+10 1.392571516413e+09 768 7235 3201 20 8 9 9 9.26769080e-09 1.64609396e-08 outputs/V3.3e26_D10000_G8/solution/solution-00022 
 23 3.202914487749e+10 1.392571516413e+09 768 7235 3201 20 8 9 9 8.87587588e-09 1.57558679e-08 outputs/V3.3e26_D10000_G8/solution/solution-00023 
 24 3.342171639390e+10 1.392571516413e+09 768 7235 3201 20 8 9 9 8.49746168e-09 1.50736094e-08 outputs/V3.3e26_D10000_G8/solution/solution-00024 
 25 3.481428791032e+10 1.392571516413e+09 768 7235 3201 20 8 9 9 8.13254642e-09 1.44147891e-08 outputs/V3.3e26_D10000_G8/solution/solution-00025 
 26 3.620685942673e+10 1.392571516413e+09 768 7235 3201 20 8 9 9 7.78110759e-09 1.37797278e-08 outputs/V3.3e26_D10000_G8/solution/solution-00026 
 27 3.759943094314e+10 1.392571516413e+09 768 7235 3201 20 8 9 9 7.44302646e-09 1.31684990e-08 outputs/V3.3e26_D10000_G8/solution/solution-00027 
 28 3.899200245955e+10 1.392571516413e+09 768 7235 3201 20 8 9 9 7.11810852e-09 1.25809771e-08 outputs/V3.3e26_D10000_G8/solution/solution-00028 
 29 4.038457397597e+10 1.392571516413e+09 768 7235 3201 20 8 9 9 6.80610039e-09 1.20168776e-08 outputs/V3.3e26_D10000_G8/solution/solution-00029 
 30 4.177714549238e+10 1.392571516413e+09 768 7235 3201 20 8 9 9 6.50670373e-09 1.14757913e-08 outputs/V3.3e26_D10000_G8/solution/solution-00030 
 31 4.316971700879e+10 1.392571516413e+09 768 7235 3201 20 8 9 9 6.21958667e-09 1.09572122e-08 outputs/V3.3e26_D10000_G8/solution/solution-00031 
 32 4.456228852520e+10 1.392571516413e+09 768 7235 3201 19 8 9 9 5.94439319e-09 1.04605614e-08 outputs/V3.3e26_D10000_G8/solution/solution-00032 
 33 4.595486004162e+10 1.392571516413e+09 768 7235 3201 19 8 9 9 5.68075077e-09 9.98520617e-09 outputs/V3.3e26_D10000_G8/solution/solution-00033 
 34 4.734743155803e+10 1.392571516413e+09 768 7235 3201 19 8 9 9 5.42827656e-09 9.53047589e-09 outputs/V3.3e26_D10000_G8/solution/solution-00034 
 35 4.874000307444e+10 1.392571516413e+09 768 7235 3201 19 8 9 9 5.18658238e-09 9.09567520e-09 outputs/V3.3e26_D10000_G8/solution/solution-00035 
 36 5.013257459085e+10 1.392571516413e+09 768 7235 3201 19 8 9 9 4.95527871e-09 8.68009446e-09 outputs/V3.3e26_D10000_G8/solution/solution-00036 
 37 5.152514610727e+10 1.392571516413e+09 768 7235 3201 19 8 9 9 4.73397794e-09 8.28301838e-09 outputs/V3.3e26_D10000_G8/solution/solution-00037 
 38 5.291771762368e+10 1.392571516413e+09 768 7235 3201 19 8 9 9 4.52229682e-09 7.90373285e-09 outputs/V3.3e26_D10000_G8/solution/solution-00038 
 39 5.431028914009e+10 1.392571516413e+09 768 7235 3201 19 8 9 9 4.31985848e-09 7.54153041e-09 outputs/V3.3e26_D10000_G8/solution/solution-00039 
 40 5.570286065650e+10 1.392571516413e+09 768 7235 3201 19 8 9 9 4.12629391e-09 7.19571450e-09 outputs/V3.3e26_D10000_G8/solution/solution-00040 
 41 5.709543217292e+10 1.392571516413e+09 768 7235 3201 19 8 9 9 3.94124314e-09 6.86560281e-09 outputs/V3.3e26_D10000_G8/solution/solution-00041 
 42 5.848800368933e+10 1.392571516413e+09 768 7235 3201 19 8 9 9 3.76435605e-09 6.55052981e-09 outputs/V3.3e26_D10000_G8/solution/solution-00042 
 43 5.988057520574e+10 1.392571516413e+09 768 7235 3201 19 8 9 9 3.59529296e-09 6.24984858e-09 outputs/V3.3e26_D10000_G8/solution/solution-00043 
 44 6.127314672215e+10 1.392571516413e+09 768 7235 3201 19 8 9 9 3.43372505e-09 5.96293219e-09 outputs/V3.3e26_D10000_G8/solution/solution-00044 
 45 6.266571823857e+10 1.392571516413e+09 768 7235 3201 19 8 9 9 3.27933457e-09 5.68917453e-09 outputs/V3.3e26_D10000_G8/solution/solution-00045 
 46 6.405828975498e+10 1.392571516413e+09 768 7235 3201 19 8 9 9 3.13181497e-09 5.42799095e-09 outputs/V3.3e26_D10000_G8/solution/solution-00046 
 47 6.545086127139e+10 1.392571516413e+09 768 7235 3201 19 8 9 9 2.99087086e-09 5.17881842e-09 outputs/V3.3e26_D10000_G8/solution/solution-00047 
 48 6.684343278781e+10 1.392571516413e+09 768 7235 3201 19 8 9 9 2.85621793e-09 4.94111563e-09 outputs/V3.3e26_D10000_G8/solution/solution-00048 
 49 6.823600430422e+10 1.392571516413e+09 768 7235 3201 19 8 9 9 2.72758285e-09 4.71436279e-09 outputs/V3.3e26_D10000_G8/solution/solution-00049 
 50 6.962857582063e+10 1.392571516413e+09 768 7235 3201 19 8 9 9 2.60470300e-09 4.49806134e-09 outputs/V3.3e26_D10000_G8/solution/solution-00050 
 51 7.102114733704e+10 1.392571516413e+09 768 7235 3201 19 8 9 9 2.48732629e-09 4.29173359e-09 outputs/V3.3e26_D10000_G8/solution/solution-00051 
 52 7.241371885346e+10 1.392571516413e+09 768 7235 3201 19 8 9 9 2.37521086e-09 4.09492214e-09 outputs/V3.3e26_D10000_G8/solution/solution-00052 
 53 7.380629036987e+10 1.392571516413e+09 768 7235 3201 19 8 9 9 2.26812481e-09 3.90718942e-09 outputs/V3.3e26_D10000_G8/solution/solution-00053 
 54 7.519886188628e+10 1.392571516413e+09 768 7235 3201 19 8 9 9 2.16584586e-09 3.72811700e-09 outputs/V3.3e26_D10000_G8/solution/solution-00054 
 55 7.659143340269e+10 1.392571516413e+09 768 7235 3201 19 8 9 9 2.06816111e-09 3.55730503e-09 outputs/V3.3e26_D10000_G8/solution/solution-00055 
 56 7.798400491911e+10 1.392571516413e+09 768 7235 3201 19 8 9 9 1.97486664e-09 3.39437153e-09 outputs/V3.3e26_D10000_G8/solution/solution-00056 
 57 7.937657643552e+10 1.392571516413e+09 768 7235 3201 19 8 9 9 1.88576725e-09 3.23895177e-09 outputs/V3.3e26_D10000_G8/solution/solution-00057 
 58 8.076914795193e+10 1.392571516413e+09 768 7235 3201 19 8 9 9 1.80067612e-09 3.09069758e-09 outputs/V3.3e26_D10000_G8/solution/solution-00058 
 59 8.216171946834e+10 1.392571516413e+09 768 7235 3201 19 8 9 9 1.71941449e-09 2.94927669e-09 outputs/V3.3e26_D10000_G8/solution/solution-00059 
 60 8.355429098476e+10 1.392571516413e+09 768 7235 3201 19 8 9 9 1.64181136e-09 2.81437211e-09 outputs/V3.3e26_D10000_G8/solution/solution-00060 
 61 8.494686250117e+10 1.392571516413e+09 768 7235 3201 19 8 9 9 1.56770318e-09 2.68568142e-09 outputs/V3.3e26_D10000_G8/solution/solution-00061 
 62 8.633943401758e+10 1.392571516413e+09 768 7235 3201 19 8 9 9 1.49693356e-09 2.56291622e-09 outputs/V3.3e26_D10000_G8/solution/solution-00062 
 63 8.773200553399e+10 1.392571516413e+09 768 7235 3201 19 8 9 9 1.42935295e-09 2.44580147e-09 outputs/V3.3e26_D10000_G8/solution/solution-00063 
 64 8.912457705041e+10 1.392571516413e+09 768 7235 3201 19 8 9 9 1.36481840e-09 2.33407491e-09 outputs/V3.3e26_D10000_G8/solution/solution-00064 
 65 9.051714856682e+10 1.392571516413e+09 768 7235 3201 19 8 9 9 1.30319328e-09 2.22748650e-09 outputs/V3.3e26_D10000_G8/solution/solution-00065 
 66 9.190972008323e+10 1.392571516413e+09 768 7235 3201 19 8 9 9 1.24434696e-09 2.12579786e-09 outputs/V3.3e26_D10000_G8/solution/solution-00066 
 67 9.330229159964e+10 1.392571516413e+09 768 7235 3201 19 8 9 9 1.18815465e-09 2.02878173e-09 outputs/V3.3e26_D10000_G8/solution/solution-00067 
 68 9.469486311606e+10 1.392571516413e+09 768 7235 3201 19 8 9 9 1.13449707e-09 1.93622149e-09 outputs/V3.3e26_D10000_G8/solution/solution-00068 
 69 9.608743463247e+10 1.392571516413e+09 768 7235 3201 19 8 9 9 1.08326025e-09 1.84791062e-09 outputs/V3.3e26_D10000_G8/solution/solution-00069 
 70 9.748000614888e+10 1.392571516413e+09 768 7235 3201 18 8 9 9 1.03433530e-09 1.76365226e-09 outputs/V3.3e26_D10000_G8/solution/solution-00070 
 71 9.887257766530e+10 1.392571516413e+09 768 7235 3201 18 8 9 9 9.87618177e-10 1.68325879e-09 outputs/V3.3e26_D10000_G8/solution/solution-00071 
 72 1.002651491817e+11 1.392571516413e+09 768 7235 3201 18 8 9 9 9.43009503e-10 1.60655133e-09 outputs/V3.3e26_D10000_G8/solution/solution-00072 
 73 1.016577206981e+11 1.392571516413e+09 768 7235 3201 18 8 9 9 9.00414330e-10 1.53335941e-09 outputs/V3.3e26_D10000_G8/solution/solution-00073 
 74 1.030502922145e+11 1.392571516413e+09 768 7235 3201 18 8 9 9 8.59741958e-10 1.46352048e-09 outputs/V3.3e26_D10000_G8/solution/solution-00074 
 75 1.044428637309e+11 1.392571516413e+09 768 7235 3201 18 8 9 9 8.20905753e-10 1.39687963e-09 outputs/V3.3e26_D10000_G8/solution/solution-00075 
 76 1.058354352474e+11 1.392571516413e+09 768 7235 3201 18 8 9 9 7.83822960e-10 1.33328918e-09 outputs/V3.3e26_D10000_G8/solution/solution-00076 
 77 1.072280067638e+11 1.392571516413e+09 768 7235 3201 18 8 9 9 7.48414538e-10 1.27260834e-09 outputs/V3.3e26_D10000_G8/solution/solution-00077 
 78 1.086205782802e+11 1.392571516413e+09 768 7235 3201 18 8 9 9 7.14604993e-10 1.21470289e-09 outputs/V3.3e26_D10000_G8/solution/solution-00078 
 79 1.100131497966e+11 1.392571516413e+09 768 7235 3201 18 8 9 9 6.82322221e-10 1.15944489e-09 outputs/V3.3e26_D10000_G8/solution/solution-00079 
 80 1.114057213130e+11 1.392571516413e+09 768 7235 3201 18 8 9 9 6.51497357e-10 1.10671236e-09 outputs/V3.3e26_D10000_G8/solution/solution-00080 
 81 1.127982928294e+11 1.392571516413e+09 768 7235 3201 18 8 9 9 6.22064635e-10 1.05638900e-09 outputs/V3.3e26_D10000_G8/solution/solution-00081 
 82 1.141908643458e+11 1.392571516413e+09 768 7235 3201 18 8 9 9 5.93961241e-10 1.00836392e-09 outputs/V3.3e26_D10000_G8/solution/solution-00082 
 83 1.155834358622e+11 1.392571516413e+09 768 7235 3201 18 8 9 9 5.67127193e-10 9.62531409e-10 outputs/V3.3e26_D10000_G8/solution/solution-00083 
 84 1.169760073787e+11 1.392571516413e+09 768 7235 3201 18 8 9 9 5.41505205e-10 9.18790659e-10 outputs/V3.3e26_D10000_G8/solution/solution-00084 
 85 1.183685788951e+11 1.392571516413e+09 768 7235 3201 18 8 9 9 5.17040570e-10 8.77045553e-10 outputs/V3.3e26_D10000_G8/solution/solution-00085 
 86 1.197611504115e+11 1.392571516413e+09 768 7235 3201 18 8 9 9 4.93681048e-10 8.37204434e-10 outputs/V3.3e26_D10000_G8/solution/solution-00086 
 87 1.211537219279e+11 1.392571516413e+09 768 7235 3201 18 8 9 9 4.71376750e-10 7.99179903e-10 outputs/V3.3e26_D10000_G8/solution/solution-00087 
 88 1.225462934443e+11 1.392571516413e+09 768 7235 3201 18 8 9 9 4.50080035e-10 7.62888610e-10 outputs/V3.3e26_D10000_G8/solution/solution-00088 
 89 1.239388649607e+11 1.392571516413e+09 768 7235 3201 18 8 9 9 4.29745410e-10 7.28251071e-10 outputs/V3.3e26_D10000_G8/solution/solution-00089 
 90 1.253314364771e+11 1.392571516413e+09 768 7235 3201 18 8 9 9 4.10329432e-10 6.95191480e-10 outputs/V3.3e26_D10000_G8/solution/solution-00090 
 91 1.267240079935e+11 1.392571516413e+09 768 7235 3201 18 8 9 9 3.91790619e-10 6.63637543e-10 outputs/V3.3e26_D10000_G8/solution/solution-00091 
 92 1.281165795100e+11 1.392571516413e+09 768 7235 3201 18 8 9 9 3.74089357e-10 6.33520303e-10 outputs/V3.3e26_D10000_G8/solution/solution-00092 
 93 1.295091510264e+11 1.392571516413e+09 768 7235 3201 18 8 9 9 3.57187821e-10 6.04773998e-10 outputs/V3.3e26_D10000_G8/solution/solution-00093 
 94 1.309017225428e+11 1.392571516413e+09 768 7235 3201 18 8 9 9 3.41049892e-10 5.77335895e-10 outputs/V3.3e26_D10000_G8/solution/solution-00094 
 95 1.322942940592e+11 1.392571516413e+09 768 7235 3201 18 8 9 9 3.25641079e-10 5.51146162e-10 outputs/V3.3e26_D10000_G8/solution/solution-00095 
 96 1.336868655756e+11 1.392571516413e+09 768 7235 3201 18 8 9 9 3.10928450e-10 5.26147723e-10 outputs/V3.3e26_D10000_G8/solution/solution-00096 
 97 1.350794370920e+11 1.392571516413e+09 768 7235 3201 18 8 9 9 2.96880558e-10 5.02286134e-10 outputs/V3.3e26_D10000_G8/solution/solution-00097 
 98 1.364720086084e+11 1.392571516413e+09 768 7235 3201 18 8 9 9 2.83467375e-10 4.79509459e-10 outputs/V3.3e26_D10000_G8/solution/solution-00098 
 99 1.378645801248e+11 1.392571516413e+09 768 7235 3201 18 8 9 9 2.70660228e-10 4.57768153e-10 outputs/V3.3e26_D10000_G8/solution/solution-00099 
100 1.392571516413e+11 1.392571516413e+09 768 7235 3201 17 8 9 9 2.58431737e-10 4.37014944e-10 outputs/V3.3e26_D10000_G8/solution/solution-00100 
