# 1: Time step number
# 2: Time (years)
# 3: Time step size (years)
# 4: Number of mesh cells
# 5: Number of Stokes degrees of freedom
# 6: Number of temperature degrees of freedom
# 7: Iterations for temperature solver
# 8: Iterations for Stokes solver
# 9: Velocity iterations in Stokes preconditioner
# 10: Schur complement iterations in Stokes preconditioner
# 11: RMS velocity (m/year)
# 12: Max. velocity (m/year)
# 13: Visualization file name
  0 0.000000000000e+00 0.000000000000e+00 768 7235 3201  0 8 9 9 3.97513738e-06 7.05328047e-06 outputs/V1e24_D30_G6/solution/solution-00000 
  1 1.392571516413e+09 1.392571516413e+09 768 7235 3201 32 8 9 9 4.94872213e-06 9.06692527e-06 outputs/V1e24_D30_G6/solution/solution-00001 
  2 2.785143032825e+09 1.392571516413e+09 768 7235 3201 25 8 9 9 7.39610297e-06 1.46876007e-05 outputs/V1e24_D30_G6/solution/solution-00002 
  3 4.177714549238e+09 1.392571516413e+09 768 7235 3201 24 8 9 9 1.33668423e-05 2.77990655e-05 outputs/V1e24_D30_G6/solution/solution-00003 
  4 5.570286065650e+09 1.392571516413e+09 768 7235 3201 23 8 9 9 2.80635480e-05 5.91680818e-05 outputs/V1e24_D30_G6/solution/solution-00004 
  5 6.962857582063e+09 1.392571516413e+09 768 7235 3201 23 8 9 9 6.55663139e-05 1.37609398e-04 outputs/V1e24_D30_G6/solution/solution-00005 
  6 7.644495165332e+09 6.816375832687e+08 768 7235 3201 18 8 9 9 1.08115124e-04 2.26337057e-04 outputs/V1e24_D30_G6/solution/solution-00006 
  7 8.058829917960e+09 4.143347526280e+08 768 7235 3201 14 8 9 9 1.52515140e-04 3.19151690e-04 outputs/V1e24_D30_G6/solution/solution-00007 
  8 8.352618610774e+09 2.937886928143e+08 768 7235 3201 12 7 8 8 1.98478514e-04 4.15578622e-04 outputs/V1e24_D30_G6/solution/solution-00008 
  9 8.578207693387e+09 2.255890826128e+08 768 7235 3201 11 7 8 8 2.45704966e-04 5.14829532e-04 outputs/V1e24_D30_G6/solution/solution-00009 
 10 8.760232284646e+09 1.820245912592e+08 768 7235 3201 11 7 8 8 2.94059114e-04 6.16968425e-04 outputs/V1e24_D30_G6/solution/solution-00010 
 11 8.912196145465e+09 1.519638608188e+08 768 7235 3201 10 6 7 7 3.43490069e-04 7.21350477e-04 outputs/V1e24_D30_G6/solution/solution-00011 
 12 9.042194605976e+09 1.299984605111e+08 768 7235 3201 10 6 7 7 3.93935177e-04 8.27283657e-04 outputs/V1e24_D30_G6/solution/solution-00012 
 13 9.155472669970e+09 1.132780639945e+08 768 7235 3201 10 6 7 7 4.45303235e-04 9.35125640e-04 outputs/V1e24_D30_G6/solution/solution-00013 
 14 9.255787525061e+09 1.003148550902e+08 768 7235 3201  9 6 7 7 4.97553259e-04 1.04355394e-03 outputs/V1e24_D30_G6/solution/solution-00014 
 15 9.345624759296e+09 8.983723423509e+07 768 7235 3201  9 6 7 7 5.50491313e-04 1.15197779e-03 outputs/V1e24_D30_G6/solution/solution-00015 
 16 9.427024084604e+09 8.139932530777e+07 768 7235 3201  9 6 7 7 6.04010235e-04 1.26024987e-03 outputs/V1e24_D30_G6/solution/solution-00016 
 17 9.501439973885e+09 7.441588928140e+07 768 7235 3201  9 6 7 7 6.57899716e-04 1.36626267e-03 outputs/V1e24_D30_G6/solution/solution-00017 
 18 9.570009864180e+09 6.856989029496e+07 768 7235 3201  9 6 7 7 7.11915848e-04 1.47199237e-03                                           "" 
 19 9.633709202527e+09 6.369933834738e+07 768 7235 3201 10 6 7 7 7.65844495e-04 1.57447871e-03 outputs/V1e24_D30_G6/solution/solution-00018 
 20 9.693299378255e+09 5.959017572729e+07 768 7235 3201 10 6 7 7 8.19420752e-04 1.67331089e-03                                           "" 
 21 9.749326026071e+09 5.602664781669e+07 768 7235 3201 10 6 7 7 8.72279305e-04 1.76867309e-03 outputs/V1e24_D30_G6/solution/solution-00019 
 22 9.802331864399e+09 5.300583832771e+07 768 7235 3201 10 6 7 7 9.24125524e-04 1.89357042e-03 outputs/V1e24_D30_G6/solution/solution-00020 
 23 9.851841509745e+09 4.950964534636e+07 768 7235 3201 10 6 7 7 9.73714262e-04 2.01977822e-03                                           "" 
 24 9.898257497055e+09 4.641598731004e+07 768 7235 3201 10 6 7 7 1.02072933e-03 2.13956842e-03                                           "" 
 25 9.942074745030e+09 4.381724797485e+07 768 7235 3201 10 6 7 7 1.06506493e-03 2.25249945e-03 outputs/V1e24_D30_G6/solution/solution-00021 
 26 9.983696091451e+09 4.162134642079e+07 768 7235 3201 10 6 7 7 1.10662347e-03 2.35922367e-03                                           "" 
 27 1.002345400761e+10 3.975791616165e+07 768 7235 3201 10 6 7 7 1.14531882e-03 2.45834164e-03 outputs/V1e24_D30_G6/solution/solution-00022 
 28 1.006162635065e+10 3.817234303546e+07 768 7235 3201 10 6 7 7 1.18107836e-03 2.54959691e-03                                           "" 
 29 1.009843316160e+10 3.680681095628e+07 768 7235 3201 11 6 7 7 1.21383183e-03 2.63278036e-03                                           "" 
 30 1.013406531211e+10 3.563215050875e+07 768 7235 3201 11 6 7 7 1.24353292e-03 2.70777699e-03 outputs/V1e24_D30_G6/solution/solution-00023 
 31 1.016870012899e+10 3.463481687329e+07 768 7235 3201 11 6 7 7 1.27016614e-03 2.77457503e-03                                           "" 
 32 1.020249186344e+10 3.379173445659e+07 768 7235 3201 11 6 7 7 1.29373300e-03 2.83322361e-03 outputs/V1e24_D30_G6/solution/solution-00024 
 33 1.023557594159e+10 3.308407814563e+07 768 7235 3201 11 6 7 7 1.31425222e-03 2.88382752e-03                                           "" 
 34 1.026807231760e+10 3.249637601269e+07 768 7235 3201 11 6 7 7 1.33175968e-03 2.92654224e-03                                           "" 
 35 1.030008814221e+10 3.201582460634e+07 768 7235 3201 11 6 7 7 1.34630806e-03 2.96156920e-03 outputs/V1e24_D30_G6/solution/solution-00025 
 36 1.033171990216e+10 3.163175995504e+07 768 7235 3201 11 6 7 7 1.35796627e-03 2.98915122e-03                                           "" 
 37 1.036305514639e+10 3.133524422510e+07 768 7235 3201 11 6 7 7 1.36681852e-03 3.01030268e-03                                           "" 
 38 1.039417388570e+10 3.111873931041e+07 768 7235 3201 11 6 7 7 1.37296324e-03 3.02452216e-03                                           "" 
 39 1.042514973216e+10 3.097584645801e+07 768 7235 3201 11 6 7 7 1.37651176e-03 3.03211073e-03 outputs/V1e24_D30_G6/solution/solution-00026 
 40 1.045605082870e+10 3.090109654142e+07 768 7235 3201 11 6 7 7 1.37758683e-03 3.03343629e-03                                           "" 
 41 1.048694060823e+10 3.088977953207e+07 768 7235 3201 11 6 7 7 1.37632097e-03 3.02888791e-03                                           "" 
 42 1.051787841281e+10 3.093780457802e+07 768 7235 3201 11 6 7 7 1.37285481e-03 3.01887133e-03 outputs/V1e24_D30_G6/solution/solution-00027 
 43 1.054891999700e+10 3.104158419641e+07 768 7235 3201 11 6 7 7 1.36733528e-03 3.00380444e-03                                           "" 
 44 1.058011793464e+10 3.119793763955e+07 768 7235 3201 11 6 7 7 1.35991393e-03 2.98411288e-03                                           "" 
 45 1.061152194430e+10 3.140400965222e+07 768 7235 3201 10 6 7 7 1.35074515e-03 2.96022577e-03 outputs/V1e24_D30_G6/solution/solution-00028 
 46 1.064317914601e+10 3.165720170933e+07 768 7235 3201 10 6 7 7 1.33998457e-03 2.93257167e-03                                           "" 
 47 1.067513425949e+10 3.195511348491e+07 768 7235 3201 10 6 7 7 1.32778748e-03 2.90157473e-03                                           "" 
 48 1.070742975230e+10 3.229549281378e+07 768 7235 3201 10 6 7 7 1.31430738e-03 2.86765118e-03 outputs/V1e24_D30_G6/solution/solution-00029 
 49 1.074010594511e+10 3.267619280595e+07 768 7235 3201 10 6 7 7 1.29969475e-03 2.83120611e-03                                           "" 
 50 1.077320108020e+10 3.309513508876e+07 768 7235 3201 10 6 7 7 1.28409582e-03 2.79263061e-03                                           "" 
 51 1.080675135860e+10 3.355027840307e+07 768 7235 3201 10 6 7 7 1.26765162e-03 2.75229931e-03 outputs/V1e24_D30_G6/solution/solution-00030 
 52 1.084079095058e+10 3.403959197912e+07 768 7235 3201 10 6 7 7 1.25049711e-03 2.71056833e-03                                           "" 
 53 1.087535198386e+10 3.456103327547e+07 768 7235 3201 10 6 7 7 1.23276047e-03 2.66777359e-03                                           "" 
 54 1.091046451364e+10 3.511252978768e+07 768 7235 3201 10 6 7 7 1.21456259e-03 2.62442841e-03 outputs/V1e24_D30_G6/solution/solution-00031 
 55 1.094615647837e+10 3.569196472630e+07 768 7235 3201 10 6 7 7 1.19601656e-03 2.58092551e-03                                           "" 
 56 1.098245364480e+10 3.629716643121e+07 768 7235 3201 10 6 7 7 1.17722745e-03 2.53724614e-03                                           "" 
 57 1.101937954623e+10 3.692590143304e+07 768 7235 3201 10 6 7 7 1.15829212e-03 2.49363266e-03 outputs/V1e24_D30_G6/solution/solution-00032 
 58 1.105695541733e+10 3.757587109402e+07 768 7235 3201 10 6 7 7 1.13929908e-03 2.45030475e-03                                           "" 
 59 1.109520012909e+10 3.824471176171e+07 768 7235 3201 10 6 7 7 1.12032861e-03 2.40745970e-03                                           "" 
 60 1.113413012744e+10 3.892999835095e+07 768 7235 3201 10 6 7 7 1.10145278e-03 2.36527288e-03 outputs/V1e24_D30_G6/solution/solution-00033 
 61 1.117375937867e+10 3.962925123317e+07 768 7235 3201 10 6 7 7 1.08273569e-03 2.32389840e-03                                           "" 
 62 1.121409932494e+10 4.033994626169e+07 768 7235 3201 10 6 7 7 1.06423367e-03 2.28346994e-03 outputs/V1e24_D30_G6/solution/solution-00034 
 63 1.125515885264e+10 4.105952769898e+07 768 7235 3201  9 6 7 7 1.04599564e-03 2.24410168e-03                                           "" 
 64 1.129694427638e+10 4.178542374229e+07 768 7235 3201  9 6 7 7 1.02806341e-03 2.20588936e-03                                           "" 
 65 1.133945934065e+10 4.251506427218e+07 768 7235 3201  9 6 7 7 1.01047209e-03 2.16891138e-03 outputs/V1e24_D30_G6/solution/solution-00035 
 66 1.138270524103e+10 4.324590037987e+07 768 7235 3201  9 6 7 7 9.93250521e-04 2.13322997e-03                                           "" 
 67 1.142668066620e+10 4.397542516906e+07 768 7235 3201  9 6 7 7 9.76421716e-04 2.09889238e-03 outputs/V1e24_D30_G6/solution/solution-00036 
 68 1.147138186148e+10 4.470119528201e+07 768 7235 3201  9 6 7 7 9.60003320e-04 2.06593205e-03                                           "" 
 69 1.151680271405e+10 4.542085257065e+07 768 7235 3201  9 6 7 7 9.44008087e-04 2.03436986e-03 outputs/V1e24_D30_G6/solution/solution-00037 
 70 1.156293372879e+10 4.613101474217e+07 768 7235 3201  9 6 7 7 9.28444729e-04 2.00421598e-03                                           "" 
 71 1.160975033277e+10 4.681660397809e+07 768 7235 3201  9 6 7 7 9.13322042e-04 1.97547783e-03 outputs/V1e24_D30_G6/solution/solution-00038 
 72 1.165723945918e+10 4.748912640971e+07 768 7235 3201  9 6 7 7 8.98640510e-04 1.94814408e-03                                           "" 
 73 1.170538630274e+10 4.814684356127e+07 768 7235 3201  9 6 7 7 8.84397588e-04 1.92219533e-03 outputs/V1e24_D30_G6/solution/solution-00039 
 74 1.175417450269e+10 4.878819994637e+07 768 7235 3201  9 6 7 7 8.70588149e-04 1.89760517e-03                                           "" 
 75 1.180358633557e+10 4.941183287948e+07 768 7235 3201  9 6 7 7 8.57204894e-04 1.87437849e-03 outputs/V1e24_D30_G6/solution/solution-00040 
 76 1.185360291472e+10 5.001657914814e+07 768 7235 3201  9 6 7 7 8.44238739e-04 1.85271266e-03                                           "" 
 77 1.190420439325e+10 5.060147853009e+07 768 7235 3201  9 6 7 7 8.31679180e-04 1.83227952e-03 outputs/V1e24_D30_G6/solution/solution-00041 
 78 1.195537016746e+10 5.116577421221e+07 768 7235 3201  9 6 7 7 8.19514611e-04 1.81303376e-03                                           "" 
 79 1.200707907771e+10 5.170891024865e+07 768 7235 3201  9 6 7 7 8.07732619e-04 1.79492735e-03 outputs/V1e24_D30_G6/solution/solution-00042 
 80 1.205930960398e+10 5.223052626936e+07 768 7235 3201  9 5 6 6 7.96320241e-04 1.77791011e-03                                           "" 
 81 1.211204005385e+10 5.273044986976e+07 768 7235 3201  9 5 6 6 7.85264194e-04 1.76193037e-03 outputs/V1e24_D30_G6/solution/solution-00043 
 82 1.216524873989e+10 5.320868604794e+07 768 7235 3201  9 5 6 6 7.74551066e-04 1.74693543e-03                                           "" 
 83 1.221891414632e+10 5.366540642663e+07 768 7235 3201  8 5 6 6 7.64167481e-04 1.73287207e-03 outputs/V1e24_D30_G6/solution/solution-00044 
 84 1.227301508175e+10 5.410093543374e+07 768 7235 3201  8 5 6 6 7.54100236e-04 1.71968695e-03                                           "" 
 85 1.232753081797e+10 5.451573621091e+07 768 7235 3201  8 5 6 6 7.44336413e-04 1.70732698e-03 outputs/V1e24_D30_G6/solution/solution-00045 
 86 1.238244121361e+10 5.491039564415e+07 768 7235 3201  8 5 6 6 7.34863466e-04 1.69573966e-03                                           "" 
 87 1.243772682263e+10 5.528560901734e+07 768 7235 3201  8 5 6 6 7.25669288e-04 1.68487335e-03 outputs/V1e24_D30_G6/solution/solution-00046 
 88 1.249336898723e+10 5.564216460041e+07 768 7235 3201  8 5 6 6 7.16742260e-04 1.67467748e-03                                           "" 
 89 1.254934991568e+10 5.598092845135e+07 768 7235 3201  8 5 6 6 7.08071284e-04 1.66510281e-03 outputs/V1e24_D30_G6/solution/solution-00047 
 90 1.260565274535e+10 5.630282967552e+07 768 7235 3201  8 5 6 6 6.99645803e-04 1.65610158e-03 outputs/V1e24_D30_G6/solution/solution-00048 
 91 1.266226159170e+10 5.660884634762e+07 768 7235 3201  8 5 6 6 6.91455807e-04 1.64762764e-03                                           "" 
 92 1.271916158397e+10 5.689999226378e+07 768 7235 3201  8 5 6 6 6.83491832e-04 1.63963658e-03 outputs/V1e24_D30_G6/solution/solution-00049 
 93 1.277633888862e+10 5.717730465356e+07 768 7235 3201  8 5 6 6 6.75744947e-04 1.63208580e-03                                           "" 
 94 1.283378072157e+10 5.744183294650e+07 768 7235 3201  8 5 6 6 6.68206739e-04 1.62493463e-03 outputs/V1e24_D30_G6/solution/solution-00050 
 95 1.289147535022e+10 5.769462865449e+07 768 7235 3201  8 5 6 6 6.60869289e-04 1.61814430e-03                                           "" 
 96 1.294941208662e+10 5.793673640139e+07 768 7235 3201  8 5 6 6 6.53725141e-04 1.61167804e-03 outputs/V1e24_D30_G6/solution/solution-00051 
 97 1.300758127273e+10 5.816918610430e+07 768 7235 3201  8 5 6 6 6.46767275e-04 1.60550104e-03 outputs/V1e24_D30_G6/solution/solution-00052 
 98 1.306597425901e+10 5.839298628749e+07 768 7235 3201  8 5 6 6 6.39989069e-04 1.59958045e-03                                           "" 
 99 1.312458337750e+10 5.860911848984e+07 768 7235 3201  8 5 6 6 6.33384266e-04 1.59388539e-03 outputs/V1e24_D30_G6/solution/solution-00053 
100 1.318340191021e+10 5.881853271017e+07 768 7235 3201  8 5 6 6 6.26946934e-04 1.58845546e-03                                           "" 
