# 1: Time step number
# 2: Time (years)
# 3: Time step size (years)
# 4: Number of mesh cells
# 5: Number of Stokes degrees of freedom
# 6: Number of temperature degrees of freedom
# 7: Iterations for temperature solver
# 8: Iterations for Stokes solver
# 9: Velocity iterations in Stokes preconditioner
# 10: Schur complement iterations in Stokes preconditioner
# 11: RMS velocity (m/year)
# 12: Max. velocity (m/year)
# 13: Visualization file name
  0 0.000000000000e+00 0.000000000000e+00 768 7235 3201  0 8 9 9 2.63924958e-08 4.45276786e-08 outputs/V1e26_D1000_G4/solution/solution-00000 
  1 1.392571516413e+09 1.392571516413e+09 768 7235 3201 19 6 7 7 2.53655213e-08 4.27950350e-08 outputs/V1e26_D1000_G4/solution/solution-00001 
  2 2.785143032825e+09 1.392571516413e+09 768 7235 3201 12 5 6 6 2.43569571e-08 4.10934519e-08 outputs/V1e26_D1000_G4/solution/solution-00002 
  3 4.177714549238e+09 1.392571516413e+09 768 7235 3201 13 5 6 6 2.33810908e-08 3.94470347e-08 outputs/V1e26_D1000_G4/solution/solution-00003 
  4 5.570286065650e+09 1.392571516413e+09 768 7235 3201 13 5 6 6 2.24417770e-08 3.78622863e-08 outputs/V1e26_D1000_G4/solution/solution-00004 
  5 6.962857582063e+09 1.392571516413e+09 768 7235 3201 13 5 6 6 2.15393236e-08 3.63397265e-08 outputs/V1e26_D1000_G4/solution/solution-00005 
  6 8.355429098476e+09 1.392571516413e+09 768 7235 3201 13 5 6 6 2.06728594e-08 3.48778852e-08 outputs/V1e26_D1000_G4/solution/solution-00006 
  7 9.748000614888e+09 1.392571516413e+09 768 7235 3201 13 5 6 6 1.98411469e-08 3.34746748e-08 outputs/V1e26_D1000_G4/solution/solution-00007 
  8 1.114057213130e+10 1.392571516413e+09 768 7235 3201 13 5 6 6 1.90428603e-08 3.21278583e-08 outputs/V1e26_D1000_G4/solution/solution-00008 
  9 1.253314364771e+10 1.392571516413e+09 768 7235 3201 13 5 6 6 1.82766796e-08 3.08352088e-08 outputs/V1e26_D1000_G4/solution/solution-00009 
 10 1.392571516413e+10 1.392571516413e+09 768 7235 3201 13 5 6 6 1.75413217e-08 2.95945613e-08 outputs/V1e26_D1000_G4/solution/solution-00010 
 11 1.531828668054e+10 1.392571516413e+09 768 7235 3201 12 5 6 6 1.68355492e-08 2.84038285e-08 outputs/V1e26_D1000_G4/solution/solution-00011 
 12 1.671085819695e+10 1.392571516413e+09 768 7235 3201 12 5 6 6 1.61581729e-08 2.72610039e-08 outputs/V1e26_D1000_G4/solution/solution-00012 
 13 1.810342971336e+10 1.392571516413e+09 768 7235 3201 12 5 6 6 1.55080506e-08 2.61641604e-08 outputs/V1e26_D1000_G4/solution/solution-00013 
 14 1.949600122978e+10 1.392571516413e+09 768 7235 3201 12 5 6 6 1.48840858e-08 2.51114481e-08 outputs/V1e26_D1000_G4/solution/solution-00014 
 15 2.088857274619e+10 1.392571516413e+09 768 7235 3201 12 5 6 6 1.42852261e-08 2.41010916e-08 outputs/V1e26_D1000_G4/solution/solution-00015 
 16 2.228114426260e+10 1.392571516413e+09 768 7235 3201 12 5 6 6 1.37104615e-08 2.31313867e-08 outputs/V1e26_D1000_G4/solution/solution-00016 
 17 2.367371577901e+10 1.392571516413e+09 768 7235 3201 12 5 6 6 1.31588225e-08 2.22006977e-08 outputs/V1e26_D1000_G4/solution/solution-00017 
 18 2.506628729543e+10 1.392571516413e+09 768 7235 3201 12 5 6 6 1.26293787e-08 2.13074550e-08 outputs/V1e26_D1000_G4/solution/solution-00018 
 19 2.645885881184e+10 1.392571516413e+09 768 7235 3201 12 5 6 6 1.21212369e-08 2.04501517e-08 outputs/V1e26_D1000_G4/solution/solution-00019 
 20 2.785143032825e+10 1.392571516413e+09 768 7235 3201 12 5 6 6 1.16335402e-08 1.96273420e-08 outputs/V1e26_D1000_G4/solution/solution-00020 
 21 2.924400184466e+10 1.392571516413e+09 768 7235 3201 12 5 6 6 1.11654659e-08 1.88376379e-08 outputs/V1e26_D1000_G4/solution/solution-00021 
 22 3.063657336108e+10 1.392571516413e+09 768 7235 3201 12 5 6 6 1.07162246e-08 1.80797075e-08 outputs/V1e26_D1000_G4/solution/solution-00022 
 23 3.202914487749e+10 1.392571516413e+09 768 7235 3201 12 5 6 6 1.02850584e-08 1.73522724e-08 outputs/V1e26_D1000_G4/solution/solution-00023 
 24 3.342171639390e+10 1.392571516413e+09 768 7235 3201 12 5 6 6 9.87124013e-09 1.66541055e-08 outputs/V1e26_D1000_G4/solution/solution-00024 
 25 3.481428791032e+10 1.392571516413e+09 768 7235 3201 12 5 6 6 9.47407181e-09 1.59840293e-08 outputs/V1e26_D1000_G4/solution/solution-00025 
 26 3.620685942673e+10 1.392571516413e+09 768 7235 3201 12 5 6 6 9.09288351e-09 1.53409135e-08 outputs/V1e26_D1000_G4/solution/solution-00026 
 27 3.759943094314e+10 1.392571516413e+09 768 7235 3201 12 5 6 6 8.72703229e-09 1.47236735e-08 outputs/V1e26_D1000_G4/solution/solution-00027 
 28 3.899200245955e+10 1.392571516413e+09 768 7235 3201 12 5 6 6 8.37590106e-09 1.41312680e-08 outputs/V1e26_D1000_G4/solution/solution-00028 
 29 4.038457397597e+10 1.392571516413e+09 768 7235 3201 12 5 6 6 8.03889755e-09 1.35626979e-08 outputs/V1e26_D1000_G4/solution/solution-00029 
 30 4.177714549238e+10 1.392571516413e+09 768 7235 3201 12 5 6 6 7.71545335e-09 1.30170042e-08 outputs/V1e26_D1000_G4/solution/solution-00030 
 31 4.316971700879e+10 1.392571516413e+09 768 7235 3201 12 5 6 6 7.40502289e-09 1.24932664e-08 outputs/V1e26_D1000_G4/solution/solution-00031 
 32 4.456228852520e+10 1.392571516413e+09 768 7235 3201 12 5 6 6 7.10708257e-09 1.19906011e-08 outputs/V1e26_D1000_G4/solution/solution-00032 
 33 4.595486004162e+10 1.392571516413e+09 768 7235 3201 12 5 6 6 6.82112984e-09 1.15081605e-08 outputs/V1e26_D1000_G4/solution/solution-00033 
 34 4.734743155803e+10 1.392571516413e+09 768 7235 3201 12 5 6 6 6.54668240e-09 1.10451309e-08 outputs/V1e26_D1000_G4/solution/solution-00034 
 35 4.874000307444e+10 1.392571516413e+09 768 7235 3201 12 5 6 6 6.28327732e-09 1.06007312e-08 outputs/V1e26_D1000_G4/solution/solution-00035 
 36 5.013257459085e+10 1.392571516413e+09 768 7235 3201 11 5 6 6 6.03047031e-09 1.01742119e-08 outputs/V1e26_D1000_G4/solution/solution-00036 
 37 5.152514610727e+10 1.392571516413e+09 768 7235 3201 11 5 6 6 5.78783497e-09 9.76485354e-09 outputs/V1e26_D1000_G4/solution/solution-00037 
 38 5.291771762368e+10 1.392571516413e+09 768 7235 3201 11 5 6 6 5.55496203e-09 9.37196568e-09 outputs/V1e26_D1000_G4/solution/solution-00038 
 39 5.431028914009e+10 1.392571516413e+09 768 7235 3201 11 5 6 6 5.33145872e-09 8.99488562e-09 outputs/V1e26_D1000_G4/solution/solution-00039 
 40 5.570286065650e+10 1.392571516413e+09 768 7235 3201 11 5 6 6 5.11694803e-09 8.63297734e-09 outputs/V1e26_D1000_G4/solution/solution-00040 
 41 5.709543217292e+10 1.392571516413e+09 768 7235 3201 11 5 6 6 4.91106816e-09 8.28563040e-09 outputs/V1e26_D1000_G4/solution/solution-00041 
 42 5.848800368933e+10 1.392571516413e+09 768 7235 3201 11 5 6 6 4.71347185e-09 7.95225893e-09 outputs/V1e26_D1000_G4/solution/solution-00042 
 43 5.988057520574e+10 1.392571516413e+09 768 7235 3201 11 5 6 6 4.52382580e-09 7.63230063e-09 outputs/V1e26_D1000_G4/solution/solution-00043 
 44 6.127314672215e+10 1.392571516413e+09 768 7235 3201 11 5 6 6 4.34181014e-09 7.32521581e-09 outputs/V1e26_D1000_G4/solution/solution-00044 
 45 6.266571823857e+10 1.392571516413e+09 768 7235 3201 11 5 6 6 4.16711787e-09 7.03048652e-09 outputs/V1e26_D1000_G4/solution/solution-00045 
 46 6.405828975498e+10 1.392571516413e+09 768 7235 3201 11 5 6 6 3.99945432e-09 6.74761563e-09 outputs/V1e26_D1000_G4/solution/solution-00046 
 47 6.545086127139e+10 1.392571516413e+09 768 7235 3201 11 5 6 6 3.83853669e-09 6.47612602e-09 outputs/V1e26_D1000_G4/solution/solution-00047 
 48 6.684343278781e+10 1.392571516413e+09 768 7235 3201 11 5 6 6 3.68409357e-09 6.21555977e-09 outputs/V1e26_D1000_G4/solution/solution-00048 
 49 6.823600430422e+10 1.392571516413e+09 768 7235 3201 11 5 6 6 3.53586445e-09 5.96547737e-09 outputs/V1e26_D1000_G4/solution/solution-00049 
 50 6.962857582063e+10 1.392571516413e+09 768 7235 3201 11 5 6 6 3.39359931e-09 5.72545702e-09 outputs/V1e26_D1000_G4/solution/solution-00050 
 51 7.102114733704e+10 1.392571516413e+09 768 7235 3201 11 5 6 6 3.25705820e-09 5.49509386e-09 outputs/V1e26_D1000_G4/solution/solution-00051 
 52 7.241371885346e+10 1.392571516413e+09 768 7235 3201 11 5 6 6 3.12601081e-09 5.27399933e-09 outputs/V1e26_D1000_G4/solution/solution-00052 
 53 7.380629036987e+10 1.392571516413e+09 768 7235 3201 11 5 6 6 3.00023609e-09 5.06180052e-09 outputs/V1e26_D1000_G4/solution/solution-00053 
 54 7.519886188628e+10 1.392571516413e+09 768 7235 3201 11 5 6 6 2.87952190e-09 4.85813951e-09 outputs/V1e26_D1000_G4/solution/solution-00054 
 55 7.659143340269e+10 1.392571516413e+09 768 7235 3201 11 5 6 6 2.76366464e-09 4.66267277e-09 outputs/V1e26_D1000_G4/solution/solution-00055 
 56 7.798400491911e+10 1.392571516413e+09 768 7235 3201 11 5 6 6 2.65246888e-09 4.47507062e-09 outputs/V1e26_D1000_G4/solution/solution-00056 
 57 7.937657643552e+10 1.392571516413e+09 768 7235 3201 11 5 6 6 2.54574708e-09 4.29501663e-09 outputs/V1e26_D1000_G4/solution/solution-00057 
 58 8.076914795193e+10 1.392571516413e+09 768 7235 3201 11 5 6 6 2.44331921e-09 4.12220708e-09 outputs/V1e26_D1000_G4/solution/solution-00058 
 59 8.216171946834e+10 1.392571516413e+09 768 7235 3201 11 5 6 6 2.34501252e-09 3.95635051e-09 outputs/V1e26_D1000_G4/solution/solution-00059 
 60 8.355429098476e+10 1.392571516413e+09 768 7235 3201 10 5 6 6 2.25066118e-09 3.79716716e-09 outputs/V1e26_D1000_G4/solution/solution-00060 
 61 8.494686250117e+10 1.392571516413e+09 768 7235 3201 10 5 6 6 2.16010607e-09 3.64438854e-09 outputs/V1e26_D1000_G4/solution/solution-00061 
 62 8.633943401758e+10 1.392571516413e+09 768 7235 3201 10 5 6 6 2.07319442e-09 3.49775695e-09 outputs/V1e26_D1000_G4/solution/solution-00062 
 63 8.773200553399e+10 1.392571516413e+09 768 7235 3201 10 5 6 6 1.98977966e-09 3.35702507e-09 outputs/V1e26_D1000_G4/solution/solution-00063 
 64 8.912457705041e+10 1.392571516413e+09 768 7235 3201 10 5 6 6 1.90972109e-09 3.22195551e-09 outputs/V1e26_D1000_G4/solution/solution-00064 
 65 9.051714856682e+10 1.392571516413e+09 768 7235 3201 10 5 6 6 1.83288366e-09 3.09232047e-09 outputs/V1e26_D1000_G4/solution/solution-00065 
 66 9.190972008323e+10 1.392571516413e+09 768 7235 3201 10 5 6 6 1.75913778e-09 2.96790128e-09 outputs/V1e26_D1000_G4/solution/solution-00066 
 67 9.330229159964e+10 1.392571516413e+09 768 7235 3201 10 5 6 6 1.68835905e-09 2.84848808e-09 outputs/V1e26_D1000_G4/solution/solution-00067 
 68 9.469486311606e+10 1.392571516413e+09 768 7235 3201 10 5 6 6 1.62042810e-09 2.73387946e-09 outputs/V1e26_D1000_G4/solution/solution-00068 
 69 9.608743463247e+10 1.392571516413e+09 768 7235 3201 10 5 6 6 1.55523035e-09 2.62388211e-09 outputs/V1e26_D1000_G4/solution/solution-00069 
 70 9.748000614888e+10 1.392571516413e+09 768 7235 3201 10 5 6 6 1.49265581e-09 2.51831049e-09 outputs/V1e26_D1000_G4/solution/solution-00070 
 71 9.887257766530e+10 1.392571516413e+09 768 7235 3201 10 5 6 6 1.43259896e-09 2.41698653e-09 outputs/V1e26_D1000_G4/solution/solution-00071 
 72 1.002651491817e+11 1.392571516413e+09 768 7235 3201 10 5 6 6 1.37495849e-09 2.31973933e-09 outputs/V1e26_D1000_G4/solution/solution-00072 
 73 1.016577206981e+11 1.392571516413e+09 768 7235 3201 10 5 6 6 1.31963718e-09 2.22640486e-09 outputs/V1e26_D1000_G4/solution/solution-00073 
 74 1.030502922145e+11 1.392571516413e+09 768 7235 3201 10 5 6 6 1.26654172e-09 2.13682569e-09 outputs/V1e26_D1000_G4/solution/solution-00074 
 75 1.044428637309e+11 1.392571516413e+09 768 7235 3201 10 5 6 6 1.21558255e-09 2.05085073e-09 outputs/V1e26_D1000_G4/solution/solution-00075 
 76 1.058354352474e+11 1.392571516413e+09 768 7235 3201 10 5 6 6 1.16667371e-09 1.96833497e-09 outputs/V1e26_D1000_G4/solution/solution-00076 
 77 1.072280067638e+11 1.392571516413e+09 768 7235 3201 10 5 6 6 1.11973271e-09 1.88913922e-09 outputs/V1e26_D1000_G4/solution/solution-00077 
 78 1.086205782802e+11 1.392571516413e+09 768 7235 3201 10 5 6 6 1.07468038e-09 1.81312990e-09 outputs/V1e26_D1000_G4/solution/solution-00078 
 79 1.100131497966e+11 1.392571516413e+09 768 7235 3201 10 5 6 6 1.03144073e-09 1.74017881e-09 outputs/V1e26_D1000_G4/solution/solution-00079 
 80 1.114057213130e+11 1.392571516413e+09 768 7235 3201 10 5 6 6 9.89940822e-10 1.67016290e-09 outputs/V1e26_D1000_G4/solution/solution-00080 
 81 1.127982928294e+11 1.392571516413e+09 768 7235 3201 10 5 6 6 9.50110656e-10 1.60296407e-09 outputs/V1e26_D1000_G4/solution/solution-00081 
 82 1.141908643458e+11 1.392571516413e+09 768 7235 3201 10 5 6 6 9.11883053e-10 1.53846897e-09 outputs/V1e26_D1000_G4/solution/solution-00082 
 83 1.155834358622e+11 1.392571516413e+09 768 7235 3201 10 5 6 6 8.75193533e-10 1.47656883e-09 outputs/V1e26_D1000_G4/solution/solution-00083 
 84 1.169760073787e+11 1.392571516413e+09 768 7235 3201 10 5 6 6 8.39980213e-10 1.41715924e-09 outputs/V1e26_D1000_G4/solution/solution-00084 
 85 1.183685788951e+11 1.392571516413e+09 768 7235 3201 10 5 6 6 8.06183697e-10 1.36013999e-09 outputs/V1e26_D1000_G4/solution/solution-00085 
 86 1.197611504115e+11 1.392571516413e+09 768 7235 3201 10 5 6 6 7.73746980e-10 1.30541490e-09 outputs/V1e26_D1000_G4/solution/solution-00086 
 87 1.211537219279e+11 1.392571516413e+09 768 7235 3201  9 5 6 6 7.42615354e-10 1.25289167e-09 outputs/V1e26_D1000_G4/solution/solution-00087 
 88 1.225462934443e+11 1.392571516413e+09 768 7235 3201  9 5 6 6 7.12736305e-10 1.20248171e-09 outputs/V1e26_D1000_G4/solution/solution-00088 
 89 1.239388649607e+11 1.392571516413e+09 768 7235 3201  9 5 6 6 6.84059438e-10 1.15409999e-09 outputs/V1e26_D1000_G4/solution/solution-00089 
 90 1.253314364771e+11 1.392571516413e+09 768 7235 3201  9 5 6 6 6.56536381e-10 1.10766490e-09 outputs/V1e26_D1000_G4/solution/solution-00090 
 91 1.267240079935e+11 1.392571516413e+09 768 7235 3201  9 5 6 6 6.30120711e-10 1.06309813e-09 outputs/V1e26_D1000_G4/solution/solution-00091 
 92 1.281165795100e+11 1.392571516413e+09 768 7235 3201  9 5 6 6 6.04767873e-10 1.02032449e-09 outputs/V1e26_D1000_G4/solution/solution-00092 
 93 1.295091510264e+11 1.392571516413e+09 768 7235 3201  9 5 6 6 5.80435104e-10 9.79271845e-10 outputs/V1e26_D1000_G4/solution/solution-00093 
 94 1.309017225428e+11 1.392571516413e+09 768 7235 3201  9 5 6 6 5.57081360e-10 9.39870949e-10 outputs/V1e26_D1000_G4/solution/solution-00094 
 95 1.322942940592e+11 1.392571516413e+09 768 7235 3201  9 5 6 6 5.34667253e-10 9.02055344e-10 outputs/V1e26_D1000_G4/solution/solution-00095 
 96 1.336868655756e+11 1.392571516413e+09 768 7235 3201  9 5 6 6 5.13154974e-10 8.65761245e-10 outputs/V1e26_D1000_G4/solution/solution-00096 
 97 1.350794370920e+11 1.392571516413e+09 768 7235 3201  9 5 6 6 4.92508239e-10 8.30927436e-10 outputs/V1e26_D1000_G4/solution/solution-00097 
 98 1.364720086084e+11 1.392571516413e+09 768 7235 3201  9 5 6 6 4.72692224e-10 7.97495163e-10 outputs/V1e26_D1000_G4/solution/solution-00098 
 99 1.378645801248e+11 1.392571516413e+09 768 7235 3201  9 5 6 6 4.53673503e-10 7.65408031e-10 outputs/V1e26_D1000_G4/solution/solution-00099 
100 1.392571516413e+11 1.392571516413e+09 768 7235 3201  9 5 6 6 4.35420000e-10 7.34611923e-10 outputs/V1e26_D1000_G4/solution/solution-00100 
