# 1: Time step number
# 2: Time (years)
# 3: Time step size (years)
# 4: Number of mesh cells
# 5: Number of Stokes degrees of freedom
# 6: Number of temperature degrees of freedom
# 7: Iterations for temperature solver
# 8: Iterations for Stokes solver
# 9: Velocity iterations in Stokes preconditioner
# 10: Schur complement iterations in Stokes preconditioner
# 11: RMS velocity (m/year)
# 12: Max. velocity (m/year)
# 13: Visualization file name
  0 0.000000000000e+00 0.000000000000e+00 768 7235 3201  0 8 9 9 5.27849917e-09 8.90553572e-09 outputs/V1e27_D1000_G8/solution/solution-00000 
  1 1.392571516413e+09 1.392571516413e+09 768 7235 3201 19 6 7 7 5.02039447e-09 8.47007851e-09 outputs/V1e27_D1000_G8/solution/solution-00001 
  2 2.785143032825e+09 1.392571516413e+09 768 7235 3201 13 5 6 6 4.77041312e-09 8.04832645e-09 outputs/V1e27_D1000_G8/solution/solution-00002 
  3 4.177714549238e+09 1.392571516413e+09 768 7235 3201 13 5 6 6 4.53134991e-09 7.64499478e-09 outputs/V1e27_D1000_G8/solution/solution-00003 
  4 5.570286065650e+09 1.392571516413e+09 768 7235 3201 13 5 6 6 4.30374658e-09 7.26099745e-09 outputs/V1e27_D1000_G8/solution/solution-00004 
  5 6.962857582063e+09 1.392571516413e+09 768 7235 3201 13 5 6 6 4.08739825e-09 6.89598880e-09 outputs/V1e27_D1000_G8/solution/solution-00005 
  6 8.355429098476e+09 1.392571516413e+09 768 7235 3201 13 5 6 6 3.88186535e-09 6.54922725e-09 outputs/V1e27_D1000_G8/solution/solution-00006 
  7 9.748000614888e+09 1.392571516413e+09 768 7235 3201 13 5 6 6 3.68664703e-09 6.21986778e-09 outputs/V1e27_D1000_G8/solution/solution-00007 
  8 1.114057213130e+10 1.392571516413e+09 768 7235 3201 13 5 6 6 3.50123921e-09 5.90705992e-09 outputs/V1e27_D1000_G8/solution/solution-00008 
  9 1.253314364771e+10 1.392571516413e+09 768 7235 3201 13 5 6 6 3.32515348e-09 5.60997970e-09 outputs/V1e27_D1000_G8/solution/solution-00009 
 10 1.392571516413e+10 1.392571516413e+09 768 7235 3201 13 5 6 6 3.15792272e-09 5.32783898e-09 outputs/V1e27_D1000_G8/solution/solution-00010 
 11 1.531828668054e+10 1.392571516413e+09 768 7235 3201 13 5 6 6 2.99910215e-09 5.05988740e-09 outputs/V1e27_D1000_G8/solution/solution-00011 
 12 1.671085819695e+10 1.392571516413e+09 768 7235 3201 13 5 6 6 2.84826902e-09 4.80541168e-09 outputs/V1e27_D1000_G8/solution/solution-00012 
 13 1.810342971336e+10 1.392571516413e+09 768 7235 3201 13 5 6 6 2.70502166e-09 4.56373419e-09 outputs/V1e27_D1000_G8/solution/solution-00013 
 14 1.949600122978e+10 1.392571516413e+09 768 7235 3201 13 5 6 6 2.56897861e-09 4.33421131e-09 outputs/V1e27_D1000_G8/solution/solution-00014 
 15 2.088857274619e+10 1.392571516413e+09 768 7235 3201 13 5 6 6 2.43977753e-09 4.11623177e-09 outputs/V1e27_D1000_G8/solution/solution-00015 
 16 2.228114426260e+10 1.392571516413e+09 768 7235 3201 13 5 6 6 2.31707433e-09 3.90921503e-09 outputs/V1e27_D1000_G8/solution/solution-00016 
 17 2.367371577901e+10 1.392571516413e+09 768 7235 3201 13 5 6 6 2.20054222e-09 3.71260973e-09 outputs/V1e27_D1000_G8/solution/solution-00017 
 18 2.506628729543e+10 1.392571516413e+09 768 7235 3201 12 5 6 6 2.08987083e-09 3.52589226e-09 outputs/V1e27_D1000_G8/solution/solution-00018 
 19 2.645885881184e+10 1.392571516413e+09 768 7235 3201 12 5 6 6 1.98476541e-09 3.34856534e-09 outputs/V1e27_D1000_G8/solution/solution-00019 
 20 2.785143032825e+10 1.392571516413e+09 768 7235 3201 12 5 6 6 1.88494604e-09 3.18015667e-09 outputs/V1e27_D1000_G8/solution/solution-00020 
 21 2.924400184466e+10 1.392571516413e+09 768 7235 3201 12 5 6 6 1.79014686e-09 3.02021775e-09 outputs/V1e27_D1000_G8/solution/solution-00021 
 22 3.063657336108e+10 1.392571516413e+09 768 7235 3201 12 5 6 6 1.70011540e-09 2.86832260e-09 outputs/V1e27_D1000_G8/solution/solution-00022 
 23 3.202914487749e+10 1.392571516413e+09 768 7235 3201 12 5 6 6 1.61461187e-09 2.72406668e-09 outputs/V1e27_D1000_G8/solution/solution-00023 
 24 3.342171639390e+10 1.392571516413e+09 768 7235 3201 12 5 6 6 1.53340854e-09 2.58706579e-09 outputs/V1e27_D1000_G8/solution/solution-00024 
 25 3.481428791032e+10 1.392571516413e+09 768 7235 3201 12 5 6 6 1.45628916e-09 2.45695506e-09 outputs/V1e27_D1000_G8/solution/solution-00025 
 26 3.620685942673e+10 1.392571516413e+09 768 7235 3201 12 5 6 6 1.38304833e-09 2.33338795e-09 outputs/V1e27_D1000_G8/solution/solution-00026 
 27 3.759943094314e+10 1.392571516413e+09 768 7235 3201 12 5 6 6 1.31349098e-09 2.21603538e-09 outputs/V1e27_D1000_G8/solution/solution-00027 
 28 3.899200245955e+10 1.392571516413e+09 768 7235 3201 12 5 6 6 1.24743187e-09 2.10458480e-09 outputs/V1e27_D1000_G8/solution/solution-00028 
 29 4.038457397597e+10 1.392571516413e+09 768 7235 3201 12 5 6 6 1.18469505e-09 1.99873938e-09 outputs/V1e27_D1000_G8/solution/solution-00029 
 30 4.177714549238e+10 1.392571516413e+09 768 7235 3201 12 5 6 6 1.12511344e-09 1.89821722e-09 outputs/V1e27_D1000_G8/solution/solution-00030 
 31 4.316971700879e+10 1.392571516413e+09 768 7235 3201 12 5 6 6 1.06852836e-09 1.80275059e-09 outputs/V1e27_D1000_G8/solution/solution-00031 
 32 4.456228852520e+10 1.392571516413e+09 768 7235 3201 12 5 6 6 1.01478909e-09 1.71208525e-09 outputs/V1e27_D1000_G8/solution/solution-00032 
 33 4.595486004162e+10 1.392571516413e+09 768 7235 3201 12 5 6 6 9.63752529e-10 1.62597972e-09 outputs/V1e27_D1000_G8/solution/solution-00033 
 34 4.734743155803e+10 1.392571516413e+09 768 7235 3201 12 5 6 6 9.15282734e-10 1.54420468e-09 outputs/V1e27_D1000_G8/solution/solution-00034 
 35 4.874000307444e+10 1.392571516413e+09 768 7235 3201 12 5 6 6 8.69250619e-10 1.46654233e-09 outputs/V1e27_D1000_G8/solution/solution-00035 
 36 5.013257459085e+10 1.392571516413e+09 768 7235 3201 12 5 6 6 8.25533588e-10 1.39278584e-09 outputs/V1e27_D1000_G8/solution/solution-00036 
 37 5.152514610727e+10 1.392571516413e+09 768 7235 3201 12 5 6 6 7.84015208e-10 1.32273877e-09 outputs/V1e27_D1000_G8/solution/solution-00037 
 38 5.291771762368e+10 1.392571516413e+09 768 7235 3201 11 5 6 6 7.44584902e-10 1.25621455e-09 outputs/V1e27_D1000_G8/solution/solution-00038 
 39 5.431028914009e+10 1.392571516413e+09 768 7235 3201 11 5 6 6 7.07137657e-10 1.19303603e-09 outputs/V1e27_D1000_G8/solution/solution-00039 
 40 5.570286065650e+10 1.392571516413e+09 768 7235 3201 11 5 6 6 6.71573737e-10 1.13303493e-09 outputs/V1e27_D1000_G8/solution/solution-00040 
 41 5.709543217292e+10 1.392571516413e+09 768 7235 3201 11 5 6 6 6.37798425e-10 1.07605145e-09 outputs/V1e27_D1000_G8/solution/solution-00041 
 42 5.848800368933e+10 1.392571516413e+09 768 7235 3201 11 5 6 6 6.05721768e-10 1.02193383e-09 outputs/V1e27_D1000_G8/solution/solution-00042 
 43 5.988057520574e+10 1.392571516413e+09 768 7235 3201 11 5 6 6 5.75258336e-10 9.70537937e-10 outputs/V1e27_D1000_G8/solution/solution-00043 
 44 6.127314672215e+10 1.392571516413e+09 768 7235 3201 11 5 6 6 5.46326994e-10 9.21726885e-10 outputs/V1e27_D1000_G8/solution/solution-00044 
 45 6.266571823857e+10 1.392571516413e+09 768 7235 3201 11 5 6 6 5.18850689e-10 8.75370676e-10 outputs/V1e27_D1000_G8/solution/solution-00045 
 46 6.405828975498e+10 1.392571516413e+09 768 7235 3201 11 5 6 6 4.92756245e-10 8.31345850e-10 outputs/V1e27_D1000_G8/solution/solution-00046 
 47 6.545086127139e+10 1.392571516413e+09 768 7235 3201 11 5 6 6 4.67974163e-10 7.89535155e-10 outputs/V1e27_D1000_G8/solution/solution-00047 
 48 6.684343278781e+10 1.392571516413e+09 768 7235 3201 11 5 6 6 4.44438440e-10 7.49827236e-10 outputs/V1e27_D1000_G8/solution/solution-00048 
 49 6.823600430422e+10 1.392571516413e+09 768 7235 3201 11 5 6 6 4.22086395e-10 7.12116338e-10 outputs/V1e27_D1000_G8/solution/solution-00049 
 50 6.962857582063e+10 1.392571516413e+09 768 7235 3201 11 5 6 6 4.00858496e-10 6.76302027e-10 outputs/V1e27_D1000_G8/solution/solution-00050 
 51 7.102114733704e+10 1.392571516413e+09 768 7235 3201 11 5 6 6 3.80698207e-10 6.42288917e-10 outputs/V1e27_D1000_G8/solution/solution-00051 
 52 7.241371885346e+10 1.392571516413e+09 768 7235 3201 11 5 6 6 3.61551835e-10 6.09986420e-10 outputs/V1e27_D1000_G8/solution/solution-00052 
 53 7.380629036987e+10 1.392571516413e+09 768 7235 3201 11 5 6 6 3.43368388e-10 5.79308507e-10 outputs/V1e27_D1000_G8/solution/solution-00053 
 54 7.519886188628e+10 1.392571516413e+09 768 7235 3201 11 5 6 6 3.26099436e-10 5.50173470e-10 outputs/V1e27_D1000_G8/solution/solution-00054 
 55 7.659143340269e+10 1.392571516413e+09 768 7235 3201 11 5 6 6 3.09698988e-10 5.22503716e-10 outputs/V1e27_D1000_G8/solution/solution-00055 
 56 7.798400491911e+10 1.392571516413e+09 768 7235 3201 11 5 6 6 2.94123365e-10 4.96225551e-10 outputs/V1e27_D1000_G8/solution/solution-00056 
 57 7.937657643552e+10 1.392571516413e+09 768 7235 3201 10 5 6 6 2.79331082e-10 4.71268987e-10 outputs/V1e27_D1000_G8/solution/solution-00057 
 58 8.076914795193e+10 1.392571516413e+09 768 7235 3201 10 5 6 6 2.65282745e-10 4.47567559e-10 outputs/V1e27_D1000_G8/solution/solution-00058 
 59 8.216171946834e+10 1.392571516413e+09 768 7235 3201 10 5 6 6 2.51940938e-10 4.25058142e-10 outputs/V1e27_D1000_G8/solution/solution-00059 
 60 8.355429098476e+10 1.392571516413e+09 768 7235 3201 10 5 6 6 2.39270127e-10 4.03680785e-10 outputs/V1e27_D1000_G8/solution/solution-00060 
 61 8.494686250117e+10 1.392571516413e+09 768 7235 3201 10 5 6 6 2.27236566e-10 3.83378555e-10 outputs/V1e27_D1000_G8/solution/solution-00061 
 62 8.633943401758e+10 1.392571516413e+09 768 7235 3201 10 5 6 6 2.15808207e-10 3.64097381e-10 outputs/V1e27_D1000_G8/solution/solution-00062 
 63 8.773200553399e+10 1.392571516413e+09 768 7235 3201 10 5 6 6 2.04954612e-10 3.45785911e-10 outputs/V1e27_D1000_G8/solution/solution-00063 
 64 8.912457705041e+10 1.392571516413e+09 768 7235 3201 10 5 6 6 1.94646874e-10 3.28395376e-10 outputs/V1e27_D1000_G8/solution/solution-00064 
 65 9.051714856682e+10 1.392571516413e+09 768 7235 3201 10 5 6 6 1.84857541e-10 3.11879459e-10 outputs/V1e27_D1000_G8/solution/solution-00065 
 66 9.190972008323e+10 1.392571516413e+09 768 7235 3201 10 5 6 6 1.75560541e-10 2.96194173e-10 outputs/V1e27_D1000_G8/solution/solution-00066 
 67 9.330229159964e+10 1.392571516413e+09 768 7235 3201 10 5 6 6 1.66731113e-10 2.81297744e-10 outputs/V1e27_D1000_G8/solution/solution-00067 
 68 9.469486311606e+10 1.392571516413e+09 768 7235 3201 10 5 6 6 1.58345742e-10 2.67150498e-10 outputs/V1e27_D1000_G8/solution/solution-00068 
 69 9.608743463247e+10 1.392571516413e+09 768 7235 3201 10 5 6 6 1.50382094e-10 2.53714756e-10 outputs/V1e27_D1000_G8/solution/solution-00069 
 70 9.748000614888e+10 1.392571516413e+09 768 7235 3201 10 5 6 6 1.42818960e-10 2.40954735e-10 outputs/V1e27_D1000_G8/solution/solution-00070 
 71 9.887257766530e+10 1.392571516413e+09 768 7235 3201 10 5 6 6 1.35636197e-10 2.28836451e-10 outputs/V1e27_D1000_G8/solution/solution-00071 
 72 1.002651491817e+11 1.392571516413e+09 768 7235 3201 10 5 6 6 1.28814675e-10 2.17327629e-10 outputs/V1e27_D1000_G8/solution/solution-00072 
 73 1.016577206981e+11 1.392571516413e+09 768 7235 3201 10 5 6 6 1.22336227e-10 2.06397618e-10 outputs/V1e27_D1000_G8/solution/solution-00073 
 74 1.030502922145e+11 1.392571516413e+09 768 7235 3201 10 5 6 6 1.16183597e-10 1.96017308e-10 outputs/V1e27_D1000_G8/solution/solution-00074 
 75 1.044428637309e+11 1.392571516413e+09 768 7235 3201 10 5 6 6 1.10340401e-10 1.86159052e-10 outputs/V1e27_D1000_G8/solution/solution-00075 
 76 1.058354352474e+11 1.392571516413e+09 768 7235 3201 10 5 6 6 1.04791075e-10 1.76796595e-10 outputs/V1e27_D1000_G8/solution/solution-00076 
 77 1.072280067638e+11 1.392571516413e+09 768 7235 3201 10 5 6 6 9.95208405e-11 1.67905002e-10 outputs/V1e27_D1000_G8/solution/solution-00077 
 78 1.086205782802e+11 1.392571516413e+09 768 7235 3201  9 5 6 6 9.45156609e-11 1.59460593e-10 outputs/V1e27_D1000_G8/solution/solution-00078 
 79 1.100131497966e+11 1.392571516413e+09 768 7235 3201  9 5 6 6 8.97622059e-11 1.51440878e-10 outputs/V1e27_D1000_G8/solution/solution-00079 
 80 1.114057213130e+11 1.392571516413e+09 768 7235 3201  9 5 6 6 8.52478154e-11 1.43824495e-10 outputs/V1e27_D1000_G8/solution/solution-00080 
 81 1.127982928294e+11 1.392571516413e+09 768 7235 3201  9 5 6 6 8.09604662e-11 1.36591162e-10 outputs/V1e27_D1000_G8/solution/solution-00081 
 82 1.141908643458e+11 1.392571516413e+09 768 7235 3201  9 5 6 6 7.68887396e-11 1.29721614e-10 outputs/V1e27_D1000_G8/solution/solution-00082 
 83 1.155834358622e+11 1.392571516413e+09 768 7235 3201  9 5 6 6 7.30217915e-11 1.23197554e-10 outputs/V1e27_D1000_G8/solution/solution-00083 
 84 1.169760073787e+11 1.392571516413e+09 768 7235 3201  9 5 6 6 6.93493231e-11 1.17001607e-10 outputs/V1e27_D1000_G8/solution/solution-00084 
 85 1.183685788951e+11 1.392571516413e+09 768 7235 3201  9 5 6 6 6.58615530e-11 1.11117272e-10 outputs/V1e27_D1000_G8/solution/solution-00085 
 86 1.197611504115e+11 1.392571516413e+09 768 7235 3201  9 5 6 6 6.25491928e-11 1.05528876e-10 outputs/V1e27_D1000_G8/solution/solution-00086 
 87 1.211537219279e+11 1.392571516413e+09 768 7235 3201  9 5 6 6 5.94034203e-11 1.00221536e-10 outputs/V1e27_D1000_G8/solution/solution-00087 
 88 1.225462934443e+11 1.392571516413e+09 768 7235 3201  9 5 6 6 5.64158574e-11 9.51811167e-11 outputs/V1e27_D1000_G8/solution/solution-00088 
 89 1.239388649607e+11 1.392571516413e+09 768 7235 3201  9 5 6 6 5.35785473e-11 9.03941941e-11 outputs/V1e27_D1000_G8/solution/solution-00089 
 90 1.253314364771e+11 1.392571516413e+09 768 7235 3201  9 5 6 6 5.08839335e-11 8.58480193e-11 outputs/V1e27_D1000_G8/solution/solution-00090 
 91 1.267240079935e+11 1.392571516413e+09 768 7235 3201  9 5 6 6 4.83248393e-11 8.15304842e-11 outputs/V1e27_D1000_G8/solution/solution-00091 
 92 1.281165795100e+11 1.392571516413e+09 768 7235 3201  9 5 6 6 4.58944489e-11 7.74300898e-11 outputs/V1e27_D1000_G8/solution/solution-00092 
 93 1.295091510264e+11 1.392571516413e+09 768 7235 3201  9 5 6 6 4.35862898e-11 7.35359158e-11 outputs/V1e27_D1000_G8/solution/solution-00093 
 94 1.309017225428e+11 1.392571516413e+09 768 7235 3201  9 5 6 6 4.13942143e-11 6.98375906e-11 outputs/V1e27_D1000_G8/solution/solution-00094 
 95 1.322942940592e+11 1.392571516413e+09 768 7235 3201  9 5 6 6 3.93123844e-11 6.63252643e-11 outputs/V1e27_D1000_G8/solution/solution-00095 
 96 1.336868655756e+11 1.392571516413e+09 768 7235 3201  8 5 6 6 3.73352553e-11 6.29895822e-11 outputs/V1e27_D1000_G8/solution/solution-00096 
 97 1.350794370920e+11 1.392571516413e+09 768 7235 3201  8 5 6 6 3.54575616e-11 5.98216612e-11 outputs/V1e27_D1000_G8/solution/solution-00097 
 98 1.364720086084e+11 1.392571516413e+09 768 7235 3201  8 5 6 6 3.36743023e-11 5.68130634e-11 outputs/V1e27_D1000_G8/solution/solution-00098 
 99 1.378645801248e+11 1.392571516413e+09 768 7235 3201  8 5 6 6 3.19807280e-11 5.39557763e-11 outputs/V1e27_D1000_G8/solution/solution-00099 
100 1.392571516413e+11 1.392571516413e+09 768 7235 3201  8 5 6 6 3.03723283e-11 5.12421902e-11 outputs/V1e27_D1000_G8/solution/solution-00100 
