# 1: Time step number
# 2: Time (years)
# 3: Time step size (years)
# 4: Number of mesh cells
# 5: Number of Stokes degrees of freedom
# 6: Number of temperature degrees of freedom
# 7: Iterations for temperature solver
# 8: Iterations for Stokes solver
# 9: Velocity iterations in Stokes preconditioner
# 10: Schur complement iterations in Stokes preconditioner
# 11: RMS velocity (m/year)
# 12: Max. velocity (m/year)
# 13: Visualization file name
  0 0.000000000000e+00 0.000000000000e+00 768 7235 3201  0 8 9 9 1.72500125e-09 8.38086616e-09 outputs/V1e27_D10000_G2/solution/solution-00000 
  1 1.392571516413e+09 1.392571516413e+09 768 7235 3201 32 8 9 9 1.35970928e-09 4.52634845e-09 outputs/V1e27_D10000_G2/solution/solution-00001 
  2 2.785143032825e+09 1.392571516413e+09 768 7235 3201 26 8 9 9 1.21270031e-09 2.24492142e-09 outputs/V1e27_D10000_G2/solution/solution-00002 
  3 4.177714549238e+09 1.392571516413e+09 768 7235 3201 25 8 9 9 1.14851156e-09 1.95344467e-09 outputs/V1e27_D10000_G2/solution/solution-00003 
  4 5.570286065650e+09 1.392571516413e+09 768 7235 3201 24 8 9 9 1.08996188e-09 1.83492987e-09 outputs/V1e27_D10000_G2/solution/solution-00004 
  5 6.962857582063e+09 1.392571516413e+09 768 7235 3201 23 8 9 9 1.03536541e-09 1.74538273e-09 outputs/V1e27_D10000_G2/solution/solution-00005 
  6 8.355429098476e+09 1.392571516413e+09 768 7235 3201 23 8 9 9 9.83501793e-10 1.65947319e-09 outputs/V1e27_D10000_G2/solution/solution-00006 
  7 9.748000614888e+09 1.392571516413e+09 768 7235 3201 22 8 9 9 9.34046080e-10 1.57717175e-09 outputs/V1e27_D10000_G2/solution/solution-00007 
  8 1.114057213130e+10 1.392571516413e+09 768 7235 3201 22 8 9 9 8.86873089e-10 1.49842423e-09 outputs/V1e27_D10000_G2/solution/solution-00008 
  9 1.253314364771e+10 1.392571516413e+09 768 7235 3201 21 8 9 9 8.41897393e-10 1.42316024e-09 outputs/V1e27_D10000_G2/solution/solution-00009 
 10 1.392571516413e+10 1.392571516413e+09 768 7235 3201 21 8 9 9 7.99043391e-10 1.35129734e-09 outputs/V1e27_D10000_G2/solution/solution-00010 
 11 1.531828668054e+10 1.392571516413e+09 768 7235 3201 21 8 9 9 7.58237088e-10 1.28274366e-09 outputs/V1e27_D10000_G2/solution/solution-00011 
 12 1.671085819695e+10 1.392571516413e+09 768 7235 3201 21 8 9 9 7.19403854e-10 1.21739996e-09 outputs/V1e27_D10000_G2/solution/solution-00012 
 13 1.810342971336e+10 1.392571516413e+09 768 7235 3201 21 8 9 9 6.82468154e-10 1.15516134e-09 outputs/V1e27_D10000_G2/solution/solution-00013 
 14 1.949600122978e+10 1.392571516413e+09 768 7235 3201 21 8 9 9 6.47353927e-10 1.09591882e-09 outputs/V1e27_D10000_G2/solution/solution-00014 
 15 2.088857274619e+10 1.392571516413e+09 768 7235 3201 21 8 9 9 6.13985167e-10 1.03956073e-09 outputs/V1e27_D10000_G2/solution/solution-00015 
 16 2.228114426260e+10 1.392571516413e+09 768 7235 3201 20 8 9 9 5.82286490e-10 9.85973947e-10 outputs/V1e27_D10000_G2/solution/solution-00016 
 17 2.367371577901e+10 1.392571516413e+09 768 7235 3201 20 8 9 9 5.52183646e-10 9.35045035e-10 outputs/V1e27_D10000_G2/solution/solution-00017 
 18 2.506628729543e+10 1.392571516413e+09 768 7235 3201 20 8 9 9 5.23603934e-10 8.86661140e-10 outputs/V1e27_D10000_G2/solution/solution-00018 
 19 2.645885881184e+10 1.392571516413e+09 768 7235 3201 20 8 9 9 4.96476525e-10 8.40710812e-10 outputs/V1e27_D10000_G2/solution/solution-00019 
 20 2.785143032825e+10 1.392571516413e+09 768 7235 3201 20 8 9 9 4.70732710e-10 7.97084637e-10 outputs/V1e27_D10000_G2/solution/solution-00020 
 21 2.924400184466e+10 1.392571516413e+09 768 7235 3201 20 8 9 9 4.46306067e-10 7.55675762e-10 outputs/V1e27_D10000_G2/solution/solution-00021 
 22 3.063657336108e+10 1.392571516413e+09 768 7235 3201 20 8 9 9 4.23132584e-10 7.16380289e-10 outputs/V1e27_D10000_G2/solution/solution-00022 
 23 3.202914487749e+10 1.392571516413e+09 768 7235 3201 20 8 9 9 4.01150722e-10 6.79097570e-10 outputs/V1e27_D10000_G2/solution/solution-00023 
 24 3.342171639390e+10 1.392571516413e+09 768 7235 3201 20 8 9 9 3.80301445e-10 6.43730420e-10 outputs/V1e27_D10000_G2/solution/solution-00024 
 25 3.481428791032e+10 1.392571516413e+09 768 7235 3201 20 8 9 9 3.60528221e-10 6.10185246e-10 outputs/V1e27_D10000_G2/solution/solution-00025 
 26 3.620685942673e+10 1.392571516413e+09 768 7235 3201 20 8 9 9 3.41776996e-10 5.78372133e-10 outputs/V1e27_D10000_G2/solution/solution-00026 
 27 3.759943094314e+10 1.392571516413e+09 768 7235 3201 20 8 9 9 3.23996153e-10 5.48204859e-10 outputs/V1e27_D10000_G2/solution/solution-00027 
 28 3.899200245955e+10 1.392571516413e+09 768 7235 3201 20 8 9 9 3.07136452e-10 5.19600894e-10 outputs/V1e27_D10000_G2/solution/solution-00028 
 29 4.038457397597e+10 1.392571516413e+09 768 7235 3201 20 8 9 9 2.91150972e-10 4.92481346e-10 outputs/V1e27_D10000_G2/solution/solution-00029 
 30 4.177714549238e+10 1.392571516413e+09 768 7235 3201 20 8 9 9 2.75995026e-10 4.66770905e-10 outputs/V1e27_D10000_G2/solution/solution-00030 
 31 4.316971700879e+10 1.392571516413e+09 768 7235 3201 20 8 9 9 2.61626093e-10 4.42397744e-10 outputs/V1e27_D10000_G2/solution/solution-00031 
 32 4.456228852520e+10 1.392571516413e+09 768 7235 3201 19 8 9 9 2.48003729e-10 4.19293433e-10 outputs/V1e27_D10000_G2/solution/solution-00032 
 33 4.595486004162e+10 1.392571516413e+09 768 7235 3201 19 8 9 9 2.35089491e-10 3.97392819e-10 outputs/V1e27_D10000_G2/solution/solution-00033 
 34 4.734743155803e+10 1.392571516413e+09 768 7235 3201 19 8 9 9 2.22846848e-10 3.76633918e-10 outputs/V1e27_D10000_G2/solution/solution-00034 
 35 4.874000307444e+10 1.392571516413e+09 768 7235 3201 19 8 9 9 2.11241099e-10 3.56957790e-10 outputs/V1e27_D10000_G2/solution/solution-00035 
 36 5.013257459085e+10 1.392571516413e+09 768 7235 3201 19 8 9 9 2.00239295e-10 3.38308419e-10 outputs/V1e27_D10000_G2/solution/solution-00036 
 37 5.152514610727e+10 1.392571516413e+09 768 7235 3201 19 8 9 9 1.89810154e-10 3.20632592e-10 outputs/V1e27_D10000_G2/solution/solution-00037 
 38 5.291771762368e+10 1.392571516413e+09 768 7235 3201 19 8 9 9 1.79923987e-10 3.03879775e-10 outputs/V1e27_D10000_G2/solution/solution-00038 
 39 5.431028914009e+10 1.392571516413e+09 768 7235 3201 19 8 9 9 1.70552619e-10 2.88001992e-10 outputs/V1e27_D10000_G2/solution/solution-00039 
 40 5.570286065650e+10 1.392571516413e+09 768 7235 3201 19 8 9 9 1.61669321e-10 2.72953714e-10 outputs/V1e27_D10000_G2/solution/solution-00040 
 41 5.709543217292e+10 1.392571516413e+09 768 7235 3201 19 8 9 9 1.53248734e-10 2.58691735e-10 outputs/V1e27_D10000_G2/solution/solution-00041 
 42 5.848800368933e+10 1.392571516413e+09 768 7235 3201 19 8 9 9 1.45266804e-10 2.45175071e-10 outputs/V1e27_D10000_G2/solution/solution-00042 
 43 5.988057520574e+10 1.392571516413e+09 768 7235 3201 19 8 9 9 1.37700719e-10 2.32364845e-10 outputs/V1e27_D10000_G2/solution/solution-00043 
 44 6.127314672215e+10 1.392571516413e+09 768 7235 3201 19 8 9 9 1.30528843e-10 2.20224188e-10 outputs/V1e27_D10000_G2/solution/solution-00044 
 45 6.266571823857e+10 1.392571516413e+09 768 7235 3201 19 8 9 9 1.23730661e-10 2.08718139e-10 outputs/V1e27_D10000_G2/solution/solution-00045 
 46 6.405828975498e+10 1.392571516413e+09 768 7235 3201 19 8 9 9 1.17286718e-10 1.97813550e-10 outputs/V1e27_D10000_G2/solution/solution-00046 
 47 6.545086127139e+10 1.392571516413e+09 768 7235 3201 19 8 9 9 1.11178571e-10 1.87478991e-10 outputs/V1e27_D10000_G2/solution/solution-00047 
 48 6.684343278781e+10 1.392571516413e+09 768 7235 3201 19 8 9 9 1.05388729e-10 1.77684671e-10 outputs/V1e27_D10000_G2/solution/solution-00048 
 49 6.823600430422e+10 1.392571516413e+09 768 7235 3201 19 8 9 9 9.99006130e-11 1.68402347e-10 outputs/V1e27_D10000_G2/solution/solution-00049 
 50 6.962857582063e+10 1.392571516413e+09 768 7235 3201 19 8 9 9 9.46985034e-11 1.59605249e-10 outputs/V1e27_D10000_G2/solution/solution-00050 
 51 7.102114733704e+10 1.392571516413e+09 768 7235 3201 19 8 9 9 8.97674981e-11 1.51268003e-10 outputs/V1e27_D10000_G2/solution/solution-00051 
 52 7.241371885346e+10 1.392571516413e+09 768 7235 3201 19 8 9 9 8.50934700e-11 1.43366560e-10 outputs/V1e27_D10000_G2/solution/solution-00052 
 53 7.380629036987e+10 1.392571516413e+09 768 7235 3201 19 8 9 9 8.06630271e-11 1.35878127e-10 outputs/V1e27_D10000_G2/solution/solution-00053 
 54 7.519886188628e+10 1.392571516413e+09 768 7235 3201 19 8 9 9 7.64634740e-11 1.28781101e-10 outputs/V1e27_D10000_G2/solution/solution-00054 
 55 7.659143340269e+10 1.392571516413e+09 768 7235 3201 19 8 9 9 7.24827765e-11 1.22055011e-10 outputs/V1e27_D10000_G2/solution/solution-00055 
 56 7.798400491911e+10 1.392571516413e+09 768 7235 3201 19 8 9 9 6.87095270e-11 1.15680453e-10 outputs/V1e27_D10000_G2/solution/solution-00056 
 57 7.937657643552e+10 1.392571516413e+09 768 7235 3201 19 8 9 9 6.51329120e-11 1.09639041e-10 outputs/V1e27_D10000_G2/solution/solution-00057 
 58 8.076914795193e+10 1.392571516413e+09 768 7235 3201 19 8 9 9 6.17426812e-11 1.03913350e-10 outputs/V1e27_D10000_G2/solution/solution-00058 
 59 8.216171946834e+10 1.392571516413e+09 768 7235 3201 19 8 9 9 5.85291186e-11 9.84868651e-11 outputs/V1e27_D10000_G2/solution/solution-00059 
 60 8.355429098476e+10 1.392571516413e+09 768 7235 3201 19 8 9 9 5.54830142e-11 9.33439382e-11 outputs/V1e27_D10000_G2/solution/solution-00060 
 61 8.494686250117e+10 1.392571516413e+09 768 7235 3201 19 8 9 9 5.25956382e-11 8.84697392e-11 outputs/V1e27_D10000_G2/solution/solution-00061 
 62 8.633943401758e+10 1.392571516413e+09 768 7235 3201 19 8 9 9 4.98587158e-11 8.38502142e-11 outputs/V1e27_D10000_G2/solution/solution-00062 
 63 8.773200553399e+10 1.392571516413e+09 768 7235 3201 19 8 9 9 4.72644033e-11 7.94720450e-11 outputs/V1e27_D10000_G2/solution/solution-00063 
 64 8.912457705041e+10 1.392571516413e+09 768 7235 3201 19 8 9 9 4.48052661e-11 7.53226107e-11 outputs/V1e27_D10000_G2/solution/solution-00064 
 65 9.051714856682e+10 1.392571516413e+09 768 7235 3201 19 8 9 9 4.24742571e-11 7.13899509e-11 outputs/V1e27_D10000_G2/solution/solution-00065 
 66 9.190972008323e+10 1.392571516413e+09 768 7235 3201 19 8 9 9 4.02646964e-11 6.76627314e-11 outputs/V1e27_D10000_G2/solution/solution-00066 
 67 9.330229159964e+10 1.392571516413e+09 768 7235 3201 19 8 9 9 3.81702528e-11 6.41302111e-11 outputs/V1e27_D10000_G2/solution/solution-00067 
 68 9.469486311606e+10 1.392571516413e+09 768 7235 3201 19 8 9 9 3.61849248e-11 6.07822111e-11 outputs/V1e27_D10000_G2/solution/solution-00068 
 69 9.608743463247e+10 1.392571516413e+09 768 7235 3201 19 8 9 9 3.43030239e-11 5.76090856e-11 outputs/V1e27_D10000_G2/solution/solution-00069 
 70 9.748000614888e+10 1.392571516413e+09 768 7235 3201 18 8 9 9 3.25191581e-11 5.46016925e-11 outputs/V1e27_D10000_G2/solution/solution-00070 
 71 9.887257766530e+10 1.392571516413e+09 768 7235 3201 18 8 9 9 3.08282168e-11 5.17513695e-11 outputs/V1e27_D10000_G2/solution/solution-00071 
 72 1.002651491817e+11 1.392571516413e+09 768 7235 3201 18 8 9 9 2.92253559e-11 4.90499072e-11 outputs/V1e27_D10000_G2/solution/solution-00072 
 73 1.016577206981e+11 1.392571516413e+09 768 7235 3201 18 8 9 9 2.77059839e-11 4.64895255e-11 outputs/V1e27_D10000_G2/solution/solution-00073 
 74 1.030502922145e+11 1.392571516413e+09 768 7235 3201 18 8 9 9 2.62657484e-11 4.40628515e-11 outputs/V1e27_D10000_G2/solution/solution-00074 
 75 1.044428637309e+11 1.392571516413e+09 768 7235 3201 18 8 9 9 2.49005243e-11 4.17628981e-11 outputs/V1e27_D10000_G2/solution/solution-00075 
 76 1.058354352474e+11 1.392571516413e+09 768 7235 3201 18 8 9 9 2.36064013e-11 3.95830433e-11 outputs/V1e27_D10000_G2/solution/solution-00076 
 77 1.072280067638e+11 1.392571516413e+09 768 7235 3201 18 8 9 9 2.23796733e-11 3.75170120e-11 outputs/V1e27_D10000_G2/solution/solution-00077 
 78 1.086205782802e+11 1.392571516413e+09 768 7235 3201 18 8 9 9 2.12168273e-11 3.55588569e-11 outputs/V1e27_D10000_G2/solution/solution-00078 
 79 1.100131497966e+11 1.392571516413e+09 768 7235 3201 18 8 9 9 2.01145334e-11 3.37029421e-11 outputs/V1e27_D10000_G2/solution/solution-00079 
 80 1.114057213130e+11 1.392571516413e+09 768 7235 3201 18 8 9 9 1.90696355e-11 3.19439261e-11 outputs/V1e27_D10000_G2/solution/solution-00080 
 81 1.127982928294e+11 1.392571516413e+09 768 7235 3201 18 8 9 9 1.80791419e-11 3.02767469e-11 outputs/V1e27_D10000_G2/solution/solution-00081 
 82 1.141908643458e+11 1.392571516413e+09 768 7235 3201 18 8 9 9 1.71402171e-11 2.86966072e-11 outputs/V1e27_D10000_G2/solution/solution-00082 
 83 1.155834358622e+11 1.392571516413e+09 768 7235 3201 18 8 9 9 1.62501733e-11 2.71989605e-11 outputs/V1e27_D10000_G2/solution/solution-00083 
 84 1.169760073787e+11 1.392571516413e+09 768 7235 3201 18 8 9 9 1.54064630e-11 2.57794978e-11 outputs/V1e27_D10000_G2/solution/solution-00084 
 85 1.183685788951e+11 1.392571516413e+09 768 7235 3201 18 8 9 9 1.46066712e-11 2.44341356e-11 outputs/V1e27_D10000_G2/solution/solution-00085 
 86 1.197611504115e+11 1.392571516413e+09 768 7235 3201 18 8 9 9 1.38485093e-11 2.31590037e-11 outputs/V1e27_D10000_G2/solution/solution-00086 
 87 1.211537219279e+11 1.392571516413e+09 768 7235 3201 18 8 9 9 1.31298078e-11 2.19504344e-11 outputs/V1e27_D10000_G2/solution/solution-00087 
 88 1.225462934443e+11 1.392571516413e+09 768 7235 3201 18 8 9 9 1.24485101e-11 2.08049515e-11 outputs/V1e27_D10000_G2/solution/solution-00088 
 89 1.239388649607e+11 1.392571516413e+09 768 7235 3201 18 8 9 9 1.18026672e-11 1.97192605e-11 outputs/V1e27_D10000_G2/solution/solution-00089 
 90 1.253314364771e+11 1.392571516413e+09 768 7235 3201 18 8 9 9 1.11904316e-11 1.86902391e-11 outputs/V1e27_D10000_G2/solution/solution-00090 
 91 1.267240079935e+11 1.392571516413e+09 768 7235 3201 18 8 9 9 1.06100520e-11 1.77149280e-11 outputs/V1e27_D10000_G2/solution/solution-00091 
 92 1.281165795100e+11 1.392571516413e+09 768 7235 3201 18 8 9 9 1.00598686e-11 1.67905230e-11 outputs/V1e27_D10000_G2/solution/solution-00092 
 93 1.295091510264e+11 1.392571516413e+09 768 7235 3201 18 8 9 9 9.53830798e-12 1.59143658e-11 outputs/V1e27_D10000_G2/solution/solution-00093 
 94 1.309017225428e+11 1.392571516413e+09 768 7235 3201 18 8 9 9 9.04387886e-12 1.50839373e-11 outputs/V1e27_D10000_G2/solution/solution-00094 
 95 1.322942940592e+11 1.392571516413e+09 768 7235 3201 18 8 9 9 8.57516768e-12 1.42968502e-11 outputs/V1e27_D10000_G2/solution/solution-00095 
 96 1.336868655756e+11 1.392571516413e+09 768 7235 3201 18 8 9 9 8.13083457e-12 1.35508415e-11 outputs/V1e27_D10000_G2/solution/solution-00096 
 97 1.350794370920e+11 1.392571516413e+09 768 7235 3201 18 8 9 9 7.70960951e-12 1.28437667e-11 outputs/V1e27_D10000_G2/solution/solution-00097 
 98 1.364720086084e+11 1.392571516413e+09 768 7235 3201 18 8 9 9 7.31028869e-12 1.21735932e-11 outputs/V1e27_D10000_G2/solution/solution-00098 
 99 1.378645801248e+11 1.392571516413e+09 768 7235 3201 18 8 9 9 6.93173108e-12 1.15383945e-11 outputs/V1e27_D10000_G2/solution/solution-00099 
100 1.392571516413e+11 1.392571516413e+09 768 7235 3201 17 8 9 9 6.57285485e-12 1.09363444e-11 outputs/V1e27_D10000_G2/solution/solution-00100 
