# 1: Time step number
# 2: Time (years)
# 3: Time step size (years)
# 4: Number of mesh cells
# 5: Number of Stokes degrees of freedom
# 6: Number of temperature degrees of freedom
# 7: Iterations for temperature solver
# 8: Iterations for Stokes solver
# 9: Velocity iterations in Stokes preconditioner
# 10: Schur complement iterations in Stokes preconditioner
# 11: RMS velocity (m/year)
# 12: Max. velocity (m/year)
# 13: Visualization file name
  0 0.000000000000e+00 0.000000000000e+00 768 7235 3201  0 8 9 9 2.40780535e-07 4.23378135e-07 outputs/V3.3e25_D100_G12/solution/solution-00000 
  1 1.392571516413e+09 1.392571516413e+09 768 7235 3201 32 8 9 9 2.33787052e-07 3.96698992e-07 outputs/V3.3e25_D100_G12/solution/solution-00001 
  2 2.785143032825e+09 1.392571516413e+09 768 7235 3201 25 8 9 9 2.29246484e-07 3.92420436e-07 outputs/V3.3e25_D100_G12/solution/solution-00002 
  3 4.177714549238e+09 1.392571516413e+09 768 7235 3201 24 8 9 9 2.27285359e-07 3.92733178e-07 outputs/V3.3e25_D100_G12/solution/solution-00003 
  4 5.570286065650e+09 1.392571516413e+09 768 7235 3201 23 8 9 9 2.27691558e-07 3.97083410e-07 outputs/V3.3e25_D100_G12/solution/solution-00004 
  5 6.962857582063e+09 1.392571516413e+09 768 7235 3201 23 8 9 9 2.30261573e-07 4.04898997e-07 outputs/V3.3e25_D100_G12/solution/solution-00005 
  6 8.355429098476e+09 1.392571516413e+09 768 7235 3201 22 8 9 9 2.34791162e-07 4.15727172e-07 outputs/V3.3e25_D100_G12/solution/solution-00006 
  7 9.748000614888e+09 1.392571516413e+09 768 7235 3201 21 8 9 9 2.41113369e-07 4.29254790e-07 outputs/V3.3e25_D100_G12/solution/solution-00007 
  8 1.114057213130e+10 1.392571516413e+09 768 7235 3201 21 8 9 9 2.49103490e-07 4.45282479e-07 outputs/V3.3e25_D100_G12/solution/solution-00008 
  9 1.253314364771e+10 1.392571516413e+09 768 7235 3201 21 8 9 9 2.58675235e-07 4.63695607e-07 outputs/V3.3e25_D100_G12/solution/solution-00009 
 10 1.392571516413e+10 1.392571516413e+09 768 7235 3201 20 8 9 9 2.69774852e-07 4.84441574e-07 outputs/V3.3e25_D100_G12/solution/solution-00010 
 11 1.531828668054e+10 1.392571516413e+09 768 7235 3201 20 8 9 9 2.82375512e-07 5.07513755e-07 outputs/V3.3e25_D100_G12/solution/solution-00011 
 12 1.671085819695e+10 1.392571516413e+09 768 7235 3201 20 8 9 9 2.96472635e-07 5.32940539e-07 outputs/V3.3e25_D100_G12/solution/solution-00012 
 13 1.810342971336e+10 1.392571516413e+09 768 7235 3201 20 8 9 9 3.12080221e-07 5.60777930e-07 outputs/V3.3e25_D100_G12/solution/solution-00013 
 14 1.949600122978e+10 1.392571516413e+09 768 7235 3201 20 8 9 9 3.29228074e-07 5.91104586e-07 outputs/V3.3e25_D100_G12/solution/solution-00014 
 15 2.088857274619e+10 1.392571516413e+09 768 7235 3201 20 8 9 9 3.47959759e-07 6.24018522e-07 outputs/V3.3e25_D100_G12/solution/solution-00015 
 16 2.228114426260e+10 1.392571516413e+09 768 7235 3201 19 8 9 9 3.68331132e-07 6.59634982e-07 outputs/V3.3e25_D100_G12/solution/solution-00016 
 17 2.367371577901e+10 1.392571516413e+09 768 7235 3201 19 8 9 9 3.90409319e-07 6.98085111e-07 outputs/V3.3e25_D100_G12/solution/solution-00017 
 18 2.506628729543e+10 1.392571516413e+09 768 7235 3201 19 8 9 9 4.14272048e-07 7.39515227e-07 outputs/V3.3e25_D100_G12/solution/solution-00018 
 19 2.645885881184e+10 1.392571516413e+09 768 7235 3201 19 8 9 9 4.40007254e-07 7.84086526e-07 outputs/V3.3e25_D100_G12/solution/solution-00019 
 20 2.785143032825e+10 1.392571516413e+09 768 7235 3201 19 8 9 9 4.67712894e-07 8.31975100e-07 outputs/V3.3e25_D100_G12/solution/solution-00020 
 21 2.924400184466e+10 1.392571516413e+09 768 7235 3201 19 8 9 9 4.97496939e-07 8.83372221e-07 outputs/V3.3e25_D100_G12/solution/solution-00021 
 22 3.063657336108e+10 1.392571516413e+09 768 7235 3201 19 8 9 9 5.29477505e-07 9.38484815e-07 outputs/V3.3e25_D100_G12/solution/solution-00022 
 23 3.202914487749e+10 1.392571516413e+09 768 7235 3201 19 8 9 9 5.63783092e-07 9.97536099e-07 outputs/V3.3e25_D100_G12/solution/solution-00023 
 24 3.342171639390e+10 1.392571516413e+09 768 7235 3201 19 8 9 9 6.00552937e-07 1.06076636e-06 outputs/V3.3e25_D100_G12/solution/solution-00024 
 25 3.481428791032e+10 1.392571516413e+09 768 7235 3201 18 8 9 9 6.39937439e-07 1.12843385e-06 outputs/V3.3e25_D100_G12/solution/solution-00025 
 26 3.620685942673e+10 1.392571516413e+09 768 7235 3201 18 8 9 9 6.82098677e-07 1.20081581e-06 outputs/V3.3e25_D100_G12/solution/solution-00026 
 27 3.759943094314e+10 1.392571516413e+09 768 7235 3201 18 8 9 9 7.27210994e-07 1.27820956e-06 outputs/V3.3e25_D100_G12/solution/solution-00027 
 28 3.899200245955e+10 1.392571516413e+09 768 7235 3201 18 8 9 9 7.75461650e-07 1.36093372e-06 outputs/V3.3e25_D100_G12/solution/solution-00028 
 29 4.038457397597e+10 1.392571516413e+09 768 7235 3201 18 7 8 8 8.27051555e-07 1.44932955e-06 outputs/V3.3e25_D100_G12/solution/solution-00029 
 30 4.177714549238e+10 1.392571516413e+09 768 7235 3201 18 7 8 8 8.82196060e-07 1.54376235e-06 outputs/V3.3e25_D100_G12/solution/solution-00030 
 31 4.316971700879e+10 1.392571516413e+09 768 7235 3201 18 7 8 8 9.41125823e-07 1.64462297e-06 outputs/V3.3e25_D100_G12/solution/solution-00031 
 32 4.456228852520e+10 1.392571516413e+09 768 7235 3201 18 7 8 8 1.00408774e-06 1.75232947e-06 outputs/V3.3e25_D100_G12/solution/solution-00032 
 33 4.595486004162e+10 1.392571516413e+09 768 7235 3201 18 7 8 8 1.07134597e-06 1.86732885e-06 outputs/V3.3e25_D100_G12/solution/solution-00033 
 34 4.734743155803e+10 1.392571516413e+09 768 7235 3201 18 7 8 8 1.14318300e-06 1.99009894e-06 outputs/V3.3e25_D100_G12/solution/solution-00034 
 35 4.874000307444e+10 1.392571516413e+09 768 7235 3201 18 7 8 8 1.21990081e-06 2.12115037e-06 outputs/V3.3e25_D100_G12/solution/solution-00035 
 36 5.013257459085e+10 1.392571516413e+09 768 7235 3201 18 7 8 8 1.30182216e-06 2.26102873e-06 outputs/V3.3e25_D100_G12/solution/solution-00036 
 37 5.152514610727e+10 1.392571516413e+09 768 7235 3201 18 7 8 8 1.38929189e-06 2.41031684e-06 outputs/V3.3e25_D100_G12/solution/solution-00037 
 38 5.291771762368e+10 1.392571516413e+09 768 7235 3201 18 7 8 8 1.48267834e-06 2.56963717e-06 outputs/V3.3e25_D100_G12/solution/solution-00038 
 39 5.431028914009e+10 1.392571516413e+09 768 7235 3201 18 7 8 8 1.58237492e-06 2.73965444e-06 outputs/V3.3e25_D100_G12/solution/solution-00039 
 40 5.570286065650e+10 1.392571516413e+09 768 7235 3201 18 7 8 8 1.68880172e-06 2.92107836e-06 outputs/V3.3e25_D100_G12/solution/solution-00040 
 41 5.709543217292e+10 1.392571516413e+09 768 7235 3201 18 7 8 8 1.80240723e-06 3.11466663e-06 outputs/V3.3e25_D100_G12/solution/solution-00041 
 42 5.848800368933e+10 1.392571516413e+09 768 7235 3201 18 7 8 8 1.92367023e-06 3.32122801e-06 outputs/V3.3e25_D100_G12/solution/solution-00042 
 43 5.988057520574e+10 1.392571516413e+09 768 7235 3201 18 7 8 8 2.05310175e-06 3.54162569e-06 outputs/V3.3e25_D100_G12/solution/solution-00043 
 44 6.127314672215e+10 1.392571516413e+09 768 7235 3201 18 7 8 8 2.19124716e-06 3.77678084e-06 outputs/V3.3e25_D100_G12/solution/solution-00044 
 45 6.266571823857e+10 1.392571516413e+09 768 7235 3201 18 7 8 8 2.33868843e-06 4.02767638e-06 outputs/V3.3e25_D100_G12/solution/solution-00045 
 46 6.405828975498e+10 1.392571516413e+09 768 7235 3201 18 6 7 7 2.49604651e-06 4.29536100e-06 outputs/V3.3e25_D100_G12/solution/solution-00046 
 47 6.545086127139e+10 1.392571516413e+09 768 7235 3201 18 6 7 7 2.66398383e-06 4.58095343e-06 outputs/V3.3e25_D100_G12/solution/solution-00047 
 48 6.684343278781e+10 1.392571516413e+09 768 7235 3201 18 6 7 7 2.84320702e-06 4.88564695e-06 outputs/V3.3e25_D100_G12/solution/solution-00048 
 49 6.823600430422e+10 1.392571516413e+09 768 7235 3201 18 6 7 7 3.03446974e-06 5.21071421e-06 outputs/V3.3e25_D100_G12/solution/solution-00049 
 50 6.962857582063e+10 1.392571516413e+09 768 7235 3201 18 6 7 7 3.23857570e-06 5.55751228e-06 outputs/V3.3e25_D100_G12/solution/solution-00050 
 51 7.102114733704e+10 1.392571516413e+09 768 7235 3201 17 6 7 7 3.45638184e-06 5.92748806e-06 outputs/V3.3e25_D100_G12/solution/solution-00051 
 52 7.241371885346e+10 1.392571516413e+09 768 7235 3201 17 6 7 7 3.68880171e-06 6.32218396e-06 outputs/V3.3e25_D100_G12/solution/solution-00052 
 53 7.380629036987e+10 1.392571516413e+09 768 7235 3201 17 6 7 7 3.93680903e-06 6.74324387e-06 outputs/V3.3e25_D100_G12/solution/solution-00053 
 54 7.519886188628e+10 1.392571516413e+09 768 7235 3201 17 6 7 7 4.20144142e-06 7.19241949e-06 outputs/V3.3e25_D100_G12/solution/solution-00054 
 55 7.659143340269e+10 1.392571516413e+09 768 7235 3201 17 6 7 7 4.48380435e-06 7.67157693e-06 outputs/V3.3e25_D100_G12/solution/solution-00055 
 56 7.798400491911e+10 1.392571516413e+09 768 7235 3201 17 6 7 7 4.78507528e-06 8.18270372e-06 outputs/V3.3e25_D100_G12/solution/solution-00056 
 57 7.937657643552e+10 1.392571516413e+09 768 7235 3201 17 6 7 7 5.10650794e-06 8.72791601e-06 outputs/V3.3e25_D100_G12/solution/solution-00057 
 58 8.076914795193e+10 1.392571516413e+09 768 7235 3201 17 6 7 7 5.44943682e-06 9.30946617e-06 outputs/V3.3e25_D100_G12/solution/solution-00058 
 59 8.216171946834e+10 1.392571516413e+09 768 7235 3201 17 6 7 7 5.81528187e-06 9.92975063e-06 outputs/V3.3e25_D100_G12/solution/solution-00059 
 60 8.355429098476e+10 1.392571516413e+09 768 7235 3201 18 6 7 7 6.20555327e-06 1.05913180e-05 outputs/V3.3e25_D100_G12/solution/solution-00060 
 61 8.494686250117e+10 1.392571516413e+09 768 7235 3201 18 6 7 7 6.62185638e-06 1.12968773e-05 outputs/V3.3e25_D100_G12/solution/solution-00061 
 62 8.633943401758e+10 1.392571516413e+09 768 7235 3201 18 6 7 7 7.06589678e-06 1.20493065e-05 outputs/V3.3e25_D100_G12/solution/solution-00062 
 63 8.773200553399e+10 1.392571516413e+09 768 7235 3201 18 6 7 7 7.53948534e-06 1.28516611e-05 outputs/V3.3e25_D100_G12/solution/solution-00063 
 64 8.912457705041e+10 1.392571516413e+09 768 7235 3201 18 6 7 7 8.04454328e-06 1.37071828e-05 outputs/V3.3e25_D100_G12/solution/solution-00064 
 65 9.051714856682e+10 1.392571516413e+09 768 7235 3201 18 6 7 7 8.58310718e-06 1.46193074e-05 outputs/V3.3e25_D100_G12/solution/solution-00065 
 66 9.190972008323e+10 1.392571516413e+09 768 7235 3201 18 6 7 7 9.15733378e-06 1.55916735e-05 outputs/V3.3e25_D100_G12/solution/solution-00066 
 67 9.330229159964e+10 1.392571516413e+09 768 7235 3201 18 6 7 7 9.76950454e-06 1.66281300e-05 outputs/V3.3e25_D100_G12/solution/solution-00067 
 68 9.469486311606e+10 1.392571516413e+09 768 7235 3201 18 6 7 7 1.04220297e-05 1.77327425e-05 outputs/V3.3e25_D100_G12/solution/solution-00068 
 69 9.608743463247e+10 1.392571516413e+09 768 7235 3201 18 6 7 7 1.11174518e-05 1.89098002e-05 outputs/V3.3e25_D100_G12/solution/solution-00069 
 70 9.748000614888e+10 1.392571516413e+09 768 7235 3201 18 6 7 7 1.18584484e-05 2.01638192e-05 outputs/V3.3e25_D100_G12/solution/solution-00070 
 71 9.887257766530e+10 1.392571516413e+09 768 7235 3201 18 6 7 7 1.26478334e-05 2.14995461e-05 outputs/V3.3e25_D100_G12/solution/solution-00071 
 72 1.002651491817e+11 1.392571516413e+09 768 7235 3201 18 6 7 7 1.34885574e-05 2.29219580e-05 outputs/V3.3e25_D100_G12/solution/solution-00072 
 73 1.016577206981e+11 1.392571516413e+09 768 7235 3201 18 6 7 7 1.43837061e-05 2.44362595e-05 outputs/V3.3e25_D100_G12/solution/solution-00073 
 74 1.030502922145e+11 1.392571516413e+09 768 7235 3201 18 6 7 7 1.53364961e-05 2.60478766e-05 outputs/V3.3e25_D100_G12/solution/solution-00074 
 75 1.044428637309e+11 1.392571516413e+09 768 7235 3201 18 6 7 7 1.63502686e-05 2.77624450e-05 outputs/V3.3e25_D100_G12/solution/solution-00075 
 76 1.058354352474e+11 1.392571516413e+09 768 7235 3201 18 6 7 7 1.74284786e-05 2.95857934e-05 outputs/V3.3e25_D100_G12/solution/solution-00076 
 77 1.072280067638e+11 1.392571516413e+09 768 7235 3201 18 6 7 7 1.85746810e-05 3.15239193e-05 outputs/V3.3e25_D100_G12/solution/solution-00077 
 78 1.086205782802e+11 1.392571516413e+09 768 7235 3201 18 6 7 7 1.97925107e-05 3.35829560e-05 outputs/V3.3e25_D100_G12/solution/solution-00078 
 79 1.100131497966e+11 1.392571516413e+09 768 7235 3201 18 6 7 7 2.10856573e-05 3.57691299e-05 outputs/V3.3e25_D100_G12/solution/solution-00079 
 80 1.114057213130e+11 1.392571516413e+09 768 7235 3201 18 6 7 7 2.24578318e-05 3.80887054e-05 outputs/V3.3e25_D100_G12/solution/solution-00080 
 81 1.127982928294e+11 1.392571516413e+09 768 7235 3201 18 6 7 7 2.39127257e-05 4.05479153e-05 outputs/V3.3e25_D100_G12/solution/solution-00081 
 82 1.141908643458e+11 1.392571516413e+09 768 7235 3201 18 6 7 7 2.54539590e-05 4.31528744e-05 outputs/V3.3e25_D100_G12/solution/solution-00082 
 83 1.155834358622e+11 1.392571516413e+09 768 7235 3201 19 6 7 7 2.70850181e-05 4.59094746e-05 outputs/V3.3e25_D100_G12/solution/solution-00083 
 84 1.169760073787e+11 1.392571516413e+09 768 7235 3201 19 6 7 7 2.88091800e-05 4.88232577e-05 outputs/V3.3e25_D100_G12/solution/solution-00084 
 85 1.183685788951e+11 1.392571516413e+09 768 7235 3201 19 6 7 7 3.06294219e-05 5.18992632e-05 outputs/V3.3e25_D100_G12/solution/solution-00085 
 86 1.197611504115e+11 1.392571516413e+09 768 7235 3201 19 6 7 7 3.25483157e-05 5.51418506e-05 outputs/V3.3e25_D100_G12/solution/solution-00086 
 87 1.211537219279e+11 1.392571516413e+09 768 7235 3201 19 6 7 7 3.45679048e-05 5.85544915e-05 outputs/V3.3e25_D100_G12/solution/solution-00087 
 88 1.225462934443e+11 1.392571516413e+09 768 7235 3201 19 6 7 7 3.66895638e-05 6.21395326e-05 outputs/V3.3e25_D100_G12/solution/solution-00088 
 89 1.239388649607e+11 1.392571516413e+09 768 7235 3201 19 6 7 7 3.89138402e-05 6.58979275e-05 outputs/V3.3e25_D100_G12/solution/solution-00089 
 90 1.253314364771e+11 1.392571516413e+09 768 7235 3201 19 6 7 7 4.12402797e-05 6.98289403e-05 outputs/V3.3e25_D100_G12/solution/solution-00090 
 91 1.266740030353e+11 1.342566558173e+09 768 7235 3201 19 6 7 7 4.35787758e-05 7.37803499e-05 outputs/V3.3e25_D100_G12/solution/solution-00091 
 92 1.279446665673e+11 1.270663532032e+09 768 7235 3201 18 6 7 7 4.58764800e-05 7.76628802e-05 outputs/V3.3e25_D100_G12/solution/solution-00092 
 93 1.291518069644e+11 1.207140397069e+09 768 7235 3201 18 6 7 7 4.81324192e-05 8.14748964e-05 outputs/V3.3e25_D100_G12/solution/solution-00093 
 94 1.303024681385e+11 1.150661174086e+09 768 7235 3201 17 6 7 7 5.03454586e-05 8.52144789e-05 outputs/V3.3e25_D100_G12/solution/solution-00094 
 95 1.314026332888e+11 1.100165150344e+09 768 7235 3201 17 5 6 6 5.25144570e-05 8.88806076e-05 outputs/V3.3e25_D100_G12/solution/solution-00095 
 96 1.324574299810e+11 1.054796692193e+09 768 7235 3201 16 5 6 6 5.46383221e-05 9.24708195e-05 outputs/V3.3e25_D100_G12/solution/solution-00096 
 97 1.334712870607e+11 1.013857079621e+09 768 7235 3201 16 5 6 6 5.67160307e-05 9.59831092e-05 outputs/V3.3e25_D100_G12/solution/solution-00097 
 98 1.344480568941e+11 9.767698334162e+08 768 7235 3201 16 5 6 6 5.87466374e-05 9.94158408e-05 outputs/V3.3e25_D100_G12/solution/solution-00098 
 99 1.353911118950e+11 9.430550009497e+08 768 7235 3201 15 5 6 6 6.07292783e-05 1.02767509e-04 outputs/V3.3e25_D100_G12/solution/solution-00099 
100 1.363034216233e+11 9.123097282991e+08 768 7235 3201 15 5 6 6 6.26631735e-05 1.06036744e-04 outputs/V3.3e25_D100_G12/solution/solution-00100 
