# 1: Time step number
# 2: Time (years)
# 3: Time step size (years)
# 4: Number of mesh cells
# 5: Number of Stokes degrees of freedom
# 6: Number of temperature degrees of freedom
# 7: Iterations for temperature solver
# 8: Iterations for Stokes solver
# 9: Velocity iterations in Stokes preconditioner
# 10: Schur complement iterations in Stokes preconditioner
# 11: RMS velocity (m/year)
# 12: Max. velocity (m/year)
# 13: Visualization file name
  0 0.000000000000e+00 0.000000000000e+00 768 7235 3201  0 8 9 9 5.37007815e-07 1.13142490e-06 outputs/V1e25_D3000_G8/solution/solution-00000 
  1 1.392571516413e+09 1.392571516413e+09 768 7235 3201 32 8 9 9 8.62077605e-07 1.46603227e-06 outputs/V1e25_D3000_G8/solution/solution-00001 
  2 2.785143032825e+09 1.392571516413e+09 768 7235 3201 25 8 9 9 1.44377194e-06 2.49177070e-06 outputs/V1e25_D3000_G8/solution/solution-00002 
  3 4.177714549238e+09 1.392571516413e+09 768 7235 3201 24 8 9 9 2.37186702e-06 4.15541274e-06 outputs/V1e25_D3000_G8/solution/solution-00003 
  4 5.570286065650e+09 1.392571516413e+09 768 7235 3201 23 8 9 9 3.78281524e-06 6.72439808e-06 outputs/V1e25_D3000_G8/solution/solution-00004 
  5 6.962857582063e+09 1.392571516413e+09 768 7235 3201 23 8 9 9 5.86002210e-06 1.05551744e-05 outputs/V1e25_D3000_G8/solution/solution-00005 
  6 8.355429098476e+09 1.392571516413e+09 768 7235 3201 22 8 9 9 8.83987177e-06 1.61067825e-05 outputs/V1e25_D3000_G8/solution/solution-00006 
  7 9.748000614888e+09 1.392571516413e+09 768 7235 3201 22 8 9 9 1.30209714e-05 2.39576353e-05 outputs/V1e25_D3000_G8/solution/solution-00007 
  8 1.114057213130e+10 1.392571516413e+09 768 7235 3201 22 8 9 9 1.87754555e-05 3.48244646e-05 outputs/V1e25_D3000_G8/solution/solution-00008 
  9 1.253314364771e+10 1.392571516413e+09 768 7235 3201 22 8 9 9 2.65620995e-05 4.96014251e-05 outputs/V1e25_D3000_G8/solution/solution-00009 
 10 1.392571516413e+10 1.392571516413e+09 768 7235 3201 22 7 8 8 3.69405004e-05 6.93419651e-05 outputs/V1e25_D3000_G8/solution/solution-00010 
 11 1.527783746877e+10 1.352122304643e+09 768 7235 3201 22 7 8 8 5.01593282e-05 9.45080477e-05 outputs/V1e25_D3000_G8/solution/solution-00011 
 12 1.626961037871e+10 9.917729099408e+08 768 7235 3201 19 7 8 8 6.24338712e-05 1.17933832e-04 outputs/V1e25_D3000_G8/solution/solution-00012 
 13 1.706495138464e+10 7.953410059333e+08 768 7235 3201 17 6 7 7 7.42067418e-05 1.40387126e-04 outputs/V1e25_D3000_G8/solution/solution-00013 
 14 1.773274766300e+10 6.677962783606e+08 768 7235 3201 16 6 7 7 8.55998084e-05 1.62093034e-04 outputs/V1e25_D3000_G8/solution/solution-00014 
 15 1.831116881507e+10 5.784211520669e+08 768 7235 3201 14 6 7 7 9.66884541e-05 1.83235244e-04 outputs/V1e25_D3000_G8/solution/solution-00015 
 16 1.882290021549e+10 5.117314004219e+08 768 7235 3201 14 6 7 7 1.07510642e-04 2.03762390e-04 outputs/V1e25_D3000_G8/solution/solution-00016 
 17 1.928283357190e+10 4.599333564023e+08 768 7235 3201 13 6 7 7 1.18089397e-04 2.23926479e-04 outputs/V1e25_D3000_G8/solution/solution-00017 
 18 1.970166662908e+10 4.188330571804e+08 768 7235 3201 12 6 7 7 1.28446238e-04 2.43518320e-04 outputs/V1e25_D3000_G8/solution/solution-00018 
 19 2.008664793096e+10 3.849813018833e+08 768 7235 3201 12 6 7 7 1.38580429e-04 2.62692720e-04 outputs/V1e25_D3000_G8/solution/solution-00019 
 20 2.044352877615e+10 3.568808451894e+08 768 7235 3201 11 6 7 7 1.48493803e-04 2.81336822e-04 outputs/V1e25_D3000_G8/solution/solution-00020 
 21 2.077686588477e+10 3.333371086266e+08 768 7235 3201 11 6 7 7 1.58186243e-04 2.99504238e-04 outputs/V1e25_D3000_G8/solution/solution-00021 
 22 2.108996634270e+10 3.131004579293e+08 768 7235 3201 11 6 7 7 1.67643944e-04 3.17012895e-04 outputs/V1e25_D3000_G8/solution/solution-00022 
 23 2.138558616479e+10 2.956198220904e+08 768 7235 3201 11 6 7 7 1.76852754e-04 3.34121696e-04 outputs/V1e25_D3000_G8/solution/solution-00023 
 24 2.166614507636e+10 2.805589115666e+08 768 7235 3201 10 6 7 7 1.85801066e-04 3.50638066e-04 outputs/V1e25_D3000_G8/solution/solution-00024 
 25 2.193364486512e+10 2.674997887601e+08 768 7235 3201 10 6 7 7 1.94474423e-04 3.66423504e-04 outputs/V1e25_D3000_G8/solution/solution-00025 
 26 2.218955006921e+10 2.559052040918e+08 768 7235 3201 10 6 7 7 2.02849148e-04 3.81605639e-04 outputs/V1e25_D3000_G8/solution/solution-00026 
 27 2.243522253924e+10 2.456724700230e+08 768 7235 3201 10 6 7 7 2.10904913e-04 3.96063089e-04 outputs/V1e25_D3000_G8/solution/solution-00027 
 28 2.267192725258e+10 2.367047133392e+08 768 7235 3201 10 6 7 7 2.18624089e-04 4.09690841e-04 outputs/V1e25_D3000_G8/solution/solution-00028 
 29 2.290075833863e+10 2.288310860514e+08 768 7235 3201 10 6 7 7 2.25988525e-04 4.22663416e-04 outputs/V1e25_D3000_G8/solution/solution-00029 
 30 2.312267116568e+10 2.219128270553e+08 768 7235 3201 10 6 7 7 2.32980035e-04 4.34799156e-04 outputs/V1e25_D3000_G8/solution/solution-00030 
 31 2.333841454543e+10 2.157433797508e+08 768 7235 3201  9 6 7 7 2.39578046e-04 4.46031831e-04 outputs/V1e25_D3000_G8/solution/solution-00031 
 32 2.354863781696e+10 2.102232715253e+08 768 7235 3201  9 6 7 7 2.45763112e-04 4.56339480e-04 outputs/V1e25_D3000_G8/solution/solution-00032 
 33 2.375403208175e+10 2.053942647959e+08 768 7235 3201  9 6 7 7 2.51520942e-04 4.65711030e-04 outputs/V1e25_D3000_G8/solution/solution-00033 
 34 2.395521851986e+10 2.011864381094e+08 768 7235 3201  9 6 7 7 2.56838715e-04 4.74432193e-04 outputs/V1e25_D3000_G8/solution/solution-00034 
 35 2.415275942525e+10 1.975409053837e+08 768 7235 3201  9 6 7 7 2.61705358e-04 4.82238312e-04 outputs/V1e25_D3000_G8/solution/solution-00035 
 36 2.434716723526e+10 1.944078100154e+08 768 7235 3201  9 6 7 7 2.66111772e-04 4.89088804e-04 outputs/V1e25_D3000_G8/solution/solution-00036 
 37 2.453891198176e+10 1.917447464989e+08 768 7235 3201  9 5 6 6 2.70051022e-04 4.94987092e-04 outputs/V1e25_D3000_G8/solution/solution-00037 
 38 2.472842748623e+10 1.895155044703e+08 768 7235 3201  9 5 6 6 2.73518478e-04 4.99941094e-04 outputs/V1e25_D3000_G8/solution/solution-00038 
 39 2.491606528898e+10 1.876378027533e+08 768 7235 3201  9 5 6 6 2.76511162e-04 5.03962153e-04 outputs/V1e25_D3000_G8/solution/solution-00039 
 40 2.510214519439e+10 1.860799054012e+08 768 7235 3201  9 5 6 6 2.79029002e-04 5.07074015e-04 outputs/V1e25_D3000_G8/solution/solution-00040 
 41 2.528702944662e+10 1.848842522353e+08 768 7235 3201  9 5 6 6 2.81075623e-04 5.09428809e-04 outputs/V1e25_D3000_G8/solution/solution-00041 
 42 2.547105908615e+10 1.840296395267e+08 768 7235 3201  9 5 6 6 2.82657016e-04 5.10905407e-04 outputs/V1e25_D3000_G8/solution/solution-00042 
 43 2.565455685071e+10 1.834977645649e+08 768 7235 3201  9 5 6 6 2.83781483e-04 5.11532529e-04 outputs/V1e25_D3000_G8/solution/solution-00043 
 44 2.583782965308e+10 1.832728023625e+08 768 7235 3201  9 5 6 6 2.84459537e-04 5.11342122e-04 outputs/V1e25_D3000_G8/solution/solution-00044 
 45 2.602117069993e+10 1.833410468571e+08 768 7235 3201  9 5 6 6 2.84703796e-04 5.10369057e-04 outputs/V1e25_D3000_G8/solution/solution-00045 
 46 2.620486130331e+10 1.836906033802e+08 768 7235 3201  9 5 6 6 2.84528839e-04 5.08650802e-04 outputs/V1e25_D3000_G8/solution/solution-00046 
 47 2.638917242517e+10 1.843111218584e+08 768 7235 3201  9 5 6 6 2.83951049e-04 5.06227100e-04 outputs/V1e25_D3000_G8/solution/solution-00047 
 48 2.657436598747e+10 1.851935623005e+08 768 7235 3201  9 5 6 6 2.82988441e-04 5.03139629e-04 outputs/V1e25_D3000_G8/solution/solution-00048 
 49 2.676069597324e+10 1.863299857667e+08 768 7235 3201  9 6 7 7 2.81660481e-04 4.99431671e-04 outputs/V1e25_D3000_G8/solution/solution-00049 
 50 2.694840933903e+10 1.877133657953e+08 768 7235 3201  9 6 7 7 2.79987894e-04 4.95916644e-04 outputs/V1e25_D3000_G8/solution/solution-00050 
 51 2.713728205654e+10 1.888727175079e+08 768 7235 3201  9 6 7 7 2.77997690e-04 4.93265431e-04 outputs/V1e25_D3000_G8/solution/solution-00051 
 52 2.732717630913e+10 1.898942525916e+08 768 7235 3201  9 6 7 7 2.75719139e-04 4.90067574e-04 outputs/V1e25_D3000_G8/solution/solution-00052 
 53 2.751833222527e+10 1.911559161401e+08 768 7235 3201  9 6 7 7 2.73178220e-04 4.86331484e-04 outputs/V1e25_D3000_G8/solution/solution-00053 
 54 2.771097951276e+10 1.926472874907e+08 768 7235 3201  9 6 7 7 2.70400607e-04 4.82106127e-04 outputs/V1e25_D3000_G8/solution/solution-00054 
 55 2.790533837143e+10 1.943588586615e+08 768 7235 3201  9 6 7 7 2.67411529e-04 4.77439664e-04 outputs/V1e25_D3000_G8/solution/solution-00055 
 56 2.810162021632e+10 1.962818448949e+08 768 7235 3201  9 6 7 7 2.64235651e-04 4.72379247e-04 outputs/V1e25_D3000_G8/solution/solution-00056 
 57 2.830002822628e+10 1.984080099557e+08 768 7235 3201  9 6 7 7 2.60896971e-04 4.66970840e-04 outputs/V1e25_D3000_G8/solution/solution-00057 
 58 2.850075773268e+10 2.007295064029e+08 768 7235 3201  9 6 7 7 2.57418727e-04 4.61259066e-04 outputs/V1e25_D3000_G8/solution/solution-00058 
 59 2.870399646216e+10 2.032387294823e+08 768 7235 3201  9 6 7 7 2.53823321e-04 4.55287073e-04 outputs/V1e25_D3000_G8/solution/solution-00059 
 60 2.890992464533e+10 2.059281831677e+08 768 7235 3201  9 6 7 7 2.50132255e-04 4.49096411e-04 outputs/V1e25_D3000_G8/solution/solution-00060 
 61 2.911871500251e+10 2.087903571843e+08 768 7235 3201  9 6 7 7 2.46366076e-04 4.42726942e-04 outputs/V1e25_D3000_G8/solution/solution-00061 
 62 2.933053261677e+10 2.118176142558e+08 768 7235 3201  9 6 7 7 2.42544341e-04 4.36216748e-04 outputs/V1e25_D3000_G8/solution/solution-00062 
 63 2.954553470398e+10 2.150020872158e+08 768 7235 3201  9 6 7 7 2.38685581e-04 4.29602069e-04 outputs/V1e25_D3000_G8/solution/solution-00063 
 64 2.976387028997e+10 2.183355859862e+08 768 7235 3201  9 6 7 7 2.34807283e-04 4.22917240e-04 outputs/V1e25_D3000_G8/solution/solution-00064 
 65 2.998567980470e+10 2.218095147339e+08 768 7235 3201  9 6 7 7 2.30925882e-04 4.16194660e-04 outputs/V1e25_D3000_G8/solution/solution-00065 
 66 3.021109460448e+10 2.254147997779e+08 768 7235 3201  9 6 7 7 2.27056754e-04 4.09464752e-04 outputs/V1e25_D3000_G8/solution/solution-00066 
 67 3.044023643351e+10 2.291418290225e+08 768 7235 3201  9 5 6 6 2.23214224e-04 4.02755951e-04 outputs/V1e25_D3000_G8/solution/solution-00067 
 68 3.067321683768e+10 2.329804041777e+08 768 7235 3201  9 5 6 6 2.19411577e-04 3.96094697e-04 outputs/V1e25_D3000_G8/solution/solution-00068 
 69 3.091013654244e+10 2.369197047576e+08 768 7235 3201  9 5 6 6 2.15661072e-04 3.89505436e-04 outputs/V1e25_D3000_G8/solution/solution-00069 
 70 3.115108481224e+10 2.409482697993e+08 768 7235 3201  9 5 6 6 2.11973969e-04 3.83010633e-04 outputs/V1e25_D3000_G8/solution/solution-00070 
 71 3.139613880409e+10 2.450539918461e+08 768 7235 3201  9 5 6 6 2.08360547e-04 3.76630799e-04 outputs/V1e25_D3000_G8/solution/solution-00071 
 72 3.164533383475e+10 2.491950306609e+08 768 7235 3201  9 5 6 6 2.04830544e-04 3.70385233e-04 outputs/V1e25_D3000_G8/solution/solution-00072 
 73 3.189870863696e+10 2.533748022104e+08 768 7235 3201  9 5 6 6 2.01392487e-04 3.64290834e-04 outputs/V1e25_D3000_G8/solution/solution-00073 
 74 3.215630130686e+10 2.575926699052e+08 768 7235 3201  9 5 6 6 1.98053819e-04 3.58362310e-04 outputs/V1e25_D3000_G8/solution/solution-00074 
 75 3.241813589787e+10 2.618345910034e+08 768 7235 3201  9 5 6 6 1.94821131e-04 3.52612580e-04 outputs/V1e25_D3000_G8/solution/solution-00075 
 76 3.268422204085e+10 2.660861429825e+08 768 7235 3201  9 5 6 6 1.91700200e-04 3.47052835e-04 outputs/V1e25_D3000_G8/solution/solution-00076 
 77 3.295455465432e+10 2.703326134744e+08 768 7235 3201 10 5 6 6 1.88696026e-04 3.41692612e-04 outputs/V1e25_D3000_G8/solution/solution-00077 
 78 3.322911375786e+10 2.745591035416e+08 768 7235 3201 10 5 6 6 1.85812869e-04 3.36539866e-04 outputs/V1e25_D3000_G8/solution/solution-00078 
 79 3.350786440060e+10 2.787506427314e+08 768 7235 3201 10 5 6 6 1.83054285e-04 3.31601048e-04 outputs/V1e25_D3000_G8/solution/solution-00079 
 80 3.379075671452e+10 2.828923139251e+08 768 7235 3201 10 5 6 6 1.80423166e-04 3.26881185e-04 outputs/V1e25_D3000_G8/solution/solution-00080 
 81 3.407772610016e+10 2.869693856371e+08 768 7235 3201 10 5 6 6 1.77921775e-04 3.22383963e-04 outputs/V1e25_D3000_G8/solution/solution-00081 
 82 3.436869354927e+10 2.909674491131e+08 768 7235 3201 10 5 6 6 1.75551780e-04 3.18111807e-04 outputs/V1e25_D3000_G8/solution/solution-00082 
 83 3.466356610661e+10 2.948725573393e+08 768 7235 3201 10 5 6 6 1.73314290e-04 3.14065969e-04 outputs/V1e25_D3000_G8/solution/solution-00083 
 84 3.496223746953e+10 2.986713629234e+08 768 7235 3201 10 5 6 6 1.71209887e-04 3.10246610e-04 outputs/V1e25_D3000_G8/solution/solution-00084 
 85 3.526458872128e+10 3.023512517479e+08 768 7235 3201 10 5 6 6 1.69238661e-04 3.06652877e-04 outputs/V1e25_D3000_G8/solution/solution-00085 
 86 3.557048919062e+10 3.059004693418e+08 768 7235 3201 10 5 6 6 1.67400239e-04 3.03282994e-04 outputs/V1e25_D3000_G8/solution/solution-00086 
 87 3.587979742768e+10 3.093082370554e+08 768 7235 3201 10 5 6 6 1.65693818e-04 3.00134332e-04 outputs/V1e25_D3000_G8/solution/solution-00087 
 88 3.619236228305e+10 3.125648553762e+08 768 7235 3201 10 5 6 6 1.64118195e-04 2.97203489e-04 outputs/V1e25_D3000_G8/solution/solution-00088 
 89 3.650802407511e+10 3.156617920533e+08 768 7235 3201 10 5 6 6 1.62671796e-04 2.94486367e-04 outputs/V1e25_D3000_G8/solution/solution-00089 
 90 3.682661582823e+10 3.185917531234e+08 768 7235 3201 10 5 6 6 1.61352706e-04 2.91978237e-04 outputs/V1e25_D3000_G8/solution/solution-00090 
 91 3.714796456364e+10 3.213487354054e+08 768 7235 3201 10 5 6 6 1.60158692e-04 2.89673816e-04 outputs/V1e25_D3000_G8/solution/solution-00091 
 92 3.747189262320e+10 3.239280595606e+08 768 7235 3201 10 5 6 6 1.59087238e-04 2.87567324e-04 outputs/V1e25_D3000_G8/solution/solution-00092 
 93 3.779821900655e+10 3.263263833568e+08 768 7235 3201 10 5 6 6 1.58135564e-04 2.85652553e-04 outputs/V1e25_D3000_G8/solution/solution-00093 
 94 3.812676070188e+10 3.285416953213e+08 768 7235 3201 10 5 6 6 1.57300656e-04 2.83922923e-04 outputs/V1e25_D3000_G8/solution/solution-00094 
 95 3.845733399136e+10 3.305732894862e+08 768 7235 3201 10 5 6 6 1.56579290e-04 2.82371540e-04 outputs/V1e25_D3000_G8/solution/solution-00095 
 96 3.878972397397e+10 3.323899826110e+08 768 7235 3201 10 5 6 6 1.55968109e-04 2.80991370e-04 outputs/V1e25_D3000_G8/solution/solution-00096 
 97 3.912371909763e+10 3.339951236595e+08 768 7235 3201 10 5 6 6 1.55463550e-04 2.79775102e-04 outputs/V1e25_D3000_G8/solution/solution-00097 
 98 3.945913736207e+10 3.354182644404e+08 768 7235 3201 10 5 6 6 1.55061847e-04 2.78715132e-04 outputs/V1e25_D3000_G8/solution/solution-00098 
 99 3.979580123103e+10 3.366638689609e+08 768 7235 3201 10 5 6 6 1.54759117e-04 2.77803737e-04 outputs/V1e25_D3000_G8/solution/solution-00099 
100 4.013353859396e+10 3.377373629312e+08 768 7235 3201 10 5 6 6 1.54551381e-04 2.77033121e-04 outputs/V1e25_D3000_G8/solution/solution-00100 
