# 1: Time step number
# 2: Time (years)
# 3: Time step size (years)
# 4: Number of mesh cells
# 5: Number of Stokes degrees of freedom
# 6: Number of temperature degrees of freedom
# 7: Iterations for temperature solver
# 8: Iterations for Stokes solver
# 9: Velocity iterations in Stokes preconditioner
# 10: Schur complement iterations in Stokes preconditioner
# 11: RMS velocity (m/year)
# 12: Max. velocity (m/year)
# 13: Visualization file name
  0 0.000000000000e+00 0.000000000000e+00 768 7235 3201  0 8 9 9 7.93470422e-08 1.36349402e-07 outputs/V1e26_D300_G12/solution/solution-00000 
  1 1.392571516413e+09 1.392571516413e+09 768 7235 3201 31 8 9 9 7.63128235e-08 1.28898670e-07 outputs/V1e26_D300_G12/solution/solution-00001 
  2 2.785143032825e+09 1.392571516413e+09 768 7235 3201 25 8 9 9 7.35796722e-08 1.24606877e-07 outputs/V1e26_D300_G12/solution/solution-00002 
  3 4.177714549238e+09 1.392571516413e+09 768 7235 3201 24 8 9 9 7.11407466e-08 1.20785352e-07 outputs/V1e26_D300_G12/solution/solution-00003 
  4 5.570286065650e+09 1.392571516413e+09 768 7235 3201 23 8 9 9 6.89556926e-08 1.17381620e-07 outputs/V1e26_D300_G12/solution/solution-00004 
  5 6.962857582063e+09 1.392571516413e+09 768 7235 3201 22 8 9 9 6.69931260e-08 1.14322236e-07 outputs/V1e26_D300_G12/solution/solution-00005 
  6 8.355429098476e+09 1.392571516413e+09 768 7235 3201 22 8 9 9 6.52198499e-08 1.11542057e-07 outputs/V1e26_D300_G12/solution/solution-00006 
  7 9.748000614888e+09 1.392571516413e+09 768 7235 3201 21 8 9 9 6.36062635e-08 1.08989085e-07 outputs/V1e26_D300_G12/solution/solution-00007 
  8 1.114057213130e+10 1.392571516413e+09 768 7235 3201 21 8 9 9 6.21272252e-08 1.06622924e-07 outputs/V1e26_D300_G12/solution/solution-00008 
  9 1.253314364771e+10 1.392571516413e+09 768 7235 3201 20 8 9 9 6.07617791e-08 1.04412207e-07 outputs/V1e26_D300_G12/solution/solution-00009 
 10 1.392571516413e+10 1.392571516413e+09 768 7235 3201 20 8 9 9 5.94925750e-08 1.02332363e-07 outputs/V1e26_D300_G12/solution/solution-00010 
 11 1.531828668054e+10 1.392571516413e+09 768 7235 3201 20 8 9 9 5.83052675e-08 1.00363928e-07 outputs/V1e26_D300_G12/solution/solution-00011 
 12 1.671085819695e+10 1.392571516413e+09 768 7235 3201 20 8 9 9 5.71879838e-08 9.84913089e-08 outputs/V1e26_D300_G12/solution/solution-00012 
 13 1.810342971336e+10 1.392571516413e+09 768 7235 3201 20 8 9 9 5.61308791e-08 9.67018853e-08 outputs/V1e26_D300_G12/solution/solution-00013 
 14 1.949600122978e+10 1.392571516413e+09 768 7235 3201 19 8 9 9 5.51257715e-08 9.49853490e-08 outputs/V1e26_D300_G12/solution/solution-00014 
 15 2.088857274619e+10 1.392571516413e+09 768 7235 3201 19 8 9 9 5.41658450e-08 9.33332115e-08 outputs/V1e26_D300_G12/solution/solution-00015 
 16 2.228114426260e+10 1.392571516413e+09 768 7235 3201 19 8 9 9 5.32454081e-08 9.17384324e-08 outputs/V1e26_D300_G12/solution/solution-00016 
 17 2.367371577901e+10 1.392571516413e+09 768 7235 3201 19 8 9 9 5.23596974e-08 9.01951336e-08 outputs/V1e26_D300_G12/solution/solution-00017 
 18 2.506628729543e+10 1.392571516413e+09 768 7235 3201 19 8 9 9 5.15047171e-08 8.86983785e-08 outputs/V1e26_D300_G12/solution/solution-00018 
 19 2.645885881184e+10 1.392571516413e+09 768 7235 3201 19 8 9 9 5.06771079e-08 8.72439974e-08 outputs/V1e26_D300_G12/solution/solution-00019 
 20 2.785143032825e+10 1.392571516413e+09 768 7235 3201 19 8 9 9 4.98740394e-08 8.58284504e-08 outputs/V1e26_D300_G12/solution/solution-00020 
 21 2.924400184466e+10 1.392571516413e+09 768 7235 3201 19 8 9 9 4.90931214e-08 8.44487168e-08 outputs/V1e26_D300_G12/solution/solution-00021 
 22 3.063657336108e+10 1.392571516413e+09 768 7235 3201 18 8 9 9 4.83323308e-08 8.31022068e-08 outputs/V1e26_D300_G12/solution/solution-00022 
 23 3.202914487749e+10 1.392571516413e+09 768 7235 3201 18 8 9 9 4.75899510e-08 8.17866888e-08 outputs/V1e26_D300_G12/solution/solution-00023 
 24 3.342171639390e+10 1.392571516413e+09 768 7235 3201 18 8 9 9 4.68645219e-08 8.05002309e-08 outputs/V1e26_D300_G12/solution/solution-00024 
 25 3.481428791032e+10 1.392571516413e+09 768 7235 3201 18 8 9 9 4.61547980e-08 7.92411523e-08 outputs/V1e26_D300_G12/solution/solution-00025 
 26 3.620685942673e+10 1.392571516413e+09 768 7235 3201 18 8 9 9 4.54597138e-08 7.80079837e-08 outputs/V1e26_D300_G12/solution/solution-00026 
 27 3.759943094314e+10 1.392571516413e+09 768 7235 3201 18 8 9 9 4.47783548e-08 7.67994341e-08 outputs/V1e26_D300_G12/solution/solution-00027 
 28 3.899200245955e+10 1.392571516413e+09 768 7235 3201 18 8 9 9 4.41099332e-08 7.56143635e-08 outputs/V1e26_D300_G12/solution/solution-00028 
 29 4.038457397597e+10 1.392571516413e+09 768 7235 3201 18 8 9 9 4.34537679e-08 7.44517597e-08 outputs/V1e26_D300_G12/solution/solution-00029 
 30 4.177714549238e+10 1.392571516413e+09 768 7235 3201 18 8 9 9 4.28092675e-08 7.33107191e-08 outputs/V1e26_D300_G12/solution/solution-00030 
 31 4.316971700879e+10 1.392571516413e+09 768 7235 3201 18 8 9 9 4.21759161e-08 7.21904313e-08 outputs/V1e26_D300_G12/solution/solution-00031 
 32 4.456228852520e+10 1.392571516413e+09 768 7235 3201 18 8 9 9 4.15532614e-08 7.10901646e-08 outputs/V1e26_D300_G12/solution/solution-00032 
 33 4.595486004162e+10 1.392571516413e+09 768 7235 3201 18 8 9 9 4.09409047e-08 7.00092556e-08 outputs/V1e26_D300_G12/solution/solution-00033 
 34 4.734743155803e+10 1.392571516413e+09 768 7235 3201 18 8 9 9 4.03384929e-08 6.89470991e-08 outputs/V1e26_D300_G12/solution/solution-00034 
 35 4.874000307444e+10 1.392571516413e+09 768 7235 3201 18 8 9 9 3.97457108e-08 6.79031399e-08 outputs/V1e26_D300_G12/solution/solution-00035 
 36 5.013257459085e+10 1.392571516413e+09 768 7235 3201 18 8 9 9 3.91622759e-08 6.68768666e-08 outputs/V1e26_D300_G12/solution/solution-00036 
 37 5.152514610727e+10 1.392571516413e+09 768 7235 3201 18 8 9 9 3.85879330e-08 6.58678051e-08 outputs/V1e26_D300_G12/solution/solution-00037 
 38 5.291771762368e+10 1.392571516413e+09 768 7235 3201 17 8 9 9 3.80224503e-08 6.48755143e-08 outputs/V1e26_D300_G12/solution/solution-00038 
 39 5.431028914009e+10 1.392571516413e+09 768 7235 3201 17 8 9 9 3.74656157e-08 6.38995814e-08 outputs/V1e26_D300_G12/solution/solution-00039 
 40 5.570286065650e+10 1.392571516413e+09 768 7235 3201 17 8 9 9 3.69172338e-08 6.29396187e-08 outputs/V1e26_D300_G12/solution/solution-00040 
 41 5.709543217292e+10 1.392571516413e+09 768 7235 3201 17 8 9 9 3.63771239e-08 6.19952606e-08 outputs/V1e26_D300_G12/solution/solution-00041 
 42 5.848800368933e+10 1.392571516413e+09 768 7235 3201 17 8 9 9 3.58451173e-08 6.10661610e-08 outputs/V1e26_D300_G12/solution/solution-00042 
 43 5.988057520574e+10 1.392571516413e+09 768 7235 3201 17 8 9 9 3.53210559e-08 6.01519908e-08 outputs/V1e26_D300_G12/solution/solution-00043 
 44 6.127314672215e+10 1.392571516413e+09 768 7235 3201 17 8 9 9 3.48047908e-08 5.92524366e-08 outputs/V1e26_D300_G12/solution/solution-00044 
 45 6.266571823857e+10 1.392571516413e+09 768 7235 3201 17 8 9 9 3.42961809e-08 5.83671987e-08 outputs/V1e26_D300_G12/solution/solution-00045 
 46 6.405828975498e+10 1.392571516413e+09 768 7235 3201 17 8 9 9 3.37950916e-08 5.74959897e-08 outputs/V1e26_D300_G12/solution/solution-00046 
 47 6.545086127139e+10 1.392571516413e+09 768 7235 3201 17 8 9 9 3.33013946e-08 5.66385335e-08 outputs/V1e26_D300_G12/solution/solution-00047 
 48 6.684343278781e+10 1.392571516413e+09 768 7235 3201 17 8 9 9 3.28149664e-08 5.57945644e-08 outputs/V1e26_D300_G12/solution/solution-00048 
 49 6.823600430422e+10 1.392571516413e+09 768 7235 3201 17 8 9 9 3.23356884e-08 5.49638257e-08 outputs/V1e26_D300_G12/solution/solution-00049 
 50 6.962857582063e+10 1.392571516413e+09 768 7235 3201 17 8 9 9 3.18634458e-08 5.41460695e-08 outputs/V1e26_D300_G12/solution/solution-00050 
 51 7.102114733704e+10 1.392571516413e+09 768 7235 3201 17 8 9 9 3.13981273e-08 5.33410557e-08 outputs/V1e26_D300_G12/solution/solution-00051 
 52 7.241371885346e+10 1.392571516413e+09 768 7235 3201 17 8 9 9 3.09396250e-08 5.25485516e-08 outputs/V1e26_D300_G12/solution/solution-00052 
 53 7.380629036987e+10 1.392571516413e+09 768 7235 3201 17 8 9 9 3.04878338e-08 5.17683312e-08 outputs/V1e26_D300_G12/solution/solution-00053 
 54 7.519886188628e+10 1.392571516413e+09 768 7235 3201 17 8 9 9 3.00426512e-08 5.10001750e-08 outputs/V1e26_D300_G12/solution/solution-00054 
 55 7.659143340269e+10 1.392571516413e+09 768 7235 3201 17 8 9 9 2.96039770e-08 5.02438693e-08 outputs/V1e26_D300_G12/solution/solution-00055 
 56 7.798400491911e+10 1.392571516413e+09 768 7235 3201 17 8 9 9 2.91717134e-08 4.94992061e-08 outputs/V1e26_D300_G12/solution/solution-00056 
 57 7.937657643552e+10 1.392571516413e+09 768 7235 3201 17 8 9 9 2.87457645e-08 4.87659828e-08 outputs/V1e26_D300_G12/solution/solution-00057 
 58 8.076914795193e+10 1.392571516413e+09 768 7235 3201 17 8 9 9 2.83260363e-08 4.80440017e-08 outputs/V1e26_D300_G12/solution/solution-00058 
 59 8.216171946834e+10 1.392571516413e+09 768 7235 3201 17 8 9 9 2.79124367e-08 4.73330700e-08 outputs/V1e26_D300_G12/solution/solution-00059 
 60 8.355429098476e+10 1.392571516413e+09 768 7235 3201 17 8 9 9 2.75048751e-08 4.66329993e-08 outputs/V1e26_D300_G12/solution/solution-00060 
 61 8.494686250117e+10 1.392571516413e+09 768 7235 3201 17 8 9 9 2.71032626e-08 4.59436056e-08 outputs/V1e26_D300_G12/solution/solution-00061 
 62 8.633943401758e+10 1.392571516413e+09 768 7235 3201 17 8 9 9 2.67075117e-08 4.52647092e-08 outputs/V1e26_D300_G12/solution/solution-00062 
 63 8.773200553399e+10 1.392571516413e+09 768 7235 3201 16 8 9 9 2.63175366e-08 4.45961343e-08 outputs/V1e26_D300_G12/solution/solution-00063 
 64 8.912457705041e+10 1.392571516413e+09 768 7235 3201 16 8 9 9 2.59332527e-08 4.39377089e-08 outputs/V1e26_D300_G12/solution/solution-00064 
 65 9.051714856682e+10 1.392571516413e+09 768 7235 3201 16 8 9 9 2.55545767e-08 4.32892647e-08 outputs/V1e26_D300_G12/solution/solution-00065 
 66 9.190972008323e+10 1.392571516413e+09 768 7235 3201 16 8 9 9 2.51814267e-08 4.26506370e-08 outputs/V1e26_D300_G12/solution/solution-00066 
 67 9.330229159964e+10 1.392571516413e+09 768 7235 3201 16 8 9 9 2.48137221e-08 4.20216646e-08 outputs/V1e26_D300_G12/solution/solution-00067 
 68 9.469486311606e+10 1.392571516413e+09 768 7235 3201 16 8 9 9 2.44513834e-08 4.14021895e-08 outputs/V1e26_D300_G12/solution/solution-00068 
 69 9.608743463247e+10 1.392571516413e+09 768 7235 3201 16 8 9 9 2.40943323e-08 4.07920568e-08 outputs/V1e26_D300_G12/solution/solution-00069 
 70 9.748000614888e+10 1.392571516413e+09 768 7235 3201 16 8 9 9 2.37424920e-08 4.01911152e-08 outputs/V1e26_D300_G12/solution/solution-00070 
 71 9.887257766530e+10 1.392571516413e+09 768 7235 3201 16 8 9 9 2.33957863e-08 3.95992158e-08 outputs/V1e26_D300_G12/solution/solution-00071 
 72 1.002651491817e+11 1.392571516413e+09 768 7235 3201 16 8 9 9 2.30541405e-08 3.90162130e-08 outputs/V1e26_D300_G12/solution/solution-00072 
 73 1.016577206981e+11 1.392571516413e+09 768 7235 3201 16 8 9 9 2.27174809e-08 3.84419640e-08 outputs/V1e26_D300_G12/solution/solution-00073 
 74 1.030502922145e+11 1.392571516413e+09 768 7235 3201 16 8 9 9 2.23857350e-08 3.78763287e-08 outputs/V1e26_D300_G12/solution/solution-00074 
 75 1.044428637309e+11 1.392571516413e+09 768 7235 3201 16 8 9 9 2.20588310e-08 3.73191697e-08 outputs/V1e26_D300_G12/solution/solution-00075 
 76 1.058354352474e+11 1.392571516413e+09 768 7235 3201 16 8 9 9 2.17366986e-08 3.67703521e-08 outputs/V1e26_D300_G12/solution/solution-00076 
 77 1.072280067638e+11 1.392571516413e+09 768 7235 3201 16 8 9 9 2.14192682e-08 3.62297437e-08 outputs/V1e26_D300_G12/solution/solution-00077 
 78 1.086205782802e+11 1.392571516413e+09 768 7235 3201 16 8 9 9 2.11064713e-08 3.56972147e-08 outputs/V1e26_D300_G12/solution/solution-00078 
 79 1.100131497966e+11 1.392571516413e+09 768 7235 3201 16 8 9 9 2.07982404e-08 3.51726377e-08 outputs/V1e26_D300_G12/solution/solution-00079 
 80 1.114057213130e+11 1.392571516413e+09 768 7235 3201 16 8 9 9 2.04945090e-08 3.46558876e-08 outputs/V1e26_D300_G12/solution/solution-00080 
 81 1.127982928294e+11 1.392571516413e+09 768 7235 3201 16 8 9 9 2.01952116e-08 3.41468416e-08 outputs/V1e26_D300_G12/solution/solution-00081 
 82 1.141908643458e+11 1.392571516413e+09 768 7235 3201 16 8 9 9 1.99002835e-08 3.36453793e-08 outputs/V1e26_D300_G12/solution/solution-00082 
 83 1.155834358622e+11 1.392571516413e+09 768 7235 3201 16 8 9 9 1.96096611e-08 3.31513822e-08 outputs/V1e26_D300_G12/solution/solution-00083 
 84 1.169760073787e+11 1.392571516413e+09 768 7235 3201 16 8 9 9 1.93232816e-08 3.26647341e-08 outputs/V1e26_D300_G12/solution/solution-00084 
 85 1.183685788951e+11 1.392571516413e+09 768 7235 3201 16 8 9 9 1.90410832e-08 3.21853207e-08 outputs/V1e26_D300_G12/solution/solution-00085 
 86 1.197611504115e+11 1.392571516413e+09 768 7235 3201 16 8 9 9 1.87630049e-08 3.17130299e-08 outputs/V1e26_D300_G12/solution/solution-00086 
 87 1.211537219279e+11 1.392571516413e+09 768 7235 3201 16 8 9 9 1.84889867e-08 3.12477514e-08 outputs/V1e26_D300_G12/solution/solution-00087 
 88 1.225462934443e+11 1.392571516413e+09 768 7235 3201 15 8 9 9 1.82189694e-08 3.07893771e-08 outputs/V1e26_D300_G12/solution/solution-00088 
 89 1.239388649607e+11 1.392571516413e+09 768 7235 3201 15 8 9 9 1.79528946e-08 3.03378005e-08 outputs/V1e26_D300_G12/solution/solution-00089 
 90 1.253314364771e+11 1.392571516413e+09 768 7235 3201 15 7 8 8 1.76907048e-08 2.98929171e-08 outputs/V1e26_D300_G12/solution/solution-00090 
 91 1.267240079935e+11 1.392571516413e+09 768 7235 3201 15 7 8 8 1.74323434e-08 2.94546239e-08 outputs/V1e26_D300_G12/solution/solution-00091 
 92 1.281165795100e+11 1.392571516413e+09 768 7235 3201 15 7 8 8 1.71777545e-08 2.90228201e-08 outputs/V1e26_D300_G12/solution/solution-00092 
 93 1.295091510264e+11 1.392571516413e+09 768 7235 3201 15 7 8 8 1.69268831e-08 2.85974063e-08 outputs/V1e26_D300_G12/solution/solution-00093 
 94 1.309017225428e+11 1.392571516413e+09 768 7235 3201 15 7 8 8 1.66796750e-08 2.81782850e-08 outputs/V1e26_D300_G12/solution/solution-00094 
 95 1.322942940592e+11 1.392571516413e+09 768 7235 3201 15 7 8 8 1.64360767e-08 2.77653601e-08 outputs/V1e26_D300_G12/solution/solution-00095 
 96 1.336868655756e+11 1.392571516413e+09 768 7235 3201 15 7 8 8 1.61960355e-08 2.73585373e-08 outputs/V1e26_D300_G12/solution/solution-00096 
 97 1.350794370920e+11 1.392571516413e+09 768 7235 3201 15 7 8 8 1.59594996e-08 2.69577238e-08 outputs/V1e26_D300_G12/solution/solution-00097 
 98 1.364720086084e+11 1.392571516413e+09 768 7235 3201 15 7 8 8 1.57264179e-08 2.65628284e-08 outputs/V1e26_D300_G12/solution/solution-00098 
 99 1.378645801248e+11 1.392571516413e+09 768 7235 3201 15 7 8 8 1.54967398e-08 2.61737613e-08 outputs/V1e26_D300_G12/solution/solution-00099 
100 1.392571516413e+11 1.392571516413e+09 768 7235 3201 15 7 8 8 1.52704157e-08 2.57904342e-08 outputs/V1e26_D300_G12/solution/solution-00100 
