# 1: Time step number
# 2: Time (years)
# 3: Time step size (years)
# 4: Number of mesh cells
# 5: Number of Stokes degrees of freedom
# 6: Number of temperature degrees of freedom
# 7: Iterations for temperature solver
# 8: Iterations for Stokes solver
# 9: Velocity iterations in Stokes preconditioner
# 10: Schur complement iterations in Stokes preconditioner
# 11: RMS velocity (m/year)
# 12: Max. velocity (m/year)
# 13: Visualization file name
  0 0.000000000000e+00 0.000000000000e+00 768 7235 3201  0 8 9 9 1.60520356e-07 2.82252090e-07 outputs/V3.3e25_D100_G8/solution/solution-00000 
  1 1.392571516413e+09 1.392571516413e+09 768 7235 3201 32 8 9 9 1.54525557e-07 2.61675164e-07 outputs/V3.3e25_D100_G8/solution/solution-00001 
  2 2.785143032825e+09 1.392571516413e+09 768 7235 3201 25 8 9 9 1.49774285e-07 2.55167543e-07 outputs/V3.3e25_D100_G8/solution/solution-00002 
  3 4.177714549238e+09 1.392571516413e+09 768 7235 3201 24 8 9 9 1.46244513e-07 2.50768812e-07 outputs/V3.3e25_D100_G8/solution/solution-00003 
  4 5.570286065650e+09 1.392571516413e+09 768 7235 3201 23 8 9 9 1.43772495e-07 2.48131561e-07 outputs/V3.3e25_D100_G8/solution/solution-00004 
  5 6.962857582063e+09 1.392571516413e+09 768 7235 3201 23 8 9 9 1.42222077e-07 2.46922160e-07 outputs/V3.3e25_D100_G8/solution/solution-00005 
  6 8.355429098476e+09 1.392571516413e+09 768 7235 3201 22 8 9 9 1.41456333e-07 2.46861812e-07 outputs/V3.3e25_D100_G8/solution/solution-00006 
  7 9.748000614888e+09 1.392571516413e+09 768 7235 3201 21 8 9 9 1.41356667e-07 2.47737935e-07 outputs/V3.3e25_D100_G8/solution/solution-00007 
  8 1.114057213130e+10 1.392571516413e+09 768 7235 3201 21 8 9 9 1.41824911e-07 2.49392190e-07 outputs/V3.3e25_D100_G8/solution/solution-00008 
  9 1.253314364771e+10 1.392571516413e+09 768 7235 3201 21 8 9 9 1.42781230e-07 2.51706484e-07 outputs/V3.3e25_D100_G8/solution/solution-00009 
 10 1.392571516413e+10 1.392571516413e+09 768 7235 3201 20 8 9 9 1.44161063e-07 2.54591803e-07 outputs/V3.3e25_D100_G8/solution/solution-00010 
 11 1.531828668054e+10 1.392571516413e+09 768 7235 3201 20 8 9 9 1.45912217e-07 2.57980149e-07 outputs/V3.3e25_D100_G8/solution/solution-00011 
 12 1.671085819695e+10 1.392571516413e+09 768 7235 3201 20 8 9 9 1.47992407e-07 2.61818881e-07 outputs/V3.3e25_D100_G8/solution/solution-00012 
 13 1.810342971336e+10 1.392571516413e+09 768 7235 3201 20 8 9 9 1.50367265e-07 2.66066754e-07 outputs/V3.3e25_D100_G8/solution/solution-00013 
 14 1.949600122978e+10 1.392571516413e+09 768 7235 3201 20 8 9 9 1.53008778e-07 2.70691115e-07 outputs/V3.3e25_D100_G8/solution/solution-00014 
 15 2.088857274619e+10 1.392571516413e+09 768 7235 3201 20 8 9 9 1.55894056e-07 2.75665906e-07 outputs/V3.3e25_D100_G8/solution/solution-00015 
 16 2.228114426260e+10 1.392571516413e+09 768 7235 3201 19 8 9 9 1.59004364e-07 2.80970209e-07 outputs/V3.3e25_D100_G8/solution/solution-00016 
 17 2.367371577901e+10 1.392571516413e+09 768 7235 3201 19 8 9 9 1.62324366e-07 2.86587180e-07 outputs/V3.3e25_D100_G8/solution/solution-00017 
 18 2.506628729543e+10 1.392571516413e+09 768 7235 3201 19 8 9 9 1.65841529e-07 2.92503253e-07 outputs/V3.3e25_D100_G8/solution/solution-00018 
 19 2.645885881184e+10 1.392571516413e+09 768 7235 3201 19 8 9 9 1.69545644e-07 2.98707545e-07 outputs/V3.3e25_D100_G8/solution/solution-00019 
 20 2.785143032825e+10 1.392571516413e+09 768 7235 3201 19 8 9 9 1.73428452e-07 3.05191399e-07 outputs/V3.3e25_D100_G8/solution/solution-00020 
 21 2.924400184466e+10 1.392571516413e+09 768 7235 3201 19 8 9 9 1.77483337e-07 3.11948026e-07 outputs/V3.3e25_D100_G8/solution/solution-00021 
 22 3.063657336108e+10 1.392571516413e+09 768 7235 3201 19 8 9 9 1.81705076e-07 3.18972239e-07 outputs/V3.3e25_D100_G8/solution/solution-00022 
 23 3.202914487749e+10 1.392571516413e+09 768 7235 3201 19 8 9 9 1.86089642e-07 3.26260224e-07 outputs/V3.3e25_D100_G8/solution/solution-00023 
 24 3.342171639390e+10 1.392571516413e+09 768 7235 3201 19 8 9 9 1.90634036e-07 3.33809370e-07 outputs/V3.3e25_D100_G8/solution/solution-00024 
 25 3.481428791032e+10 1.392571516413e+09 768 7235 3201 18 8 9 9 1.95336149e-07 3.41618123e-07 outputs/V3.3e25_D100_G8/solution/solution-00025 
 26 3.620685942673e+10 1.392571516413e+09 768 7235 3201 18 8 9 9 2.00194649e-07 3.49685873e-07 outputs/V3.3e25_D100_G8/solution/solution-00026 
 27 3.759943094314e+10 1.392571516413e+09 768 7235 3201 18 8 9 9 2.05208885e-07 3.58012847e-07 outputs/V3.3e25_D100_G8/solution/solution-00027 
 28 3.899200245955e+10 1.392571516413e+09 768 7235 3201 18 8 9 9 2.10378805e-07 3.66600038e-07 outputs/V3.3e25_D100_G8/solution/solution-00028 
 29 4.038457397597e+10 1.392571516413e+09 768 7235 3201 18 8 9 9 2.15704892e-07 3.75449124e-07 outputs/V3.3e25_D100_G8/solution/solution-00029 
 30 4.177714549238e+10 1.392571516413e+09 768 7235 3201 18 8 9 9 2.21188102e-07 3.84562417e-07 outputs/V3.3e25_D100_G8/solution/solution-00030 
 31 4.316971700879e+10 1.392571516413e+09 768 7235 3201 18 8 9 9 2.26829817e-07 3.93942805e-07 outputs/V3.3e25_D100_G8/solution/solution-00031 
 32 4.456228852520e+10 1.392571516413e+09 768 7235 3201 18 8 9 9 2.32631807e-07 4.03593713e-07 outputs/V3.3e25_D100_G8/solution/solution-00032 
 33 4.595486004162e+10 1.392571516413e+09 768 7235 3201 18 8 9 9 2.38596186e-07 4.13519060e-07 outputs/V3.3e25_D100_G8/solution/solution-00033 
 34 4.734743155803e+10 1.392571516413e+09 768 7235 3201 18 8 9 9 2.44725391e-07 4.23723227e-07 outputs/V3.3e25_D100_G8/solution/solution-00034 
 35 4.874000307444e+10 1.392571516413e+09 768 7235 3201 18 8 9 9 2.51022150e-07 4.34211031e-07 outputs/V3.3e25_D100_G8/solution/solution-00035 
 36 5.013257459085e+10 1.392571516413e+09 768 7235 3201 18 8 9 9 2.57489462e-07 4.44987693e-07 outputs/V3.3e25_D100_G8/solution/solution-00036 
 37 5.152514610727e+10 1.392571516413e+09 768 7235 3201 18 8 9 9 2.64130580e-07 4.56058825e-07 outputs/V3.3e25_D100_G8/solution/solution-00037 
 38 5.291771762368e+10 1.392571516413e+09 768 7235 3201 18 8 9 9 2.70948992e-07 4.67430403e-07 outputs/V3.3e25_D100_G8/solution/solution-00038 
 39 5.431028914009e+10 1.392571516413e+09 768 7235 3201 18 8 9 9 2.77948410e-07 4.79108758e-07 outputs/V3.3e25_D100_G8/solution/solution-00039 
 40 5.570286065650e+10 1.392571516413e+09 768 7235 3201 18 8 9 9 2.85132759e-07 4.91100555e-07 outputs/V3.3e25_D100_G8/solution/solution-00040 
 41 5.709543217292e+10 1.392571516413e+09 768 7235 3201 18 8 9 9 2.92506164e-07 5.03412789e-07 outputs/V3.3e25_D100_G8/solution/solution-00041 
 42 5.848800368933e+10 1.392571516413e+09 768 7235 3201 18 7 8 8 3.00072948e-07 5.16052769e-07 outputs/V3.3e25_D100_G8/solution/solution-00042 
 43 5.988057520574e+10 1.392571516413e+09 768 7235 3201 17 7 8 8 3.07837621e-07 5.29028116e-07 outputs/V3.3e25_D100_G8/solution/solution-00043 
 44 6.127314672215e+10 1.392571516413e+09 768 7235 3201 17 7 8 8 3.15804878e-07 5.42346750e-07 outputs/V3.3e25_D100_G8/solution/solution-00044 
 45 6.266571823857e+10 1.392571516413e+09 768 7235 3201 17 7 8 8 3.23979593e-07 5.56016893e-07 outputs/V3.3e25_D100_G8/solution/solution-00045 
 46 6.405828975498e+10 1.392571516413e+09 768 7235 3201 17 7 8 8 3.32366817e-07 5.70047059e-07 outputs/V3.3e25_D100_G8/solution/solution-00046 
 47 6.545086127139e+10 1.392571516413e+09 768 7235 3201 17 7 8 8 3.40971775e-07 5.84446054e-07 outputs/V3.3e25_D100_G8/solution/solution-00047 
 48 6.684343278781e+10 1.392571516413e+09 768 7235 3201 17 7 8 8 3.49799869e-07 5.99222975e-07 outputs/V3.3e25_D100_G8/solution/solution-00048 
 49 6.823600430422e+10 1.392571516413e+09 768 7235 3201 17 7 8 8 3.58856671e-07 6.14387211e-07 outputs/V3.3e25_D100_G8/solution/solution-00049 
 50 6.962857582063e+10 1.392571516413e+09 768 7235 3201 17 7 8 8 3.68147928e-07 6.29948440e-07 outputs/V3.3e25_D100_G8/solution/solution-00050 
 51 7.102114733704e+10 1.392571516413e+09 768 7235 3201 17 7 8 8 3.77679559e-07 6.45916635e-07 outputs/V3.3e25_D100_G8/solution/solution-00051 
 52 7.241371885346e+10 1.392571516413e+09 768 7235 3201 17 7 8 8 3.87457659e-07 6.62302062e-07 outputs/V3.3e25_D100_G8/solution/solution-00052 
 53 7.380629036987e+10 1.392571516413e+09 768 7235 3201 17 7 8 8 3.97488501e-07 6.79115285e-07 outputs/V3.3e25_D100_G8/solution/solution-00053 
 54 7.519886188628e+10 1.392571516413e+09 768 7235 3201 17 7 8 8 4.07778534e-07 6.96367169e-07 outputs/V3.3e25_D100_G8/solution/solution-00054 
 55 7.659143340269e+10 1.392571516413e+09 768 7235 3201 17 7 8 8 4.18334390e-07 7.14068886e-07 outputs/V3.3e25_D100_G8/solution/solution-00055 
 56 7.798400491911e+10 1.392571516413e+09 768 7235 3201 17 7 8 8 4.29162882e-07 7.32231914e-07 outputs/V3.3e25_D100_G8/solution/solution-00056 
 57 7.937657643552e+10 1.392571516413e+09 768 7235 3201 17 7 8 8 4.40271013e-07 7.50868051e-07 outputs/V3.3e25_D100_G8/solution/solution-00057 
 58 8.076914795193e+10 1.392571516413e+09 768 7235 3201 17 7 8 8 4.51665973e-07 7.69989412e-07 outputs/V3.3e25_D100_G8/solution/solution-00058 
 59 8.216171946834e+10 1.392571516413e+09 768 7235 3201 17 7 8 8 4.63355146e-07 7.89608439e-07 outputs/V3.3e25_D100_G8/solution/solution-00059 
 60 8.355429098476e+10 1.392571516413e+09 768 7235 3201 17 7 8 8 4.75346116e-07 8.09737911e-07 outputs/V3.3e25_D100_G8/solution/solution-00060 
 61 8.494686250117e+10 1.392571516413e+09 768 7235 3201 17 7 8 8 4.87646665e-07 8.30390942e-07 outputs/V3.3e25_D100_G8/solution/solution-00061 
 62 8.633943401758e+10 1.392571516413e+09 768 7235 3201 17 7 8 8 5.00264782e-07 8.51580996e-07 outputs/V3.3e25_D100_G8/solution/solution-00062 
 63 8.773200553399e+10 1.392571516413e+09 768 7235 3201 17 7 8 8 5.13208667e-07 8.73321893e-07 outputs/V3.3e25_D100_G8/solution/solution-00063 
 64 8.912457705041e+10 1.392571516413e+09 768 7235 3201 17 7 8 8 5.26486735e-07 8.95627816e-07 outputs/V3.3e25_D100_G8/solution/solution-00064 
 65 9.051714856682e+10 1.392571516413e+09 768 7235 3201 17 7 8 8 5.40107621e-07 9.18513317e-07 outputs/V3.3e25_D100_G8/solution/solution-00065 
 66 9.190972008323e+10 1.392571516413e+09 768 7235 3201 17 7 8 8 5.54080185e-07 9.41993330e-07 outputs/V3.3e25_D100_G8/solution/solution-00066 
 67 9.330229159964e+10 1.392571516413e+09 768 7235 3201 17 7 8 8 5.68413517e-07 9.66083181e-07 outputs/V3.3e25_D100_G8/solution/solution-00067 
 68 9.469486311606e+10 1.392571516413e+09 768 7235 3201 17 7 8 8 5.83116944e-07 9.90798590e-07 outputs/V3.3e25_D100_G8/solution/solution-00068 
 69 9.608743463247e+10 1.392571516413e+09 768 7235 3201 17 7 8 8 5.98200036e-07 1.01615569e-06 outputs/V3.3e25_D100_G8/solution/solution-00069 
 70 9.748000614888e+10 1.392571516413e+09 768 7235 3201 16 7 8 8 6.13672609e-07 1.04217102e-06 outputs/V3.3e25_D100_G8/solution/solution-00070 
 71 9.887257766530e+10 1.392571516413e+09 768 7235 3201 16 6 7 7 6.29544734e-07 1.06886158e-06 outputs/V3.3e25_D100_G8/solution/solution-00071 
 72 1.002651491817e+11 1.392571516413e+09 768 7235 3201 16 6 7 7 6.45826743e-07 1.09624476e-06 outputs/V3.3e25_D100_G8/solution/solution-00072 
 73 1.016577206981e+11 1.392571516413e+09 768 7235 3201 16 6 7 7 6.62529233e-07 1.12433845e-06 outputs/V3.3e25_D100_G8/solution/solution-00073 
 74 1.030502922145e+11 1.392571516413e+09 768 7235 3201 16 6 7 7 6.79663076e-07 1.15316097e-06 outputs/V3.3e25_D100_G8/solution/solution-00074 
 75 1.044428637309e+11 1.392571516413e+09 768 7235 3201 16 6 7 7 6.97239425e-07 1.18273112e-06 outputs/V3.3e25_D100_G8/solution/solution-00075 
 76 1.058354352474e+11 1.392571516413e+09 768 7235 3201 16 6 7 7 7.15269720e-07 1.21306820e-06 outputs/V3.3e25_D100_G8/solution/solution-00076 
 77 1.072280067638e+11 1.392571516413e+09 768 7235 3201 16 6 7 7 7.33765695e-07 1.24419198e-06 outputs/V3.3e25_D100_G8/solution/solution-00077 
 78 1.086205782802e+11 1.392571516413e+09 768 7235 3201 16 6 7 7 7.52739388e-07 1.27612277e-06 outputs/V3.3e25_D100_G8/solution/solution-00078 
 79 1.100131497966e+11 1.392571516413e+09 768 7235 3201 16 6 7 7 7.72203144e-07 1.30888138e-06 outputs/V3.3e25_D100_G8/solution/solution-00079 
 80 1.114057213130e+11 1.392571516413e+09 768 7235 3201 16 6 7 7 7.92169631e-07 1.34248916e-06 outputs/V3.3e25_D100_G8/solution/solution-00080 
 81 1.127982928294e+11 1.392571516413e+09 768 7235 3201 16 6 7 7 8.12651838e-07 1.37696804e-06 outputs/V3.3e25_D100_G8/solution/solution-00081 
 82 1.141908643458e+11 1.392571516413e+09 768 7235 3201 16 6 7 7 8.33663090e-07 1.41234047e-06 outputs/V3.3e25_D100_G8/solution/solution-00082 
 83 1.155834358622e+11 1.392571516413e+09 768 7235 3201 16 6 7 7 8.55217057e-07 1.44862950e-06 outputs/V3.3e25_D100_G8/solution/solution-00083 
 84 1.169760073787e+11 1.392571516413e+09 768 7235 3201 16 6 7 7 8.77327757e-07 1.48585878e-06 outputs/V3.3e25_D100_G8/solution/solution-00084 
 85 1.183685788951e+11 1.392571516413e+09 768 7235 3201 16 6 7 7 9.00009570e-07 1.52405255e-06 outputs/V3.3e25_D100_G8/solution/solution-00085 
 86 1.197611504115e+11 1.392571516413e+09 768 7235 3201 16 6 7 7 9.23277247e-07 1.56323569e-06 outputs/V3.3e25_D100_G8/solution/solution-00086 
 87 1.211537219279e+11 1.392571516413e+09 768 7235 3201 16 6 7 7 9.47145916e-07 1.60343371e-06 outputs/V3.3e25_D100_G8/solution/solution-00087 
 88 1.225462934443e+11 1.392571516413e+09 768 7235 3201 16 6 7 7 9.71631094e-07 1.64467278e-06 outputs/V3.3e25_D100_G8/solution/solution-00088 
 89 1.239388649607e+11 1.392571516413e+09 768 7235 3201 16 6 7 7 9.96748697e-07 1.68697975e-06 outputs/V3.3e25_D100_G8/solution/solution-00089 
 90 1.253314364771e+11 1.392571516413e+09 768 7235 3201 16 6 7 7 1.02251505e-06 1.73038214e-06 outputs/V3.3e25_D100_G8/solution/solution-00090 
 91 1.267240079935e+11 1.392571516413e+09 768 7235 3201 16 6 7 7 1.04894690e-06 1.77490819e-06 outputs/V3.3e25_D100_G8/solution/solution-00091 
 92 1.281165795100e+11 1.392571516413e+09 768 7235 3201 16 6 7 7 1.07606141e-06 1.82058687e-06 outputs/V3.3e25_D100_G8/solution/solution-00092 
 93 1.295091510264e+11 1.392571516413e+09 768 7235 3201 16 6 7 7 1.10387621e-06 1.86744789e-06 outputs/V3.3e25_D100_G8/solution/solution-00093 
 94 1.309017225428e+11 1.392571516413e+09 768 7235 3201 16 6 7 7 1.13240935e-06 1.91552171e-06 outputs/V3.3e25_D100_G8/solution/solution-00094 
 95 1.322942940592e+11 1.392571516413e+09 768 7235 3201 16 6 7 7 1.16167937e-06 1.96483958e-06 outputs/V3.3e25_D100_G8/solution/solution-00095 
 96 1.336868655756e+11 1.392571516413e+09 768 7235 3201 16 6 7 7 1.19170527e-06 2.01543356e-06 outputs/V3.3e25_D100_G8/solution/solution-00096 
 97 1.350794370920e+11 1.392571516413e+09 768 7235 3201 16 6 7 7 1.22250654e-06 2.06733652e-06 outputs/V3.3e25_D100_G8/solution/solution-00097 
 98 1.364720086084e+11 1.392571516413e+09 768 7235 3201 16 6 7 7 1.25410317e-06 2.12058218e-06 outputs/V3.3e25_D100_G8/solution/solution-00098 
 99 1.378645801248e+11 1.392571516413e+09 768 7235 3201 16 6 7 7 1.28651566e-06 2.17520511e-06 outputs/V3.3e25_D100_G8/solution/solution-00099 
100 1.392571516413e+11 1.392571516413e+09 768 7235 3201 16 6 7 7 1.31976504e-06 2.23124079e-06 outputs/V3.3e25_D100_G8/solution/solution-00100 
