# 1: Time step number
# 2: Time (years)
# 3: Time step size (years)
# 4: Number of mesh cells
# 5: Number of Stokes degrees of freedom
# 6: Number of temperature degrees of freedom
# 7: Iterations for temperature solver
# 8: Iterations for Stokes solver
# 9: Velocity iterations in Stokes preconditioner
# 10: Schur complement iterations in Stokes preconditioner
# 11: RMS velocity (m/year)
# 12: Max. velocity (m/year)
# 13: Visualization file name
  0 0.000000000000e+00 0.000000000000e+00 768 7235 3201  0 8 9 9 1.20222791e-08 2.06590003e-08 outputs/V3.3e26_D300_G6/solution/solution-00000 
  1 1.392571516413e+09 1.392571516413e+09 768 7235 3201 31 8 9 9 1.14126027e-08 1.92497192e-08 outputs/V3.3e26_D300_G6/solution/solution-00001 
  2 2.785143032825e+09 1.392571516413e+09 768 7235 3201 25 8 9 9 1.08401009e-08 1.82982452e-08 outputs/V3.3e26_D300_G6/solution/solution-00002 
  3 4.177714549238e+09 1.392571516413e+09 768 7235 3201 24 8 9 9 1.03011763e-08 1.73959373e-08 outputs/V3.3e26_D300_G6/solution/solution-00003 
  4 5.570286065650e+09 1.392571516413e+09 768 7235 3201 23 8 9 9 9.79185223e-09 1.65428800e-08 outputs/V3.3e26_D300_G6/solution/solution-00004 
  5 6.962857582063e+09 1.392571516413e+09 768 7235 3201 22 8 9 9 9.31066995e-09 1.57363063e-08 outputs/V3.3e26_D300_G6/solution/solution-00005 
  6 8.355429098476e+09 1.392571516413e+09 768 7235 3201 22 8 9 9 8.85574770e-09 1.49729627e-08 outputs/V3.3e26_D300_G6/solution/solution-00006 
  7 9.748000614888e+09 1.392571516413e+09 768 7235 3201 21 8 9 9 8.42525708e-09 1.42497762e-08 outputs/V3.3e26_D300_G6/solution/solution-00007 
  8 1.114057213130e+10 1.392571516413e+09 768 7235 3201 21 8 9 9 8.01751479e-09 1.35639930e-08 outputs/V3.3e26_D300_G6/solution/solution-00008 
  9 1.253314364771e+10 1.392571516413e+09 768 7235 3201 20 8 9 9 7.63099785e-09 1.29131666e-08 outputs/V3.3e26_D300_G6/solution/solution-00009 
 10 1.392571516413e+10 1.392571516413e+09 768 7235 3201 20 8 9 9 7.26433310e-09 1.22951139e-08 outputs/V3.3e26_D300_G6/solution/solution-00010 
 11 1.531828668054e+10 1.392571516413e+09 768 7235 3201 20 8 9 9 6.91627984e-09 1.17078706e-08 outputs/V3.3e26_D300_G6/solution/solution-00011 
 12 1.671085819695e+10 1.392571516413e+09 768 7235 3201 20 8 9 9 6.58571219e-09 1.11496549e-08 outputs/V3.3e26_D300_G6/solution/solution-00012 
 13 1.810342971336e+10 1.392571516413e+09 768 7235 3201 20 8 9 9 6.27160366e-09 1.06188381e-08 outputs/V3.3e26_D300_G6/solution/solution-00013 
 14 1.949600122978e+10 1.392571516413e+09 768 7235 3201 19 8 9 9 5.97301386e-09 1.01139222e-08 outputs/V3.3e26_D300_G6/solution/solution-00014 
 15 2.088857274619e+10 1.392571516413e+09 768 7235 3201 19 8 9 9 5.68907747e-09 9.63352174e-09 outputs/V3.3e26_D300_G6/solution/solution-00015 
 16 2.228114426260e+10 1.392571516413e+09 768 7235 3201 19 8 9 9 5.41899492e-09 9.17634961e-09 outputs/V3.3e26_D300_G6/solution/solution-00016 
 17 2.367371577901e+10 1.392571516413e+09 768 7235 3201 19 8 9 9 5.16202466e-09 8.74120534e-09 outputs/V3.3e26_D300_G6/solution/solution-00017 
 18 2.506628729543e+10 1.392571516413e+09 768 7235 3201 19 8 9 9 4.91747660e-09 8.32696567e-09 outputs/V3.3e26_D300_G6/solution/solution-00018 
 19 2.645885881184e+10 1.392571516413e+09 768 7235 3201 19 8 9 9 4.68470662e-09 7.93257668e-09 outputs/V3.3e26_D300_G6/solution/solution-00019 
 20 2.785143032825e+10 1.392571516413e+09 768 7235 3201 19 8 9 9 4.46311189e-09 7.55704723e-09 outputs/V3.3e26_D300_G6/solution/solution-00020 
 21 2.924400184466e+10 1.392571516413e+09 768 7235 3201 19 8 9 9 4.25212691e-09 7.19944334e-09 outputs/V3.3e26_D300_G6/solution/solution-00021 
 22 3.063657336108e+10 1.392571516413e+09 768 7235 3201 18 8 9 9 4.05122006e-09 6.85888344e-09 outputs/V3.3e26_D300_G6/solution/solution-00022 
 23 3.202914487749e+10 1.392571516413e+09 768 7235 3201 18 8 9 9 3.85989067e-09 6.53453424e-09 outputs/V3.3e26_D300_G6/solution/solution-00023 
 24 3.342171639390e+10 1.392571516413e+09 768 7235 3201 18 8 9 9 3.67766646e-09 6.22560717e-09 outputs/V3.3e26_D300_G6/solution/solution-00024 
 25 3.481428791032e+10 1.392571516413e+09 768 7235 3201 18 8 9 9 3.50410133e-09 5.93135515e-09 outputs/V3.3e26_D300_G6/solution/solution-00025 
 26 3.620685942673e+10 1.392571516413e+09 768 7235 3201 18 8 9 9 3.33877338e-09 5.65106988e-09 outputs/V3.3e26_D300_G6/solution/solution-00026 
 27 3.759943094314e+10 1.392571516413e+09 768 7235 3201 18 8 9 9 3.18128319e-09 5.38407929e-09 outputs/V3.3e26_D300_G6/solution/solution-00027 
 28 3.899200245955e+10 1.392571516413e+09 768 7235 3201 18 8 9 9 3.03125225e-09 5.12974529e-09 outputs/V3.3e26_D300_G6/solution/solution-00028 
 29 4.038457397597e+10 1.392571516413e+09 768 7235 3201 18 8 9 9 2.88832164e-09 4.88746175e-09 outputs/V3.3e26_D300_G6/solution/solution-00029 
 30 4.177714549238e+10 1.392571516413e+09 768 7235 3201 18 8 9 9 2.75215071e-09 4.65665265e-09 outputs/V3.3e26_D300_G6/solution/solution-00030 
 31 4.316971700879e+10 1.392571516413e+09 768 7235 3201 18 8 9 9 2.62241604e-09 4.43677038e-09 outputs/V3.3e26_D300_G6/solution/solution-00031 
 32 4.456228852520e+10 1.392571516413e+09 768 7235 3201 18 8 9 9 2.49881036e-09 4.22729414e-09 outputs/V3.3e26_D300_G6/solution/solution-00032 
 33 4.595486004162e+10 1.392571516413e+09 768 7235 3201 18 8 9 9 2.38104162e-09 4.02772854e-09 outputs/V3.3e26_D300_G6/solution/solution-00033 
 34 4.734743155803e+10 1.392571516413e+09 768 7235 3201 18 8 9 9 2.26883218e-09 3.83760224e-09 outputs/V3.3e26_D300_G6/solution/solution-00034 
 35 4.874000307444e+10 1.392571516413e+09 768 7235 3201 18 8 9 9 2.16191795e-09 3.65646669e-09 outputs/V3.3e26_D300_G6/solution/solution-00035 
 36 5.013257459085e+10 1.392571516413e+09 768 7235 3201 18 8 9 9 2.06004771e-09 3.48389496e-09 outputs/V3.3e26_D300_G6/solution/solution-00036 
 37 5.152514610727e+10 1.392571516413e+09 768 7235 3201 18 8 9 9 1.96298240e-09 3.31948065e-09 outputs/V3.3e26_D300_G6/solution/solution-00037 
 38 5.291771762368e+10 1.392571516413e+09 768 7235 3201 17 8 9 9 1.87049449e-09 3.16283685e-09 outputs/V3.3e26_D300_G6/solution/solution-00038 
 39 5.431028914009e+10 1.392571516413e+09 768 7235 3201 17 8 9 9 1.78236741e-09 3.01359519e-09 outputs/V3.3e26_D300_G6/solution/solution-00039 
 40 5.570286065650e+10 1.392571516413e+09 768 7235 3201 17 8 9 9 1.69839493e-09 2.87140488e-09 outputs/V3.3e26_D300_G6/solution/solution-00040 
 41 5.709543217292e+10 1.392571516413e+09 768 7235 3201 17 8 9 9 1.61838073e-09 2.73593190e-09 outputs/V3.3e26_D300_G6/solution/solution-00041 
 42 5.848800368933e+10 1.392571516413e+09 768 7235 3201 17 8 9 9 1.54213783e-09 2.60685813e-09 outputs/V3.3e26_D300_G6/solution/solution-00042 
 43 5.988057520574e+10 1.392571516413e+09 768 7235 3201 17 8 9 9 1.46948815e-09 2.48388063e-09 outputs/V3.3e26_D300_G6/solution/solution-00043 
 44 6.127314672215e+10 1.392571516413e+09 768 7235 3201 17 8 9 9 1.40026209e-09 2.36671086e-09 outputs/V3.3e26_D300_G6/solution/solution-00044 
 45 6.266571823857e+10 1.392571516413e+09 768 7235 3201 17 8 9 9 1.33429812e-09 2.25507399e-09 outputs/V3.3e26_D300_G6/solution/solution-00045 
 46 6.405828975498e+10 1.392571516413e+09 768 7235 3201 17 8 9 9 1.27144233e-09 2.14870826e-09 outputs/V3.3e26_D300_G6/solution/solution-00046 
 47 6.545086127139e+10 1.392571516413e+09 768 7235 3201 17 8 9 9 1.21154813e-09 2.04736435e-09 outputs/V3.3e26_D300_G6/solution/solution-00047 
 48 6.684343278781e+10 1.392571516413e+09 768 7235 3201 17 8 9 9 1.15447587e-09 1.95080476e-09 outputs/V3.3e26_D300_G6/solution/solution-00048 
 49 6.823600430422e+10 1.392571516413e+09 768 7235 3201 17 8 9 9 1.10009251e-09 1.85880326e-09 outputs/V3.3e26_D300_G6/solution/solution-00049 
 50 6.962857582063e+10 1.392571516413e+09 768 7235 3201 17 8 9 9 1.04827127e-09 1.77114435e-09 outputs/V3.3e26_D300_G6/solution/solution-00050 
 51 7.102114733704e+10 1.392571516413e+09 768 7235 3201 17 8 9 9 9.98891399e-10 1.68762276e-09 outputs/V3.3e26_D300_G6/solution/solution-00051 
 52 7.241371885346e+10 1.392571516413e+09 768 7235 3201 17 8 9 9 9.51837825e-10 1.60804294e-09 outputs/V3.3e26_D300_G6/solution/solution-00052 
 53 7.380629036987e+10 1.392571516413e+09 768 7235 3201 17 8 9 9 9.07000918e-10 1.53221860e-09 outputs/V3.3e26_D300_G6/solution/solution-00053 
 54 7.519886188628e+10 1.392571516413e+09 768 7235 3201 17 8 9 9 8.64276220e-10 1.45997229e-09 outputs/V3.3e26_D300_G6/solution/solution-00054 
 55 7.659143340269e+10 1.392571516413e+09 768 7235 3201 17 8 9 9 8.23564200e-10 1.39113494e-09 outputs/V3.3e26_D300_G6/solution/solution-00055 
 56 7.798400491911e+10 1.392571516413e+09 768 7235 3201 17 8 9 9 7.84770024e-10 1.32554551e-09 outputs/V3.3e26_D300_G6/solution/solution-00056 
 57 7.937657643552e+10 1.392571516413e+09 768 7235 3201 17 8 9 9 7.47803330e-10 1.26305058e-09 outputs/V3.3e26_D300_G6/solution/solution-00057 
 58 8.076914795193e+10 1.392571516413e+09 768 7235 3201 17 8 9 9 7.12578016e-10 1.20350397e-09 outputs/V3.3e26_D300_G6/solution/solution-00058 
 59 8.216171946834e+10 1.392571516413e+09 768 7235 3201 17 8 9 9 6.79012042e-10 1.14676645e-09 outputs/V3.3e26_D300_G6/solution/solution-00059 
 60 8.355429098476e+10 1.392571516413e+09 768 7235 3201 17 8 9 9 6.47027231e-10 1.09270535e-09 outputs/V3.3e26_D300_G6/solution/solution-00060 
 61 8.494686250117e+10 1.392571516413e+09 768 7235 3201 17 8 9 9 6.16549095e-10 1.04119430e-09 outputs/V3.3e26_D300_G6/solution/solution-00061 
 62 8.633943401758e+10 1.392571516413e+09 768 7235 3201 17 8 9 9 5.87506653e-10 9.92112881e-10 outputs/V3.3e26_D300_G6/solution/solution-00062 
 63 8.773200553399e+10 1.392571516413e+09 768 7235 3201 16 8 9 9 5.59832275e-10 9.45346403e-10 outputs/V3.3e26_D300_G6/solution/solution-00063 
 64 8.912457705041e+10 1.392571516413e+09 768 7235 3201 16 8 9 9 5.33461511e-10 9.00785571e-10 outputs/V3.3e26_D300_G6/solution/solution-00064 
 65 9.051714856682e+10 1.392571516413e+09 768 7235 3201 16 8 9 9 5.08332951e-10 8.58326267e-10 outputs/V3.3e26_D300_G6/solution/solution-00065 
 66 9.190972008323e+10 1.392571516413e+09 768 7235 3201 16 8 9 9 4.84388076e-10 8.17869294e-10 outputs/V3.3e26_D300_G6/solution/solution-00066 
 67 9.330229159964e+10 1.392571516413e+09 768 7235 3201 16 8 9 9 4.61571128e-10 7.79320147e-10 outputs/V3.3e26_D300_G6/solution/solution-00067 
 68 9.469486311606e+10 1.392571516413e+09 768 7235 3201 16 8 9 9 4.39828974e-10 7.42588784e-10 outputs/V3.3e26_D300_G6/solution/solution-00068 
 69 9.608743463247e+10 1.392571516413e+09 768 7235 3201 16 8 9 9 4.19110983e-10 7.07589423e-10 outputs/V3.3e26_D300_G6/solution/solution-00069 
 70 9.748000614888e+10 1.392571516413e+09 768 7235 3201 16 8 9 9 3.99368912e-10 6.74240331e-10 outputs/V3.3e26_D300_G6/solution/solution-00070 
 71 9.887257766530e+10 1.392571516413e+09 768 7235 3201 16 8 9 9 3.80556790e-10 6.42463641e-10 outputs/V3.3e26_D300_G6/solution/solution-00071 
 72 1.002651491817e+11 1.392571516413e+09 768 7235 3201 16 8 9 9 3.62630810e-10 6.12185161e-10 outputs/V3.3e26_D300_G6/solution/solution-00072 
 73 1.016577206981e+11 1.392571516413e+09 768 7235 3201 16 8 9 9 3.45549230e-10 5.83334206e-10 outputs/V3.3e26_D300_G6/solution/solution-00073 
 74 1.030502922145e+11 1.392571516413e+09 768 7235 3201 16 8 9 9 3.29272274e-10 5.55843430e-10 outputs/V3.3e26_D300_G6/solution/solution-00074 
 75 1.044428637309e+11 1.392571516413e+09 768 7235 3201 16 8 9 9 3.13762042e-10 5.29648666e-10 outputs/V3.3e26_D300_G6/solution/solution-00075 
 76 1.058354352474e+11 1.392571516413e+09 768 7235 3201 16 8 9 9 2.98982415e-10 5.04688778e-10 outputs/V3.3e26_D300_G6/solution/solution-00076 
 77 1.072280067638e+11 1.392571516413e+09 768 7235 3201 16 8 9 9 2.84898978e-10 4.80905518e-10 outputs/V3.3e26_D300_G6/solution/solution-00077 
 78 1.086205782802e+11 1.392571516413e+09 768 7235 3201 16 8 9 9 2.71478938e-10 4.58243387e-10 outputs/V3.3e26_D300_G6/solution/solution-00078 
 79 1.100131497966e+11 1.392571516413e+09 768 7235 3201 16 8 9 9 2.58691046e-10 4.36649507e-10 outputs/V3.3e26_D300_G6/solution/solution-00079 
 80 1.114057213130e+11 1.392571516413e+09 768 7235 3201 16 8 9 9 2.46505523e-10 4.16073497e-10 outputs/V3.3e26_D300_G6/solution/solution-00080 
 81 1.127982928294e+11 1.392571516413e+09 768 7235 3201 16 8 9 9 2.34893996e-10 3.96467350e-10 outputs/V3.3e26_D300_G6/solution/solution-00081 
 82 1.141908643458e+11 1.392571516413e+09 768 7235 3201 16 8 9 9 2.23829426e-10 3.77785333e-10 outputs/V3.3e26_D300_G6/solution/solution-00082 
 83 1.155834358622e+11 1.392571516413e+09 768 7235 3201 16 8 9 9 2.13286050e-10 3.59983863e-10 outputs/V3.3e26_D300_G6/solution/solution-00083 
 84 1.169760073787e+11 1.392571516413e+09 768 7235 3201 16 8 9 9 2.03239316e-10 3.43021421e-10 outputs/V3.3e26_D300_G6/solution/solution-00084 
 85 1.183685788951e+11 1.392571516413e+09 768 7235 3201 16 8 9 9 1.93665830e-10 3.26858442e-10 outputs/V3.3e26_D300_G6/solution/solution-00085 
 86 1.197611504115e+11 1.392571516413e+09 768 7235 3201 16 8 9 9 1.84543300e-10 3.11457232e-10 outputs/V3.3e26_D300_G6/solution/solution-00086 
 87 1.211537219279e+11 1.392571516413e+09 768 7235 3201 16 8 9 9 1.75850483e-10 2.96781872e-10 outputs/V3.3e26_D300_G6/solution/solution-00087 
 88 1.225462934443e+11 1.392571516413e+09 768 7235 3201 15 8 9 9 1.67567142e-10 2.82798147e-10 outputs/V3.3e26_D300_G6/solution/solution-00088 
 89 1.239388649607e+11 1.392571516413e+09 768 7235 3201 15 8 9 9 1.59673985e-10 2.69473444e-10 outputs/V3.3e26_D300_G6/solution/solution-00089 
 90 1.253314364771e+11 1.392571516413e+09 768 7235 3201 15 8 9 9 1.52152633e-10 2.56776692e-10 outputs/V3.3e26_D300_G6/solution/solution-00090 
 91 1.267240079935e+11 1.392571516413e+09 768 7235 3201 15 8 9 9 1.44985571e-10 2.44678287e-10 outputs/V3.3e26_D300_G6/solution/solution-00091 
 92 1.281165795100e+11 1.392571516413e+09 768 7235 3201 15 8 9 9 1.38156111e-10 2.33150022e-10 outputs/V3.3e26_D300_G6/solution/solution-00092 
 93 1.295091510264e+11 1.392571516413e+09 768 7235 3201 15 8 9 9 1.31648351e-10 2.22165020e-10 outputs/V3.3e26_D300_G6/solution/solution-00093 
 94 1.309017225428e+11 1.392571516413e+09 768 7235 3201 15 8 9 9 1.25447135e-10 2.11697672e-10 outputs/V3.3e26_D300_G6/solution/solution-00094 
 95 1.322942940592e+11 1.392571516413e+09 768 7235 3201 15 8 9 9 1.19538026e-10 2.01723576e-10 outputs/V3.3e26_D300_G6/solution/solution-00095 
 96 1.336868655756e+11 1.392571516413e+09 768 7235 3201 15 8 9 9 1.13907263e-10 1.92219483e-10 outputs/V3.3e26_D300_G6/solution/solution-00096 
 97 1.350794370920e+11 1.392571516413e+09 768 7235 3201 15 8 9 9 1.08541734e-10 1.83163239e-10 outputs/V3.3e26_D300_G6/solution/solution-00097 
 98 1.364720086084e+11 1.392571516413e+09 768 7235 3201 15 8 9 9 1.03428947e-10 1.74533734e-10 outputs/V3.3e26_D300_G6/solution/solution-00098 
 99 1.378645801248e+11 1.392571516413e+09 768 7235 3201 15 8 9 9 9.85569951e-11 1.66310855e-10 outputs/V3.3e26_D300_G6/solution/solution-00099 
100 1.392571516413e+11 1.392571516413e+09 768 7235 3201 15 8 9 9 9.39145347e-11 1.58475438e-10 outputs/V3.3e26_D300_G6/solution/solution-00100 
