# 1: Time step number
# 2: Time (years)
# 3: Time step size (years)
# 4: Number of mesh cells
# 5: Number of Stokes degrees of freedom
# 6: Number of temperature degrees of freedom
# 7: Iterations for temperature solver
# 8: Iterations for Stokes solver
# 9: Velocity iterations in Stokes preconditioner
# 10: Schur complement iterations in Stokes preconditioner
# 11: RMS velocity (m/year)
# 12: Max. velocity (m/year)
# 13: Visualization file name
  0 0.000000000000e+00 0.000000000000e+00 768 7235 3201  0 8 9 9 4.06824102e-07 8.57140079e-07 outputs/V3.3e24_D3000_G2/solution/solution-00000 
  1 1.392571516413e+09 1.392571516413e+09 768 7235 3201 32 8 9 9 5.87044792e-07 9.96536124e-07 outputs/V3.3e24_D3000_G2/solution/solution-00001 
  2 2.785143032825e+09 1.392571516413e+09 768 7235 3201 25 8 9 9 8.73216664e-07 1.50198470e-06 outputs/V3.3e24_D3000_G2/solution/solution-00002 
  3 4.177714549238e+09 1.392571516413e+09 768 7235 3201 24 8 9 9 1.27773593e-06 2.22737624e-06 outputs/V3.3e24_D3000_G2/solution/solution-00003 
  4 5.570286065650e+09 1.392571516413e+09 768 7235 3201 23 8 9 9 1.82392887e-06 3.22223297e-06 outputs/V3.3e24_D3000_G2/solution/solution-00004 
  5 6.962857582063e+09 1.392571516413e+09 768 7235 3201 23 8 9 9 2.54125097e-06 4.54547772e-06 outputs/V3.3e24_D3000_G2/solution/solution-00005 
  6 8.355429098476e+09 1.392571516413e+09 768 7235 3201 22 8 9 9 3.46353276e-06 6.26375814e-06 outputs/V3.3e24_D3000_G2/solution/solution-00006 
  7 9.748000614888e+09 1.392571516413e+09 768 7235 3201 21 8 9 9 4.62876438e-06 8.45093221e-06 outputs/V3.3e24_D3000_G2/solution/solution-00007 
  8 1.114057213130e+10 1.392571516413e+09 768 7235 3201 21 8 9 9 6.07934057e-06 1.11883128e-05 outputs/V3.3e24_D3000_G2/solution/solution-00008 
  9 1.253314364771e+10 1.392571516413e+09 768 7235 3201 21 8 9 9 7.86262327e-06 1.45654626e-05 outputs/V3.3e24_D3000_G2/solution/solution-00009 
 10 1.392571516413e+10 1.392571516413e+09 768 7235 3201 21 8 9 9 1.00317474e-05 1.86813804e-05 outputs/V3.3e24_D3000_G2/solution/solution-00010 
 11 1.531828668054e+10 1.392571516413e+09 768 7235 3201 21 8 9 9 1.26466283e-05 2.36486537e-05 outputs/V3.3e24_D3000_G2/solution/solution-00011 
 12 1.671085819695e+10 1.392571516413e+09 768 7235 3201 21 7 8 8 1.57751396e-05 2.95939209e-05 outputs/V3.3e24_D3000_G2/solution/solution-00012 
 13 1.810342971336e+10 1.392571516413e+09 768 7235 3201 21 7 8 8 1.94944320e-05 3.66532261e-05 outputs/V3.3e24_D3000_G2/solution/solution-00013 
 14 1.949600122978e+10 1.392571516413e+09 768 7235 3201 21 7 8 8 2.38923421e-05 4.49798588e-05 outputs/V3.3e24_D3000_G2/solution/solution-00014 
 15 2.088857274619e+10 1.392571516413e+09 768 7235 3201 21 7 8 8 2.90687874e-05 5.47627041e-05 outputs/V3.3e24_D3000_G2/solution/solution-00015 
 16 2.228114426260e+10 1.392571516413e+09 768 7235 3201 21 7 8 8 3.51369124e-05 6.62233534e-05 outputs/V3.3e24_D3000_G2/solution/solution-00016 
 17 2.367371577901e+10 1.392571516413e+09 768 7235 3201 21 7 8 8 4.22234629e-05 7.95454682e-05 outputs/V3.3e24_D3000_G2/solution/solution-00017 
 18 2.485228700491e+10 1.178571225893e+09 768 7235 3201 20 6 7 7 4.91461105e-05 9.25333324e-05 outputs/V3.3e24_D3000_G2/solution/solution-00018 
 19 2.586543543007e+10 1.013148425158e+09 768 7235 3201 18 6 7 7 5.58663469e-05 1.05113975e-04 outputs/V3.3e24_D3000_G2/solution/solution-00019 
 20 2.675780647783e+10 8.923710477662e+08 768 7235 3201 17 6 7 7 6.24300708e-05 1.17339458e-04 outputs/V3.3e24_D3000_G2/solution/solution-00020 
 21 2.755664911783e+10 7.988426399943e+08 768 7235 3201 16 6 7 7 6.88524271e-05 1.29290711e-04 outputs/V3.3e24_D3000_G2/solution/solution-00021 
 22 2.828167995511e+10 7.250308372794e+08 768 7235 3201 15 6 7 7 7.51488642e-05 1.40991704e-04 outputs/V3.3e24_D3000_G2/solution/solution-00022 
 23 2.894697099506e+10 6.652910399522e+08 768 7235 3201 15 6 7 7 8.13281744e-05 1.52395363e-04 outputs/V3.3e24_D3000_G2/solution/solution-00023 
 24 2.956214719466e+10 6.151761996037e+08 768 7235 3201 14 6 7 7 8.73863803e-05 1.63565768e-04 outputs/V3.3e24_D3000_G2/solution/solution-00024 
 25 3.013531113578e+10 5.731639411162e+08 768 7235 3201 14 6 7 7 9.33243198e-05 1.74423140e-04 outputs/V3.3e24_D3000_G2/solution/solution-00025 
 26 3.067284273550e+10 5.375315997194e+08 768 7235 3201 13 6 7 7 9.91405444e-05 1.85056081e-04 outputs/V3.3e24_D3000_G2/solution/solution-00026 
 27 3.117972950378e+10 5.068867682809e+08 768 7235 3201 13 6 7 7 1.04830176e-04 1.95350003e-04 outputs/V3.3e24_D3000_G2/solution/solution-00027 
 28 3.165965905555e+10 4.799295517679e+08 768 7235 3201 13 6 7 7 1.10382389e-04 2.05283271e-04 outputs/V3.3e24_D3000_G2/solution/solution-00028 
 29 3.211614201787e+10 4.564829623228e+08 768 7235 3201 12 6 7 7 1.15791057e-04 2.15007433e-04 outputs/V3.3e24_D3000_G2/solution/solution-00029 
 30 3.255210632296e+10 4.359643050913e+08 768 7235 3201 12 6 7 7 1.21048959e-04 2.24390382e-04 outputs/V3.3e24_D3000_G2/solution/solution-00030 
 31 3.297002376932e+10 4.179174463552e+08 768 7235 3201 12 6 7 7 1.26148076e-04 2.33383634e-04 outputs/V3.3e24_D3000_G2/solution/solution-00031 
 32 3.337196857275e+10 4.019448034310e+08 768 7235 3201 12 6 7 7 1.31079432e-04 2.41973698e-04 outputs/V3.3e24_D3000_G2/solution/solution-00032 
 33 3.375945717254e+10 3.874885997897e+08 768 7235 3201 12 6 7 7 1.35830534e-04 2.50224049e-04 outputs/V3.3e24_D3000_G2/solution/solution-00033 
 34 3.413412140056e+10 3.746642280201e+08 768 7235 3201 11 6 7 7 1.40393262e-04 2.58074951e-04 outputs/V3.3e24_D3000_G2/solution/solution-00034 
 35 3.449738796187e+10 3.632665613164e+08 768 7235 3201 11 6 7 7 1.44759641e-04 2.65486252e-04 outputs/V3.3e24_D3000_G2/solution/solution-00035 
 36 3.485051359201e+10 3.531256301379e+08 768 7235 3201 11 6 7 7 1.48922027e-04 2.72450376e-04 outputs/V3.3e24_D3000_G2/solution/solution-00036 
 37 3.519461295180e+10 3.440993597864e+08 768 7235 3201 11 6 7 7 1.52873277e-04 2.78998091e-04 outputs/V3.3e24_D3000_G2/solution/solution-00037 
 38 3.553068099661e+10 3.360680448112e+08 768 7235 3201 11 6 7 7 1.56606896e-04 2.85144314e-04 outputs/V3.3e24_D3000_G2/solution/solution-00038 
 39 3.585961108538e+10 3.289300887678e+08 768 7235 3201 11 5 6 6 1.60117169e-04 2.90827193e-04 outputs/V3.3e24_D3000_G2/solution/solution-00039 
 40 3.618220976606e+10 3.225986806869e+08 768 7235 3201 11 5 6 6 1.63399268e-04 2.96045454e-04 outputs/V3.3e24_D3000_G2/solution/solution-00040 
 41 3.649905477847e+10 3.168450124059e+08 768 7235 3201 11 5 6 6 1.66447909e-04 3.00797549e-04 outputs/V3.3e24_D3000_G2/solution/solution-00041 
 42 3.681083036470e+10 3.117755862311e+08 768 7235 3201 11 5 6 6 1.69260734e-04 3.05086898e-04 outputs/V3.3e24_D3000_G2/solution/solution-00042 
 43 3.711816509103e+10 3.073347263277e+08 768 7235 3201 10 5 6 6 1.71836486e-04 3.08918793e-04 outputs/V3.3e24_D3000_G2/solution/solution-00043 
 44 3.742163603307e+10 3.034709420419e+08 768 7235 3201 10 5 6 6 1.74175002e-04 3.12300293e-04 outputs/V3.3e24_D3000_G2/solution/solution-00044 
 45 3.772177511088e+10 3.001390778138e+08 768 7235 3201 10 5 6 6 1.76277223e-04 3.15240148e-04 outputs/V3.3e24_D3000_G2/solution/solution-00045 
 46 3.801907443968e+10 2.972993287946e+08 768 7235 3201 10 5 6 6 1.78145192e-04 3.17748717e-04 outputs/V3.3e24_D3000_G2/solution/solution-00046 
 47 3.831399086584e+10 2.949164261619e+08 768 7235 3201 10 5 6 6 1.79782027e-04 3.19837865e-04 outputs/V3.3e24_D3000_G2/solution/solution-00047 
 48 3.860694982368e+10 2.929589578443e+08 768 7235 3201 10 5 6 6 1.81191889e-04 3.21545017e-04 outputs/V3.3e24_D3000_G2/solution/solution-00048 
 49 3.889834862177e+10 2.913987980847e+08 768 7235 3201 10 5 6 6 1.82379927e-04 3.22888764e-04 outputs/V3.3e24_D3000_G2/solution/solution-00049 
 50 3.918855924685e+10 2.902106250823e+08 768 7235 3201 10 5 6 6 1.83352221e-04 3.23848206e-04 outputs/V3.3e24_D3000_G2/solution/solution-00050 
 51 3.947793075724e+10 2.893715103890e+08 768 7235 3201 10 5 6 6 1.84115709e-04 3.24440147e-04 outputs/V3.3e24_D3000_G2/solution/solution-00051 
 52 3.976679132438e+10 2.888605671366e+08 768 7235 3201 10 5 6 6 1.84678109e-04 3.24682329e-04 outputs/V3.3e24_D3000_G2/solution/solution-00052 
 53 4.005544997121e+10 2.886586468364e+08 768 7235 3201 10 5 6 6 1.85047832e-04 3.24593284e-04 outputs/V3.3e24_D3000_G2/solution/solution-00053 
 54 4.034419804778e+10 2.887480765685e+08 768 7235 3201 10 5 6 6 1.85233898e-04 3.24192187e-04 outputs/V3.3e24_D3000_G2/solution/solution-00054 
 55 4.063331047781e+10 2.891124300328e+08 768 7235 3201 10 5 6 6 1.85245840e-04 3.23498710e-04 outputs/V3.3e24_D3000_G2/solution/solution-00055 
 56 4.092304680506e+10 2.897363272439e+08 768 7235 3201 10 5 6 6 1.85093614e-04 3.22532878e-04 outputs/V3.3e24_D3000_G2/solution/solution-00056 
 57 4.121365206376e+10 2.906052587041e+08 768 7235 3201 10 5 6 6 1.84787508e-04 3.21314934e-04 outputs/V3.3e24_D3000_G2/solution/solution-00057 
 58 4.150535749450e+10 2.917054307409e+08 768 7235 3201 10 5 6 6 1.84338051e-04 3.19865207e-04 outputs/V3.3e24_D3000_G2/solution/solution-00058 
 59 4.179838112389e+10 2.930236293868e+08 768 7235 3201 10 5 6 6 1.83755928e-04 3.18203982e-04 outputs/V3.3e24_D3000_G2/solution/solution-00059 
 60 4.209292822462e+10 2.945471007350e+08 768 7235 3201 10 5 6 6 1.83051895e-04 3.16459738e-04 outputs/V3.3e24_D3000_G2/solution/solution-00060 
 61 4.238919167079e+10 2.962634461624e+08 768 7235 3201 10 5 6 6 1.82236704e-04 3.14958438e-04 outputs/V3.3e24_D3000_G2/solution/solution-00061 
 62 4.268682650760e+10 2.976348368083e+08 768 7235 3201 10 5 6 6 1.81322715e-04 3.13205638e-04 outputs/V3.3e24_D3000_G2/solution/solution-00062 
 63 4.298606319027e+10 2.992366826756e+08 768 7235 3201 10 5 6 6 1.80320647e-04 3.11228700e-04 outputs/V3.3e24_D3000_G2/solution/solution-00063 
 64 4.328714064446e+10 3.010774541934e+08 768 7235 3201 10 5 6 6 1.79240773e-04 3.09175352e-04 outputs/V3.3e24_D3000_G2/solution/solution-00064 
 65 4.359028363682e+10 3.031429923509e+08 768 7235 3201 10 5 6 6 1.78092959e-04 3.06936373e-04 outputs/V3.3e24_D3000_G2/solution/solution-00065 
 66 4.389570288397e+10 3.054192471581e+08 768 7235 3201 10 5 6 6 1.76886657e-04 3.04534026e-04 outputs/V3.3e24_D3000_G2/solution/solution-00066 
 67 4.420359505182e+10 3.078921678455e+08 768 7235 3201 10 5 6 6 1.75630902e-04 3.01990231e-04 outputs/V3.3e24_D3000_G2/solution/solution-00067 
 68 4.451414266027e+10 3.105476084517e+08 768 7235 3201 10 5 6 6 1.74334308e-04 2.99326440e-04 outputs/V3.3e24_D3000_G2/solution/solution-00068 
 69 4.482751390975e+10 3.133712494798e+08 768 7235 3201 10 5 6 6 1.73005072e-04 2.96563540e-04 outputs/V3.3e24_D3000_G2/solution/solution-00069 
 70 4.514375697775e+10 3.162430679991e+08 768 7235 3201 10 5 6 6 1.71651425e-04 2.93722696e-04 outputs/V3.3e24_D3000_G2/solution/solution-00070 
 71 4.546298495140e+10 3.192279736491e+08 768 7235 3201 10 5 6 6 1.70280843e-04 2.90842175e-04 outputs/V3.3e24_D3000_G2/solution/solution-00071 
 72 4.578532472224e+10 3.223397708378e+08 768 7235 3201 10 5 6 6 1.68900254e-04 2.87962401e-04 outputs/V3.3e24_D3000_G2/solution/solution-00072 
 73 4.611088805903e+10 3.255633367954e+08 768 7235 3201 10 5 6 6 1.67516166e-04 2.85055572e-04 outputs/V3.3e24_D3000_G2/solution/solution-00073 
 74 4.643977129885e+10 3.288832398179e+08 768 7235 3201 10 5 6 6 1.66134678e-04 2.82138378e-04 outputs/V3.3e24_D3000_G2/solution/solution-00074 
 75 4.677205505454e+10 3.322837556932e+08 768 7235 3201 10 5 6 6 1.64761485e-04 2.79226529e-04 outputs/V3.3e24_D3000_G2/solution/solution-00075 
 76 4.710780395446e+10 3.357488999133e+08 768 7235 3201 10 5 6 6 1.63401889e-04 2.76334717e-04 outputs/V3.3e24_D3000_G2/solution/solution-00076 
 77 4.744706643000e+10 3.392624755434e+08 768 7235 3201 10 5 6 6 1.62060808e-04 2.73476590e-04 outputs/V3.3e24_D3000_G2/solution/solution-00077 
 78 4.778987456620e+10 3.428081361988e+08 768 7235 3201 10 5 6 6 1.60742786e-04 2.70859287e-04 outputs/V3.3e24_D3000_G2/solution/solution-00078 
 79 4.813617236546e+10 3.462977992619e+08 768 7235 3201 10 5 6 6 1.59452261e-04 2.68459512e-04 outputs/V3.3e24_D3000_G2/solution/solution-00079 
 80 4.848552219016e+10 3.493498246965e+08 768 7235 3201 10 5 6 6 1.58194568e-04 2.66133402e-04 outputs/V3.3e24_D3000_G2/solution/solution-00080 
 81 4.883788183743e+10 3.523596472724e+08 768 7235 3201 10 5 6 6 1.56973052e-04 2.63885708e-04 outputs/V3.3e24_D3000_G2/solution/solution-00081 
 82 4.919319913188e+10 3.553172944549e+08 768 7235 3201 10 5 6 6 1.55790669e-04 2.61720484e-04 outputs/V3.3e24_D3000_G2/solution/solution-00082 
 83 4.955141240389e+10 3.582132720105e+08 768 7235 3201 10 5 6 6 1.54650004e-04 2.59667515e-04 outputs/V3.3e24_D3000_G2/solution/solution-00083 
 84 4.991245101875e+10 3.610386148590e+08 768 7235 3201 10 5 6 6 1.53553286e-04 2.57707209e-04 outputs/V3.3e24_D3000_G2/solution/solution-00084 
 85 5.027623595243e+10 3.637849336800e+08 768 7235 3201 10 5 6 6 1.52502408e-04 2.55836862e-04 outputs/V3.3e24_D3000_G2/solution/solution-00085 
 86 5.064268040916e+10 3.664444567241e+08 768 7235 3201 10 5 6 6 1.51498946e-04 2.54058110e-04 outputs/V3.3e24_D3000_G2/solution/solution-00086 
 87 5.101169047537e+10 3.690100662080e+08 768 7235 3201 10 5 6 6 1.50544173e-04 2.52372076e-04 outputs/V3.3e24_D3000_G2/solution/solution-00087 
 88 5.138316580412e+10 3.714753287494e+08 768 7235 3201 10 5 6 6 1.49639080e-04 2.50779409e-04 outputs/V3.3e24_D3000_G2/solution/solution-00088 
 89 5.175700032353e+10 3.738345194099e+08 768 7235 3201 10 5 6 6 1.48784392e-04 2.49280318e-04 outputs/V3.3e24_D3000_G2/solution/solution-00089 
 90 5.213308296258e+10 3.760826390537e+08 768 7235 3201 10 5 6 6 1.47980586e-04 2.47874608e-04 outputs/V3.3e24_D3000_G2/solution/solution-00090 
 91 5.251129838745e+10 3.782154248717e+08 768 7235 3201 10 5 6 6 1.47227905e-04 2.46561711e-04 outputs/V3.3e24_D3000_G2/solution/solution-00091 
 92 5.289152774150e+10 3.802293540543e+08 768 7235 3201 10 5 6 6 1.46526377e-04 2.45340724e-04 outputs/V3.3e24_D3000_G2/solution/solution-00092 
 93 5.327364938224e+10 3.821216407323e+08 768 7235 3201 10 5 6 6 1.45875828e-04 2.44219231e-04 outputs/V3.3e24_D3000_G2/solution/solution-00093 
 94 5.365753960865e+10 3.838902264172e+08 768 7235 3201 10 5 6 6 1.45275899e-04 2.43203468e-04 outputs/V3.3e24_D3000_G2/solution/solution-00094 
 95 5.404307337294e+10 3.855337642840e+08 768 7235 3201 10 5 6 6 1.44726059e-04 2.42274548e-04 outputs/V3.3e24_D3000_G2/solution/solution-00095 
 96 5.443012497066e+10 3.870515977260e+08 768 7235 3201 10 5 6 6 1.44225619e-04 2.41430571e-04 outputs/V3.3e24_D3000_G2/solution/solution-00096 
 97 5.481856870435e+10 3.884437336890e+08 768 7235 3201 10 5 6 6 1.43773745e-04 2.40669437e-04 outputs/V3.3e24_D3000_G2/solution/solution-00097 
 98 5.520827613830e+10 3.897074339431e+08 768 7235 3201 10 5 6 6 1.43369476e-04 2.39988880e-04 outputs/V3.3e24_D3000_G2/solution/solution-00098 
 99 5.559905822673e+10 3.907820884386e+08 768 7235 3201 10 5 6 6 1.43011782e-04 2.39386572e-04 outputs/V3.3e24_D3000_G2/solution/solution-00099 
100 5.599079355633e+10 3.917353295989e+08 768 7235 3201 10 5 6 6 1.42699449e-04 2.38859919e-04 outputs/V3.3e24_D3000_G2/solution/solution-00100 
