# 1: Time step number
# 2: Time (years)
# 3: Time step size (years)
# 4: Number of mesh cells
# 5: Number of Stokes degrees of freedom
# 6: Number of temperature degrees of freedom
# 7: Iterations for temperature solver
# 8: Iterations for Stokes solver
# 9: Velocity iterations in Stokes preconditioner
# 10: Schur complement iterations in Stokes preconditioner
# 11: RMS velocity (m/year)
# 12: Max. velocity (m/year)
# 13: Visualization file name
  0 0.000000000000e+00 0.000000000000e+00 768 7235 3201  0 8 9 9 2.61363825e-06 1.26982821e-05 outputs/V3.3e24_D10000_G10/solution/solution-00000 
  1 1.392571516413e+09 1.392571516413e+09 768 7235 3201 32 8 9 9 1.85525190e-05 3.21424776e-05 outputs/V3.3e24_D10000_G10/solution/solution-00001 
  2 2.785143032825e+09 1.392571516413e+09 768 7235 3201 26 8 9 9 1.98774325e-04 3.55723925e-04 outputs/V3.3e24_D10000_G10/solution/solution-00002 
  3 3.048690108283e+09 2.635470754575e+08 768 7235 3201 14 8 9 9 4.90117676e-04 8.83624005e-04 outputs/V3.3e24_D10000_G10/solution/solution-00003 
  4 3.154795750862e+09 1.061056425789e+08 768 7235 3201 12 8 9 9 7.85824322e-04 1.42117581e-03 outputs/V3.3e24_D10000_G10/solution/solution-00004 
  5 3.220791667083e+09 6.599591622138e+07 768 7235 3201 11 7 8 8 1.08328903e-03 1.96237199e-03 outputs/V3.3e24_D10000_G10/solution/solution-00005 
  6 3.268563442890e+09 4.777177580716e+07 768 7235 3201 11 7 8 8 1.37708349e-03 2.49710421e-03                                                 "" 
  7 3.306094679898e+09 3.753123700737e+07 768 7235 3201 11 7 8 8 1.66552610e-03 3.02373017e-03 outputs/V3.3e24_D10000_G10/solution/solution-00006 
  8 3.337105109704e+09 3.101042980668e+07 768 7235 3201 12 6 7 7 1.94814671e-03 3.53921652e-03                                                 "" 
  9 3.363603519161e+09 2.649840945648e+07 768 7235 3201 12 6 7 7 2.22473765e-03 4.04371304e-03                                                 "" 
 10 3.386787656879e+09 2.318413771853e+07 768 7235 3201 12 6 7 7 2.49502641e-03 4.53701471e-03                                                 "" 
 11 3.407451023886e+09 2.066336700642e+07 768 7235 3201 12 6 7 7 2.75894111e-03 5.01787307e-03 outputs/V3.3e24_D10000_G10/solution/solution-00007 
 12 3.426136505208e+09 1.868548132214e+07 768 7235 3201 12 6 7 7 3.01633844e-03 5.48779714e-03                                                 "" 
 13 3.443227978770e+09 1.709147356256e+07 768 7235 3201 12 6 7 7 3.26694206e-03 5.94369607e-03                                                 "" 
 14 3.459001003585e+09 1.577302481507e+07 768 7235 3201 13 6 7 7 3.51028384e-03 6.38441977e-03                                                 "" 
 15 3.473678336170e+09 1.467733258462e+07 768 7235 3201 13 6 7 7 3.74607475e-03 6.81520641e-03                                                 "" 
 16 3.487433702644e+09 1.375536647437e+07 768 7235 3201 13 6 7 7 3.97398792e-03 7.23013676e-03 outputs/V3.3e24_D10000_G10/solution/solution-00008 
 17 3.500405442707e+09 1.297174006230e+07 768 7235 3201 13 6 7 7 4.19366896e-03 7.62816414e-03 outputs/V3.3e24_D10000_G10/solution/solution-00009 
 18 3.512699414280e+09 1.229397157363e+07 768 7235 3201 13 6 7 7 4.40463679e-03 8.00987258e-03                                                 "" 
 19 3.524403720319e+09 1.170430603843e+07 768 7235 3201 13 6 7 7 4.60643456e-03 8.37551223e-03                                                 "" 
 20 3.535597065567e+09 1.119334524784e+07 768 7235 3201 13 6 7 7 4.79870916e-03 8.72186854e-03                                                 "" 
 21 3.546345909070e+09 1.074884350354e+07 768 7235 3201 13 6 7 7 4.98111222e-03 9.04934610e-03                                                 "" 
 22 3.556707032752e+09 1.036112368199e+07 768 7235 3201 13 6 7 7 5.15330621e-03 9.35958514e-03 outputs/V3.3e24_D10000_G10/solution/solution-00010 
 23 3.566729481140e+09 1.002244838741e+07 768 7235 3201 13 6 7 7 5.31496981e-03 9.64878167e-03                                                 "" 
 24 3.576449294924e+09 9.719813784175e+06 768 7235 3201 13 6 7 7 5.46570036e-03 9.91618715e-03                                                 "" 
 25 3.585903564313e+09 9.454269389126e+06 768 7235 3201 13 6 7 7 5.60522974e-03 1.01613183e-02                                                 "" 
 26 3.595126486356e+09 9.222922042974e+06 768 7235 3201 13 6 7 7 5.73334174e-03 1.03868855e-02                                                 "" 
 27 3.604148672518e+09 9.022186162419e+06 768 7235 3201 13 6 7 7 5.84985058e-03 1.05936433e-02 outputs/V3.3e24_D10000_G10/solution/solution-00011 
 28 3.612997768566e+09 8.849096048012e+06 768 7235 3201 13 6 7 7 5.95460262e-03 1.07772781e-02                                                 "" 
 29 3.621698961212e+09 8.701192645627e+06 768 7235 3201 13 6 7 7 6.04747749e-03 1.09375739e-02                                                 "" 
 30 3.630275397234e+09 8.576436021707e+06 768 7235 3201 13 6 7 7 6.12838871e-03 1.10743900e-02                                                 "" 
 31 3.638744071589e+09 8.468674355007e+06 768 7235 3201 13 6 7 7 6.19725053e-03 1.11877108e-02                                                 "" 
 32 3.647123801931e+09 8.379730342198e+06 768 7235 3201 13 6 7 7 6.25405501e-03 1.12816136e-02 outputs/V3.3e24_D10000_G10/solution/solution-00012 
 33 3.655433783381e+09 8.309981449883e+06 768 7235 3201 13 6 7 7 6.29884209e-03 1.13520172e-02                                                 "" 
 34 3.663692227540e+09 8.258444159659e+06 768 7235 3201 13 6 7 7 6.33168254e-03 1.13990916e-02                                                 "" 
 35 3.671916567110e+09 8.224339569812e+06 768 7235 3201 14 6 7 7 6.35267647e-03 1.14230756e-02                                                 "" 
 36 3.680123638794e+09 8.207071683478e+06 768 7235 3201 14 6 7 7 6.36195185e-03 1.14259747e-02                                                 "" 
 37 3.688329849697e+09 8.206210903655e+06 768 7235 3201 14 6 7 7 6.35966279e-03 1.14086912e-02 outputs/V3.3e24_D10000_G10/solution/solution-00013 
 38 3.696551331610e+09 8.221481912290e+06 768 7235 3201 14 6 7 7 6.34598782e-03 1.13692762e-02                                                 "" 
 39 3.704801957118e+09 8.250625508326e+06 768 7235 3201 14 6 7 7 6.32113590e-03 1.13082092e-02 outputs/V3.3e24_D10000_G10/solution/solution-00014 
 40 3.713094784214e+09 8.292827095729e+06 768 7235 3201 14 6 7 7 6.28535171e-03 1.12260548e-02                                                 "" 
 41 3.721445982584e+09 8.351198370853e+06 768 7235 3201 14 6 7 7 6.23889440e-03 1.11234140e-02                                                 "" 
 42 3.729871956406e+09 8.425973821554e+06 768 7235 3201 14 6 7 7 6.18203822e-03 1.10011489e-02                                                 "" 
 43 3.738389487521e+09 8.517531114695e+06 768 7235 3201 14 6 7 7 6.11506802e-03 1.08653843e-02                                                 "" 
 44 3.747015887238e+09 8.626399717592e+06 768 7235 3201 14 6 7 7 6.03828343e-03 1.07108902e-02 outputs/V3.3e24_D10000_G10/solution/solution-00015 
 45 3.755769151764e+09 8.753264525426e+06 768 7235 3201 14 6 7 7 5.95199673e-03 1.05383983e-02                                                 "" 
 46 3.764668130583e+09 8.898978819092e+06 768 7235 3201 14 6 7 7 5.85653192e-03 1.03486734e-02                                                 "" 
 47 3.773732134510e+09 9.064003927181e+06 768 7235 3201 13 6 7 7 5.75222859e-03 1.01425201e-02                                                 "" 
 48 3.782976941702e+09 9.244807192036e+06 768 7235 3201 13 6 7 7 5.63949418e-03 9.92288907e-03                                                 "" 
 49 3.792424794975e+09 9.447853273351e+06 768 7235 3201 13 6 7 7 5.51868764e-03 9.75534740e-03 outputs/V3.3e24_D10000_G10/solution/solution-00016 
 50 3.802036143251e+09 9.611348275222e+06 768 7235 3201 13 6 7 7 5.39102675e-03 9.64439034e-03 outputs/V3.3e24_D10000_G10/solution/solution-00017 
 51 3.811756819907e+09 9.720676656023e+06 768 7235 3201 13 6 7 7 5.25805048e-03 9.52362983e-03                                                 "" 
 52 3.821600755637e+09 9.843935730019e+06 768 7235 3201 13 6 7 7 5.12042091e-03 9.39249992e-03                                                 "" 
 53 3.831582123833e+09 9.981368196481e+06 768 7235 3201 13 6 7 7 4.97877185e-03 9.25167264e-03                                                 "" 
 54 3.841715426600e+09 1.013330276705e+07 768 7235 3201 13 6 7 7 4.83370858e-03 9.10180648e-03                                                 "" 
 55 3.852015579677e+09 1.030015307702e+07 768 7235 3201 13 6 7 7 4.68580791e-03 8.94354718e-03 outputs/V3.3e24_D10000_G10/solution/solution-00018 
 56 3.862497997689e+09 1.048241801181e+07 768 7235 3201 13 6 7 7 4.53561784e-03 8.77752680e-03                                                 "" 
 57 3.873178682823e+09 1.068068513387e+07 768 7235 3201 13 6 7 7 4.38365869e-03 8.60436538e-03                                                 "" 
 58 3.884074314963e+09 1.089563213996e+07 768 7235 3201 12 6 7 7 4.23042527e-03 8.42467449e-03                                                 "" 
 59 3.895202341349e+09 1.112802638656e+07 768 7235 3201 12 6 7 7 4.07638747e-03 8.23905661e-03                                                 "" 
 60 3.906581071280e+09 1.137872993091e+07 768 7235 3201 12 6 7 7 3.92199129e-03 8.04810535e-03 outputs/V3.3e24_D10000_G10/solution/solution-00019 
 61 3.918229775657e+09 1.164870437668e+07 768 7235 3201 12 6 7 7 3.76766012e-03 7.85384173e-03                                                 "" 
 62 3.930168791755e+09 1.193901609827e+07 768 7235 3201 12 6 7 7 3.61379600e-03 7.65577015e-03                                                 "" 
 63 3.942419633806e+09 1.225084205098e+07 768 7235 3201 12 6 7 7 3.46078090e-03 7.45399897e-03                                                 "" 
 64 3.955005110044e+09 1.258547623772e+07 768 7235 3201 12 6 7 7 3.30897798e-03 7.24909968e-03                                                 "" 
 65 3.967949446874e+09 1.294433683023e+07 768 7235 3201 12 6 7 7 3.15873276e-03 7.04163619e-03 outputs/V3.3e24_D10000_G10/solution/solution-00020 
 66 3.981278420763e+09 1.332897388878e+07 768 7235 3201 11 6 7 7 3.01037419e-03 6.83216447e-03                                                 "" 
 67 3.995014496289e+09 1.373607552622e+07 768 7235 3201 11 6 7 7 2.86426742e-03 6.62130771e-03                                                 "" 
 68 4.009184821255e+09 1.417032496625e+07 768 7235 3201 11 6 7 7 2.72072448e-03 6.40962968e-03 outputs/V3.3e24_D10000_G10/solution/solution-00021 
 69 4.023819711178e+09 1.463488992264e+07 768 7235 3201 11 6 7 7 2.58002776e-03 6.19766286e-03                                                 "" 
 70 4.038951444798e+09 1.513173361955e+07 768 7235 3201 11 6 7 7 2.44244572e-03 5.98592907e-03                                                 "" 
 71 4.054614406607e+09 1.566296180930e+07 768 7235 3201 11 6 7 7 2.30823317e-03 5.77493870e-03                                                 "" 
 72 4.070845232420e+09 1.623082581329e+07 768 7235 3201 11 6 7 7 2.17763134e-03 5.56518980e-03                                                 "" 
 73 4.087682956349e+09 1.683772392916e+07 768 7235 3201 11 6 7 7 2.05086776e-03 5.35716709e-03 outputs/V3.3e24_D10000_G10/solution/solution-00022 
 74 4.105169157107e+09 1.748620075771e+07 768 7235 3201 10 6 7 7 1.92815581e-03 5.15349768e-03 outputs/V3.3e24_D10000_G10/solution/solution-00023 
 75 4.123348101037e+09 1.817894392946e+07 768 7235 3201 10 6 7 7 1.80969410e-03 4.95379366e-03                                                 "" 
 76 4.142266878680e+09 1.891877764322e+07 768 7235 3201 10 6 7 7 1.69566549e-03 4.75713167e-03                                                 "" 
 77 4.161975531043e+09 1.970865236358e+07 768 7235 3201 10 6 7 7 1.58623590e-03 4.56392644e-03                                                 "" 
 78 4.182527161016e+09 2.055162997253e+07 768 7235 3201 10 6 7 7 1.48155273e-03 4.37457048e-03                                                 "" 
 79 4.203978024676e+09 2.145086366058e+07 768 7235 3201 10 6 7 7 1.38174310e-03 4.18943229e-03 outputs/V3.3e24_D10000_G10/solution/solution-00024 
 80 4.226368963790e+09 2.239093911372e+07 768 7235 3201 10 6 7 7 1.28698631e-03 4.00928193e-03                                                 "" 
 81 4.249752203389e+09 2.338323959880e+07 768 7235 3201 10 6 7 7 1.19737843e-03 3.83658270e-03                                                 "" 
 82 4.274188011838e+09 2.443580844891e+07 768 7235 3201 10 6 7 7 1.11296021e-03 3.66913495e-03                                                 "" 
 83 4.299738993532e+09 2.555098169368e+07 768 7235 3201  9 6 7 7 1.03374182e-03 3.50717561e-03                                                 "" 
 84 4.326469904796e+09 2.673091126469e+07 768 7235 3201  9 6 7 7 9.59700807e-04 3.35280434e-03 outputs/V3.3e24_D10000_G10/solution/solution-00025 
 85 4.354447417802e+09 2.797751300552e+07 768 7235 3201  9 6 7 7 8.90780322e-04 3.20513095e-03                                                 "" 
 86 4.383729079200e+09 2.928166139827e+07 768 7235 3201  9 6 7 7 8.26909919e-04 3.06334716e-03                                                 "" 
 87 4.414343043938e+09 3.061396473814e+07 768 7235 3201  9 6 7 7 7.68027576e-04 2.92769565e-03 outputs/V3.3e24_D10000_G10/solution/solution-00026 
 88 4.446350654550e+09 3.200761061157e+07 768 7235 3201  9 6 7 7 7.13950656e-04 2.79953713e-03                                                 "" 
 89 4.479812826772e+09 3.346217222207e+07 768 7235 3201  9 6 7 7 6.64465329e-04 2.68051101e-03                                                 "" 
 90 4.514789606616e+09 3.497677984462e+07 768 7235 3201  8 6 7 7 6.19330277e-04 2.56728027e-03 outputs/V3.3e24_D10000_G10/solution/solution-00027 
 91 4.551339732203e+09 3.655012558654e+07 768 7235 3201  8 6 7 7 5.78281870e-04 2.45975939e-03                                                 "" 
 92 4.589475943928e+09 3.813621172504e+07 768 7235 3201  8 6 7 7 5.41080073e-04 2.35905750e-03                                                 "" 
 93 4.629216391061e+09 3.974044713343e+07 768 7235 3201  8 5 6 6 5.07448511e-04 2.26525430e-03 outputs/V3.3e24_D10000_G10/solution/solution-00028 
 94 4.670602472997e+09 4.138608193582e+07 768 7235 3201  8 5 6 6 4.77080807e-04 2.17670811e-03                                                 "" 
 95 4.713672096985e+09 4.306962398771e+07 768 7235 3201  8 5 6 6 4.49678884e-04 2.09400140e-03 outputs/V3.3e24_D10000_G10/solution/solution-00029 
 96 4.758459308872e+09 4.478721188720e+07 768 7235 3201  8 5 6 6 4.24958833e-04 2.01754111e-03                                                 "" 
 97 4.804993897458e+09 4.653458858543e+07 768 7235 3201  8 5 6 6 4.02655642e-04 1.94560949e-03 outputs/V3.3e24_D10000_G10/solution/solution-00030 
 98 4.853243150930e+09 4.824925347205e+07 768 7235 3201  8 5 6 6 3.82548687e-04 1.87810700e-03                                                 "" 
 99 4.903184826476e+09 4.994167554620e+07 768 7235 3201  7 5 6 6 3.64424805e-04 1.81489391e-03 outputs/V3.3e24_D10000_G10/solution/solution-00031 
100 4.954823052836e+09 5.163822636013e+07 768 7235 3201  7 5 6 6 3.48081570e-04 1.75579177e-03                                                 "" 
