# 1: Time step number
# 2: Time (years)
# 3: Time step size (years)
# 4: Number of mesh cells
# 5: Number of Stokes degrees of freedom
# 6: Number of temperature degrees of freedom
# 7: Iterations for temperature solver
# 8: Iterations for Stokes solver
# 9: Velocity iterations in Stokes preconditioner
# 10: Schur complement iterations in Stokes preconditioner
# 11: RMS velocity (m/year)
# 12: Max. velocity (m/year)
# 13: Visualization file name
  0 0.000000000000e+00 0.000000000000e+00 768 7235 3201  0 8 9 9 3.45000249e-08 1.67617323e-07 outputs/V1e26_D10000_G4/solution/solution-00000 
  1 1.392571516413e+09 1.392571516413e+09 768 7235 3201 32 8 9 9 2.97611688e-08 9.25748016e-08 outputs/V1e26_D10000_G4/solution/solution-00001 
  2 2.785143032825e+09 1.392571516413e+09 768 7235 3201 26 8 9 9 2.96000907e-08 5.17461281e-08 outputs/V1e26_D10000_G4/solution/solution-00002 
  3 4.177714549238e+09 1.392571516413e+09 768 7235 3201 25 8 9 9 3.07039613e-08 5.23891579e-08 outputs/V1e26_D10000_G4/solution/solution-00003 
  4 5.570286065650e+09 1.392571516413e+09 768 7235 3201 24 8 9 9 3.16039941e-08 5.44007331e-08 outputs/V1e26_D10000_G4/solution/solution-00004 
  5 6.962857582063e+09 1.392571516413e+09 768 7235 3201 23 8 9 9 3.22634260e-08 5.59850407e-08 outputs/V1e26_D10000_G4/solution/solution-00005 
  6 8.355429098476e+09 1.392571516413e+09 768 7235 3201 23 8 9 9 3.26794493e-08 5.71417110e-08 outputs/V1e26_D10000_G4/solution/solution-00006 
  7 9.748000614888e+09 1.392571516413e+09 768 7235 3201 22 8 9 9 3.28717227e-08 5.78887671e-08 outputs/V1e26_D10000_G4/solution/solution-00007 
  8 1.114057213130e+10 1.392571516413e+09 768 7235 3201 22 8 9 9 3.28656301e-08 5.82551298e-08 outputs/V1e26_D10000_G4/solution/solution-00008 
  9 1.253314364771e+10 1.392571516413e+09 768 7235 3201 21 8 9 9 3.26874046e-08 5.82761014e-08 outputs/V1e26_D10000_G4/solution/solution-00009 
 10 1.392571516413e+10 1.392571516413e+09 768 7235 3201 21 8 9 9 3.23624106e-08 5.79902596e-08 outputs/V1e26_D10000_G4/solution/solution-00010 
 11 1.531828668054e+10 1.392571516413e+09 768 7235 3201 21 8 9 9 3.19143321e-08 5.74371750e-08 outputs/V1e26_D10000_G4/solution/solution-00011 
 12 1.671085819695e+10 1.392571516413e+09 768 7235 3201 21 8 9 9 3.13647775e-08 5.66557248e-08 outputs/V1e26_D10000_G4/solution/solution-00012 
 13 1.810342971336e+10 1.392571516413e+09 768 7235 3201 21 8 9 9 3.07331170e-08 5.56828906e-08 outputs/V1e26_D10000_G4/solution/solution-00013 
 14 1.949600122978e+10 1.392571516413e+09 768 7235 3201 21 8 9 9 3.00364674e-08 5.45529632e-08 outputs/V1e26_D10000_G4/solution/solution-00014 
 15 2.088857274619e+10 1.392571516413e+09 768 7235 3201 21 8 9 9 2.92897705e-08 5.32970809e-08 outputs/V1e26_D10000_G4/solution/solution-00015 
 16 2.228114426260e+10 1.392571516413e+09 768 7235 3201 20 8 9 9 2.85059304e-08 5.19430292e-08 outputs/V1e26_D10000_G4/solution/solution-00016 
 17 2.367371577901e+10 1.392571516413e+09 768 7235 3201 20 8 9 9 2.76959836e-08 5.05152345e-08 outputs/V1e26_D10000_G4/solution/solution-00017 
 18 2.506628729543e+10 1.392571516413e+09 768 7235 3201 20 8 9 9 2.68692851e-08 4.90348934e-08 outputs/V1e26_D10000_G4/solution/solution-00018 
 19 2.645885881184e+10 1.392571516413e+09 768 7235 3201 20 8 9 9 2.60336962e-08 4.75201863e-08 outputs/V1e26_D10000_G4/solution/solution-00019 
 20 2.785143032825e+10 1.392571516413e+09 768 7235 3201 20 8 9 9 2.51957668e-08 4.59865404e-08 outputs/V1e26_D10000_G4/solution/solution-00020 
 21 2.924400184466e+10 1.392571516413e+09 768 7235 3201 20 8 9 9 2.43609059e-08 4.44469127e-08 outputs/V1e26_D10000_G4/solution/solution-00021 
 22 3.063657336108e+10 1.392571516413e+09 768 7235 3201 20 8 9 9 2.35335383e-08 4.29120732e-08 outputs/V1e26_D10000_G4/solution/solution-00022 
 23 3.202914487749e+10 1.392571516413e+09 768 7235 3201 20 8 9 9 2.27172455e-08 4.13908787e-08 outputs/V1e26_D10000_G4/solution/solution-00023 
 24 3.342171639390e+10 1.392571516413e+09 768 7235 3201 20 8 9 9 2.19148905e-08 3.98905259e-08 outputs/V1e26_D10000_G4/solution/solution-00024 
 25 3.481428791032e+10 1.392571516413e+09 768 7235 3201 20 8 9 9 2.11287276e-08 3.84167837e-08 outputs/V1e26_D10000_G4/solution/solution-00025 
 26 3.620685942673e+10 1.392571516413e+09 768 7235 3201 20 8 9 9 2.03604981e-08 3.69742003e-08 outputs/V1e26_D10000_G4/solution/solution-00026 
 27 3.759943094314e+10 1.392571516413e+09 768 7235 3201 20 8 9 9 1.96115127e-08 3.55662879e-08 outputs/V1e26_D10000_G4/solution/solution-00027 
 28 3.899200245955e+10 1.392571516413e+09 768 7235 3201 20 8 9 9 1.88827222e-08 3.41956831e-08 outputs/V1e26_D10000_G4/solution/solution-00028 
 29 4.038457397597e+10 1.392571516413e+09 768 7235 3201 20 8 9 9 1.81747784e-08 3.28642876e-08 outputs/V1e26_D10000_G4/solution/solution-00029 
 30 4.177714549238e+10 1.392571516413e+09 768 7235 3201 20 8 9 9 1.74880855e-08 3.15733896e-08 outputs/V1e26_D10000_G4/solution/solution-00030 
 31 4.316971700879e+10 1.392571516413e+09 768 7235 3201 20 8 9 9 1.68228434e-08 3.03237675e-08 outputs/V1e26_D10000_G4/solution/solution-00031 
 32 4.456228852520e+10 1.392571516413e+09 768 7235 3201 19 8 9 9 1.61790851e-08 2.91157792e-08 outputs/V1e26_D10000_G4/solution/solution-00032 
 33 4.595486004162e+10 1.392571516413e+09 768 7235 3201 19 8 9 9 1.55567076e-08 2.79494382e-08 outputs/V1e26_D10000_G4/solution/solution-00033 
 34 4.734743155803e+10 1.392571516413e+09 768 7235 3201 19 8 9 9 1.49554980e-08 2.68244779e-08 outputs/V1e26_D10000_G4/solution/solution-00034 
 35 4.874000307444e+10 1.392571516413e+09 768 7235 3201 19 8 9 9 1.43751553e-08 2.57404059e-08 outputs/V1e26_D10000_G4/solution/solution-00035 
 36 5.013257459085e+10 1.392571516413e+09 768 7235 3201 19 8 9 9 1.38153091e-08 2.46965501e-08 outputs/V1e26_D10000_G4/solution/solution-00036 
 37 5.152514610727e+10 1.392571516413e+09 768 7235 3201 19 8 9 9 1.32755345e-08 2.36920975e-08 outputs/V1e26_D10000_G4/solution/solution-00037 
 38 5.291771762368e+10 1.392571516413e+09 768 7235 3201 19 8 9 9 1.27553653e-08 2.27261260e-08 outputs/V1e26_D10000_G4/solution/solution-00038 
 39 5.431028914009e+10 1.392571516413e+09 768 7235 3201 19 8 9 9 1.22543040e-08 2.17976319e-08 outputs/V1e26_D10000_G4/solution/solution-00039 
 40 5.570286065650e+10 1.392571516413e+09 768 7235 3201 19 8 9 9 1.17718311e-08 2.09055522e-08 outputs/V1e26_D10000_G4/solution/solution-00040 
 41 5.709543217292e+10 1.392571516413e+09 768 7235 3201 19 8 9 9 1.13074121e-08 2.00487831e-08 outputs/V1e26_D10000_G4/solution/solution-00041 
 42 5.848800368933e+10 1.392571516413e+09 768 7235 3201 19 8 9 9 1.08605037e-08 1.92261953e-08 outputs/V1e26_D10000_G4/solution/solution-00042 
 43 5.988057520574e+10 1.392571516413e+09 768 7235 3201 19 8 9 9 1.04305585e-08 1.84366468e-08 outputs/V1e26_D10000_G4/solution/solution-00043 
 44 6.127314672215e+10 1.392571516413e+09 768 7235 3201 19 8 9 9 1.00170287e-08 1.76789931e-08 outputs/V1e26_D10000_G4/solution/solution-00044 
 45 6.266571823857e+10 1.392571516413e+09 768 7235 3201 19 8 9 9 9.61937032e-09 1.69520956e-08 outputs/V1e26_D10000_G4/solution/solution-00045 
 46 6.405828975498e+10 1.392571516413e+09 768 7235 3201 19 8 9 9 9.23704472e-09 1.62548279e-08 outputs/V1e26_D10000_G4/solution/solution-00046 
 47 6.545086127139e+10 1.392571516413e+09 768 7235 3201 19 8 9 9 8.86952143e-09 1.55860817e-08 outputs/V1e26_D10000_G4/solution/solution-00047 
 48 6.684343278781e+10 1.392571516413e+09 768 7235 3201 19 8 9 9 8.51627951e-09 1.49447705e-08 outputs/V1e26_D10000_G4/solution/solution-00048 
 49 6.823600430422e+10 1.392571516413e+09 768 7235 3201 19 8 9 9 8.17680890e-09 1.43298331e-08 outputs/V1e26_D10000_G4/solution/solution-00049 
 50 6.962857582063e+10 1.392571516413e+09 768 7235 3201 19 8 9 9 7.85061146e-09 1.37402360e-08 outputs/V1e26_D10000_G4/solution/solution-00050 
 51 7.102114733704e+10 1.392571516413e+09 768 7235 3201 19 8 9 9 7.53720162e-09 1.31749750e-08 outputs/V1e26_D10000_G4/solution/solution-00051 
 52 7.241371885346e+10 1.392571516413e+09 768 7235 3201 19 8 9 9 7.23610700e-09 1.26330764e-08 outputs/V1e26_D10000_G4/solution/solution-00052 
 53 7.380629036987e+10 1.392571516413e+09 768 7235 3201 19 8 9 9 6.94686871e-09 1.21135980e-08 outputs/V1e26_D10000_G4/solution/solution-00053 
 54 7.519886188628e+10 1.392571516413e+09 768 7235 3201 19 8 9 9 6.66904156e-09 1.16156293e-08 outputs/V1e26_D10000_G4/solution/solution-00054 
 55 7.659143340269e+10 1.392571516413e+09 768 7235 3201 19 8 9 9 6.40219420e-09 1.11382917e-08 outputs/V1e26_D10000_G4/solution/solution-00055 
 56 7.798400491911e+10 1.392571516413e+09 768 7235 3201 19 8 9 9 6.14590908e-09 1.06807384e-08 outputs/V1e26_D10000_G4/solution/solution-00056 
 57 7.937657643552e+10 1.392571516413e+09 768 7235 3201 19 8 9 9 5.89978235e-09 1.02421539e-08 outputs/V1e26_D10000_G4/solution/solution-00057 
 58 8.076914795193e+10 1.392571516413e+09 768 7235 3201 19 8 9 9 5.66342380e-09 9.82175345e-09 outputs/V1e26_D10000_G4/solution/solution-00058 
 59 8.216171946834e+10 1.392571516413e+09 768 7235 3201 19 8 9 9 5.43645657e-09 9.41878283e-09 outputs/V1e26_D10000_G4/solution/solution-00059 
 60 8.355429098476e+10 1.392571516413e+09 768 7235 3201 19 8 9 9 5.21851695e-09 9.03251726e-09 outputs/V1e26_D10000_G4/solution/solution-00060 
 61 8.494686250117e+10 1.392571516413e+09 768 7235 3201 19 8 9 9 5.00925414e-09 8.66226075e-09 outputs/V1e26_D10000_G4/solution/solution-00061 
 62 8.633943401758e+10 1.392571516413e+09 768 7235 3201 19 8 9 9 4.80832992e-09 8.30734532e-09 outputs/V1e26_D10000_G4/solution/solution-00062 
 63 8.773200553399e+10 1.392571516413e+09 768 7235 3201 19 8 9 9 4.61541834e-09 7.96713006e-09 outputs/V1e26_D10000_G4/solution/solution-00063 
 64 8.912457705041e+10 1.392571516413e+09 768 7235 3201 19 8 9 9 4.43020542e-09 7.64100029e-09 outputs/V1e26_D10000_G4/solution/solution-00064 
 65 9.051714856682e+10 1.392571516413e+09 768 7235 3201 19 8 9 9 4.25238879e-09 7.32836663e-09 outputs/V1e26_D10000_G4/solution/solution-00065 
 66 9.190972008323e+10 1.392571516413e+09 768 7235 3201 19 8 9 9 4.08167735e-09 7.02866414e-09 outputs/V1e26_D10000_G4/solution/solution-00066 
 67 9.330229159964e+10 1.392571516413e+09 768 7235 3201 19 8 9 9 3.91779095e-09 6.74135139e-09 outputs/V1e26_D10000_G4/solution/solution-00067 
 68 9.469486311606e+10 1.392571516413e+09 768 7235 3201 19 8 9 9 3.76046004e-09 6.46590959e-09 outputs/V1e26_D10000_G4/solution/solution-00068 
 69 9.608743463247e+10 1.392571516413e+09 768 7235 3201 19 8 9 9 3.60942528e-09 6.20184172e-09 outputs/V1e26_D10000_G4/solution/solution-00069 
 70 9.748000614888e+10 1.392571516413e+09 768 7235 3201 18 8 9 9 3.46443728e-09 5.94867164e-09 outputs/V1e26_D10000_G4/solution/solution-00070 
 71 9.887257766530e+10 1.392571516413e+09 768 7235 3201 18 8 9 9 3.32525620e-09 5.70594331e-09 outputs/V1e26_D10000_G4/solution/solution-00071 
 72 1.002651491817e+11 1.392571516413e+09 768 7235 3201 18 8 9 9 3.19165146e-09 5.47321997e-09 outputs/V1e26_D10000_G4/solution/solution-00072 
 73 1.016577206981e+11 1.392571516413e+09 768 7235 3201 18 8 9 9 3.06340138e-09 5.25008330e-09 outputs/V1e26_D10000_G4/solution/solution-00073 
 74 1.030502922145e+11 1.392571516413e+09 768 7235 3201 18 8 9 9 2.94029292e-09 5.03613272e-09 outputs/V1e26_D10000_G4/solution/solution-00074 
 75 1.044428637309e+11 1.392571516413e+09 768 7235 3201 18 8 9 9 2.82212130e-09 4.83098460e-09 outputs/V1e26_D10000_G4/solution/solution-00075 
 76 1.058354352474e+11 1.392571516413e+09 768 7235 3201 18 8 9 9 2.70868976e-09 4.63427160e-09 outputs/V1e26_D10000_G4/solution/solution-00076 
 77 1.072280067638e+11 1.392571516413e+09 768 7235 3201 18 8 9 9 2.59980922e-09 4.44564194e-09 outputs/V1e26_D10000_G4/solution/solution-00077 
 78 1.086205782802e+11 1.392571516413e+09 768 7235 3201 18 8 9 9 2.49529804e-09 4.26475876e-09 outputs/V1e26_D10000_G4/solution/solution-00078 
 79 1.100131497966e+11 1.392571516413e+09 768 7235 3201 18 8 9 9 2.39498170e-09 4.09129948e-09 outputs/V1e26_D10000_G4/solution/solution-00079 
 80 1.114057213130e+11 1.392571516413e+09 768 7235 3201 18 8 9 9 2.29869258e-09 3.92495520e-09 outputs/V1e26_D10000_G4/solution/solution-00080 
 81 1.127982928294e+11 1.392571516413e+09 768 7235 3201 18 8 9 9 2.20626965e-09 3.76543011e-09 outputs/V1e26_D10000_G4/solution/solution-00081 
 82 1.141908643458e+11 1.392571516413e+09 768 7235 3201 18 8 9 9 2.11755824e-09 3.61244091e-09 outputs/V1e26_D10000_G4/solution/solution-00082 
 83 1.155834358622e+11 1.392571516413e+09 768 7235 3201 18 8 9 9 2.03240984e-09 3.46571630e-09 outputs/V1e26_D10000_G4/solution/solution-00083 
 84 1.169760073787e+11 1.392571516413e+09 768 7235 3201 18 8 9 9 1.95068177e-09 3.32499645e-09 outputs/V1e26_D10000_G4/solution/solution-00084 
 85 1.183685788951e+11 1.392571516413e+09 768 7235 3201 18 8 9 9 1.87223705e-09 3.19003252e-09 outputs/V1e26_D10000_G4/solution/solution-00085 
 86 1.197611504115e+11 1.392571516413e+09 768 7235 3201 18 8 9 9 1.79694413e-09 3.06058615e-09 outputs/V1e26_D10000_G4/solution/solution-00086 
 87 1.211537219279e+11 1.392571516413e+09 768 7235 3201 18 8 9 9 1.72467669e-09 2.93642906e-09 outputs/V1e26_D10000_G4/solution/solution-00087 
 88 1.225462934443e+11 1.392571516413e+09 768 7235 3201 18 8 9 9 1.65531344e-09 2.81734257e-09 outputs/V1e26_D10000_G4/solution/solution-00088 
 89 1.239388649607e+11 1.392571516413e+09 768 7235 3201 18 8 9 9 1.58873790e-09 2.70311721e-09 outputs/V1e26_D10000_G4/solution/solution-00089 
 90 1.253314364771e+11 1.392571516413e+09 768 7235 3201 18 8 9 9 1.52483827e-09 2.59355233e-09 outputs/V1e26_D10000_G4/solution/solution-00090 
 91 1.267240079935e+11 1.392571516413e+09 768 7235 3201 18 8 9 9 1.46350718e-09 2.48845569e-09 outputs/V1e26_D10000_G4/solution/solution-00091 
 92 1.281165795100e+11 1.392571516413e+09 768 7235 3201 18 8 9 9 1.40464156e-09 2.38764314e-09 outputs/V1e26_D10000_G4/solution/solution-00092 
 93 1.295091510264e+11 1.392571516413e+09 768 7235 3201 18 8 9 9 1.34814245e-09 2.29093823e-09 outputs/V1e26_D10000_G4/solution/solution-00093 
 94 1.309017225428e+11 1.392571516413e+09 768 7235 3201 18 8 9 9 1.29391485e-09 2.19817191e-09 outputs/V1e26_D10000_G4/solution/solution-00094 
 95 1.322942940592e+11 1.392571516413e+09 768 7235 3201 18 8 9 9 1.24186754e-09 2.10918220e-09 outputs/V1e26_D10000_G4/solution/solution-00095 
 96 1.336868655756e+11 1.392571516413e+09 768 7235 3201 18 8 9 9 1.19191299e-09 2.02381390e-09 outputs/V1e26_D10000_G4/solution/solution-00096 
 97 1.350794370920e+11 1.392571516413e+09 768 7235 3201 18 8 9 9 1.14396713e-09 1.94191826e-09 outputs/V1e26_D10000_G4/solution/solution-00097 
 98 1.364720086084e+11 1.392571516413e+09 768 7235 3201 18 8 9 9 1.09794928e-09 1.86335277e-09 outputs/V1e26_D10000_G4/solution/solution-00098 
 99 1.378645801248e+11 1.392571516413e+09 768 7235 3201 18 8 9 9 1.05378199e-09 1.78798084e-09 outputs/V1e26_D10000_G4/solution/solution-00099 
100 1.392571516413e+11 1.392571516413e+09 768 7235 3201 17 8 9 9 1.01139089e-09 1.71567154e-09 outputs/V1e26_D10000_G4/solution/solution-00100 
