# 1: Time step number
# 2: Time (years)
# 3: Time step size (years)
# 4: Number of mesh cells
# 5: Number of Stokes degrees of freedom
# 6: Number of temperature degrees of freedom
# 7: Iterations for temperature solver
# 8: Iterations for Stokes solver
# 9: Velocity iterations in Stokes preconditioner
# 10: Schur complement iterations in Stokes preconditioner
# 11: RMS velocity (m/year)
# 12: Max. velocity (m/year)
# 13: Visualization file name
  0 0.000000000000e+00 0.000000000000e+00 768 7235 3201  0 8 9 9 1.60638929e-08 2.85792740e-08 outputs/V3.3e26_D10_G8/solution/solution-00000 
  1 1.392571516413e+09 1.392571516413e+09 768 7235 3201 32 8 9 9 1.52060265e-08 2.57104233e-08 outputs/V3.3e26_D10_G8/solution/solution-00001 
  2 2.785143032825e+09 1.392571516413e+09 768 7235 3201 25 8 9 9 1.44234645e-08 2.43580798e-08 outputs/V3.3e26_D10_G8/solution/solution-00002 
  3 4.177714549238e+09 1.392571516413e+09 768 7235 3201 24 8 9 9 1.36981040e-08 2.31517667e-08 outputs/V3.3e26_D10_G8/solution/solution-00003 
  4 5.570286065650e+09 1.392571516413e+09 768 7235 3201 23 8 9 9 1.30176907e-08 2.20194960e-08 outputs/V3.3e26_D10_G8/solution/solution-00004 
  5 6.962857582063e+09 1.392571516413e+09 768 7235 3201 23 8 9 9 1.23789964e-08 2.09550896e-08 outputs/V3.3e26_D10_G8/solution/solution-00005 
  6 8.355429098476e+09 1.392571516413e+09 768 7235 3201 22 8 9 9 1.17783745e-08 1.99522236e-08 outputs/V3.3e26_D10_G8/solution/solution-00006 
  7 9.748000614888e+09 1.392571516413e+09 768 7235 3201 21 8 9 9 1.12124931e-08 1.90053152e-08 outputs/V3.3e26_D10_G8/solution/solution-00007 
  8 1.114057213130e+10 1.392571516413e+09 768 7235 3201 21 8 9 9 1.06784020e-08 1.81096048e-08 outputs/V3.3e26_D10_G8/solution/solution-00008 
  9 1.253314364771e+10 1.392571516413e+09 768 7235 3201 21 8 9 9 1.01735165e-08 1.72610408e-08 outputs/V3.3e26_D10_G8/solution/solution-00009 
 10 1.392571516413e+10 1.392571516413e+09 768 7235 3201 20 8 9 9 9.69557559e-09 1.64561417e-08 outputs/V3.3e26_D10_G8/solution/solution-00010 
 11 1.531828668054e+10 1.392571516413e+09 768 7235 3201 20 8 9 9 9.24259406e-09 1.56918798e-08 outputs/V3.3e26_D10_G8/solution/solution-00011 
 12 1.671085819695e+10 1.392571516413e+09 768 7235 3201 20 8 9 9 8.81281951e-09 1.49655910e-08 outputs/V3.3e26_D10_G8/solution/solution-00012 
 13 1.810342971336e+10 1.392571516413e+09 768 7235 3201 20 8 9 9 8.40469530e-09 1.42749055e-08 outputs/V3.3e26_D10_G8/solution/solution-00013 
 14 1.949600122978e+10 1.392571516413e+09 768 7235 3201 20 8 9 9 8.01682993e-09 1.36176953e-08 outputs/V3.3e26_D10_G8/solution/solution-00014 
 15 2.088857274619e+10 1.392571516413e+09 768 7235 3201 20 8 9 9 7.64797177e-09 1.29920336e-08 outputs/V3.3e26_D10_G8/solution/solution-00015 
 16 2.228114426260e+10 1.392571516413e+09 768 7235 3201 19 8 9 9 7.29698830e-09 1.23961631e-08 outputs/V3.3e26_D10_G8/solution/solution-00016 
 17 2.367371577901e+10 1.392571516413e+09 768 7235 3201 19 8 9 9 6.96284897e-09 1.18284708e-08 outputs/V3.3e26_D10_G8/solution/solution-00017 
 18 2.506628729543e+10 1.392571516413e+09 768 7235 3201 19 8 9 9 6.64461115e-09 1.12874682e-08 outputs/V3.3e26_D10_G8/solution/solution-00018 
 19 2.645885881184e+10 1.392571516413e+09 768 7235 3201 19 8 9 9 6.34140842e-09 1.07717751e-08 outputs/V3.3e26_D10_G8/solution/solution-00019 
 20 2.785143032825e+10 1.392571516413e+09 768 7235 3201 19 8 9 9 6.05244086e-09 1.02801063e-08 outputs/V3.3e26_D10_G8/solution/solution-00020 
 21 2.924400184466e+10 1.392571516413e+09 768 7235 3201 19 8 9 9 5.77696696e-09 9.81126111e-09 outputs/V3.3e26_D10_G8/solution/solution-00021 
 22 3.063657336108e+10 1.392571516413e+09 768 7235 3201 19 8 9 9 5.51429689e-09 9.36411403e-09 outputs/V3.3e26_D10_G8/solution/solution-00022 
 23 3.202914487749e+10 1.392571516413e+09 768 7235 3201 19 8 9 9 5.26378675e-09 8.93760740e-09 outputs/V3.3e26_D10_G8/solution/solution-00023 
 24 3.342171639390e+10 1.392571516413e+09 768 7235 3201 19 8 9 9 5.02483379e-09 8.53074505e-09 outputs/V3.3e26_D10_G8/solution/solution-00024 
 25 3.481428791032e+10 1.392571516413e+09 768 7235 3201 19 8 9 9 4.79687231e-09 8.14258687e-09 outputs/V3.3e26_D10_G8/solution/solution-00025 
 26 3.620685942673e+10 1.392571516413e+09 768 7235 3201 18 8 9 9 4.57937021e-09 7.77224416e-09 outputs/V3.3e26_D10_G8/solution/solution-00026 
 27 3.759943094314e+10 1.392571516413e+09 768 7235 3201 18 8 9 9 4.37182591e-09 7.41887566e-09 outputs/V3.3e26_D10_G8/solution/solution-00027 
 28 3.899200245955e+10 1.392571516413e+09 768 7235 3201 18 8 9 9 4.17376586e-09 7.08168403e-09 outputs/V3.3e26_D10_G8/solution/solution-00028 
 29 4.038457397597e+10 1.392571516413e+09 768 7235 3201 18 8 9 9 3.98474224e-09 6.75991277e-09 outputs/V3.3e26_D10_G8/solution/solution-00029 
 30 4.177714549238e+10 1.392571516413e+09 768 7235 3201 18 8 9 9 3.80433099e-09 6.45284351e-09 outputs/V3.3e26_D10_G8/solution/solution-00030 
 31 4.316971700879e+10 1.392571516413e+09 768 7235 3201 18 8 9 9 3.63213013e-09 6.15979358e-09 outputs/V3.3e26_D10_G8/solution/solution-00031 
 32 4.456228852520e+10 1.392571516413e+09 768 7235 3201 18 8 9 9 3.46775819e-09 5.88011381e-09 outputs/V3.3e26_D10_G8/solution/solution-00032 
 33 4.595486004162e+10 1.392571516413e+09 768 7235 3201 18 8 9 9 3.31085285e-09 5.61318657e-09 outputs/V3.3e26_D10_G8/solution/solution-00033 
 34 4.734743155803e+10 1.392571516413e+09 768 7235 3201 18 8 9 9 3.16106974e-09 5.35842395e-09 outputs/V3.3e26_D10_G8/solution/solution-00034 
 35 4.874000307444e+10 1.392571516413e+09 768 7235 3201 18 8 9 9 3.01808133e-09 5.11526613e-09 outputs/V3.3e26_D10_G8/solution/solution-00035 
 36 5.013257459085e+10 1.392571516413e+09 768 7235 3201 18 8 9 9 2.88157595e-09 4.88317984e-09 outputs/V3.3e26_D10_G8/solution/solution-00036 
 37 5.152514610727e+10 1.392571516413e+09 768 7235 3201 18 8 9 9 2.75125682e-09 4.66165702e-09 outputs/V3.3e26_D10_G8/solution/solution-00037 
 38 5.291771762368e+10 1.392571516413e+09 768 7235 3201 18 8 9 9 2.62684132e-09 4.45021341e-09 outputs/V3.3e26_D10_G8/solution/solution-00038 
 39 5.431028914009e+10 1.392571516413e+09 768 7235 3201 18 8 9 9 2.50806013e-09 4.24838746e-09 outputs/V3.3e26_D10_G8/solution/solution-00039 
 40 5.570286065650e+10 1.392571516413e+09 768 7235 3201 18 8 9 9 2.39465657e-09 4.05573910e-09 outputs/V3.3e26_D10_G8/solution/solution-00040 
 41 5.709543217292e+10 1.392571516413e+09 768 7235 3201 18 8 9 9 2.28638596e-09 3.87184871e-09 outputs/V3.3e26_D10_G8/solution/solution-00041 
 42 5.848800368933e+10 1.392571516413e+09 768 7235 3201 18 8 9 9 2.18301494e-09 3.69631614e-09 outputs/V3.3e26_D10_G8/solution/solution-00042 
 43 5.988057520574e+10 1.392571516413e+09 768 7235 3201 18 8 9 9 2.08432097e-09 3.52875974e-09 outputs/V3.3e26_D10_G8/solution/solution-00043 
 44 6.127314672215e+10 1.392571516413e+09 768 7235 3201 18 8 9 9 1.99009179e-09 3.36881547e-09 outputs/V3.3e26_D10_G8/solution/solution-00044 
 45 6.266571823857e+10 1.392571516413e+09 768 7235 3201 18 8 9 9 1.90012487e-09 3.21613610e-09 outputs/V3.3e26_D10_G8/solution/solution-00045 
 46 6.405828975498e+10 1.392571516413e+09 768 7235 3201 17 8 9 9 1.81422697e-09 3.07039036e-09 outputs/V3.3e26_D10_G8/solution/solution-00046 
 47 6.545086127139e+10 1.392571516413e+09 768 7235 3201 17 8 9 9 1.73221371e-09 2.93126220e-09 outputs/V3.3e26_D10_G8/solution/solution-00047 
 48 6.684343278781e+10 1.392571516413e+09 768 7235 3201 17 8 9 9 1.65390912e-09 2.79845011e-09 outputs/V3.3e26_D10_G8/solution/solution-00048 
 49 6.823600430422e+10 1.392571516413e+09 768 7235 3201 17 8 9 9 1.57914526e-09 2.67166639e-09 outputs/V3.3e26_D10_G8/solution/solution-00049 
 50 6.962857582063e+10 1.392571516413e+09 768 7235 3201 17 8 9 9 1.50776183e-09 2.55063654e-09 outputs/V3.3e26_D10_G8/solution/solution-00050 
 51 7.102114733704e+10 1.392571516413e+09 768 7235 3201 17 8 9 9 1.43960583e-09 2.43509864e-09 outputs/V3.3e26_D10_G8/solution/solution-00051 
 52 7.241371885346e+10 1.392571516413e+09 768 7235 3201 17 8 9 9 1.37453123e-09 2.32480276e-09 outputs/V3.3e26_D10_G8/solution/solution-00052 
 53 7.380629036987e+10 1.392571516413e+09 768 7235 3201 17 8 9 9 1.31239860e-09 2.21951038e-09 outputs/V3.3e26_D10_G8/solution/solution-00053 
 54 7.519886188628e+10 1.392571516413e+09 768 7235 3201 17 8 9 9 1.25307487e-09 2.11899393e-09 outputs/V3.3e26_D10_G8/solution/solution-00054 
 55 7.659143340269e+10 1.392571516413e+09 768 7235 3201 17 8 9 9 1.19643298e-09 2.02303621e-09 outputs/V3.3e26_D10_G8/solution/solution-00055 
 56 7.798400491911e+10 1.392571516413e+09 768 7235 3201 17 8 9 9 1.14235164e-09 1.93142994e-09 outputs/V3.3e26_D10_G8/solution/solution-00056 
 57 7.937657643552e+10 1.392571516413e+09 768 7235 3201 17 8 9 9 1.09071506e-09 1.84397733e-09 outputs/V3.3e26_D10_G8/solution/solution-00057 
 58 8.076914795193e+10 1.392571516413e+09 768 7235 3201 17 8 9 9 1.04141268e-09 1.76048960e-09 outputs/V3.3e26_D10_G8/solution/solution-00058 
 59 8.216171946834e+10 1.392571516413e+09 768 7235 3201 17 8 9 9 9.94338969e-10 1.68078659e-09 outputs/V3.3e26_D10_G8/solution/solution-00059 
 60 8.355429098476e+10 1.392571516413e+09 768 7235 3201 17 8 9 9 9.49393155e-10 1.60469635e-09 outputs/V3.3e26_D10_G8/solution/solution-00060 
 61 8.494686250117e+10 1.392571516413e+09 768 7235 3201 17 8 9 9 9.06479033e-10 1.53205478e-09 outputs/V3.3e26_D10_G8/solution/solution-00061 
 62 8.633943401758e+10 1.392571516413e+09 768 7235 3201 17 8 9 9 8.65504750e-10 1.46270527e-09 outputs/V3.3e26_D10_G8/solution/solution-00062 
 63 8.773200553399e+10 1.392571516413e+09 768 7235 3201 17 8 9 9 8.26382608e-10 1.39649832e-09 outputs/V3.3e26_D10_G8/solution/solution-00063 
 64 8.912457705041e+10 1.392571516413e+09 768 7235 3201 17 8 9 9 7.89028878e-10 1.33329127e-09 outputs/V3.3e26_D10_G8/solution/solution-00064 
 65 9.051714856682e+10 1.392571516413e+09 768 7235 3201 17 8 9 9 7.53363617e-10 1.27294793e-09 outputs/V3.3e26_D10_G8/solution/solution-00065 
 66 9.190972008323e+10 1.392571516413e+09 768 7235 3201 17 8 9 9 7.19310496e-10 1.21533833e-09 outputs/V3.3e26_D10_G8/solution/solution-00066 
 67 9.330229159964e+10 1.392571516413e+09 768 7235 3201 17 8 9 9 6.86796640e-10 1.16033842e-09 outputs/V3.3e26_D10_G8/solution/solution-00067 
 68 9.469486311606e+10 1.392571516413e+09 768 7235 3201 17 8 9 9 6.55752467e-10 1.10782979e-09 outputs/V3.3e26_D10_G8/solution/solution-00068 
 69 9.608743463247e+10 1.392571516413e+09 768 7235 3201 17 8 9 9 6.26111542e-10 1.05769940e-09 outputs/V3.3e26_D10_G8/solution/solution-00069 
 70 9.748000614888e+10 1.392571516413e+09 768 7235 3201 17 8 9 9 5.97810435e-10 1.00983938e-09 outputs/V3.3e26_D10_G8/solution/solution-00070 
 71 9.887257766530e+10 1.392571516413e+09 768 7235 3201 17 8 9 9 5.70788583e-10 9.64146748e-10 outputs/V3.3e26_D10_G8/solution/solution-00071 
 72 1.002651491817e+11 1.392571516413e+09 768 7235 3201 16 8 9 9 5.44988162e-10 9.20523225e-10 outputs/V3.3e26_D10_G8/solution/solution-00072 
 73 1.016577206981e+11 1.392571516413e+09 768 7235 3201 16 8 9 9 5.20353960e-10 8.78874979e-10 outputs/V3.3e26_D10_G8/solution/solution-00073 
 74 1.030502922145e+11 1.392571516413e+09 768 7235 3201 16 8 9 9 4.96833260e-10 8.39112447e-10 outputs/V3.3e26_D10_G8/solution/solution-00074 
 75 1.044428637309e+11 1.392571516413e+09 768 7235 3201 16 8 9 9 4.74375729e-10 8.01150140e-10 outputs/V3.3e26_D10_G8/solution/solution-00075 
 76 1.058354352474e+11 1.392571516413e+09 768 7235 3201 16 8 9 9 4.52933311e-10 7.64906451e-10 outputs/V3.3e26_D10_G8/solution/solution-00076 
 77 1.072280067638e+11 1.392571516413e+09 768 7235 3201 16 8 9 9 4.32460119e-10 7.30303484e-10 outputs/V3.3e26_D10_G8/solution/solution-00077 
 78 1.086205782802e+11 1.392571516413e+09 768 7235 3201 16 8 9 9 4.12912345e-10 6.97266878e-10 outputs/V3.3e26_D10_G8/solution/solution-00078 
 79 1.100131497966e+11 1.392571516413e+09 768 7235 3201 16 8 9 9 3.94248158e-10 6.65725651e-10 outputs/V3.3e26_D10_G8/solution/solution-00079 
 80 1.114057213130e+11 1.392571516413e+09 768 7235 3201 16 8 9 9 3.76427618e-10 6.35612042e-10 outputs/V3.3e26_D10_G8/solution/solution-00080 
 81 1.127982928294e+11 1.392571516413e+09 768 7235 3201 16 8 9 9 3.59412591e-10 6.06861368e-10 outputs/V3.3e26_D10_G8/solution/solution-00081 
 82 1.141908643458e+11 1.392571516413e+09 768 7235 3201 16 8 9 9 3.43166667e-10 5.79411880e-10 outputs/V3.3e26_D10_G8/solution/solution-00082 
 83 1.155834358622e+11 1.392571516413e+09 768 7235 3201 16 8 9 9 3.27655081e-10 5.53204634e-10 outputs/V3.3e26_D10_G8/solution/solution-00083 
 84 1.169760073787e+11 1.392571516413e+09 768 7235 3201 16 8 9 9 3.12844641e-10 5.28183360e-10 outputs/V3.3e26_D10_G8/solution/solution-00084 
 85 1.183685788951e+11 1.392571516413e+09 768 7235 3201 16 8 9 9 2.98703653e-10 5.04294339e-10 outputs/V3.3e26_D10_G8/solution/solution-00085 
 86 1.197611504115e+11 1.392571516413e+09 768 7235 3201 16 8 9 9 2.85201858e-10 4.81486292e-10 outputs/V3.3e26_D10_G8/solution/solution-00086 
 87 1.211537219279e+11 1.392571516413e+09 768 7235 3201 16 8 9 9 2.72310362e-10 4.59710263e-10 outputs/V3.3e26_D10_G8/solution/solution-00087 
 88 1.225462934443e+11 1.392571516413e+09 768 7235 3201 16 8 9 9 2.60001581e-10 4.38919519e-10 outputs/V3.3e26_D10_G8/solution/solution-00088 
 89 1.239388649607e+11 1.392571516413e+09 768 7235 3201 16 8 9 9 2.48249174e-10 4.19069444e-10 outputs/V3.3e26_D10_G8/solution/solution-00089 
 90 1.253314364771e+11 1.392571516413e+09 768 7235 3201 16 8 9 9 2.37027992e-10 4.00117447e-10 outputs/V3.3e26_D10_G8/solution/solution-00090 
 91 1.267240079935e+11 1.392571516413e+09 768 7235 3201 16 8 9 9 2.26314023e-10 3.82022866e-10 outputs/V3.3e26_D10_G8/solution/solution-00091 
 92 1.281165795100e+11 1.392571516413e+09 768 7235 3201 16 8 9 9 2.16084341e-10 3.64746886e-10 outputs/V3.3e26_D10_G8/solution/solution-00092 
 93 1.295091510264e+11 1.392571516413e+09 768 7235 3201 16 8 9 9 2.06317055e-10 3.48252446e-10 outputs/V3.3e26_D10_G8/solution/solution-00093 
 94 1.309017225428e+11 1.392571516413e+09 768 7235 3201 16 8 9 9 1.96991264e-10 3.32504169e-10 outputs/V3.3e26_D10_G8/solution/solution-00094 
 95 1.322942940592e+11 1.392571516413e+09 768 7235 3201 16 8 9 9 1.88087012e-10 3.17468279e-10 outputs/V3.3e26_D10_G8/solution/solution-00095 
 96 1.336868655756e+11 1.392571516413e+09 768 7235 3201 16 8 9 9 1.79585245e-10 3.03112533e-10 outputs/V3.3e26_D10_G8/solution/solution-00096 
 97 1.350794370920e+11 1.392571516413e+09 768 7235 3201 15 8 9 9 1.71467773e-10 2.89406153e-10 outputs/V3.3e26_D10_G8/solution/solution-00097 
 98 1.364720086084e+11 1.392571516413e+09 768 7235 3201 15 8 9 9 1.63717224e-10 2.76319747e-10 outputs/V3.3e26_D10_G8/solution/solution-00098 
 99 1.378645801248e+11 1.392571516413e+09 768 7235 3201 15 8 9 9 1.56317010e-10 2.63825252e-10 outputs/V3.3e26_D10_G8/solution/solution-00099 
100 1.392571516413e+11 1.392571516413e+09 768 7235 3201 15 8 9 9 1.49251297e-10 2.51895883e-10 outputs/V3.3e26_D10_G8/solution/solution-00100 
