# 1: Time step number
# 2: Time (years)
# 3: Time step size (years)
# 4: Number of mesh cells
# 5: Number of Stokes degrees of freedom
# 6: Number of temperature degrees of freedom
# 7: Iterations for temperature solver
# 8: Iterations for Stokes solver
# 9: Velocity iterations in Stokes preconditioner
# 10: Schur complement iterations in Stokes preconditioner
# 11: RMS velocity (m/year)
# 12: Max. velocity (m/year)
# 13: Visualization file name
  0 0.000000000000e+00 0.000000000000e+00 768 7235 3201  0 8 9 9 1.32429294e-08 2.32857974e-08 outputs/V1e26_D100_G2/solution/solution-00000 
  1 1.392571516413e+09 1.392571516413e+09 768 7235 3201 32 8 9 9 1.25466966e-08 2.11657212e-08 outputs/V1e26_D100_G2/solution/solution-00001 
  2 2.785143032825e+09 1.392571516413e+09 768 7235 3201 25 8 9 9 1.19047216e-08 2.00993626e-08 outputs/V1e26_D100_G2/solution/solution-00002 
  3 4.177714549238e+09 1.392571516413e+09 768 7235 3201 24 8 9 9 1.13058196e-08 1.90998510e-08 outputs/V1e26_D100_G2/solution/solution-00003 
  4 5.570286065650e+09 1.392571516413e+09 768 7235 3201 23 8 9 9 1.07419866e-08 1.81583388e-08 outputs/V1e26_D100_G2/solution/solution-00004 
  5 6.962857582063e+09 1.392571516413e+09 768 7235 3201 23 8 9 9 1.02110719e-08 1.72707704e-08 outputs/V1e26_D100_G2/solution/solution-00005 
  6 8.355429098476e+09 1.392571516413e+09 768 7235 3201 22 8 9 9 9.71052390e-09 1.64327537e-08 outputs/V1e26_D100_G2/solution/solution-00006 
  7 9.748000614888e+09 1.392571516413e+09 768 7235 3201 21 8 9 9 9.23795738e-09 1.56402930e-08 outputs/V1e26_D100_G2/solution/solution-00007 
  8 1.114057213130e+10 1.392571516413e+09 768 7235 3201 21 8 9 9 8.79122415e-09 1.48899013e-08 outputs/V1e26_D100_G2/solution/solution-00008 
  9 1.253314364771e+10 1.392571516413e+09 768 7235 3201 21 8 9 9 8.36841395e-09 1.41785486e-08 outputs/V1e26_D100_G2/solution/solution-00009 
 10 1.392571516413e+10 1.392571516413e+09 768 7235 3201 20 8 9 9 7.96783124e-09 1.35035822e-08 outputs/V1e26_D100_G2/solution/solution-00010 
 11 1.531828668054e+10 1.392571516413e+09 768 7235 3201 20 8 9 9 7.58796637e-09 1.28626556e-08 outputs/V1e26_D100_G2/solution/solution-00011 
 12 1.671085819695e+10 1.392571516413e+09 768 7235 3201 20 8 9 9 7.22746829e-09 1.22536715e-08 outputs/V1e26_D100_G2/solution/solution-00012 
 13 1.810342971336e+10 1.392571516413e+09 768 7235 3201 20 8 9 9 6.88512107e-09 1.16747386e-08 outputs/V1e26_D100_G2/solution/solution-00013 
 14 1.949600122978e+10 1.392571516413e+09 768 7235 3201 20 8 9 9 6.55982412e-09 1.11241367e-08 outputs/V1e26_D100_G2/solution/solution-00014 
 15 2.088857274619e+10 1.392571516413e+09 768 7235 3201 20 8 9 9 6.25057585e-09 1.06002913e-08 outputs/V1e26_D100_G2/solution/solution-00015 
 16 2.228114426260e+10 1.392571516413e+09 768 7235 3201 19 8 9 9 5.95646010e-09 1.01017521e-08 outputs/V1e26_D100_G2/solution/solution-00016 
 17 2.367371577901e+10 1.392571516413e+09 768 7235 3201 19 8 9 9 5.67663487e-09 9.62717682e-09 outputs/V1e26_D100_G2/solution/solution-00017 
 18 2.506628729543e+10 1.392571516413e+09 768 7235 3201 19 8 9 9 5.41032298e-09 9.17531754e-09 outputs/V1e26_D100_G2/solution/solution-00018 
 19 2.645885881184e+10 1.392571516413e+09 768 7235 3201 19 8 9 9 5.15680428e-09 8.74500991e-09 outputs/V1e26_D100_G2/solution/solution-00019 
 20 2.785143032825e+10 1.392571516413e+09 768 7235 3201 19 8 9 9 4.91540909e-09 8.33516406e-09 outputs/V1e26_D100_G2/solution/solution-00020 
 21 2.924400184466e+10 1.392571516413e+09 768 7235 3201 19 8 9 9 4.68551271e-09 7.94475706e-09 outputs/V1e26_D100_G2/solution/solution-00021 
 22 3.063657336108e+10 1.392571516413e+09 768 7235 3201 19 8 9 9 4.46653072e-09 7.57282667e-09 outputs/V1e26_D100_G2/solution/solution-00022 
 23 3.202914487749e+10 1.392571516413e+09 768 7235 3201 19 8 9 9 4.25791507e-09 7.21846584e-09 outputs/V1e26_D100_G2/solution/solution-00023 
 24 3.342171639390e+10 1.392571516413e+09 768 7235 3201 19 8 9 9 4.05915065e-09 6.88081820e-09 outputs/V1e26_D100_G2/solution/solution-00024 
 25 3.481428791032e+10 1.392571516413e+09 768 7235 3201 18 8 9 9 3.86975238e-09 6.55907403e-09 outputs/V1e26_D100_G2/solution/solution-00025 
 26 3.620685942673e+10 1.392571516413e+09 768 7235 3201 18 8 9 9 3.68926273e-09 6.25246680e-09 outputs/V1e26_D100_G2/solution/solution-00026 
 27 3.759943094314e+10 1.392571516413e+09 768 7235 3201 18 8 9 9 3.51724943e-09 5.96027011e-09 outputs/V1e26_D100_G2/solution/solution-00027 
 28 3.899200245955e+10 1.392571516413e+09 768 7235 3201 18 8 9 9 3.35330365e-09 5.68179496e-09 outputs/V1e26_D100_G2/solution/solution-00028 
 29 4.038457397597e+10 1.392571516413e+09 768 7235 3201 18 8 9 9 3.19703824e-09 5.41638740e-09 outputs/V1e26_D100_G2/solution/solution-00029 
 30 4.177714549238e+10 1.392571516413e+09 768 7235 3201 18 8 9 9 3.04808625e-09 5.16342631e-09 outputs/V1e26_D100_G2/solution/solution-00030 
 31 4.316971700879e+10 1.392571516413e+09 768 7235 3201 18 8 9 9 2.90609956e-09 4.92232141e-09 outputs/V1e26_D100_G2/solution/solution-00031 
 32 4.456228852520e+10 1.392571516413e+09 768 7235 3201 18 8 9 9 2.77074773e-09 4.69251157e-09 outputs/V1e26_D100_G2/solution/solution-00032 
 33 4.595486004162e+10 1.392571516413e+09 768 7235 3201 18 8 9 9 2.64171683e-09 4.47346306e-09 outputs/V1e26_D100_G2/solution/solution-00033 
 34 4.734743155803e+10 1.392571516413e+09 768 7235 3201 18 8 9 9 2.51870853e-09 4.26466810e-09 outputs/V1e26_D100_G2/solution/solution-00034 
 35 4.874000307444e+10 1.392571516413e+09 768 7235 3201 18 8 9 9 2.40143916e-09 4.06564349e-09 outputs/V1e26_D100_G2/solution/solution-00035 
 36 5.013257459085e+10 1.392571516413e+09 768 7235 3201 18 8 9 9 2.28963888e-09 3.87592926e-09 outputs/V1e26_D100_G2/solution/solution-00036 
 37 5.152514610727e+10 1.392571516413e+09 768 7235 3201 18 8 9 9 2.18305092e-09 3.69508748e-09 outputs/V1e26_D100_G2/solution/solution-00037 
 38 5.291771762368e+10 1.392571516413e+09 768 7235 3201 18 8 9 9 2.08143089e-09 3.52270117e-09 outputs/V1e26_D100_G2/solution/solution-00038 
 39 5.431028914009e+10 1.392571516413e+09 768 7235 3201 18 8 9 9 1.98454612e-09 3.35837321e-09 outputs/V1e26_D100_G2/solution/solution-00039 
 40 5.570286065650e+10 1.392571516413e+09 768 7235 3201 18 8 9 9 1.89217503e-09 3.20172536e-09 outputs/V1e26_D100_G2/solution/solution-00040 
 41 5.709543217292e+10 1.392571516413e+09 768 7235 3201 18 8 9 9 1.80410659e-09 3.05239731e-09 outputs/V1e26_D100_G2/solution/solution-00041 
 42 5.848800368933e+10 1.392571516413e+09 768 7235 3201 18 8 9 9 1.72013978e-09 2.91004582e-09 outputs/V1e26_D100_G2/solution/solution-00042 
 43 5.988057520574e+10 1.392571516413e+09 768 7235 3201 17 8 9 9 1.64008309e-09 2.77434390e-09 outputs/V1e26_D100_G2/solution/solution-00043 
 44 6.127314672215e+10 1.392571516413e+09 768 7235 3201 17 8 9 9 1.56375402e-09 2.64497996e-09 outputs/V1e26_D100_G2/solution/solution-00044 
 45 6.266571823857e+10 1.392571516413e+09 768 7235 3201 17 8 9 9 1.49097869e-09 2.52165715e-09 outputs/V1e26_D100_G2/solution/solution-00045 
 46 6.405828975498e+10 1.392571516413e+09 768 7235 3201 17 8 9 9 1.42159136e-09 2.40409257e-09 outputs/V1e26_D100_G2/solution/solution-00046 
 47 6.545086127139e+10 1.392571516413e+09 768 7235 3201 17 8 9 9 1.35543411e-09 2.29201668e-09 outputs/V1e26_D100_G2/solution/solution-00047 
 48 6.684343278781e+10 1.392571516413e+09 768 7235 3201 17 8 9 9 1.29235639e-09 2.18517259e-09 outputs/V1e26_D100_G2/solution/solution-00048 
 49 6.823600430422e+10 1.392571516413e+09 768 7235 3201 17 8 9 9 1.23221471e-09 2.08331551e-09 outputs/V1e26_D100_G2/solution/solution-00049 
 50 6.962857582063e+10 1.392571516413e+09 768 7235 3201 17 8 9 9 1.17487230e-09 1.98621215e-09 outputs/V1e26_D100_G2/solution/solution-00050 
 51 7.102114733704e+10 1.392571516413e+09 768 7235 3201 17 8 9 9 1.12019877e-09 1.89364017e-09 outputs/V1e26_D100_G2/solution/solution-00051 
 52 7.241371885346e+10 1.392571516413e+09 768 7235 3201 17 8 9 9 1.06806983e-09 1.80538768e-09 outputs/V1e26_D100_G2/solution/solution-00052 
 53 7.380629036987e+10 1.392571516413e+09 768 7235 3201 17 8 9 9 1.01836698e-09 1.72125274e-09 outputs/V1e26_D100_G2/solution/solution-00053 
 54 7.519886188628e+10 1.392571516413e+09 768 7235 3201 17 8 9 9 9.70977276e-10 1.64104286e-09 outputs/V1e26_D100_G2/solution/solution-00054 
 55 7.659143340269e+10 1.392571516413e+09 768 7235 3201 17 8 9 9 9.25793017e-10 1.56457461e-09 outputs/V1e26_D100_G2/solution/solution-00055 
 56 7.798400491911e+10 1.392571516413e+09 768 7235 3201 17 8 9 9 8.82711533e-10 1.49167313e-09 outputs/V1e26_D100_G2/solution/solution-00056 
 57 7.937657643552e+10 1.392571516413e+09 768 7235 3201 17 8 9 9 8.41634940e-10 1.42217177e-09 outputs/V1e26_D100_G2/solution/solution-00057 
 58 8.076914795193e+10 1.392571516413e+09 768 7235 3201 17 8 9 9 8.02469915e-10 1.35591170e-09 outputs/V1e26_D100_G2/solution/solution-00058 
 59 8.216171946834e+10 1.392571516413e+09 768 7235 3201 17 8 9 9 7.65127484e-10 1.29274150e-09 outputs/V1e26_D100_G2/solution/solution-00059 
 60 8.355429098476e+10 1.392571516413e+09 768 7235 3201 17 8 9 9 7.29522816e-10 1.23251688e-09 outputs/V1e26_D100_G2/solution/solution-00060 
 61 8.494686250117e+10 1.392571516413e+09 768 7235 3201 17 8 9 9 6.95575032e-10 1.17510027e-09 outputs/V1e26_D100_G2/solution/solution-00061 
 62 8.633943401758e+10 1.392571516413e+09 768 7235 3201 17 8 9 9 6.63207018e-10 1.12036057e-09 outputs/V1e26_D100_G2/solution/solution-00062 
 63 8.773200553399e+10 1.392571516413e+09 768 7235 3201 17 8 9 9 6.32345253e-10 1.06817279e-09 outputs/V1e26_D100_G2/solution/solution-00063 
 64 8.912457705041e+10 1.392571516413e+09 768 7235 3201 17 8 9 9 6.02919638e-10 1.01841782e-09 outputs/V1e26_D100_G2/solution/solution-00064 
 65 9.051714856682e+10 1.392571516413e+09 768 7235 3201 17 8 9 9 5.74863337e-10 9.70982089e-10 outputs/V1e26_D100_G2/solution/solution-00065 
 66 9.190972008323e+10 1.392571516413e+09 768 7235 3201 17 8 9 9 5.48112626e-10 9.25757364e-10 outputs/V1e26_D100_G2/solution/solution-00066 
 67 9.330229159964e+10 1.392571516413e+09 768 7235 3201 17 8 9 9 5.22606746e-10 8.82640460e-10 outputs/V1e26_D100_G2/solution/solution-00067 
 68 9.469486311606e+10 1.392571516413e+09 768 7235 3201 17 8 9 9 4.98287768e-10 8.41533025e-10 outputs/V1e26_D100_G2/solution/solution-00068 
 69 9.608743463247e+10 1.392571516413e+09 768 7235 3201 16 8 9 9 4.75100461e-10 8.02341308e-10 outputs/V1e26_D100_G2/solution/solution-00069 
 70 9.748000614888e+10 1.392571516413e+09 768 7235 3201 16 8 9 9 4.52992161e-10 7.64975929e-10 outputs/V1e26_D100_G2/solution/solution-00070 
 71 9.887257766530e+10 1.392571516413e+09 768 7235 3201 16 8 9 9 4.31912653e-10 7.29351690e-10 outputs/V1e26_D100_G2/solution/solution-00071 
 72 1.002651491817e+11 1.392571516413e+09 768 7235 3201 16 8 9 9 4.11814064e-10 6.95387375e-10 outputs/V1e26_D100_G2/solution/solution-00072 
 73 1.016577206981e+11 1.392571516413e+09 768 7235 3201 16 8 9 9 3.92650746e-10 6.63005564e-10 outputs/V1e26_D100_G2/solution/solution-00073 
 74 1.030502922145e+11 1.392571516413e+09 768 7235 3201 16 8 9 9 3.74379177e-10 6.32132454e-10 outputs/V1e26_D100_G2/solution/solution-00074 
 75 1.044428637309e+11 1.392571516413e+09 768 7235 3201 16 8 9 9 3.56957858e-10 6.02697688e-10 outputs/V1e26_D100_G2/solution/solution-00075 
 76 1.058354352474e+11 1.392571516413e+09 768 7235 3201 16 8 9 9 3.40347225e-10 5.74634197e-10 outputs/V1e26_D100_G2/solution/solution-00076 
 77 1.072280067638e+11 1.392571516413e+09 768 7235 3201 16 8 9 9 3.24509553e-10 5.47878043e-10 outputs/V1e26_D100_G2/solution/solution-00077 
 78 1.086205782802e+11 1.392571516413e+09 768 7235 3201 16 8 9 9 3.09408871e-10 5.22368274e-10 outputs/V1e26_D100_G2/solution/solution-00078 
 79 1.100131497966e+11 1.392571516413e+09 768 7235 3201 16 8 9 9 2.95010886e-10 4.98046784e-10 outputs/V1e26_D100_G2/solution/solution-00079 
 80 1.114057213130e+11 1.392571516413e+09 768 7235 3201 16 8 9 9 2.81282896e-10 4.74858179e-10 outputs/V1e26_D100_G2/solution/solution-00080 
 81 1.127982928294e+11 1.392571516413e+09 768 7235 3201 16 8 9 9 2.68193726e-10 4.52749651e-10 outputs/V1e26_D100_G2/solution/solution-00081 
 82 1.141908643458e+11 1.392571516413e+09 768 7235 3201 16 8 9 9 2.55713647e-10 4.31670856e-10 outputs/V1e26_D100_G2/solution/solution-00082 
 83 1.155834358622e+11 1.392571516413e+09 768 7235 3201 16 8 9 9 2.43814317e-10 4.11573801e-10 outputs/V1e26_D100_G2/solution/solution-00083 
 84 1.169760073787e+11 1.392571516413e+09 768 7235 3201 16 8 9 9 2.32468710e-10 3.92412732e-10 outputs/V1e26_D100_G2/solution/solution-00084 
 85 1.183685788951e+11 1.392571516413e+09 768 7235 3201 16 8 9 9 2.21651060e-10 3.74144029e-10 outputs/V1e26_D100_G2/solution/solution-00085 
 86 1.197611504115e+11 1.392571516413e+09 768 7235 3201 16 8 9 9 2.11336798e-10 3.56726107e-10 outputs/V1e26_D100_G2/solution/solution-00086 
 87 1.211537219279e+11 1.392571516413e+09 768 7235 3201 16 8 9 9 2.01502500e-10 3.40119321e-10 outputs/V1e26_D100_G2/solution/solution-00087 
 88 1.225462934443e+11 1.392571516413e+09 768 7235 3201 16 8 9 9 1.92125831e-10 3.24285877e-10 outputs/V1e26_D100_G2/solution/solution-00088 
 89 1.239388649607e+11 1.392571516413e+09 768 7235 3201 16 8 9 9 1.83185496e-10 3.09189742e-10 outputs/V1e26_D100_G2/solution/solution-00089 
 90 1.253314364771e+11 1.392571516413e+09 768 7235 3201 16 8 9 9 1.74661190e-10 2.94796564e-10 outputs/V1e26_D100_G2/solution/solution-00090 
 91 1.267240079935e+11 1.392571516413e+09 768 7235 3201 16 8 9 9 1.66533555e-10 2.81073593e-10 outputs/V1e26_D100_G2/solution/solution-00091 
 92 1.281165795100e+11 1.392571516413e+09 768 7235 3201 16 8 9 9 1.58784130e-10 2.67989605e-10 outputs/V1e26_D100_G2/solution/solution-00092 
 93 1.295091510264e+11 1.392571516413e+09 768 7235 3201 16 8 9 9 1.51395317e-10 2.55514834e-10 outputs/V1e26_D100_G2/solution/solution-00093 
 94 1.309017225428e+11 1.392571516413e+09 768 7235 3201 15 8 9 9 1.44350337e-10 2.43620909e-10 outputs/V1e26_D100_G2/solution/solution-00094 
 95 1.322942940592e+11 1.392571516413e+09 768 7235 3201 15 8 9 9 1.37633190e-10 2.32280766e-10 outputs/V1e26_D100_G2/solution/solution-00095 
 96 1.336868655756e+11 1.392571516413e+09 768 7235 3201 15 8 9 9 1.31228618e-10 2.21468610e-10 outputs/V1e26_D100_G2/solution/solution-00096 
 97 1.350794370920e+11 1.392571516413e+09 768 7235 3201 15 8 9 9 1.25122076e-10 2.11159846e-10 outputs/V1e26_D100_G2/solution/solution-00097 
 98 1.364720086084e+11 1.392571516413e+09 768 7235 3201 15 8 9 9 1.19299695e-10 2.01331030e-10 outputs/V1e26_D100_G2/solution/solution-00098 
 99 1.378645801248e+11 1.392571516413e+09 768 7235 3201 15 8 9 9 1.13748252e-10 1.91959807e-10 outputs/V1e26_D100_G2/solution/solution-00099 
100 1.392571516413e+11 1.392571516413e+09 768 7235 3201 15 8 9 9 1.08455140e-10 1.83024867e-10 outputs/V1e26_D100_G2/solution/solution-00100 
