# 1: Time step number
# 2: Time (years)
# 3: Time step size (years)
# 4: Number of mesh cells
# 5: Number of Stokes degrees of freedom
# 6: Number of temperature degrees of freedom
# 7: Iterations for temperature solver
# 8: Iterations for Stokes solver
# 9: Velocity iterations in Stokes preconditioner
# 10: Schur complement iterations in Stokes preconditioner
# 11: RMS velocity (m/year)
# 12: Max. velocity (m/year)
# 13: Visualization file name
  0 0.000000000000e+00 0.000000000000e+00 768 7235 3201  0 8 9 9 6.62522896e-07 1.17554675e-06 outputs/V1e25_D30_G10/solution/solution-00000 
  1 1.392571516413e+09 1.392571516413e+09 768 7235 3201 32 8 9 9 6.59398471e-07 1.13211623e-06 outputs/V1e25_D30_G10/solution/solution-00001 
  2 2.785143032825e+09 1.392571516413e+09 768 7235 3201 25 8 9 9 6.75212795e-07 1.18681148e-06 outputs/V1e25_D30_G10/solution/solution-00002 
  3 4.177714549238e+09 1.392571516413e+09 768 7235 3201 24 8 9 9 7.14957792e-07 1.28728760e-06 outputs/V1e25_D30_G10/solution/solution-00003 
  4 5.570286065650e+09 1.392571516413e+09 768 7235 3201 23 8 9 9 7.81977080e-07 1.43810930e-06 outputs/V1e25_D30_G10/solution/solution-00004 
  5 6.962857582063e+09 1.392571516413e+09 768 7235 3201 23 8 9 9 8.80470791e-07 1.64579435e-06 outputs/V1e25_D30_G10/solution/solution-00005 
  6 8.355429098476e+09 1.392571516413e+09 768 7235 3201 22 8 9 9 1.01620887e-06 1.92050380e-06 outputs/V1e25_D30_G10/solution/solution-00006 
  7 9.748000614888e+09 1.392571516413e+09 768 7235 3201 21 8 9 9 1.19724838e-06 2.27699039e-06 outputs/V1e25_D30_G10/solution/solution-00007 
  8 1.114057213130e+10 1.392571516413e+09 768 7235 3201 21 8 9 9 1.43460208e-06 2.73554563e-06 outputs/V1e25_D30_G10/solution/solution-00008 
  9 1.253314364771e+10 1.392571516413e+09 768 7235 3201 21 8 9 9 1.74303323e-06 3.32327520e-06 outputs/V1e25_D30_G10/solution/solution-00009 
 10 1.392571516413e+10 1.392571516413e+09 768 7235 3201 20 8 9 9 2.14207923e-06 4.07585512e-06 outputs/V1e25_D30_G10/solution/solution-00010 
 11 1.531828668054e+10 1.392571516413e+09 768 7235 3201 20 8 9 9 2.65739666e-06 5.03989668e-06 outputs/V1e25_D30_G10/solution/solution-00011 
 12 1.671085819695e+10 1.392571516413e+09 768 7235 3201 20 8 9 9 3.32253054e-06 6.27607595e-06 outputs/V1e25_D30_G10/solution/solution-00012 
 13 1.810342971336e+10 1.392571516413e+09 768 7235 3201 20 8 9 9 4.18123371e-06 7.86323245e-06 outputs/V1e25_D30_G10/solution/solution-00013 
 14 1.949600122978e+10 1.392571516413e+09 768 7235 3201 20 8 9 9 5.29049698e-06 9.90370465e-06 outputs/V1e25_D30_G10/solution/solution-00014 
 15 2.088857274619e+10 1.392571516413e+09 768 7235 3201 20 8 9 9 6.72449608e-06 1.25308780e-05 outputs/V1e25_D30_G10/solution/solution-00015 
 16 2.228114426260e+10 1.392571516413e+09 768 7235 3201 20 7 8 8 8.57971847e-06 1.59182859e-05 outputs/V1e25_D30_G10/solution/solution-00016 
 17 2.367371577901e+10 1.392571516413e+09 768 7235 3201 20 7 8 8 1.09815988e-05 2.02888495e-05 outputs/V1e25_D30_G10/solution/solution-00017 
 18 2.506628729543e+10 1.392571516413e+09 768 7235 3201 20 7 8 8 1.40930604e-05 2.59321512e-05 outputs/V1e25_D30_G10/solution/solution-00018 
 19 2.645885881184e+10 1.392571516413e+09 768 7235 3201 20 7 8 8 1.81254082e-05 3.32221228e-05 outputs/V1e25_D30_G10/solution/solution-00019 
 20 2.785143032825e+10 1.392571516413e+09 768 7235 3201 20 7 8 8 2.33519868e-05 4.26396176e-05 outputs/V1e25_D30_G10/solution/solution-00020 
 21 2.924400184466e+10 1.392571516413e+09 768 7235 3201 20 7 8 8 3.01247649e-05 5.47985362e-05 outputs/V1e25_D30_G10/solution/solution-00021 
 22 3.063657336108e+10 1.392571516413e+09 768 7235 3201 21 7 8 8 3.88931969e-05 7.05283603e-05 outputs/V1e25_D30_G10/solution/solution-00022 
 23 3.196577406582e+10 1.329200704738e+09 768 7235 3201 21 7 8 8 4.96641737e-05 8.97858384e-05 outputs/V1e25_D30_G10/solution/solution-00023 
 24 3.301039270835e+10 1.044618642531e+09 768 7235 3201 19 6 7 7 6.02677171e-05 1.08672831e-04 outputs/V1e25_D30_G10/solution/solution-00024 
 25 3.387313434432e+10 8.627416359744e+08 768 7235 3201 17 6 7 7 7.07715159e-05 1.27366253e-04 outputs/V1e25_D30_G10/solution/solution-00025 
 26 3.460920059361e+10 7.360662492904e+08 768 7235 3201 16 6 7 7 8.11787205e-05 1.45826268e-04 outputs/V1e25_D30_G10/solution/solution-00026 
 27 3.525208888457e+10 6.428882909559e+08 768 7235 3201 15 6 7 7 9.14811140e-05 1.64049974e-04 outputs/V1e25_D30_G10/solution/solution-00027 
 28 3.582366283809e+10 5.715739535211e+08 768 7235 3201 14 6 7 7 1.01668030e-04 1.82044384e-04 outputs/V1e25_D30_G10/solution/solution-00028 
 29 3.633889615676e+10 5.152333186738e+08 768 7235 3201 13 6 7 7 1.11726250e-04 1.99729532e-04 outputs/V1e25_D30_G10/solution/solution-00029 
 30 3.680833034618e+10 4.694341894222e+08 768 7235 3201 13 6 7 7 1.21637310e-04 2.17066666e-04 outputs/V1e25_D30_G10/solution/solution-00030 
 31 3.724011451656e+10 4.317841703806e+08 768 7235 3201 12 6 7 7 1.31389660e-04 2.34097141e-04 outputs/V1e25_D30_G10/solution/solution-00031 
 32 3.764046138356e+10 4.003468669954e+08 768 7235 3201 12 6 7 7 1.40971110e-04 2.50833969e-04 outputs/V1e25_D30_G10/solution/solution-00032 
 33 3.801421804172e+10 3.737566581565e+08 768 7235 3201 11 6 7 7 1.50368927e-04 2.67162573e-04 outputs/V1e25_D30_G10/solution/solution-00033 
 34 3.836524100080e+10 3.510229590872e+08 768 7235 3201 11 6 7 7 1.59569955e-04 2.83057554e-04 outputs/V1e25_D30_G10/solution/solution-00034 
 35 3.869661400439e+10 3.313730035878e+08 768 7235 3201 11 6 7 7 1.68559753e-04 2.98492700e-04 outputs/V1e25_D30_G10/solution/solution-00035 
 36 3.901074195879e+10 3.141279543965e+08 768 7235 3201 11 6 7 7 1.77320269e-04 3.13490576e-04 outputs/V1e25_D30_G10/solution/solution-00036 
 37 3.930979401055e+10 2.990520517610e+08 768 7235 3201 10 6 7 7 1.85838802e-04 3.28027903e-04 outputs/V1e25_D30_G10/solution/solution-00037 
 38 3.959559286858e+10 2.857988580330e+08 768 7235 3201 10 6 7 7 1.94102848e-04 3.42036856e-04 outputs/V1e25_D30_G10/solution/solution-00038 
 39 3.986968613780e+10 2.740932692132e+08 768 7235 3201 10 6 7 7 2.02100261e-04 3.55498677e-04 outputs/V1e25_D30_G10/solution/solution-00039 
 40 4.013340019944e+10 2.637140616495e+08 768 7235 3201 10 6 7 7 2.09819402e-04 3.68396375e-04 outputs/V1e25_D30_G10/solution/solution-00040 
 41 4.038788153078e+10 2.544813313389e+08 768 7235 3201 10 6 7 7 2.17249274e-04 3.80746046e-04 outputs/V1e25_D30_G10/solution/solution-00041 
 42 4.063412882431e+10 2.462472935290e+08 768 7235 3201 10 6 7 7 2.24379650e-04 3.92560325e-04 outputs/V1e25_D30_G10/solution/solution-00042 
 43 4.087301826175e+10 2.388894374387e+08 768 7235 3201 10 6 7 7 2.31201184e-04 4.03769170e-04 outputs/V1e25_D30_G10/solution/solution-00043 
 44 4.110532362286e+10 2.323053611057e+08 768 7235 3201 10 6 7 7 2.37705512e-04 4.14362785e-04 outputs/V1e25_D30_G10/solution/solution-00044 
 45 4.133170044141e+10 2.263768185557e+08 768 7235 3201 10 5 6 6 2.43884479e-04 4.24332217e-04 outputs/V1e25_D30_G10/solution/solution-00045 
 46 4.155272720991e+10 2.210267684937e+08 768 7235 3201 10 5 6 6 2.49731079e-04 4.33670835e-04 outputs/V1e25_D30_G10/solution/solution-00046 
 47 4.176896635904e+10 2.162391491318e+08 768 7235 3201  9 5 6 6 2.55240826e-04 4.42376394e-04 outputs/V1e25_D30_G10/solution/solution-00047 
 48 4.198092523265e+10 2.119588736069e+08 768 7235 3201  9 5 6 6 2.60410420e-04 4.50448782e-04 outputs/V1e25_D30_G10/solution/solution-00048 
 49 4.218906370090e+10 2.081384682560e+08 768 7235 3201  9 5 6 6 2.65237767e-04 4.57889971e-04 outputs/V1e25_D30_G10/solution/solution-00049 
 50 4.239380051472e+10 2.047368138227e+08 768 7235 3201  9 5 6 6 2.69721980e-04 4.64703959e-04 outputs/V1e25_D30_G10/solution/solution-00050 
 51 4.259551864269e+10 2.017181279666e+08 768 7235 3201  9 5 6 6 2.73863375e-04 4.70896694e-04 outputs/V1e25_D30_G10/solution/solution-00051 
 52 4.279456977910e+10 1.990511364119e+08 768 7235 3201  9 5 6 6 2.77663436e-04 4.76475991e-04 outputs/V1e25_D30_G10/solution/solution-00052 
 53 4.299127817193e+10 1.967083928272e+08 768 7235 3201  9 5 6 6 2.81124790e-04 4.81451430e-04 outputs/V1e25_D30_G10/solution/solution-00053 
 54 4.318594388884e+10 1.946657169097e+08 768 7235 3201  9 5 6 6 2.84251152e-04 4.86619014e-04 outputs/V1e25_D30_G10/solution/solution-00054 
 55 4.337859973913e+10 1.926558502863e+08 768 7235 3201  9 5 6 6 2.87043900e-04 4.91993098e-04 outputs/V1e25_D30_G10/solution/solution-00055 
 56 4.356917493626e+10 1.905751971295e+08 768 7235 3201  9 5 6 6 2.89505909e-04 4.96727029e-04 outputs/V1e25_D30_G10/solution/solution-00056 
 57 4.375796728042e+10 1.887923441622e+08 768 7235 3201  9 5 6 6 2.91647105e-04 5.00811194e-04 outputs/V1e25_D30_G10/solution/solution-00057 
 58 4.394525556992e+10 1.872882894978e+08 768 7235 3201  9 5 6 6 2.93477805e-04 5.04256057e-04 outputs/V1e25_D30_G10/solution/solution-00058 
 59 4.413125402897e+10 1.859984590504e+08 768 7235 3201  9 5 6 6 2.95008276e-04 5.07073245e-04 outputs/V1e25_D30_G10/solution/solution-00059 
 60 4.431618618365e+10 1.849321546859e+08 768 7235 3201  9 5 6 6 2.96249444e-04 5.09276988e-04 outputs/V1e25_D30_G10/solution/solution-00060 
 61 4.450028400833e+10 1.840978246800e+08 768 7235 3201  9 5 6 6 2.97212618e-04 5.10883624e-04 outputs/V1e25_D30_G10/solution/solution-00061 
 62 4.468376786569e+10 1.834838573543e+08 768 7235 3201  9 5 6 6 2.97909192e-04 5.11911070e-04 outputs/V1e25_D30_G10/solution/solution-00062 
 63 4.486684775059e+10 1.830798849078e+08 768 7235 3201  9 5 6 6 2.98350583e-04 5.12467403e-04 outputs/V1e25_D30_G10/solution/solution-00063 
 64 4.504972436647e+10 1.828766158733e+08 768 7235 3201  9 5 6 6 2.98548181e-04 5.12605474e-04 outputs/V1e25_D30_G10/solution/solution-00064 
 65 4.523259005514e+10 1.828656886714e+08 768 7235 3201  9 5 6 6 2.98513297e-04 5.12226265e-04 outputs/V1e25_D30_G10/solution/solution-00065 
 66 4.541562959802e+10 1.830395428790e+08 768 7235 3201  9 5 6 6 2.98257135e-04 5.11350861e-04 outputs/V1e25_D30_G10/solution/solution-00066 
 67 4.559902090342e+10 1.833913053990e+08 768 7235 3201  9 5 6 6 2.97790750e-04 5.10001408e-04 outputs/V1e25_D30_G10/solution/solution-00067 
 68 4.578293462074e+10 1.839137173253e+08 768 7235 3201  9 5 6 6 2.97125038e-04 5.08201013e-04 outputs/V1e25_D30_G10/solution/solution-00068 
 69 4.596745000069e+10 1.845153799518e+08 768 7235 3201  9 5 6 6 2.96271143e-04 5.05996072e-04 outputs/V1e25_D30_G10/solution/solution-00069 
 70 4.615272811888e+10 1.852781181869e+08 768 7235 3201  9 5 6 6 2.95239804e-04 5.03499045e-04 outputs/V1e25_D30_G10/solution/solution-00070 
 71 4.633892509577e+10 1.861969768934e+08 768 7235 3201  9 5 6 6 2.94041511e-04 5.00621331e-04 outputs/V1e25_D30_G10/solution/solution-00071 
 72 4.652619238579e+10 1.872672900206e+08 768 7235 3201  9 5 6 6 2.92686509e-04 4.97388067e-04 outputs/V1e25_D30_G10/solution/solution-00072 
 73 4.671467700403e+10 1.884846182369e+08 768 7235 3201  9 5 6 6 2.91184792e-04 4.93824713e-04 outputs/V1e25_D30_G10/solution/solution-00073 
 74 4.690452169482e+10 1.898446907910e+08 768 7235 3201  9 5 6 6 2.89546113e-04 4.90052954e-04 outputs/V1e25_D30_G10/solution/solution-00074 
 75 4.709586504589e+10 1.913433510647e+08 768 7235 3201  9 5 6 6 2.87779988e-04 4.86016720e-04 outputs/V1e25_D30_G10/solution/solution-00075 
 76 4.728883745258e+10 1.929724066932e+08 768 7235 3201  9 5 6 6 2.85895749e-04 4.81719199e-04 outputs/V1e25_D30_G10/solution/solution-00076 
 77 4.748349442281e+10 1.946569702268e+08 768 7235 3201  9 5 6 6 2.83903261e-04 4.77187363e-04 outputs/V1e25_D30_G10/solution/solution-00077 
 78 4.767996491503e+10 1.964704922259e+08 768 7235 3201  9 5 6 6 2.81811462e-04 4.72446360e-04 outputs/V1e25_D30_G10/solution/solution-00078 
 79 4.787837385083e+10 1.984089357928e+08 768 7235 3201  9 5 6 6 2.79629074e-04 4.67521007e-04 outputs/V1e25_D30_G10/solution/solution-00079 
 80 4.807884201066e+10 2.004681598320e+08 768 7235 3201  9 5 6 6 2.77364622e-04 4.62557052e-04 outputs/V1e25_D30_G10/solution/solution-00080 
 81 4.828148588732e+10 2.026438766613e+08 768 7235 3201  9 5 6 6 2.75026448e-04 4.57458899e-04 outputs/V1e25_D30_G10/solution/solution-00081 
 82 4.848641749776e+10 2.049316104431e+08 768 7235 3201  9 5 6 6 2.72622734e-04 4.52233054e-04 outputs/V1e25_D30_G10/solution/solution-00082 
 83 4.869374415440e+10 2.073266566415e+08 768 7235 3201  9 5 6 6 2.70161514e-04 4.46902417e-04 outputs/V1e25_D30_G10/solution/solution-00083 
 84 4.890356819707e+10 2.098240426682e+08 768 7235 3201  9 5 6 6 2.67650691e-04 4.41489317e-04 outputs/V1e25_D30_G10/solution/solution-00084 
 85 4.911598668700e+10 2.124184899309e+08 768 7235 3201  9 5 6 6 2.65098054e-04 4.36015451e-04 outputs/V1e25_D30_G10/solution/solution-00085 
 86 4.933104859696e+10 2.150619099582e+08 768 7235 3201  9 5 6 6 2.62511796e-04 4.30502923e-04 outputs/V1e25_D30_G10/solution/solution-00086 
 87 4.954884025571e+10 2.177916587488e+08 768 7235 3201  9 5 6 6 2.59899488e-04 4.24971967e-04 outputs/V1e25_D30_G10/solution/solution-00087 
 88 4.976944586924e+10 2.206056135255e+08 768 7235 3201  9 5 6 6 2.57268555e-04 4.19468508e-04 outputs/V1e25_D30_G10/solution/solution-00088 
 89 4.999294298075e+10 2.234971115147e+08 768 7235 3201  9 5 6 6 2.54626330e-04 4.13982182e-04 outputs/V1e25_D30_G10/solution/solution-00089 
 90 5.021940200235e+10 2.264590215982e+08 768 7235 3201  9 5 6 6 2.51980058e-04 4.08525710e-04 outputs/V1e25_D30_G10/solution/solution-00090 
 91 5.044888572330e+10 2.294837209477e+08 768 7235 3201  9 5 6 6 2.49336894e-04 4.04014434e-04 outputs/V1e25_D30_G10/solution/solution-00091 
 92 5.068098522181e+10 2.320994985098e+08 768 7235 3201  9 5 6 6 2.46709095e-04 3.99586404e-04 outputs/V1e25_D30_G10/solution/solution-00092 
 93 5.091565807069e+10 2.346728488810e+08 768 7235 3201  9 5 6 6 2.44104264e-04 3.95224274e-04 outputs/V1e25_D30_G10/solution/solution-00093 
 94 5.115292355730e+10 2.372654866134e+08 768 7235 3201  9 5 6 6 2.41528979e-04 3.90936384e-04 outputs/V1e25_D30_G10/solution/solution-00094 
 95 5.139279511974e+10 2.398715624402e+08 768 7235 3201  9 5 6 6 2.38989568e-04 3.86730558e-04 outputs/V1e25_D30_G10/solution/solution-00095 
 96 5.163528016125e+10 2.424850415062e+08 768 7235 3201  9 5 6 6 2.36492098e-04 3.82614116e-04 outputs/V1e25_D30_G10/solution/solution-00096 
 97 5.188037986978e+10 2.450997085335e+08 768 7235 3201  9 5 6 6 2.34042364e-04 3.78593897e-04 outputs/V1e25_D30_G10/solution/solution-00097 
 98 5.212808904579e+10 2.477091760091e+08 768 7235 3201  9 5 6 6 2.31645882e-04 3.74676280e-04 outputs/V1e25_D30_G10/solution/solution-00098 
 99 5.237838118084e+10 2.502921350557e+08 768 7235 3201  9 5 6 6 2.29308011e-04 3.70867415e-04 outputs/V1e25_D30_G10/solution/solution-00099 
100 5.263123585615e+10 2.528546753027e+08 768 7235 3201  9 5 6 6 2.27033673e-04 3.67172808e-04 outputs/V1e25_D30_G10/solution/solution-00100 
