# 1: Time step number
# 2: Time (years)
# 3: Time step size (years)
# 4: Number of mesh cells
# 5: Number of Stokes degrees of freedom
# 6: Number of temperature degrees of freedom
# 7: Iterations for temperature solver
# 8: Iterations for Stokes solver
# 9: Velocity iterations in Stokes preconditioner
# 10: Schur complement iterations in Stokes preconditioner
# 11: RMS velocity (m/year)
# 12: Max. velocity (m/year)
# 13: Visualization file name
  0 0.000000000000e+00 0.000000000000e+00 768 7235 3201  0 8 9 9 2.84776872e-07 5.99998056e-07 outputs/V3.3e25_D3000_G14/solution/solution-00000 
  1 1.392571516413e+09 1.392571516413e+09 768 7235 3201 32 8 9 9 3.67607648e-07 6.29544116e-07 outputs/V3.3e25_D3000_G14/solution/solution-00001 
  2 2.785143032825e+09 1.392571516413e+09 768 7235 3201 25 8 9 9 4.83843152e-07 8.28828631e-07 outputs/V3.3e25_D3000_G14/solution/solution-00002 
  3 4.177714549238e+09 1.392571516413e+09 768 7235 3201 24 8 9 9 6.28534012e-07 1.08872164e-06 outputs/V3.3e25_D3000_G14/solution/solution-00003 
  4 5.570286065650e+09 1.392571516413e+09 768 7235 3201 23 8 9 9 8.00944214e-07 1.40337857e-06 outputs/V3.3e25_D3000_G14/solution/solution-00004 
  5 6.962857582063e+09 1.392571516413e+09 768 7235 3201 23 8 9 9 1.00179350e-06 1.77468174e-06 outputs/V3.3e25_D3000_G14/solution/solution-00005 
  6 8.355429098476e+09 1.392571516413e+09 768 7235 3201 22 8 9 9 1.23208021e-06 2.20458525e-06 outputs/V3.3e25_D3000_G14/solution/solution-00006 
  7 9.748000614888e+09 1.392571516413e+09 768 7235 3201 21 8 9 9 1.49288416e-06 2.69487431e-06 outputs/V3.3e25_D3000_G14/solution/solution-00007 
  8 1.114057213130e+10 1.392571516413e+09 768 7235 3201 21 8 9 9 1.78533394e-06 3.24718491e-06 outputs/V3.3e25_D3000_G14/solution/solution-00008 
  9 1.253314364771e+10 1.392571516413e+09 768 7235 3201 21 8 9 9 2.11064323e-06 3.86313274e-06 outputs/V3.3e25_D3000_G14/solution/solution-00009 
 10 1.392571516413e+10 1.392571516413e+09 768 7235 3201 21 8 9 9 2.47016916e-06 4.54447505e-06 outputs/V3.3e25_D3000_G14/solution/solution-00010 
 11 1.531828668054e+10 1.392571516413e+09 768 7235 3201 20 8 9 9 2.86547219e-06 5.29326712e-06 outputs/V3.3e25_D3000_G14/solution/solution-00011 
 12 1.671085819695e+10 1.392571516413e+09 768 7235 3201 20 8 9 9 3.29836995e-06 6.11199638e-06 outputs/V3.3e25_D3000_G14/solution/solution-00012 
 13 1.810342971336e+10 1.392571516413e+09 768 7235 3201 20 8 9 9 3.77098234e-06 7.00368871e-06 outputs/V3.3e25_D3000_G14/solution/solution-00013 
 14 1.949600122978e+10 1.392571516413e+09 768 7235 3201 20 8 9 9 4.28576862e-06 7.97198857e-06 outputs/V3.3e25_D3000_G14/solution/solution-00014 
 15 2.088857274619e+10 1.392571516413e+09 768 7235 3201 20 8 9 9 4.84555782e-06 9.02121768e-06 outputs/V3.3e25_D3000_G14/solution/solution-00015 
 16 2.228114426260e+10 1.392571516413e+09 768 7235 3201 20 8 9 9 5.45357449e-06 1.01564180e-05 outputs/V3.3e25_D3000_G14/solution/solution-00016 
 17 2.367371577901e+10 1.392571516413e+09 768 7235 3201 19 7 8 8 6.11346157e-06 1.13842568e-05 outputs/V3.3e25_D3000_G14/solution/solution-00017 
 18 2.506628729543e+10 1.392571516413e+09 768 7235 3201 19 7 8 8 6.82930184e-06 1.27113798e-05 outputs/V3.3e25_D3000_G14/solution/solution-00018 
 19 2.645885881184e+10 1.392571516413e+09 768 7235 3201 19 7 8 8 7.60563904e-06 1.41448018e-05 outputs/V3.3e25_D3000_G14/solution/solution-00019 
 20 2.785143032825e+10 1.392571516413e+09 768 7235 3201 19 7 8 8 8.44749939e-06 1.56928298e-05 outputs/V3.3e25_D3000_G14/solution/solution-00020 
 21 2.924400184466e+10 1.392571516413e+09 768 7235 3201 19 7 8 8 9.36041379e-06 1.73646261e-05 outputs/V3.3e25_D3000_G14/solution/solution-00021 
 22 3.063657336108e+10 1.392571516413e+09 768 7235 3201 19 7 8 8 1.03504405e-05 1.91702283e-05 outputs/V3.3e25_D3000_G14/solution/solution-00022 
 23 3.202914487749e+10 1.392571516413e+09 768 7235 3201 19 7 8 8 1.14241880e-05 2.11205657e-05 outputs/V3.3e25_D3000_G14/solution/solution-00023 
 24 3.342171639390e+10 1.392571516413e+09 768 7235 3201 19 7 8 8 1.25888368e-05 2.32274709e-05 outputs/V3.3e25_D3000_G14/solution/solution-00024 
 25 3.481428791032e+10 1.392571516413e+09 768 7235 3201 19 7 8 8 1.38521586e-05 2.55036842e-05 outputs/V3.3e25_D3000_G14/solution/solution-00025 
 26 3.620685942673e+10 1.392571516413e+09 768 7235 3201 19 6 7 7 1.52225316e-05 2.79650625e-05 outputs/V3.3e25_D3000_G14/solution/solution-00026 
 27 3.759943094314e+10 1.392571516413e+09 768 7235 3201 19 6 7 7 1.67089472e-05 3.06345699e-05 outputs/V3.3e25_D3000_G14/solution/solution-00027 
 28 3.899200245955e+10 1.392571516413e+09 768 7235 3201 19 6 7 7 1.83210070e-05 3.35199765e-05 outputs/V3.3e25_D3000_G14/solution/solution-00028 
 29 4.038457397597e+10 1.392571516413e+09 768 7235 3201 18 6 7 7 2.00689014e-05 3.66378219e-05 outputs/V3.3e25_D3000_G14/solution/solution-00029 
 30 4.177714549238e+10 1.392571516413e+09 768 7235 3201 18 6 7 7 2.19633667e-05 4.00053009e-05 outputs/V3.3e25_D3000_G14/solution/solution-00030 
 31 4.316971700879e+10 1.392571516413e+09 768 7235 3201 18 6 7 7 2.40156098e-05 4.36400720e-05 outputs/V3.3e25_D3000_G14/solution/solution-00031 
 32 4.456228852520e+10 1.392571516413e+09 768 7235 3201 19 6 7 7 2.62371897e-05 4.75617736e-05 outputs/V3.3e25_D3000_G14/solution/solution-00032 
 33 4.595486004162e+10 1.392571516413e+09 768 7235 3201 19 6 7 7 2.86398435e-05 5.18016426e-05 outputs/V3.3e25_D3000_G14/solution/solution-00033 
 34 4.734743155803e+10 1.392571516413e+09 768 7235 3201 19 6 7 7 3.12352387e-05 5.63648735e-05 outputs/V3.3e25_D3000_G14/solution/solution-00034 
 35 4.874000307444e+10 1.392571516413e+09 768 7235 3201 20 6 7 7 3.40346327e-05 6.12675446e-05 outputs/V3.3e25_D3000_G14/solution/solution-00035 
 36 5.013257459085e+10 1.392571516413e+09 768 7235 3201 20 6 7 7 3.70484171e-05 6.65267439e-05 outputs/V3.3e25_D3000_G14/solution/solution-00036 
 37 5.152514610727e+10 1.392571516413e+09 768 7235 3201 20 6 7 7 4.02855211e-05 7.21727719e-05 outputs/V3.3e25_D3000_G14/solution/solution-00037 
 38 5.282463713611e+10 1.299491028847e+09 768 7235 3201 20 6 7 7 4.35153854e-05 7.77825880e-05 outputs/V3.3e25_D3000_G14/solution/solution-00038 
 39 5.403043825903e+10 1.205801122912e+09 768 7235 3201 19 6 7 7 4.66971658e-05 8.32856579e-05 outputs/V3.3e25_D3000_G14/solution/solution-00039 
 40 5.515628411755e+10 1.125845858526e+09 768 7235 3201 18 6 7 7 4.98291315e-05 8.86796957e-05 outputs/V3.3e25_D3000_G14/solution/solution-00040 
 41 5.621340218060e+10 1.057118063052e+09 768 7235 3201 18 6 7 7 5.29096091e-05 9.39625423e-05 outputs/V3.3e25_D3000_G14/solution/solution-00041 
 42 5.721086910355e+10 9.974669229431e+08 768 7235 3201 17 6 7 7 5.59364997e-05 9.91336575e-05 outputs/V3.3e25_D3000_G14/solution/solution-00042 
 43 5.815613570162e+10 9.452665980698e+08 768 7235 3201 17 6 7 7 5.89074977e-05 1.04224554e-04 outputs/V3.3e25_D3000_G14/solution/solution-00043 
 44 5.905539818701e+10 8.992624853963e+08 768 7235 3201 16 6 7 7 6.18202006e-05 1.09195937e-04 outputs/V3.3e25_D3000_G14/solution/solution-00044 
 45 5.991386806021e+10 8.584698731975e+08 768 7235 3201 16 6 7 7 6.46721770e-05 1.14044325e-04 outputs/V3.3e25_D3000_G14/solution/solution-00045 
 46 6.073597260210e+10 8.221045418899e+08 768 7235 3201 16 6 7 7 6.74610152e-05 1.18766384e-04 outputs/V3.3e25_D3000_G14/solution/solution-00046 
 47 6.152550650815e+10 7.895339060529e+08 768 7235 3201 15 6 7 7 7.01843630e-05 1.23358975e-04 outputs/V3.3e25_D3000_G14/solution/solution-00047 
 48 6.228574836281e+10 7.602418546577e+08 768 7235 3201 15 5 6 6 7.28399597e-05 1.27819194e-04 outputs/V3.3e25_D3000_G14/solution/solution-00048 
 49 6.301955134172e+10 7.338029789057e+08 768 7235 3201 15 5 6 6 7.54256649e-05 1.32144411e-04 outputs/V3.3e25_D3000_G14/solution/solution-00049 
 50 6.372939878606e+10 7.098474443396e+08 768 7235 3201 14 5 6 6 7.79394252e-05 1.36332194e-04 outputs/V3.3e25_D3000_G14/solution/solution-00050 
 51 6.441735611685e+10 6.879573307960e+08 768 7235 3201 14 5 6 6 8.03789230e-05 1.40379723e-04 outputs/V3.3e25_D3000_G14/solution/solution-00051 
 52 6.508540359646e+10 6.680474796047e+08 768 7235 3201 14 5 6 6 8.27426155e-05 1.44285499e-04 outputs/V3.3e25_D3000_G14/solution/solution-00052 
 53 6.573530319979e+10 6.498996033375e+08 768 7235 3201 14 5 6 6 8.50291462e-05 1.48048350e-04 outputs/V3.3e25_D3000_G14/solution/solution-00053 
 54 6.636863003249e+10 6.333268326977e+08 768 7235 3201 14 5 6 6 8.72373561e-05 1.51667437e-04 outputs/V3.3e25_D3000_G14/solution/solution-00054 
 55 6.698679824549e+10 6.181682130003e+08 768 7235 3201 13 5 6 6 8.93662914e-05 1.55142256e-04 outputs/V3.3e25_D3000_G14/solution/solution-00055 
 56 6.759108256685e+10 6.042843213557e+08 768 7235 3201 13 5 6 6 9.14152096e-05 1.58480951e-04 outputs/V3.3e25_D3000_G14/solution/solution-00056 
 57 6.818263631246e+10 5.915537456123e+08 768 7235 3201 13 5 6 6 9.33835818e-05 1.61674103e-04 outputs/V3.3e25_D3000_G14/solution/solution-00057 
 58 6.876250654539e+10 5.798702329286e+08 768 7235 3201 13 5 6 6 9.52710939e-05 1.64722107e-04 outputs/V3.3e25_D3000_G14/solution/solution-00058 
 59 6.933164690893e+10 5.691403635438e+08 768 7235 3201 13 5 6 6 9.70776452e-05 1.67625742e-04 outputs/V3.3e25_D3000_G14/solution/solution-00059 
 60 6.989092854889e+10 5.592816399605e+08 768 7235 3201 13 5 6 6 9.88033452e-05 1.70386110e-04 outputs/V3.3e25_D3000_G14/solution/solution-00060 
 61 7.044114945617e+10 5.502209072808e+08 768 7235 3201 13 5 6 6 1.00448508e-04 1.73004621e-04 outputs/V3.3e25_D3000_G14/solution/solution-00061 
 62 7.098304249563e+10 5.418930394593e+08 768 7235 3201 12 5 6 6 1.02013647e-04 1.75482981e-04 outputs/V3.3e25_D3000_G14/solution/solution-00062 
 63 7.151728233618e+10 5.342398405463e+08 768 7235 3201 12 5 6 6 1.03499467e-04 1.77823175e-04 outputs/V3.3e25_D3000_G14/solution/solution-00063 
 64 7.204449145705e+10 5.272091208669e+08 768 7235 3201 12 5 6 6 1.04906852e-04 1.80027451e-04 outputs/V3.3e25_D3000_G14/solution/solution-00064 
 65 7.256524537345e+10 5.207539164045e+08 768 7235 3201 12 5 6 6 1.06236859e-04 1.82098299e-04 outputs/V3.3e25_D3000_G14/solution/solution-00065 
 66 7.308007719954e+10 5.148318260856e+08 768 7235 3201 12 5 6 6 1.07490708e-04 1.84038441e-04 outputs/V3.3e25_D3000_G14/solution/solution-00066 
 67 7.358948164620e+10 5.094044466601e+08 768 7235 3201 12 5 6 6 1.08669765e-04 1.85850801e-04 outputs/V3.3e25_D3000_G14/solution/solution-00067 
 68 7.409391853498e+10 5.044368887859e+08 768 7235 3201 12 5 6 6 1.09775534e-04 1.87538498e-04 outputs/V3.3e25_D3000_G14/solution/solution-00068 
 69 7.459381589600e+10 4.998973610132e+08 768 7235 3201 12 5 6 6 1.10809646e-04 1.89113044e-04 outputs/V3.3e25_D3000_G14/solution/solution-00069 
 70 7.508957270680e+10 4.957568108085e+08 768 7235 3201 12 5 6 6 1.11773844e-04 1.90571622e-04 outputs/V3.3e25_D3000_G14/solution/solution-00070 
 71 7.558156132052e+10 4.919886137128e+08 768 7235 3201 12 5 6 6 1.12669972e-04 1.91916845e-04 outputs/V3.3e25_D3000_G14/solution/solution-00071 
 72 7.607012962381e+10 4.885683032926e+08 768 7235 3201 12 5 6 6 1.13499960e-04 1.93152326e-04 outputs/V3.3e25_D3000_G14/solution/solution-00072 
 73 7.655560295961e+10 4.854733358051e+08 768 7235 3201 12 5 6 6 1.14265819e-04 1.94425034e-04 outputs/V3.3e25_D3000_G14/solution/solution-00073 
 74 7.703777075496e+10 4.821677953446e+08 768 7235 3201 12 5 6 6 1.14968900e-04 1.95674412e-04 outputs/V3.3e25_D3000_G14/solution/solution-00074 
 75 7.751691149592e+10 4.791407409654e+08 768 7235 3201 12 5 6 6 1.15611497e-04 1.96804903e-04 outputs/V3.3e25_D3000_G14/solution/solution-00075 
 76 7.799335191775e+10 4.764404218216e+08 768 7235 3201 12 5 6 6 1.16196025e-04 1.97820767e-04 outputs/V3.3e25_D3000_G14/solution/solution-00076 
 77 7.846739786309e+10 4.740459453402e+08 768 7235 3201 12 5 6 6 1.16724886e-04 1.98726375e-04 outputs/V3.3e25_D3000_G14/solution/solution-00077 
 78 7.893933576987e+10 4.719379067836e+08 768 7235 3201 12 5 6 6 1.17200471e-04 1.99526181e-04 outputs/V3.3e25_D3000_G14/solution/solution-00078 
 79 7.940943399976e+10 4.700982298927e+08 768 7235 3201 11 5 6 6 1.17625149e-04 2.00224708e-04 outputs/V3.3e25_D3000_G14/solution/solution-00079 
 80 7.987787659234e+10 4.684425925813e+08 768 7235 3201 11 5 6 6 1.18001214e-04 2.00826445e-04 outputs/V3.3e25_D3000_G14/solution/solution-00080 
 81 8.034484957781e+10 4.669729854620e+08 768 7235 3201 11 5 6 6 1.18330967e-04 2.01335985e-04 outputs/V3.3e25_D3000_G14/solution/solution-00081 
 82 8.081057539777e+10 4.657258199595e+08 768 7235 3201 11 5 6 6 1.18616721e-04 2.01758008e-04 outputs/V3.3e25_D3000_G14/solution/solution-00082 
 83 8.127526249743e+10 4.646870996675e+08 768 7235 3201 11 5 6 6 1.18860749e-04 2.02115536e-04 outputs/V3.3e25_D3000_G14/solution/solution-00083 
 84 8.173910610886e+10 4.638436114297e+08 768 7235 3201 11 5 6 6 1.19065281e-04 2.02403867e-04 outputs/V3.3e25_D3000_G14/solution/solution-00084 
 85 8.220228895966e+10 4.631828507932e+08 768 7235 3201 11 5 6 6 1.19232502e-04 2.02618170e-04 outputs/V3.3e25_D3000_G14/solution/solution-00085 
 86 8.266498191591e+10 4.626929562491e+08 768 7235 3201 11 5 6 6 1.19364547e-04 2.02762917e-04 outputs/V3.3e25_D3000_G14/solution/solution-00086 
 87 8.312734456728e+10 4.623626513770e+08 768 7235 3201 11 5 6 6 1.19463504e-04 2.02842524e-04 outputs/V3.3e25_D3000_G14/solution/solution-00087 
 88 8.358952576133e+10 4.621811940521e+08 768 7235 3201 11 5 6 6 1.19531409e-04 2.02861337e-04 outputs/V3.3e25_D3000_G14/solution/solution-00088 
 89 8.405166409328e+10 4.621383319494e+08 768 7235 3201 11 5 6 6 1.19570245e-04 2.02823623e-04 outputs/V3.3e25_D3000_G14/solution/solution-00089 
 90 8.451388835695e+10 4.622242636701e+08 768 7235 3201 11 5 6 6 1.19581943e-04 2.02733560e-04 outputs/V3.3e25_D3000_G14/solution/solution-00090 
 91 8.497631796184e+10 4.624296048882e+08 768 7235 3201 11 5 6 6 1.19568381e-04 2.02595225e-04 outputs/V3.3e25_D3000_G14/solution/solution-00091 
 92 8.543906332083e+10 4.627453589832e+08 768 7235 3201 11 5 6 6 1.19531379e-04 2.02412589e-04 outputs/V3.3e25_D3000_G14/solution/solution-00092 
 93 8.590222621251e+10 4.631628916847e+08 768 7235 3201 11 5 6 6 1.19472707e-04 2.02205102e-04 outputs/V3.3e25_D3000_G14/solution/solution-00093 
 94 8.636590012181e+10 4.636739093006e+08 768 7235 3201 11 5 6 6 1.19394078e-04 2.01967062e-04 outputs/V3.3e25_D3000_G14/solution/solution-00094 
 95 8.683017056196e+10 4.642704401461e+08 768 7235 3201 11 5 6 6 1.19297147e-04 2.01695079e-04 outputs/V3.3e25_D3000_G14/solution/solution-00095 
 96 8.729511538078e+10 4.649448188220e+08 768 7235 3201 11 5 6 6 1.19183517e-04 2.01392622e-04 outputs/V3.3e25_D3000_G14/solution/solution-00096 
 97 8.776080505380e+10 4.656896730261e+08 768 7235 3201 11 5 6 6 1.19054735e-04 2.01063030e-04 outputs/V3.3e25_D3000_G14/solution/solution-00097 
 98 8.822730104862e+10 4.664959948110e+08 768 7235 3201 11 5 6 6 1.18912290e-04 2.00709513e-04 outputs/V3.3e25_D3000_G14/solution/solution-00098 
 99 8.869458239452e+10 4.672813459053e+08 768 7235 3201 11 5 6 6 1.18757644e-04 2.00335205e-04 outputs/V3.3e25_D3000_G14/solution/solution-00099 
100 8.916270193285e+10 4.681195383265e+08 768 7235 3201 11 5 6 6 1.18592181e-04 1.99943045e-04 outputs/V3.3e25_D3000_G14/solution/solution-00100 
