# 1: Time step number
# 2: Time (years)
# 3: Time step size (years)
# 4: Number of mesh cells
# 5: Number of Stokes degrees of freedom
# 6: Number of temperature degrees of freedom
# 7: Iterations for temperature solver
# 8: Iterations for Stokes solver
# 9: Velocity iterations in Stokes preconditioner
# 10: Schur complement iterations in Stokes preconditioner
# 11: RMS velocity (m/year)
# 12: Max. velocity (m/year)
# 13: Visualization file name
  0 0.000000000000e+00 0.000000000000e+00 768 7235 3201  0 8 9 9 6.71259769e-09 1.41428113e-08 outputs/V1e27_D3000_G10/solution/solution-00000 
  1 1.392571516413e+09 1.392571516413e+09 768 7235 3201 32 8 9 9 6.34099979e-09 1.13591412e-08 outputs/V1e27_D3000_G10/solution/solution-00001 
  2 2.785143032825e+09 1.392571516413e+09 768 7235 3201 25 8 9 9 6.03918234e-09 1.01885619e-08 outputs/V1e27_D3000_G10/solution/solution-00002 
  3 4.177714549238e+09 1.392571516413e+09 768 7235 3201 24 8 9 9 5.76506000e-09 9.73247204e-09 outputs/V1e27_D3000_G10/solution/solution-00003 
  4 5.570286065650e+09 1.392571516413e+09 768 7235 3201 23 8 9 9 5.50012446e-09 9.29068204e-09 outputs/V1e27_D3000_G10/solution/solution-00004 
  5 6.962857582063e+09 1.392571516413e+09 768 7235 3201 23 8 9 9 5.24463660e-09 8.86401896e-09 outputs/V1e27_D3000_G10/solution/solution-00005 
  6 8.355429098476e+09 1.392571516413e+09 768 7235 3201 22 8 9 9 4.99864421e-09 8.45281308e-09 outputs/V1e27_D3000_G10/solution/solution-00006 
  7 9.748000614888e+09 1.392571516413e+09 768 7235 3201 22 8 9 9 4.76222472e-09 8.05716037e-09 outputs/V1e27_D3000_G10/solution/solution-00007 
  8 1.114057213130e+10 1.392571516413e+09 768 7235 3201 21 8 9 9 4.53537790e-09 7.67701945e-09 outputs/V1e27_D3000_G10/solution/solution-00008 
  9 1.253314364771e+10 1.392571516413e+09 768 7235 3201 21 8 9 9 4.31802188e-09 7.31225187e-09 outputs/V1e27_D3000_G10/solution/solution-00009 
 10 1.392571516413e+10 1.392571516413e+09 768 7235 3201 21 8 9 9 4.11000901e-09 6.96264266e-09 outputs/V1e27_D3000_G10/solution/solution-00010 
 11 1.531828668054e+10 1.392571516413e+09 768 7235 3201 20 8 9 9 3.91114084e-09 6.62791389e-09 outputs/V1e27_D3000_G10/solution/solution-00011 
 12 1.671085819695e+10 1.392571516413e+09 768 7235 3201 20 8 9 9 3.72118073e-09 6.30773547e-09 outputs/V1e27_D3000_G10/solution/solution-00012 
 13 1.810342971336e+10 1.392571516413e+09 768 7235 3201 20 8 9 9 3.53986429e-09 6.00173461e-09 outputs/V1e27_D3000_G10/solution/solution-00013 
 14 1.949600122978e+10 1.392571516413e+09 768 7235 3201 20 8 9 9 3.36690773e-09 5.70950452e-09 outputs/V1e27_D3000_G10/solution/solution-00014 
 15 2.088857274619e+10 1.392571516413e+09 768 7235 3201 20 8 9 9 3.20201475e-09 5.43061240e-09 outputs/V1e27_D3000_G10/solution/solution-00015 
 16 2.228114426260e+10 1.392571516413e+09 768 7235 3201 20 8 9 9 3.04488194e-09 5.16460670e-09 outputs/V1e27_D3000_G10/solution/solution-00016 
 17 2.367371577901e+10 1.392571516413e+09 768 7235 3201 20 8 9 9 2.89520312e-09 4.91102352e-09 outputs/V1e27_D3000_G10/solution/solution-00017 
 18 2.506628729543e+10 1.392571516413e+09 768 7235 3201 20 8 9 9 2.75267272e-09 4.66939233e-09 outputs/V1e27_D3000_G10/solution/solution-00018 
 19 2.645885881184e+10 1.392571516413e+09 768 7235 3201 19 8 9 9 2.61698844e-09 4.43924080e-09 outputs/V1e27_D3000_G10/solution/solution-00019 
 20 2.785143032825e+10 1.392571516413e+09 768 7235 3201 19 8 9 9 2.48785327e-09 4.22009884e-09 outputs/V1e27_D3000_G10/solution/solution-00020 
 21 2.924400184466e+10 1.392571516413e+09 768 7235 3201 19 8 9 9 2.36497700e-09 4.01150193e-09 outputs/V1e27_D3000_G10/solution/solution-00021 
 22 3.063657336108e+10 1.392571516413e+09 768 7235 3201 19 8 9 9 2.24807736e-09 3.81299385e-09 outputs/V1e27_D3000_G10/solution/solution-00022 
 23 3.202914487749e+10 1.392571516413e+09 768 7235 3201 19 8 9 9 2.13688082e-09 3.62412871e-09 outputs/V1e27_D3000_G10/solution/solution-00023 
 24 3.342171639390e+10 1.392571516413e+09 768 7235 3201 19 8 9 9 2.03112313e-09 3.44447261e-09 outputs/V1e27_D3000_G10/solution/solution-00024 
 25 3.481428791032e+10 1.392571516413e+09 768 7235 3201 19 8 9 9 1.93054963e-09 3.27360480e-09 outputs/V1e27_D3000_G10/solution/solution-00025 
 26 3.620685942673e+10 1.392571516413e+09 768 7235 3201 19 8 9 9 1.83491547e-09 3.11111849e-09 outputs/V1e27_D3000_G10/solution/solution-00026 
 27 3.759943094314e+10 1.392571516413e+09 768 7235 3201 19 8 9 9 1.74398562e-09 2.95662144e-09 outputs/V1e27_D3000_G10/solution/solution-00027 
 28 3.899200245955e+10 1.392571516413e+09 768 7235 3201 19 8 9 9 1.65753481e-09 2.80973622e-09 outputs/V1e27_D3000_G10/solution/solution-00028 
 29 4.038457397597e+10 1.392571516413e+09 768 7235 3201 19 8 9 9 1.57534742e-09 2.67010034e-09 outputs/V1e27_D3000_G10/solution/solution-00029 
 30 4.177714549238e+10 1.392571516413e+09 768 7235 3201 19 8 9 9 1.49721727e-09 2.53736619e-09 outputs/V1e27_D3000_G10/solution/solution-00030 
 31 4.316971700879e+10 1.392571516413e+09 768 7235 3201 19 8 9 9 1.42294741e-09 2.41120089e-09 outputs/V1e27_D3000_G10/solution/solution-00031 
 32 4.456228852520e+10 1.392571516413e+09 768 7235 3201 19 8 9 9 1.35234979e-09 2.29128602e-09 outputs/V1e27_D3000_G10/solution/solution-00032 
 33 4.595486004162e+10 1.392571516413e+09 768 7235 3201 19 8 9 9 1.28524507e-09 2.17731731e-09 outputs/V1e27_D3000_G10/solution/solution-00033 
 34 4.734743155803e+10 1.392571516413e+09 768 7235 3201 18 8 9 9 1.22146221e-09 2.06900422e-09 outputs/V1e27_D3000_G10/solution/solution-00034 
 35 4.874000307444e+10 1.392571516413e+09 768 7235 3201 18 8 9 9 1.16083825e-09 1.96606958e-09 outputs/V1e27_D3000_G10/solution/solution-00035 
 36 5.013257459085e+10 1.392571516413e+09 768 7235 3201 18 8 9 9 1.10321792e-09 1.86824905e-09 outputs/V1e27_D3000_G10/solution/solution-00036 
 37 5.152514610727e+10 1.392571516413e+09 768 7235 3201 18 8 9 9 1.04845340e-09 1.77529076e-09 outputs/V1e27_D3000_G10/solution/solution-00037 
 38 5.291771762368e+10 1.392571516413e+09 768 7235 3201 18 8 9 9 9.96403931e-10 1.68695474e-09 outputs/V1e27_D3000_G10/solution/solution-00038 
 39 5.431028914009e+10 1.392571516413e+09 768 7235 3201 18 8 9 9 9.46935557e-10 1.60301251e-09 outputs/V1e27_D3000_G10/solution/solution-00039 
 40 5.570286065650e+10 1.392571516413e+09 768 7235 3201 18 8 9 9 8.99920814e-10 1.52324657e-09 outputs/V1e27_D3000_G10/solution/solution-00040 
 41 5.709543217292e+10 1.392571516413e+09 768 7235 3201 18 8 9 9 8.55238430e-10 1.44744994e-09 outputs/V1e27_D3000_G10/solution/solution-00041 
 42 5.848800368933e+10 1.392571516413e+09 768 7235 3201 18 8 9 9 8.12773053e-10 1.37542571e-09 outputs/V1e27_D3000_G10/solution/solution-00042 
 43 5.988057520574e+10 1.392571516413e+09 768 7235 3201 18 8 9 9 7.72414967e-10 1.30698658e-09 outputs/V1e27_D3000_G10/solution/solution-00043 
 44 6.127314672215e+10 1.392571516413e+09 768 7235 3201 18 8 9 9 7.34059836e-10 1.24195440e-09 outputs/V1e27_D3000_G10/solution/solution-00044 
 45 6.266571823857e+10 1.392571516413e+09 768 7235 3201 18 8 9 9 6.97608443e-10 1.18015981e-09 outputs/V1e27_D3000_G10/solution/solution-00045 
 46 6.405828975498e+10 1.392571516413e+09 768 7235 3201 18 8 9 9 6.62966455e-10 1.12144176e-09 outputs/V1e27_D3000_G10/solution/solution-00046 
 47 6.545086127139e+10 1.392571516413e+09 768 7235 3201 18 8 9 9 6.30044182e-10 1.06564716e-09 outputs/V1e27_D3000_G10/solution/solution-00047 
 48 6.684343278781e+10 1.392571516413e+09 768 7235 3201 18 8 9 9 5.98756357e-10 1.01263049e-09 outputs/V1e27_D3000_G10/solution/solution-00048 
 49 6.823600430422e+10 1.392571516413e+09 768 7235 3201 18 8 9 9 5.69021921e-10 9.62253431e-10 outputs/V1e27_D3000_G10/solution/solution-00049 
 50 6.962857582063e+10 1.392571516413e+09 768 7235 3201 18 8 9 9 5.40763821e-10 9.14384537e-10 outputs/V1e27_D3000_G10/solution/solution-00050 
 51 7.102114733704e+10 1.392571516413e+09 768 7235 3201 18 8 9 9 5.13908813e-10 8.68898876e-10 outputs/V1e27_D3000_G10/solution/solution-00051 
 52 7.241371885346e+10 1.392571516413e+09 768 7235 3201 18 8 9 9 4.88387275e-10 8.25677724e-10 outputs/V1e27_D3000_G10/solution/solution-00052 
 53 7.380629036987e+10 1.392571516413e+09 768 7235 3201 18 8 9 9 4.64133032e-10 7.84608266e-10 outputs/V1e27_D3000_G10/solution/solution-00053 
 54 7.519886188628e+10 1.392571516413e+09 768 7235 3201 18 8 9 9 4.41083187e-10 7.45583296e-10 outputs/V1e27_D3000_G10/solution/solution-00054 
 55 7.659143340269e+10 1.392571516413e+09 768 7235 3201 18 8 9 9 4.19177958e-10 7.08500950e-10 outputs/V1e27_D3000_G10/solution/solution-00055 
 56 7.798400491911e+10 1.392571516413e+09 768 7235 3201 18 8 9 9 3.98360526e-10 6.73264434e-10 outputs/V1e27_D3000_G10/solution/solution-00056 
 57 7.937657643552e+10 1.392571516413e+09 768 7235 3201 18 8 9 9 3.78576888e-10 6.39781779e-10 outputs/V1e27_D3000_G10/solution/solution-00057 
 58 8.076914795193e+10 1.392571516413e+09 768 7235 3201 18 8 9 9 3.59775719e-10 6.07965599e-10 outputs/V1e27_D3000_G10/solution/solution-00058 
 59 8.216171946834e+10 1.392571516413e+09 768 7235 3201 18 8 9 9 3.41908242e-10 5.77732865e-10 outputs/V1e27_D3000_G10/solution/solution-00059 
 60 8.355429098476e+10 1.392571516413e+09 768 7235 3201 18 8 9 9 3.24928096e-10 5.49004688e-10 outputs/V1e27_D3000_G10/solution/solution-00060 
 61 8.494686250117e+10 1.392571516413e+09 768 7235 3201 17 8 9 9 3.08791221e-10 5.21706108e-10 outputs/V1e27_D3000_G10/solution/solution-00061 
 62 8.633943401758e+10 1.392571516413e+09 768 7235 3201 17 8 9 9 2.93455745e-10 4.95765910e-10 outputs/V1e27_D3000_G10/solution/solution-00062 
 63 8.773200553399e+10 1.392571516413e+09 768 7235 3201 17 8 9 9 2.78881874e-10 4.71116430e-10 outputs/V1e27_D3000_G10/solution/solution-00063 
 64 8.912457705041e+10 1.392571516413e+09 768 7235 3201 17 8 9 9 2.65031788e-10 4.47693376e-10 outputs/V1e27_D3000_G10/solution/solution-00064 
 65 9.051714856682e+10 1.392571516413e+09 768 7235 3201 17 8 9 9 2.51869545e-10 4.25435664e-10 outputs/V1e27_D3000_G10/solution/solution-00065 
 66 9.190972008323e+10 1.392571516413e+09 768 7235 3201 17 8 9 9 2.39360986e-10 4.04285255e-10 outputs/V1e27_D3000_G10/solution/solution-00066 
 67 9.330229159964e+10 1.392571516413e+09 768 7235 3201 17 8 9 9 2.27473649e-10 3.84187007e-10 outputs/V1e27_D3000_G10/solution/solution-00067 
 68 9.469486311606e+10 1.392571516413e+09 768 7235 3201 17 8 9 9 2.16176684e-10 3.65088525e-10 outputs/V1e27_D3000_G10/solution/solution-00068 
 69 9.608743463247e+10 1.392571516413e+09 768 7235 3201 17 8 9 9 2.05440772e-10 3.46940028e-10 outputs/V1e27_D3000_G10/solution/solution-00069 
 70 9.748000614888e+10 1.392571516413e+09 768 7235 3201 17 8 9 9 1.95238049e-10 3.29694217e-10 outputs/V1e27_D3000_G10/solution/solution-00070 
 71 9.887257766530e+10 1.392571516413e+09 768 7235 3201 17 8 9 9 1.85542035e-10 3.13306151e-10 outputs/V1e27_D3000_G10/solution/solution-00071 
 72 1.002651491817e+11 1.392571516413e+09 768 7235 3201 17 8 9 9 1.76327566e-10 2.97733131e-10 outputs/V1e27_D3000_G10/solution/solution-00072 
 73 1.016577206981e+11 1.392571516413e+09 768 7235 3201 17 8 9 9 1.67570727e-10 2.82934585e-10 outputs/V1e27_D3000_G10/solution/solution-00073 
 74 1.030502922145e+11 1.392571516413e+09 768 7235 3201 17 8 9 9 1.59248789e-10 2.68871963e-10 outputs/V1e27_D3000_G10/solution/solution-00074 
 75 1.044428637309e+11 1.392571516413e+09 768 7235 3201 17 8 9 9 1.51340155e-10 2.55508637e-10 outputs/V1e27_D3000_G10/solution/solution-00075 
 76 1.058354352474e+11 1.392571516413e+09 768 7235 3201 17 8 9 9 1.43824297e-10 2.42809806e-10 outputs/V1e27_D3000_G10/solution/solution-00076 
 77 1.072280067638e+11 1.392571516413e+09 768 7235 3201 17 8 9 9 1.36681708e-10 2.30742401e-10 outputs/V1e27_D3000_G10/solution/solution-00077 
 78 1.086205782802e+11 1.392571516413e+09 768 7235 3201 17 8 9 9 1.29893851e-10 2.19275001e-10 outputs/V1e27_D3000_G10/solution/solution-00078 
 79 1.100131497966e+11 1.392571516413e+09 768 7235 3201 17 8 9 9 1.23443107e-10 2.08377751e-10 outputs/V1e27_D3000_G10/solution/solution-00079 
 80 1.114057213130e+11 1.392571516413e+09 768 7235 3201 17 8 9 9 1.17312734e-10 1.98022284e-10 outputs/V1e27_D3000_G10/solution/solution-00080 
 81 1.127982928294e+11 1.392571516413e+09 768 7235 3201 17 8 9 9 1.11486821e-10 1.88181645e-10 outputs/V1e27_D3000_G10/solution/solution-00081 
 82 1.141908643458e+11 1.392571516413e+09 768 7235 3201 17 8 9 9 1.05950246e-10 1.78830221e-10 outputs/V1e27_D3000_G10/solution/solution-00082 
 83 1.155834358622e+11 1.392571516413e+09 768 7235 3201 17 8 9 9 1.00688641e-10 1.69943676e-10 outputs/V1e27_D3000_G10/solution/solution-00083 
 84 1.169760073787e+11 1.392571516413e+09 768 7235 3201 17 8 9 9 9.56883470e-11 1.61498886e-10 outputs/V1e27_D3000_G10/solution/solution-00084 
 85 1.183685788951e+11 1.392571516413e+09 768 7235 3201 17 8 9 9 9.09363877e-11 1.53473877e-10 outputs/V1e27_D3000_G10/solution/solution-00085 
 86 1.197611504115e+11 1.392571516413e+09 768 7235 3201 17 8 9 9 8.64204289e-11 1.45847770e-10 outputs/V1e27_D3000_G10/solution/solution-00086 
 87 1.211537219279e+11 1.392571516413e+09 768 7235 3201 17 8 9 9 8.21287500e-11 1.38600726e-10 outputs/V1e27_D3000_G10/solution/solution-00087 
 88 1.225462934443e+11 1.392571516413e+09 768 7235 3201 17 8 9 9 7.80502116e-11 1.31713893e-10 outputs/V1e27_D3000_G10/solution/solution-00088 
 89 1.239388649607e+11 1.392571516413e+09 768 7235 3201 16 8 9 9 7.41742270e-11 1.25169353e-10 outputs/V1e27_D3000_G10/solution/solution-00089 
 90 1.253314364771e+11 1.392571516413e+09 768 7235 3201 16 8 9 9 7.04907369e-11 1.18950088e-10 outputs/V1e27_D3000_G10/solution/solution-00090 
 91 1.267240079935e+11 1.392571516413e+09 768 7235 3201 16 8 9 9 6.69901818e-11 1.13039923e-10 outputs/V1e27_D3000_G10/solution/solution-00091 
 92 1.281165795100e+11 1.392571516413e+09 768 7235 3201 16 8 9 9 6.36634761e-11 1.07423490e-10 outputs/V1e27_D3000_G10/solution/solution-00092 
 93 1.295091510264e+11 1.392571516413e+09 768 7235 3201 16 8 9 9 6.05019857e-11 1.02086183e-10 outputs/V1e27_D3000_G10/solution/solution-00093 
 94 1.309017225428e+11 1.392571516413e+09 768 7235 3201 16 8 9 9 5.74975051e-11 9.70141251e-11 outputs/V1e27_D3000_G10/solution/solution-00094 
 95 1.322942940592e+11 1.392571516413e+09 768 7235 3201 16 8 9 9 5.46422364e-11 9.21941273e-11 outputs/V1e27_D3000_G10/solution/solution-00095 
 96 1.336868655756e+11 1.392571516413e+09 768 7235 3201 16 8 9 9 5.19287691e-11 8.76136587e-11 outputs/V1e27_D3000_G10/solution/solution-00096 
 97 1.350794370920e+11 1.392571516413e+09 768 7235 3201 16 8 9 9 4.93500605e-11 8.32608113e-11 outputs/V1e27_D3000_G10/solution/solution-00097 
 98 1.364720086084e+11 1.392571516413e+09 768 7235 3201 16 8 9 9 4.68994179e-11 7.91242693e-11 outputs/V1e27_D3000_G10/solution/solution-00098 
 99 1.378645801248e+11 1.392571516413e+09 768 7235 3201 16 8 9 9 4.45704808e-11 7.51932801e-11 outputs/V1e27_D3000_G10/solution/solution-00099 
100 1.392571516413e+11 1.392571516413e+09 768 7235 3201 16 8 9 9 4.23572047e-11 7.14576256e-11 outputs/V1e27_D3000_G10/solution/solution-00100 
