# 1: Time step number
# 2: Time (years)
# 3: Time step size (years)
# 4: Number of mesh cells
# 5: Number of Stokes degrees of freedom
# 6: Number of temperature degrees of freedom
# 7: Iterations for temperature solver
# 8: Iterations for Stokes solver
# 9: Velocity iterations in Stokes preconditioner
# 10: Schur complement iterations in Stokes preconditioner
# 11: RMS velocity (m/year)
# 12: Max. velocity (m/year)
# 13: Visualization file name
  0 0.000000000000e+00 0.000000000000e+00 768 7235 3201  0 8 9 9 2.65009159e-09 4.70218698e-09 outputs/V1e27_D30_G4/solution/solution-00000 
  1 1.392571516413e+09 1.392571516413e+09 768 7235 3201 32 8 9 9 2.50657895e-09 4.23332591e-09 outputs/V1e27_D30_G4/solution/solution-00001 
  2 2.785143032825e+09 1.392571516413e+09 768 7235 3201 25 8 9 9 2.37423838e-09 4.00585682e-09 outputs/V1e27_D30_G4/solution/solution-00002 
  3 4.177714549238e+09 1.392571516413e+09 768 7235 3201 24 8 9 9 2.25016392e-09 3.79720546e-09 outputs/V1e27_D30_G4/solution/solution-00003 
  4 5.570286065650e+09 1.392571516413e+09 768 7235 3201 23 8 9 9 2.13263801e-09 3.59943451e-09 outputs/V1e27_D30_G4/solution/solution-00004 
  5 6.962857582063e+09 1.392571516413e+09 768 7235 3201 23 8 9 9 2.02141489e-09 3.41216899e-09 outputs/V1e27_D30_G4/solution/solution-00005 
  6 8.355429098476e+09 1.392571516413e+09 768 7235 3201 22 8 9 9 1.91615230e-09 3.23486876e-09 outputs/V1e27_D30_G4/solution/solution-00006 
  7 9.748000614888e+09 1.392571516413e+09 768 7235 3201 21 8 9 9 1.81651186e-09 3.06697498e-09 outputs/V1e27_D30_G4/solution/solution-00007 
  8 1.114057213130e+10 1.392571516413e+09 768 7235 3201 21 8 9 9 1.72217103e-09 2.90795295e-09 outputs/V1e27_D30_G4/solution/solution-00008 
  9 1.253314364771e+10 1.392571516413e+09 768 7235 3201 21 8 9 9 1.63282713e-09 2.75730206e-09 outputs/V1e27_D30_G4/solution/solution-00009 
 10 1.392571516413e+10 1.392571516413e+09 768 7235 3201 20 8 9 9 1.54819766e-09 2.61455563e-09 outputs/V1e27_D30_G4/solution/solution-00010 
 11 1.531828668054e+10 1.392571516413e+09 768 7235 3201 20 8 9 9 1.46801905e-09 2.47927829e-09 outputs/V1e27_D30_G4/solution/solution-00011 
 12 1.671085819695e+10 1.392571516413e+09 768 7235 3201 20 8 9 9 1.39204514e-09 2.35106302e-09 outputs/V1e27_D30_G4/solution/solution-00012 
 13 1.810342971336e+10 1.392571516413e+09 768 7235 3201 20 8 9 9 1.32004557e-09 2.22952836e-09 outputs/V1e27_D30_G4/solution/solution-00013 
 14 1.949600122978e+10 1.392571516413e+09 768 7235 3201 20 8 9 9 1.25180446e-09 2.11431618e-09 outputs/V1e27_D30_G4/solution/solution-00014 
 15 2.088857274619e+10 1.392571516413e+09 768 7235 3201 20 8 9 9 1.18711912e-09 2.00508963e-09 outputs/V1e27_D30_G4/solution/solution-00015 
 16 2.228114426260e+10 1.392571516413e+09 768 7235 3201 19 8 9 9 1.12579899e-09 1.90153143e-09 outputs/V1e27_D30_G4/solution/solution-00016 
 17 2.367371577901e+10 1.392571516413e+09 768 7235 3201 19 8 9 9 1.06766475e-09 1.80334244e-09 outputs/V1e27_D30_G4/solution/solution-00017 
 18 2.506628729543e+10 1.392571516413e+09 768 7235 3201 19 8 9 9 1.01254740e-09 1.71024030e-09 outputs/V1e27_D30_G4/solution/solution-00018 
 19 2.645885881184e+10 1.392571516413e+09 768 7235 3201 19 8 9 9 9.60287568e-10 1.62195830e-09 outputs/V1e27_D30_G4/solution/solution-00019 
 20 2.785143032825e+10 1.392571516413e+09 768 7235 3201 19 8 9 9 9.10734819e-10 1.53824437e-09 outputs/V1e27_D30_G4/solution/solution-00020 
 21 2.924400184466e+10 1.392571516413e+09 768 7235 3201 19 8 9 9 8.63747076e-10 1.45886011e-09 outputs/V1e27_D30_G4/solution/solution-00021 
 22 3.063657336108e+10 1.392571516413e+09 768 7235 3201 19 8 9 9 8.19190064e-10 1.38357998e-09 outputs/V1e27_D30_G4/solution/solution-00022 
 23 3.202914487749e+10 1.392571516413e+09 768 7235 3201 19 8 9 9 7.76936817e-10 1.31219048e-09 outputs/V1e27_D30_G4/solution/solution-00023 
 24 3.342171639390e+10 1.392571516413e+09 768 7235 3201 19 8 9 9 7.36867233e-10 1.24448949e-09 outputs/V1e27_D30_G4/solution/solution-00024 
 25 3.481428791032e+10 1.392571516413e+09 768 7235 3201 19 8 9 9 6.98867656e-10 1.18028560e-09 outputs/V1e27_D30_G4/solution/solution-00025 
 26 3.620685942673e+10 1.392571516413e+09 768 7235 3201 18 8 9 9 6.62830497e-10 1.11939748e-09 outputs/V1e27_D30_G4/solution/solution-00026 
 27 3.759943094314e+10 1.392571516413e+09 768 7235 3201 18 8 9 9 6.28653881e-10 1.06165334e-09 outputs/V1e27_D30_G4/solution/solution-00027 
 28 3.899200245955e+10 1.392571516413e+09 768 7235 3201 18 8 9 9 5.96241323e-10 1.00689039e-09 outputs/V1e27_D30_G4/solution/solution-00028 
 29 4.038457397597e+10 1.392571516413e+09 768 7235 3201 18 8 9 9 5.65501419e-10 9.54954342e-10 outputs/V1e27_D30_G4/solution/solution-00029 
 30 4.177714549238e+10 1.392571516413e+09 768 7235 3201 18 8 9 9 5.36347570e-10 9.05698982e-10 outputs/V1e27_D30_G4/solution/solution-00030 
 31 4.316971700879e+10 1.392571516413e+09 768 7235 3201 18 8 9 9 5.08697713e-10 8.58985692e-10 outputs/V1e27_D30_G4/solution/solution-00031 
 32 4.456228852520e+10 1.392571516413e+09 768 7235 3201 18 8 9 9 4.82474073e-10 8.14683074e-10 outputs/V1e27_D30_G4/solution/solution-00032 
 33 4.595486004162e+10 1.392571516413e+09 768 7235 3201 18 8 9 9 4.57602932e-10 7.72666552e-10 outputs/V1e27_D30_G4/solution/solution-00033 
 34 4.734743155803e+10 1.392571516413e+09 768 7235 3201 18 8 9 9 4.34014412e-10 7.32818017e-10 outputs/V1e27_D30_G4/solution/solution-00034 
 35 4.874000307444e+10 1.392571516413e+09 768 7235 3201 18 8 9 9 4.11642269e-10 6.95025485e-10 outputs/V1e27_D30_G4/solution/solution-00035 
 36 5.013257459085e+10 1.392571516413e+09 768 7235 3201 18 8 9 9 3.90423696e-10 6.59182773e-10 outputs/V1e27_D30_G4/solution/solution-00036 
 37 5.152514610727e+10 1.392571516413e+09 768 7235 3201 18 8 9 9 3.70299148e-10 6.25189199e-10 outputs/V1e27_D30_G4/solution/solution-00037 
 38 5.291771762368e+10 1.392571516413e+09 768 7235 3201 18 8 9 9 3.51212162e-10 5.92949288e-10 outputs/V1e27_D30_G4/solution/solution-00038 
 39 5.431028914009e+10 1.392571516413e+09 768 7235 3201 18 8 9 9 3.33109203e-10 5.62372510e-10 outputs/V1e27_D30_G4/solution/solution-00039 
 40 5.570286065650e+10 1.392571516413e+09 768 7235 3201 18 8 9 9 3.15939504e-10 5.33373012e-10 outputs/V1e27_D30_G4/solution/solution-00040 
 41 5.709543217292e+10 1.392571516413e+09 768 7235 3201 18 8 9 9 2.99654924e-10 5.05869382e-10 outputs/V1e27_D30_G4/solution/solution-00041 
 42 5.848800368933e+10 1.392571516413e+09 768 7235 3201 18 8 9 9 2.84209811e-10 4.79784416e-10 outputs/V1e27_D30_G4/solution/solution-00042 
 43 5.988057520574e+10 1.392571516413e+09 768 7235 3201 18 8 9 9 2.69560872e-10 4.55044900e-10 outputs/V1e27_D30_G4/solution/solution-00043 
 44 6.127314672215e+10 1.392571516413e+09 768 7235 3201 18 8 9 9 2.55667050e-10 4.31581401e-10 outputs/V1e27_D30_G4/solution/solution-00044 
 45 6.266571823857e+10 1.392571516413e+09 768 7235 3201 17 8 9 9 2.42489409e-10 4.09328074e-10 outputs/V1e27_D30_G4/solution/solution-00045 
 46 6.405828975498e+10 1.392571516413e+09 768 7235 3201 17 8 9 9 2.29991021e-10 3.88222474e-10 outputs/V1e27_D30_G4/solution/solution-00046 
 47 6.545086127139e+10 1.392571516413e+09 768 7235 3201 17 8 9 9 2.18136865e-10 3.68205381e-10 outputs/V1e27_D30_G4/solution/solution-00047 
 48 6.684343278781e+10 1.392571516413e+09 768 7235 3201 17 8 9 9 2.06893729e-10 3.49220633e-10 outputs/V1e27_D30_G4/solution/solution-00048 
 49 6.823600430422e+10 1.392571516413e+09 768 7235 3201 17 8 9 9 1.96230110e-10 3.31214968e-10 outputs/V1e27_D30_G4/solution/solution-00049 
 50 6.962857582063e+10 1.392571516413e+09 768 7235 3201 17 8 9 9 1.86116135e-10 3.14137874e-10 outputs/V1e27_D30_G4/solution/solution-00050 
 51 7.102114733704e+10 1.392571516413e+09 768 7235 3201 17 8 9 9 1.76523469e-10 2.97941446e-10 outputs/V1e27_D30_G4/solution/solution-00051 
 52 7.241371885346e+10 1.392571516413e+09 768 7235 3201 17 8 9 9 1.67425238e-10 2.82580253e-10 outputs/V1e27_D30_G4/solution/solution-00052 
 53 7.380629036987e+10 1.392571516413e+09 768 7235 3201 17 8 9 9 1.58795956e-10 2.68011207e-10 outputs/V1e27_D30_G4/solution/solution-00053 
 54 7.519886188628e+10 1.392571516413e+09 768 7235 3201 17 8 9 9 1.50611450e-10 2.54193446e-10 outputs/V1e27_D30_G4/solution/solution-00054 
 55 7.659143340269e+10 1.392571516413e+09 768 7235 3201 17 8 9 9 1.42848793e-10 2.41088216e-10 outputs/V1e27_D30_G4/solution/solution-00055 
 56 7.798400491911e+10 1.392571516413e+09 768 7235 3201 17 8 9 9 1.35486241e-10 2.28658764e-10 outputs/V1e27_D30_G4/solution/solution-00056 
 57 7.937657643552e+10 1.392571516413e+09 768 7235 3201 17 8 9 9 1.28503170e-10 2.16870233e-10 outputs/V1e27_D30_G4/solution/solution-00057 
 58 8.076914795193e+10 1.392571516413e+09 768 7235 3201 17 8 9 9 1.21880021e-10 2.05689563e-10 outputs/V1e27_D30_G4/solution/solution-00058 
 59 8.216171946834e+10 1.392571516413e+09 768 7235 3201 17 8 9 9 1.15598241e-10 1.95085404e-10 outputs/V1e27_D30_G4/solution/solution-00059 
 60 8.355429098476e+10 1.392571516413e+09 768 7235 3201 17 8 9 9 1.09640235e-10 1.85028020e-10 outputs/V1e27_D30_G4/solution/solution-00060 
 61 8.494686250117e+10 1.392571516413e+09 768 7235 3201 17 8 9 9 1.03989314e-10 1.75489211e-10 outputs/V1e27_D30_G4/solution/solution-00061 
 62 8.633943401758e+10 1.392571516413e+09 768 7235 3201 17 8 9 9 9.86296507e-11 1.66442233e-10 outputs/V1e27_D30_G4/solution/solution-00062 
 63 8.773200553399e+10 1.392571516413e+09 768 7235 3201 17 8 9 9 9.35462326e-11 1.57861719e-10 outputs/V1e27_D30_G4/solution/solution-00063 
 64 8.912457705041e+10 1.392571516413e+09 768 7235 3201 17 8 9 9 8.87248213e-11 1.49723613e-10 outputs/V1e27_D30_G4/solution/solution-00064 
 65 9.051714856682e+10 1.392571516413e+09 768 7235 3201 17 8 9 9 8.41519122e-11 1.42005099e-10 outputs/V1e27_D30_G4/solution/solution-00065 
 66 9.190972008323e+10 1.392571516413e+09 768 7235 3201 17 8 9 9 7.98146970e-11 1.34684540e-10 outputs/V1e27_D30_G4/solution/solution-00066 
 67 9.330229159964e+10 1.392571516413e+09 768 7235 3201 17 8 9 9 7.57010274e-11 1.27741412e-10 outputs/V1e27_D30_G4/solution/solution-00067 
 68 9.469486311606e+10 1.392571516413e+09 768 7235 3201 17 8 9 9 7.17993816e-11 1.21156253e-10 outputs/V1e27_D30_G4/solution/solution-00068 
 69 9.608743463247e+10 1.392571516413e+09 768 7235 3201 17 8 9 9 6.80988311e-11 1.14910603e-10 outputs/V1e27_D30_G4/solution/solution-00069 
 70 9.748000614888e+10 1.392571516413e+09 768 7235 3201 17 8 9 9 6.45890115e-11 1.08986954e-10 outputs/V1e27_D30_G4/solution/solution-00070 
 71 9.887257766530e+10 1.392571516413e+09 768 7235 3201 16 8 9 9 6.12600924e-11 1.03368704e-10 outputs/V1e27_D30_G4/solution/solution-00071 
 72 1.002651491817e+11 1.392571516413e+09 768 7235 3201 16 8 9 9 5.81027497e-11 9.80401032e-11 outputs/V1e27_D30_G4/solution/solution-00072 
 73 1.016577206981e+11 1.392571516413e+09 768 7235 3201 16 8 9 9 5.51081397e-11 9.29862171e-11 outputs/V1e27_D30_G4/solution/solution-00073 
 74 1.030502922145e+11 1.392571516413e+09 768 7235 3201 16 8 9 9 5.22678750e-11 8.81928795e-11 outputs/V1e27_D30_G4/solution/solution-00074 
 75 1.044428637309e+11 1.392571516413e+09 768 7235 3201 16 8 9 9 4.95740003e-11 8.36466564e-11 outputs/V1e27_D30_G4/solution/solution-00075 
 76 1.058354352474e+11 1.392571516413e+09 768 7235 3201 16 8 9 9 4.70189704e-11 7.93348059e-11 outputs/V1e27_D30_G4/solution/solution-00076 
 77 1.072280067638e+11 1.392571516413e+09 768 7235 3201 16 8 9 9 4.45956291e-11 7.52452437e-11 outputs/V1e27_D30_G4/solution/solution-00077 
 78 1.086205782802e+11 1.392571516413e+09 768 7235 3201 16 8 9 9 4.22971890e-11 7.13665084e-11 outputs/V1e27_D30_G4/solution/solution-00078 
 79 1.100131497966e+11 1.392571516413e+09 768 7235 3201 16 8 9 9 4.01172123e-11 6.76877298e-11 outputs/V1e27_D30_G4/solution/solution-00079 
 80 1.114057213130e+11 1.392571516413e+09 768 7235 3201 16 8 9 9 3.80495934e-11 6.41985985e-11 outputs/V1e27_D30_G4/solution/solution-00080 
 81 1.127982928294e+11 1.392571516413e+09 768 7235 3201 16 8 9 9 3.60885411e-11 6.08893365e-11 outputs/V1e27_D30_G4/solution/solution-00081 
 82 1.141908643458e+11 1.392571516413e+09 768 7235 3201 16 8 9 9 3.42285630e-11 5.77506702e-11 outputs/V1e27_D30_G4/solution/solution-00082 
 83 1.155834358622e+11 1.392571516413e+09 768 7235 3201 16 8 9 9 3.24644493e-11 5.47738041e-11 outputs/V1e27_D30_G4/solution/solution-00083 
 84 1.169760073787e+11 1.392571516413e+09 768 7235 3201 16 8 9 9 3.07912593e-11 5.19503964e-11 outputs/V1e27_D30_G4/solution/solution-00084 
 85 1.183685788951e+11 1.392571516413e+09 768 7235 3201 16 8 9 9 2.92043065e-11 4.92725352e-11 outputs/V1e27_D30_G4/solution/solution-00085 
 86 1.197611504115e+11 1.392571516413e+09 768 7235 3201 16 8 9 9 2.76991463e-11 4.67327171e-11 outputs/V1e27_D30_G4/solution/solution-00086 
 87 1.211537219279e+11 1.392571516413e+09 768 7235 3201 16 8 9 9 2.62715627e-11 4.43238251e-11 outputs/V1e27_D30_G4/solution/solution-00087 
 88 1.225462934443e+11 1.392571516413e+09 768 7235 3201 16 8 9 9 2.49175576e-11 4.20391093e-11 outputs/V1e27_D30_G4/solution/solution-00088 
 89 1.239388649607e+11 1.392571516413e+09 768 7235 3201 16 8 9 9 2.36333385e-11 3.98721679e-11 outputs/V1e27_D30_G4/solution/solution-00089 
 90 1.253314364771e+11 1.392571516413e+09 768 7235 3201 16 8 9 9 2.24153086e-11 3.78169294e-11 outputs/V1e27_D30_G4/solution/solution-00090 
 91 1.267240079935e+11 1.392571516413e+09 768 7235 3201 16 8 9 9 2.12600564e-11 3.58676350e-11 outputs/V1e27_D30_G4/solution/solution-00091 
 92 1.281165795100e+11 1.392571516413e+09 768 7235 3201 16 8 9 9 2.01643464e-11 3.40188232e-11 outputs/V1e27_D30_G4/solution/solution-00092 
 93 1.295091510264e+11 1.392571516413e+09 768 7235 3201 16 8 9 9 1.91251094e-11 3.22653134e-11 outputs/V1e27_D30_G4/solution/solution-00093 
 94 1.309017225428e+11 1.392571516413e+09 768 7235 3201 16 8 9 9 1.81394351e-11 3.06021930e-11 outputs/V1e27_D30_G4/solution/solution-00094 
 95 1.322942940592e+11 1.392571516413e+09 768 7235 3201 16 8 9 9 1.72045626e-11 2.90248023e-11 outputs/V1e27_D30_G4/solution/solution-00095 
 96 1.336868655756e+11 1.392571516413e+09 768 7235 3201 15 8 9 9 1.63178741e-11 2.75287230e-11 outputs/V1e27_D30_G4/solution/solution-00096 
 97 1.350794370920e+11 1.392571516413e+09 768 7235 3201 15 8 9 9 1.54768858e-11 2.61097625e-11 outputs/V1e27_D30_G4/solution/solution-00097 
 98 1.364720086084e+11 1.392571516413e+09 768 7235 3201 15 8 9 9 1.46792422e-11 2.47639448e-11 outputs/V1e27_D30_G4/solution/solution-00098 
 99 1.378645801248e+11 1.392571516413e+09 768 7235 3201 15 8 9 9 1.39227091e-11 2.34874996e-11 outputs/V1e27_D30_G4/solution/solution-00099 
100 1.392571516413e+11 1.392571516413e+09 768 7235 3201 15 8 9 9 1.32051676e-11 2.22768504e-11 outputs/V1e27_D30_G4/solution/solution-00100 
