# 1: Time step number
# 2: Time (years)
# 3: Time step size (years)
# 4: Number of mesh cells
# 5: Number of Stokes degrees of freedom
# 6: Number of temperature degrees of freedom
# 7: Iterations for temperature solver
# 8: Iterations for Stokes solver
# 9: Velocity iterations in Stokes preconditioner
# 10: Schur complement iterations in Stokes preconditioner
# 11: RMS velocity (m/year)
# 12: Max. velocity (m/year)
# 13: Visualization file name
  0 0.000000000000e+00 0.000000000000e+00 768 7235 3201  0 8 9 9 7.93470422e-06 1.36349402e-05 outputs/V1e24_D300_G12/solution/solution-00000 
  1 1.392571516413e+09 1.392571516413e+09 768 7235 3201 31 8 9 9 1.91949818e-05 3.44761813e-05 outputs/V1e24_D300_G12/solution/solution-00001 
  2 2.785143032825e+09 1.392571516413e+09 768 7235 3201 25 8 9 9 6.00464713e-05 1.13929388e-04 outputs/V1e24_D300_G12/solution/solution-00002 
  3 3.608084110611e+09 8.229410777856e+08 768 7235 3201 21 8 9 9 1.41211803e-04 2.74009469e-04 outputs/V1e24_D300_G12/solution/solution-00003 
  4 3.950152343066e+09 3.420682324549e+08 768 7235 3201 14 8 9 9 2.20959077e-04 4.32460288e-04 outputs/V1e24_D300_G12/solution/solution-00004 
  5 4.167038221349e+09 2.168858782838e+08 768 7235 3201 12 7 8 8 3.03282257e-04 5.96341908e-04 outputs/V1e24_D300_G12/solution/solution-00005 
  6 4.324246693192e+09 1.572084718427e+08 768 7235 3201 11 7 8 8 3.87006944e-04 7.63216182e-04 outputs/V1e24_D300_G12/solution/solution-00006 
  7 4.447053729301e+09 1.228070361085e+08 768 7235 3201 10 7 8 8 4.71745194e-04 9.32663499e-04 outputs/V1e24_D300_G12/solution/solution-00007 
  8 4.547606037299e+09 1.005523079981e+08 768 7235 3201 10 7 8 8 5.57429247e-04 1.10398853e-03 outputs/V1e24_D300_G12/solution/solution-00008 
  9 4.632525397632e+09 8.491936033291e+07 768 7235 3201 10 6 7 7 6.44008801e-04 1.27721763e-03 outputs/V1e24_D300_G12/solution/solution-00009 
 10 4.705908869561e+09 7.338347192903e+07 768 7235 3201 10 6 7 7 7.31524407e-04 1.45277539e-03 outputs/V1e24_D300_G12/solution/solution-00010 
 11 4.770477616473e+09 6.456874691209e+07 768 7235 3201 10 6 7 7 8.20061199e-04 1.62981143e-03                                             "" 
 12 4.827999608284e+09 5.752199181162e+07 768 7235 3201 10 6 7 7 9.09495581e-04 1.80808016e-03 outputs/V1e24_D300_G12/solution/solution-00011 
 13 4.879872411074e+09 5.187280278907e+07 768 7235 3201 10 6 7 7 9.99862240e-04 1.98630783e-03                                             "" 
 14 4.927053996827e+09 4.718158575337e+07 768 7235 3201 10 6 7 7 1.09098421e-03 2.16591152e-03 outputs/V1e24_D300_G12/solution/solution-00012 
 15 4.970362372720e+09 4.330837589307e+07 768 7235 3201 10 6 7 7 1.18279870e-03 2.34434288e-03                                             "" 
 16 5.010352256846e+09 3.998988412588e+07 768 7235 3201 10 6 7 7 1.27498297e-03 2.52054375e-03 outputs/V1e24_D300_G12/solution/solution-00013 
 17 5.047552566027e+09 3.720030918086e+07 768 7235 3201 11 6 7 7 1.36735879e-03 2.69478853e-03                                             "" 
 18 5.082357317685e+09 3.480475165852e+07 768 7235 3201 11 6 7 7 1.45959431e-03 2.86360485e-03                                             "" 
 19 5.115083062537e+09 3.272574485157e+07 768 7235 3201 11 6 7 7 1.55127287e-03 3.02895058e-03 outputs/V1e24_D300_G12/solution/solution-00014 
 20 5.146029386405e+09 3.094632386781e+07 768 7235 3201 11 6 7 7 1.64202737e-03 3.18859442e-03                                             "" 
 21 5.175446195091e+09 2.941680868649e+07 768 7235 3201 11 6 7 7 1.73143166e-03 3.34017472e-03                                             "" 
 22 5.203523925746e+09 2.807773065484e+07 768 7235 3201 12 6 7 7 1.81894317e-03 3.53924505e-03 outputs/V1e24_D300_G12/solution/solution-00015 
 23 5.230012625627e+09 2.648869988147e+07 768 7235 3201 12 6 7 7 1.90268054e-03 3.75385315e-03                                             "" 
 24 5.254986964314e+09 2.497433868659e+07 768 7235 3201 12 6 7 7 1.98185579e-03 3.95709468e-03                                             "" 
 25 5.278678588501e+09 2.369162418746e+07 768 7235 3201 12 6 7 7 2.05632665e-03 4.14805224e-03                                             "" 
 26 5.301279557493e+09 2.260096899124e+07 768 7235 3201 12 6 7 7 2.12596169e-03 4.32597834e-03 outputs/V1e24_D300_G12/solution/solution-00016 
 27 5.322950955886e+09 2.167139839305e+07 768 7235 3201 12 6 7 7 2.19064584e-03 4.49150155e-03                                             "" 
 28 5.343829327594e+09 2.087837170795e+07 768 7235 3201 12 6 7 7 2.25028411e-03 4.64401654e-03                                             "" 
 29 5.364031570542e+09 2.020224294791e+07 768 7235 3201 12 6 7 7 2.30480459e-03 4.78224494e-03                                             "" 
 30 5.383657123831e+09 1.962555328902e+07 768 7235 3201 12 6 7 7 2.35415691e-03 4.90600189e-03                                             "" 
 31 5.402780842680e+09 1.912371884938e+07 768 7235 3201 12 6 7 7 2.39829370e-03 5.01517549e-03 outputs/V1e24_D300_G12/solution/solution-00017 
 32 5.421482048989e+09 1.870120630936e+07 768 7235 3201 12 6 7 7 2.43723821e-03 5.10988197e-03                                             "" 
 33 5.439830959600e+09 1.834891061095e+07 768 7235 3201 12 6 7 7 2.47104171e-03 5.19034495e-03                                             "" 
 34 5.457890229914e+09 1.805927031345e+07 768 7235 3201 12 6 7 7 2.49978357e-03 5.25688538e-03                                             "" 
 35 5.475716196475e+09 1.782596656088e+07 768 7235 3201 12 6 7 7 2.52357083e-03 5.30991191e-03                                             "" 
 36 5.493359881966e+09 1.764368549122e+07 768 7235 3201 12 6 7 7 2.54253727e-03 5.34991183e-03 outputs/V1e24_D300_G12/solution/solution-00018 
 37 5.510867810697e+09 1.750792873107e+07 768 7235 3201 12 6 7 7 2.55684193e-03 5.37956652e-03 outputs/V1e24_D300_G12/solution/solution-00019 
 38 5.528282671493e+09 1.741486079568e+07 768 7235 3201 12 6 7 7 2.56666728e-03 5.39717688e-03                                             "" 
 39 5.545643856605e+09 1.736118511220e+07 768 7235 3201 12 6 7 7 2.57221683e-03 5.40337456e-03                                             "" 
 40 5.562987899062e+09 1.734404245673e+07 768 7235 3201 12 6 7 7 2.57371248e-03 5.39886910e-03                                             "" 
 41 5.580348826172e+09 1.736092711079e+07 768 7235 3201 12 6 7 7 2.57139148e-03 5.38440869e-03                                             "" 
 42 5.597758443345e+09 1.740961717278e+07 768 7235 3201 12 6 7 7 2.56550329e-03 5.36077098e-03 outputs/V1e24_D300_G12/solution/solution-00020 
 43 5.615246559660e+09 1.748811631498e+07 768 7235 3201 12 6 7 7 2.55630619e-03 5.32875388e-03 outputs/V1e24_D300_G12/solution/solution-00021 
 44 5.632841164588e+09 1.759460492826e+07 768 7235 3201 12 6 7 7 2.54406398e-03 5.28916646e-03                                             "" 
 45 5.650568563680e+09 1.772739909185e+07 768 7235 3201 12 6 7 7 2.52904260e-03 5.24282015e-03                                             "" 
 46 5.668453479859e+09 1.788491617867e+07 768 7235 3201 12 6 7 7 2.51150701e-03 5.19052017e-03                                             "" 
 47 5.686519126043e+09 1.806564618433e+07 768 7235 3201 12 6 7 7 2.49171813e-03 5.13305756e-03                                             "" 
 48 5.704787254118e+09 1.826812807516e+07 768 7235 3201 12 6 7 7 2.46993019e-03 5.07120176e-03 outputs/V1e24_D300_G12/solution/solution-00022 
 49 5.723278184724e+09 1.849093060576e+07 768 7235 3201 12 6 7 7 2.44638826e-03 5.00569393e-03                                             "" 
 50 5.742010821898e+09 1.873263717416e+07 768 7235 3201 12 6 7 7 2.42132623e-03 4.93724112e-03                                             "" 
 51 5.761002656268e+09 1.899183436990e+07 768 7235 3201 11 6 7 7 2.39496505e-03 4.86651134e-03                                             "" 
 52 5.780269760200e+09 1.926710393205e+07 768 7235 3201 11 6 7 7 2.36751140e-03 4.79412960e-03                                             "" 
 53 5.799826778072e+09 1.955701787159e+07 768 7235 3201 11 6 7 7 2.33915674e-03 4.72067484e-03 outputs/V1e24_D300_G12/solution/solution-00023 
 54 5.819686914601e+09 1.986013652928e+07 768 7235 3201 11 6 7 7 2.31007659e-03 4.64667784e-03 outputs/V1e24_D300_G12/solution/solution-00024 
 55 5.839861923939e+09 2.017500933817e+07 768 7235 3201 11 6 7 7 2.28043026e-03 4.57262006e-03                                             "" 
 56 5.860362101983e+09 2.050017804413e+07 768 7235 3201 11 6 7 7 2.25036075e-03 4.49893319e-03                                             "" 
 57 5.881196284096e+09 2.083418211232e+07 768 7235 3201 11 6 7 7 2.21999504e-03 4.42599961e-03                                             "" 
 58 5.902371850113e+09 2.117556601718e+07 768 7235 3201 11 6 7 7 2.18944447e-03 4.35415336e-03 outputs/V1e24_D300_G12/solution/solution-00025 
 59 5.923894738195e+09 2.152288808165e+07 768 7235 3201 11 6 7 7 2.15880538e-03 4.28368177e-03                                             "" 
 60 5.945769468697e+09 2.187473050279e+07 768 7235 3201 11 6 7 7 2.12815996e-03 4.21482754e-03                                             "" 
 61 5.967999178876e+09 2.222971017849e+07 768 7235 3201 11 6 7 7 2.09757712e-03 4.14779120e-03                                             "" 
 62 5.990585668812e+09 2.258648993599e+07 768 7235 3201 11 6 7 7 2.06711354e-03 4.08273382e-03                                             "" 
 63 6.013529458574e+09 2.294378976193e+07 768 7235 3201 11 6 7 7 2.03681475e-03 4.02073014e-03 outputs/V1e24_D300_G12/solution/solution-00026 
 64 6.036829856219e+09 2.330039764476e+07 768 7235 3201 11 6 7 7 2.00671632e-03 3.96092134e-03                                             "" 
 65 6.060485035886e+09 2.365517966697e+07 768 7235 3201 11 6 7 7 1.97684497e-03 3.90335288e-03                                             "" 
 66 6.084492124910e+09 2.400708902432e+07 768 7235 3201 11 6 7 7 1.94721977e-03 3.84805602e-03                                             "" 
 67 6.108847298612e+09 2.435517370199e+07 768 7235 3201 11 6 7 7 1.91785328e-03 3.79503826e-03 outputs/V1e24_D300_G12/solution/solution-00027 
 68 6.133545881212e+09 2.469858260036e+07 768 7235 3201 11 6 7 7 1.88875269e-03 3.74428625e-03                                             "" 
 69 6.158582451184e+09 2.503656997152e+07 768 7235 3201 11 6 7 7 1.85992083e-03 3.69576855e-03                                             "" 
 70 6.183950949283e+09 2.536849809953e+07 768 7235 3201 11 6 7 7 1.83135719e-03 3.64943822e-03                                             "" 
 71 6.209644787510e+09 2.569383822649e+07 768 7235 3201 11 6 7 7 1.80305883e-03 3.60523529e-03 outputs/V1e24_D300_G12/solution/solution-00028 
 72 6.235656957301e+09 2.601216979083e+07 768 7235 3201 11 6 7 7 1.77502122e-03 3.56308897e-03                                             "" 
 73 6.261980135400e+09 2.632317809919e+07 768 7235 3201 11 6 7 7 1.74723897e-03 3.52291976e-03                                             "" 
 74 6.288606785997e+09 2.662665059759e+07 768 7235 3201 11 6 7 7 1.71970645e-03 3.48464131e-03                                             "" 
 75 6.315529257936e+09 2.692247193913e+07 768 7235 3201 10 6 7 7 1.69241836e-03 3.44816214e-03 outputs/V1e24_D300_G12/solution/solution-00029 
 76 6.342739876001e+09 2.721061806502e+07 768 7235 3201 10 6 7 7 1.66537016e-03 3.41338708e-03                                             "" 
 77 6.370231025524e+09 2.749114952286e+07 768 7235 3201 10 6 7 7 1.63855843e-03 3.38021865e-03                                             "" 
 78 6.397990043999e+09 2.775901847488e+07 768 7235 3201 10 6 7 7 1.61198604e-03 3.34856395e-03                                             "" 
 79 6.426007340888e+09 2.801729688875e+07 768 7235 3201 10 6 7 7 1.58565440e-03 3.31832566e-03 outputs/V1e24_D300_G12/solution/solution-00030 
 80 6.454275851990e+09 2.826851110247e+07 768 7235 3201 10 6 7 7 1.55956438e-03 3.28940452e-03                                             "" 
 81 6.482788855253e+09 2.851300326263e+07 768 7235 3201 10 5 6 6 1.53371857e-03 3.26170283e-03                                             "" 
 82 6.511540015451e+09 2.875116019810e+07 768 7235 3201 10 5 6 6 1.50812122e-03 3.23512505e-03 outputs/V1e24_D300_G12/solution/solution-00031 
 83 6.540523421317e+09 2.898340586575e+07 768 7235 3201 10 5 6 6 1.48277819e-03 3.20957822e-03                                             "" 
 84 6.569733616278e+09 2.921019496127e+07 768 7235 3201 10 5 6 6 1.45769683e-03 3.18530783e-03                                             "" 
 85 6.599165622565e+09 2.943200628729e+07 768 7235 3201 10 5 6 6 1.43288582e-03 3.16195940e-03                                             "" 
 86 6.628814959597e+09 2.964933703158e+07 768 7235 3201 10 5 6 6 1.40835497e-03 3.13936810e-03 outputs/V1e24_D300_G12/solution/solution-00032 
 87 6.658677657133e+09 2.986269753559e+07 768 7235 3201 10 5 6 6 1.38411504e-03 3.11745507e-03                                             "" 
 88 6.688750263771e+09 3.007260663844e+07 768 7235 3201 10 5 6 6 1.36017752e-03 3.09614521e-03                                             "" 
 89 6.719029851366e+09 3.027958759460e+07 768 7235 3201 10 5 6 6 1.33655434e-03 3.07536721e-03 outputs/V1e24_D300_G12/solution/solution-00033 
 90 6.749514015918e+09 3.048416455268e+07 768 7235 3201 10 5 6 6 1.31325768e-03 3.05505357e-03                                             "" 
 91 6.780200875493e+09 3.068685957449e+07 768 7235 3201  9 5 6 6 1.29029968e-03 3.03514060e-03                                             "" 
 92 6.811089065659e+09 3.088819016603e+07 768 7235 3201  9 5 6 6 1.26769221e-03 3.01556831e-03 outputs/V1e24_D300_G12/solution/solution-00034 
 93 6.842177732944e+09 3.108866728524e+07 768 7235 3201  9 5 6 6 1.24544661e-03 2.99628041e-03                                             "" 
 94 6.873466526730e+09 3.128879378613e+07 768 7235 3201  9 5 6 6 1.22357344e-03 2.97722416e-03                                             "" 
 95 6.904955589984e+09 3.148906325349e+07 768 7235 3201  9 5 6 6 1.20208231e-03 2.95835029e-03 outputs/V1e24_D300_G12/solution/solution-00035 
 96 6.936645549162e+09 3.168995917855e+07 768 7235 3201  9 5 6 6 1.18098163e-03 2.93961288e-03                                             "" 
 97 6.968537503585e+09 3.189195442295e+07 768 7235 3201  9 5 6 6 1.16027850e-03 2.92096924e-03                                             "" 
 98 7.000633014502e+09 3.209551091648e+07 768 7235 3201  9 5 6 6 1.13997850e-03 2.90237978e-03 outputs/V1e24_D300_G12/solution/solution-00036 
 99 7.032934094035e+09 3.230107953373e+07 768 7235 3201  9 5 6 6 1.12008565e-03 2.88380791e-03                                             "" 
100 7.065443194131e+09 3.250910009571e+07 768 7235 3201  9 5 6 6 1.10060232e-03 2.86521992e-03                                             "" 
