# 1: Time step number
# 2: Time (years)
# 3: Time step size (years)
# 4: Number of mesh cells
# 5: Number of Stokes degrees of freedom
# 6: Number of temperature degrees of freedom
# 7: Iterations for temperature solver
# 8: Iterations for Stokes solver
# 9: Velocity iterations in Stokes preconditioner
# 10: Schur complement iterations in Stokes preconditioner
# 11: RMS velocity (m/year)
# 12: Max. velocity (m/year)
# 13: Visualization file name
  0 0.000000000000e+00 0.000000000000e+00 768 7235 3201  0 8 9 9 1.20479197e-06 2.14344555e-06 outputs/V3.3e24_D10_G6/solution/solution-00000 
  1 1.392571516413e+09 1.392571516413e+09 768 7235 3201 32 8 9 9 1.23620314e-06 2.15230320e-06 outputs/V3.3e24_D10_G6/solution/solution-00001 
  2 2.785143032825e+09 1.392571516413e+09 768 7235 3201 25 8 9 9 1.33823466e-06 2.42451581e-06 outputs/V3.3e24_D10_G6/solution/solution-00002 
  3 4.177714549238e+09 1.392571516413e+09 768 7235 3201 24 8 9 9 1.54421332e-06 2.90331274e-06 outputs/V3.3e24_D10_G6/solution/solution-00003 
  4 5.570286065650e+09 1.392571516413e+09 768 7235 3201 23 8 9 9 1.89422054e-06 3.66235068e-06 outputs/V3.3e24_D10_G6/solution/solution-00004 
  5 6.962857582063e+09 1.392571516413e+09 768 7235 3201 23 8 9 9 2.44922559e-06 4.81659166e-06 outputs/V3.3e24_D10_G6/solution/solution-00005 
  6 8.355429098476e+09 1.392571516413e+09 768 7235 3201 22 8 9 9 3.30529709e-06 6.54964117e-06 outputs/V3.3e24_D10_G6/solution/solution-00006 
  7 9.748000614888e+09 1.392571516413e+09 768 7235 3201 21 8 9 9 4.61476799e-06 9.15200747e-06 outputs/V3.3e24_D10_G6/solution/solution-00007 
  8 1.114057213130e+10 1.392571516413e+09 768 7235 3201 21 8 9 9 6.61900778e-06 1.30810697e-05 outputs/V3.3e24_D10_G6/solution/solution-00008 
  9 1.253314364771e+10 1.392571516413e+09 768 7235 3201 21 8 9 9 9.70061607e-06 1.90621585e-05 outputs/V3.3e24_D10_G6/solution/solution-00009 
 10 1.392571516413e+10 1.392571516413e+09 768 7235 3201 21 8 9 9 1.44672770e-05 2.82328213e-05 outputs/V3.3e24_D10_G6/solution/solution-00010 
 11 1.531828668054e+10 1.392571516413e+09 768 7235 3201 21 8 9 9 2.18868821e-05 4.23941645e-05 outputs/V3.3e24_D10_G6/solution/solution-00011 
 12 1.671085819695e+10 1.392571516413e+09 768 7235 3201 21 8 9 9 3.35052044e-05 6.44232657e-05 outputs/V3.3e24_D10_G6/solution/solution-00012 
 13 1.810342971336e+10 1.392571516413e+09 768 7235 3201 22 7 8 8 5.17936855e-05 9.89098310e-05 outputs/V3.3e24_D10_G6/solution/solution-00013 
 14 1.905153973351e+10 9.481100201453e+08 768 7235 3201 19 7 8 8 7.05902134e-05 1.34233698e-04 outputs/V3.3e24_D10_G6/solution/solution-00014 
 15 1.974994856516e+10 6.984088316539e+08 768 7235 3201 17 7 8 8 8.94346605e-05 1.69575615e-04 outputs/V3.3e24_D10_G6/solution/solution-00015 
 16 2.030311020338e+10 5.531616382200e+08 768 7235 3201 15 7 8 8 1.08360755e-04 2.04938660e-04 outputs/V3.3e24_D10_G6/solution/solution-00016 
 17 2.076043516399e+10 4.573249606109e+08 768 7235 3201 13 6 7 7 1.27301540e-04 2.40358503e-04 outputs/V3.3e24_D10_G6/solution/solution-00017 
 18 2.115054831186e+10 3.901131478631e+08 768 7235 3201 12 6 7 7 1.46233758e-04 2.75587711e-04 outputs/V3.3e24_D10_G6/solution/solution-00018 
 19 2.149075627765e+10 3.402079657936e+08 768 7235 3201 12 6 7 7 1.65119939e-04 3.10686809e-04 outputs/V3.3e24_D10_G6/solution/solution-00019 
 20 2.179250710014e+10 3.017508224843e+08 768 7235 3201 11 6 7 7 1.83924552e-04 3.45436602e-04 outputs/V3.3e24_D10_G6/solution/solution-00020 
 21 2.206397743308e+10 2.714703329430e+08 768 7235 3201 11 6 7 7 2.02626189e-04 3.79871557e-04 outputs/V3.3e24_D10_G6/solution/solution-00021 
 22 2.231083220641e+10 2.468547733337e+08 768 7235 3201 10 6 7 7 2.21181805e-04 4.13678512e-04 outputs/V3.3e24_D10_G6/solution/solution-00022 
 23 2.253736653323e+10 2.265343268222e+08 768 7235 3201 10 6 7 7 2.39549896e-04 4.47191758e-04 outputs/V3.3e24_D10_G6/solution/solution-00023 
 24 2.274700254248e+10 2.096360092468e+08 768 7235 3201 10 6 7 7 2.57696877e-04 4.80032290e-04 outputs/V3.3e24_D10_G6/solution/solution-00024 
 25 2.294240974337e+10 1.954072008920e+08 768 7235 3201 10 6 7 7 2.75584676e-04 5.12010823e-04 outputs/V3.3e24_D10_G6/solution/solution-00025 
 26 2.312552667999e+10 1.831169366121e+08 768 7235 3201  9 6 7 7 2.93153208e-04 5.43306046e-04 outputs/V3.3e24_D10_G6/solution/solution-00026 
 27 2.329808135839e+10 1.725546784047e+08 768 7235 3201  9 6 7 7 3.10356231e-04 5.73589629e-04 outputs/V3.3e24_D10_G6/solution/solution-00027 
 28 2.346152573608e+10 1.634443776869e+08 768 7235 3201  9 6 7 7 3.27148983e-04 6.02739410e-04 outputs/V3.3e24_D10_G6/solution/solution-00028 
 29 2.361706627305e+10 1.555405369701e+08 768 7235 3201  9 6 7 7 3.43485119e-04 6.31001133e-04 outputs/V3.3e24_D10_G6/solution/solution-00029 
 30 2.376571767813e+10 1.486514050799e+08 768 7235 3201  9 6 7 7 3.59317523e-04 6.57981070e-04 outputs/V3.3e24_D10_G6/solution/solution-00030 
 31 2.390827466034e+10 1.425569822139e+08 768 7235 3201  9 6 7 7 3.74591833e-04 6.83596858e-04 outputs/V3.3e24_D10_G6/solution/solution-00031 
 32 2.404543997514e+10 1.371653147955e+08 768 7235 3201  9 6 7 7 3.89257892e-04 7.07779573e-04 outputs/V3.3e24_D10_G6/solution/solution-00032 
 33 2.417787437433e+10 1.324343991980e+08 768 7235 3201  9 6 7 7 4.03273696e-04 7.30479027e-04 outputs/V3.3e24_D10_G6/solution/solution-00033 
 34 2.430615388554e+10 1.282795112051e+08 768 7235 3201  9 6 7 7 4.16599588e-04 7.51893331e-04 outputs/V3.3e24_D10_G6/solution/solution-00034 
 35 2.443078467791e+10 1.246307923685e+08 768 7235 3201  9 6 7 7 4.29198920e-04 7.71913335e-04 outputs/V3.3e24_D10_G6/solution/solution-00035 
 36 2.455221483897e+10 1.214301610650e+08 768 7235 3201  9 6 7 7 4.41038657e-04 7.90327908e-04 outputs/V3.3e24_D10_G6/solution/solution-00036 
 37 2.467084380394e+10 1.186289649711e+08 768 7235 3201  9 6 7 7 4.52089899e-04 8.07116511e-04 outputs/V3.3e24_D10_G6/solution/solution-00037 
 38 2.478702997831e+10 1.161861743714e+08 768 7235 3201  9 6 7 7 4.62328317e-04 8.22267887e-04 outputs/V3.3e24_D10_G6/solution/solution-00038 
 39 2.490109695429e+10 1.140669759731e+08 768 7235 3201  9 6 7 7 4.71734501e-04 8.35779960e-04 outputs/V3.3e24_D10_G6/solution/solution-00039 
 40 2.501333862143e+10 1.122416671429e+08 768 7235 3201  9 6 7 7 4.80294206e-04 8.47659620e-04 outputs/V3.3e24_D10_G6/solution/solution-00040 
 41 2.512400547717e+10 1.106668557378e+08 768 7235 3201  9 6 7 7 4.87997321e-04 8.57920853e-04 outputs/V3.3e24_D10_G6/solution/solution-00041 
 42 2.523333010719e+10 1.093246300178e+08 768 7235 3201  9 5 6 6 4.94839852e-04 8.66587134e-04 outputs/V3.3e24_D10_G6/solution/solution-00042 
 43 2.534154565988e+10 1.082155526926e+08 768 7235 3201  9 5 6 6 5.00824561e-04 8.73691565e-04 outputs/V3.3e24_D10_G6/solution/solution-00043 
 44 2.544886809759e+10 1.073224377120e+08 768 7235 3201  9 5 6 6 5.05959217e-04 8.82941145e-04 outputs/V3.3e24_D10_G6/solution/solution-00044 
 45 2.555504731529e+10 1.061792176966e+08 768 7235 3201  9 5 6 6 5.10239877e-04 8.93616421e-04 outputs/V3.3e24_D10_G6/solution/solution-00045 
 46 2.565995810007e+10 1.049107847779e+08 768 7235 3201  9 5 6 6 5.13684549e-04 9.02484825e-04 outputs/V3.3e24_D10_G6/solution/solution-00046 
 47 2.576383796307e+10 1.038798630016e+08 768 7235 3201  9 5 6 6 5.16332312e-04 9.09564997e-04 outputs/V3.3e24_D10_G6/solution/solution-00047 
 48 2.586690921178e+10 1.030712487101e+08 768 7235 3201  9 5 6 6 5.18223118e-04 9.14883193e-04 outputs/V3.3e24_D10_G6/solution/solution-00048 
 49 2.596938130953e+10 1.024720977572e+08 768 7235 3201  9 5 6 6 5.19397301e-04 9.18473191e-04 outputs/V3.3e24_D10_G6/solution/solution-00049 
 50 2.607145287885e+10 1.020715693145e+08 768 7235 3201  9 5 6 6 5.19895146e-04 9.20761267e-04 outputs/V3.3e24_D10_G6/solution/solution-00050 
 51 2.617331340528e+10 1.018605264327e+08 768 7235 3201  9 5 6 6 5.19756530e-04 9.21435518e-04 outputs/V3.3e24_D10_G6/solution/solution-00051 
 52 2.627510310904e+10 1.017897037604e+08 768 7235 3201  9 5 6 6 5.19021040e-04 9.20537713e-04 outputs/V3.3e24_D10_G6/solution/solution-00052 
 53 2.637695285005e+10 1.018497410080e+08 768 7235 3201  9 5 6 6 5.17728242e-04 9.18126318e-04 outputs/V3.3e24_D10_G6/solution/solution-00053 
 54 2.647902988160e+10 1.020770315548e+08 768 7235 3201  9 5 6 6 5.15916500e-04 9.14689227e-04 outputs/V3.3e24_D10_G6/solution/solution-00054 
 55 2.658149702131e+10 1.024671397055e+08 768 7235 3201  9 6 7 7 5.13622759e-04 9.10194224e-04 outputs/V3.3e24_D10_G6/solution/solution-00055 
 56 2.668451340632e+10 1.030163850098e+08 768 7235 3201  9 6 7 7 5.10882436e-04 9.04382568e-04 outputs/V3.3e24_D10_G6/solution/solution-00056 
 57 2.678823512230e+10 1.037217159778e+08 768 7235 3201  9 6 7 7 5.07729358e-04 8.97325064e-04 outputs/V3.3e24_D10_G6/solution/solution-00057 
 58 2.689271629958e+10 1.044811772820e+08 768 7235 3201  9 6 7 7 5.04199244e-04 8.89547306e-04 outputs/V3.3e24_D10_G6/solution/solution-00058 
 59 2.699810698465e+10 1.053906850678e+08 768 7235 3201  9 6 7 7 5.00323577e-04 8.80701674e-04 outputs/V3.3e24_D10_G6/solution/solution-00059 
 60 2.710455619751e+10 1.064492128640e+08 768 7235 3201  9 6 7 7 4.96132020e-04 8.71089815e-04 outputs/V3.3e24_D10_G6/solution/solution-00060 
 61 2.721221157462e+10 1.076553771072e+08 768 7235 3201  9 6 7 7 4.91652484e-04 8.60729773e-04 outputs/V3.3e24_D10_G6/solution/solution-00061 
 62 2.732115300718e+10 1.089414325638e+08 768 7235 3201  9 6 7 7 4.86914146e-04 8.49490102e-04 outputs/V3.3e24_D10_G6/solution/solution-00062 
 63 2.743148809795e+10 1.103350907627e+08 768 7235 3201  9 6 7 7 4.81943639e-04 8.37933067e-04 outputs/V3.3e24_D10_G6/solution/solution-00063 
 64 2.754336228180e+10 1.118741838532e+08 768 7235 3201  9 6 7 7 4.76764329e-04 8.25852523e-04 outputs/V3.3e24_D10_G6/solution/solution-00064 
 65 2.765692024891e+10 1.135579671067e+08 768 7235 3201  9 6 7 7 4.71397995e-04 8.13095519e-04 outputs/V3.3e24_D10_G6/solution/solution-00065 
 66 2.777222035551e+10 1.153001066009e+08 768 7235 3201  9 6 7 7 4.65869062e-04 8.00131522e-04 outputs/V3.3e24_D10_G6/solution/solution-00066 
 67 2.788938859274e+10 1.171682372336e+08 768 7235 3201  9 6 7 7 4.60197408e-04 7.88407775e-04 outputs/V3.3e24_D10_G6/solution/solution-00067 
 68 2.800834437457e+10 1.189557818336e+08 768 7235 3201  9 6 7 7 4.54411579e-04 7.78770218e-04 outputs/V3.3e24_D10_G6/solution/solution-00068 
 69 2.812878476350e+10 1.204403889254e+08 768 7235 3201  9 5 6 6 4.48549585e-04 7.69104582e-04 outputs/V3.3e24_D10_G6/solution/solution-00069 
 70 2.825075124704e+10 1.219664835453e+08 768 7235 3201  9 5 6 6 4.42631012e-04 7.59450635e-04 outputs/V3.3e24_D10_G6/solution/solution-00070 
 71 2.837428059627e+10 1.235293492243e+08 768 7235 3201  9 5 6 6 4.36673935e-04 7.49844631e-04 outputs/V3.3e24_D10_G6/solution/solution-00071 
 72 2.849940487714e+10 1.251242808670e+08 768 7235 3201  8 5 6 6 4.30694999e-04 7.40319389e-04 outputs/V3.3e24_D10_G6/solution/solution-00072 
 73 2.862615147121e+10 1.267465940738e+08 768 7235 3201  8 5 6 6 4.24709512e-04 7.30904396e-04 outputs/V3.3e24_D10_G6/solution/solution-00073 
 74 2.875454310726e+10 1.283916360464e+08 768 7235 3201  8 5 6 6 4.18731548e-04 7.21625928e-04 outputs/V3.3e24_D10_G6/solution/solution-00074 
 75 2.888459790583e+10 1.300547985722e+08 768 7235 3201  8 5 6 6 4.12774047e-04 7.12507188e-04 outputs/V3.3e24_D10_G6/solution/solution-00075 
 76 2.901632943902e+10 1.317315331956e+08 768 7235 3201  8 5 6 6 4.06848921e-04 7.03568450e-04 outputs/V3.3e24_D10_G6/solution/solution-00076 
 77 2.914972136601e+10 1.333919269866e+08 768 7235 3201  8 5 6 6 4.00968259e-04 6.94828844e-04 outputs/V3.3e24_D10_G6/solution/solution-00077 
 78 2.928477613731e+10 1.350547712998e+08 768 7235 3201  8 5 6 6 3.95142231e-04 6.86303204e-04 outputs/V3.3e24_D10_G6/solution/solution-00078 
 79 2.942149382217e+10 1.367176848598e+08 768 7235 3201  8 5 6 6 3.89380169e-04 6.78003769e-04 outputs/V3.3e24_D10_G6/solution/solution-00079 
 80 2.955987044424e+10 1.383766220706e+08 768 7235 3201  8 5 6 6 3.83690728e-04 6.69940480e-04 outputs/V3.3e24_D10_G6/solution/solution-00080 
 81 2.969989814793e+10 1.400277036912e+08 768 7235 3201  8 5 6 6 3.78081960e-04 6.62121144e-04 outputs/V3.3e24_D10_G6/solution/solution-00081 
 82 2.984156538175e+10 1.416672338190e+08 768 7235 3201  8 5 6 6 3.72561374e-04 6.54551609e-04 outputs/V3.3e24_D10_G6/solution/solution-00082 
 83 2.998485709717e+10 1.432917154205e+08 768 7235 3201  8 5 6 6 3.67135992e-04 6.47235924e-04 outputs/V3.3e24_D10_G6/solution/solution-00083 
 84 3.012975496127e+10 1.448978640955e+08 768 7235 3201  8 5 6 6 3.61812382e-04 6.40176504e-04 outputs/V3.3e24_D10_G6/solution/solution-00084 
 85 3.027623758109e+10 1.464826198210e+08 768 7235 3201  8 5 6 6 3.56596698e-04 6.33374286e-04 outputs/V3.3e24_D10_G6/solution/solution-00085 
 86 3.042428073759e+10 1.480431564979e+08 768 7235 3201  8 5 6 6 3.51494690e-04 6.26828881e-04 outputs/V3.3e24_D10_G6/solution/solution-00086 
 87 3.057385762677e+10 1.495768891879e+08 768 7235 3201  8 5 6 6 3.46511724e-04 6.20538716e-04 outputs/V3.3e24_D10_G6/solution/solution-00087 
 88 3.072493910578e+10 1.510814790038e+08 768 7235 3201  8 5 6 6 3.41652783e-04 6.14533126e-04 outputs/V3.3e24_D10_G6/solution/solution-00088 
 89 3.087749394145e+10 1.525548356706e+08 768 7235 3201  8 5 6 6 3.36922464e-04 6.08785534e-04 outputs/V3.3e24_D10_G6/solution/solution-00089 
 90 3.103148905927e+10 1.539951178252e+08 768 7235 3201  8 5 6 6 3.32324973e-04 6.03279015e-04 outputs/V3.3e24_D10_G6/solution/solution-00090 
 91 3.118688979043e+10 1.554007311607e+08 768 7235 3201  8 5 6 6 3.27864112e-04 5.98008585e-04 outputs/V3.3e24_D10_G6/solution/solution-00091 
 92 3.134366011498e+10 1.567703245462e+08 768 7235 3201  8 5 6 6 3.23543268e-04 5.92968684e-04 outputs/V3.3e24_D10_G6/solution/solution-00092 
 93 3.150176289925e+10 1.581027842685e+08 768 7235 3201  8 5 6 6 3.19365402e-04 5.88153270e-04 outputs/V3.3e24_D10_G6/solution/solution-00093 
 94 3.166116012580e+10 1.593972265519e+08 768 7235 3201  8 5 6 6 3.15333037e-04 5.83555904e-04 outputs/V3.3e24_D10_G6/solution/solution-00094 
 95 3.182181311431e+10 1.606529885096e+08 768 7235 3201  8 5 6 6 3.11448249e-04 5.79169836e-04 outputs/V3.3e24_D10_G6/solution/solution-00095 
 96 3.198368273199e+10 1.618696176794e+08 768 7235 3201  8 5 6 6 3.07712666e-04 5.74988073e-04 outputs/V3.3e24_D10_G6/solution/solution-00096 
 97 3.214672959228e+10 1.630468602935e+08 768 7235 3201  8 5 6 6 3.04127464e-04 5.71003446e-04 outputs/V3.3e24_D10_G6/solution/solution-00097 
 98 3.231091424071e+10 1.641846484235e+08 768 7235 3201  8 5 6 6 3.00693376e-04 5.67208673e-04 outputs/V3.3e24_D10_G6/solution/solution-00098 
 99 3.247619732685e+10 1.652830861450e+08 768 7235 3201  8 5 6 6 2.97410701e-04 5.63596415e-04 outputs/V3.3e24_D10_G6/solution/solution-00099 
100 3.264253976171e+10 1.663424348610e+08 768 7235 3201  8 5 6 6 2.94279320e-04 5.60159325e-04 outputs/V3.3e24_D10_G6/solution/solution-00100 
