# 1: Time step number
# 2: Time (years)
# 3: Time step size (years)
# 4: Number of mesh cells
# 5: Number of Stokes degrees of freedom
# 6: Number of temperature degrees of freedom
# 7: Iterations for temperature solver
# 8: Iterations for Stokes solver
# 9: Velocity iterations in Stokes preconditioner
# 10: Schur complement iterations in Stokes preconditioner
# 11: RMS velocity (m/year)
# 12: Max. velocity (m/year)
# 13: Visualization file name
  0 0.000000000000e+00 0.000000000000e+00 768 7235 3201  0 8 9 9 1.32527116e-06 2.35779010e-06 outputs/V1e24_D10_G2/solution/solution-00000 
  1 1.392571516413e+09 1.392571516413e+09 768 7235 3201 32 8 9 9 1.37052643e-06 2.39308759e-06 outputs/V1e24_D10_G2/solution/solution-00001 
  2 2.785143032825e+09 1.392571516413e+09 768 7235 3201 25 8 9 9 1.50379451e-06 2.74069122e-06 outputs/V1e24_D10_G2/solution/solution-00002 
  3 4.177714549238e+09 1.392571516413e+09 768 7235 3201 24 8 9 9 1.77051061e-06 3.35534529e-06 outputs/V1e24_D10_G2/solution/solution-00003 
  4 5.570286065650e+09 1.392571516413e+09 768 7235 3201 23 8 9 9 2.22916209e-06 4.34646514e-06 outputs/V1e24_D10_G2/solution/solution-00004 
  5 6.962857582063e+09 1.392571516413e+09 768 7235 3201 23 8 9 9 2.97187265e-06 5.88994065e-06 outputs/V1e24_D10_G2/solution/solution-00005 
  6 8.355429098476e+09 1.392571516413e+09 768 7235 3201 22 8 9 9 4.14847780e-06 8.27410296e-06 outputs/V1e24_D10_G2/solution/solution-00006 
  7 9.748000614888e+09 1.392571516413e+09 768 7235 3201 21 8 9 9 6.00443109e-06 1.19692685e-05 outputs/V1e24_D10_G2/solution/solution-00007 
  8 1.114057213130e+10 1.392571516413e+09 768 7235 3201 21 8 9 9 8.94247314e-06 1.77450456e-05 outputs/V1e24_D10_G2/solution/solution-00008 
  9 1.253314364771e+10 1.392571516413e+09 768 7235 3201 21 8 9 9 1.36251257e-05 2.68568700e-05 outputs/V1e24_D10_G2/solution/solution-00009 
 10 1.392571516413e+10 1.392571516413e+09 768 7235 3201 21 8 9 9 2.11463709e-05 4.13594130e-05 outputs/V1e24_D10_G2/solution/solution-00010 
 11 1.531828668054e+10 1.392571516413e+09 768 7235 3201 21 8 9 9 3.33201667e-05 6.46523810e-05 outputs/V1e24_D10_G2/solution/solution-00011 
 12 1.671085819695e+10 1.392571516413e+09 768 7235 3201 22 8 9 9 5.31640869e-05 1.02388425e-04 outputs/V1e24_D10_G2/solution/solution-00012 
 13 1.762670131470e+10 9.158431177514e+08 768 7235 3201 19 7 8 8 7.34697718e-05 1.40870626e-04 outputs/V1e24_D10_G2/solution/solution-00013 
 14 1.829220556451e+10 6.655042498095e+08 768 7235 3201 16 7 8 8 9.38917888e-05 1.79507979e-04 outputs/V1e24_D10_G2/solution/solution-00014 
 15 1.881466424103e+10 5.224586765187e+08 768 7235 3201 14 7 8 8 1.14446255e-04 2.18238027e-04 outputs/V1e24_D10_G2/solution/solution-00015 
 16 1.924407881536e+10 4.294145743298e+08 768 7235 3201 13 6 7 7 1.35061425e-04 2.57165802e-04 outputs/V1e24_D10_G2/solution/solution-00016 
 17 1.960881655899e+10 3.647377436335e+08 768 7235 3201 12 6 7 7 1.55711759e-04 2.95971359e-04 outputs/V1e24_D10_G2/solution/solution-00017 
 18 1.992557018078e+10 3.167536217876e+08 768 7235 3201 11 6 7 7 1.76338126e-04 3.34572906e-04 outputs/V1e24_D10_G2/solution/solution-00018 
 19 2.020577816599e+10 2.802079852032e+08 768 7235 3201 11 6 7 7 1.96919302e-04 3.73036043e-04 outputs/V1e24_D10_G2/solution/solution-00019 
 20 2.045719767312e+10 2.514195071309e+08 768 7235 3201 10 6 7 7 2.17421543e-04 4.10966309e-04 outputs/V1e24_D10_G2/solution/solution-00020 
 21 2.068524409975e+10 2.280464266315e+08 768 7235 3201 10 6 7 7 2.37792027e-04 4.48652037e-04 outputs/V1e24_D10_G2/solution/solution-00021 
 22 2.089420005324e+10 2.089559534897e+08 768 7235 3201 10 6 7 7 2.57998271e-04 4.85767668e-04 outputs/V1e24_D10_G2/solution/solution-00022 
 23 2.108731801422e+10 1.931179609805e+08 768 7235 3201 10 6 7 7 2.78001435e-04 5.22110982e-04 outputs/V1e24_D10_G2/solution/solution-00023 
 24 2.126687753944e+10 1.795595252188e+08 768 7235 3201  9 6 7 7 2.97728738e-04 5.57802708e-04 outputs/V1e24_D10_G2/solution/solution-00024 
 25 2.143494771672e+10 1.680701772813e+08 768 7235 3201  9 6 7 7 3.17133582e-04 5.92424296e-04 outputs/V1e24_D10_G2/solution/solution-00025 
 26 2.159319578427e+10 1.582480675538e+08 768 7235 3201  9 6 7 7 3.36165180e-04 6.26165692e-04 outputs/V1e24_D10_G2/solution/solution-00026 
 27 2.174298631581e+10 1.497905315434e+08 768 7235 3201  9 6 7 7 3.54769460e-04 6.58753534e-04 outputs/V1e24_D10_G2/solution/solution-00027 
 28 2.188537114738e+10 1.423848315648e+08 768 7235 3201  9 6 7 7 3.72879711e-04 6.89970033e-04 outputs/V1e24_D10_G2/solution/solution-00028 
 29 2.202125327579e+10 1.358821284113e+08 768 7235 3201  9 6 7 7 3.90431580e-04 7.19713100e-04 outputs/V1e24_D10_G2/solution/solution-00029 
 30 2.215146583998e+10 1.302125641919e+08 768 7235 3201  9 6 7 7 4.07370317e-04 7.48122109e-04 outputs/V1e24_D10_G2/solution/solution-00030 
 31 2.227672195660e+10 1.252561166148e+08 768 7235 3201  9 6 7 7 4.23641913e-04 7.75252173e-04 outputs/V1e24_D10_G2/solution/solution-00031 
 32 2.239763781945e+10 1.209158628547e+08 768 7235 3201  9 6 7 7 4.39194073e-04 8.00690126e-04 outputs/V1e24_D10_G2/solution/solution-00032 
 33 2.251475053765e+10 1.171127182002e+08 768 7235 3201  9 6 7 7 4.53977135e-04 8.24378466e-04 outputs/V1e24_D10_G2/solution/solution-00033 
 34 2.262853209052e+10 1.137815528632e+08 768 7235 3201  9 6 7 7 4.67944929e-04 8.46270337e-04 outputs/V1e24_D10_G2/solution/solution-00034 
 35 2.273938535721e+10 1.108532666930e+08 768 7235 3201  9 6 7 7 4.81053839e-04 8.66327278e-04 outputs/V1e24_D10_G2/solution/solution-00035 
 36 2.284763822904e+10 1.082528718356e+08 768 7235 3201  9 6 7 7 4.93262329e-04 8.84518081e-04 outputs/V1e24_D10_G2/solution/solution-00036 
 37 2.295363489478e+10 1.059966657360e+08 768 7235 3201  9 6 7 7 5.04541323e-04 9.01002645e-04 outputs/V1e24_D10_G2/solution/solution-00037 
 38 2.305768564366e+10 1.040507488771e+08 768 7235 3201  9 6 7 7 5.14867618e-04 9.15649733e-04 outputs/V1e24_D10_G2/solution/solution-00038 
 39 2.316007195651e+10 1.023863128511e+08 768 7235 3201  9 6 7 7 5.24224203e-04 9.28413158e-04 outputs/V1e24_D10_G2/solution/solution-00039 
 40 2.326105070627e+10 1.009787497574e+08 768 7235 3201  9 6 7 7 5.32600461e-04 9.39313419e-04 outputs/V1e24_D10_G2/solution/solution-00040 
 41 2.336085764833e+10 9.980694206205e+07 768 7235 3201  9 5 6 6 5.39992243e-04 9.48380864e-04 outputs/V1e24_D10_G2/solution/solution-00041 
 42 2.345971033881e+10 9.885269048108e+07 768 7235 3201  9 5 6 6 5.46401812e-04 9.57403246e-04 outputs/V1e24_D10_G2/solution/solution-00042 
 43 2.355763436008e+10 9.792402126892e+07 768 7235 3201  9 5 6 6 5.51828767e-04 9.68239994e-04 outputs/V1e24_D10_G2/solution/solution-00043 
 44 2.365445744631e+10 9.682308623374e+07 768 7235 3201  9 5 6 6 5.56277772e-04 9.78075351e-04 outputs/V1e24_D10_G2/solution/solution-00044 
 45 2.375037929012e+10 9.592184381254e+07 768 7235 3201  9 5 6 6 5.59784729e-04 9.87633524e-04 outputs/V1e24_D10_G2/solution/solution-00045 
 46 2.384534816690e+10 9.496887677266e+07 768 7235 3201  9 5 6 6 5.62383623e-04 9.95102636e-04 outputs/V1e24_D10_G2/solution/solution-00046 
 47 2.393956966155e+10 9.422149465334e+07 768 7235 3201  9 5 6 6 5.64123348e-04 1.00081029e-03 outputs/V1e24_D10_G2/solution/solution-00047 
 48 2.403324375807e+10 9.367409652260e+07 768 7235 3201  9 5 6 6 5.65053326e-04 1.00464536e-03 outputs/V1e24_D10_G2/solution/solution-00048 
 49 2.412656026916e+10 9.331651108734e+07 768 7235 3201  9 5 6 6 5.65222679e-04 1.00654637e-03 outputs/V1e24_D10_G2/solution/solution-00049 
 50 2.421970053844e+10 9.314026928318e+07 768 7235 3201  9 5 6 6 5.64679783e-04 1.00656714e-03 outputs/V1e24_D10_G2/solution/solution-00050 
 51 2.431283888619e+10 9.313834775011e+07 768 7235 3201  9 6 7 7 5.63471899e-04 1.00527073e-03 outputs/V1e24_D10_G2/solution/solution-00051 
 52 2.440614383518e+10 9.330494898675e+07 768 7235 3201  9 6 7 7 5.61644892e-04 1.00225002e-03 outputs/V1e24_D10_G2/solution/solution-00052 
 53 2.449971246777e+10 9.356863258935e+07 768 7235 3201  9 6 7 7 5.59244911e-04 9.97562400e-04                                           "" 
 54 2.459367862975e+10 9.396616197536e+07 768 7235 3201  9 6 7 7 5.56316377e-04 9.91485348e-04 outputs/V1e24_D10_G2/solution/solution-00053 
 55 2.468819681459e+10 9.451818484769e+07 768 7235 3201  9 6 7 7 5.52901231e-04 9.84618322e-04 outputs/V1e24_D10_G2/solution/solution-00054 
 56 2.478341906016e+10 9.522224556408e+07 768 7235 3201  9 6 7 7 5.49039274e-04 9.76319287e-04 outputs/V1e24_D10_G2/solution/solution-00055 
 57 2.487949545891e+10 9.607639875695e+07 768 7235 3201  9 6 7 7 5.44768150e-04 9.66675579e-04 outputs/V1e24_D10_G2/solution/solution-00056 
 58 2.497647732338e+10 9.698186446262e+07 768 7235 3201  9 6 7 7 5.40128173e-04 9.56353211e-04 outputs/V1e24_D10_G2/solution/solution-00057 
 59 2.507450595849e+10 9.802863510871e+07 768 7235 3201  9 6 7 7 5.35153892e-04 9.44856869e-04 outputs/V1e24_D10_G2/solution/solution-00058 
 60 2.517372733588e+10 9.922137739273e+07 768 7235 3201  9 6 7 7 5.29877357e-04 9.32756533e-04 outputs/V1e24_D10_G2/solution/solution-00059 
 61 2.527428276585e+10 1.005554299755e+08 768 7235 3201  9 6 7 7 5.24328699e-04 9.19717313e-04 outputs/V1e24_D10_G2/solution/solution-00060 
 62 2.537621405274e+10 1.019312868833e+08 768 7235 3201  9 6 7 7 5.18541718e-04 9.08714530e-04 outputs/V1e24_D10_G2/solution/solution-00061 
 63 2.547938871395e+10 1.031746612162e+08 768 7235 3201  9 6 7 7 5.12558876e-04 8.98096517e-04 outputs/V1e24_D10_G2/solution/solution-00062 
 64 2.558379468552e+10 1.044059715640e+08 768 7235 3201  9 6 7 7 5.06414292e-04 8.87278422e-04 outputs/V1e24_D10_G2/solution/solution-00063 
 65 2.568948515910e+10 1.056904735805e+08 768 7235 3201  9 6 7 7 5.00136127e-04 8.76320191e-04 outputs/V1e24_D10_G2/solution/solution-00064 
 66 2.579650885287e+10 1.070236937704e+08 768 7235 3201  9 6 7 7 4.93750512e-04 8.65277415e-04 outputs/V1e24_D10_G2/solution/solution-00065 
 67 2.590491001830e+10 1.084011654285e+08 768 7235 3201  9 6 7 7 4.87281586e-04 8.54201348e-04 outputs/V1e24_D10_G2/solution/solution-00066 
 68 2.601472844170e+10 1.098184234018e+08 768 7235 3201  8 6 7 7 4.80751568e-04 8.43138969e-04 outputs/V1e24_D10_G2/solution/solution-00067 
 69 2.612599944430e+10 1.112710026049e+08 768 7235 3201  8 5 6 6 4.74180835e-04 8.32133061e-04 outputs/V1e24_D10_G2/solution/solution-00068 
 70 2.623875388505e+10 1.127544407478e+08 768 7235 3201  8 5 6 6 4.67588019e-04 8.21222325e-04 outputs/V1e24_D10_G2/solution/solution-00069 
 71 2.635301816939e+10 1.142642843438e+08 768 7235 3201  8 5 6 6 4.60990118e-04 8.10441496e-04 outputs/V1e24_D10_G2/solution/solution-00070 
 72 2.646881426901e+10 1.157960996128e+08 768 7235 3201  8 5 6 6 4.54402608e-04 7.99821491e-04 outputs/V1e24_D10_G2/solution/solution-00071 
 73 2.658615975434e+10 1.173454853341e+08 768 7235 3201  8 5 6 6 4.47839565e-04 7.89389562e-04 outputs/V1e24_D10_G2/solution/solution-00072 
 74 2.670505364639e+10 1.188938920452e+08 768 7235 3201  8 5 6 6 4.41314556e-04 7.79170657e-04 outputs/V1e24_D10_G2/solution/solution-00073 
 75 2.682549217032e+10 1.204385239321e+08 768 7235 3201  8 5 6 6 4.34839845e-04 7.69186108e-04 outputs/V1e24_D10_G2/solution/solution-00074 
 76 2.694747942928e+10 1.219872589624e+08 768 7235 3201  8 5 6 6 4.28425966e-04 7.59452998e-04 outputs/V1e24_D10_G2/solution/solution-00075 
 77 2.707101549658e+10 1.235360673019e+08 768 7235 3201  8 5 6 6 4.22082514e-04 7.49985449e-04 outputs/V1e24_D10_G2/solution/solution-00076 
 78 2.719609655933e+10 1.250810627495e+08 768 7235 3201  8 5 6 6 4.15818252e-04 7.40794817e-04 outputs/V1e24_D10_G2/solution/solution-00077 
 79 2.732271508200e+10 1.266185226722e+08 768 7235 3201  8 5 6 6 4.09641211e-04 7.31889894e-04 outputs/V1e24_D10_G2/solution/solution-00078 
 80 2.745085998883e+10 1.281449068289e+08 768 7235 3201  8 5 6 6 4.03558777e-04 7.23277110e-04 outputs/V1e24_D10_G2/solution/solution-00079 
 81 2.758051686348e+10 1.296568746456e+08 768 7235 3201  8 5 6 6 3.97577766e-04 7.14960729e-04 outputs/V1e24_D10_G2/solution/solution-00080 
 82 2.771166816403e+10 1.311513005485e+08 768 7235 3201  8 5 6 6 3.91704490e-04 7.06943045e-04 outputs/V1e24_D10_G2/solution/solution-00081 
 83 2.784429345106e+10 1.326252870326e+08 768 7235 3201  8 5 6 6 3.85944811e-04 6.99229373e-04 outputs/V1e24_D10_G2/solution/solution-00082 
 84 2.797836962629e+10 1.340761752290e+08 768 7235 3201  8 5 6 6 3.80304180e-04 6.91873990e-04 outputs/V1e24_D10_G2/solution/solution-00083 
 85 2.811387117911e+10 1.355015528220e+08 768 7235 3201  8 5 6 6 3.74787667e-04 6.84810133e-04 outputs/V1e24_D10_G2/solution/solution-00084 
 86 2.825077043836e+10 1.368992592512e+08 768 7235 3201  8 5 6 6 3.69399980e-04 6.78034070e-04 outputs/V1e24_D10_G2/solution/solution-00085 
 87 2.838903782658e+10 1.382673882164e+08 768 7235 3201  8 5 6 6 3.64145476e-04 6.71540979e-04 outputs/V1e24_D10_G2/solution/solution-00086 
 88 2.852864211415e+10 1.396042875708e+08 768 7235 3201  8 5 6 6 3.59028162e-04 6.65325103e-04 outputs/V1e24_D10_G2/solution/solution-00087 
 89 2.866955067089e+10 1.409085567445e+08 768 7235 3201  8 5 6 6 3.54051691e-04 6.59379883e-04 outputs/V1e24_D10_G2/solution/solution-00088 
 90 2.881172971278e+10 1.421790418844e+08 768 7235 3201  8 5 6 6 3.49219352e-04 6.53698092e-04 outputs/V1e24_D10_G2/solution/solution-00089 
 91 2.895514454171e+10 1.434148289263e+08 768 7235 3201  8 5 6 6 3.44534059e-04 6.48271948e-04 outputs/V1e24_D10_G2/solution/solution-00090 
 92 2.909975977653e+10 1.446152348263e+08 768 7235 3201  8 5 6 6 3.39998334e-04 6.43093226e-04 outputs/V1e24_D10_G2/solution/solution-00091 
 93 2.924553957372e+10 1.457797971880e+08 768 7235 3201  8 5 6 6 3.35614300e-04 6.38153351e-04 outputs/V1e24_D10_G2/solution/solution-00092 
 94 2.939244783623e+10 1.469082625098e+08 768 7235 3201  8 5 6 6 3.31383660e-04 6.33443492e-04 outputs/V1e24_D10_G2/solution/solution-00093 
 95 2.954044840950e+10 1.480005732708e+08 768 7235 3201  8 5 6 6 3.27307699e-04 6.28954640e-04 outputs/V1e24_D10_G2/solution/solution-00094 
 96 2.968950526355e+10 1.490568540517e+08 768 7235 3201  8 5 6 6 3.23387272e-04 6.24677679e-04 outputs/V1e24_D10_G2/solution/solution-00095 
 97 2.983958266043e+10 1.500773968741e+08 768 7235 3201  8 5 6 6 3.19622807e-04 6.20603455e-04 outputs/V1e24_D10_G2/solution/solution-00096 
 98 2.999064530635e+10 1.510626459226e+08 768 7235 3201  8 5 6 6 3.16014312e-04 6.16722832e-04 outputs/V1e24_D10_G2/solution/solution-00097 
 99 3.014265848815e+10 1.520131818002e+08 768 7235 3201  8 5 6 6 3.12561387e-04 6.13026748e-04 outputs/V1e24_D10_G2/solution/solution-00098 
100 3.029558819361e+10 1.529297054567e+08 768 7235 3201  8 5 6 6 3.09263238e-04 6.09506262e-04 outputs/V1e24_D10_G2/solution/solution-00099 
