# 1: Time step number
# 2: Time (years)
# 3: Time step size (years)
# 4: Number of mesh cells
# 5: Number of Stokes degrees of freedom
# 6: Number of temperature degrees of freedom
# 7: Iterations for temperature solver
# 8: Iterations for Stokes solver
# 9: Velocity iterations in Stokes preconditioner
# 10: Schur complement iterations in Stokes preconditioner
# 11: RMS velocity (m/year)
# 12: Max. velocity (m/year)
# 13: Visualization file name
  0 0.000000000000e+00 0.000000000000e+00 768 7235 3201  0 8 9 9 1.04545530e-06 5.07931282e-06 outputs/V3.3e24_D10000_G4/solution/solution-00000 
  1 1.392571516413e+09 1.392571516413e+09 768 7235 3201 32 8 9 9 3.43512242e-06 5.93276169e-06 outputs/V3.3e24_D10000_G4/solution/solution-00001 
  2 2.785143032825e+09 1.392571516413e+09 768 7235 3201 26 8 9 9 1.62466385e-05 2.89110471e-05 outputs/V3.3e24_D10000_G4/solution/solution-00002 
  3 4.177714549238e+09 1.392571516413e+09 768 7235 3201 25 8 9 9 7.19215935e-05 1.31570069e-04 outputs/V3.3e24_D10000_G4/solution/solution-00003 
  4 4.890262630547e+09 7.125480813090e+08 768 7235 3201 20 8 9 9 1.77045487e-04 3.28430548e-04 outputs/V3.3e24_D10000_G4/solution/solution-00004 
  5 5.175816966969e+09 2.855543364222e+08 768 7235 3201 13 8 9 9 2.74603166e-04 5.12259161e-04 outputs/V3.3e24_D10000_G4/solution/solution-00005 
  6 5.358835049288e+09 1.830180823192e+08 768 7235 3201 11 7 8 8 3.71466806e-04 6.95279411e-04 outputs/V3.3e24_D10000_G4/solution/solution-00006 
  7 5.493644833190e+09 1.348097839019e+08 768 7235 3201 11 7 8 8 4.66586249e-04 8.75659721e-04 outputs/V3.3e24_D10000_G4/solution/solution-00007 
  8 5.600761628757e+09 1.071167955665e+08 768 7235 3201 10 7 8 8 5.59747687e-04 1.05237778e-03 outputs/V3.3e24_D10000_G4/solution/solution-00008 
  9 5.689845607512e+09 8.908397875550e+07 768 7235 3201 10 6 7 7 6.50864987e-04 1.22534423e-03                                                "" 
 10 5.766354720304e+09 7.650911279233e+07 768 7235 3201 10 6 7 7 7.40060422e-04 1.39494063e-03 outputs/V3.3e24_D10000_G4/solution/solution-00009 
 11 5.833592310538e+09 6.723759023347e+07 768 7235 3201 10 6 7 7 8.27409887e-04 1.56041801e-03 outputs/V3.3e24_D10000_G4/solution/solution-00010 
 12 5.893656860306e+09 6.006454976807e+07 768 7235 3201 10 6 7 7 9.12854847e-04 1.72283244e-03                                                "" 
 13 5.948072821451e+09 5.441596114485e+07 768 7235 3201 10 6 7 7 9.96412763e-04 1.88142025e-03 outputs/V3.3e24_D10000_G4/solution/solution-00011 
 14 5.997927417686e+09 4.985459623482e+07 768 7235 3201 10 6 7 7 1.07803974e-03 2.03582850e-03                                                "" 
 15 6.043977465520e+09 4.605004783445e+07 768 7235 3201 10 6 7 7 1.15755997e-03 2.18606899e-03 outputs/V3.3e24_D10000_G4/solution/solution-00012 
 16 6.086862662850e+09 4.288519733036e+07 768 7235 3201 10 6 7 7 1.23488202e-03 2.33162043e-03                                                "" 
 17 6.127083809584e+09 4.022114673374e+07 768 7235 3201 10 6 7 7 1.30988550e-03 2.47255371e-03 outputs/V3.3e24_D10000_G4/solution/solution-00013 
 18 6.165013700500e+09 3.792989091568e+07 768 7235 3201 10 6 7 7 1.38237381e-03 2.60741863e-03                                                "" 
 19 6.200960597680e+09 3.594689717973e+07 768 7235 3201 10 6 7 7 1.45214908e-03 2.73709250e-03 outputs/V3.3e24_D10000_G4/solution/solution-00014 
 20 6.235201120481e+09 3.424052280156e+07 768 7235 3201 10 6 7 7 1.51905051e-03 2.86188024e-03                                                "" 
 21 6.267966695290e+09 3.276557480832e+07 768 7235 3201 11 6 7 7 1.58290900e-03 2.97971301e-03                                                "" 
 22 6.299449440167e+09 3.148274487781e+07 768 7235 3201 11 6 7 7 1.64354366e-03 3.09027012e-03                                                "" 
 23 6.329786593974e+09 3.033715380640e+07 768 7235 3201 11 6 7 7 1.70072419e-03 3.19510470e-03 outputs/V3.3e24_D10000_G4/solution/solution-00015 
 24 6.359128355412e+09 2.934176143816e+07 768 7235 3201 11 6 7 7 1.75429538e-03 3.29205813e-03                                                "" 
 25 6.387605981395e+09 2.847762598301e+07 768 7235 3201 11 6 7 7 1.80410887e-03 3.38089172e-03                                                "" 
 26 6.415335352124e+09 2.772937072885e+07 768 7235 3201 11 6 7 7 1.85002582e-03 3.46326205e-03 outputs/V3.3e24_D10000_G4/solution/solution-00016 
 27 6.442419785119e+09 2.708443299566e+07 768 7235 3201 11 6 7 7 1.89191915e-03 3.53727731e-03                                                "" 
 28 6.468938381689e+09 2.651859656978e+07 768 7235 3201 11 6 7 7 1.92965655e-03 3.60263106e-03                                                "" 
 29 6.494964548298e+09 2.602616660903e+07 768 7235 3201 11 6 7 7 1.96313213e-03 3.65918990e-03                                                "" 
 30 6.520577535270e+09 2.561298697193e+07 768 7235 3201 11 6 7 7 1.99227742e-03 3.70728920e-03 outputs/V3.3e24_D10000_G4/solution/solution-00017 
 31 6.545850438231e+09 2.527290296097e+07 768 7235 3201 11 6 7 7 2.01704065e-03 3.74915253e-03                                                "" 
 32 6.570851317972e+09 2.500087974104e+07 768 7235 3201 11 6 7 7 2.03738706e-03 3.78211314e-03                                                "" 
 33 6.595644154397e+09 2.479283642528e+07 768 7235 3201 11 6 7 7 2.05329893e-03 3.80619062e-03                                                "" 
 34 6.620289671690e+09 2.464551729282e+07 768 7235 3201 11 6 7 7 2.06477543e-03 3.82143916e-03 outputs/V3.3e24_D10000_G4/solution/solution-00018 
 35 6.644836073742e+09 2.454640205198e+07 768 7235 3201 11 6 7 7 2.07183026e-03 3.82794564e-03                                                "" 
 36 6.669329306382e+09 2.449323263995e+07 768 7235 3201 11 6 7 7 2.07450017e-03 3.82722683e-03                                                "" 
 37 6.693824849535e+09 2.449554315235e+07 768 7235 3201 11 6 7 7 2.07284266e-03 3.81837283e-03                                                "" 
 38 6.718377192666e+09 2.455234313192e+07 768 7235 3201 11 6 7 7 2.06692897e-03 3.80121338e-03 outputs/V3.3e24_D10000_G4/solution/solution-00019 
 39 6.743040370111e+09 2.466317744438e+07 768 7235 3201 11 6 7 7 2.05684322e-03 3.77596272e-03                                                "" 
 40 6.767868475412e+09 2.482810530137e+07 768 7235 3201 11 6 7 7 2.04268140e-03 3.74335171e-03                                                "" 
 41 6.792916166703e+09 2.504769129100e+07 768 7235 3201 11 6 7 7 2.02455052e-03 3.70423008e-03                                                "" 
 42 6.818239174439e+09 2.532300773564e+07 768 7235 3201 11 6 7 7 2.00256762e-03 3.65772515e-03 outputs/V3.3e24_D10000_G4/solution/solution-00020 
 43 6.843887842094e+09 2.564866765567e+07 768 7235 3201 11 6 7 7 1.97686632e-03 3.62575293e-03                                                "" 
 44 6.869759477444e+09 2.587163534906e+07 768 7235 3201 11 6 7 7 1.94777481e-03 3.60370397e-03                                                "" 
 45 6.895796095391e+09 2.603661794707e+07 768 7235 3201 11 6 7 7 1.91564144e-03 3.57608772e-03                                                "" 
 46 6.922040454438e+09 2.624435904773e+07 768 7235 3201 11 6 7 7 1.88071800e-03 3.54323343e-03 outputs/V3.3e24_D10000_G4/solution/solution-00021 
 47 6.948523357326e+09 2.648290288723e+07 768 7235 3201 11 6 7 7 1.84327001e-03 3.50548271e-03                                                "" 
 48 6.975283172224e+09 2.675981489823e+07 768 7235 3201 11 6 7 7 1.80354993e-03 3.46316544e-03                                                "" 
 49 7.002361735845e+09 2.707856362111e+07 768 7235 3201 10 6 7 7 1.76179955e-03 3.41661577e-03 outputs/V3.3e24_D10000_G4/solution/solution-00022 
 50 7.029801168957e+09 2.743943311255e+07 768 7235 3201 10 6 7 7 1.71825359e-03 3.36709754e-03                                                "" 
 51 7.057644140182e+09 2.784297122486e+07 768 7235 3201 10 6 7 7 1.67313905e-03 3.31389417e-03                                                "" 
 52 7.085934120242e+09 2.828998005947e+07 768 7235 3201 10 6 7 7 1.62667472e-03 3.25729963e-03                                                "" 
 53 7.114715629652e+09 2.878150941005e+07 768 7235 3201 10 6 7 7 1.57907085e-03 3.19760124e-03 outputs/V3.3e24_D10000_G4/solution/solution-00023 
 54 7.144034482458e+09 2.931885280568e+07 768 7235 3201 10 6 7 7 1.53052898e-03 3.13507972e-03                                                "" 
 55 7.173938028246e+09 2.990354578799e+07 768 7235 3201 10 6 7 7 1.48124184e-03 3.07000937e-03                                                "" 
 56 7.204475394331e+09 3.053736608545e+07 768 7235 3201 10 6 7 7 1.43139336e-03 3.00265816e-03 outputs/V3.3e24_D10000_G4/solution/solution-00024 
 57 7.235697729700e+09 3.122233536910e+07 768 7235 3201 10 6 7 7 1.38115886e-03 2.93328790e-03                                                "" 
 58 7.267658451983e+09 3.196072228320e+07 768 7235 3201  9 6 7 7 1.33070513e-03 2.86215439e-03                                                "" 
 59 7.300413498424e+09 3.275504644055e+07 768 7235 3201  9 6 7 7 1.28019073e-03 2.78950751e-03 outputs/V3.3e24_D10000_G4/solution/solution-00025 
 60 7.334021581479e+09 3.360808305508e+07 768 7235 3201  9 6 7 7 1.22976626e-03 2.71609141e-03                                                "" 
 61 7.368544449332e+09 3.452286785355e+07 768 7235 3201  9 6 7 7 1.17957463e-03 2.64189107e-03                                                "" 
 62 7.404047151196e+09 3.550270186383e+07 768 7235 3201  9 6 7 7 1.12975135e-03 2.56686897e-03 outputs/V3.3e24_D10000_G4/solution/solution-00026 
 63 7.440598306813e+09 3.655115561708e+07 768 7235 3201  9 6 7 7 1.08042488e-03 2.49125504e-03                                                "" 
 64 7.478270379040e+09 3.767207222656e+07 768 7235 3201  9 6 7 7 1.03171692e-03 2.41527322e-03                                                "" 
 65 7.517127743350e+09 3.885736430992e+07 768 7235 3201  9 6 7 7 9.83757268e-04 2.33916470e-03 outputs/V3.3e24_D10000_G4/solution/solution-00027 
 66 7.557238237005e+09 4.011049365502e+07 768 7235 3201  9 6 7 7 9.36667547e-04 2.26316272e-03                                                "" 
 67 7.598683619094e+09 4.144538208940e+07 768 7235 3201  9 6 7 7 8.90549989e-04 2.18747318e-03                                                "" 
 68 7.641549855422e+09 4.286623632806e+07 768 7235 3201  8 6 7 7 8.45500638e-04 2.11229455e-03 outputs/V3.3e24_D10000_G4/solution/solution-00028 
 69 7.685927262983e+09 4.437740756086e+07 768 7235 3201  8 6 7 7 8.01609409e-04 2.03781745e-03                                                "" 
 70 7.731910622632e+09 4.598335964840e+07 768 7235 3201  8 6 7 7 7.58960072e-04 1.96422418e-03 outputs/V3.3e24_D10000_G4/solution/solution-00029 
 71 7.779599251384e+09 4.768862875210e+07 768 7235 3201  8 6 7 7 7.17630182e-04 1.89273967e-03                                                "" 
 72 7.829097024726e+09 4.949777334223e+07 768 7235 3201  8 6 7 7 6.77690919e-04 1.82292830e-03 outputs/V3.3e24_D10000_G4/solution/solution-00030 
 73 7.880512338196e+09 5.141531347020e+07 768 7235 3201  8 6 7 7 6.39206860e-04 1.75447471e-03                                                "" 
 74 7.933957996462e+09 5.344565826614e+07 768 7235 3201  8 6 7 7 6.02235681e-04 1.68752188e-03 outputs/V3.3e24_D10000_G4/solution/solution-00031 
 75 7.989551017271e+09 5.559302080916e+07 768 7235 3201  8 6 7 7 5.66827782e-04 1.62220169e-03                                                "" 
 76 8.047407207724e+09 5.785619045219e+07 768 7235 3201  8 6 7 7 5.33028718e-04 1.55863985e-03 outputs/V3.3e24_D10000_G4/solution/solution-00032 
 77 8.107581558169e+09 6.017435044490e+07 768 7235 3201  8 6 7 7 5.00907473e-04 1.49745390e-03 outputs/V3.3e24_D10000_G4/solution/solution-00033 
 78 8.170187826165e+09 6.260626799693e+07 768 7235 3201  8 6 7 7 4.70485753e-04 1.43893121e-03                                                "" 
 79 8.235340350031e+09 6.515252386510e+07 768 7235 3201  8 6 7 7 4.41775728e-04 1.38248206e-03 outputs/V3.3e24_D10000_G4/solution/solution-00034 
 80 8.303153165146e+09 6.781281511525e+07 768 7235 3201  8 6 7 7 4.14779621e-04 1.32817010e-03 outputs/V3.3e24_D10000_G4/solution/solution-00035 
 81 8.373739003519e+09 7.058583837325e+07 768 7235 3201  7 6 7 7 3.89489435e-04 1.27675745e-03                                                "" 
 82 8.447208181438e+09 7.346917791877e+07 768 7235 3201  8 6 7 7 3.65886833e-04 1.22793828e-03 outputs/V3.3e24_D10000_G4/solution/solution-00036 
 83 8.523667385730e+09 7.645920429257e+07 768 7235 3201  8 6 7 7 3.43943195e-04 1.18131870e-03 outputs/V3.3e24_D10000_G4/solution/solution-00037 
 84 8.603087008408e+09 7.941962267800e+07 768 7235 3201  8 6 7 7 3.23651292e-04 1.13697793e-03 outputs/V3.3e24_D10000_G4/solution/solution-00038 
 85 8.685541732130e+09 8.245472372180e+07 768 7235 3201  8 6 7 7 3.04956508e-04 1.09490498e-03                                                "" 
 86 8.771098959913e+09 8.555722778308e+07 768 7235 3201  8 6 7 7 2.87795508e-04 1.05577222e-03 outputs/V3.3e24_D10000_G4/solution/solution-00039 
 87 8.859816369008e+09 8.871740909459e+07 768 7235 3201  8 5 6 6 2.72097723e-04 1.01972209e-03 outputs/V3.3e24_D10000_G4/solution/solution-00040 
 88 8.951740848369e+09 9.192447936152e+07 768 7235 3201  8 5 6 6 2.57786723e-04 9.85743448e-04 outputs/V3.3e24_D10000_G4/solution/solution-00041 
 89 9.046907530401e+09 9.516668203166e+07 768 7235 3201  8 5 6 6 2.44781704e-04 9.53786750e-04 outputs/V3.3e24_D10000_G4/solution/solution-00042 
 90 9.145338943694e+09 9.843141329259e+07 768 7235 3201  8 5 6 6 2.32999106e-04 9.23796117e-04 outputs/V3.3e24_D10000_G4/solution/solution-00043 
 91 9.246908072071e+09 1.015691283775e+08 768 7235 3201  8 5 6 6 2.22367417e-04 8.95800687e-04 outputs/V3.3e24_D10000_G4/solution/solution-00044 
 92 9.351563048725e+09 1.046549766535e+08 768 7235 3201  8 5 6 6 2.12801163e-04 8.70398819e-04 outputs/V3.3e24_D10000_G4/solution/solution-00045 
 93 9.459272294139e+09 1.077092454142e+08 768 7235 3201  8 5 6 6 2.04213292e-04 8.46737322e-04 outputs/V3.3e24_D10000_G4/solution/solution-00046 
 94 9.569991400958e+09 1.107191068194e+08 768 7235 3201  8 5 6 6 1.96520481e-04 8.24741686e-04 outputs/V3.3e24_D10000_G4/solution/solution-00047 
 95 9.683663356133e+09 1.136719551746e+08 768 7235 3201  8 5 6 6 1.89643971e-04 8.04337543e-04 outputs/V3.3e24_D10000_G4/solution/solution-00048 
 96 9.800218900251e+09 1.165555441184e+08 768 7235 3201  8 5 6 6 1.83510157e-04 7.85451396e-04 outputs/V3.3e24_D10000_G4/solution/solution-00049 
 97 9.919577017747e+09 1.193581174955e+08 768 7235 3201  8 5 6 6 1.78050926e-04 7.68278701e-04 outputs/V3.3e24_D10000_G4/solution/solution-00050 
 98 1.004164555481e+10 1.220685370667e+08 768 7235 3201  8 5 6 6 1.73203765e-04 7.52692847e-04 outputs/V3.3e24_D10000_G4/solution/solution-00051 
 99 1.016632196361e+10 1.246764088003e+08 768 7235 3201  8 5 6 6 1.68911693e-04 7.38364040e-04 outputs/V3.3e24_D10000_G4/solution/solution-00052 
100 1.029349417178e+10 1.271722081617e+08 768 7235 3201  8 5 6 6 1.65123035e-04 7.25228447e-04 outputs/V3.3e24_D10000_G4/solution/solution-00053 
