# 1: Time step number
# 2: Time (years)
# 3: Time step size (years)
# 4: Number of mesh cells
# 5: Number of Stokes degrees of freedom
# 6: Number of temperature degrees of freedom
# 7: Iterations for temperature solver
# 8: Iterations for Stokes solver
# 9: Velocity iterations in Stokes preconditioner
# 10: Schur complement iterations in Stokes preconditioner
# 11: RMS velocity (m/year)
# 12: Max. velocity (m/year)
# 13: Visualization file name
  0 0.000000000000e+00 0.000000000000e+00 768 7235 3201  0 8 9 9 3.95887438e-08 6.67915179e-08 outputs/V1e26_D1000_G6/solution/solution-00000 
  1 1.392571516413e+09 1.392571516413e+09 768 7235 3201 19 6 7 7 3.82953592e-08 6.46094048e-08 outputs/V1e26_D1000_G6/solution/solution-00001 
  2 2.785143032825e+09 1.392571516413e+09 768 7235 3201 11 5 6 6 3.70142102e-08 6.24479348e-08 outputs/V1e26_D1000_G6/solution/solution-00002 
  3 4.177714549238e+09 1.392571516413e+09 768 7235 3201 12 5 6 6 3.57655432e-08 6.03412662e-08 outputs/V1e26_D1000_G6/solution/solution-00003 
  4 5.570286065650e+09 1.392571516413e+09 768 7235 3201 12 5 6 6 3.45554091e-08 5.82996077e-08 outputs/V1e26_D1000_G6/solution/solution-00004 
  5 6.962857582063e+09 1.392571516413e+09 768 7235 3201 12 5 6 6 3.33849773e-08 5.63249324e-08 outputs/V1e26_D1000_G6/solution/solution-00005 
  6 8.355429098476e+09 1.392571516413e+09 768 7235 3201 12 5 6 6 3.22537593e-08 5.44164160e-08 outputs/V1e26_D1000_G6/solution/solution-00006 
  7 9.748000614888e+09 1.392571516413e+09 768 7235 3201 12 5 6 6 3.11607227e-08 5.25723167e-08 outputs/V1e26_D1000_G6/solution/solution-00007 
  8 1.114057213130e+10 1.392571516413e+09 768 7235 3201 12 5 6 6 3.01046760e-08 5.07906244e-08 outputs/V1e26_D1000_G6/solution/solution-00008 
  9 1.253314364771e+10 1.392571516413e+09 768 7235 3201 12 5 6 6 2.90844013e-08 4.90692841e-08 outputs/V1e26_D1000_G6/solution/solution-00009 
 10 1.392571516413e+10 1.392571516413e+09 768 7235 3201 12 5 6 6 2.80986984e-08 4.74062712e-08 outputs/V1e26_D1000_G6/solution/solution-00010 
 11 1.531828668054e+10 1.392571516413e+09 768 7235 3201 12 5 6 6 2.71463999e-08 4.57996161e-08 outputs/V1e26_D1000_G6/solution/solution-00011 
 12 1.671085819695e+10 1.392571516413e+09 768 7235 3201 12 5 6 6 2.62263753e-08 4.42474111e-08 outputs/V1e26_D1000_G6/solution/solution-00012 
 13 1.810342971336e+10 1.392571516413e+09 768 7235 3201 12 5 6 6 2.53375311e-08 4.27478119e-08 outputs/V1e26_D1000_G6/solution/solution-00013 
 14 1.949600122978e+10 1.392571516413e+09 768 7235 3201 12 5 6 6 2.44788109e-08 4.12990358e-08 outputs/V1e26_D1000_G6/solution/solution-00014 
 15 2.088857274619e+10 1.392571516413e+09 768 7235 3201 12 5 6 6 2.36491938e-08 3.98993604e-08 outputs/V1e26_D1000_G6/solution/solution-00015 
 16 2.228114426260e+10 1.392571516413e+09 768 7235 3201 12 5 6 6 2.28476934e-08 3.85471218e-08 outputs/V1e26_D1000_G6/solution/solution-00016 
 17 2.367371577901e+10 1.392571516413e+09 768 7235 3201 12 5 6 6 2.20733568e-08 3.72407122e-08 outputs/V1e26_D1000_G6/solution/solution-00017 
 18 2.506628729543e+10 1.392571516413e+09 768 7235 3201 12 5 6 6 2.13252635e-08 3.59785785e-08 outputs/V1e26_D1000_G6/solution/solution-00018 
 19 2.645885881184e+10 1.392571516413e+09 768 7235 3201 12 5 6 6 2.06025240e-08 3.47592200e-08 outputs/V1e26_D1000_G6/solution/solution-00019 
 20 2.785143032825e+10 1.392571516413e+09 768 7235 3201 12 5 6 6 1.99042790e-08 3.35811871e-08 outputs/V1e26_D1000_G6/solution/solution-00020 
 21 2.924400184466e+10 1.392571516413e+09 768 7235 3201 12 5 6 6 1.92296984e-08 3.24430792e-08 outputs/V1e26_D1000_G6/solution/solution-00021 
 22 3.063657336108e+10 1.392571516413e+09 768 7235 3201 12 5 6 6 1.85779802e-08 3.13435432e-08 outputs/V1e26_D1000_G6/solution/solution-00022 
 23 3.202914487749e+10 1.392571516413e+09 768 7235 3201 12 5 6 6 1.79483495e-08 3.02812718e-08 outputs/V1e26_D1000_G6/solution/solution-00023 
 24 3.342171639390e+10 1.392571516413e+09 768 7235 3201 12 5 6 6 1.73400578e-08 2.92550021e-08 outputs/V1e26_D1000_G6/solution/solution-00024 
 25 3.481428791032e+10 1.392571516413e+09 768 7235 3201 12 5 6 6 1.67523818e-08 2.82635140e-08 outputs/V1e26_D1000_G6/solution/solution-00025 
 26 3.620685942673e+10 1.392571516413e+09 768 7235 3201 12 5 6 6 1.61846229e-08 2.73056286e-08 outputs/V1e26_D1000_G6/solution/solution-00026 
 27 3.759943094314e+10 1.392571516413e+09 768 7235 3201 12 5 6 6 1.56361061e-08 2.63802072e-08 outputs/V1e26_D1000_G6/solution/solution-00027 
 28 3.899200245955e+10 1.392571516413e+09 768 7235 3201 12 5 6 6 1.51061791e-08 2.54861494e-08 outputs/V1e26_D1000_G6/solution/solution-00028 
 29 4.038457397597e+10 1.392571516413e+09 768 7235 3201 12 5 6 6 1.45942121e-08 2.46223924e-08 outputs/V1e26_D1000_G6/solution/solution-00029 
 30 4.177714549238e+10 1.392571516413e+09 768 7235 3201 12 5 6 6 1.40995963e-08 2.37879091e-08 outputs/V1e26_D1000_G6/solution/solution-00030 
 31 4.316971700879e+10 1.392571516413e+09 768 7235 3201 12 5 6 6 1.36217436e-08 2.29817076e-08 outputs/V1e26_D1000_G6/solution/solution-00031 
 32 4.456228852520e+10 1.392571516413e+09 768 7235 3201 12 5 6 6 1.31600859e-08 2.22028292e-08 outputs/V1e26_D1000_G6/solution/solution-00032 
 33 4.595486004162e+10 1.392571516413e+09 768 7235 3201 11 5 6 6 1.27140743e-08 2.14503479e-08 outputs/V1e26_D1000_G6/solution/solution-00033 
 34 4.734743155803e+10 1.392571516413e+09 768 7235 3201 11 5 6 6 1.22831787e-08 2.07233692e-08 outputs/V1e26_D1000_G6/solution/solution-00034 
 35 4.874000307444e+10 1.392571516413e+09 768 7235 3201 11 5 6 6 1.18668866e-08 2.00210287e-08 outputs/V1e26_D1000_G6/solution/solution-00035 
 36 5.013257459085e+10 1.392571516413e+09 768 7235 3201 11 5 6 6 1.14647032e-08 1.93424913e-08 outputs/V1e26_D1000_G6/solution/solution-00036 
 37 5.152514610727e+10 1.392571516413e+09 768 7235 3201 11 5 6 6 1.10761503e-08 1.86869505e-08 outputs/V1e26_D1000_G6/solution/solution-00037 
 38 5.291771762368e+10 1.392571516413e+09 768 7235 3201 11 5 6 6 1.07007659e-08 1.80536267e-08 outputs/V1e26_D1000_G6/solution/solution-00038 
 39 5.431028914009e+10 1.392571516413e+09 768 7235 3201 11 5 6 6 1.03381038e-08 1.74417670e-08 outputs/V1e26_D1000_G6/solution/solution-00039 
 40 5.570286065650e+10 1.392571516413e+09 768 7235 3201 11 5 6 6 9.98773268e-09 1.68506440e-08 outputs/V1e26_D1000_G6/solution/solution-00040 
 41 5.709543217292e+10 1.392571516413e+09 768 7235 3201 11 5 6 6 9.64923611e-09 1.62795550e-08 outputs/V1e26_D1000_G6/solution/solution-00041 
 42 5.848800368933e+10 1.392571516413e+09 768 7235 3201 11 5 6 6 9.32221161e-09 1.57278208e-08 outputs/V1e26_D1000_G6/solution/solution-00042 
 43 5.988057520574e+10 1.392571516413e+09 768 7235 3201 11 5 6 6 9.00627038e-09 1.51947856e-08 outputs/V1e26_D1000_G6/solution/solution-00043 
 44 6.127314672215e+10 1.392571516413e+09 768 7235 3201 11 5 6 6 8.70103678e-09 1.46798156e-08 outputs/V1e26_D1000_G6/solution/solution-00044 
 45 6.266571823857e+10 1.392571516413e+09 768 7235 3201 11 5 6 6 8.40614793e-09 1.41822985e-08 outputs/V1e26_D1000_G6/solution/solution-00045 
 46 6.405828975498e+10 1.392571516413e+09 768 7235 3201 11 5 6 6 8.12125322e-09 1.37016430e-08 outputs/V1e26_D1000_G6/solution/solution-00046 
 47 6.545086127139e+10 1.392571516413e+09 768 7235 3201 11 5 6 6 7.84601394e-09 1.32372774e-08 outputs/V1e26_D1000_G6/solution/solution-00047 
 48 6.684343278781e+10 1.392571516413e+09 768 7235 3201 11 5 6 6 7.58010287e-09 1.27886498e-08 outputs/V1e26_D1000_G6/solution/solution-00048 
 49 6.823600430422e+10 1.392571516413e+09 768 7235 3201 11 5 6 6 7.32320385e-09 1.23552267e-08 outputs/V1e26_D1000_G6/solution/solution-00049 
 50 6.962857582063e+10 1.392571516413e+09 768 7235 3201 11 5 6 6 7.07501145e-09 1.19364928e-08 outputs/V1e26_D1000_G6/solution/solution-00050 
 51 7.102114733704e+10 1.392571516413e+09 768 7235 3201 11 5 6 6 6.83523060e-09 1.15319504e-08 outputs/V1e26_D1000_G6/solution/solution-00051 
 52 7.241371885346e+10 1.392571516413e+09 768 7235 3201 11 5 6 6 6.60357622e-09 1.11411184e-08 outputs/V1e26_D1000_G6/solution/solution-00052 
 53 7.380629036987e+10 1.392571516413e+09 768 7235 3201 11 5 6 6 6.37977289e-09 1.07635322e-08 outputs/V1e26_D1000_G6/solution/solution-00053 
 54 7.519886188628e+10 1.392571516413e+09 768 7235 3201 11 5 6 6 6.16355453e-09 1.03987428e-08 outputs/V1e26_D1000_G6/solution/solution-00054 
 55 7.659143340269e+10 1.392571516413e+09 768 7235 3201 11 5 6 6 5.95466408e-09 1.00463166e-08 outputs/V1e26_D1000_G6/solution/solution-00055 
 56 7.798400491911e+10 1.392571516413e+09 768 7235 3201 11 5 6 6 5.75285318e-09 9.70583458e-09 outputs/V1e26_D1000_G6/solution/solution-00056 
 57 7.937657643552e+10 1.392571516413e+09 768 7235 3201 11 5 6 6 5.55788190e-09 9.37689190e-09 outputs/V1e26_D1000_G6/solution/solution-00057 
 58 8.076914795193e+10 1.392571516413e+09 768 7235 3201 11 5 6 6 5.36951844e-09 9.05909748e-09 outputs/V1e26_D1000_G6/solution/solution-00058 
 59 8.216171946834e+10 1.392571516413e+09 768 7235 3201 11 5 6 6 5.18753885e-09 8.75207352e-09 outputs/V1e26_D1000_G6/solution/solution-00059 
 60 8.355429098476e+10 1.392571516413e+09 768 7235 3201 11 5 6 6 5.01172677e-09 8.45545497e-09 outputs/V1e26_D1000_G6/solution/solution-00060 
 61 8.494686250117e+10 1.392571516413e+09 768 7235 3201 10 5 6 6 4.84187318e-09 8.16888919e-09 outputs/V1e26_D1000_G6/solution/solution-00061 
 62 8.633943401758e+10 1.392571516413e+09 768 7235 3201 10 5 6 6 4.67777614e-09 7.89203548e-09 outputs/V1e26_D1000_G6/solution/solution-00062 
 63 8.773200553399e+10 1.392571516413e+09 768 7235 3201 10 5 6 6 4.51924054e-09 7.62456468e-09 outputs/V1e26_D1000_G6/solution/solution-00063 
 64 8.912457705041e+10 1.392571516413e+09 768 7235 3201 10 5 6 6 4.36607792e-09 7.36615880e-09 outputs/V1e26_D1000_G6/solution/solution-00064 
 65 9.051714856682e+10 1.392571516413e+09 768 7235 3201 10 5 6 6 4.21810616e-09 7.11651061e-09 outputs/V1e26_D1000_G6/solution/solution-00065 
 66 9.190972008323e+10 1.392571516413e+09 768 7235 3201 10 5 6 6 4.07514935e-09 6.87532330e-09 outputs/V1e26_D1000_G6/solution/solution-00066 
 67 9.330229159964e+10 1.392571516413e+09 768 7235 3201 10 5 6 6 3.93703752e-09 6.64231013e-09 outputs/V1e26_D1000_G6/solution/solution-00067 
 68 9.469486311606e+10 1.392571516413e+09 768 7235 3201 10 5 6 6 3.80360647e-09 6.41719406e-09 outputs/V1e26_D1000_G6/solution/solution-00068 
 69 9.608743463247e+10 1.392571516413e+09 768 7235 3201 10 5 6 6 3.67469756e-09 6.19970746e-09 outputs/V1e26_D1000_G6/solution/solution-00069 
 70 9.748000614888e+10 1.392571516413e+09 768 7235 3201 10 5 6 6 3.55015754e-09 5.98959174e-09 outputs/V1e26_D1000_G6/solution/solution-00070 
 71 9.887257766530e+10 1.392571516413e+09 768 7235 3201 10 5 6 6 3.42983833e-09 5.78659710e-09 outputs/V1e26_D1000_G6/solution/solution-00071 
 72 1.002651491817e+11 1.392571516413e+09 768 7235 3201 10 5 6 6 3.31359688e-09 5.59048220e-09 outputs/V1e26_D1000_G6/solution/solution-00072 
 73 1.016577206981e+11 1.392571516413e+09 768 7235 3201 10 5 6 6 3.20129500e-09 5.40101387e-09 outputs/V1e26_D1000_G6/solution/solution-00073 
 74 1.030502922145e+11 1.392571516413e+09 768 7235 3201 10 5 6 6 3.09279918e-09 5.21796686e-09 outputs/V1e26_D1000_G6/solution/solution-00074 
 75 1.044428637309e+11 1.392571516413e+09 768 7235 3201 10 5 6 6 2.98798040e-09 5.04112354e-09 outputs/V1e26_D1000_G6/solution/solution-00075 
 76 1.058354352474e+11 1.392571516413e+09 768 7235 3201 10 5 6 6 2.88671407e-09 4.87027366e-09 outputs/V1e26_D1000_G6/solution/solution-00076 
 77 1.072280067638e+11 1.392571516413e+09 768 7235 3201 10 5 6 6 2.78887977e-09 4.70521409e-09 outputs/V1e26_D1000_G6/solution/solution-00077 
 78 1.086205782802e+11 1.392571516413e+09 768 7235 3201 10 5 6 6 2.69436121e-09 4.54574859e-09 outputs/V1e26_D1000_G6/solution/solution-00078 
 79 1.100131497966e+11 1.392571516413e+09 768 7235 3201 10 5 6 6 2.60304599e-09 4.39168757e-09 outputs/V1e26_D1000_G6/solution/solution-00079 
 80 1.114057213130e+11 1.392571516413e+09 768 7235 3201 10 5 6 6 2.51482555e-09 4.24284788e-09 outputs/V1e26_D1000_G6/solution/solution-00080 
 81 1.127982928294e+11 1.392571516413e+09 768 7235 3201 10 5 6 6 2.42959502e-09 4.09905254e-09 outputs/V1e26_D1000_G6/solution/solution-00081 
 82 1.141908643458e+11 1.392571516413e+09 768 7235 3201 10 5 6 6 2.34725305e-09 3.96013060e-09 outputs/V1e26_D1000_G6/solution/solution-00082 
 83 1.155834358622e+11 1.392571516413e+09 768 7235 3201 10 5 6 6 2.26770176e-09 3.82591690e-09 outputs/V1e26_D1000_G6/solution/solution-00083 
 84 1.169760073787e+11 1.392571516413e+09 768 7235 3201 10 5 6 6 2.19084655e-09 3.69625187e-09 outputs/V1e26_D1000_G6/solution/solution-00084 
 85 1.183685788951e+11 1.392571516413e+09 768 7235 3201 10 5 6 6 2.11659607e-09 3.57098134e-09 outputs/V1e26_D1000_G6/solution/solution-00085 
 86 1.197611504115e+11 1.392571516413e+09 768 7235 3201 10 5 6 6 2.04486202e-09 3.44995638e-09 outputs/V1e26_D1000_G6/solution/solution-00086 
 87 1.211537219279e+11 1.392571516413e+09 768 7235 3201 10 5 6 6 1.97555913e-09 3.33303312e-09 outputs/V1e26_D1000_G6/solution/solution-00087 
 88 1.225462934443e+11 1.392571516413e+09 768 7235 3201 10 5 6 6 1.90860500e-09 3.22007252e-09 outputs/V1e26_D1000_G6/solution/solution-00088 
 89 1.239388649607e+11 1.392571516413e+09 768 7235 3201 10 5 6 6 1.84392002e-09 3.11094030e-09 outputs/V1e26_D1000_G6/solution/solution-00089 
 90 1.253314364771e+11 1.392571516413e+09 768 7235 3201 10 5 6 6 1.78142730e-09 3.00550670e-09 outputs/V1e26_D1000_G6/solution/solution-00090 
 91 1.267240079935e+11 1.392571516413e+09 768 7235 3201 10 5 6 6 1.72105254e-09 2.90364638e-09 outputs/V1e26_D1000_G6/solution/solution-00091 
 92 1.281165795100e+11 1.392571516413e+09 768 7235 3201 10 5 6 6 1.66272395e-09 2.80523823e-09 outputs/V1e26_D1000_G6/solution/solution-00092 
 93 1.295091510264e+11 1.392571516413e+09 768 7235 3201  9 5 6 6 1.60637219e-09 2.71016526e-09 outputs/V1e26_D1000_G6/solution/solution-00093 
 94 1.309017225428e+11 1.392571516413e+09 768 7235 3201  9 5 6 6 1.55193026e-09 2.61831443e-09 outputs/V1e26_D1000_G6/solution/solution-00094 
 95 1.322942940592e+11 1.392571516413e+09 768 7235 3201  9 5 6 6 1.49933344e-09 2.52957654e-09 outputs/V1e26_D1000_G6/solution/solution-00095 
 96 1.336868655756e+11 1.392571516413e+09 768 7235 3201  9 5 6 6 1.44851919e-09 2.44384608e-09 outputs/V1e26_D1000_G6/solution/solution-00096 
 97 1.350794370920e+11 1.392571516413e+09 768 7235 3201  9 5 6 6 1.39942710e-09 2.36102114e-09 outputs/V1e26_D1000_G6/solution/solution-00097 
 98 1.364720086084e+11 1.392571516413e+09 768 7235 3201  9 5 6 6 1.35199879e-09 2.28100323e-09 outputs/V1e26_D1000_G6/solution/solution-00098 
 99 1.378645801248e+11 1.392571516413e+09 768 7235 3201  9 5 6 6 1.30617789e-09 2.20369723e-09 outputs/V1e26_D1000_G6/solution/solution-00099 
100 1.392571516413e+11 1.392571516413e+09 768 7235 3201  9 5 6 6 1.26190992e-09 2.12901123e-09 outputs/V1e26_D1000_G6/solution/solution-00100 
