# 1: Time step number
# 2: Time (years)
# 3: Time step size (years)
# 4: Number of mesh cells
# 5: Number of Stokes degrees of freedom
# 6: Number of temperature degrees of freedom
# 7: Iterations for temperature solver
# 8: Iterations for Stokes solver
# 9: Velocity iterations in Stokes preconditioner
# 10: Schur complement iterations in Stokes preconditioner
# 11: RMS velocity (m/year)
# 12: Max. velocity (m/year)
# 13: Visualization file name
  0 0.000000000000e+00 0.000000000000e+00 768 7235 3201  0 8 9 9 7.95027476e-08 1.41065609e-07 outputs/V1e26_D30_G12/solution/solution-00000 
  1 1.392571516413e+09 1.392571516413e+09 768 7235 3201 32 8 9 9 7.56546104e-08 1.27981957e-07 outputs/V1e26_D30_G12/solution/solution-00001 
  2 2.785143032825e+09 1.392571516413e+09 768 7235 3201 25 8 9 9 7.23078444e-08 1.22630875e-07 outputs/V1e26_D30_G12/solution/solution-00002 
  3 4.177714549238e+09 1.392571516413e+09 768 7235 3201 24 8 9 9 6.93969923e-08 1.18117174e-07 outputs/V1e26_D30_G12/solution/solution-00003 
  4 5.570286065650e+09 1.392571516413e+09 768 7235 3201 23 8 9 9 6.68394265e-08 1.14180419e-07 outputs/V1e26_D30_G12/solution/solution-00004 
  5 6.962857582063e+09 1.392571516413e+09 768 7235 3201 23 8 9 9 6.45857785e-08 1.10711199e-07 outputs/V1e26_D30_G12/solution/solution-00005 
  6 8.355429098476e+09 1.392571516413e+09 768 7235 3201 22 8 9 9 6.25868577e-08 1.07615673e-07 outputs/V1e26_D30_G12/solution/solution-00006 
  7 9.748000614888e+09 1.392571516413e+09 768 7235 3201 21 8 9 9 6.08000600e-08 1.04820233e-07 outputs/V1e26_D30_G12/solution/solution-00007 
  8 1.114057213130e+10 1.392571516413e+09 768 7235 3201 21 8 9 9 5.91898273e-08 1.02268385e-07 outputs/V1e26_D30_G12/solution/solution-00008 
  9 1.253314364771e+10 1.392571516413e+09 768 7235 3201 21 8 9 9 5.77269079e-08 9.99167028e-08 outputs/V1e26_D30_G12/solution/solution-00009 
 10 1.392571516413e+10 1.392571516413e+09 768 7235 3201 20 8 9 9 5.63873516e-08 9.77314724e-08 outputs/V1e26_D30_G12/solution/solution-00010 
 11 1.531828668054e+10 1.392571516413e+09 768 7235 3201 20 8 9 9 5.51515510e-08 9.56862053e-08 outputs/V1e26_D30_G12/solution/solution-00011 
 12 1.671085819695e+10 1.392571516413e+09 768 7235 3201 20 8 9 9 5.40034249e-08 9.37598433e-08 outputs/V1e26_D30_G12/solution/solution-00012 
 13 1.810342971336e+10 1.392571516413e+09 768 7235 3201 20 8 9 9 5.29297491e-08 9.19354648e-08 outputs/V1e26_D30_G12/solution/solution-00013 
 14 1.949600122978e+10 1.392571516413e+09 768 7235 3201 20 8 9 9 5.19196176e-08 9.01993408e-08 outputs/V1e26_D30_G12/solution/solution-00014 
 15 2.088857274619e+10 1.392571516413e+09 768 7235 3201 20 8 9 9 5.09640098e-08 8.85402378e-08 outputs/V1e26_D30_G12/solution/solution-00015 
 16 2.228114426260e+10 1.392571516413e+09 768 7235 3201 19 8 9 9 5.00554436e-08 8.69488944e-08 outputs/V1e26_D30_G12/solution/solution-00016 
 17 2.367371577901e+10 1.392571516413e+09 768 7235 3201 19 8 9 9 4.91876965e-08 8.54176226e-08 outputs/V1e26_D30_G12/solution/solution-00017 
 18 2.506628729543e+10 1.392571516413e+09 768 7235 3201 19 8 9 9 4.83555805e-08 8.39400019e-08 outputs/V1e26_D30_G12/solution/solution-00018 
 19 2.645885881184e+10 1.392571516413e+09 768 7235 3201 19 8 9 9 4.75547596e-08 8.25106396e-08 outputs/V1e26_D30_G12/solution/solution-00019 
 20 2.785143032825e+10 1.392571516413e+09 768 7235 3201 19 8 9 9 4.67816017e-08 8.11249825e-08 outputs/V1e26_D30_G12/solution/solution-00020 
 21 2.924400184466e+10 1.392571516413e+09 768 7235 3201 19 8 9 9 4.60330575e-08 7.97791677e-08 outputs/V1e26_D30_G12/solution/solution-00021 
 22 3.063657336108e+10 1.392571516413e+09 768 7235 3201 19 8 9 9 4.53065615e-08 7.84699020e-08 outputs/V1e26_D30_G12/solution/solution-00022 
 23 3.202914487749e+10 1.392571516413e+09 768 7235 3201 19 8 9 9 4.45999504e-08 7.71943653e-08 outputs/V1e26_D30_G12/solution/solution-00023 
 24 3.342171639390e+10 1.392571516413e+09 768 7235 3201 19 8 9 9 4.39113958e-08 7.59501316e-08 outputs/V1e26_D30_G12/solution/solution-00024 
 25 3.481428791032e+10 1.392571516413e+09 768 7235 3201 19 8 9 9 4.32393492e-08 7.47351049e-08 outputs/V1e26_D30_G12/solution/solution-00025 
 26 3.620685942673e+10 1.392571516413e+09 768 7235 3201 18 8 9 9 4.25824953e-08 7.35474655e-08 outputs/V1e26_D30_G12/solution/solution-00026 
 27 3.759943094314e+10 1.392571516413e+09 768 7235 3201 18 8 9 9 4.19397145e-08 7.23856269e-08 outputs/V1e26_D30_G12/solution/solution-00027 
 28 3.899200245955e+10 1.392571516413e+09 768 7235 3201 18 8 9 9 4.13100503e-08 7.12481988e-08 outputs/V1e26_D30_G12/solution/solution-00028 
 29 4.038457397597e+10 1.392571516413e+09 768 7235 3201 18 8 9 9 4.06926837e-08 7.01339574e-08 outputs/V1e26_D30_G12/solution/solution-00029 
 30 4.177714549238e+10 1.392571516413e+09 768 7235 3201 18 8 9 9 4.00869103e-08 6.90418200e-08 outputs/V1e26_D30_G12/solution/solution-00030 
 31 4.316971700879e+10 1.392571516413e+09 768 7235 3201 18 8 9 9 3.94921225e-08 6.79708235e-08 outputs/V1e26_D30_G12/solution/solution-00031 
 32 4.456228852520e+10 1.392571516413e+09 768 7235 3201 18 8 9 9 3.89077935e-08 6.69201073e-08 outputs/V1e26_D30_G12/solution/solution-00032 
 33 4.595486004162e+10 1.392571516413e+09 768 7235 3201 18 8 9 9 3.83334648e-08 6.58888979e-08 outputs/V1e26_D30_G12/solution/solution-00033 
 34 4.734743155803e+10 1.392571516413e+09 768 7235 3201 18 8 9 9 3.77687351e-08 6.48764965e-08 outputs/V1e26_D30_G12/solution/solution-00034 
 35 4.874000307444e+10 1.392571516413e+09 768 7235 3201 18 8 9 9 3.72132515e-08 6.38822685e-08 outputs/V1e26_D30_G12/solution/solution-00035 
 36 5.013257459085e+10 1.392571516413e+09 768 7235 3201 18 8 9 9 3.66667015e-08 6.29056344e-08 outputs/V1e26_D30_G12/solution/solution-00036 
 37 5.152514610727e+10 1.392571516413e+09 768 7235 3201 18 8 9 9 3.61288071e-08 6.19460623e-08 outputs/V1e26_D30_G12/solution/solution-00037 
 38 5.291771762368e+10 1.392571516413e+09 768 7235 3201 18 8 9 9 3.55993192e-08 6.10030617e-08 outputs/V1e26_D30_G12/solution/solution-00038 
 39 5.431028914009e+10 1.392571516413e+09 768 7235 3201 18 8 9 9 3.50780129e-08 6.00761776e-08 outputs/V1e26_D30_G12/solution/solution-00039 
 40 5.570286065650e+10 1.392571516413e+09 768 7235 3201 18 8 9 9 3.45646842e-08 5.91649865e-08 outputs/V1e26_D30_G12/solution/solution-00040 
 41 5.709543217292e+10 1.392571516413e+09 768 7235 3201 18 8 9 9 3.40591466e-08 5.82690918e-08 outputs/V1e26_D30_G12/solution/solution-00041 
 42 5.848800368933e+10 1.392571516413e+09 768 7235 3201 18 8 9 9 3.35612283e-08 5.73881212e-08 outputs/V1e26_D30_G12/solution/solution-00042 
 43 5.988057520574e+10 1.392571516413e+09 768 7235 3201 18 8 9 9 3.30707703e-08 5.65217234e-08 outputs/V1e26_D30_G12/solution/solution-00043 
 44 6.127314672215e+10 1.392571516413e+09 768 7235 3201 18 8 9 9 3.25876243e-08 5.56695655e-08 outputs/V1e26_D30_G12/solution/solution-00044 
 45 6.266571823857e+10 1.392571516413e+09 768 7235 3201 17 8 9 9 3.21116512e-08 5.48313317e-08 outputs/V1e26_D30_G12/solution/solution-00045 
 46 6.405828975498e+10 1.392571516413e+09 768 7235 3201 17 8 9 9 3.16427197e-08 5.40067207e-08 outputs/V1e26_D30_G12/solution/solution-00046 
 47 6.545086127139e+10 1.392571516413e+09 768 7235 3201 17 8 9 9 3.11807056e-08 5.31954446e-08 outputs/V1e26_D30_G12/solution/solution-00047 
 48 6.684343278781e+10 1.392571516413e+09 768 7235 3201 17 8 9 9 3.07254901e-08 5.23972275e-08 outputs/V1e26_D30_G12/solution/solution-00048 
 49 6.823600430422e+10 1.392571516413e+09 768 7235 3201 17 8 9 9 3.02769598e-08 5.16118044e-08 outputs/V1e26_D30_G12/solution/solution-00049 
 50 6.962857582063e+10 1.392571516413e+09 768 7235 3201 17 8 9 9 2.98350057e-08 5.08389204e-08 outputs/V1e26_D30_G12/solution/solution-00050 
 51 7.102114733704e+10 1.392571516413e+09 768 7235 3201 17 8 9 9 2.93995225e-08 5.00783294e-08 outputs/V1e26_D30_G12/solution/solution-00051 
 52 7.241371885346e+10 1.392571516413e+09 768 7235 3201 17 8 9 9 2.89704085e-08 4.93297939e-08 outputs/V1e26_D30_G12/solution/solution-00052 
 53 7.380629036987e+10 1.392571516413e+09 768 7235 3201 17 8 9 9 2.85475649e-08 4.85930840e-08 outputs/V1e26_D30_G12/solution/solution-00053 
 54 7.519886188628e+10 1.392571516413e+09 768 7235 3201 17 8 9 9 2.81308959e-08 4.78679770e-08 outputs/V1e26_D30_G12/solution/solution-00054 
 55 7.659143340269e+10 1.392571516413e+09 768 7235 3201 17 8 9 9 2.77203077e-08 4.71542570e-08 outputs/V1e26_D30_G12/solution/solution-00055 
 56 7.798400491911e+10 1.392571516413e+09 768 7235 3201 17 8 9 9 2.73157090e-08 4.64517140e-08 outputs/V1e26_D30_G12/solution/solution-00056 
 57 7.937657643552e+10 1.392571516413e+09 768 7235 3201 17 8 9 9 2.69170105e-08 4.57601444e-08 outputs/V1e26_D30_G12/solution/solution-00057 
 58 8.076914795193e+10 1.392571516413e+09 768 7235 3201 17 8 9 9 2.65241248e-08 4.50793497e-08 outputs/V1e26_D30_G12/solution/solution-00058 
 59 8.216171946834e+10 1.392571516413e+09 768 7235 3201 17 8 9 9 2.61369660e-08 4.44091368e-08 outputs/V1e26_D30_G12/solution/solution-00059 
 60 8.355429098476e+10 1.392571516413e+09 768 7235 3201 17 8 9 9 2.57554499e-08 4.37493175e-08 outputs/V1e26_D30_G12/solution/solution-00060 
 61 8.494686250117e+10 1.392571516413e+09 768 7235 3201 17 8 9 9 2.53794941e-08 4.30997084e-08 outputs/V1e26_D30_G12/solution/solution-00061 
 62 8.633943401758e+10 1.392571516413e+09 768 7235 3201 17 8 9 9 2.50090171e-08 4.24601306e-08 outputs/V1e26_D30_G12/solution/solution-00062 
 63 8.773200553399e+10 1.392571516413e+09 768 7235 3201 17 8 9 9 2.46439392e-08 4.18304094e-08 outputs/V1e26_D30_G12/solution/solution-00063 
 64 8.912457705041e+10 1.392571516413e+09 768 7235 3201 17 8 9 9 2.42841818e-08 4.12103743e-08 outputs/V1e26_D30_G12/solution/solution-00064 
 65 9.051714856682e+10 1.392571516413e+09 768 7235 3201 17 8 9 9 2.39296676e-08 4.05998588e-08 outputs/V1e26_D30_G12/solution/solution-00065 
 66 9.190972008323e+10 1.392571516413e+09 768 7235 3201 17 8 9 9 2.35803203e-08 3.99987000e-08 outputs/V1e26_D30_G12/solution/solution-00066 
 67 9.330229159964e+10 1.392571516413e+09 768 7235 3201 17 8 9 9 2.32360651e-08 3.94067388e-08 outputs/V1e26_D30_G12/solution/solution-00067 
 68 9.469486311606e+10 1.392571516413e+09 768 7235 3201 17 8 9 9 2.28968280e-08 3.88238196e-08 outputs/V1e26_D30_G12/solution/solution-00068 
 69 9.608743463247e+10 1.392571516413e+09 768 7235 3201 17 8 9 9 2.25625364e-08 3.82497902e-08 outputs/V1e26_D30_G12/solution/solution-00069 
 70 9.748000614888e+10 1.392571516413e+09 768 7235 3201 17 8 9 9 2.22331184e-08 3.76845015e-08 outputs/V1e26_D30_G12/solution/solution-00070 
 71 9.887257766530e+10 1.392571516413e+09 768 7235 3201 16 8 9 9 2.19085036e-08 3.71278080e-08 outputs/V1e26_D30_G12/solution/solution-00071 
 72 1.002651491817e+11 1.392571516413e+09 768 7235 3201 16 8 9 9 2.15886221e-08 3.65795667e-08 outputs/V1e26_D30_G12/solution/solution-00072 
 73 1.016577206981e+11 1.392571516413e+09 768 7235 3201 16 8 9 9 2.12734055e-08 3.60396380e-08 outputs/V1e26_D30_G12/solution/solution-00073 
 74 1.030502922145e+11 1.392571516413e+09 768 7235 3201 16 8 9 9 2.09627860e-08 3.55078849e-08 outputs/V1e26_D30_G12/solution/solution-00074 
 75 1.044428637309e+11 1.392571516413e+09 768 7235 3201 16 8 9 9 2.06566969e-08 3.49841734e-08 outputs/V1e26_D30_G12/solution/solution-00075 
 76 1.058354352474e+11 1.392571516413e+09 768 7235 3201 16 8 9 9 2.03550727e-08 3.44683721e-08 outputs/V1e26_D30_G12/solution/solution-00076 
 77 1.072280067638e+11 1.392571516413e+09 768 7235 3201 16 8 9 9 2.00578483e-08 3.39603521e-08 outputs/V1e26_D30_G12/solution/solution-00077 
 78 1.086205782802e+11 1.392571516413e+09 768 7235 3201 16 8 9 9 1.97649600e-08 3.34599873e-08 outputs/V1e26_D30_G12/solution/solution-00078 
 79 1.100131497966e+11 1.392571516413e+09 768 7235 3201 16 8 9 9 1.94763449e-08 3.29671539e-08 outputs/V1e26_D30_G12/solution/solution-00079 
 80 1.114057213130e+11 1.392571516413e+09 768 7235 3201 16 8 9 9 1.91919408e-08 3.24817307e-08 outputs/V1e26_D30_G12/solution/solution-00080 
 81 1.127982928294e+11 1.392571516413e+09 768 7235 3201 16 8 9 9 1.89116865e-08 3.20035985e-08 outputs/V1e26_D30_G12/solution/solution-00081 
 82 1.141908643458e+11 1.392571516413e+09 768 7235 3201 16 8 9 9 1.86355219e-08 3.15326407e-08 outputs/V1e26_D30_G12/solution/solution-00082 
 83 1.155834358622e+11 1.392571516413e+09 768 7235 3201 16 8 9 9 1.83633873e-08 3.10687429e-08 outputs/V1e26_D30_G12/solution/solution-00083 
 84 1.169760073787e+11 1.392571516413e+09 768 7235 3201 16 8 9 9 1.80952243e-08 3.06117926e-08 outputs/V1e26_D30_G12/solution/solution-00084 
 85 1.183685788951e+11 1.392571516413e+09 768 7235 3201 16 8 9 9 1.78309750e-08 3.01616797e-08 outputs/V1e26_D30_G12/solution/solution-00085 
 86 1.197611504115e+11 1.392571516413e+09 768 7235 3201 16 8 9 9 1.75705826e-08 2.97182959e-08 outputs/V1e26_D30_G12/solution/solution-00086 
 87 1.211537219279e+11 1.392571516413e+09 768 7235 3201 16 8 9 9 1.73139908e-08 2.92815351e-08 outputs/V1e26_D30_G12/solution/solution-00087 
 88 1.225462934443e+11 1.392571516413e+09 768 7235 3201 16 8 9 9 1.70611444e-08 2.88512931e-08 outputs/V1e26_D30_G12/solution/solution-00088 
 89 1.239388649607e+11 1.392571516413e+09 768 7235 3201 16 8 9 9 1.68119889e-08 2.84274675e-08 outputs/V1e26_D30_G12/solution/solution-00089 
 90 1.253314364771e+11 1.392571516413e+09 768 7235 3201 16 8 9 9 1.65664705e-08 2.80099579e-08 outputs/V1e26_D30_G12/solution/solution-00090 
 91 1.267240079935e+11 1.392571516413e+09 768 7235 3201 16 8 9 9 1.63245362e-08 2.75986656e-08 outputs/V1e26_D30_G12/solution/solution-00091 
 92 1.281165795100e+11 1.392571516413e+09 768 7235 3201 16 8 9 9 1.60861339e-08 2.71934936e-08 outputs/V1e26_D30_G12/solution/solution-00092 
 93 1.295091510264e+11 1.392571516413e+09 768 7235 3201 16 8 9 9 1.58512120e-08 2.67943469e-08 outputs/V1e26_D30_G12/solution/solution-00093 
 94 1.309017225428e+11 1.392571516413e+09 768 7235 3201 16 8 9 9 1.56197199e-08 2.64011319e-08 outputs/V1e26_D30_G12/solution/solution-00094 
 95 1.322942940592e+11 1.392571516413e+09 768 7235 3201 16 8 9 9 1.53916075e-08 2.60137567e-08 outputs/V1e26_D30_G12/solution/solution-00095 
 96 1.336868655756e+11 1.392571516413e+09 768 7235 3201 15 8 9 9 1.51668257e-08 2.56321312e-08 outputs/V1e26_D30_G12/solution/solution-00096 
 97 1.350794370920e+11 1.392571516413e+09 768 7235 3201 15 8 9 9 1.49453259e-08 2.52561666e-08 outputs/V1e26_D30_G12/solution/solution-00097 
 98 1.364720086084e+11 1.392571516413e+09 768 7235 3201 15 8 9 9 1.47270601e-08 2.48857758e-08 outputs/V1e26_D30_G12/solution/solution-00098 
 99 1.378645801248e+11 1.392571516413e+09 768 7235 3201 15 8 9 9 1.45119813e-08 2.45208732e-08 outputs/V1e26_D30_G12/solution/solution-00099 
100 1.392571516413e+11 1.392571516413e+09 768 7235 3201 15 8 9 9 1.43000430e-08 2.41613745e-08 outputs/V1e26_D30_G12/solution/solution-00100 
