# 1: Time step number
# 2: Time (years)
# 3: Time step size (years)
# 4: Number of mesh cells
# 5: Number of Stokes degrees of freedom
# 6: Number of temperature degrees of freedom
# 7: Iterations for temperature solver
# 8: Iterations for Stokes solver
# 9: Velocity iterations in Stokes preconditioner
# 10: Schur complement iterations in Stokes preconditioner
# 11: RMS velocity (m/year)
# 12: Max. velocity (m/year)
# 13: Visualization file name
  0 0.000000000000e+00 0.000000000000e+00 768 7235 3201  0 8 9 9 6.59812396e-08 1.11319196e-07 outputs/V1e26_D1000_G10/solution/solution-00000 
  1 1.392571516413e+09 1.392571516413e+09 768 7235 3201 18 6 7 7 6.46491891e-08 1.09071849e-07 outputs/V1e26_D1000_G10/solution/solution-00001 
  2 2.785143032825e+09 1.392571516413e+09 768 7235 3201 10 5 6 6 6.33071843e-08 1.06807707e-07 outputs/V1e26_D1000_G10/solution/solution-00002 
  3 4.177714549238e+09 1.392571516413e+09 768 7235 3201 11 5 6 6 6.19801429e-08 1.04568810e-07 outputs/V1e26_D1000_G10/solution/solution-00003 
  4 5.570286065650e+09 1.392571516413e+09 768 7235 3201 11 5 6 6 6.06764039e-08 1.02369228e-07 outputs/V1e26_D1000_G10/solution/solution-00004 
  5 6.962857582063e+09 1.392571516413e+09 768 7235 3201 11 5 6 6 5.93985075e-08 1.00213245e-07 outputs/V1e26_D1000_G10/solution/solution-00005 
  6 8.355429098476e+09 1.392571516413e+09 768 7235 3201 11 5 6 6 5.81469707e-08 9.81017350e-08 outputs/V1e26_D1000_G10/solution/solution-00006 
  7 9.748000614888e+09 1.392571516413e+09 768 7235 3201 11 5 6 6 5.69216099e-08 9.60343872e-08 outputs/V1e26_D1000_G10/solution/solution-00007 
  8 1.114057213130e+10 1.392571516413e+09 768 7235 3201 11 5 6 6 5.57220039e-08 9.40104910e-08 outputs/V1e26_D1000_G10/solution/solution-00008 
  9 1.253314364771e+10 1.392571516413e+09 768 7235 3201 11 5 6 6 5.45476553e-08 9.20292075e-08 outputs/V1e26_D1000_G10/solution/solution-00009 
 10 1.392571516413e+10 1.392571516413e+09 768 7235 3201 11 5 6 6 5.33980479e-08 9.00896657e-08 outputs/V1e26_D1000_G10/solution/solution-00010 
 11 1.531828668054e+10 1.392571516413e+09 768 7235 3201 11 5 6 6 5.22726658e-08 8.81909954e-08 outputs/V1e26_D1000_G10/solution/solution-00011 
 12 1.671085819695e+10 1.392571516413e+09 768 7235 3201 11 5 6 6 5.11710006e-08 8.63323384e-08 outputs/V1e26_D1000_G10/solution/solution-00012 
 13 1.810342971336e+10 1.392571516413e+09 768 7235 3201 11 5 6 6 5.00925530e-08 8.45128527e-08 outputs/V1e26_D1000_G10/solution/solution-00013 
 14 1.949600122978e+10 1.392571516413e+09 768 7235 3201 11 5 6 6 4.90368339e-08 8.27317132e-08 outputs/V1e26_D1000_G10/solution/solution-00014 
 15 2.088857274619e+10 1.392571516413e+09 768 7235 3201 11 5 6 6 4.80033645e-08 8.09881117e-08 outputs/V1e26_D1000_G10/solution/solution-00015 
 16 2.228114426260e+10 1.392571516413e+09 768 7235 3201 11 5 6 6 4.69916759e-08 7.92812573e-08 outputs/V1e26_D1000_G10/solution/solution-00016 
 17 2.367371577901e+10 1.392571516413e+09 768 7235 3201 11 5 6 6 4.60013089e-08 7.76103755e-08 outputs/V1e26_D1000_G10/solution/solution-00017 
 18 2.506628729543e+10 1.392571516413e+09 768 7235 3201 11 5 6 6 4.50318144e-08 7.59747082e-08 outputs/V1e26_D1000_G10/solution/solution-00018 
 19 2.645885881184e+10 1.392571516413e+09 768 7235 3201 11 5 6 6 4.40827523e-08 7.43735132e-08 outputs/V1e26_D1000_G10/solution/solution-00019 
 20 2.785143032825e+10 1.392571516413e+09 768 7235 3201 11 5 6 6 4.31536920e-08 7.28060640e-08 outputs/V1e26_D1000_G10/solution/solution-00020 
 21 2.924400184466e+10 1.392571516413e+09 768 7235 3201 11 5 6 6 4.22442121e-08 7.12716495e-08 outputs/V1e26_D1000_G10/solution/solution-00021 
 22 3.063657336108e+10 1.392571516413e+09 768 7235 3201 11 5 6 6 4.13538998e-08 6.97695733e-08 outputs/V1e26_D1000_G10/solution/solution-00022 
 23 3.202914487749e+10 1.392571516413e+09 768 7235 3201 11 5 6 6 4.04823512e-08 6.82991539e-08 outputs/V1e26_D1000_G10/solution/solution-00023 
 24 3.342171639390e+10 1.392571516413e+09 768 7235 3201 11 5 6 6 3.96291708e-08 6.68597242e-08 outputs/V1e26_D1000_G10/solution/solution-00024 
 25 3.481428791032e+10 1.392571516413e+09 768 7235 3201 11 5 6 6 3.87939716e-08 6.54506311e-08 outputs/V1e26_D1000_G10/solution/solution-00025 
 26 3.620685942673e+10 1.392571516413e+09 768 7235 3201 11 5 6 6 3.79763745e-08 6.40712352e-08 outputs/V1e26_D1000_G10/solution/solution-00026 
 27 3.759943094314e+10 1.392571516413e+09 768 7235 3201 11 5 6 6 3.71760085e-08 6.27209105e-08 outputs/V1e26_D1000_G10/solution/solution-00027 
 28 3.899200245955e+10 1.392571516413e+09 768 7235 3201 11 5 6 6 3.63925106e-08 6.13990445e-08 outputs/V1e26_D1000_G10/solution/solution-00028 
 29 4.038457397597e+10 1.392571516413e+09 768 7235 3201 11 5 6 6 3.56255252e-08 6.01050373e-08 outputs/V1e26_D1000_G10/solution/solution-00029 
 30 4.177714549238e+10 1.392571516413e+09 768 7235 3201 11 5 6 6 3.48747044e-08 5.88383018e-08 outputs/V1e26_D1000_G10/solution/solution-00030 
 31 4.316971700879e+10 1.392571516413e+09 768 7235 3201 11 5 6 6 3.41397073e-08 5.75982633e-08 outputs/V1e26_D1000_G10/solution/solution-00031 
 32 4.456228852520e+10 1.392571516413e+09 768 7235 3201 11 5 6 6 3.34202006e-08 5.63843590e-08 outputs/V1e26_D1000_G10/solution/solution-00032 
 33 4.595486004162e+10 1.392571516413e+09 768 7235 3201 11 5 6 6 3.27158578e-08 5.51960383e-08 outputs/V1e26_D1000_G10/solution/solution-00033 
 34 4.734743155803e+10 1.392571516413e+09 768 7235 3201 11 5 6 6 3.20263593e-08 5.40327618e-08 outputs/V1e26_D1000_G10/solution/solution-00034 
 35 4.874000307444e+10 1.392571516413e+09 768 7235 3201 11 5 6 6 3.13513922e-08 5.28940019e-08 outputs/V1e26_D1000_G10/solution/solution-00035 
 36 5.013257459085e+10 1.392571516413e+09 768 7235 3201 11 5 6 6 3.06906503e-08 5.17792417e-08 outputs/V1e26_D1000_G10/solution/solution-00036 
 37 5.152514610727e+10 1.392571516413e+09 768 7235 3201 11 5 6 6 3.00438338e-08 5.06879756e-08 outputs/V1e26_D1000_G10/solution/solution-00037 
 38 5.291771762368e+10 1.392571516413e+09 768 7235 3201 11 5 6 6 2.94106493e-08 4.96197083e-08 outputs/V1e26_D1000_G10/solution/solution-00038 
 39 5.431028914009e+10 1.392571516413e+09 768 7235 3201 11 5 6 6 2.87908093e-08 4.85739551e-08 outputs/V1e26_D1000_G10/solution/solution-00039 
 40 5.570286065650e+10 1.392571516413e+09 768 7235 3201 11 5 6 6 2.81840326e-08 4.75502416e-08 outputs/V1e26_D1000_G10/solution/solution-00040 
 41 5.709543217292e+10 1.392571516413e+09 768 7235 3201 11 5 6 6 2.75900440e-08 4.65481032e-08 outputs/V1e26_D1000_G10/solution/solution-00041 
 42 5.848800368933e+10 1.392571516413e+09 768 7235 3201 11 5 6 6 2.70085740e-08 4.55670852e-08 outputs/V1e26_D1000_G10/solution/solution-00042 
 43 5.988057520574e+10 1.392571516413e+09 768 7235 3201 11 5 6 6 2.64393586e-08 4.46067426e-08 outputs/V1e26_D1000_G10/solution/solution-00043 
 44 6.127314672215e+10 1.392571516413e+09 768 7235 3201 11 5 6 6 2.58821397e-08 4.36666396e-08 outputs/V1e26_D1000_G10/solution/solution-00044 
 45 6.266571823857e+10 1.392571516413e+09 768 7235 3201 11 5 6 6 2.53366644e-08 4.27463495e-08 outputs/V1e26_D1000_G10/solution/solution-00045 
 46 6.405828975498e+10 1.392571516413e+09 768 7235 3201 11 5 6 6 2.48026851e-08 4.18454550e-08 outputs/V1e26_D1000_G10/solution/solution-00046 
 47 6.545086127139e+10 1.392571516413e+09 768 7235 3201 11 5 6 6 2.42799597e-08 4.09635471e-08 outputs/V1e26_D1000_G10/solution/solution-00047 
 48 6.684343278781e+10 1.392571516413e+09 768 7235 3201 11 5 6 6 2.37682509e-08 4.01002257e-08 outputs/V1e26_D1000_G10/solution/solution-00048 
 49 6.823600430422e+10 1.392571516413e+09 768 7235 3201 11 5 6 6 2.32673265e-08 3.92550992e-08 outputs/V1e26_D1000_G10/solution/solution-00049 
 50 6.962857582063e+10 1.392571516413e+09 768 7235 3201 11 5 6 6 2.27769594e-08 3.84277840e-08 outputs/V1e26_D1000_G10/solution/solution-00050 
 51 7.102114733704e+10 1.392571516413e+09 768 7235 3201 11 5 6 6 2.22969268e-08 3.76179048e-08 outputs/V1e26_D1000_G10/solution/solution-00051 
 52 7.241371885346e+10 1.392571516413e+09 768 7235 3201 10 5 6 6 2.18270112e-08 3.68250941e-08 outputs/V1e26_D1000_G10/solution/solution-00052 
 53 7.380629036987e+10 1.392571516413e+09 768 7235 3201 10 5 6 6 2.13669992e-08 3.60489922e-08 outputs/V1e26_D1000_G10/solution/solution-00053 
 54 7.519886188628e+10 1.392571516413e+09 768 7235 3201 10 5 6 6 2.09166821e-08 3.52892469e-08 outputs/V1e26_D1000_G10/solution/solution-00054 
 55 7.659143340269e+10 1.392571516413e+09 768 7235 3201 10 5 6 6 2.04758556e-08 3.45455135e-08 outputs/V1e26_D1000_G10/solution/solution-00055 
 56 7.798400491911e+10 1.392571516413e+09 768 7235 3201 10 5 6 6 2.00443197e-08 3.38174545e-08 outputs/V1e26_D1000_G10/solution/solution-00056 
 57 7.937657643552e+10 1.392571516413e+09 768 7235 3201 10 5 6 6 1.96218785e-08 3.31047397e-08 outputs/V1e26_D1000_G10/solution/solution-00057 
 58 8.076914795193e+10 1.392571516413e+09 768 7235 3201 10 5 6 6 1.92083405e-08 3.24070456e-08 outputs/V1e26_D1000_G10/solution/solution-00058 
 59 8.216171946834e+10 1.392571516413e+09 768 7235 3201 10 5 6 6 1.88035179e-08 3.17240556e-08 outputs/V1e26_D1000_G10/solution/solution-00059 
 60 8.355429098476e+10 1.392571516413e+09 768 7235 3201 10 5 6 6 1.84072271e-08 3.10554599e-08 outputs/V1e26_D1000_G10/solution/solution-00060 
 61 8.494686250117e+10 1.392571516413e+09 768 7235 3201 10 5 6 6 1.80192883e-08 3.04009551e-08 outputs/V1e26_D1000_G10/solution/solution-00061 
 62 8.633943401758e+10 1.392571516413e+09 768 7235 3201 10 5 6 6 1.76395254e-08 2.97602442e-08 outputs/V1e26_D1000_G10/solution/solution-00062 
 63 8.773200553399e+10 1.392571516413e+09 768 7235 3201 10 5 6 6 1.72677662e-08 2.91330366e-08 outputs/V1e26_D1000_G10/solution/solution-00063 
 64 8.912457705041e+10 1.392571516413e+09 768 7235 3201 10 5 6 6 1.69038419e-08 2.85190475e-08 outputs/V1e26_D1000_G10/solution/solution-00064 
 65 9.051714856682e+10 1.392571516413e+09 768 7235 3201 10 5 6 6 1.65475875e-08 2.79179985e-08 outputs/V1e26_D1000_G10/solution/solution-00065 
 66 9.190972008323e+10 1.392571516413e+09 768 7235 3201 10 5 6 6 1.61988412e-08 2.73296169e-08 outputs/V1e26_D1000_G10/solution/solution-00066 
 67 9.330229159964e+10 1.392571516413e+09 768 7235 3201 10 5 6 6 1.58574449e-08 2.67536355e-08 outputs/V1e26_D1000_G10/solution/solution-00067 
 68 9.469486311606e+10 1.392571516413e+09 768 7235 3201 10 5 6 6 1.55232437e-08 2.61897932e-08 outputs/V1e26_D1000_G10/solution/solution-00068 
 69 9.608743463247e+10 1.392571516413e+09 768 7235 3201 10 5 6 6 1.51960858e-08 2.56378341e-08 outputs/V1e26_D1000_G10/solution/solution-00069 
 70 9.748000614888e+10 1.392571516413e+09 768 7235 3201 10 5 6 6 1.48758230e-08 2.50975077e-08 outputs/V1e26_D1000_G10/solution/solution-00070 
 71 9.887257766530e+10 1.392571516413e+09 768 7235 3201 10 5 6 6 1.45623098e-08 2.45685689e-08 outputs/V1e26_D1000_G10/solution/solution-00071 
 72 1.002651491817e+11 1.392571516413e+09 768 7235 3201 10 5 6 6 1.42554040e-08 2.40507776e-08 outputs/V1e26_D1000_G10/solution/solution-00072 
 73 1.016577206981e+11 1.392571516413e+09 768 7235 3201 10 5 6 6 1.39549663e-08 2.35438990e-08 outputs/V1e26_D1000_G10/solution/solution-00073 
 74 1.030502922145e+11 1.392571516413e+09 768 7235 3201 10 5 6 6 1.36608605e-08 2.30477031e-08 outputs/V1e26_D1000_G10/solution/solution-00074 
 75 1.044428637309e+11 1.392571516413e+09 768 7235 3201 10 5 6 6 1.33729530e-08 2.25619646e-08 outputs/V1e26_D1000_G10/solution/solution-00075 
 76 1.058354352474e+11 1.392571516413e+09 768 7235 3201 10 5 6 6 1.30911133e-08 2.20864632e-08 outputs/V1e26_D1000_G10/solution/solution-00076 
 77 1.072280067638e+11 1.392571516413e+09 768 7235 3201 10 5 6 6 1.28152135e-08 2.16209833e-08 outputs/V1e26_D1000_G10/solution/solution-00077 
 78 1.086205782802e+11 1.392571516413e+09 768 7235 3201 10 5 6 6 1.25451284e-08 2.11653134e-08 outputs/V1e26_D1000_G10/solution/solution-00078 
 79 1.100131497966e+11 1.392571516413e+09 768 7235 3201 10 5 6 6 1.22807354e-08 2.07192470e-08 outputs/V1e26_D1000_G10/solution/solution-00079 
 80 1.114057213130e+11 1.392571516413e+09 768 7235 3201 10 5 6 6 1.20219146e-08 2.02825816e-08 outputs/V1e26_D1000_G10/solution/solution-00080 
 81 1.127982928294e+11 1.392571516413e+09 768 7235 3201 10 5 6 6 1.17685485e-08 1.98551190e-08 outputs/V1e26_D1000_G10/solution/solution-00081 
 82 1.141908643458e+11 1.392571516413e+09 768 7235 3201 10 5 6 6 1.15205222e-08 1.94366654e-08 outputs/V1e26_D1000_G10/solution/solution-00082 
 83 1.155834358622e+11 1.392571516413e+09 768 7235 3201 10 5 6 6 1.12777231e-08 1.90270309e-08 outputs/V1e26_D1000_G10/solution/solution-00083 
 84 1.169760073787e+11 1.392571516413e+09 768 7235 3201 10 5 6 6 1.10400411e-08 1.86260295e-08 outputs/V1e26_D1000_G10/solution/solution-00084 
 85 1.183685788951e+11 1.392571516413e+09 768 7235 3201 10 5 6 6 1.08073684e-08 1.82334794e-08 outputs/V1e26_D1000_G10/solution/solution-00085 
 86 1.197611504115e+11 1.392571516413e+09 768 7235 3201 10 5 6 6 1.05795993e-08 1.78492024e-08 outputs/V1e26_D1000_G10/solution/solution-00086 
 87 1.211537219279e+11 1.392571516413e+09 768 7235 3201 10 5 6 6 1.03566305e-08 1.74730242e-08 outputs/V1e26_D1000_G10/solution/solution-00087 
 88 1.225462934443e+11 1.392571516413e+09 768 7235 3201 10 5 6 6 1.01383609e-08 1.71047741e-08 outputs/V1e26_D1000_G10/solution/solution-00088 
 89 1.239388649607e+11 1.392571516413e+09 768 7235 3201 10 5 6 6 9.92469140e-09 1.67442849e-08 outputs/V1e26_D1000_G10/solution/solution-00089 
 90 1.253314364771e+11 1.392571516413e+09 768 7235 3201 10 5 6 6 9.71552504e-09 1.63913933e-08 outputs/V1e26_D1000_G10/solution/solution-00090 
 91 1.267240079935e+11 1.392571516413e+09 768 7235 3201 10 5 6 6 9.51076694e-09 1.60459389e-08 outputs/V1e26_D1000_G10/solution/solution-00091 
 92 1.281165795100e+11 1.392571516413e+09 768 7235 3201 10 5 6 6 9.31032419e-09 1.57077651e-08 outputs/V1e26_D1000_G10/solution/solution-00092 
 93 1.295091510264e+11 1.392571516413e+09 768 7235 3201 10 5 6 6 9.11410584e-09 1.53767184e-08 outputs/V1e26_D1000_G10/solution/solution-00093 
 94 1.309017225428e+11 1.392571516413e+09 768 7235 3201 10 5 6 6 8.92202286e-09 1.50526487e-08 outputs/V1e26_D1000_G10/solution/solution-00094 
 95 1.322942940592e+11 1.392571516413e+09 768 7235 3201 10 5 6 6 8.73398809e-09 1.47354088e-08 outputs/V1e26_D1000_G10/solution/solution-00095 
 96 1.336868655756e+11 1.392571516413e+09 768 7235 3201 10 5 6 6 8.54991623e-09 1.44248549e-08 outputs/V1e26_D1000_G10/solution/solution-00096 
 97 1.350794370920e+11 1.392571516413e+09 768 7235 3201 10 5 6 6 8.36972374e-09 1.41208460e-08 outputs/V1e26_D1000_G10/solution/solution-00097 
 98 1.364720086084e+11 1.392571516413e+09 768 7235 3201 10 5 6 6 8.19332888e-09 1.38232443e-08 outputs/V1e26_D1000_G10/solution/solution-00098 
 99 1.378645801248e+11 1.392571516413e+09 768 7235 3201 10 5 6 6 8.02065160e-09 1.35319145e-08 outputs/V1e26_D1000_G10/solution/solution-00099 
100 1.392571516413e+11 1.392571516413e+09 768 7235 3201 10 5 6 6 7.85161355e-09 1.32467247e-08 outputs/V1e26_D1000_G10/solution/solution-00100 
