# 1: Time step number
# 2: Time (years)
# 3: Time step size (years)
# 4: Number of mesh cells
# 5: Number of Stokes degrees of freedom
# 6: Number of temperature degrees of freedom
# 7: Iterations for temperature solver
# 8: Iterations for Stokes solver
# 9: Velocity iterations in Stokes preconditioner
# 10: Schur complement iterations in Stokes preconditioner
# 11: RMS velocity (m/year)
# 12: Max. velocity (m/year)
# 13: Visualization file name
  0 0.000000000000e+00 0.000000000000e+00 768 7235 3201  0 8 9 9 1.32504579e-09 2.35109349e-09 outputs/V1e27_D30_G2/solution/solution-00000 
  1 1.392571516413e+09 1.392571516413e+09 768 7235 3201 32 8 9 9 1.25315810e-09 2.11638076e-09 outputs/V1e27_D30_G2/solution/solution-00001 
  2 2.785143032825e+09 1.392571516413e+09 768 7235 3201 25 8 9 9 1.18681098e-09 2.00222811e-09 outputs/V1e27_D30_G2/solution/solution-00002 
  3 4.177714549238e+09 1.392571516413e+09 768 7235 3201 24 8 9 9 1.12454699e-09 1.89741469e-09 outputs/V1e27_D30_G2/solution/solution-00003 
  4 5.570286065650e+09 1.392571516413e+09 768 7235 3201 23 8 9 9 1.06551844e-09 1.79798221e-09 outputs/V1e27_D30_G2/solution/solution-00004 
  5 6.962857582063e+09 1.392571516413e+09 768 7235 3201 23 8 9 9 1.00961638e-09 1.70377453e-09 outputs/V1e27_D30_G2/solution/solution-00005 
  6 8.355429098476e+09 1.392571516413e+09 768 7235 3201 22 8 9 9 9.56682201e-10 1.61454595e-09 outputs/V1e27_D30_G2/solution/solution-00006 
  7 9.748000614888e+09 1.392571516413e+09 768 7235 3201 21 8 9 9 9.06556886e-10 1.53003443e-09 outputs/V1e27_D30_G2/solution/solution-00007 
  8 1.114057213130e+10 1.392571516413e+09 768 7235 3201 21 8 9 9 8.59086993e-10 1.44998448e-09 outputs/V1e27_D30_G2/solution/solution-00008 
  9 1.253314364771e+10 1.392571516413e+09 768 7235 3201 21 8 9 9 8.14126997e-10 1.37415353e-09 outputs/V1e27_D30_G2/solution/solution-00009 
 10 1.392571516413e+10 1.392571516413e+09 768 7235 3201 20 8 9 9 7.71539813e-10 1.30231306e-09 outputs/V1e27_D30_G2/solution/solution-00010 
 11 1.531828668054e+10 1.392571516413e+09 768 7235 3201 20 8 9 9 7.31196524e-10 1.23424802e-09 outputs/V1e27_D30_G2/solution/solution-00011 
 12 1.671085819695e+10 1.392571516413e+09 768 7235 3201 20 8 9 9 6.92975863e-10 1.16975598e-09 outputs/V1e27_D30_G2/solution/solution-00012 
 13 1.810342971336e+10 1.392571516413e+09 768 7235 3201 20 8 9 9 6.56763677e-10 1.10864621e-09 outputs/V1e27_D30_G2/solution/solution-00013 
 14 1.949600122978e+10 1.392571516413e+09 768 7235 3201 20 8 9 9 6.22452412e-10 1.05073881e-09 outputs/V1e27_D30_G2/solution/solution-00014 
 15 2.088857274619e+10 1.392571516413e+09 768 7235 3201 20 8 9 9 5.89940654e-10 9.95863992e-10 outputs/V1e27_D30_G2/solution/solution-00015 
 16 2.228114426260e+10 1.392571516413e+09 768 7235 3201 19 8 9 9 5.59132705e-10 9.43861375e-10 outputs/V1e27_D30_G2/solution/solution-00016 
 17 2.367371577901e+10 1.392571516413e+09 768 7235 3201 19 8 9 9 5.29938205e-10 8.94579382e-10 outputs/V1e27_D30_G2/solution/solution-00017 
 18 2.506628729543e+10 1.392571516413e+09 768 7235 3201 19 8 9 9 5.02271789e-10 8.47874686e-10 outputs/V1e27_D30_G2/solution/solution-00018 
 19 2.645885881184e+10 1.392571516413e+09 768 7235 3201 19 8 9 9 4.76052772e-10 8.03611716e-10 outputs/V1e27_D30_G2/solution/solution-00019 
 20 2.785143032825e+10 1.392571516413e+09 768 7235 3201 19 8 9 9 4.51204860e-10 7.61662190e-10 outputs/V1e27_D30_G2/solution/solution-00020 
 21 2.924400184466e+10 1.392571516413e+09 768 7235 3201 19 8 9 9 4.27655891e-10 7.21904691e-10 outputs/V1e27_D30_G2/solution/solution-00021 
 22 3.063657336108e+10 1.392571516413e+09 768 7235 3201 19 8 9 9 4.05337586e-10 6.84224275e-10 outputs/V1e27_D30_G2/solution/solution-00022 
 23 3.202914487749e+10 1.392571516413e+09 768 7235 3201 19 8 9 9 3.84185328e-10 6.48512105e-10 outputs/V1e27_D30_G2/solution/solution-00023 
 24 3.342171639390e+10 1.392571516413e+09 768 7235 3201 19 8 9 9 3.64137948e-10 6.14665111e-10 outputs/V1e27_D30_G2/solution/solution-00024 
 25 3.481428791032e+10 1.392571516413e+09 768 7235 3201 19 8 9 9 3.45137534e-10 5.82585669e-10 outputs/V1e27_D30_G2/solution/solution-00025 
 26 3.620685942673e+10 1.392571516413e+09 768 7235 3201 18 8 9 9 3.27129246e-10 5.52181306e-10 outputs/V1e27_D30_G2/solution/solution-00026 
 27 3.759943094314e+10 1.392571516413e+09 768 7235 3201 18 8 9 9 3.10061149e-10 5.23364420e-10 outputs/V1e27_D30_G2/solution/solution-00027 
 28 3.899200245955e+10 1.392571516413e+09 768 7235 3201 18 8 9 9 2.93884048e-10 4.96052013e-10 outputs/V1e27_D30_G2/solution/solution-00028 
 29 4.038457397597e+10 1.392571516413e+09 768 7235 3201 18 8 9 9 2.78551345e-10 4.70165449e-10 outputs/V1e27_D30_G2/solution/solution-00029 
 30 4.177714549238e+10 1.392571516413e+09 768 7235 3201 18 8 9 9 2.64018895e-10 4.45630219e-10 outputs/V1e27_D30_G2/solution/solution-00030 
 31 4.316971700879e+10 1.392571516413e+09 768 7235 3201 18 8 9 9 2.50244874e-10 4.22375719e-10 outputs/V1e27_D30_G2/solution/solution-00031 
 32 4.456228852520e+10 1.392571516413e+09 768 7235 3201 18 8 9 9 2.37189654e-10 4.00335044e-10 outputs/V1e27_D30_G2/solution/solution-00032 
 33 4.595486004162e+10 1.392571516413e+09 768 7235 3201 18 8 9 9 2.24815686e-10 3.79444796e-10 outputs/V1e27_D30_G2/solution/solution-00033 
 34 4.734743155803e+10 1.392571516413e+09 768 7235 3201 18 8 9 9 2.13087392e-10 3.59644891e-10 outputs/V1e27_D30_G2/solution/solution-00034 
 35 4.874000307444e+10 1.392571516413e+09 768 7235 3201 18 8 9 9 2.01971055e-10 3.40878392e-10 outputs/V1e27_D30_G2/solution/solution-00035 
 36 5.013257459085e+10 1.392571516413e+09 768 7235 3201 18 8 9 9 1.91434725e-10 3.23091336e-10 outputs/V1e27_D30_G2/solution/solution-00036 
 37 5.152514610727e+10 1.392571516413e+09 768 7235 3201 18 8 9 9 1.81448122e-10 3.06232585e-10 outputs/V1e27_D30_G2/solution/solution-00037 
 38 5.291771762368e+10 1.392571516413e+09 768 7235 3201 18 8 9 9 1.71982553e-10 2.90253673e-10 outputs/V1e27_D30_G2/solution/solution-00038 
 39 5.431028914009e+10 1.392571516413e+09 768 7235 3201 18 8 9 9 1.63010821e-10 2.75108664e-10 outputs/V1e27_D30_G2/solution/solution-00039 
 40 5.570286065650e+10 1.392571516413e+09 768 7235 3201 18 8 9 9 1.54507155e-10 2.60754027e-10 outputs/V1e27_D30_G2/solution/solution-00040 
 41 5.709543217292e+10 1.392571516413e+09 768 7235 3201 18 8 9 9 1.46447127e-10 2.47148502e-10 outputs/V1e27_D30_G2/solution/solution-00041 
 42 5.848800368933e+10 1.392571516413e+09 768 7235 3201 18 8 9 9 1.38807587e-10 2.34252986e-10 outputs/V1e27_D30_G2/solution/solution-00042 
 43 5.988057520574e+10 1.392571516413e+09 768 7235 3201 18 8 9 9 1.31566593e-10 2.22030415e-10 outputs/V1e27_D30_G2/solution/solution-00043 
 44 6.127314672215e+10 1.392571516413e+09 768 7235 3201 18 8 9 9 1.24703351e-10 2.10445666e-10 outputs/V1e27_D30_G2/solution/solution-00044 
 45 6.266571823857e+10 1.392571516413e+09 768 7235 3201 17 8 9 9 1.18198150e-10 1.99465446e-10 outputs/V1e27_D30_G2/solution/solution-00045 
 46 6.405828975498e+10 1.392571516413e+09 768 7235 3201 17 8 9 9 1.12032309e-10 1.89058203e-10 outputs/V1e27_D30_G2/solution/solution-00046 
 47 6.545086127139e+10 1.392571516413e+09 768 7235 3201 17 8 9 9 1.06188124e-10 1.79194030e-10 outputs/V1e27_D30_G2/solution/solution-00047 
 48 6.684343278781e+10 1.392571516413e+09 768 7235 3201 17 8 9 9 1.00648811e-10 1.69844584e-10 outputs/V1e27_D30_G2/solution/solution-00048 
 49 6.823600430422e+10 1.392571516413e+09 768 7235 3201 17 8 9 9 9.53984666e-11 1.60983000e-10 outputs/V1e27_D30_G2/solution/solution-00049 
 50 6.962857582063e+10 1.392571516413e+09 768 7235 3201 17 8 9 9 9.04220138e-11 1.52583816e-10 outputs/V1e27_D30_G2/solution/solution-00050 
 51 7.102114733704e+10 1.392571516413e+09 768 7235 3201 17 8 9 9 8.57051640e-11 1.44622901e-10 outputs/V1e27_D30_G2/solution/solution-00051 
 52 7.241371885346e+10 1.392571516413e+09 768 7235 3201 17 8 9 9 8.12343739e-11 1.37077381e-10 outputs/V1e27_D30_G2/solution/solution-00052 
 53 7.380629036987e+10 1.392571516413e+09 768 7235 3201 17 8 9 9 7.69968069e-11 1.29925577e-10 outputs/V1e27_D30_G2/solution/solution-00053 
 54 7.519886188628e+10 1.392571516413e+09 768 7235 3201 17 8 9 9 7.29802963e-11 1.23146944e-10 outputs/V1e27_D30_G2/solution/solution-00054 
 55 7.659143340269e+10 1.392571516413e+09 768 7235 3201 17 8 9 9 6.91733099e-11 1.16722006e-10 outputs/V1e27_D30_G2/solution/solution-00055 
 56 7.798400491911e+10 1.392571516413e+09 768 7235 3201 17 8 9 9 6.55649174e-11 1.10632306e-10 outputs/V1e27_D30_G2/solution/solution-00056 
 57 7.937657643552e+10 1.392571516413e+09 768 7235 3201 17 8 9 9 6.21447588e-11 1.04860349e-10 outputs/V1e27_D30_G2/solution/solution-00057 
 58 8.076914795193e+10 1.392571516413e+09 768 7235 3201 17 8 9 9 5.89030144e-11 9.93895546e-11 outputs/V1e27_D30_G2/solution/solution-00058 
 59 8.216171946834e+10 1.392571516413e+09 768 7235 3201 17 8 9 9 5.58303769e-11 9.42042063e-11 outputs/V1e27_D30_G2/solution/solution-00059 
 60 8.355429098476e+10 1.392571516413e+09 768 7235 3201 17 8 9 9 5.29180247e-11 8.92894089e-11 outputs/V1e27_D30_G2/solution/solution-00060 
 61 8.494686250117e+10 1.392571516413e+09 768 7235 3201 17 8 9 9 5.01575962e-11 8.46310441e-11 outputs/V1e27_D30_G2/solution/solution-00061 
 62 8.633943401758e+10 1.392571516413e+09 768 7235 3201 17 8 9 9 4.75411661e-11 8.02157310e-11 outputs/V1e27_D30_G2/solution/solution-00062 
 63 8.773200553399e+10 1.392571516413e+09 768 7235 3201 17 8 9 9 4.50612226e-11 7.60307868e-11 outputs/V1e27_D30_G2/solution/solution-00063 
 64 8.912457705041e+10 1.392571516413e+09 768 7235 3201 17 8 9 9 4.27106458e-11 7.20641907e-11 outputs/V1e27_D30_G2/solution/solution-00064 
 65 9.051714856682e+10 1.392571516413e+09 768 7235 3201 17 8 9 9 4.04826871e-11 6.83045489e-11 outputs/V1e27_D30_G2/solution/solution-00065 
 66 9.190972008323e+10 1.392571516413e+09 768 7235 3201 17 8 9 9 3.83709500e-11 6.47410629e-11 outputs/V1e27_D30_G2/solution/solution-00066 
 67 9.330229159964e+10 1.392571516413e+09 768 7235 3201 17 8 9 9 3.63693717e-11 6.13634972e-11 outputs/V1e27_D30_G2/solution/solution-00067 
 68 9.469486311606e+10 1.392571516413e+09 768 7235 3201 17 8 9 9 3.44722058e-11 5.81621508e-11 outputs/V1e27_D30_G2/solution/solution-00068 
 69 9.608743463247e+10 1.392571516413e+09 768 7235 3201 17 8 9 9 3.26740055e-11 5.51278288e-11 outputs/V1e27_D30_G2/solution/solution-00069 
 70 9.748000614888e+10 1.392571516413e+09 768 7235 3201 17 8 9 9 3.09696081e-11 5.22518161e-11 outputs/V1e27_D30_G2/solution/solution-00070 
 71 9.887257766530e+10 1.392571516413e+09 768 7235 3201 16 8 9 9 2.93541208e-11 4.95258533e-11 outputs/V1e27_D30_G2/solution/solution-00071 
 72 1.002651491817e+11 1.392571516413e+09 768 7235 3201 16 8 9 9 2.78229052e-11 4.69421108e-11 outputs/V1e27_D30_G2/solution/solution-00072 
 73 1.016577206981e+11 1.392571516413e+09 768 7235 3201 16 8 9 9 2.63715652e-11 4.44931676e-11 outputs/V1e27_D30_G2/solution/solution-00073 
 74 1.030502922145e+11 1.392571516413e+09 768 7235 3201 16 8 9 9 2.49959341e-11 4.21719906e-11 outputs/V1e27_D30_G2/solution/solution-00074 
 75 1.044428637309e+11 1.392571516413e+09 768 7235 3201 16 8 9 9 2.36920624e-11 3.99719131e-11 outputs/V1e27_D30_G2/solution/solution-00075 
 76 1.058354352474e+11 1.392571516413e+09 768 7235 3201 16 8 9 9 2.24562068e-11 3.78866170e-11 outputs/V1e27_D30_G2/solution/solution-00076 
 77 1.072280067638e+11 1.392571516413e+09 768 7235 3201 16 8 9 9 2.12848192e-11 3.59101133e-11 outputs/V1e27_D30_G2/solution/solution-00077 
 78 1.086205782802e+11 1.392571516413e+09 768 7235 3201 16 8 9 9 2.01745366e-11 3.40367259e-11 outputs/V1e27_D30_G2/solution/solution-00078 
 79 1.100131497966e+11 1.392571516413e+09 768 7235 3201 16 8 9 9 1.91221715e-11 3.22610748e-11 outputs/V1e27_D30_G2/solution/solution-00079 
 80 1.114057213130e+11 1.392571516413e+09 768 7235 3201 16 8 9 9 1.81247025e-11 3.05780606e-11 outputs/V1e27_D30_G2/solution/solution-00080 
 81 1.127982928294e+11 1.392571516413e+09 768 7235 3201 16 8 9 9 1.71792660e-11 2.89828501e-11 outputs/V1e27_D30_G2/solution/solution-00081 
 82 1.141908643458e+11 1.392571516413e+09 768 7235 3201 16 8 9 9 1.62831477e-11 2.74708621e-11 outputs/V1e27_D30_G2/solution/solution-00082 
 83 1.155834358622e+11 1.392571516413e+09 768 7235 3201 16 8 9 9 1.54337749e-11 2.60377549e-11 outputs/V1e27_D30_G2/solution/solution-00083 
 84 1.169760073787e+11 1.392571516413e+09 768 7235 3201 16 8 9 9 1.46287092e-11 2.46794128e-11 outputs/V1e27_D30_G2/solution/solution-00084 
 85 1.183685788951e+11 1.392571516413e+09 768 7235 3201 16 8 9 9 1.38656391e-11 2.33919351e-11 outputs/V1e27_D30_G2/solution/solution-00085 
 86 1.197611504115e+11 1.392571516413e+09 768 7235 3201 16 8 9 9 1.31423742e-11 2.21716248e-11 outputs/V1e27_D30_G2/solution/solution-00086 
 87 1.211537219279e+11 1.392571516413e+09 768 7235 3201 16 8 9 9 1.24568377e-11 2.10149774e-11 outputs/V1e27_D30_G2/solution/solution-00087 
 88 1.225462934443e+11 1.392571516413e+09 768 7235 3201 16 8 9 9 1.18070618e-11 1.99186716e-11 outputs/V1e27_D30_G2/solution/solution-00088 
 89 1.239388649607e+11 1.392571516413e+09 768 7235 3201 16 8 9 9 1.11911809e-11 1.88795594e-11 outputs/V1e27_D30_G2/solution/solution-00089 
 90 1.253314364771e+11 1.392571516413e+09 768 7235 3201 16 8 9 9 1.06074269e-11 1.78946567e-11 outputs/V1e27_D30_G2/solution/solution-00090 
 91 1.267240079935e+11 1.392571516413e+09 768 7235 3201 16 8 9 9 1.00541238e-11 1.69611353e-11 outputs/V1e27_D30_G2/solution/solution-00091 
 92 1.281165795100e+11 1.392571516413e+09 768 7235 3201 16 8 9 9 9.52968330e-12 1.60763147e-11 outputs/V1e27_D30_G2/solution/solution-00092 
 93 1.295091510264e+11 1.392571516413e+09 768 7235 3201 16 8 9 9 9.03259968e-12 1.52376541e-11 outputs/V1e27_D30_G2/solution/solution-00093 
 94 1.309017225428e+11 1.392571516413e+09 768 7235 3201 16 8 9 9 8.56144588e-12 1.44427453e-11 outputs/V1e27_D30_G2/solution/solution-00094 
 95 1.322942940592e+11 1.392571516413e+09 768 7235 3201 16 8 9 9 8.11486928e-12 1.36893058e-11 outputs/V1e27_D30_G2/solution/solution-00095 
 96 1.336868655756e+11 1.392571516413e+09 768 7235 3201 15 8 9 9 7.69158810e-12 1.29751726e-11 outputs/V1e27_D30_G2/solution/solution-00096 
 97 1.350794370920e+11 1.392571516413e+09 768 7235 3201 15 8 9 9 7.29038694e-12 1.22982948e-11 outputs/V1e27_D30_G2/solution/solution-00097 
 98 1.364720086084e+11 1.392571516413e+09 768 7235 3201 15 8 9 9 6.91011394e-12 1.16567286e-11 outputs/V1e27_D30_G2/solution/solution-00098 
 99 1.378645801248e+11 1.392571516413e+09 768 7235 3201 15 8 9 9 6.54967733e-12 1.10486316e-11 outputs/V1e27_D30_G2/solution/solution-00099 
100 1.392571516413e+11 1.392571516413e+09 768 7235 3201 15 8 9 9 6.20804238e-12 1.04722578e-11 outputs/V1e27_D30_G2/solution/solution-00100 
