# 1: Time step number
# 2: Time (years)
# 3: Time step size (years)
# 4: Number of mesh cells
# 5: Number of Stokes degrees of freedom
# 6: Number of temperature degrees of freedom
# 7: Iterations for temperature solver
# 8: Iterations for Stokes solver
# 9: Velocity iterations in Stokes preconditioner
# 10: Schur complement iterations in Stokes preconditioner
# 11: RMS velocity (m/year)
# 12: Max. velocity (m/year)
# 13: Visualization file name
  0 0.000000000000e+00 0.000000000000e+00 768 7235 3201  0 8 9 9 1.04545530e-08 5.07931282e-08 outputs/V3.3e26_D10000_G4/solution/solution-00000 
  1 1.392571516413e+09 1.392571516413e+09 768 7235 3201 32 8 9 9 8.44678374e-09 2.75926008e-08 outputs/V3.3e26_D10000_G4/solution/solution-00001 
  2 2.785143032825e+09 1.392571516413e+09 768 7235 3201 26 8 9 9 7.76026602e-09 1.41234753e-08 outputs/V3.3e26_D10000_G4/solution/solution-00002 
  3 4.177714549238e+09 1.392571516413e+09 768 7235 3201 25 8 9 9 7.53076387e-09 1.27035625e-08 outputs/V3.3e26_D10000_G4/solution/solution-00003 
  4 5.570286065650e+09 1.392571516413e+09 768 7235 3201 24 8 9 9 7.30292242e-09 1.23761948e-08 outputs/V3.3e26_D10000_G4/solution/solution-00004 
  5 6.962857582063e+09 1.392571516413e+09 768 7235 3201 23 8 9 9 7.07028990e-09 1.20233398e-08 outputs/V3.3e26_D10000_G4/solution/solution-00005 
  6 8.355429098476e+09 1.392571516413e+09 768 7235 3201 23 8 9 9 6.83006885e-09 1.16504741e-08 outputs/V3.3e26_D10000_G4/solution/solution-00006 
  7 9.748000614888e+09 1.392571516413e+09 768 7235 3201 22 8 9 9 6.58431275e-09 1.12628555e-08 outputs/V3.3e26_D10000_G4/solution/solution-00007 
  8 1.114057213130e+10 1.392571516413e+09 768 7235 3201 22 8 9 9 6.33573106e-09 1.08653067e-08 outputs/V3.3e26_D10000_G4/solution/solution-00008 
  9 1.253314364771e+10 1.392571516413e+09 768 7235 3201 21 8 9 9 6.08677054e-09 1.04621328e-08 outputs/V3.3e26_D10000_G4/solution/solution-00009 
 10 1.392571516413e+10 1.392571516413e+09 768 7235 3201 21 8 9 9 5.83948342e-09 1.00570985e-08 outputs/V3.3e26_D10000_G4/solution/solution-00010 
 11 1.531828668054e+10 1.392571516413e+09 768 7235 3201 21 8 9 9 5.59553325e-09 9.65343502e-09 outputs/V3.3e26_D10000_G4/solution/solution-00011 
 12 1.671085819695e+10 1.392571516413e+09 768 7235 3201 21 8 9 9 5.35623572e-09 9.25386449e-09 outputs/V3.3e26_D10000_G4/solution/solution-00012 
 13 1.810342971336e+10 1.392571516413e+09 768 7235 3201 21 8 9 9 5.12260692e-09 8.86063575e-09 outputs/V3.3e26_D10000_G4/solution/solution-00013 
 14 1.949600122978e+10 1.392571516413e+09 768 7235 3201 21 8 9 9 4.89541003e-09 8.47556684e-09 outputs/V3.3e26_D10000_G4/solution/solution-00014 
 15 2.088857274619e+10 1.392571516413e+09 768 7235 3201 21 8 9 9 4.67519763e-09 8.10009115e-09 outputs/V3.3e26_D10000_G4/solution/solution-00015 
 16 2.228114426260e+10 1.392571516413e+09 768 7235 3201 20 8 9 9 4.46234875e-09 7.73530470e-09 outputs/V3.3e26_D10000_G4/solution/solution-00016 
 17 2.367371577901e+10 1.392571516413e+09 768 7235 3201 20 8 9 9 4.25710077e-09 7.38201237e-09 outputs/V3.3e26_D10000_G4/solution/solution-00017 
 18 2.506628729543e+10 1.392571516413e+09 768 7235 3201 20 8 9 9 4.05957644e-09 7.04077141e-09 outputs/V3.3e26_D10000_G4/solution/solution-00018 
 19 2.645885881184e+10 1.392571516413e+09 768 7235 3201 20 8 9 9 3.86980661e-09 6.71193143e-09 outputs/V3.3e26_D10000_G4/solution/solution-00019 
 20 2.785143032825e+10 1.392571516413e+09 768 7235 3201 20 8 9 9 3.68774927e-09 6.39567011e-09 outputs/V3.3e26_D10000_G4/solution/solution-00020 
 21 2.924400184466e+10 1.392571516413e+09 768 7235 3201 20 8 9 9 3.51330526e-09 6.09202465e-09 outputs/V3.3e26_D10000_G4/solution/solution-00021 
 22 3.063657336108e+10 1.392571516413e+09 768 7235 3201 20 8 9 9 3.34633132e-09 5.80091895e-09 outputs/V3.3e26_D10000_G4/solution/solution-00022 
 23 3.202914487749e+10 1.392571516413e+09 768 7235 3201 20 8 9 9 3.18665068e-09 5.52218682e-09 outputs/V3.3e26_D10000_G4/solution/solution-00023 
 24 3.342171639390e+10 1.392571516413e+09 768 7235 3201 20 8 9 9 3.03406185e-09 5.25559157e-09 outputs/V3.3e26_D10000_G4/solution/solution-00024 
 25 3.481428791032e+10 1.392571516413e+09 768 7235 3201 20 8 9 9 2.88834566e-09 5.00084251e-09 outputs/V3.3e26_D10000_G4/solution/solution-00025 
 26 3.620685942673e+10 1.392571516413e+09 768 7235 3201 20 8 9 9 2.74927099e-09 4.75760853e-09 outputs/V3.3e26_D10000_G4/solution/solution-00026 
 27 3.759943094314e+10 1.392571516413e+09 768 7235 3201 20 8 9 9 2.61659935e-09 4.52552937e-09 outputs/V3.3e26_D10000_G4/solution/solution-00027 
 28 3.899200245955e+10 1.392571516413e+09 768 7235 3201 20 8 9 9 2.49008858e-09 4.30422487e-09 outputs/V3.3e26_D10000_G4/solution/solution-00028 
 29 4.038457397597e+10 1.392571516413e+09 768 7235 3201 20 8 9 9 2.36949574e-09 4.09330242e-09 outputs/V3.3e26_D10000_G4/solution/solution-00029 
 30 4.177714549238e+10 1.392571516413e+09 768 7235 3201 20 8 9 9 2.25457937e-09 3.89236301e-09 outputs/V3.3e26_D10000_G4/solution/solution-00030 
 31 4.316971700879e+10 1.392571516413e+09 768 7235 3201 20 8 9 9 2.14510134e-09 3.70100611e-09 outputs/V3.3e26_D10000_G4/solution/solution-00031 
 32 4.456228852520e+10 1.392571516413e+09 768 7235 3201 19 8 9 9 2.04082812e-09 3.51883342e-09 outputs/V3.3e26_D10000_G4/solution/solution-00032 
 33 4.595486004162e+10 1.392571516413e+09 768 7235 3201 19 8 9 9 1.94153186e-09 3.34545198e-09 outputs/V3.3e26_D10000_G4/solution/solution-00033 
 34 4.734743155803e+10 1.392571516413e+09 768 7235 3201 19 8 9 9 1.84699112e-09 3.18047640e-09 outputs/V3.3e26_D10000_G4/solution/solution-00034 
 35 4.874000307444e+10 1.392571516413e+09 768 7235 3201 19 8 9 9 1.75699140e-09 3.02353068e-09 outputs/V3.3e26_D10000_G4/solution/solution-00035 
 36 5.013257459085e+10 1.392571516413e+09 768 7235 3201 19 8 9 9 1.67132550e-09 2.87424946e-09 outputs/V3.3e26_D10000_G4/solution/solution-00036 
 37 5.152514610727e+10 1.392571516413e+09 768 7235 3201 19 8 9 9 1.58979370e-09 2.73227898e-09 outputs/V3.3e26_D10000_G4/solution/solution-00037 
 38 5.291771762368e+10 1.392571516413e+09 768 7235 3201 19 8 9 9 1.51220391e-09 2.59727771e-09 outputs/V3.3e26_D10000_G4/solution/solution-00038 
 39 5.431028914009e+10 1.392571516413e+09 768 7235 3201 19 8 9 9 1.43837166e-09 2.46891671e-09 outputs/V3.3e26_D10000_G4/solution/solution-00039 
 40 5.570286065650e+10 1.392571516413e+09 768 7235 3201 19 8 9 9 1.36812000e-09 2.34687985e-09 outputs/V3.3e26_D10000_G4/solution/solution-00040 
 41 5.709543217292e+10 1.392571516413e+09 768 7235 3201 19 8 9 9 1.30127947e-09 2.23086380e-09 outputs/V3.3e26_D10000_G4/solution/solution-00041 
 42 5.848800368933e+10 1.392571516413e+09 768 7235 3201 19 8 9 9 1.23768788e-09 2.12057799e-09 outputs/V3.3e26_D10000_G4/solution/solution-00042 
 43 5.988057520574e+10 1.392571516413e+09 768 7235 3201 19 8 9 9 1.17719016e-09 2.01574440e-09 outputs/V3.3e26_D10000_G4/solution/solution-00043 
 44 6.127314672215e+10 1.392571516413e+09 768 7235 3201 19 8 9 9 1.11963816e-09 1.91609730e-09 outputs/V3.3e26_D10000_G4/solution/solution-00044 
 45 6.266571823857e+10 1.392571516413e+09 768 7235 3201 19 8 9 9 1.06489039e-09 1.82138297e-09 outputs/V3.3e26_D10000_G4/solution/solution-00045 
 46 6.405828975498e+10 1.392571516413e+09 768 7235 3201 19 8 9 9 1.01281186e-09 1.73135932e-09 outputs/V3.3e26_D10000_G4/solution/solution-00046 
 47 6.545086127139e+10 1.392571516413e+09 768 7235 3201 19 8 9 9 9.63273769e-10 1.64579554e-09 outputs/V3.3e26_D10000_G4/solution/solution-00047 
 48 6.684343278781e+10 1.392571516413e+09 768 7235 3201 19 8 9 9 9.16153319e-10 1.56447165e-09 outputs/V3.3e26_D10000_G4/solution/solution-00048 
 49 6.823600430422e+10 1.392571516413e+09 768 7235 3201 19 8 9 9 8.71333453e-10 1.48717819e-09 outputs/V3.3e26_D10000_G4/solution/solution-00049 
 50 6.962857582063e+10 1.392571516413e+09 768 7235 3201 19 8 9 9 8.28702628e-10 1.41371568e-09 outputs/V3.3e26_D10000_G4/solution/solution-00050 
 51 7.102114733704e+10 1.392571516413e+09 768 7235 3201 19 8 9 9 7.88154579e-10 1.34389432e-09 outputs/V3.3e26_D10000_G4/solution/solution-00051 
 52 7.241371885346e+10 1.392571516413e+09 768 7235 3201 19 8 9 9 7.49588090e-10 1.27753351e-09 outputs/V3.3e26_D10000_G4/solution/solution-00052 
 53 7.380629036987e+10 1.392571516413e+09 768 7235 3201 19 8 9 9 7.12906774e-10 1.21446148e-09 outputs/V3.3e26_D10000_G4/solution/solution-00053 
 54 7.519886188628e+10 1.392571516413e+09 768 7235 3201 19 8 9 9 6.78018862e-10 1.15451488e-09 outputs/V3.3e26_D10000_G4/solution/solution-00054 
 55 7.659143340269e+10 1.392571516413e+09 768 7235 3201 19 8 9 9 6.44836985e-10 1.09753839e-09 outputs/V3.3e26_D10000_G4/solution/solution-00055 
 56 7.798400491911e+10 1.392571516413e+09 768 7235 3201 19 8 9 9 6.13277982e-10 1.04338439e-09 outputs/V3.3e26_D10000_G4/solution/solution-00056 
 57 7.937657643552e+10 1.392571516413e+09 768 7235 3201 19 8 9 9 5.83262701e-10 9.91912526e-10 outputs/V3.3e26_D10000_G4/solution/solution-00057 
 58 8.076914795193e+10 1.392571516413e+09 768 7235 3201 19 8 9 9 5.54715815e-10 9.42989434e-10 outputs/V3.3e26_D10000_G4/solution/solution-00058 
 59 8.216171946834e+10 1.392571516413e+09 768 7235 3201 19 8 9 9 5.27565643e-10 8.96488364e-10 outputs/V3.3e26_D10000_G4/solution/solution-00059 
 60 8.355429098476e+10 1.392571516413e+09 768 7235 3201 19 8 9 9 5.01743976e-10 8.52288874e-10 outputs/V3.3e26_D10000_G4/solution/solution-00060 
 61 8.494686250117e+10 1.392571516413e+09 768 7235 3201 19 8 9 9 4.77185916e-10 8.10276520e-10 outputs/V3.3e26_D10000_G4/solution/solution-00061 
 62 8.633943401758e+10 1.392571516413e+09 768 7235 3201 19 8 9 9 4.53829718e-10 7.70342565e-10 outputs/V3.3e26_D10000_G4/solution/solution-00062 
 63 8.773200553399e+10 1.392571516413e+09 768 7235 3201 19 8 9 9 4.31616639e-10 7.32383693e-10 outputs/V3.3e26_D10000_G4/solution/solution-00063 
 64 8.912457705041e+10 1.392571516413e+09 768 7235 3201 19 8 9 9 4.10490793e-10 6.96301747e-10 outputs/V3.3e26_D10000_G4/solution/solution-00064 
 65 9.051714856682e+10 1.392571516413e+09 768 7235 3201 19 8 9 9 3.90399018e-10 6.62003468e-10 outputs/V3.3e26_D10000_G4/solution/solution-00065 
 66 9.190972008323e+10 1.392571516413e+09 768 7235 3201 19 8 9 9 3.71290739e-10 6.29400254e-10 outputs/V3.3e26_D10000_G4/solution/solution-00066 
 67 9.330229159964e+10 1.392571516413e+09 768 7235 3201 19 8 9 9 3.53117852e-10 5.98407929e-10 outputs/V3.3e26_D10000_G4/solution/solution-00067 
 68 9.469486311606e+10 1.392571516413e+09 768 7235 3201 19 8 9 9 3.35834594e-10 5.68946519e-10 outputs/V3.3e26_D10000_G4/solution/solution-00068 
 69 9.608743463247e+10 1.392571516413e+09 768 7235 3201 19 8 9 9 3.19397439e-10 5.40940045e-10 outputs/V3.3e26_D10000_G4/solution/solution-00069 
 70 9.748000614888e+10 1.392571516413e+09 768 7235 3201 18 8 9 9 3.03764984e-10 5.14316318e-10 outputs/V3.3e26_D10000_G4/solution/solution-00070 
 71 9.887257766530e+10 1.392571516413e+09 768 7235 3201 18 8 9 9 2.88897851e-10 4.89006757e-10 outputs/V3.3e26_D10000_G4/solution/solution-00071 
 72 1.002651491817e+11 1.392571516413e+09 768 7235 3201 18 8 9 9 2.74758582e-10 4.64946201e-10 outputs/V3.3e26_D10000_G4/solution/solution-00072 
 73 1.016577206981e+11 1.392571516413e+09 768 7235 3201 18 8 9 9 2.61311553e-10 4.42072743e-10 outputs/V3.3e26_D10000_G4/solution/solution-00073 
 74 1.030502922145e+11 1.392571516413e+09 768 7235 3201 18 8 9 9 2.48522881e-10 4.20327560e-10 outputs/V3.3e26_D10000_G4/solution/solution-00074 
 75 1.044428637309e+11 1.392571516413e+09 768 7235 3201 18 8 9 9 2.36360336e-10 3.99654763e-10 outputs/V3.3e26_D10000_G4/solution/solution-00075 
 76 1.058354352474e+11 1.392571516413e+09 768 7235 3201 18 8 9 9 2.24793268e-10 3.80001250e-10 outputs/V3.3e26_D10000_G4/solution/solution-00076 
 77 1.072280067638e+11 1.392571516413e+09 768 7235 3201 18 8 9 9 2.13792523e-10 3.61316561e-10 outputs/V3.3e26_D10000_G4/solution/solution-00077 
 78 1.086205782802e+11 1.392571516413e+09 768 7235 3201 18 8 9 9 2.03330376e-10 3.43552753e-10 outputs/V3.3e26_D10000_G4/solution/solution-00078 
 79 1.100131497966e+11 1.392571516413e+09 768 7235 3201 18 8 9 9 1.93380456e-10 3.26664267e-10 outputs/V3.3e26_D10000_G4/solution/solution-00079 
 80 1.114057213130e+11 1.392571516413e+09 768 7235 3201 18 8 9 9 1.83917684e-10 3.10607811e-10 outputs/V3.3e26_D10000_G4/solution/solution-00080 
 81 1.127982928294e+11 1.392571516413e+09 768 7235 3201 18 8 9 9 1.74918206e-10 2.95342248e-10 outputs/V3.3e26_D10000_G4/solution/solution-00081 
 82 1.141908643458e+11 1.392571516413e+09 768 7235 3201 18 8 9 9 1.66359338e-10 2.80828485e-10 outputs/V3.3e26_D10000_G4/solution/solution-00082 
 83 1.155834358622e+11 1.392571516413e+09 768 7235 3201 18 8 9 9 1.58219505e-10 2.67029372e-10 outputs/V3.3e26_D10000_G4/solution/solution-00083 
 84 1.169760073787e+11 1.392571516413e+09 768 7235 3201 18 8 9 9 1.50478188e-10 2.53909606e-10 outputs/V3.3e26_D10000_G4/solution/solution-00084 
 85 1.183685788951e+11 1.392571516413e+09 768 7235 3201 18 8 9 9 1.43115872e-10 2.41435635e-10 outputs/V3.3e26_D10000_G4/solution/solution-00085 
 86 1.197611504115e+11 1.392571516413e+09 768 7235 3201 18 8 9 9 1.36113998e-10 2.29575574e-10 outputs/V3.3e26_D10000_G4/solution/solution-00086 
 87 1.211537219279e+11 1.392571516413e+09 768 7235 3201 18 8 9 9 1.29454916e-10 2.18299118e-10 outputs/V3.3e26_D10000_G4/solution/solution-00087 
 88 1.225462934443e+11 1.392571516413e+09 768 7235 3201 18 8 9 9 1.23121839e-10 2.07577469e-10 outputs/V3.3e26_D10000_G4/solution/solution-00088 
 89 1.239388649607e+11 1.392571516413e+09 768 7235 3201 18 8 9 9 1.17098803e-10 1.97383252e-10 outputs/V3.3e26_D10000_G4/solution/solution-00089 
 90 1.253314364771e+11 1.392571516413e+09 768 7235 3201 18 8 9 9 1.11370625e-10 1.87690452e-10 outputs/V3.3e26_D10000_G4/solution/solution-00090 
 91 1.267240079935e+11 1.392571516413e+09 768 7235 3201 18 8 9 9 1.05922866e-10 1.78474342e-10 outputs/V3.3e26_D10000_G4/solution/solution-00091 
 92 1.281165795100e+11 1.392571516413e+09 768 7235 3201 18 8 9 9 1.00741793e-10 1.69711419e-10 outputs/V3.3e26_D10000_G4/solution/solution-00092 
 93 1.295091510264e+11 1.392571516413e+09 768 7235 3201 18 8 9 9 9.58143473e-11 1.61379346e-10 outputs/V3.3e26_D10000_G4/solution/solution-00093 
 94 1.309017225428e+11 1.392571516413e+09 768 7235 3201 18 8 9 9 9.11281079e-11 1.53456887e-10 outputs/V3.3e26_D10000_G4/solution/solution-00094 
 95 1.322942940592e+11 1.392571516413e+09 768 7235 3201 18 8 9 9 8.66712630e-11 1.45923861e-10 outputs/V3.3e26_D10000_G4/solution/solution-00095 
 96 1.336868655756e+11 1.392571516413e+09 768 7235 3201 18 8 9 9 8.24325792e-11 1.38761083e-10 outputs/V3.3e26_D10000_G4/solution/solution-00096 
 97 1.350794370920e+11 1.392571516413e+09 768 7235 3201 18 8 9 9 7.84013728e-11 1.31950317e-10 outputs/V3.3e26_D10000_G4/solution/solution-00097 
 98 1.364720086084e+11 1.392571516413e+09 768 7235 3201 18 8 9 9 7.45674840e-11 1.25474228e-10 outputs/V3.3e26_D10000_G4/solution/solution-00098 
 99 1.378645801248e+11 1.392571516413e+09 768 7235 3201 18 8 9 9 7.09212499e-11 1.19316339e-10 outputs/V3.3e26_D10000_G4/solution/solution-00099 
100 1.392571516413e+11 1.392571516413e+09 768 7235 3201 17 8 9 9 6.74534797e-11 1.13460980e-10 outputs/V3.3e26_D10000_G4/solution/solution-00100 
