# 1: Time step number
# 2: Time (years)
# 3: Time step size (years)
# 4: Number of mesh cells
# 5: Number of Stokes degrees of freedom
# 6: Number of temperature degrees of freedom
# 7: Iterations for temperature solver
# 8: Iterations for Stokes solver
# 9: Velocity iterations in Stokes preconditioner
# 10: Schur complement iterations in Stokes preconditioner
# 11: RMS velocity (m/year)
# 12: Max. velocity (m/year)
# 13: Visualization file name
  0 0.000000000000e+00 0.000000000000e+00 768 7235 3201  0 8 9 9 1.59954520e-06 2.69864719e-06 outputs/V3.3e24_D1000_G8/solution/solution-00000 
  1 1.392571516413e+09 1.392571516413e+09 768 7235 3201 23 8 9 9 2.72738199e-06 4.60145966e-06 outputs/V3.3e24_D1000_G8/solution/solution-00001 
  2 2.785143032825e+09 1.392571516413e+09 768 7235 3201 19 8 9 9 4.97329289e-06 8.39061713e-06 outputs/V3.3e24_D1000_G8/solution/solution-00002 
  3 4.177714549238e+09 1.392571516413e+09 768 7235 3201 19 8 9 9 9.22645937e-06 1.55663110e-05 outputs/V3.3e24_D1000_G8/solution/solution-00003 
  4 5.570286065650e+09 1.392571516413e+09 768 7235 3201 20 8 9 9 1.71876217e-05 2.89980675e-05 outputs/V3.3e24_D1000_G8/solution/solution-00004 
  5 6.962857582063e+09 1.392571516413e+09 768 7235 3201 21 8 9 9 3.20398031e-05 5.40570399e-05 outputs/V3.3e24_D1000_G8/solution/solution-00005 
  6 8.355429098476e+09 1.392571516413e+09 768 7235 3201 22 8 9 9 5.96699978e-05 1.00681546e-04 outputs/V3.3e24_D1000_G8/solution/solution-00006 
  7 9.286582852919e+09 9.311537544438e+08 768 7235 3201 20 7 8 8 9.20571208e-05 1.55347896e-04 outputs/V3.3e24_D1000_G8/solution/solution-00007 
  8 9.890067048375e+09 6.034841954560e+08 768 7235 3201 16 7 8 8 1.23499438e-04 2.08438855e-04 outputs/V3.3e24_D1000_G8/solution/solution-00008 
  9 1.033983923638e+10 4.497721880074e+08 768 7235 3201 14 7 8 8 1.54493842e-04 2.60796587e-04 outputs/V3.3e24_D1000_G8/solution/solution-00009 
 10 1.069931479938e+10 3.594755629976e+08 768 7235 3201 12 6 7 7 1.84994756e-04 3.12347426e-04 outputs/V3.3e24_D1000_G8/solution/solution-00010 
 11 1.099946134157e+10 3.001465421906e+08 768 7235 3201 11 6 7 7 2.14948289e-04 3.63002885e-04 outputs/V3.3e24_D1000_G8/solution/solution-00011 
 12 1.125772375189e+10 2.582624103230e+08 768 7235 3201 11 6 7 7 2.44317297e-04 4.12701867e-04 outputs/V3.3e24_D1000_G8/solution/solution-00012 
 13 1.148488531214e+10 2.271615602432e+08 768 7235 3201 11 6 7 7 2.73072947e-04 4.61396359e-04 outputs/V3.3e24_D1000_G8/solution/solution-00013 
 14 1.168807287145e+10 2.031875593175e+08 768 7235 3201 10 6 7 7 3.01188998e-04 5.09041718e-04 outputs/V3.3e24_D1000_G8/solution/solution-00014 
 15 1.187224245248e+10 1.841695810270e+08 768 7235 3201 10 6 7 7 3.28639550e-04 5.55592833e-04 outputs/V3.3e24_D1000_G8/solution/solution-00015 
 16 1.204098113025e+10 1.687386777658e+08 768 7235 3201 10 6 7 7 3.55398535e-04 6.01003231e-04 outputs/V3.3e24_D1000_G8/solution/solution-00016 
 17 1.219697030839e+10 1.559891781376e+08 768 7235 3201 10 6 7 7 3.81439896e-04 6.45225374e-04 outputs/V3.3e24_D1000_G8/solution/solution-00017 
 18 1.234226837597e+10 1.452980675898e+08 768 7235 3201  9 6 7 7 4.06737972e-04 6.88211319e-04 outputs/V3.3e24_D1000_G8/solution/solution-00018 
 19 1.247849107018e+10 1.362226942099e+08 768 7235 3201  9 6 7 7 4.31267895e-04 7.29913411e-04 outputs/V3.3e24_D1000_G8/solution/solution-00019 
 20 1.260693096254e+10 1.284398923541e+08 768 7235 3201  9 6 7 7 4.55005937e-04 7.70284918e-04 outputs/V3.3e24_D1000_G8/solution/solution-00020 
 21 1.272863917448e+10 1.217082119452e+08 768 7235 3201  9 6 7 7 4.77929783e-04 8.09280546e-04 outputs/V3.3e24_D1000_G8/solution/solution-00021 
 22 1.284448280928e+10 1.158436347934e+08 768 7235 3201  9 6 7 7 5.00018741e-04 8.46856883e-04 outputs/V3.3e24_D1000_G8/solution/solution-00022 
 23 1.295518628453e+10 1.107034752530e+08 768 7235 3201  9 6 7 7 5.21253895e-04 8.82972746e-04 outputs/V3.3e24_D1000_G8/solution/solution-00023 
 24 1.306136170207e+10 1.061754175406e+08 768 7235 3201  9 6 7 7 5.41618209e-04 9.17589470e-04 outputs/V3.3e24_D1000_G8/solution/solution-00024 
 25 1.316353157545e+10 1.021698733810e+08 768 7235 3201  9 6 7 7 5.61096598e-04 9.50671145e-04 outputs/V3.3e24_D1000_G8/solution/solution-00025 
 26 1.326214611791e+10 9.861454245362e+07 768 7235 3201  9 6 7 7 5.79675958e-04 9.82218726e-04 outputs/V3.3e24_D1000_G8/solution/solution-00026 
 27 1.335759658629e+10 9.545046838625e+07 768 7235 3201  9 6 7 7 5.97345176e-04 1.01221765e-03 outputs/V3.3e24_D1000_G8/solution/solution-00027 
 28 1.345022571760e+10 9.262913131201e+07 768 7235 3201  9 6 7 7 6.14095123e-04 1.04060129e-03 outputs/V3.3e24_D1000_G8/solution/solution-00028 
 29 1.354033598994e+10 9.011027233316e+07 768 7235 3201  9 6 7 7 6.29918620e-04 1.06734613e-03 outputs/V3.3e24_D1000_G8/solution/solution-00029 
 30 1.362819623347e+10 8.786024353164e+07 768 7235 3201  9 5 6 6 6.44810398e-04 1.09243197e-03 outputs/V3.3e24_D1000_G8/solution/solution-00030 
 31 1.371404697454e+10 8.585074107437e+07 768 7235 3201  8 5 6 6 6.58767042e-04 1.11584200e-03 outputs/V3.3e24_D1000_G8/solution/solution-00031 
 32 1.379810479652e+10 8.405782197212e+07 768 7235 3201  8 5 6 6 6.71786933e-04 1.13756289e-03                                               "" 
 33 1.388055390040e+10 8.244910388862e+07 768 7235 3201  8 5 6 6 6.83868466e-04 1.15758197e-03 outputs/V3.3e24_D1000_G8/solution/solution-00032 
 34 1.396156976668e+10 8.101586627436e+07 768 7235 3201  8 5 6 6 6.95013282e-04 1.17589283e-03 outputs/V3.3e24_D1000_G8/solution/solution-00033 
 35 1.404131658580e+10 7.974681911932e+07 768 7235 3201  8 5 6 6 7.05225203e-04 1.19249365e-03 outputs/V3.3e24_D1000_G8/solution/solution-00034 
 36 1.411994567633e+10 7.862909053438e+07 768 7235 3201  8 5 6 6 7.14509564e-04 1.20738620e-03 outputs/V3.3e24_D1000_G8/solution/solution-00035 
 37 1.419759727842e+10 7.765160208693e+07 768 7235 3201  8 5 6 6 7.22873120e-04 1.22057581e-03                                               "" 
 38 1.427440208579e+10 7.680480736627e+07 768 7235 3201  8 5 6 6 7.30323966e-04 1.23207135e-03 outputs/V3.3e24_D1000_G8/solution/solution-00036 
 39 1.435048256351e+10 7.608047772448e+07 768 7235 3201  8 5 6 6 7.36871447e-04 1.24188519e-03 outputs/V3.3e24_D1000_G8/solution/solution-00037 
 40 1.442595408931e+10 7.547152580209e+07 768 7235 3201  8 5 6 6 7.42526074e-04 1.25003309e-03 outputs/V3.3e24_D1000_G8/solution/solution-00038 
 41 1.450092594888e+10 7.497185956412e+07 768 7235 3201  8 5 6 6 7.47299446e-04 1.25674411e-03 outputs/V3.3e24_D1000_G8/solution/solution-00039 
 42 1.457550221004e+10 7.457626116429e+07 768 7235 3201  8 5 6 6 7.51204164e-04 1.26189644e-03                                               "" 
 43 1.464978249621e+10 7.428028616581e+07 768 7235 3201  8 5 6 6 7.54253763e-04 1.26545028e-03 outputs/V3.3e24_D1000_G8/solution/solution-00040 
 44 1.472386267578e+10 7.408017957573e+07 768 7235 3201  8 5 6 6 7.56462639e-04 1.26743207e-03 outputs/V3.3e24_D1000_G8/solution/solution-00041 
 45 1.479783548165e+10 7.397280586715e+07 768 7235 3201  8 5 6 6 7.57845980e-04 1.26787116e-03                                               "" 
 46 1.487179107237e+10 7.395559072354e+07 768 7235 3201  8 5 6 6 7.58419710e-04 1.26679966e-03 outputs/V3.3e24_D1000_G8/solution/solution-00042 
 47 1.494581754505e+10 7.402647267822e+07 768 7235 3201  8 5 6 6 7.58200433e-04 1.26425237e-03 outputs/V3.3e24_D1000_G8/solution/solution-00043 
 48 1.502000140822e+10 7.418386316926e+07 768 7235 3201  8 5 6 6 7.57205381e-04 1.26026654e-03 outputs/V3.3e24_D1000_G8/solution/solution-00044 
 49 1.509441028187e+10 7.440887364615e+07 768 7235 3201  8 5 6 6 7.55452877e-04 1.25488324e-03                                               "" 
 50 1.516912690479e+10 7.471662292667e+07 768 7235 3201  8 5 6 6 7.52961871e-04 1.24819203e-03 outputs/V3.3e24_D1000_G8/solution/solution-00045 
 51 1.524423554042e+10 7.510863562439e+07 768 7235 3201  8 5 6 6 7.49751772e-04 1.24032760e-03 outputs/V3.3e24_D1000_G8/solution/solution-00046 
 52 1.531982040998e+10 7.558486956322e+07 768 7235 3201  8 5 6 6 7.45842438e-04 1.23119319e-03 outputs/V3.3e24_D1000_G8/solution/solution-00047 
 53 1.539596605551e+10 7.614564553444e+07 768 7235 3201  8 5 6 6 7.41254157e-04 1.22083605e-03                                               "" 
 54 1.547275769322e+10 7.679163770055e+07 768 7235 3201  8 5 6 6 7.36007634e-04 1.20930500e-03 outputs/V3.3e24_D1000_G8/solution/solution-00048 
 55 1.555028156051e+10 7.752386729096e+07 768 7235 3201  8 5 6 6 7.30123989e-04 1.19665016e-03 outputs/V3.3e24_D1000_G8/solution/solution-00049 
 56 1.562862525973e+10 7.834369922295e+07 768 7235 3201  8 5 6 6 7.23624760e-04 1.18299964e-03 outputs/V3.3e24_D1000_G8/solution/solution-00050 
 57 1.570787810104e+10 7.925284130956e+07 768 7235 3201  8 5 6 6 7.16531911e-04 1.16842944e-03 outputs/V3.3e24_D1000_G8/solution/solution-00051 
 58 1.578813144677e+10 8.025334573459e+07 768 7235 3201  8 5 6 6 7.08867852e-04 1.15288322e-03                                               "" 
 59 1.586947318924e+10 8.134174246965e+07 768 7235 3201  8 5 6 6 7.00656065e-04 1.13641602e-03 outputs/V3.3e24_D1000_G8/solution/solution-00052 
 60 1.595198233099e+10 8.250914175149e+07 768 7235 3201  8 5 6 6 6.91921895e-04 1.11908633e-03 outputs/V3.3e24_D1000_G8/solution/solution-00053 
 61 1.603575797847e+10 8.377564747304e+07 768 7235 3201  8 5 6 6 6.82689575e-04 1.10094997e-03 outputs/V3.3e24_D1000_G8/solution/solution-00054 
 62 1.612090257831e+10 8.514459983769e+07 768 7235 3201  8 5 6 6 6.72983855e-04 1.08207846e-03 outputs/V3.3e24_D1000_G8/solution/solution-00055 
 63 1.620752228074e+10 8.661970243154e+07 768 7235 3201  8 5 6 6 6.62830046e-04 1.06278175e-03 outputs/V3.3e24_D1000_G8/solution/solution-00056 
 64 1.629572730923e+10 8.820502849781e+07 768 7235 3201  8 5 6 6 6.52254061e-04 1.04283166e-03                                               "" 
 65 1.638563233567e+10 8.990502643264e+07 768 7235 3201  8 5 6 6 6.41282470e-04 1.02228568e-03 outputs/V3.3e24_D1000_G8/solution/solution-00057 
 66 1.647735685950e+10 9.172452382922e+07 768 7235 3201  8 5 6 6 6.29942549e-04 1.00120162e-03 outputs/V3.3e24_D1000_G8/solution/solution-00058 
 67 1.657100518000e+10 9.364832050739e+07 768 7235 3201  8 5 6 6 6.18264873e-04 9.79713717e-04 outputs/V3.3e24_D1000_G8/solution/solution-00059 
 68 1.666669639913e+10 9.569121912399e+07 768 7235 3201  8 5 6 6 6.06279688e-04 9.57916457e-04 outputs/V3.3e24_D1000_G8/solution/solution-00060 
 69 1.676456505908e+10 9.786865994891e+07 768 7235 3201  8 5 6 6 5.94016834e-04 9.35753102e-04 outputs/V3.3e24_D1000_G8/solution/solution-00061 
 70 1.686475174272e+10 1.001866836460e+08 768 7235 3201  8 6 7 7 5.81506975e-04 9.13365303e-04 outputs/V3.3e24_D1000_G8/solution/solution-00062 
 71 1.696740338907e+10 1.026516463457e+08 768 7235 3201  8 6 7 7 5.68781633e-04 8.90829432e-04 outputs/V3.3e24_D1000_G8/solution/solution-00063 
 72 1.707266318501e+10 1.052597959383e+08 768 7235 3201  8 6 7 7 5.55874472e-04 8.68097113e-04 outputs/V3.3e24_D1000_G8/solution/solution-00064 
 73 1.718065932702e+10 1.079961420166e+08 768 7235 3201  8 6 7 7 5.42822574e-04 8.45234994e-04 outputs/V3.3e24_D1000_G8/solution/solution-00065 
 74 1.729155615483e+10 1.108968278111e+08 768 7235 3201  8 6 7 7 5.29660162e-04 8.22610056e-04 outputs/V3.3e24_D1000_G8/solution/solution-00066 
 75 1.740552472842e+10 1.139685735857e+08 768 7235 3201  8 6 7 7 5.16422250e-04 7.99965983e-04 outputs/V3.3e24_D1000_G8/solution/solution-00067 
 76 1.752273722635e+10 1.172124979270e+08 768 7235 3201  8 6 7 7 5.03145224e-04 7.77433346e-04 outputs/V3.3e24_D1000_G8/solution/solution-00068 
 77 1.764332634245e+10 1.205891161069e+08 768 7235 3201  8 6 7 7 4.89871059e-04 7.58033860e-04 outputs/V3.3e24_D1000_G8/solution/solution-00069 
 78 1.776700155663e+10 1.236752141781e+08 768 7235 3201  8 6 7 7 4.76686504e-04 7.44573798e-04 outputs/V3.3e24_D1000_G8/solution/solution-00070 
 79 1.789291251440e+10 1.259109577712e+08 768 7235 3201  8 6 7 7 4.63728369e-04 7.30967359e-04 outputs/V3.3e24_D1000_G8/solution/solution-00071 
 80 1.802116721524e+10 1.282547008348e+08 768 7235 3201  8 6 7 7 4.51024228e-04 7.17268741e-04 outputs/V3.3e24_D1000_G8/solution/solution-00072 
 81 1.815187136372e+10 1.307041484796e+08 768 7235 3201  8 5 6 6 4.38599742e-04 7.03531140e-04 outputs/V3.3e24_D1000_G8/solution/solution-00073 
 82 1.828512772540e+10 1.332563616821e+08 768 7235 3201  8 5 6 6 4.26478628e-04 6.89806446e-04 outputs/V3.3e24_D1000_G8/solution/solution-00074 
 83 1.842103541452e+10 1.359076891168e+08 768 7235 3201  8 5 6 6 4.14682670e-04 6.76144962e-04 outputs/V3.3e24_D1000_G8/solution/solution-00075 
 84 1.855968911346e+10 1.386536989388e+08 768 7235 3201  8 5 6 6 4.03231746e-04 6.62595175e-04 outputs/V3.3e24_D1000_G8/solution/solution-00076 
 85 1.870117822100e+10 1.414891075446e+08 768 7235 3201  8 5 6 6 3.92143846e-04 6.49203538e-04 outputs/V3.3e24_D1000_G8/solution/solution-00077 
 86 1.884558593682e+10 1.444077158216e+08 768 7235 3201  8 5 6 6 3.81435110e-04 6.36014270e-04 outputs/V3.3e24_D1000_G8/solution/solution-00078 
 87 1.899298828983e+10 1.474023530058e+08 768 7235 3201  8 5 6 6 3.71119846e-04 6.23069186e-04 outputs/V3.3e24_D1000_G8/solution/solution-00079 
 88 1.914345312115e+10 1.504648313198e+08 768 7235 3201  9 5 6 6 3.61210568e-04 6.10461220e-04 outputs/V3.3e24_D1000_G8/solution/solution-00080 
 89 1.929703903529e+10 1.535859141414e+08 768 7235 3201  9 5 6 6 3.51718031e-04 5.98197384e-04 outputs/V3.3e24_D1000_G8/solution/solution-00081 
 90 1.945379433578e+10 1.567553004867e+08 768 7235 3201  9 5 6 6 3.42651273e-04 5.86281231e-04 outputs/V3.3e24_D1000_G8/solution/solution-00082 
 91 1.961375596434e+10 1.599616285694e+08 768 7235 3201  9 5 6 6 3.34017667e-04 5.74743435e-04 outputs/V3.3e24_D1000_G8/solution/solution-00083 
 92 1.977694846538e+10 1.631925010305e+08 768 7235 3201  9 5 6 6 3.25822974e-04 5.63611757e-04 outputs/V3.3e24_D1000_G8/solution/solution-00084 
 93 1.994338299952e+10 1.664345341465e+08 768 7235 3201  9 5 6 6 3.18071410e-04 5.52911030e-04 outputs/V3.3e24_D1000_G8/solution/solution-00085 
 94 2.011305643239e+10 1.696734328654e+08 768 7235 3201  9 5 6 6 3.10765721e-04 5.42663173e-04 outputs/V3.3e24_D1000_G8/solution/solution-00086 
 95 2.028595052529e+10 1.728940928997e+08 768 7235 3201  9 5 6 6 3.03907257e-04 5.32887224e-04 outputs/V3.3e24_D1000_G8/solution/solution-00087 
 96 2.046203125560e+10 1.760807303172e+08 768 7235 3201  9 5 6 6 2.97496061e-04 5.23599398e-04 outputs/V3.3e24_D1000_G8/solution/solution-00088 
 97 2.064124829373e+10 1.792170381306e+08 768 7235 3201  9 5 6 6 2.91530960e-04 5.14813157e-04 outputs/V3.3e24_D1000_G8/solution/solution-00089 
 98 2.082353466206e+10 1.822863683270e+08 768 7235 3201  9 5 6 6 2.86009656e-04 5.06539300e-04 outputs/V3.3e24_D1000_G8/solution/solution-00090 
 99 2.100880659869e+10 1.852719366327e+08 768 7235 3201  9 5 6 6 2.80928827e-04 4.98786065e-04 outputs/V3.3e24_D1000_G8/solution/solution-00091 
100 2.119696364484e+10 1.881570461415e+08 768 7235 3201  9 5 6 6 2.76284216e-04 4.91559237e-04 outputs/V3.3e24_D1000_G8/solution/solution-00092 
