# 1: Time step number
# 2: Time (years)
# 3: Time step size (years)
# 4: Number of mesh cells
# 5: Number of Stokes degrees of freedom
# 6: Number of temperature degrees of freedom
# 7: Iterations for temperature solver
# 8: Iterations for Stokes solver
# 9: Velocity iterations in Stokes preconditioner
# 10: Schur complement iterations in Stokes preconditioner
# 11: RMS velocity (m/year)
# 12: Max. velocity (m/year)
# 13: Visualization file name
  0 0.000000000000e+00 0.000000000000e+00 768 7235 3201  0 8 9 9 9.23737355e-08 1.55846875e-07 outputs/V1e26_D1000_G14/solution/solution-00000 
  1 1.392571516413e+09 1.392571516413e+09 768 7235 3201 17 6 7 7 9.16618912e-08 1.54645899e-07 outputs/V1e26_D1000_G14/solution/solution-00001 
  2 2.785143032825e+09 1.392571516413e+09 768 7235 3201 11 5 6 6 9.09326735e-08 1.53415611e-07 outputs/V1e26_D1000_G14/solution/solution-00002 
  3 4.177714549238e+09 1.392571516413e+09 768 7235 3201  9 4 5 5 9.02011626e-08 1.52181454e-07 outputs/V1e26_D1000_G14/solution/solution-00003 
  4 5.570286065650e+09 1.392571516413e+09 768 7235 3201  9 4 5 5 8.94726698e-08 1.50952389e-07 outputs/V1e26_D1000_G14/solution/solution-00004 
  5 6.962857582063e+09 1.392571516413e+09 768 7235 3201 10 4 5 5 8.87490445e-08 1.49731536e-07 outputs/V1e26_D1000_G14/solution/solution-00005 
  6 8.355429098476e+09 1.392571516413e+09 768 7235 3201 10 4 5 5 8.80309116e-08 1.48519950e-07 outputs/V1e26_D1000_G14/solution/solution-00006 
  7 9.748000614888e+09 1.392571516413e+09 768 7235 3201 10 4 5 5 8.73184620e-08 1.47317952e-07 outputs/V1e26_D1000_G14/solution/solution-00007 
  8 1.114057213130e+10 1.392571516413e+09 768 7235 3201 10 4 5 5 8.66117329e-08 1.46125606e-07 outputs/V1e26_D1000_G14/solution/solution-00008 
  9 1.253314364771e+10 1.392571516413e+09 768 7235 3201 10 4 5 5 8.59107077e-08 1.44942882e-07 outputs/V1e26_D1000_G14/solution/solution-00009 
 10 1.392571516413e+10 1.392571516413e+09 768 7235 3201 10 4 5 5 8.52153507e-08 1.43769722e-07 outputs/V1e26_D1000_G14/solution/solution-00010 
 11 1.531828668054e+10 1.392571516413e+09 768 7235 3201 10 4 5 5 8.45256198e-08 1.42606053e-07 outputs/V1e26_D1000_G14/solution/solution-00011 
 12 1.671085819695e+10 1.392571516413e+09 768 7235 3201 10 4 5 5 8.38414707e-08 1.41451802e-07 outputs/V1e26_D1000_G14/solution/solution-00012 
 13 1.810342971336e+10 1.392571516413e+09 768 7235 3201 10 4 5 5 8.31628587e-08 1.40306893e-07 outputs/V1e26_D1000_G14/solution/solution-00013 
 14 1.949600122978e+10 1.392571516413e+09 768 7235 3201 10 4 5 5 8.24897393e-08 1.39171250e-07 outputs/V1e26_D1000_G14/solution/solution-00014 
 15 2.088857274619e+10 1.392571516413e+09 768 7235 3201 10 4 5 5 8.18220681e-08 1.38044799e-07 outputs/V1e26_D1000_G14/solution/solution-00015 
 16 2.228114426260e+10 1.392571516413e+09 768 7235 3201 10 4 5 5 8.11598009e-08 1.36927466e-07 outputs/V1e26_D1000_G14/solution/solution-00016 
 17 2.367371577901e+10 1.392571516413e+09 768 7235 3201 10 4 5 5 8.05028942e-08 1.35819176e-07 outputs/V1e26_D1000_G14/solution/solution-00017 
 18 2.506628729543e+10 1.392571516413e+09 768 7235 3201 10 4 5 5 7.98513044e-08 1.34719857e-07 outputs/V1e26_D1000_G14/solution/solution-00018 
 19 2.645885881184e+10 1.392571516413e+09 768 7235 3201 10 4 5 5 7.92049886e-08 1.33629435e-07 outputs/V1e26_D1000_G14/solution/solution-00019 
 20 2.785143032825e+10 1.392571516413e+09 768 7235 3201 10 4 5 5 7.85639041e-08 1.32547840e-07 outputs/V1e26_D1000_G14/solution/solution-00020 
 21 2.924400184466e+10 1.392571516413e+09 768 7235 3201 10 4 5 5 7.79280086e-08 1.31474999e-07 outputs/V1e26_D1000_G14/solution/solution-00021 
 22 3.063657336108e+10 1.392571516413e+09 768 7235 3201 10 4 5 5 7.72972600e-08 1.30410841e-07 outputs/V1e26_D1000_G14/solution/solution-00022 
 23 3.202914487749e+10 1.392571516413e+09 768 7235 3201 10 4 5 5 7.66716167e-08 1.29355297e-07 outputs/V1e26_D1000_G14/solution/solution-00023 
 24 3.342171639390e+10 1.392571516413e+09 768 7235 3201 10 4 5 5 7.60510374e-08 1.28308297e-07 outputs/V1e26_D1000_G14/solution/solution-00024 
 25 3.481428791032e+10 1.392571516413e+09 768 7235 3201 10 4 5 5 7.54354812e-08 1.27269771e-07 outputs/V1e26_D1000_G14/solution/solution-00025 
 26 3.620685942673e+10 1.392571516413e+09 768 7235 3201 10 4 5 5 7.48249072e-08 1.26239651e-07 outputs/V1e26_D1000_G14/solution/solution-00026 
 27 3.759943094314e+10 1.392571516413e+09 768 7235 3201 10 4 5 5 7.42192753e-08 1.25217869e-07 outputs/V1e26_D1000_G14/solution/solution-00027 
 28 3.899200245955e+10 1.392571516413e+09 768 7235 3201 10 4 5 5 7.36185454e-08 1.24204357e-07 outputs/V1e26_D1000_G14/solution/solution-00028 
 29 4.038457397597e+10 1.392571516413e+09 768 7235 3201 10 4 5 5 7.30226779e-08 1.23199048e-07 outputs/V1e26_D1000_G14/solution/solution-00029 
 30 4.177714549238e+10 1.392571516413e+09 768 7235 3201 10 4 5 5 7.24316334e-08 1.22201877e-07 outputs/V1e26_D1000_G14/solution/solution-00030 
 31 4.316971700879e+10 1.392571516413e+09 768 7235 3201 10 4 5 5 7.18453728e-08 1.21212777e-07 outputs/V1e26_D1000_G14/solution/solution-00031 
 32 4.456228852520e+10 1.392571516413e+09 768 7235 3201 10 4 5 5 7.12638574e-08 1.20231682e-07 outputs/V1e26_D1000_G14/solution/solution-00032 
 33 4.595486004162e+10 1.392571516413e+09 768 7235 3201  9 4 5 5 7.06870489e-08 1.19258529e-07 outputs/V1e26_D1000_G14/solution/solution-00033 
 34 4.734743155803e+10 1.392571516413e+09 768 7235 3201  9 4 5 5 7.01149091e-08 1.18293252e-07 outputs/V1e26_D1000_G14/solution/solution-00034 
 35 4.874000307444e+10 1.392571516413e+09 768 7235 3201  9 4 5 5 6.95474002e-08 1.17335789e-07 outputs/V1e26_D1000_G14/solution/solution-00035 
 36 5.013257459085e+10 1.392571516413e+09 768 7235 3201  9 4 5 5 6.89844848e-08 1.16386075e-07 outputs/V1e26_D1000_G14/solution/solution-00036 
 37 5.152514610727e+10 1.392571516413e+09 768 7235 3201  9 4 5 5 6.84261257e-08 1.15444048e-07 outputs/V1e26_D1000_G14/solution/solution-00037 
 38 5.291771762368e+10 1.392571516413e+09 768 7235 3201  9 4 5 5 6.78722859e-08 1.14509646e-07 outputs/V1e26_D1000_G14/solution/solution-00038 
 39 5.431028914009e+10 1.392571516413e+09 768 7235 3201  9 4 5 5 6.73229290e-08 1.13582807e-07 outputs/V1e26_D1000_G14/solution/solution-00039 
 40 5.570286065650e+10 1.392571516413e+09 768 7235 3201  9 4 5 5 6.67780185e-08 1.12663471e-07 outputs/V1e26_D1000_G14/solution/solution-00040 
 41 5.709543217292e+10 1.392571516413e+09 768 7235 3201  9 4 5 5 6.62375187e-08 1.11751575e-07 outputs/V1e26_D1000_G14/solution/solution-00041 
 42 5.848800368933e+10 1.392571516413e+09 768 7235 3201  9 4 5 5 6.57013936e-08 1.10847060e-07 outputs/V1e26_D1000_G14/solution/solution-00042 
 43 5.988057520574e+10 1.392571516413e+09 768 7235 3201  9 4 5 5 6.51696080e-08 1.09949866e-07 outputs/V1e26_D1000_G14/solution/solution-00043 
 44 6.127314672215e+10 1.392571516413e+09 768 7235 3201  9 4 5 5 6.46421267e-08 1.09059935e-07 outputs/V1e26_D1000_G14/solution/solution-00044 
 45 6.266571823857e+10 1.392571516413e+09 768 7235 3201  9 4 5 5 6.41189148e-08 1.08177206e-07 outputs/V1e26_D1000_G14/solution/solution-00045 
 46 6.405828975498e+10 1.392571516413e+09 768 7235 3201  9 4 5 5 6.35999379e-08 1.07301622e-07 outputs/V1e26_D1000_G14/solution/solution-00046 
 47 6.545086127139e+10 1.392571516413e+09 768 7235 3201  9 4 5 5 6.30851615e-08 1.06433126e-07 outputs/V1e26_D1000_G14/solution/solution-00047 
 48 6.684343278781e+10 1.392571516413e+09 768 7235 3201  9 4 5 5 6.25745518e-08 1.05571658e-07 outputs/V1e26_D1000_G14/solution/solution-00048 
 49 6.823600430422e+10 1.392571516413e+09 768 7235 3201  9 4 5 5 6.20680750e-08 1.04717164e-07 outputs/V1e26_D1000_G14/solution/solution-00049 
 50 6.962857582063e+10 1.392571516413e+09 768 7235 3201  9 4 5 5 6.15656976e-08 1.03869586e-07 outputs/V1e26_D1000_G14/solution/solution-00050 
 51 7.102114733704e+10 1.392571516413e+09 768 7235 3201  9 4 5 5 6.10673865e-08 1.03028869e-07 outputs/V1e26_D1000_G14/solution/solution-00051 
 52 7.241371885346e+10 1.392571516413e+09 768 7235 3201  9 4 5 5 6.05731088e-08 1.02194956e-07 outputs/V1e26_D1000_G14/solution/solution-00052 
 53 7.380629036987e+10 1.392571516413e+09 768 7235 3201  9 4 5 5 6.00828317e-08 1.01367793e-07 outputs/V1e26_D1000_G14/solution/solution-00053 
 54 7.519886188628e+10 1.392571516413e+09 768 7235 3201  9 4 5 5 5.95965230e-08 1.00547324e-07 outputs/V1e26_D1000_G14/solution/solution-00054 
 55 7.659143340269e+10 1.392571516413e+09 768 7235 3201  9 4 5 5 5.91141504e-08 9.97334973e-08 outputs/V1e26_D1000_G14/solution/solution-00055 
 56 7.798400491911e+10 1.392571516413e+09 768 7235 3201  9 4 5 5 5.86356822e-08 9.89262573e-08 outputs/V1e26_D1000_G14/solution/solution-00056 
 57 7.937657643552e+10 1.392571516413e+09 768 7235 3201  9 4 5 5 5.81610868e-08 9.81255511e-08 outputs/V1e26_D1000_G14/solution/solution-00057 
 58 8.076914795193e+10 1.392571516413e+09 768 7235 3201  9 4 5 5 5.76903327e-08 9.73313259e-08 outputs/V1e26_D1000_G14/solution/solution-00058 
 59 8.216171946834e+10 1.392571516413e+09 768 7235 3201  9 4 5 5 5.72233889e-08 9.65435291e-08 outputs/V1e26_D1000_G14/solution/solution-00059 
 60 8.355429098476e+10 1.392571516413e+09 768 7235 3201  9 4 5 5 5.67602246e-08 9.57621088e-08 outputs/V1e26_D1000_G14/solution/solution-00060 
 61 8.494686250117e+10 1.392571516413e+09 768 7235 3201  9 4 5 5 5.63008091e-08 9.49870133e-08 outputs/V1e26_D1000_G14/solution/solution-00061 
 62 8.633943401758e+10 1.392571516413e+09 768 7235 3201  9 4 5 5 5.58451122e-08 9.42181915e-08 outputs/V1e26_D1000_G14/solution/solution-00062 
 63 8.773200553399e+10 1.392571516413e+09 768 7235 3201  9 4 5 5 5.53931037e-08 9.34555925e-08 outputs/V1e26_D1000_G14/solution/solution-00063 
 64 8.912457705041e+10 1.392571516413e+09 768 7235 3201  9 4 5 5 5.49447537e-08 9.26991660e-08 outputs/V1e26_D1000_G14/solution/solution-00064 
 65 9.051714856682e+10 1.392571516413e+09 768 7235 3201  9 4 5 5 5.45000327e-08 9.19488620e-08 outputs/V1e26_D1000_G14/solution/solution-00065 
 66 9.190972008323e+10 1.392571516413e+09 768 7235 3201  9 4 5 5 5.40589113e-08 9.12046311e-08 outputs/V1e26_D1000_G14/solution/solution-00066 
 67 9.330229159964e+10 1.392571516413e+09 768 7235 3201  9 4 5 5 5.36213603e-08 9.04664239e-08 outputs/V1e26_D1000_G14/solution/solution-00067 
 68 9.469486311606e+10 1.392571516413e+09 768 7235 3201  9 4 5 5 5.31873509e-08 8.97341918e-08 outputs/V1e26_D1000_G14/solution/solution-00068 
 69 9.608743463247e+10 1.392571516413e+09 768 7235 3201  9 4 5 5 5.27568544e-08 8.90078864e-08 outputs/V1e26_D1000_G14/solution/solution-00069 
 70 9.748000614888e+10 1.392571516413e+09 768 7235 3201  9 4 5 5 5.23298423e-08 8.82874597e-08 outputs/V1e26_D1000_G14/solution/solution-00070 
 71 9.887257766530e+10 1.392571516413e+09 768 7235 3201  9 4 5 5 5.19062864e-08 8.75728642e-08 outputs/V1e26_D1000_G14/solution/solution-00071 
 72 1.002651491817e+11 1.392571516413e+09 768 7235 3201  9 4 5 5 5.14861588e-08 8.68640526e-08 outputs/V1e26_D1000_G14/solution/solution-00072 
 73 1.016577206981e+11 1.392571516413e+09 768 7235 3201  9 4 5 5 5.10694317e-08 8.61609781e-08 outputs/V1e26_D1000_G14/solution/solution-00073 
 74 1.030502922145e+11 1.392571516413e+09 768 7235 3201  9 4 5 5 5.06560776e-08 8.54635944e-08 outputs/V1e26_D1000_G14/solution/solution-00074 
 75 1.044428637309e+11 1.392571516413e+09 768 7235 3201  9 4 5 5 5.02460692e-08 8.47718552e-08 outputs/V1e26_D1000_G14/solution/solution-00075 
 76 1.058354352474e+11 1.392571516413e+09 768 7235 3201  9 4 5 5 4.98393795e-08 8.40857150e-08 outputs/V1e26_D1000_G14/solution/solution-00076 
 77 1.072280067638e+11 1.392571516413e+09 768 7235 3201  9 4 5 5 4.94359814e-08 8.34051285e-08 outputs/V1e26_D1000_G14/solution/solution-00077 
 78 1.086205782802e+11 1.392571516413e+09 768 7235 3201  9 4 5 5 4.90358485e-08 8.27300506e-08 outputs/V1e26_D1000_G14/solution/solution-00078 
 79 1.100131497966e+11 1.392571516413e+09 768 7235 3201  9 4 5 5 4.86389542e-08 8.20604367e-08 outputs/V1e26_D1000_G14/solution/solution-00079 
 80 1.114057213130e+11 1.392571516413e+09 768 7235 3201  9 4 5 5 4.82452724e-08 8.13962428e-08 outputs/V1e26_D1000_G14/solution/solution-00080 
 81 1.127982928294e+11 1.392571516413e+09 768 7235 3201  9 4 5 5 4.78547771e-08 8.07374248e-08 outputs/V1e26_D1000_G14/solution/solution-00081 
 82 1.141908643458e+11 1.392571516413e+09 768 7235 3201  9 4 5 5 4.74674425e-08 8.00839393e-08 outputs/V1e26_D1000_G14/solution/solution-00082 
 83 1.155834358622e+11 1.392571516413e+09 768 7235 3201  9 4 5 5 4.70832429e-08 7.94357431e-08 outputs/V1e26_D1000_G14/solution/solution-00083 
 84 1.169760073787e+11 1.392571516413e+09 768 7235 3201  9 4 5 5 4.67021530e-08 7.87927934e-08 outputs/V1e26_D1000_G14/solution/solution-00084 
 85 1.183685788951e+11 1.392571516413e+09 768 7235 3201  9 4 5 5 4.63241477e-08 7.81550478e-08 outputs/V1e26_D1000_G14/solution/solution-00085 
 86 1.197611504115e+11 1.392571516413e+09 768 7235 3201  9 4 5 5 4.59492020e-08 7.75224640e-08 outputs/V1e26_D1000_G14/solution/solution-00086 
 87 1.211537219279e+11 1.392571516413e+09 768 7235 3201  9 4 5 5 4.55772910e-08 7.68950004e-08 outputs/V1e26_D1000_G14/solution/solution-00087 
 88 1.225462934443e+11 1.392571516413e+09 768 7235 3201  9 4 5 5 4.52083903e-08 7.62726155e-08 outputs/V1e26_D1000_G14/solution/solution-00088 
 89 1.239388649607e+11 1.392571516413e+09 768 7235 3201  9 4 5 5 4.48424755e-08 7.56552681e-08 outputs/V1e26_D1000_G14/solution/solution-00089 
 90 1.253314364771e+11 1.392571516413e+09 768 7235 3201  9 4 5 5 4.44795224e-08 7.50429176e-08 outputs/V1e26_D1000_G14/solution/solution-00090 
 91 1.267240079935e+11 1.392571516413e+09 768 7235 3201  9 4 5 5 4.41195071e-08 7.44355234e-08 outputs/V1e26_D1000_G14/solution/solution-00091 
 92 1.281165795100e+11 1.392571516413e+09 768 7235 3201  9 4 5 5 4.37624057e-08 7.38330455e-08 outputs/V1e26_D1000_G14/solution/solution-00092 
 93 1.295091510264e+11 1.392571516413e+09 768 7235 3201  9 4 5 5 4.34081946e-08 7.32354440e-08 outputs/V1e26_D1000_G14/solution/solution-00093 
 94 1.309017225428e+11 1.392571516413e+09 768 7235 3201  9 4 5 5 4.30568506e-08 7.26426795e-08 outputs/V1e26_D1000_G14/solution/solution-00094 
 95 1.322942940592e+11 1.392571516413e+09 768 7235 3201  9 4 5 5 4.27083503e-08 7.20547128e-08 outputs/V1e26_D1000_G14/solution/solution-00095 
 96 1.336868655756e+11 1.392571516413e+09 768 7235 3201  9 4 5 5 4.23626708e-08 7.14715051e-08 outputs/V1e26_D1000_G14/solution/solution-00096 
 97 1.350794370920e+11 1.392571516413e+09 768 7235 3201  9 4 5 5 4.20197892e-08 7.08930179e-08 outputs/V1e26_D1000_G14/solution/solution-00097 
 98 1.364720086084e+11 1.392571516413e+09 768 7235 3201  9 4 5 5 4.16796829e-08 7.03192130e-08 outputs/V1e26_D1000_G14/solution/solution-00098 
 99 1.378645801248e+11 1.392571516413e+09 768 7235 3201  9 4 5 5 4.13423294e-08 6.97500524e-08 outputs/V1e26_D1000_G14/solution/solution-00099 
100 1.392571516413e+11 1.392571516413e+09 768 7235 3201  9 4 5 5 4.10077065e-08 6.91854986e-08 outputs/V1e26_D1000_G14/solution/solution-00100 
