# 1: Time step number
# 2: Time (years)
# 3: Time step size (years)
# 4: Number of mesh cells
# 5: Number of Stokes degrees of freedom
# 6: Number of temperature degrees of freedom
# 7: Iterations for temperature solver
# 8: Iterations for Stokes solver
# 9: Velocity iterations in Stokes preconditioner
# 10: Schur complement iterations in Stokes preconditioner
# 11: RMS velocity (m/year)
# 12: Max. velocity (m/year)
# 13: Visualization file name
  0 0.000000000000e+00 0.000000000000e+00 768 7235 3201  0 8 9 9 1.03500075e-06 5.02851969e-06 outputs/V1e25_D10000_G12/solution/solution-00000 
  1 1.392571516413e+09 1.392571516413e+09 768 7235 3201 32 8 9 9 3.37452081e-06 5.83586685e-06 outputs/V1e25_D10000_G12/solution/solution-00001 
  2 2.785143032825e+09 1.392571516413e+09 768 7235 3201 26 8 9 9 1.58258002e-05 2.81596885e-05 outputs/V1e25_D10000_G12/solution/solution-00002 
  3 4.177714549238e+09 1.392571516413e+09 768 7235 3201 25 8 9 9 6.94924088e-05 1.27113712e-04 outputs/V1e25_D10000_G12/solution/solution-00003 
  4 4.915243166028e+09 7.375286167906e+08 768 7235 3201 20 8 9 9 1.73818463e-04 3.22543226e-04 outputs/V1e25_D10000_G12/solution/solution-00004 
  5 5.206008013956e+09 2.907648479272e+08 768 7235 3201 13 8 9 9 2.70062426e-04 5.03986105e-04 outputs/V1e25_D10000_G12/solution/solution-00005 
  6 5.392030945997e+09 1.860229320412e+08 768 7235 3201 11 7 8 8 3.65654129e-04 6.84698695e-04 outputs/V1e25_D10000_G12/solution/solution-00006 
  7 5.528923891496e+09 1.368929454991e+08 768 7235 3201 11 7 8 8 4.59526918e-04 8.62814748e-04 outputs/V1e25_D10000_G12/solution/solution-00007 
  8 5.637635633079e+09 1.087117415835e+08 768 7235 3201 10 7 8 8 5.51465344e-04 1.03731715e-03 outputs/V1e25_D10000_G12/solution/solution-00008 
  9 5.728013006844e+09 9.037737376448e+07 768 7235 3201 10 6 7 7 6.41384316e-04 1.20810467e-03 outputs/V1e25_D10000_G12/solution/solution-00009 
 10 5.805613898809e+09 7.760089196492e+07 768 7235 3201 10 6 7 7 7.29407429e-04 1.37557952e-03 outputs/V1e25_D10000_G12/solution/solution-00010 
 11 5.873797015450e+09 6.818311664124e+07 768 7235 3201 10 6 7 7 8.15609447e-04 1.53896690e-03                                               "" 
 12 5.934697832872e+09 6.090081742234e+07 768 7235 3201 10 6 7 7 8.99936476e-04 1.69939053e-03 outputs/V1e25_D10000_G12/solution/solution-00011 
 13 5.989865462158e+09 5.516762928579e+07 768 7235 3201 10 6 7 7 9.82407259e-04 1.85598784e-03                                               "" 
 14 6.040401838979e+09 5.053637682036e+07 768 7235 3201 10 6 7 7 1.06297549e-03 2.00851338e-03 outputs/V1e25_D10000_G12/solution/solution-00012 
 15 6.087078152269e+09 4.667631329050e+07 768 7235 3201 10 6 7 7 1.14147198e-03 2.15687342e-03                                               "" 
 16 6.130543846178e+09 4.346569390861e+07 768 7235 3201 10 6 7 7 1.21780683e-03 2.30069124e-03 outputs/V1e25_D10000_G12/solution/solution-00013 
 17 6.171307259449e+09 4.076341327107e+07 768 7235 3201 10 6 7 7 1.29186117e-03 2.43987435e-03                                               "" 
 18 6.209743905444e+09 3.843664599483e+07 768 7235 3201 10 6 7 7 1.36343523e-03 2.57305479e-03 outputs/V1e25_D10000_G12/solution/solution-00014 
 19 6.246169577383e+09 3.642567193898e+07 768 7235 3201 10 6 7 7 1.43233849e-03 2.70131332e-03                                               "" 
 20 6.280864933596e+09 3.469535621299e+07 768 7235 3201 10 6 7 7 1.49841150e-03 2.82456076e-03                                               "" 
 21 6.314064763463e+09 3.319982986697e+07 768 7235 3201 10 6 7 7 1.56148642e-03 2.94093684e-03 outputs/V1e25_D10000_G12/solution/solution-00015 
 22 6.345960944905e+09 3.189618144265e+07 768 7235 3201 11 6 7 7 1.62137803e-03 3.05028067e-03                                               "" 
 23 6.376695821489e+09 3.073487658381e+07 768 7235 3201 11 6 7 7 1.67786378e-03 3.15381409e-03                                               "" 
 24 6.406421733501e+09 2.972591201167e+07 768 7235 3201 11 6 7 7 1.73078930e-03 3.24955836e-03 outputs/V1e25_D10000_G12/solution/solution-00016 
 25 6.435271807720e+09 2.885007421981e+07 768 7235 3201 11 6 7 7 1.78000691e-03 3.33736641e-03                                               "" 
 26 6.463363574953e+09 2.809176723224e+07 768 7235 3201 11 6 7 7 1.82537832e-03 3.41881904e-03                                               "" 
 27 6.490801825325e+09 2.743825037279e+07 768 7235 3201 11 6 7 7 1.86677687e-03 3.49189715e-03                                               "" 
 28 6.517663675030e+09 2.686184970440e+07 768 7235 3201 11 6 7 7 1.90406659e-03 3.55640396e-03 outputs/V1e25_D10000_G12/solution/solution-00017 
 29 6.544026744617e+09 2.636306958668e+07 768 7235 3201 11 6 7 7 1.93714682e-03 3.61221603e-03                                               "" 
 30 6.569971400974e+09 2.594465635757e+07 768 7235 3201 11 6 7 7 1.96594897e-03 3.66006588e-03                                               "" 
 31 6.595571773005e+09 2.560037203112e+07 768 7235 3201 11 6 7 7 1.99042101e-03 3.70135785e-03                                               "" 
 32 6.620896887453e+09 2.532511444791e+07 768 7235 3201 11 6 7 7 2.01052781e-03 3.73384637e-03 outputs/V1e25_D10000_G12/solution/solution-00018 
 33 6.646011636530e+09 2.511474907637e+07 768 7235 3201 11 6 7 7 2.02625118e-03 3.75755081e-03                                               "" 
 34 6.670977614992e+09 2.496597846224e+07 768 7235 3201 11 6 7 7 2.03758969e-03 3.77252487e-03                                               "" 
 35 6.695840526126e+09 2.486291113461e+07 768 7235 3201 11 6 7 7 2.04455573e-03 3.77885448e-03                                               "" 
 36 6.720650175259e+09 2.480964913239e+07 768 7235 3201 11 6 7 7 2.04718699e-03 3.77831317e-03 outputs/V1e25_D10000_G12/solution/solution-00019 
 37 6.745462835245e+09 2.481265998673e+07 768 7235 3201 11 6 7 7 2.04553998e-03 3.76945870e-03                                               "" 
 38 6.770333780252e+09 2.487094500690e+07 768 7235 3201 11 6 7 7 2.03968494e-03 3.75239422e-03                                               "" 
 39 6.795317828989e+09 2.498404873635e+07 768 7235 3201 11 6 7 7 2.02970486e-03 3.72733219e-03                                               "" 
 40 6.820469866773e+09 2.515203778458e+07 768 7235 3201 11 6 7 7 2.01569464e-03 3.69526038e-03 outputs/V1e25_D10000_G12/solution/solution-00020 
 41 6.845845358616e+09 2.537549184309e+07 768 7235 3201 11 6 7 7 1.99776009e-03 3.65648574e-03                                               "" 
 42 6.871500864815e+09 2.565550619898e+07 768 7235 3201 11 6 7 7 1.97601707e-03 3.61041479e-03                                               "" 
 43 6.897484165907e+09 2.598330109191e+07 768 7235 3201 11 6 7 7 1.95060135e-03 3.58238201e-03                                               "" 
 44 6.923669083363e+09 2.618491745557e+07 768 7235 3201 11 6 7 7 1.92186445e-03 3.56046362e-03 outputs/V1e25_D10000_G12/solution/solution-00021 
 45 6.950021956542e+09 2.635287317889e+07 768 7235 3201 11 6 7 7 1.89012740e-03 3.53304283e-03                                               "" 
 46 6.976586106344e+09 2.656414980252e+07 768 7235 3201 11 6 7 7 1.85563871e-03 3.50044573e-03                                               "" 
 47 7.003392672499e+09 2.680656615487e+07 768 7235 3201 11 6 7 7 1.81866055e-03 3.46301078e-03 outputs/V1e25_D10000_G12/solution/solution-00022 
 48 7.030480640699e+09 2.708796820030e+07 768 7235 3201 11 6 7 7 1.77944195e-03 3.42106458e-03                                               "" 
 49 7.057892409972e+09 2.741176927293e+07 768 7235 3201 10 6 7 7 1.73822156e-03 3.37494121e-03                                               "" 
 50 7.085670671646e+09 2.777826167364e+07 768 7235 3201 10 6 7 7 1.69523106e-03 3.32588281e-03                                               "" 
 51 7.113858676259e+09 2.818800461267e+07 768 7235 3201 10 6 7 7 1.65069453e-03 3.27318647e-03 outputs/V1e25_D10000_G12/solution/solution-00023 
 52 7.142500490810e+09 2.864181455168e+07 768 7235 3201 10 6 7 7 1.60482797e-03 3.21714343e-03                                               "" 
 53 7.171641249371e+09 2.914075856098e+07 768 7235 3201 10 6 7 7 1.55783895e-03 3.15803831e-03                                               "" 
 54 7.201327399665e+09 2.968615029371e+07 768 7235 3201 10 6 7 7 1.50992645e-03 3.09614923e-03 outputs/V1e25_D10000_G12/solution/solution-00024 
 55 7.231606947869e+09 3.027954820396e+07 768 7235 3201 10 6 7 7 1.46128077e-03 3.03174791e-03                                               "" 
 56 7.262529703534e+09 3.092275566537e+07 768 7235 3201 10 6 7 7 1.41208355e-03 2.96509981e-03                                               "" 
 57 7.294147526202e+09 3.161782266800e+07 768 7235 3201 10 6 7 7 1.36250789e-03 2.89646426e-03                                               "" 
 58 7.326514574982e+09 3.236704878005e+07 768 7235 3201  9 6 7 7 1.31271850e-03 2.82609461e-03 outputs/V1e25_D10000_G12/solution/solution-00025 
 59 7.359687562039e+09 3.317298705638e+07 768 7235 3201  9 6 7 7 1.26287197e-03 2.75423834e-03                                               "" 
 60 7.393726010597e+09 3.403844855804e+07 768 7235 3201  9 6 7 7 1.21311700e-03 2.68163969e-03                                               "" 
 61 7.428692517712e+09 3.496650711496e+07 768 7235 3201  9 6 7 7 1.16359471e-03 2.60826864e-03 outputs/V1e25_D10000_G12/solution/solution-00026 
 62 7.464653021630e+09 3.596050391840e+07 768 7235 3201  9 6 7 7 1.11443892e-03 2.53409594e-03                                               "" 
 63 7.501677073098e+09 3.702405146800e+07 768 7235 3201  9 6 7 7 1.06577647e-03 2.45934915e-03 outputs/V1e25_D10000_G12/solution/solution-00027 
 64 7.539838109421e+09 3.816103632227e+07 768 7235 3201  9 6 7 7 1.01772747e-03 2.38424981e-03                                               "" 
 65 7.579200862771e+09 3.936275335047e+07 768 7235 3201  9 6 7 7 9.70420671e-04 2.30903746e-03                                               "" 
 66 7.619834436858e+09 4.063357408677e+07 768 7235 3201  9 6 7 7 9.23975568e-04 2.23394191e-03 outputs/V1e25_D10000_G12/solution/solution-00028 
 67 7.661821623308e+09 4.198718645006e+07 768 7235 3201  9 6 7 7 8.78493039e-04 2.15916672e-03                                               "" 
 68 7.705249452312e+09 4.342782900436e+07 768 7235 3201  8 6 7 7 8.34067825e-04 2.08490799e-03 outputs/V1e25_D10000_G12/solution/solution-00029 
 69 7.750209333899e+09 4.495988158717e+07 768 7235 3201  8 6 7 7 7.90788589e-04 2.01135401e-03                                               "" 
 70 7.796797166225e+09 4.658783232559e+07 768 7235 3201  8 6 7 7 7.48737901e-04 1.93868479e-03                                               "" 
 71 7.845113402146e+09 4.831623592151e+07 768 7235 3201  8 6 7 7 7.07992162e-04 1.86816075e-03 outputs/V1e25_D10000_G12/solution/solution-00030 
 72 7.895263064292e+09 5.014966214521e+07 768 7235 3201  8 6 7 7 6.68621450e-04 1.79925239e-03                                               "" 
 73 7.947355697719e+09 5.209263342711e+07 768 7235 3201  8 6 7 7 6.30689291e-04 1.73169597e-03 outputs/V1e25_D10000_G12/solution/solution-00031 
 74 8.001505248239e+09 5.414955052053e+07 768 7235 3201  8 6 7 7 5.94252363e-04 1.66563228e-03 outputs/V1e25_D10000_G12/solution/solution-00032 
 75 8.057829853645e+09 5.632460540542e+07 768 7235 3201  8 6 7 7 5.59360128e-04 1.60119107e-03                                               "" 
 76 8.116444015074e+09 5.861416142945e+07 768 7235 3201  8 6 7 7 5.26058484e-04 1.53849831e-03 outputs/V1e25_D10000_G12/solution/solution-00033 
 77 8.177404803764e+09 6.096078869024e+07 768 7235 3201  8 6 7 7 4.94413802e-04 1.47819514e-03                                               "" 
 78 8.240826741584e+09 6.342193781953e+07 768 7235 3201  8 6 7 7 4.64447109e-04 1.42049575e-03 outputs/V1e25_D10000_G12/solution/solution-00034 
 79 8.306824826961e+09 6.599808537712e+07 768 7235 3201  8 6 7 7 4.36169997e-04 1.36485123e-03 outputs/V1e25_D10000_G12/solution/solution-00035 
 80 8.375513631816e+09 6.868880485541e+07 768 7235 3201  8 6 7 7 4.09584231e-04 1.31132362e-03                                               "" 
 81 8.447006281343e+09 7.149264952666e+07 768 7235 3201  7 6 7 7 3.84681488e-04 1.26069000e-03 outputs/V1e25_D10000_G12/solution/solution-00036 
 82 8.521413321976e+09 7.440704063316e+07 768 7235 3201  8 6 7 7 3.61443252e-04 1.21259547e-03 outputs/V1e25_D10000_G12/solution/solution-00037 
 83 8.598840534872e+09 7.742721289571e+07 768 7235 3201  8 6 7 7 3.39841131e-04 1.16667732e-03                                               "" 
 84 8.679256100492e+09 8.041556561988e+07 768 7235 3201  8 6 7 7 3.19867561e-04 1.12301283e-03 outputs/V1e25_D10000_G12/solution/solution-00038 
 85 8.762735519348e+09 8.347941885583e+07 768 7235 3201  8 6 7 7 3.01467949e-04 1.08158956e-03 outputs/V1e25_D10000_G12/solution/solution-00039 
 86 8.849345503764e+09 8.660998441651e+07 768 7235 3201  8 6 7 7 2.84579553e-04 1.04307288e-03 outputs/V1e25_D10000_G12/solution/solution-00040 
 87 8.939142835264e+09 8.979733149936e+07 768 7235 3201  8 5 6 6 2.69132557e-04 1.00759398e-03 outputs/V1e25_D10000_G12/solution/solution-00041 
 88 9.032173302994e+09 9.303046773085e+07 768 7235 3201  8 5 6 6 2.55051440e-04 9.74160286e-04 outputs/V1e25_D10000_G12/solution/solution-00042 
 89 9.128470740110e+09 9.629743711541e+07 768 7235 3201  8 5 6 6 2.42256430e-04 9.42722365e-04 outputs/V1e25_D10000_G12/solution/solution-00043 
 90 9.228056185002e+09 9.958544489208e+07 768 7235 3201  8 5 6 6 2.30665105e-04 9.13224599e-04 outputs/V1e25_D10000_G12/solution/solution-00044 
 91 9.330804197812e+09 1.027480128101e+08 768 7235 3201  8 5 6 6 2.20206492e-04 8.85661875e-04 outputs/V1e25_D10000_G12/solution/solution-00045 
 92 9.436657235725e+09 1.058530379129e+08 768 7235 3201  8 5 6 6 2.10796835e-04 8.60686443e-04 outputs/V1e25_D10000_G12/solution/solution-00046 
 93 9.545581921126e+09 1.089246854009e+08 768 7235 3201  8 5 6 6 2.02350414e-04 8.37427026e-04 outputs/V1e25_D10000_G12/solution/solution-00047 
 94 9.657531974162e+09 1.119500530366e+08 768 7235 3201  8 5 6 6 1.94785203e-04 8.15809834e-04 outputs/V1e25_D10000_G12/solution/solution-00048 
 95 9.772448460989e+09 1.149164868265e+08 768 7235 3201  8 5 6 6 1.88023687e-04 7.95761235e-04 outputs/V1e25_D10000_G12/solution/solution-00049 
 96 9.890260181282e+09 1.178117202936e+08 768 7235 3201  8 5 6 6 1.81993426e-04 7.77208471e-04 outputs/V1e25_D10000_G12/solution/solution-00050 
 97 1.001088418827e+10 1.206240069867e+08 768 7235 3201  8 5 6 6 1.76627381e-04 7.60272310e-04 outputs/V1e25_D10000_G12/solution/solution-00051 
 98 1.013422643750e+10 1.233422492317e+08 768 7235 3201  8 5 6 6 1.71864022e-04 7.44967355e-04 outputs/V1e25_D10000_G12/solution/solution-00052 
 99 1.026018256219e+10 1.259561246870e+08 768 7235 3201  8 5 6 6 1.67647253e-04 7.30899939e-04 outputs/V1e25_D10000_G12/solution/solution-00053 
100 1.038863877311e+10 1.284562109270e+08 768 7235 3201  8 5 6 6 1.63926192e-04 7.18006826e-04 outputs/V1e25_D10000_G12/solution/solution-00054 
