# 1: Time step number
# 2: Time (years)
# 3: Time step size (years)
# 4: Number of mesh cells
# 5: Number of Stokes degrees of freedom
# 6: Number of temperature degrees of freedom
# 7: Iterations for temperature solver
# 8: Iterations for Stokes solver
# 9: Velocity iterations in Stokes preconditioner
# 10: Schur complement iterations in Stokes preconditioner
# 11: RMS velocity (m/year)
# 12: Max. velocity (m/year)
# 13: Visualization file name
  0 0.000000000000e+00 0.000000000000e+00 768 7235 3201  0 8 9 9 1.22047231e-07 2.57142024e-07 outputs/V3.3e25_D3000_G6/solution/solution-00000 
  1 1.392571516413e+09 1.392571516413e+09 768 7235 3201 32 8 9 9 1.32806805e-07 2.32498206e-07 outputs/V3.3e25_D3000_G6/solution/solution-00001 
  2 2.785143032825e+09 1.392571516413e+09 768 7235 3201 25 8 9 9 1.45738103e-07 2.47756806e-07 outputs/V3.3e25_D3000_G6/solution/solution-00002 
  3 4.177714549238e+09 1.392571516413e+09 768 7235 3201 24 8 9 9 1.58919567e-07 2.71853527e-07 outputs/V3.3e25_D3000_G6/solution/solution-00003 
  4 5.570286065650e+09 1.392571516413e+09 768 7235 3201 23 8 9 9 1.71622457e-07 2.95580515e-07 outputs/V3.3e25_D3000_G6/solution/solution-00004 
  5 6.962857582063e+09 1.392571516413e+09 768 7235 3201 23 8 9 9 1.83660156e-07 3.18487445e-07 outputs/V3.3e25_D3000_G6/solution/solution-00005 
  6 8.355429098476e+09 1.392571516413e+09 768 7235 3201 22 8 9 9 1.94954333e-07 3.40300528e-07 outputs/V3.3e25_D3000_G6/solution/solution-00006 
  7 9.748000614888e+09 1.392571516413e+09 768 7235 3201 22 8 9 9 2.05481814e-07 3.60852261e-07 outputs/V3.3e25_D3000_G6/solution/solution-00007 
  8 1.114057213130e+10 1.392571516413e+09 768 7235 3201 21 8 9 9 2.15249234e-07 3.80049192e-07 outputs/V3.3e25_D3000_G6/solution/solution-00008 
  9 1.253314364771e+10 1.392571516413e+09 768 7235 3201 21 8 9 9 2.24281339e-07 3.97853915e-07 outputs/V3.3e25_D3000_G6/solution/solution-00009 
 10 1.392571516413e+10 1.392571516413e+09 768 7235 3201 21 8 9 9 2.32614465e-07 4.14272397e-07 outputs/V3.3e25_D3000_G6/solution/solution-00010 
 11 1.531828668054e+10 1.392571516413e+09 768 7235 3201 20 8 9 9 2.40292222e-07 4.29343548e-07 outputs/V3.3e25_D3000_G6/solution/solution-00011 
 12 1.671085819695e+10 1.392571516413e+09 768 7235 3201 20 8 9 9 2.47362356e-07 4.43130182e-07 outputs/V3.3e25_D3000_G6/solution/solution-00012 
 13 1.810342971336e+10 1.392571516413e+09 768 7235 3201 20 8 9 9 2.53874377e-07 4.55711252e-07 outputs/V3.3e25_D3000_G6/solution/solution-00013 
 14 1.949600122978e+10 1.392571516413e+09 768 7235 3201 20 8 9 9 2.59877782e-07 4.67175390e-07 outputs/V3.3e25_D3000_G6/solution/solution-00014 
 15 2.088857274619e+10 1.392571516413e+09 768 7235 3201 20 8 9 9 2.65420759e-07 4.77615750e-07 outputs/V3.3e25_D3000_G6/solution/solution-00015 
 16 2.228114426260e+10 1.392571516413e+09 768 7235 3201 20 8 9 9 2.70549284e-07 4.87126090e-07 outputs/V3.3e25_D3000_G6/solution/solution-00016 
 17 2.367371577901e+10 1.392571516413e+09 768 7235 3201 20 8 9 9 2.75306534e-07 4.95797930e-07 outputs/V3.3e25_D3000_G6/solution/solution-00017 
 18 2.506628729543e+10 1.392571516413e+09 768 7235 3201 20 8 9 9 2.79732556e-07 5.03718612e-07 outputs/V3.3e25_D3000_G6/solution/solution-00018 
 19 2.645885881184e+10 1.392571516413e+09 768 7235 3201 19 8 9 9 2.83864115e-07 5.10970079e-07 outputs/V3.3e25_D3000_G6/solution/solution-00019 
 20 2.785143032825e+10 1.392571516413e+09 768 7235 3201 19 8 9 9 2.87734691e-07 5.17628195e-07 outputs/V3.3e25_D3000_G6/solution/solution-00020 
 21 2.924400184466e+10 1.392571516413e+09 768 7235 3201 19 8 9 9 2.91374565e-07 5.23762468e-07 outputs/V3.3e25_D3000_G6/solution/solution-00021 
 22 3.063657336108e+10 1.392571516413e+09 768 7235 3201 19 8 9 9 2.94810975e-07 5.29436054e-07 outputs/V3.3e25_D3000_G6/solution/solution-00022 
 23 3.202914487749e+10 1.392571516413e+09 768 7235 3201 19 8 9 9 2.98068310e-07 5.34705956e-07 outputs/V3.3e25_D3000_G6/solution/solution-00023 
 24 3.342171639390e+10 1.392571516413e+09 768 7235 3201 19 8 9 9 3.01168331e-07 5.39623338e-07 outputs/V3.3e25_D3000_G6/solution/solution-00024 
 25 3.481428791032e+10 1.392571516413e+09 768 7235 3201 19 8 9 9 3.04130391e-07 5.44233916e-07 outputs/V3.3e25_D3000_G6/solution/solution-00025 
 26 3.620685942673e+10 1.392571516413e+09 768 7235 3201 19 8 9 9 3.06971663e-07 5.48578389e-07 outputs/V3.3e25_D3000_G6/solution/solution-00026 
 27 3.759943094314e+10 1.392571516413e+09 768 7235 3201 19 8 9 9 3.09707353e-07 5.52692870e-07 outputs/V3.3e25_D3000_G6/solution/solution-00027 
 28 3.899200245955e+10 1.392571516413e+09 768 7235 3201 19 8 9 9 3.12350907e-07 5.56609323e-07 outputs/V3.3e25_D3000_G6/solution/solution-00028 
 29 4.038457397597e+10 1.392571516413e+09 768 7235 3201 19 8 9 9 3.14914199e-07 5.60355975e-07 outputs/V3.3e25_D3000_G6/solution/solution-00029 
 30 4.177714549238e+10 1.392571516413e+09 768 7235 3201 19 8 9 9 3.17407707e-07 5.63957703e-07 outputs/V3.3e25_D3000_G6/solution/solution-00030 
 31 4.316971700879e+10 1.392571516413e+09 768 7235 3201 19 8 9 9 3.19840669e-07 5.67436400e-07 outputs/V3.3e25_D3000_G6/solution/solution-00031 
 32 4.456228852520e+10 1.392571516413e+09 768 7235 3201 19 8 9 9 3.22221232e-07 5.70811303e-07 outputs/V3.3e25_D3000_G6/solution/solution-00032 
 33 4.595486004162e+10 1.392571516413e+09 768 7235 3201 19 8 9 9 3.24556574e-07 5.74099295e-07 outputs/V3.3e25_D3000_G6/solution/solution-00033 
 34 4.734743155803e+10 1.392571516413e+09 768 7235 3201 18 8 9 9 3.26853026e-07 5.77315178e-07 outputs/V3.3e25_D3000_G6/solution/solution-00034 
 35 4.874000307444e+10 1.392571516413e+09 768 7235 3201 18 8 9 9 3.29116168e-07 5.80471919e-07 outputs/V3.3e25_D3000_G6/solution/solution-00035 
 36 5.013257459085e+10 1.392571516413e+09 768 7235 3201 18 8 9 9 3.31350922e-07 5.83580865e-07 outputs/V3.3e25_D3000_G6/solution/solution-00036 
 37 5.152514610727e+10 1.392571516413e+09 768 7235 3201 18 8 9 9 3.33561635e-07 5.86651941e-07 outputs/V3.3e25_D3000_G6/solution/solution-00037 
 38 5.291771762368e+10 1.392571516413e+09 768 7235 3201 18 8 9 9 3.35752143e-07 5.89693821e-07 outputs/V3.3e25_D3000_G6/solution/solution-00038 
 39 5.431028914009e+10 1.392571516413e+09 768 7235 3201 18 8 9 9 3.37925842e-07 5.92714082e-07 outputs/V3.3e25_D3000_G6/solution/solution-00039 
 40 5.570286065650e+10 1.392571516413e+09 768 7235 3201 18 8 9 9 3.40085733e-07 5.95719339e-07 outputs/V3.3e25_D3000_G6/solution/solution-00040 
 41 5.709543217292e+10 1.392571516413e+09 768 7235 3201 18 8 9 9 3.42234477e-07 5.98715362e-07 outputs/V3.3e25_D3000_G6/solution/solution-00041 
 42 5.848800368933e+10 1.392571516413e+09 768 7235 3201 18 8 9 9 3.44374434e-07 6.01707184e-07 outputs/V3.3e25_D3000_G6/solution/solution-00042 
 43 5.988057520574e+10 1.392571516413e+09 768 7235 3201 18 8 9 9 3.46507701e-07 6.04699194e-07 outputs/V3.3e25_D3000_G6/solution/solution-00043 
 44 6.127314672215e+10 1.392571516413e+09 768 7235 3201 18 8 9 9 3.48636143e-07 6.07695211e-07 outputs/V3.3e25_D3000_G6/solution/solution-00044 
 45 6.266571823857e+10 1.392571516413e+09 768 7235 3201 18 8 9 9 3.50761420e-07 6.10698565e-07 outputs/V3.3e25_D3000_G6/solution/solution-00045 
 46 6.405828975498e+10 1.392571516413e+09 768 7235 3201 18 8 9 9 3.52885017e-07 6.13712152e-07 outputs/V3.3e25_D3000_G6/solution/solution-00046 
 47 6.545086127139e+10 1.392571516413e+09 768 7235 3201 18 8 9 9 3.55008259e-07 6.16738490e-07 outputs/V3.3e25_D3000_G6/solution/solution-00047 
 48 6.684343278781e+10 1.392571516413e+09 768 7235 3201 18 8 9 9 3.57132335e-07 6.19779769e-07 outputs/V3.3e25_D3000_G6/solution/solution-00048 
 49 6.823600430422e+10 1.392571516413e+09 768 7235 3201 18 8 9 9 3.59258309e-07 6.22837889e-07 outputs/V3.3e25_D3000_G6/solution/solution-00049 
 50 6.962857582063e+10 1.392571516413e+09 768 7235 3201 18 7 8 8 3.61387142e-07 6.25914502e-07 outputs/V3.3e25_D3000_G6/solution/solution-00050 
 51 7.102114733704e+10 1.392571516413e+09 768 7235 3201 18 7 8 8 3.63519698e-07 6.29011038e-07 outputs/V3.3e25_D3000_G6/solution/solution-00051 
 52 7.241371885346e+10 1.392571516413e+09 768 7235 3201 18 7 8 8 3.65656757e-07 6.32128736e-07 outputs/V3.3e25_D3000_G6/solution/solution-00052 
 53 7.380629036987e+10 1.392571516413e+09 768 7235 3201 18 7 8 8 3.67799027e-07 6.35268670e-07 outputs/V3.3e25_D3000_G6/solution/solution-00053 
 54 7.519886188628e+10 1.392571516413e+09 768 7235 3201 18 7 8 8 3.69947149e-07 6.38431766e-07 outputs/V3.3e25_D3000_G6/solution/solution-00054 
 55 7.659143340269e+10 1.392571516413e+09 768 7235 3201 18 7 8 8 3.72101707e-07 6.41618823e-07 outputs/V3.3e25_D3000_G6/solution/solution-00055 
 56 7.798400491911e+10 1.392571516413e+09 768 7235 3201 18 7 8 8 3.74263233e-07 6.44830533e-07 outputs/V3.3e25_D3000_G6/solution/solution-00056 
 57 7.937657643552e+10 1.392571516413e+09 768 7235 3201 18 7 8 8 3.76432216e-07 6.48067486e-07 outputs/V3.3e25_D3000_G6/solution/solution-00057 
 58 8.076914795193e+10 1.392571516413e+09 768 7235 3201 18 7 8 8 3.78609100e-07 6.51330192e-07 outputs/V3.3e25_D3000_G6/solution/solution-00058 
 59 8.216171946834e+10 1.392571516413e+09 768 7235 3201 18 7 8 8 3.80794297e-07 6.54619088e-07 outputs/V3.3e25_D3000_G6/solution/solution-00059 
 60 8.355429098476e+10 1.392571516413e+09 768 7235 3201 18 7 8 8 3.82988186e-07 6.57934545e-07 outputs/V3.3e25_D3000_G6/solution/solution-00060 
 61 8.494686250117e+10 1.392571516413e+09 768 7235 3201 17 7 8 8 3.85191114e-07 6.61276881e-07 outputs/V3.3e25_D3000_G6/solution/solution-00061 
 62 8.633943401758e+10 1.392571516413e+09 768 7235 3201 17 7 8 8 3.87403408e-07 6.64646364e-07 outputs/V3.3e25_D3000_G6/solution/solution-00062 
 63 8.773200553399e+10 1.392571516413e+09 768 7235 3201 17 7 8 8 3.89625368e-07 6.68043223e-07 outputs/V3.3e25_D3000_G6/solution/solution-00063 
 64 8.912457705041e+10 1.392571516413e+09 768 7235 3201 17 7 8 8 3.91857274e-07 6.71467650e-07 outputs/V3.3e25_D3000_G6/solution/solution-00064 
 65 9.051714856682e+10 1.392571516413e+09 768 7235 3201 17 7 8 8 3.94099389e-07 6.74919805e-07 outputs/V3.3e25_D3000_G6/solution/solution-00065 
 66 9.190972008323e+10 1.392571516413e+09 768 7235 3201 17 7 8 8 3.96351958e-07 6.78399823e-07 outputs/V3.3e25_D3000_G6/solution/solution-00066 
 67 9.330229159964e+10 1.392571516413e+09 768 7235 3201 17 7 8 8 3.98615213e-07 6.81907814e-07 outputs/V3.3e25_D3000_G6/solution/solution-00067 
 68 9.469486311606e+10 1.392571516413e+09 768 7235 3201 17 7 8 8 4.00889371e-07 6.85443871e-07 outputs/V3.3e25_D3000_G6/solution/solution-00068 
 69 9.608743463247e+10 1.392571516413e+09 768 7235 3201 17 7 8 8 4.03174637e-07 6.89008068e-07 outputs/V3.3e25_D3000_G6/solution/solution-00069 
 70 9.748000614888e+10 1.392571516413e+09 768 7235 3201 17 7 8 8 4.05471206e-07 6.92600466e-07 outputs/V3.3e25_D3000_G6/solution/solution-00070 
 71 9.887257766530e+10 1.392571516413e+09 768 7235 3201 17 7 8 8 4.07779263e-07 6.96221112e-07 outputs/V3.3e25_D3000_G6/solution/solution-00071 
 72 1.002651491817e+11 1.392571516413e+09 768 7235 3201 17 7 8 8 4.10098984e-07 6.99870046e-07 outputs/V3.3e25_D3000_G6/solution/solution-00072 
 73 1.016577206981e+11 1.392571516413e+09 768 7235 3201 17 7 8 8 4.12430536e-07 7.03547298e-07 outputs/V3.3e25_D3000_G6/solution/solution-00073 
 74 1.030502922145e+11 1.392571516413e+09 768 7235 3201 17 7 8 8 4.14774081e-07 7.07252889e-07 outputs/V3.3e25_D3000_G6/solution/solution-00074 
 75 1.044428637309e+11 1.392571516413e+09 768 7235 3201 17 7 8 8 4.17129772e-07 7.10986839e-07 outputs/V3.3e25_D3000_G6/solution/solution-00075 
 76 1.058354352474e+11 1.392571516413e+09 768 7235 3201 17 7 8 8 4.19497758e-07 7.14749160e-07 outputs/V3.3e25_D3000_G6/solution/solution-00076 
 77 1.072280067638e+11 1.392571516413e+09 768 7235 3201 17 7 8 8 4.21878181e-07 7.18539862e-07 outputs/V3.3e25_D3000_G6/solution/solution-00077 
 78 1.086205782802e+11 1.392571516413e+09 768 7235 3201 17 7 8 8 4.24271180e-07 7.22358953e-07 outputs/V3.3e25_D3000_G6/solution/solution-00078 
 79 1.100131497966e+11 1.392571516413e+09 768 7235 3201 17 7 8 8 4.26676887e-07 7.26206437e-07 outputs/V3.3e25_D3000_G6/solution/solution-00079 
 80 1.114057213130e+11 1.392571516413e+09 768 7235 3201 17 7 8 8 4.29095432e-07 7.30082319e-07 outputs/V3.3e25_D3000_G6/solution/solution-00080 
 81 1.127982928294e+11 1.392571516413e+09 768 7235 3201 17 7 8 8 4.31526941e-07 7.33986604e-07 outputs/V3.3e25_D3000_G6/solution/solution-00081 
 82 1.141908643458e+11 1.392571516413e+09 768 7235 3201 17 7 8 8 4.33971535e-07 7.37919295e-07 outputs/V3.3e25_D3000_G6/solution/solution-00082 
 83 1.155834358622e+11 1.392571516413e+09 768 7235 3201 17 7 8 8 4.36429336e-07 7.41880397e-07 outputs/V3.3e25_D3000_G6/solution/solution-00083 
 84 1.169760073787e+11 1.392571516413e+09 768 7235 3201 17 7 8 8 4.38900458e-07 7.45869916e-07 outputs/V3.3e25_D3000_G6/solution/solution-00084 
 85 1.183685788951e+11 1.392571516413e+09 768 7235 3201 17 7 8 8 4.41385017e-07 7.49887858e-07 outputs/V3.3e25_D3000_G6/solution/solution-00085 
 86 1.197611504115e+11 1.392571516413e+09 768 7235 3201 17 7 8 8 4.43883124e-07 7.53934231e-07 outputs/V3.3e25_D3000_G6/solution/solution-00086 
 87 1.211537219279e+11 1.392571516413e+09 768 7235 3201 17 7 8 8 4.46394888e-07 7.58009047e-07 outputs/V3.3e25_D3000_G6/solution/solution-00087 
 88 1.225462934443e+11 1.392571516413e+09 768 7235 3201 17 7 8 8 4.48920419e-07 7.62112316e-07 outputs/V3.3e25_D3000_G6/solution/solution-00088 
 89 1.239388649607e+11 1.392571516413e+09 768 7235 3201 16 7 8 8 4.51459823e-07 7.66244054e-07 outputs/V3.3e25_D3000_G6/solution/solution-00089 
 90 1.253314364771e+11 1.392571516413e+09 768 7235 3201 16 7 8 8 4.54013204e-07 7.70404278e-07 outputs/V3.3e25_D3000_G6/solution/solution-00090 
 91 1.267240079935e+11 1.392571516413e+09 768 7235 3201 16 7 8 8 4.56580665e-07 7.74593006e-07 outputs/V3.3e25_D3000_G6/solution/solution-00091 
 92 1.281165795100e+11 1.392571516413e+09 768 7235 3201 16 6 7 7 4.59162310e-07 7.78810261e-07 outputs/V3.3e25_D3000_G6/solution/solution-00092 
 93 1.295091510264e+11 1.392571516413e+09 768 7235 3201 16 6 7 7 4.61758239e-07 7.83056067e-07 outputs/V3.3e25_D3000_G6/solution/solution-00093 
 94 1.309017225428e+11 1.392571516413e+09 768 7235 3201 16 6 7 7 4.64368553e-07 7.87330452e-07 outputs/V3.3e25_D3000_G6/solution/solution-00094 
 95 1.322942940592e+11 1.392571516413e+09 768 7235 3201 16 6 7 7 4.66993351e-07 7.91633447e-07 outputs/V3.3e25_D3000_G6/solution/solution-00095 
 96 1.336868655756e+11 1.392571516413e+09 768 7235 3201 16 6 7 7 4.69632732e-07 7.95965085e-07 outputs/V3.3e25_D3000_G6/solution/solution-00096 
 97 1.350794370920e+11 1.392571516413e+09 768 7235 3201 16 6 7 7 4.72286793e-07 8.00325403e-07 outputs/V3.3e25_D3000_G6/solution/solution-00097 
 98 1.364720086084e+11 1.392571516413e+09 768 7235 3201 16 6 7 7 4.74955633e-07 8.04714440e-07 outputs/V3.3e25_D3000_G6/solution/solution-00098 
 99 1.378645801248e+11 1.392571516413e+09 768 7235 3201 16 6 7 7 4.77639348e-07 8.09132238e-07 outputs/V3.3e25_D3000_G6/solution/solution-00099 
100 1.392571516413e+11 1.392571516413e+09 768 7235 3201 16 6 7 7 4.80338035e-07 8.13578843e-07 outputs/V3.3e25_D3000_G6/solution/solution-00100 
