# 1: Time step number
# 2: Time (years)
# 3: Time step size (years)
# 4: Number of mesh cells
# 5: Number of Stokes degrees of freedom
# 6: Number of temperature degrees of freedom
# 7: Iterations for temperature solver
# 8: Iterations for Stokes solver
# 9: Velocity iterations in Stokes preconditioner
# 10: Schur complement iterations in Stokes preconditioner
# 11: RMS velocity (m/year)
# 12: Max. velocity (m/year)
# 13: Visualization file name
  0 0.000000000000e+00 0.000000000000e+00 768 7235 3201  0 8 9 9 1.20458708e-06 2.13735772e-06 outputs/V3.3e24_D30_G6/solution/solution-00000 
  1 1.392571516413e+09 1.392571516413e+09 768 7235 3201 32 8 9 9 1.24793158e-06 2.17080891e-06 outputs/V3.3e24_D30_G6/solution/solution-00001 
  2 2.785143032825e+09 1.392571516413e+09 768 7235 3201 25 8 9 9 1.36293523e-06 2.46445503e-06 outputs/V3.3e24_D30_G6/solution/solution-00002 
  3 4.177714549238e+09 1.392571516413e+09 768 7235 3201 24 8 9 9 1.58434512e-06 2.97010797e-06 outputs/V3.3e24_D30_G6/solution/solution-00003 
  4 5.570286065650e+09 1.392571516413e+09 768 7235 3201 23 8 9 9 1.95468014e-06 3.76570749e-06 outputs/V3.3e24_D30_G6/solution/solution-00004 
  5 6.962857582063e+09 1.392571516413e+09 768 7235 3201 23 8 9 9 2.53842874e-06 4.97247072e-06 outputs/V3.3e24_D30_G6/solution/solution-00005 
  6 8.355429098476e+09 1.392571516413e+09 768 7235 3201 22 8 9 9 3.43688835e-06 6.78335083e-06 outputs/V3.3e24_D30_G6/solution/solution-00006 
  7 9.748000614888e+09 1.392571516413e+09 768 7235 3201 21 8 9 9 4.81037719e-06 9.50320486e-06 outputs/V3.3e24_D30_G6/solution/solution-00007 
  8 1.114057213130e+10 1.392571516413e+09 768 7235 3201 21 8 9 9 6.91270072e-06 1.36118062e-05 outputs/V3.3e24_D30_G6/solution/solution-00008 
  9 1.253314364771e+10 1.392571516413e+09 768 7235 3201 21 8 9 9 1.01460476e-05 1.98698888e-05 outputs/V3.3e24_D30_G6/solution/solution-00009 
 10 1.392571516413e+10 1.392571516413e+09 768 7235 3201 21 8 9 9 1.51491511e-05 2.94705834e-05 outputs/V3.3e24_D30_G6/solution/solution-00010 
 11 1.531828668054e+10 1.392571516413e+09 768 7235 3201 21 8 9 9 2.29392539e-05 4.43026887e-05 outputs/V3.3e24_D30_G6/solution/solution-00011 
 12 1.671085819695e+10 1.392571516413e+09 768 7235 3201 21 8 9 9 3.51404605e-05 6.73855588e-05 outputs/V3.3e24_D30_G6/solution/solution-00012 
 13 1.810189952741e+10 1.391041330456e+09 768 7235 3201 22 7 8 8 5.43230185e-05 1.03473861e-04 outputs/V3.3e24_D30_G6/solution/solution-00013 
 14 1.900813565123e+10 9.062361238218e+08 768 7235 3201 19 7 8 8 7.30995507e-05 1.38690910e-04 outputs/V3.3e24_D30_G6/solution/solution-00014 
 15 1.968409920291e+10 6.759635516817e+08 768 7235 3201 16 7 8 8 9.19555940e-05 1.73986406e-04 outputs/V3.3e24_D30_G6/solution/solution-00015 
 16 2.022323461913e+10 5.391354162228e+08 768 7235 3201 14 7 8 8 1.10888416e-04 2.09290212e-04 outputs/V3.3e24_D30_G6/solution/solution-00016 
 17 2.067105288892e+10 4.478182697911e+08 768 7235 3201 13 6 7 7 1.29827532e-04 2.44632276e-04 outputs/V3.3e24_D30_G6/solution/solution-00017 
 18 2.105434295588e+10 3.832900669579e+08 768 7235 3201 12 6 7 7 1.48749226e-04 2.79772342e-04 outputs/V3.3e24_D30_G6/solution/solution-00018 
 19 2.138947693560e+10 3.351339797161e+08 768 7235 3201 12 6 7 7 1.67617339e-04 3.14756665e-04 outputs/V3.3e24_D30_G6/solution/solution-00019 
 20 2.168732606947e+10 2.978491338718e+08 768 7235 3201 11 6 7 7 1.86395064e-04 3.49366845e-04 outputs/V3.3e24_D30_G6/solution/solution-00020 
 21 2.195572152160e+10 2.683954521285e+08 768 7235 3201 11 6 7 7 2.05060605e-04 3.83672668e-04 outputs/V3.3e24_D30_G6/solution/solution-00021 
 22 2.220014896344e+10 2.444274418443e+08 768 7235 3201 10 6 7 7 2.23573918e-04 4.17346529e-04 outputs/V3.3e24_D30_G6/solution/solution-00022 
 23 2.242471186719e+10 2.245629037477e+08 768 7235 3201 10 6 7 7 2.41890621e-04 4.50633977e-04 outputs/V3.3e24_D30_G6/solution/solution-00023 
 24 2.263272631194e+10 2.080144447506e+08 768 7235 3201 10 6 7 7 2.59977166e-04 4.83313714e-04 outputs/V3.3e24_D30_G6/solution/solution-00024 
 25 2.282678584432e+10 1.940595323781e+08 768 7235 3201 10 6 7 7 2.77795708e-04 5.15124824e-04 outputs/V3.3e24_D30_G6/solution/solution-00025 
 26 2.300882206768e+10 1.820362233641e+08 768 7235 3201  9 6 7 7 2.95291329e-04 5.46172458e-04 outputs/V3.3e24_D30_G6/solution/solution-00026 
 27 2.318047114790e+10 1.716490802152e+08 768 7235 3201  9 6 7 7 3.12413895e-04 5.76279243e-04 outputs/V3.3e24_D30_G6/solution/solution-00027 
 28 2.334315269699e+10 1.626815490927e+08 768 7235 3201  9 6 7 7 3.29119359e-04 6.05247424e-04 outputs/V3.3e24_D30_G6/solution/solution-00028 
 29 2.349804802779e+10 1.548953307942e+08 768 7235 3201  9 6 7 7 3.45362240e-04 6.33218476e-04 outputs/V3.3e24_D30_G6/solution/solution-00029 
 30 2.364615198877e+10 1.481039609868e+08 768 7235 3201  9 6 7 7 3.61096410e-04 6.60010649e-04 outputs/V3.3e24_D30_G6/solution/solution-00030 
 31 2.378829191730e+10 1.421399285273e+08 768 7235 3201  9 6 7 7 3.76273805e-04 6.85450095e-04 outputs/V3.3e24_D30_G6/solution/solution-00031 
 32 2.392510770915e+10 1.368157918505e+08 768 7235 3201  9 6 7 7 3.90840093e-04 7.09460377e-04 outputs/V3.3e24_D30_G6/solution/solution-00032 
 33 2.405724966710e+10 1.321419579455e+08 768 7235 3201  9 6 7 7 4.04754435e-04 7.31992788e-04 outputs/V3.3e24_D30_G6/solution/solution-00033 
 34 2.418528517703e+10 1.280355099328e+08 768 7235 3201  9 6 7 7 4.17978369e-04 7.53006517e-04 outputs/V3.3e24_D30_G6/solution/solution-00034 
 35 2.430971318731e+10 1.244280102824e+08 768 7235 3201  9 6 7 7 4.30476449e-04 7.72848002e-04 outputs/V3.3e24_D30_G6/solution/solution-00035 
 36 2.443097569287e+10 1.212625055581e+08 768 7235 3201  9 6 7 7 4.42216825e-04 7.91107997e-04 outputs/V3.3e24_D30_G6/solution/solution-00036 
 37 2.454946694044e+10 1.184912475695e+08 768 7235 3201  9 6 7 7 4.53171743e-04 8.07753056e-04 outputs/V3.3e24_D30_G6/solution/solution-00037 
 38 2.466554087788e+10 1.160739374448e+08 768 7235 3201  9 6 7 7 4.63317955e-04 8.22772860e-04 outputs/V3.3e24_D30_G6/solution/solution-00038 
 39 2.477951723524e+10 1.139763573594e+08 768 7235 3201  9 6 7 7 4.72637048e-04 8.36166089e-04 outputs/V3.3e24_D30_G6/solution/solution-00039 
 40 2.489168652863e+10 1.121692933854e+08 768 7235 3201  9 6 7 7 4.81115670e-04 8.47940205e-04 outputs/V3.3e24_D30_G6/solution/solution-00040 
 41 2.500231420808e+10 1.106276794492e+08 768 7235 3201  9 5 6 6 4.88745672e-04 8.58111123e-04 outputs/V3.3e24_D30_G6/solution/solution-00041 
 42 2.511163939135e+10 1.093251832739e+08 768 7235 3201  9 5 6 6 4.95523856e-04 8.66702451e-04 outputs/V3.3e24_D30_G6/solution/solution-00042 
 43 2.521986524122e+10 1.082258498711e+08 768 7235 3201  9 5 6 6 5.01451468e-04 8.73744597e-04 outputs/V3.3e24_D30_G6/solution/solution-00043 
 44 2.532720576448e+10 1.073405232618e+08 768 7235 3201  9 5 6 6 5.06536634e-04 8.83793782e-04 outputs/V3.3e24_D30_G6/solution/solution-00044 
 45 2.543328254607e+10 1.060767815887e+08 768 7235 3201  9 5 6 6 5.10771208e-04 8.94245026e-04 outputs/V3.3e24_D30_G6/solution/solution-00045 
 46 2.553811958438e+10 1.048370383028e+08 768 7235 3201  9 5 6 6 5.14180424e-04 9.02904752e-04 outputs/V3.3e24_D30_G6/solution/solution-00046 
 47 2.564195113451e+10 1.038315501336e+08 768 7235 3201  9 5 6 6 5.16802516e-04 9.09792150e-04 outputs/V3.3e24_D30_G6/solution/solution-00047 
 48 2.574499664879e+10 1.030455142790e+08 768 7235 3201  9 5 6 6 5.18676557e-04 9.14933944e-04 outputs/V3.3e24_D30_G6/solution/solution-00048 
 49 2.584746306242e+10 1.024664136291e+08 768 7235 3201  9 5 6 6 5.19841982e-04 9.18606049e-04 outputs/V3.3e24_D30_G6/solution/solution-00049 
 50 2.594954673588e+10 1.020836734616e+08 768 7235 3201  9 5 6 6 5.20338178e-04 9.20754011e-04 outputs/V3.3e24_D30_G6/solution/solution-00050 
 51 2.605142717794e+10 1.018804420630e+08 768 7235 3201  9 5 6 6 5.20204173e-04 9.21296206e-04 outputs/V3.3e24_D30_G6/solution/solution-00051 
 52 2.615321031363e+10 1.017831356837e+08 768 7235 3201  9 5 6 6 5.19479139e-04 9.20283164e-04 outputs/V3.3e24_D30_G6/solution/solution-00052 
 53 2.625506690287e+10 1.018565892474e+08 768 7235 3201  9 5 6 6 5.18201800e-04 9.17827341e-04 outputs/V3.3e24_D30_G6/solution/solution-00053 
 54 2.635716249342e+10 1.020955905434e+08 768 7235 3201  9 5 6 6 5.16409652e-04 9.14617892e-04 outputs/V3.3e24_D30_G6/solution/solution-00054 
 55 2.645965829287e+10 1.024957994523e+08 768 7235 3201  9 5 6 6 5.14138820e-04 9.10041380e-04 outputs/V3.3e24_D30_G6/solution/solution-00055 
 56 2.656271190263e+10 1.030536097662e+08 768 7235 3201  9 6 7 7 5.11423954e-04 9.04163171e-04 outputs/V3.3e24_D30_G6/solution/solution-00056 
 57 2.666643463136e+10 1.037227287213e+08 768 7235 3201  9 6 7 7 5.08299548e-04 8.97226498e-04 outputs/V3.3e24_D30_G6/solution/solution-00057 
 58 2.677092329746e+10 1.044886661043e+08 768 7235 3201  9 6 7 7 5.04799499e-04 8.89436450e-04 outputs/V3.3e24_D30_G6/solution/solution-00058 
 59 2.687632711804e+10 1.054038205835e+08 768 7235 3201  9 6 7 7 5.00954611e-04 8.80558158e-04 outputs/V3.3e24_D30_G6/solution/solution-00059 
 60 2.698279368035e+10 1.064665623028e+08 768 7235 3201  9 6 7 7 4.96793940e-04 8.71101541e-04 outputs/V3.3e24_D30_G6/solution/solution-00060 
 61 2.709046826555e+10 1.076745852012e+08 768 7235 3201  9 6 7 7 4.92344891e-04 8.60720972e-04 outputs/V3.3e24_D30_G6/solution/solution-00061 
 62 2.719939338700e+10 1.089251214479e+08 768 7235 3201  9 6 7 7 4.87637712e-04 8.49492873e-04 outputs/V3.3e24_D30_G6/solution/solution-00062 
 63 2.730971383686e+10 1.103204498681e+08 768 7235 3201  9 6 7 7 4.82696992e-04 8.38162626e-04 outputs/V3.3e24_D30_G6/solution/solution-00063 
 64 2.742157364083e+10 1.118598039632e+08 768 7235 3201  9 6 7 7 4.77545672e-04 8.26076268e-04 outputs/V3.3e24_D30_G6/solution/solution-00064 
 65 2.753510069270e+10 1.135270518718e+08 768 7235 3201  9 6 7 7 4.72205883e-04 8.13456183e-04 outputs/V3.3e24_D30_G6/solution/solution-00065 
 66 2.765034967844e+10 1.152489857407e+08 768 7235 3201  9 6 7 7 4.66701849e-04 8.00494904e-04 outputs/V3.3e24_D30_G6/solution/solution-00066 
 67 2.776746472758e+10 1.171150491423e+08 768 7235 3201  9 6 7 7 4.61052230e-04 7.87148046e-04 outputs/V3.3e24_D30_G6/solution/solution-00067 
 68 2.788658934826e+10 1.191246206775e+08 768 7235 3201  9 6 7 7 4.55274366e-04 7.76913711e-04 outputs/V3.3e24_D30_G6/solution/solution-00068 
 69 2.800731655621e+10 1.207272079525e+08 768 7235 3201  9 5 6 6 4.49411045e-04 7.67328439e-04 outputs/V3.3e24_D30_G6/solution/solution-00069 
 70 2.812956431175e+10 1.222477555363e+08 768 7235 3201  9 5 6 6 4.43487819e-04 7.57750783e-04 outputs/V3.3e24_D30_G6/solution/solution-00070 
 71 2.825336966456e+10 1.238053528119e+08 768 7235 3201  9 5 6 6 4.37522774e-04 7.48216791e-04 outputs/V3.3e24_D30_G6/solution/solution-00071 
 72 2.837876499622e+10 1.253953316618e+08 768 7235 3201  9 5 6 6 4.31532592e-04 7.38759120e-04 outputs/V3.3e24_D30_G6/solution/solution-00072 
 73 2.850577804222e+10 1.270130460020e+08 768 7235 3201  8 5 6 6 4.25532648e-04 7.29407129e-04 outputs/V3.3e24_D30_G6/solution/solution-00073 
 74 2.863443192550e+10 1.286538832719e+08 768 7235 3201  8 5 6 6 4.19537107e-04 7.20187000e-04 outputs/V3.3e24_D30_G6/solution/solution-00074 
 75 2.876474520269e+10 1.303132771939e+08 768 7235 3201  8 5 6 6 4.13559027e-04 7.11121868e-04 outputs/V3.3e24_D30_G6/solution/solution-00075 
 76 2.889673192509e+10 1.319867223966e+08 768 7235 3201  8 5 6 6 4.07610458e-04 7.02231968e-04 outputs/V3.3e24_D30_G6/solution/solution-00076 
 77 2.903037966988e+10 1.336477447916e+08 768 7235 3201  8 5 6 6 4.01703512e-04 6.93536194e-04 outputs/V3.3e24_D30_G6/solution/solution-00077 
 78 2.916568818074e+10 1.353085108588e+08 768 7235 3201  8 5 6 6 3.95848691e-04 6.85049621e-04 outputs/V3.3e24_D30_G6/solution/solution-00078 
 79 2.930265812944e+10 1.369699487069e+08 768 7235 3201  8 5 6 6 3.90055535e-04 6.76784536e-04 outputs/V3.3e24_D30_G6/solution/solution-00079 
 80 2.944128617970e+10 1.386280502551e+08 768 7235 3201  8 5 6 6 3.84332921e-04 6.68750945e-04 outputs/V3.3e24_D30_G6/solution/solution-00080 
 81 2.958156515083e+10 1.402789711313e+08 768 7235 3201  8 5 6 6 3.78689136e-04 6.60956747e-04 outputs/V3.3e24_D30_G6/solution/solution-00081 
 82 2.972348419779e+10 1.419190469583e+08 768 7235 3201  8 5 6 6 3.73131940e-04 6.53407899e-04 outputs/V3.3e24_D30_G6/solution/solution-00082 
 83 2.986702900602e+10 1.435448082358e+08 768 7235 3201  8 5 6 6 3.67668606e-04 6.46108578e-04 outputs/V3.3e24_D30_G6/solution/solution-00083 
 84 3.001218199955e+10 1.451529935244e+08 768 7235 3201  8 5 6 6 3.62305965e-04 6.39061343e-04 outputs/V3.3e24_D30_G6/solution/solution-00084 
 85 3.015892256025e+10 1.467405606971e+08 768 7235 3201  8 5 6 6 3.57050429e-04 6.32267292e-04 outputs/V3.3e24_D30_G6/solution/solution-00085 
 86 3.030722725633e+10 1.483046960885e+08 768 7235 3201  8 5 6 6 3.51908010e-04 6.25726209e-04 outputs/V3.3e24_D30_G6/solution/solution-00086 
 87 3.045707007778e+10 1.498428214441e+08 768 7235 3201  8 5 6 6 3.46884326e-04 6.19436704e-04 outputs/V3.3e24_D30_G6/solution/solution-00087 
 88 3.060842267641e+10 1.513525986322e+08 768 7235 3201  8 5 6 6 3.41984606e-04 6.13418928e-04 outputs/V3.3e24_D30_G6/solution/solution-00088 
 89 3.076125460855e+10 1.528319321383e+08 768 7235 3201  8 5 6 6 3.37213681e-04 6.07665454e-04 outputs/V3.3e24_D30_G6/solution/solution-00089 
 90 3.091553357796e+10 1.542789694064e+08 768 7235 3201  8 5 6 6 3.32575977e-04 6.02150016e-04 outputs/V3.3e24_D30_G6/solution/solution-00090 
 91 3.107122567708e+10 1.556920991226e+08 768 7235 3201  8 5 6 6 3.28075502e-04 5.96867838e-04 outputs/V3.3e24_D30_G6/solution/solution-00091 
 92 3.122829562464e+10 1.570699475632e+08 768 7235 3201  8 5 6 6 3.23715832e-04 5.91813568e-04 outputs/V3.3e24_D30_G6/solution/solution-00092 
 93 3.138670699778e+10 1.584113731385e+08 768 7235 3201  8 5 6 6 3.19500097e-04 5.86981376e-04 outputs/V3.3e24_D30_G6/solution/solution-00093 
 94 3.154642245705e+10 1.597154592719e+08 768 7235 3201  8 5 6 6 3.15430970e-04 5.82365034e-04 outputs/V3.3e24_D30_G6/solution/solution-00094 
 95 3.170740396280e+10 1.609815057525e+08 768 7235 3201  8 5 6 6 3.11510662e-04 5.77958000e-04 outputs/V3.3e24_D30_G6/solution/solution-00095 
 96 3.186961298150e+10 1.622090186987e+08 768 7235 3201  8 5 6 6 3.07740912e-04 5.73753489e-04 outputs/V3.3e24_D30_G6/solution/solution-00096 
 97 3.203301068077e+10 1.633976992640e+08 768 7235 3201  8 5 6 6 3.04122993e-04 5.69744537e-04 outputs/V3.3e24_D30_G6/solution/solution-00097 
 98 3.219755811198e+10 1.645474312174e+08 768 7235 3201  8 5 6 6 3.00657717e-04 5.65924064e-04 outputs/V3.3e24_D30_G6/solution/solution-00098 
 99 3.236321637951e+10 1.656582675281e+08 768 7235 3201  8 5 6 6 2.97345444e-04 5.62284928e-04 outputs/V3.3e24_D30_G6/solution/solution-00099 
100 3.252994679560e+10 1.667304160870e+08 768 7235 3201  8 5 6 6 2.94186107e-04 5.58819976e-04 outputs/V3.3e24_D30_G6/solution/solution-00100 
