# 1: Time step number
# 2: Time (years)
# 3: Time step size (years)
# 4: Number of mesh cells
# 5: Number of Stokes degrees of freedom
# 6: Number of temperature degrees of freedom
# 7: Iterations for temperature solver
# 8: Iterations for Stokes solver
# 9: Velocity iterations in Stokes preconditioner
# 10: Schur complement iterations in Stokes preconditioner
# 11: RMS velocity (m/year)
# 12: Max. velocity (m/year)
# 13: Visualization file name
  0 0.000000000000e+00 0.000000000000e+00 768 7235 3201  0 8 9 9 4.02755861e-06 8.48568679e-06 outputs/V1e24_D3000_G6/solution/solution-00000 
  1 1.392571516413e+09 1.392571516413e+09 768 7235 3201 31 8 9 9 2.40179037e-05 4.12788425e-05 outputs/V1e24_D3000_G6/solution/solution-00001 
  2 2.785143032825e+09 1.392571516413e+09 768 7235 3201 26 8 9 9 1.69732244e-04 2.98214642e-04 outputs/V1e24_D3000_G6/solution/solution-00002 
  3 3.099513915164e+09 3.143708823391e+08 768 7235 3201 15 8 9 9 3.58453984e-04 6.33577867e-04 outputs/V1e24_D3000_G6/solution/solution-00003 
  4 3.247483099085e+09 1.479691839208e+08 768 7235 3201 12 8 9 9 5.49853628e-04 9.74796815e-04 outputs/V1e24_D3000_G6/solution/solution-00004 
  5 3.343690392211e+09 9.620729312626e+07 768 7235 3201 11 7 8 8 7.40864039e-04 1.31588468e-03 outputs/V1e24_D3000_G6/solution/solution-00005 
  6 3.414958234448e+09 7.126784223679e+07 768 7235 3201 11 7 8 8 9.28873080e-04 1.65178129e-03 outputs/V1e24_D3000_G6/solution/solution-00006 
  7 3.471712038238e+09 5.675380378944e+07 768 7235 3201 10 6 7 7 1.11296326e-03 1.98056563e-03                                             "" 
  8 3.519026463508e+09 4.731442527020e+07 768 7235 3201 10 6 7 7 1.29288904e-03 2.30331076e-03 outputs/V1e24_D3000_G6/solution/solution-00007 
  9 3.559726859004e+09 4.070039549569e+07 768 7235 3201 11 6 7 7 1.46857936e-03 2.61838607e-03                                             "" 
 10 3.595543675648e+09 3.581681664410e+07 768 7235 3201 11 6 7 7 1.63998806e-03 2.92548858e-03                                             "" 
 11 3.627599636311e+09 3.205596066374e+07 768 7235 3201 11 6 7 7 1.80697404e-03 3.22470510e-03 outputs/V1e24_D3000_G6/solution/solution-00008 
 12 3.656672062159e+09 2.907242584739e+07 768 7235 3201 11 6 7 7 1.96936851e-03 3.51621489e-03                                             "" 
 13 3.683334255181e+09 2.666219302222e+07 768 7235 3201 11 6 7 7 2.12705411e-03 3.79872428e-03                                             "" 
 14 3.708013593057e+09 2.467933787582e+07 768 7235 3201 11 6 7 7 2.27988837e-03 4.07259928e-03 outputs/V1e24_D3000_G6/solution/solution-00009 
 15 3.731037632793e+09 2.302403973660e+07 768 7235 3201 11 6 7 7 2.42770996e-03 4.33793313e-03                                             "" 
 16 3.752660948813e+09 2.162331601945e+07 768 7235 3201 12 6 7 7 2.57032831e-03 4.59321121e-03                                             "" 
 17 3.773075111414e+09 2.041416260072e+07 768 7235 3201 12 6 7 7 2.70746463e-03 4.83782638e-03                                             "" 
 18 3.792450139666e+09 1.937502825243e+07 768 7235 3201 12 6 7 7 2.83894700e-03 5.07190062e-03                                             "" 
 19 3.810926353932e+09 1.847621426627e+07 768 7235 3201 12 6 7 7 2.96460280e-03 5.29770413e-03 outputs/V1e24_D3000_G6/solution/solution-00010 
 20 3.828621154893e+09 1.769480096085e+07 768 7235 3201 12 6 7 7 3.08426196e-03 5.51193874e-03                                             "" 
 21 3.845633985434e+09 1.701283054058e+07 768 7235 3201 12 6 7 7 3.19775969e-03 5.71422973e-03                                             "" 
 22 3.862050033263e+09 1.641604782961e+07 768 7235 3201 12 6 7 7 3.30493892e-03 5.90422833e-03                                             "" 
 23 3.877931891895e+09 1.588185863132e+07 768 7235 3201 12 6 7 7 3.40558308e-03 6.08261491e-03                                             "" 
 24 3.893344671002e+09 1.541277910748e+07 768 7235 3201 12 6 7 7 3.49956910e-03 6.24936235e-03 outputs/V1e24_D3000_G6/solution/solution-00011 
 25 3.908346201514e+09 1.500153051190e+07 768 7235 3201 12 6 7 7 3.58679069e-03 6.40295930e-03 outputs/V1e24_D3000_G6/solution/solution-00012 
 26 3.922987868843e+09 1.464166732855e+07 768 7235 3201 12 6 7 7 3.66715589e-03 6.54319661e-03                                             "" 
 27 3.937315728071e+09 1.432785922857e+07 768 7235 3201 12 6 7 7 3.74058791e-03 6.67102499e-03                                             "" 
 28 3.951371406910e+09 1.405567883888e+07 768 7235 3201 12 6 7 7 3.80702576e-03 6.78655398e-03                                             "" 
 29 3.965192845187e+09 1.382143827721e+07 768 7235 3201 12 6 7 7 3.86642469e-03 6.88833689e-03                                             "" 
 30 3.978808953871e+09 1.361610868369e+07 768 7235 3201 12 6 7 7 3.91873493e-03 6.97626083e-03 outputs/V1e24_D3000_G6/solution/solution-00013 
 31 3.992249601395e+09 1.344064752406e+07 768 7235 3201 12 6 7 7 3.96394571e-03 7.05029345e-03                                             "" 
 32 4.005545382581e+09 1.329578118581e+07 768 7235 3201 12 6 7 7 4.00207548e-03 7.11046447e-03 outputs/V1e24_D3000_G6/solution/solution-00014 
 33 4.018725037356e+09 1.317965477555e+07 768 7235 3201 12 6 7 7 4.03315808e-03 7.15896603e-03                                             "" 
 34 4.031815786035e+09 1.309074867822e+07 768 7235 3201 12 5 6 6 4.05724225e-03 7.19548615e-03                                             "" 
 35 4.044843622946e+09 1.302783691131e+07 768 7235 3201 12 5 6 6 4.07439092e-03 7.21838026e-03                                             "" 
 36 4.057833577579e+09 1.298995463262e+07 768 7235 3201 12 5 6 6 4.08468068e-03 7.22780043e-03                                             "" 
 37 4.070809949926e+09 1.297637234726e+07 768 7235 3201 12 5 6 6 4.08820090e-03 7.22393481e-03 outputs/V1e24_D3000_G6/solution/solution-00015 
 38 4.083793964138e+09 1.298401421188e+07 768 7235 3201 12 5 6 6 4.08505427e-03 7.20701086e-03                                             "" 
 39 4.096804249691e+09 1.301028555328e+07 768 7235 3201 12 5 6 6 4.07536203e-03 7.17840734e-03                                             "" 
 40 4.109864249716e+09 1.306000002541e+07 768 7235 3201 12 6 7 7 4.05925763e-03 7.13842167e-03 outputs/V1e24_D3000_G6/solution/solution-00016 
 41 4.122997404953e+09 1.313315523671e+07 768 7235 3201 12 6 7 7 4.03688321e-03 7.08620332e-03                                             "" 
 42 4.136227338637e+09 1.322993368372e+07 768 7235 3201 12 6 7 7 4.00838874e-03 7.02210202e-03                                             "" 
 43 4.149578041847e+09 1.335070320995e+07 768 7235 3201 12 6 7 7 3.97393126e-03 6.94649210e-03                                             "" 
 44 4.163074062379e+09 1.349602053260e+07 768 7235 3201 12 6 7 7 3.93367410e-03 6.86838143e-03                                             "" 
 45 4.176721342731e+09 1.364728035193e+07 768 7235 3201 12 6 7 7 3.88785451e-03 6.77817261e-03 outputs/V1e24_D3000_G6/solution/solution-00017 
 46 4.190545748984e+09 1.382440625258e+07 768 7235 3201 12 6 7 7 3.83666706e-03 6.68036200e-03                                             "" 
 47 4.204577506259e+09 1.403175727512e+07 768 7235 3201 12 6 7 7 3.78029446e-03 6.57075573e-03 outputs/V1e24_D3000_G6/solution/solution-00018 
 48 4.218848211780e+09 1.427070552105e+07 768 7235 3201 12 6 7 7 3.71891687e-03 6.44988504e-03                                             "" 
 49 4.233390948328e+09 1.454273654818e+07 768 7235 3201 12 6 7 7 3.65271301e-03 6.31831718e-03                                             "" 
 50 4.248229858026e+09 1.483890969739e+07 768 7235 3201 12 6 7 7 3.58191312e-03 6.17893816e-03                                             "" 
 51 4.263402367869e+09 1.517250984387e+07 768 7235 3201 12 6 7 7 3.50669868e-03 6.03038264e-03                                             "" 
 52 4.278948645053e+09 1.554627718376e+07 768 7235 3201 12 6 7 7 3.42724874e-03 5.87320116e-03 outputs/V1e24_D3000_G6/solution/solution-00019 
 53 4.294912090173e+09 1.596344512031e+07 768 7235 3201 12 6 7 7 3.34374055e-03 5.79436304e-03                                             "" 
 54 4.311091607992e+09 1.617951781801e+07 768 7235 3201 12 6 7 7 3.25767684e-03 5.71601976e-03 outputs/V1e24_D3000_G6/solution/solution-00020 
 55 4.327492880907e+09 1.640127291588e+07 768 7235 3201 12 6 7 7 3.16951011e-03 5.63206515e-03                                             "" 
 56 4.344138640043e+09 1.664575913596e+07 768 7235 3201 12 6 7 7 3.07958869e-03 5.54287391e-03                                             "" 
 57 4.361052248669e+09 1.691360862541e+07 768 7235 3201 12 6 7 7 2.98824227e-03 5.44881593e-03                                             "" 
 58 4.378257821625e+09 1.720557295618e+07 768 7235 3201 11 6 7 7 2.89578233e-03 5.35025653e-03                                             "" 
 59 4.395780345926e+09 1.752252430149e+07 768 7235 3201 11 6 7 7 2.80250295e-03 5.24755678e-03 outputs/V1e24_D3000_G6/solution/solution-00021 
 60 4.413645802938e+09 1.786545701203e+07 768 7235 3201 11 6 7 7 2.70868160e-03 5.14107385e-03 outputs/V1e24_D3000_G6/solution/solution-00022 
 61 4.431881292781e+09 1.823548984267e+07 768 7235 3201 11 6 7 7 2.61458015e-03 5.03116131e-03                                             "" 
 62 4.450515161620e+09 1.863386883901e+07 768 7235 3201 11 6 7 7 2.52044578e-03 4.91816932e-03                                             "" 
 63 4.469577132430e+09 1.906197081032e+07 768 7235 3201 11 6 7 7 2.42651189e-03 4.80348412e-03                                             "" 
 64 4.489098439714e+09 1.952130728341e+07 768 7235 3201 11 6 7 7 2.33299907e-03 4.68641778e-03                                             "" 
 65 4.509111968527e+09 2.001352881335e+07 768 7235 3201 11 6 7 7 2.24011588e-03 4.56725222e-03 outputs/V1e24_D3000_G6/solution/solution-00023 
 66 4.529652398037e+09 2.054042950995e+07 768 7235 3201 11 6 7 7 2.14805975e-03 4.44633118e-03                                             "" 
 67 4.550756349654e+09 2.110395161658e+07 768 7235 3201 10 6 7 7 2.05701763e-03 4.32399476e-03                                             "" 
 68 4.572462539605e+09 2.170618995076e+07 768 7235 3201 10 6 7 7 1.96716674e-03 4.20057896e-03                                             "" 
 69 4.594804784949e+09 2.234224534411e+07 768 7235 3201 10 6 7 7 1.87870269e-03 4.07645423e-03                                             "" 
 70 4.617822311591e+09 2.301752664227e+07 768 7235 3201 10 6 7 7 1.79179604e-03 3.95196531e-03 outputs/V1e24_D3000_G6/solution/solution-00024 
 71 4.641559490508e+09 2.373717891736e+07 768 7235 3201 10 6 7 7 1.70659699e-03 3.82743431e-03                                             "" 
 72 4.666063119589e+09 2.450362908062e+07 768 7235 3201 10 6 7 7 1.62324757e-03 3.70317627e-03                                             "" 
 73 4.691382541619e+09 2.531942203029e+07 768 7235 3201 10 6 7 7 1.54188190e-03 3.57949827e-03                                             "" 
 74 4.717569753986e+09 2.618721236716e+07 768 7235 3201 10 6 7 7 1.46262624e-03 3.45669850e-03 outputs/V1e24_D3000_G6/solution/solution-00025 
 75 4.744679506797e+09 2.710975281061e+07 768 7235 3201 10 6 7 7 1.38559890e-03 3.33506531e-03                                             "" 
 76 4.772769385566e+09 2.808987876938e+07 768 7235 3201  9 6 7 7 1.31091013e-03 3.21571562e-03                                             "" 
 77 4.801899874027e+09 2.913048846049e+07 768 7235 3201  9 6 7 7 1.23866185e-03 3.09942524e-03 outputs/V1e24_D3000_G6/solution/solution-00026 
 78 4.832134391978e+09 3.023451795106e+07 768 7235 3201  9 6 7 7 1.16894725e-03 2.98508221e-03                                             "" 
 79 4.863539302498e+09 3.140491052024e+07 768 7235 3201  9 6 7 7 1.10185029e-03 2.87292274e-03                                             "" 
 80 4.896183882305e+09 3.264457980680e+07 768 7235 3201  9 6 7 7 1.03744514e-03 2.76316728e-03                                             "" 
 81 4.930140248639e+09 3.395636633430e+07 768 7235 3201  9 6 7 7 9.75795504e-04 2.65601960e-03 outputs/V1e24_D3000_G6/solution/solution-00027 
 82 4.965467592039e+09 3.532734339962e+07 768 7235 3201  9 6 7 7 9.16978608e-04 2.55171039e-03                                             "" 
 83 5.002215394873e+09 3.674780283457e+07 768 7235 3201  9 6 7 7 8.61068548e-04 2.45162288e-03 outputs/V1e24_D3000_G6/solution/solution-00028 
 84 5.040455370790e+09 3.823997591665e+07 768 7235 3201  9 6 7 7 8.08086354e-04 2.35524212e-03                                             "" 
 85 5.080260195552e+09 3.980482476231e+07 768 7235 3201  8 6 7 7 7.58038835e-04 2.26215025e-03                                             "" 
 86 5.121703066062e+09 4.144287050965e+07 768 7235 3201  8 6 7 7 7.10917894e-04 2.17244551e-03 outputs/V1e24_D3000_G6/solution/solution-00029 
 87 5.164857197947e+09 4.315413188524e+07 768 7235 3201  8 6 7 7 6.66700049e-04 2.08791268e-03                                             "" 
 88 5.209795264723e+09 4.493806677603e+07 768 7235 3201  8 6 7 7 6.25346174e-04 2.00686522e-03 outputs/V1e24_D3000_G6/solution/solution-00030 
 89 5.256559888705e+09 4.676462398189e+07 768 7235 3201  8 6 7 7 5.86823833e-04 1.92934266e-03                                             "" 
 90 5.305168617331e+09 4.860872862617e+07 768 7235 3201  8 6 7 7 5.51091444e-04 1.85542130e-03 outputs/V1e24_D3000_G6/solution/solution-00031 
 91 5.355676674132e+09 5.050805680015e+07 768 7235 3201  8 6 7 7 5.18053477e-04 1.78523106e-03                                             "" 
 92 5.408135349267e+09 5.245867513546e+07 768 7235 3201  8 6 7 7 4.87601579e-04 1.72105858e-03 outputs/V1e24_D3000_G6/solution/solution-00032 
 93 5.462591383840e+09 5.445603457270e+07 768 7235 3201  8 5 6 6 4.59616195e-04 1.66022178e-03                                             "" 
 94 5.519086387372e+09 5.649500353197e+07 768 7235 3201  7 5 6 6 4.33968654e-04 1.60265379e-03 outputs/V1e24_D3000_G6/solution/solution-00033 
 95 5.577656293668e+09 5.856990629614e+07 768 7235 3201  7 5 6 6 4.10523460e-04 1.54827558e-03                                             "" 
 96 5.638243580476e+09 6.058728680833e+07 768 7235 3201  7 5 6 6 3.89169429e-04 1.49759721e-03 outputs/V1e24_D3000_G6/solution/solution-00034 
 97 5.700843857352e+09 6.260027687586e+07 768 7235 3201  7 5 6 6 3.69762538e-04 1.45081817e-03 outputs/V1e24_D3000_G6/solution/solution-00035 
 98 5.765462568205e+09 6.461871085293e+07 768 7235 3201  7 5 6 6 3.52154067e-04 1.40690621e-03                                             "" 
 99 5.832098140048e+09 6.663557184295e+07 768 7235 3201  7 5 6 6 3.36199855e-04 1.36574816e-03 outputs/V1e24_D3000_G6/solution/solution-00036 
100 5.900741834814e+09 6.864369476584e+07 768 7235 3201  7 5 6 6 3.21762180e-04 1.32745526e-03 outputs/V1e24_D3000_G6/solution/solution-00037 
