# 1: Time step number
# 2: Time (years)
# 3: Time step size (years)
# 4: Number of mesh cells
# 5: Number of Stokes degrees of freedom
# 6: Number of temperature degrees of freedom
# 7: Iterations for temperature solver
# 8: Iterations for Stokes solver
# 9: Velocity iterations in Stokes preconditioner
# 10: Schur complement iterations in Stokes preconditioner
# 11: RMS velocity (m/year)
# 12: Max. velocity (m/year)
# 13: Visualization file name
  0 0.000000000000e+00 0.000000000000e+00 768 7235 3201  0 8 9 9 1.72500125e-06 8.38086616e-06 outputs/V1e24_D10000_G2/solution/solution-00000 
  1 1.392571516413e+09 1.392571516413e+09 768 7235 3201 32 8 9 9 8.51565510e-06 1.47200315e-05 outputs/V1e24_D10000_G2/solution/solution-00001 
  2 2.785143032825e+09 1.392571516413e+09 768 7235 3201 26 8 9 9 6.23467282e-05 1.11346130e-04 outputs/V1e24_D10000_G2/solution/solution-00002 
  3 3.627112123098e+09 8.419690902732e+08 768 7235 3201 22 8 9 9 2.65371831e-04 4.82708422e-04 outputs/V1e24_D10000_G2/solution/solution-00003 
  4 3.821330874105e+09 1.942187510067e+08 768 7235 3201 13 8 9 9 4.43815170e-04 8.11287532e-04 outputs/V1e24_D10000_G2/solution/solution-00004 
  5 3.936940163773e+09 1.156092896679e+08 768 7235 3201 11 7 8 8 6.26238485e-04 1.14771700e-03 outputs/V1e24_D10000_G2/solution/solution-00005 
  6 4.018615421900e+09 8.167525812743e+07 768 7235 3201 11 7 8 8 8.06848358e-04 1.48136532e-03 outputs/V1e24_D10000_G2/solution/solution-00006 
  7 4.081889823923e+09 6.327440202220e+07 768 7235 3201 10 7 8 8 9.84219680e-04 1.80982745e-03                                              "" 
  8 4.133711298643e+09 5.182147472012e+07 768 7235 3201 10 6 7 7 1.15803921e-03 2.13125955e-03 outputs/V1e24_D10000_G2/solution/solution-00007 
  9 4.177699371318e+09 4.398807267550e+07 768 7235 3201 10 6 7 7 1.32812040e-03 2.44655858e-03                                              "" 
 10 4.216018502852e+09 3.831913153370e+07 768 7235 3201 11 6 7 7 1.49446562e-03 2.75424132e-03 outputs/V1e24_D10000_G2/solution/solution-00008 
 11 4.250059998518e+09 3.404149566623e+07 768 7235 3201 11 6 7 7 1.65709634e-03 3.05567907e-03                                              "" 
 12 4.280753155080e+09 3.069315656192e+07 768 7235 3201 11 6 7 7 1.81591014e-03 3.34878997e-03                                              "" 
 13 4.308744084036e+09 2.799092895643e+07 768 7235 3201 11 6 7 7 1.97067787e-03 3.63447846e-03 outputs/V1e24_D10000_G2/solution/solution-00009 
 14 4.334531967398e+09 2.578788336105e+07 768 7235 3201 11 6 7 7 2.12127147e-03 3.91340275e-03                                              "" 
 15 4.358494732582e+09 2.396276518456e+07 768 7235 3201 12 6 7 7 2.26751837e-03 4.18282209e-03                                              "" 
 16 4.380915924374e+09 2.242119179158e+07 768 7235 3201 12 6 7 7 2.40914618e-03 4.44326911e-03                                              "" 
 17 4.402015254109e+09 2.109932973542e+07 768 7235 3201 12 6 7 7 2.54582738e-03 4.69457597e-03 outputs/V1e24_D10000_G2/solution/solution-00010 
 18 4.421985108829e+09 1.996985471961e+07 768 7235 3201 12 6 7 7 2.67732561e-03 4.93468491e-03                                              "" 
 19 4.440983282309e+09 1.899817348040e+07 768 7235 3201 12 6 7 7 2.80339016e-03 5.16562969e-03                                              "" 
 20 4.459141112576e+09 1.815783026726e+07 768 7235 3201 12 6 7 7 2.92376214e-03 5.38495043e-03                                              "" 
 21 4.476557212734e+09 1.741610015715e+07 768 7235 3201 12 6 7 7 3.03810112e-03 5.59155562e-03                                              "" 
 22 4.493322352023e+09 1.676513928953e+07 768 7235 3201 12 6 7 7 3.14612967e-03 5.78493255e-03 outputs/V1e24_D10000_G2/solution/solution-00011 
 23 4.509520043693e+09 1.619769166962e+07 768 7235 3201 12 6 7 7 3.24761935e-03 5.96907985e-03 outputs/V1e24_D10000_G2/solution/solution-00012 
 24 4.525222956119e+09 1.570291242614e+07 768 7235 3201 12 6 7 7 3.34235345e-03 6.14001700e-03                                              "" 
 25 4.540494957454e+09 1.527200133559e+07 768 7235 3201 12 6 7 7 3.43013043e-03 6.29677315e-03                                              "" 
 26 4.555392722920e+09 1.489776546536e+07 768 7235 3201 12 6 7 7 3.51076683e-03 6.43903754e-03                                              "" 
 27 4.569956869613e+09 1.456414669337e+07 768 7235 3201 12 6 7 7 3.58405072e-03 6.56752058e-03                                              "" 
 28 4.584231663105e+09 1.427479349209e+07 768 7235 3201 12 6 7 7 3.64984779e-03 6.68300351e-03 outputs/V1e24_D10000_G2/solution/solution-00013 
 29 4.598259786813e+09 1.402812370753e+07 768 7235 3201 12 6 7 7 3.70806207e-03 6.78334809e-03                                              "" 
 30 4.612080395574e+09 1.382060876087e+07 768 7235 3201 12 6 7 7 3.75862177e-03 6.86846616e-03 outputs/V1e24_D10000_G2/solution/solution-00014 
 31 4.625729731229e+09 1.364933565540e+07 768 7235 3201 12 6 7 7 3.80147958e-03 6.93931007e-03                                              "" 
 32 4.639241643024e+09 1.351191179453e+07 768 7235 3201 12 6 7 7 3.83661265e-03 6.99685584e-03                                              "" 
 33 4.652648033647e+09 1.340639062356e+07 768 7235 3201 12 6 7 7 3.86402225e-03 7.03917423e-03                                              "" 
 34 4.665974122160e+09 1.332608851256e+07 768 7235 3201 12 6 7 7 3.88372706e-03 7.06635337e-03                                              "" 
 35 4.679244577144e+09 1.327045498481e+07 768 7235 3201 12 6 7 7 3.89578060e-03 7.07855416e-03 outputs/V1e24_D10000_G2/solution/solution-00015 
 36 4.692487901691e+09 1.324332454652e+07 768 7235 3201 13 6 7 7 3.90026844e-03 7.07600106e-03                                              "" 
 37 4.705731861245e+09 1.324395955387e+07 768 7235 3201 13 6 7 7 3.89729562e-03 7.06037320e-03 outputs/V1e24_D10000_G2/solution/solution-00016 
 38 4.719003753864e+09 1.327189261880e+07 768 7235 3201 13 6 7 7 3.88698542e-03 7.03342068e-03                                              "" 
 39 4.732330665499e+09 1.332691163506e+07 768 7235 3201 13 6 7 7 3.86947797e-03 6.99246768e-03                                              "" 
 40 4.745739716384e+09 1.340905088479e+07 768 7235 3201 13 6 7 7 3.84492898e-03 6.93787373e-03                                              "" 
 41 4.759258304120e+09 1.351858773660e+07 768 7235 3201 13 6 7 7 3.81350831e-03 6.87003362e-03                                              "" 
 42 4.772912981010e+09 1.365467689031e+07 768 7235 3201 13 6 7 7 3.77540287e-03 6.78938306e-03 outputs/V1e24_D10000_G2/solution/solution-00017 
 43 4.786724576745e+09 1.381159573414e+07 768 7235 3201 12 6 7 7 3.73083581e-03 6.69736657e-03                                              "" 
 44 4.800722615985e+09 1.399803923993e+07 768 7235 3201 12 6 7 7 3.68002339e-03 6.59505027e-03 outputs/V1e24_D10000_G2/solution/solution-00018 
 45 4.814937822270e+09 1.421520628507e+07 768 7235 3201 12 6 7 7 3.62319008e-03 6.48134373e-03                                              "" 
 46 4.829402415407e+09 1.446459313772e+07 768 7235 3201 12 6 7 7 3.56056762e-03 6.35678467e-03                                              "" 
 47 4.844150437383e+09 1.474802197536e+07 768 7235 3201 12 6 7 7 3.49239412e-03 6.27799138e-03                                              "" 
 48 4.859093310411e+09 1.494287302795e+07 768 7235 3201 12 6 7 7 3.41953482e-03 6.21304868e-03                                              "" 
 49 4.874187603951e+09 1.509429354054e+07 768 7235 3201 12 6 7 7 3.34273549e-03 6.14044520e-03 outputs/V1e24_D10000_G2/solution/solution-00019 
 50 4.889455656991e+09 1.526805303937e+07 768 7235 3201 12 6 7 7 3.26243320e-03 6.06232962e-03                                              "" 
 51 4.904920009135e+09 1.546435214443e+07 768 7235 3201 12 6 7 7 3.17904958e-03 5.97760718e-03 outputs/V1e24_D10000_G2/solution/solution-00020 
 52 4.920603542232e+09 1.568353309697e+07 768 7235 3201 12 6 7 7 3.09298979e-03 5.88657217e-03                                              "" 
 53 4.936529618950e+09 1.592607671833e+07 768 7235 3201 12 6 7 7 3.00464203e-03 5.78968153e-03                                              "" 
 54 4.952722219453e+09 1.619260050225e+07 768 7235 3201 12 6 7 7 2.91437733e-03 5.68738214e-03                                              "" 
 55 4.969206077527e+09 1.648385807430e+07 768 7235 3201 12 6 7 7 2.82254963e-03 5.58011135e-03                                              "" 
 56 4.986006817531e+09 1.680074000447e+07 768 7235 3201 11 6 7 7 2.72949600e-03 5.46829744e-03 outputs/V1e24_D10000_G2/solution/solution-00021 
 57 5.003151093420e+09 1.714427588876e+07 768 7235 3201 11 6 7 7 2.63553709e-03 5.35236011e-03 outputs/V1e24_D10000_G2/solution/solution-00022 
 58 5.020666731021e+09 1.751563760143e+07 768 7235 3201 11 6 7 7 2.54097766e-03 5.23271090e-03                                              "" 
 59 5.038582874642e+09 1.791614362025e+07 768 7235 3201 11 6 7 7 2.44610716e-03 5.10975360e-03                                              "" 
 60 5.056930138971e+09 1.834726432896e+07 768 7235 3201 11 6 7 7 2.35120047e-03 4.98420112e-03                                              "" 
 61 5.075740767170e+09 1.881062819972e+07 768 7235 3201 11 6 7 7 2.25651855e-03 4.85704796e-03                                              "" 
 62 5.095048795922e+09 1.930802875123e+07 768 7235 3201 11 6 7 7 2.16230922e-03 4.72769850e-03 outputs/V1e24_D10000_G2/solution/solution-00023 
 63 5.114890228086e+09 1.984143216453e+07 768 7235 3201 11 6 7 7 2.06880784e-03 4.59653442e-03 outputs/V1e24_D10000_G2/solution/solution-00024 
 64 5.135303213504e+09 2.041298541758e+07 768 7235 3201 10 6 7 7 1.97623802e-03 4.46393070e-03                                              "" 
 65 5.156328238273e+09 2.102502476917e+07 768 7235 3201 10 6 7 7 1.88481225e-03 4.33025539e-03                                              "" 
 66 5.178001138844e+09 2.167290057102e+07 768 7235 3201 10 6 7 7 1.79476155e-03 4.19591316e-03                                              "" 
 67 5.200362445107e+09 2.236130626274e+07 768 7235 3201 10 6 7 7 1.70629356e-03 4.06128417e-03 outputs/V1e24_D10000_G2/solution/solution-00025 
 68 5.223459075698e+09 2.309663059095e+07 768 7235 3201 10 6 7 7 1.61958945e-03 3.92671623e-03                                              "" 
 69 5.247340774481e+09 2.388169878327e+07 768 7235 3201 10 6 7 7 1.53482076e-03 3.79254826e-03                                              "" 
 70 5.272060283473e+09 2.471950899247e+07 768 7235 3201 10 6 7 7 1.45214961e-03 3.65910972e-03                                              "" 
 71 5.297673512212e+09 2.561322873852e+07 768 7235 3201 10 6 7 7 1.37172865e-03 3.52671996e-03                                              "" 
 72 5.324239700081e+09 2.656618786885e+07 768 7235 3201 10 6 7 7 1.29370102e-03 3.39595560e-03 outputs/V1e24_D10000_G2/solution/solution-00026 
 73 5.351821567379e+09 2.758186729784e+07 768 7235 3201  9 6 7 7 1.21820004e-03 3.26901117e-03                                              "" 
 74 5.380485450049e+09 2.866388267077e+07 768 7235 3201  9 6 7 7 1.14534877e-03 3.14397778e-03                                              "" 
 75 5.410301412081e+09 2.981596203187e+07 768 7235 3201  9 6 7 7 1.07525943e-03 3.02112455e-03 outputs/V1e24_D10000_G2/solution/solution-00027 
 76 5.441343328640e+09 3.104191655859e+07 768 7235 3201  9 6 7 7 1.00803268e-03 2.90070528e-03                                              "" 
 77 5.473688932107e+09 3.234560346746e+07 768 7235 3201  9 6 7 7 9.43756611e-04 2.78295736e-03                                              "" 
 78 5.507404826732e+09 3.371589462474e+07 768 7235 3201  9 6 7 7 8.82531621e-04 2.66814993e-03 outputs/V1e24_D10000_G2/solution/solution-00028 
 79 5.542547770058e+09 3.514294332607e+07 768 7235 3201  9 6 7 7 8.24455091e-04 2.55793572e-03                                              "" 
 80 5.579198417399e+09 3.665064734133e+07 768 7235 3201  9 6 7 7 7.69563340e-04 2.45153964e-03                                              "" 
 81 5.617439691826e+09 3.824127442668e+07 768 7235 3201  8 6 7 7 7.17874742e-04 2.34864013e-03 outputs/V1e24_D10000_G2/solution/solution-00029 
 82 5.657356407426e+09 3.991671559946e+07 768 7235 3201  8 6 7 7 6.69388588e-04 2.24980702e-03                                              "" 
 83 5.699034813643e+09 4.167840621768e+07 768 7235 3201  8 6 7 7 6.24084195e-04 2.15617521e-03                                              "" 
 84 5.742562060085e+09 4.352724644159e+07 768 7235 3201  8 6 7 7 5.81920339e-04 2.06627517e-03 outputs/V1e24_D10000_G2/solution/solution-00030 
 85 5.787969264786e+09 4.540720470098e+07 768 7235 3201  8 6 7 7 5.42880215e-04 1.98026365e-03                                              "" 
 86 5.835311846393e+09 4.734258160762e+07 768 7235 3201  8 6 7 7 5.06887690e-04 1.89819774e-03 outputs/V1e24_D10000_G2/solution/solution-00031 
 87 5.884661546460e+09 4.934970006691e+07 768 7235 3201  8 6 7 7 4.73828722e-04 1.82199094e-03                                              "" 
 88 5.936087037786e+09 5.142549132550e+07 768 7235 3201  8 6 7 7 4.43572318e-04 1.75064477e-03 outputs/V1e24_D10000_G2/solution/solution-00032 
 89 5.989653174938e+09 5.356613715227e+07 768 7235 3201  8 6 7 7 4.15973015e-04 1.68298918e-03                                              "" 
 90 6.045420257702e+09 5.576708276369e+07 768 7235 3201  8 5 6 6 3.90873975e-04 1.61895878e-03 outputs/V1e24_D10000_G2/solution/solution-00033 
 91 6.103363261062e+09 5.794300336031e+07 768 7235 3201  7 5 6 6 3.68139505e-04 1.55925709e-03 outputs/V1e24_D10000_G2/solution/solution-00034 
 92 6.163488047923e+09 6.012478686053e+07 768 7235 3201  7 5 6 6 3.47602940e-04 1.50397733e-03                                              "" 
 93 6.225822764196e+09 6.233471627330e+07 768 7235 3201  7 5 6 6 3.29085268e-04 1.45201495e-03 outputs/V1e24_D10000_G2/solution/solution-00035 
 94 6.290388215271e+09 6.456545107484e+07 768 7235 3201  7 5 6 6 3.12412472e-04 1.40324948e-03                                              "" 
 95 6.357197433139e+09 6.680921786844e+07 768 7235 3201  7 5 6 6 2.97418395e-04 1.35872846e-03 outputs/V1e24_D10000_G2/solution/solution-00036 
 96 6.426255263997e+09 6.905783085766e+07 768 7235 3201  7 5 6 6 2.83947033e-04 1.31728539e-03 outputs/V1e24_D10000_G2/solution/solution-00037 
 97 6.497557961349e+09 7.130269735192e+07 768 7235 3201  7 5 6 6 2.71854141e-04 1.27857898e-03                                              "" 
 98 6.570989625132e+09 7.343166378370e+07 768 7235 3201  7 5 6 6 2.61022160e-04 1.24254690e-03 outputs/V1e24_D10000_G2/solution/solution-00038 
 99 6.646494550413e+09 7.550492528072e+07 768 7235 3201  7 5 6 6 2.51330895e-04 1.20908407e-03 outputs/V1e24_D10000_G2/solution/solution-00039 
100 6.724032918648e+09 7.753836823521e+07 768 7235 3201  7 5 6 6 2.42669634e-04 1.17807856e-03 outputs/V1e24_D10000_G2/solution/solution-00040 
