# 1: Time step number
# 2: Time (years)
# 3: Time step size (years)
# 4: Number of mesh cells
# 5: Number of Stokes degrees of freedom
# 6: Number of temperature degrees of freedom
# 7: Iterations for temperature solver
# 8: Iterations for Stokes solver
# 9: Velocity iterations in Stokes preconditioner
# 10: Schur complement iterations in Stokes preconditioner
# 11: RMS velocity (m/year)
# 12: Max. velocity (m/year)
# 13: Visualization file name
  0 0.000000000000e+00 0.000000000000e+00 768 7235 3201  0 8 9 9 2.84776872e-06 5.99998056e-06 outputs/V3.3e24_D3000_G14/solution/solution-00000 
  1 1.392571516413e+09 1.392571516413e+09 768 7235 3201 31 8 9 9 1.27867187e-05 2.19500368e-05 outputs/V3.3e24_D3000_G14/solution/solution-00001 
  2 2.785143032825e+09 1.392571516413e+09 768 7235 3201 26 8 9 9 6.67734366e-05 1.17108855e-04 outputs/V3.3e24_D3000_G14/solution/solution-00002 
  3 3.585680274102e+09 8.005372412767e+08 768 7235 3201 21 8 9 9 2.07636010e-04 3.68700119e-04 outputs/V3.3e24_D3000_G14/solution/solution-00003 
  4 3.839951957680e+09 2.542716835785e+08 768 7235 3201 13 8 9 9 3.35299949e-04 5.97984058e-04 outputs/V3.3e24_D3000_G14/solution/solution-00004 
  5 3.996776061934e+09 1.568241042532e+08 768 7235 3201 11 7 8 8 4.63930808e-04 8.29583577e-04 outputs/V3.3e24_D3000_G14/solution/solution-00005 
  6 4.109820641840e+09 1.130445799063e+08 768 7235 3201 11 7 8 8 5.90771065e-04 1.05814224e-03 outputs/V3.3e24_D3000_G14/solution/solution-00006 
  7 4.198410046786e+09 8.858940494581e+07 768 7235 3201 10 6 7 7 7.14966635e-04 1.28210937e-03                                                "" 
  8 4.271507309118e+09 7.309726233193e+07 768 7235 3201 10 6 7 7 8.36324602e-04 1.50174188e-03 outputs/V3.3e24_D3000_G14/solution/solution-00007 
  9 4.333941429887e+09 6.243412076912e+07 768 7235 3201 10 6 7 7 9.54824218e-04 1.71608077e-03 outputs/V3.3e24_D3000_G14/solution/solution-00008 
 10 4.388601153158e+09 5.465972327101e+07 768 7235 3201 10 6 7 7 1.07047133e-03 1.92495619e-03                                                "" 
 11 4.437303560290e+09 4.870240713218e+07 768 7235 3201 10 6 7 7 1.18314154e-03 2.12910240e-03 outputs/V3.3e24_D3000_G14/solution/solution-00009 
 12 4.481336200476e+09 4.403264018587e+07 768 7235 3201 10 6 7 7 1.29280648e-03 2.32738037e-03                                                "" 
 13 4.521617540393e+09 4.028133991749e+07 768 7235 3201 10 6 7 7 1.39940925e-03 2.52015548e-03 outputs/V3.3e24_D3000_G14/solution/solution-00010 
 14 4.558826649891e+09 3.720910949727e+07 768 7235 3201 10 6 7 7 1.50286902e-03 2.70741559e-03                                                "" 
 15 4.593468994415e+09 3.464234452397e+07 768 7235 3201 10 6 7 7 1.60305200e-03 2.88812415e-03                                                "" 
 16 4.625930265561e+09 3.246127114608e+07 768 7235 3201 11 6 7 7 1.69978757e-03 3.06187563e-03 outputs/V3.3e24_D3000_G14/solution/solution-00011 
 17 4.656536864873e+09 3.060659931205e+07 768 7235 3201 11 6 7 7 1.79296151e-03 3.23038409e-03                                                "" 
 18 4.685553084461e+09 2.901621958779e+07 768 7235 3201 11 6 7 7 1.88245205e-03 3.39216789e-03                                                "" 
 19 4.713196353715e+09 2.764326925425e+07 768 7235 3201 11 6 7 7 1.96813306e-03 3.54635114e-03 outputs/V3.3e24_D3000_G14/solution/solution-00012 
 20 4.739647808451e+09 2.645145473642e+07 768 7235 3201 11 6 7 7 2.04987586e-03 3.69264382e-03                                                "" 
 21 4.765039394412e+09 2.539158596042e+07 768 7235 3201 11 6 7 7 2.12748886e-03 3.83193393e-03                                                "" 
 22 4.789504847582e+09 2.446545317032e+07 768 7235 3201 11 6 7 7 2.20086046e-03 3.96327824e-03                                                "" 
 23 4.813159507771e+09 2.365466018902e+07 768 7235 3201 11 6 7 7 2.26988419e-03 4.08597281e-03 outputs/V3.3e24_D3000_G14/solution/solution-00013 
 24 4.836103860159e+09 2.294435238775e+07 768 7235 3201 11 6 7 7 2.33446036e-03 4.20022625e-03                                                "" 
 25 4.858426288683e+09 2.232242852421e+07 768 7235 3201 11 6 7 7 2.39449761e-03 4.30686791e-03                                                "" 
 26 4.880205246321e+09 2.177895763822e+07 768 7235 3201 11 6 7 7 2.44991403e-03 4.40435803e-03                                                "" 
 27 4.901500432118e+09 2.129518579655e+07 768 7235 3201 11 6 7 7 2.50061404e-03 4.49250916e-03 outputs/V3.3e24_D3000_G14/solution/solution-00014 
 28 4.922370900472e+09 2.087046835427e+07 768 7235 3201 11 6 7 7 2.54653425e-03 4.57119983e-03                                                "" 
 29 4.942875492733e+09 2.050459226081e+07 768 7235 3201 11 6 7 7 2.58763788e-03 4.64036329e-03                                                "" 
 30 4.963068117118e+09 2.019262438492e+07 768 7235 3201 11 6 7 7 2.62390016e-03 4.70274127e-03                                                "" 
 31 4.982998574332e+09 1.993045721389e+07 768 7235 3201 11 6 7 7 2.65530850e-03 4.75566175e-03                                                "" 
 32 5.002713253568e+09 1.971467923651e+07 768 7235 3201 11 6 7 7 2.68186242e-03 4.79899481e-03 outputs/V3.3e24_D3000_G14/solution/solution-00015 
 33 5.022255726312e+09 1.954247274382e+07 768 7235 3201 11 6 7 7 2.70357350e-03 4.83276539e-03                                                "" 
 34 5.041666769291e+09 1.941104297863e+07 768 7235 3201 11 6 7 7 2.72046468e-03 4.85702679e-03                                                "" 
 35 5.060973842171e+09 1.930707288028e+07 768 7235 3201 11 5 6 6 2.73256506e-03 4.87228267e-03                                                "" 
 36 5.080215336640e+09 1.924149446956e+07 768 7235 3201 11 5 6 6 2.73992954e-03 4.87948785e-03                                                "" 
 37 5.099428418612e+09 1.921308197155e+07 768 7235 3201 11 5 6 6 2.74262300e-03 4.87749061e-03 outputs/V3.3e24_D3000_G14/solution/solution-00016 
 38 5.118649367981e+09 1.922094936887e+07 768 7235 3201 11 5 6 6 2.74071959e-03 4.86645771e-03 outputs/V3.3e24_D3000_G14/solution/solution-00017 
 39 5.137913893746e+09 1.926452576518e+07 768 7235 3201 11 5 6 6 2.73430219e-03 4.84657988e-03                                                "" 
 40 5.157257431311e+09 1.934353756520e+07 768 7235 3201 11 6 7 7 2.72346169e-03 4.81899917e-03                                                "" 
 41 5.176715428550e+09 1.945799723908e+07 768 7235 3201 11 6 7 7 2.70829650e-03 4.78362962e-03                                                "" 
 42 5.196323626105e+09 1.960819755512e+07 768 7235 3201 11 6 7 7 2.68891176e-03 4.74004447e-03                                                "" 
 43 5.216111400884e+09 1.978777477876e+07 768 7235 3201 11 6 7 7 2.66542774e-03 4.68852865e-03 outputs/V3.3e24_D3000_G14/solution/solution-00018 
 44 5.236111177487e+09 1.999977660306e+07 768 7235 3201 11 6 7 7 2.63797208e-03 4.62938715e-03                                                "" 
 45 5.256361087181e+09 2.024990969416e+07 768 7235 3201 11 6 7 7 2.60667274e-03 4.56721745e-03                                                "" 
 46 5.276892738449e+09 2.053165126786e+07 768 7235 3201 11 6 7 7 2.57167553e-03 4.50090236e-03                                                "" 
 47 5.297734605312e+09 2.084186686235e+07 768 7235 3201 11 6 7 7 2.53314322e-03 4.42638152e-03                                                "" 
 48 5.318919330232e+09 2.118472492015e+07 768 7235 3201 11 6 7 7 2.49124269e-03 4.34411308e-03 outputs/V3.3e24_D3000_G14/solution/solution-00019 
 49 5.340497337800e+09 2.157800756800e+07 768 7235 3201 11 6 7 7 2.44611321e-03 4.25482954e-03                                                "" 
 50 5.362521963702e+09 2.202462590251e+07 768 7235 3201 11 6 7 7 2.39789178e-03 4.16133653e-03                                                "" 
 51 5.385050014902e+09 2.252805120012e+07 768 7235 3201 11 6 7 7 2.34671340e-03 4.06112213e-03                                                "" 
 52 5.408142410757e+09 2.309239585461e+07 768 7235 3201 11 6 7 7 2.29271154e-03 4.00866136e-03 outputs/V3.3e24_D3000_G14/solution/solution-00020 
 53 5.431529270230e+09 2.338685947301e+07 768 7235 3201 11 6 7 7 2.23682602e-03 3.95608257e-03                                                "" 
 54 5.455226955589e+09 2.369768535910e+07 768 7235 3201 11 6 7 7 2.17935054e-03 3.89955420e-03                                                "" 
 55 5.479268165207e+09 2.404120961771e+07 768 7235 3201 11 6 7 7 2.12053011e-03 3.83935346e-03                                                "" 
 56 5.503686338977e+09 2.441817377061e+07 768 7235 3201 11 6 7 7 2.06059723e-03 3.77575312e-03 outputs/V3.3e24_D3000_G14/solution/solution-00021 
 57 5.528515822532e+09 2.482948355456e+07 768 7235 3201 11 6 7 7 1.99977204e-03 3.70902165e-03                                                "" 
 58 5.553792029794e+09 2.527620726159e+07 768 7235 3201 10 6 7 7 1.93826268e-03 3.63942347e-03                                                "" 
 59 5.579551604292e+09 2.575957449872e+07 768 7235 3201 10 6 7 7 1.87626578e-03 3.56721917e-03                                                "" 
 60 5.605832579918e+09 2.628097562588e+07 768 7235 3201 10 6 7 7 1.81396699e-03 3.49266572e-03 outputs/V3.3e24_D3000_G14/solution/solution-00022 
 61 5.632674541730e+09 2.684196181138e+07 768 7235 3201 10 6 7 7 1.75154151e-03 3.41601666e-03                                                "" 
 62 5.660118787264e+09 2.744424553422e+07 768 7235 3201 10 6 7 7 1.68915471e-03 3.33752214e-03                                                "" 
 63 5.688208488583e+09 2.808970131881e+07 768 7235 3201 10 6 7 7 1.62696266e-03 3.25779406e-03                                                "" 
 64 5.716988855046e+09 2.878036646309e+07 768 7235 3201 10 6 7 7 1.56511270e-03 3.17709774e-03 outputs/V3.3e24_D3000_G14/solution/solution-00023 
 65 5.746507296543e+09 2.951844149725e+07 768 7235 3201 10 6 7 7 1.50374398e-03 3.09525863e-03                                                "" 
 66 5.776813586626e+09 3.030629008314e+07 768 7235 3201 10 6 7 7 1.44298790e-03 3.01251740e-03                                                "" 
 67 5.807960024657e+09 3.114643803142e+07 768 7235 3201  9 6 7 7 1.38296863e-03 2.92911071e-03 outputs/V3.3e24_D3000_G14/solution/solution-00024 
 68 5.840001595731e+09 3.204157107376e+07 768 7235 3201  9 6 7 7 1.32380342e-03 2.84527083e-03                                                "" 
 69 5.872987383454e+09 3.298578772301e+07 768 7235 3201  9 6 7 7 1.26561805e-03 2.76124708e-03                                                "" 
 70 5.906968897320e+09 3.398151386553e+07 768 7235 3201  9 6 7 7 1.20852998e-03 2.67728196e-03 outputs/V3.3e24_D3000_G14/solution/solution-00025 
 71 5.942007457659e+09 3.503856033938e+07 768 7235 3201  9 6 7 7 1.15263709e-03 2.59359297e-03                                                "" 
 72 5.978167172308e+09 3.615971464874e+07 768 7235 3201  9 6 7 7 1.09803125e-03 2.51039083e-03                                                "" 
 73 6.015514989858e+09 3.734781754995e+07 768 7235 3201  9 6 7 7 1.04479836e-03 2.42787876e-03 outputs/V3.3e24_D3000_G14/solution/solution-00026 
 74 6.054120727658e+09 3.860573780046e+07 768 7235 3201  9 6 7 7 9.93018331e-04 2.34625188e-03                                                "" 
 75 6.094057069434e+09 3.993634177608e+07 768 7235 3201  9 6 7 7 9.42765028e-04 2.26569645e-03                                                "" 
 76 6.135399526982e+09 4.134245754761e+07 768 7235 3201  9 6 7 7 8.94106135e-04 2.18755512e-03 outputs/V3.3e24_D3000_G14/solution/solution-00027 
 77 6.178226360000e+09 4.282683301824e+07 768 7235 3201  8 6 7 7 8.47102957e-04 2.11124408e-03                                                "" 
 78 6.222618447814e+09 4.439208781421e+07 768 7235 3201  8 6 7 7 8.01810170e-04 2.03648948e-03 outputs/V3.3e24_D3000_G14/solution/solution-00028 
 79 6.268659106590e+09 4.604065877523e+07 768 7235 3201  8 6 7 7 7.58275522e-04 1.96343342e-03                                                "" 
 80 6.316433845696e+09 4.777473910645e+07 768 7235 3201  8 6 7 7 7.16539502e-04 1.89220565e-03 outputs/V3.3e24_D3000_G14/solution/solution-00029 
 81 6.366030057226e+09 4.959621152948e+07 768 7235 3201  8 6 7 7 6.76634988e-04 1.82292315e-03                                                "" 
 82 6.417493399958e+09 5.146334273216e+07 768 7235 3201  8 6 7 7 6.38617302e-04 1.75574410e-03 outputs/V3.3e24_D3000_G14/solution/solution-00030 
 83 6.470890946047e+09 5.339754608919e+07 768 7235 3201  8 6 7 7 6.02509760e-04 1.69188998e-03                                                "" 
 84 6.526302350637e+09 5.541140458966e+07 768 7235 3201  8 6 7 7 5.68315652e-04 1.63032931e-03 outputs/V3.3e24_D3000_G14/solution/solution-00031 
 85 6.583806070478e+09 5.750371984121e+07 768 7235 3201  8 6 7 7 5.36029052e-04 1.57107270e-03                                                "" 
 86 6.643478674898e+09 5.967260442035e+07 768 7235 3201  8 6 7 7 5.05634709e-04 1.51416203e-03 outputs/V3.3e24_D3000_G14/solution/solution-00032 
 87 6.705394109274e+09 6.191543437541e+07 768 7235 3201  8 6 7 7 4.77108082e-04 1.46072926e-03 outputs/V3.3e24_D3000_G14/solution/solution-00033 
 88 6.769622920927e+09 6.422881165378e+07 768 7235 3201  7 6 7 7 4.50415515e-04 1.40970417e-03                                                "" 
 89 6.836214781715e+09 6.659186078788e+07 768 7235 3201  7 6 7 7 4.25520461e-04 1.36103058e-03 outputs/V3.3e24_D3000_G14/solution/solution-00034 
 90 6.905142179089e+09 6.892739737408e+07 768 7235 3201  7 5 6 6 4.02398413e-04 1.31475193e-03 outputs/V3.3e24_D3000_G14/solution/solution-00035 
 91 6.976447444136e+09 7.130526504623e+07 768 7235 3201  7 5 6 6 3.80984344e-04 1.27083765e-03                                                "" 
 92 7.050166032898e+09 7.371858876228e+07 768 7235 3201  7 5 6 6 3.61206955e-04 1.22972278e-03 outputs/V3.3e24_D3000_G14/solution/solution-00036 
 93 7.126325972611e+09 7.615993971270e+07 768 7235 3201  7 5 6 6 3.42989764e-04 1.19203037e-03 outputs/V3.3e24_D3000_G14/solution/solution-00037 
 94 7.204947380271e+09 7.862140766053e+07 768 7235 3201  7 5 6 6 3.26252295e-04 1.15645789e-03 outputs/V3.3e24_D3000_G14/solution/solution-00038 
 95 7.286042062664e+09 8.109468239269e+07 768 7235 3201  7 5 6 6 3.10911356e-04 1.12294517e-03                                                "" 
 96 7.369613201388e+09 8.357113872417e+07 768 7235 3201  7 5 6 6 2.96882321e-04 1.09142749e-03 outputs/V3.3e24_D3000_G14/solution/solution-00039 
 97 7.455625179142e+09 8.601197775381e+07 768 7235 3201  7 5 6 6 2.84084548e-04 1.06184661e-03 outputs/V3.3e24_D3000_G14/solution/solution-00040 
 98 7.543963977318e+09 8.833879817601e+07 768 7235 3201  8 5 6 6 2.72444992e-04 1.03437663e-03 outputs/V3.3e24_D3000_G14/solution/solution-00041 
 99 7.634598275414e+09 9.063429809606e+07 768 7235 3201  8 5 6 6 2.61877291e-04 1.00925235e-03 outputs/V3.3e24_D3000_G14/solution/solution-00042 
100 7.727488819992e+09 9.289054457771e+07 768 7235 3201  8 5 6 6 2.52298770e-04 9.85805960e-04 outputs/V3.3e24_D3000_G14/solution/solution-00043 
