# 1: Time step number
# 2: Time (years)
# 3: Time step size (years)
# 4: Number of mesh cells
# 5: Number of Stokes degrees of freedom
# 6: Number of temperature degrees of freedom
# 7: Iterations for temperature solver
# 8: Iterations for Stokes solver
# 9: Velocity iterations in Stokes preconditioner
# 10: Schur complement iterations in Stokes preconditioner
# 11: RMS velocity (m/year)
# 12: Max. velocity (m/year)
# 13: Visualization file name
  0 0.000000000000e+00 0.000000000000e+00 768 7235 3201  0 8 9 9 7.95162697e-09 1.41467406e-08 outputs/V1e27_D10_G12/solution/solution-00000 
  1 1.392571516413e+09 1.392571516413e+09 768 7235 3201 32 8 9 9 7.52268182e-09 1.27170992e-08 outputs/V1e27_D10_G12/solution/solution-00001 
  2 2.785143032825e+09 1.392571516413e+09 768 7235 3201 25 8 9 9 7.12922482e-09 1.20329509e-08 outputs/V1e27_D10_G12/solution/solution-00002 
  3 4.177714549238e+09 1.392571516413e+09 768 7235 3201 24 8 9 9 6.76211564e-09 1.14182652e-08 outputs/V1e27_D10_G12/solution/solution-00003 
  4 5.570286065650e+09 1.392571516413e+09 768 7235 3201 23 8 9 9 6.41568947e-09 1.08378028e-08 outputs/V1e27_D10_G12/solution/solution-00004 
  5 6.962857582063e+09 1.392571516413e+09 768 7235 3201 23 8 9 9 6.08885838e-09 1.02896611e-08 outputs/V1e27_D10_G12/solution/solution-00005 
  6 8.355429098476e+09 1.392571516413e+09 768 7235 3201 22 8 9 9 5.78028008e-09 9.77161369e-09 outputs/V1e27_D10_G12/solution/solution-00006 
  7 9.748000614888e+09 1.392571516413e+09 768 7235 3201 21 8 9 9 5.48868437e-09 9.28154873e-09 outputs/V1e27_D10_G12/solution/solution-00007 
  8 1.114057213130e+10 1.392571516413e+09 768 7235 3201 21 8 9 9 5.21290637e-09 8.81756251e-09 outputs/V1e27_D10_G12/solution/solution-00008 
  9 1.253314364771e+10 1.392571516413e+09 768 7235 3201 21 8 9 9 4.95189022e-09 8.37795386e-09 outputs/V1e27_D10_G12/solution/solution-00009 
 10 1.392571516413e+10 1.392571516413e+09 768 7235 3201 20 8 9 9 4.70468102e-09 7.96119647e-09 outputs/V1e27_D10_G12/solution/solution-00010 
 11 1.531828668054e+10 1.392571516413e+09 768 7235 3201 20 8 9 9 4.47041305e-09 7.56591080e-09 outputs/V1e27_D10_G12/solution/solution-00011 
 12 1.671085819695e+10 1.392571516413e+09 768 7235 3201 20 8 9 9 4.24829823e-09 7.19084057e-09 outputs/V1e27_D10_G12/solution/solution-00012 
 13 1.810342971336e+10 1.392571516413e+09 768 7235 3201 20 8 9 9 4.03761592e-09 6.83483403e-09 outputs/V1e27_D10_G12/solution/solution-00013 
 14 1.949600122978e+10 1.392571516413e+09 768 7235 3201 20 8 9 9 3.83770424e-09 6.49682922e-09 outputs/V1e27_D10_G12/solution/solution-00014 
 15 2.088857274619e+10 1.392571516413e+09 768 7235 3201 20 8 9 9 3.64795278e-09 6.17584222e-09 outputs/V1e27_D10_G12/solution/solution-00015 
 16 2.228114426260e+10 1.392571516413e+09 768 7235 3201 19 8 9 9 3.46779650e-09 5.87095771e-09 outputs/V1e27_D10_G12/solution/solution-00016 
 17 2.367371577901e+10 1.392571516413e+09 768 7235 3201 19 8 9 9 3.29671062e-09 5.58132132e-09 outputs/V1e27_D10_G12/solution/solution-00017 
 18 2.506628729543e+10 1.392571516413e+09 768 7235 3201 19 8 9 9 3.13420624e-09 5.30613326e-09 outputs/V1e27_D10_G12/solution/solution-00018 
 19 2.645885881184e+10 1.392571516413e+09 768 7235 3201 19 8 9 9 2.97982671e-09 5.04464303e-09 outputs/V1e27_D10_G12/solution/solution-00019 
 20 2.785143032825e+10 1.392571516413e+09 768 7235 3201 19 8 9 9 2.83314448e-09 4.79614496e-09 outputs/V1e27_D10_G12/solution/solution-00020 
 21 2.924400184466e+10 1.392571516413e+09 768 7235 3201 19 8 9 9 2.69375843e-09 4.55997441e-09 outputs/V1e27_D10_G12/solution/solution-00021 
 22 3.063657336108e+10 1.392571516413e+09 768 7235 3201 19 8 9 9 2.56129150e-09 4.33550445e-09 outputs/V1e27_D10_G12/solution/solution-00022 
 23 3.202914487749e+10 1.392571516413e+09 768 7235 3201 19 8 9 9 2.43538876e-09 4.12214298e-09 outputs/V1e27_D10_G12/solution/solution-00023 
 24 3.342171639390e+10 1.392571516413e+09 768 7235 3201 19 8 9 9 2.31571558e-09 3.91933027e-09 outputs/V1e27_D10_G12/solution/solution-00024 
 25 3.481428791032e+10 1.392571516413e+09 768 7235 3201 19 8 9 9 2.20195614e-09 3.72653668e-09 outputs/V1e27_D10_G12/solution/solution-00025 
 26 3.620685942673e+10 1.392571516413e+09 768 7235 3201 18 8 9 9 2.09381203e-09 3.54326070e-09 outputs/V1e27_D10_G12/solution/solution-00026 
 27 3.759943094314e+10 1.392571516413e+09 768 7235 3201 18 8 9 9 1.99100104e-09 3.36902711e-09 outputs/V1e27_D10_G12/solution/solution-00027 
 28 3.899200245955e+10 1.392571516413e+09 768 7235 3201 18 8 9 9 1.89325609e-09 3.20338544e-09 outputs/V1e27_D10_G12/solution/solution-00028 
 29 4.038457397597e+10 1.392571516413e+09 768 7235 3201 18 8 9 9 1.80032421e-09 3.04590841e-09 outputs/V1e27_D10_G12/solution/solution-00029 
 30 4.177714549238e+10 1.392571516413e+09 768 7235 3201 18 8 9 9 1.71196570e-09 2.89619066e-09 outputs/V1e27_D10_G12/solution/solution-00030 
 31 4.316971700879e+10 1.392571516413e+09 768 7235 3201 18 8 9 9 1.62795330e-09 2.75384744e-09 outputs/V1e27_D10_G12/solution/solution-00031 
 32 4.456228852520e+10 1.392571516413e+09 768 7235 3201 18 8 9 9 1.54807146e-09 2.61851349e-09 outputs/V1e27_D10_G12/solution/solution-00032 
 33 4.595486004162e+10 1.392571516413e+09 768 7235 3201 18 8 9 9 1.47211563e-09 2.48984199e-09 outputs/V1e27_D10_G12/solution/solution-00033 
 34 4.734743155803e+10 1.392571516413e+09 768 7235 3201 18 8 9 9 1.39989168e-09 2.36750353e-09 outputs/V1e27_D10_G12/solution/solution-00034 
 35 4.874000307444e+10 1.392571516413e+09 768 7235 3201 18 8 9 9 1.33121530e-09 2.25118522e-09 outputs/V1e27_D10_G12/solution/solution-00035 
 36 5.013257459085e+10 1.392571516413e+09 768 7235 3201 18 8 9 9 1.26591145e-09 2.14058981e-09 outputs/V1e27_D10_G12/solution/solution-00036 
 37 5.152514610727e+10 1.392571516413e+09 768 7235 3201 18 8 9 9 1.20381388e-09 2.03543486e-09 outputs/V1e27_D10_G12/solution/solution-00037 
 38 5.291771762368e+10 1.392571516413e+09 768 7235 3201 18 8 9 9 1.14476465e-09 1.93545201e-09 outputs/V1e27_D10_G12/solution/solution-00038 
 39 5.431028914009e+10 1.392571516413e+09 768 7235 3201 18 8 9 9 1.08861371e-09 1.84038620e-09 outputs/V1e27_D10_G12/solution/solution-00039 
 40 5.570286065650e+10 1.392571516413e+09 768 7235 3201 18 8 9 9 1.03521845e-09 1.74999507e-09 outputs/V1e27_D10_G12/solution/solution-00040 
 41 5.709543217292e+10 1.392571516413e+09 768 7235 3201 18 8 9 9 9.84443372e-10 1.66404825e-09 outputs/V1e27_D10_G12/solution/solution-00041 
 42 5.848800368933e+10 1.392571516413e+09 768 7235 3201 18 8 9 9 9.36159664e-10 1.58232679e-09 outputs/V1e27_D10_G12/solution/solution-00042 
 43 5.988057520574e+10 1.392571516413e+09 768 7235 3201 18 8 9 9 8.90244904e-10 1.50462257e-09 outputs/V1e27_D10_G12/solution/solution-00043 
 44 6.127314672215e+10 1.392571516413e+09 768 7235 3201 18 8 9 9 8.46582716e-10 1.43073778e-09 outputs/V1e27_D10_G12/solution/solution-00044 
 45 6.266571823857e+10 1.392571516413e+09 768 7235 3201 18 8 9 9 8.05062467e-10 1.36048436e-09 outputs/V1e27_D10_G12/solution/solution-00045 
 46 6.405828975498e+10 1.392571516413e+09 768 7235 3201 17 8 9 9 7.65578987e-10 1.29368356e-09 outputs/V1e27_D10_G12/solution/solution-00046 
 47 6.545086127139e+10 1.392571516413e+09 768 7235 3201 17 8 9 9 7.28032279e-10 1.23016545e-09 outputs/V1e27_D10_G12/solution/solution-00047 
 48 6.684343278781e+10 1.392571516413e+09 768 7235 3201 17 8 9 9 6.92327278e-10 1.16976849e-09 outputs/V1e27_D10_G12/solution/solution-00048 
 49 6.823600430422e+10 1.392571516413e+09 768 7235 3201 17 8 9 9 6.58373591e-10 1.11233909e-09 outputs/V1e27_D10_G12/solution/solution-00049 
 50 6.962857582063e+10 1.392571516413e+09 768 7235 3201 17 8 9 9 6.26085277e-10 1.05773126e-09 outputs/V1e27_D10_G12/solution/solution-00050 
 51 7.102114733704e+10 1.392571516413e+09 768 7235 3201 17 8 9 9 5.95380616e-10 1.00580621e-09 outputs/V1e27_D10_G12/solution/solution-00051 
 52 7.241371885346e+10 1.392571516413e+09 768 7235 3201 17 8 9 9 5.66181907e-10 9.56431968e-10 outputs/V1e27_D10_G12/solution/solution-00052 
 53 7.380629036987e+10 1.392571516413e+09 768 7235 3201 17 8 9 9 5.38415266e-10 9.09483091e-10 outputs/V1e27_D10_G12/solution/solution-00053 
 54 7.519886188628e+10 1.392571516413e+09 768 7235 3201 17 8 9 9 5.12010438e-10 8.64840306e-10 outputs/V1e27_D10_G12/solution/solution-00054 
 55 7.659143340269e+10 1.392571516413e+09 768 7235 3201 17 8 9 9 4.86900618e-10 8.22390220e-10 outputs/V1e27_D10_G12/solution/solution-00055 
 56 7.798400491911e+10 1.392571516413e+09 768 7235 3201 17 8 9 9 4.63022282e-10 7.82025022e-10 outputs/V1e27_D10_G12/solution/solution-00056 
 57 7.937657643552e+10 1.392571516413e+09 768 7235 3201 17 8 9 9 4.40315023e-10 7.43642214e-10 outputs/V1e27_D10_G12/solution/solution-00057 
 58 8.076914795193e+10 1.392571516413e+09 768 7235 3201 17 8 9 9 4.18721399e-10 7.07144344e-10 outputs/V1e27_D10_G12/solution/solution-00058 
 59 8.216171946834e+10 1.392571516413e+09 768 7235 3201 17 8 9 9 3.98186788e-10 6.72438758e-10 outputs/V1e27_D10_G12/solution/solution-00059 
 60 8.355429098476e+10 1.392571516413e+09 768 7235 3201 17 8 9 9 3.78659247e-10 6.39437364e-10 outputs/V1e27_D10_G12/solution/solution-00060 
 61 8.494686250117e+10 1.392571516413e+09 768 7235 3201 17 8 9 9 3.60089383e-10 6.08056407e-10 outputs/V1e27_D10_G12/solution/solution-00061 
 62 8.633943401758e+10 1.392571516413e+09 768 7235 3201 17 8 9 9 3.42430225e-10 5.78216252e-10 outputs/V1e27_D10_G12/solution/solution-00062 
 63 8.773200553399e+10 1.392571516413e+09 768 7235 3201 17 8 9 9 3.25637109e-10 5.49841184e-10 outputs/V1e27_D10_G12/solution/solution-00063 
 64 8.912457705041e+10 1.392571516413e+09 768 7235 3201 17 8 9 9 3.09667559e-10 5.22859215e-10 outputs/V1e27_D10_G12/solution/solution-00064 
 65 9.051714856682e+10 1.392571516413e+09 768 7235 3201 17 8 9 9 2.94481184e-10 4.97201896e-10 outputs/V1e27_D10_G12/solution/solution-00065 
 66 9.190972008323e+10 1.392571516413e+09 768 7235 3201 17 8 9 9 2.80039574e-10 4.72804147e-10 outputs/V1e27_D10_G12/solution/solution-00066 
 67 9.330229159964e+10 1.392571516413e+09 768 7235 3201 17 8 9 9 2.66306204e-10 4.49604090e-10 outputs/V1e27_D10_G12/solution/solution-00067 
 68 9.469486311606e+10 1.392571516413e+09 768 7235 3201 17 8 9 9 2.53246339e-10 4.27542888e-10 outputs/V1e27_D10_G12/solution/solution-00068 
 69 9.608743463247e+10 1.392571516413e+09 768 7235 3201 17 8 9 9 2.40826949e-10 4.06564601e-10 outputs/V1e27_D10_G12/solution/solution-00069 
 70 9.748000614888e+10 1.392571516413e+09 768 7235 3201 17 8 9 9 2.29016623e-10 3.86616037e-10 outputs/V1e27_D10_G12/solution/solution-00070 
 71 9.887257766530e+10 1.392571516413e+09 768 7235 3201 17 8 9 9 2.17785491e-10 3.67646620e-10 outputs/V1e27_D10_G12/solution/solution-00071 
 72 1.002651491817e+11 1.392571516413e+09 768 7235 3201 16 8 9 9 2.07105150e-10 3.49608265e-10 outputs/V1e27_D10_G12/solution/solution-00072 
 73 1.016577206981e+11 1.392571516413e+09 768 7235 3201 16 8 9 9 1.96948587e-10 3.32455245e-10 outputs/V1e27_D10_G12/solution/solution-00073 
 74 1.030502922145e+11 1.392571516413e+09 768 7235 3201 16 8 9 9 1.87290115e-10 3.16144081e-10 outputs/V1e27_D10_G12/solution/solution-00074 
 75 1.044428637309e+11 1.392571516413e+09 768 7235 3201 16 8 9 9 1.78105306e-10 3.00633434e-10 outputs/V1e27_D10_G12/solution/solution-00075 
 76 1.058354352474e+11 1.392571516413e+09 768 7235 3201 16 8 9 9 1.69370930e-10 2.85883994e-10 outputs/V1e27_D10_G12/solution/solution-00076 
 77 1.072280067638e+11 1.392571516413e+09 768 7235 3201 16 8 9 9 1.61064898e-10 2.71858387e-10 outputs/V1e27_D10_G12/solution/solution-00077 
 78 1.086205782802e+11 1.392571516413e+09 768 7235 3201 16 8 9 9 1.53166203e-10 2.58521071e-10 outputs/V1e27_D10_G12/solution/solution-00078 
 79 1.100131497966e+11 1.392571516413e+09 768 7235 3201 16 8 9 9 1.45654869e-10 2.45838256e-10 outputs/V1e27_D10_G12/solution/solution-00079 
 80 1.114057213130e+11 1.392571516413e+09 768 7235 3201 16 8 9 9 1.38511898e-10 2.33777806e-10 outputs/V1e27_D10_G12/solution/solution-00080 
 81 1.127982928294e+11 1.392571516413e+09 768 7235 3201 16 8 9 9 1.31719226e-10 2.22309170e-10 outputs/V1e27_D10_G12/solution/solution-00081 
 82 1.141908643458e+11 1.392571516413e+09 768 7235 3201 16 8 9 9 1.25259674e-10 2.11403293e-10 outputs/V1e27_D10_G12/solution/solution-00082 
 83 1.155834358622e+11 1.392571516413e+09 768 7235 3201 16 8 9 9 1.19116904e-10 2.01032551e-10 outputs/V1e27_D10_G12/solution/solution-00083 
 84 1.169760073787e+11 1.392571516413e+09 768 7235 3201 16 8 9 9 1.13275382e-10 1.91170676e-10 outputs/V1e27_D10_G12/solution/solution-00084 
 85 1.183685788951e+11 1.392571516413e+09 768 7235 3201 16 8 9 9 1.07720334e-10 1.81792687e-10 outputs/V1e27_D10_G12/solution/solution-00085 
 86 1.197611504115e+11 1.392571516413e+09 768 7235 3201 16 8 9 9 1.02437710e-10 1.72874836e-10 outputs/V1e27_D10_G12/solution/solution-00086 
 87 1.211537219279e+11 1.392571516413e+09 768 7235 3201 16 8 9 9 9.74141510e-11 1.64394536e-10 outputs/V1e27_D10_G12/solution/solution-00087 
 88 1.225462934443e+11 1.392571516413e+09 768 7235 3201 16 8 9 9 9.26369519e-11 1.56330312e-10 outputs/V1e27_D10_G12/solution/solution-00088 
 89 1.239388649607e+11 1.392571516413e+09 768 7235 3201 16 8 9 9 8.80940308e-11 1.48661744e-10 outputs/V1e27_D10_G12/solution/solution-00089 
 90 1.253314364771e+11 1.392571516413e+09 768 7235 3201 16 8 9 9 8.37738985e-11 1.41369413e-10 outputs/V1e27_D10_G12/solution/solution-00090 
 91 1.267240079935e+11 1.392571516413e+09 768 7235 3201 16 8 9 9 7.96656290e-11 1.34434854e-10 outputs/V1e27_D10_G12/solution/solution-00091 
 92 1.281165795100e+11 1.392571516413e+09 768 7235 3201 16 8 9 9 7.57588322e-11 1.27840510e-10 outputs/V1e27_D10_G12/solution/solution-00092 
 93 1.295091510264e+11 1.392571516413e+09 768 7235 3201 16 8 9 9 7.20436279e-11 1.21569684e-10 outputs/V1e27_D10_G12/solution/solution-00093 
 94 1.309017225428e+11 1.392571516413e+09 768 7235 3201 16 8 9 9 6.85106200e-11 1.15606501e-10 outputs/V1e27_D10_G12/solution/solution-00094 
 95 1.322942940592e+11 1.392571516413e+09 768 7235 3201 16 8 9 9 6.51508734e-11 1.09935864e-10 outputs/V1e27_D10_G12/solution/solution-00095 
 96 1.336868655756e+11 1.392571516413e+09 768 7235 3201 16 8 9 9 6.19558913e-11 1.04543417e-10 outputs/V1e27_D10_G12/solution/solution-00096 
 97 1.350794370920e+11 1.392571516413e+09 768 7235 3201 15 8 9 9 5.89175949e-11 9.94155147e-11 outputs/V1e27_D10_G12/solution/solution-00097 
 98 1.364720086084e+11 1.392571516413e+09 768 7235 3201 15 8 9 9 5.60282992e-11 9.45391715e-11 outputs/V1e27_D10_G12/solution/solution-00098 
 99 1.378645801248e+11 1.392571516413e+09 768 7235 3201 15 8 9 9 5.32806965e-11 8.99020437e-11 outputs/V1e27_D10_G12/solution/solution-00099 
100 1.392571516413e+11 1.392571516413e+09 768 7235 3201 15 8 9 9 5.06678378e-11 8.54923937e-11 outputs/V1e27_D10_G12/solution/solution-00100 
