# 1: Time step number
# 2: Time (years)
# 3: Time step size (years)
# 4: Number of mesh cells
# 5: Number of Stokes degrees of freedom
# 6: Number of temperature degrees of freedom
# 7: Iterations for temperature solver
# 8: Iterations for Stokes solver
# 9: Velocity iterations in Stokes preconditioner
# 10: Schur complement iterations in Stokes preconditioner
# 11: RMS velocity (m/year)
# 12: Max. velocity (m/year)
# 13: Visualization file name
  0 0.000000000000e+00 0.000000000000e+00 768 7235 3201  0 8 9 9 9.39763677e-06 1.97999358e-05 outputs/V1e24_D3000_G14/solution/solution-00000 
  1 1.392571516413e+09 1.392571516413e+09 768 7235 3201 31 8 9 9 1.19054879e-04 2.05001261e-04 outputs/V1e24_D3000_G14/solution/solution-00001 
  2 1.849885775693e+09 4.573142592802e+08 768 7235 3201 17 8 9 9 6.16159901e-04 1.07135696e-03 outputs/V1e24_D3000_G14/solution/solution-00002 
  3 1.937391624350e+09 8.750584865721e+07 768 7235 3201 12 8 9 9 1.09218985e-03 1.90332805e-03 outputs/V1e24_D3000_G14/solution/solution-00003 
  4 1.986647452761e+09 4.925582841117e+07 768 7235 3201 12 7 8 8 1.58479198e-03 2.76549025e-03                                              "" 
  5 2.020552955122e+09 3.390550236064e+07 768 7235 3201 12 7 8 8 2.07538359e-03 3.62527169e-03 outputs/V1e24_D3000_G14/solution/solution-00004 
  6 2.046425528768e+09 2.587257364641e+07 768 7235 3201 13 7 8 8 2.55827856e-03 4.47209670e-03                                              "" 
  7 2.067395510616e+09 2.096998184743e+07 768 7235 3201 13 6 7 7 3.03126631e-03 5.30177372e-03                                              "" 
  8 2.085079189369e+09 1.768367875373e+07 768 7235 3201 13 6 7 7 3.49355982e-03 6.11263547e-03                                              "" 
  9 2.100412949698e+09 1.533376032855e+07 768 7235 3201 13 6 7 7 3.94477446e-03 6.90441380e-03 outputs/V1e24_D3000_G14/solution/solution-00005 
 10 2.113985925703e+09 1.357297600480e+07 768 7235 3201 13 6 7 7 4.38458970e-03 7.67918447e-03                                              "" 
 11 2.126192771383e+09 1.220684568058e+07 768 7235 3201 13 6 7 7 4.81266249e-03 8.43338742e-03                                              "" 
 12 2.137310942528e+09 1.111817114483e+07 768 7235 3201 13 6 7 7 5.22861003e-03 9.16610063e-03                                              "" 
 13 2.147543110392e+09 1.023216786397e+07 768 7235 3201 13 6 7 7 5.63201512e-03 9.87635326e-03                                              "" 
 14 2.157039061024e+09 9.495950631600e+06 768 7235 3201 13 6 7 7 6.02231542e-03 1.05629302e-02 outputs/V1e24_D3000_G14/solution/solution-00006 
 15 2.165914867634e+09 8.875806609804e+06 768 7235 3201 13 6 7 7 6.39896307e-03 1.12277904e-02                                              "" 
 16 2.174264685032e+09 8.349817398735e+06 768 7235 3201 13 6 7 7 6.76153235e-03 1.18677567e-02                                              "" 
 17 2.182164240288e+09 7.899555255867e+06 768 7235 3201 13 6 7 7 7.10960462e-03 1.24813573e-02                                              "" 
 18 2.189675442594e+09 7.511202306023e+06 768 7235 3201 14 6 7 7 7.44277518e-03 1.30676637e-02                                              "" 
 19 2.196849640072e+09 7.174197478008e+06 768 7235 3201 14 6 7 7 7.76065866e-03 1.36282038e-02 outputs/V1e24_D3000_G14/solution/solution-00007 
 20 2.203729975000e+09 6.880334927774e+06 768 7235 3201 14 6 7 7 8.06289331e-03 1.41618737e-02 outputs/V1e24_D3000_G14/solution/solution-00008 
 21 2.210353122277e+09 6.623147276715e+06 768 7235 3201 14 6 7 7 8.34914431e-03 1.46660241e-02                                              "" 
 22 2.216748021759e+09 6.394899482601e+06 768 7235 3201 14 6 7 7 8.61899971e-03 1.51397149e-02                                              "" 
 23 2.222941290922e+09 6.193269162365e+06 768 7235 3201 14 6 7 7 8.87216813e-03 1.55822310e-02                                              "" 
 24 2.228957189261e+09 6.015898339435e+06 768 7235 3201 14 6 7 7 9.10844017e-03 1.59930144e-02                                              "" 
 25 2.234817131713e+09 5.859942451931e+06 768 7235 3201 14 6 7 7 9.32764093e-03 1.63752795e-02 outputs/V1e24_D3000_G14/solution/solution-00009 
 26 2.240540185232e+09 5.723053519264e+06 768 7235 3201 14 6 7 7 9.52963051e-03 1.67293580e-02                                              "" 
 27 2.246143467976e+09 5.603282743288e+06 768 7235 3201 14 6 7 7 9.71430413e-03 1.70506817e-02                                              "" 
 28 2.251642473821e+09 5.499005845206e+06 768 7235 3201 14 6 7 7 9.88159190e-03 1.73389401e-02                                              "" 
 29 2.257051339060e+09 5.408865239742e+06 768 7235 3201 14 6 7 7 1.00314584e-02 1.75939052e-02                                              "" 
 30 2.262382724926e+09 5.331385865782e+06 768 7235 3201 14 6 7 7 1.01638938e-02 1.78154191e-02 outputs/V1e24_D3000_G14/solution/solution-00010 
 31 2.267646272220e+09 5.263547293794e+06 768 7235 3201 14 6 7 7 1.02788833e-02 1.80042898e-02                                              "" 
 32 2.272853364577e+09 5.207092357223e+06 768 7235 3201 14 6 7 7 1.03765177e-02 1.81639059e-02                                              "" 
 33 2.278014699404e+09 5.161334826804e+06 768 7235 3201 14 5 6 6 1.04569170e-02 1.82901503e-02                                              "" 
 34 2.283140409059e+09 5.125709654821e+06 768 7235 3201 14 5 6 6 1.05202289e-02 1.83832248e-02                                              "" 
 35 2.288240167188e+09 5.099758129553e+06 768 7235 3201 14 5 6 6 1.05666274e-02 1.84434116e-02 outputs/V1e24_D3000_G14/solution/solution-00011 
 36 2.293323283162e+09 5.083115973059e+06 768 7235 3201 14 5 6 6 1.05963101e-02 1.84726869e-02                                              "" 
 37 2.298398787673e+09 5.075504511743e+06 768 7235 3201 14 5 6 6 1.06094925e-02 1.84733705e-02                                              "" 
 38 2.303475512592e+09 5.076724918317e+06 768 7235 3201 14 5 6 6 1.06064087e-02 1.84423221e-02 outputs/V1e24_D3000_G14/solution/solution-00012 
 39 2.308561379262e+09 5.085866670135e+06 768 7235 3201 14 5 6 6 1.05873129e-02 1.83800864e-02                                              "" 
 40 2.313663276855e+09 5.101897593650e+06 768 7235 3201 14 5 6 6 1.05525029e-02 1.82873264e-02                                              "" 
 41 2.318789879818e+09 5.126602962592e+06 768 7235 3201 14 5 6 6 1.05023001e-02 1.81647700e-02                                              "" 
 42 2.323949914612e+09 5.160034794316e+06 768 7235 3201 14 6 7 7 1.04370429e-02 1.80271394e-02                                              "" 
 43 2.329150406924e+09 5.200492311263e+06 768 7235 3201 14 6 7 7 1.03571113e-02 1.78650974e-02 outputs/V1e24_D3000_G14/solution/solution-00013 
 44 2.334398069320e+09 5.247662396279e+06 768 7235 3201 14 6 7 7 1.02629215e-02 1.76743943e-02                                              "" 
 45 2.339702950212e+09 5.304880892021e+06 768 7235 3201 14 6 7 7 1.01548500e-02 1.74579311e-02                                              "" 
 46 2.345075407904e+09 5.372457692071e+06 768 7235 3201 14 6 7 7 1.00332682e-02 1.72126141e-02                                              "" 
 47 2.350523625020e+09 5.448217115643e+06 768 7235 3201 14 6 7 7 9.89860790e-03 1.69396920e-02                                              "" 
 48 2.356058008507e+09 5.534383487916e+06 768 7235 3201 14 6 7 7 9.75126749e-03 1.66404037e-02 outputs/V1e24_D3000_G14/solution/solution-00014 
 49 2.361690349801e+09 5.632341293182e+06 768 7235 3201 14 6 7 7 9.59162168e-03 1.63220155e-02                                              "" 
 50 2.367433134501e+09 5.742784700295e+06 768 7235 3201 14 6 7 7 9.42003979e-03 1.59824370e-02                                              "" 
 51 2.373299672879e+09 5.866538377682e+06 768 7235 3201 14 6 7 7 9.23688729e-03 1.56194609e-02                                              "" 
 52 2.379304058491e+09 6.004385611985e+06 768 7235 3201 14 6 7 7 9.04253401e-03 1.52345899e-02                                              "" 
 53 2.385457817850e+09 6.153759359210e+06 768 7235 3201 14 6 7 7 8.83747262e-03 1.48344758e-02 outputs/V1e24_D3000_G14/solution/solution-00015 
 54 2.391777555818e+09 6.319737967768e+06 768 7235 3201 14 6 7 7 8.62207655e-03 1.44145494e-02                                              "" 
 55 2.398281401160e+09 6.503845342207e+06 768 7235 3201 14 6 7 7 8.39671789e-03 1.41264006e-02                                              "" 
 56 2.404917911242e+09 6.636510082376e+06 768 7235 3201 14 6 7 7 8.16427280e-03 1.39329244e-02 outputs/V1e24_D3000_G14/solution/solution-00016 
 57 2.411646577642e+09 6.728666399792e+06 768 7235 3201 14 6 7 7 7.92733344e-03 1.37255152e-02                                              "" 
 58 2.418476922326e+09 6.830344683572e+06 768 7235 3201 14 6 7 7 7.68673137e-03 1.35049813e-02                                              "" 
 59 2.425418805313e+09 6.941882987090e+06 768 7235 3201 14 6 7 7 7.44325153e-03 1.32721315e-02                                              "" 
 60 2.432482478558e+09 7.063673245712e+06 768 7235 3201 13 6 7 7 7.19763372e-03 1.30277748e-02                                              "" 
 61 2.439678642246e+09 7.196163687552e+06 768 7235 3201 13 6 7 7 6.95057411e-03 1.27727192e-02 outputs/V1e24_D3000_G14/solution/solution-00017 
 62 2.447018504534e+09 7.339862287680e+06 768 7235 3201 13 6 7 7 6.70272890e-03 1.25093127e-02                                              "" 
 63 2.454513843820e+09 7.495339286858e+06 768 7235 3201 13 6 7 7 6.45471638e-03 1.22379799e-02                                              "" 
 64 2.462177076077e+09 7.663232256924e+06 768 7235 3201 13 6 7 7 6.20712047e-03 1.19581569e-02                                              "" 
 65 2.470021325970e+09 7.844249892259e+06 768 7235 3201 13 6 7 7 5.96049480e-03 1.16706638e-02                                              "" 
 66 2.478060500924e+09 8.039174953962e+06 768 7235 3201 13 6 7 7 5.71536438e-03 1.13763213e-02 outputs/V1e24_D3000_G14/solution/solution-00018 
 67 2.486309371955e+09 8.248871031401e+06 768 7235 3201 13 6 7 7 5.47222768e-03 1.10759508e-02                                              "" 
 68 2.494783660692e+09 8.474288736885e+06 768 7235 3201 12 6 7 7 5.23155870e-03 1.07703741e-02                                              "" 
 69 2.503497420303e+09 8.713759610953e+06 768 7235 3201 12 6 7 7 4.99388118e-03 1.04605098e-02 outputs/V1e24_D3000_G14/solution/solution-00019 
 70 2.512467699132e+09 8.970278828931e+06 768 7235 3201 12 6 7 7 4.75963806e-03 1.01472054e-02                                              "" 
 71 2.521713261825e+09 9.245562692989e+06 768 7235 3201 12 6 7 7 4.52923731e-03 9.83128779e-03                                              "" 
 72 2.531254135514e+09 9.540873688800e+06 768 7235 3201 12 6 7 7 4.30306929e-03 9.51358127e-03                                              "" 
 73 2.541111712472e+09 9.857576958714e+06 768 7235 3201 12 6 7 7 4.08150783e-03 9.19490482e-03                                              "" 
 74 2.551308858727e+09 1.019714625516e+07 768 7235 3201 12 6 7 7 3.86491103e-03 8.87606910e-03 outputs/V1e24_D3000_G14/solution/solution-00020 
 75 2.561870028619e+09 1.056116989139e+07 768 7235 3201 12 6 7 7 3.65362183e-03 8.55787340e-03                                              "" 
 76 2.572821384892e+09 1.095135627273e+07 768 7235 3201 12 6 7 7 3.44796816e-03 8.24110271e-03                                              "" 
 77 2.584190923439e+09 1.136953854775e+07 768 7235 3201 11 6 7 7 3.24826280e-03 7.92652508e-03                                              "" 
 78 2.596008601350e+09 1.181767791022e+07 768 7235 3201 11 6 7 7 3.05480283e-03 7.61821579e-03                                              "" 
 79 2.608306466429e+09 1.229786507958e+07 768 7235 3201 11 6 7 7 2.86786883e-03 7.31470684e-03 outputs/V1e24_D3000_G14/solution/solution-00021 
 80 2.621118785895e+09 1.281231946555e+07 768 7235 3201 11 6 7 7 2.68772357e-03 7.01552822e-03                                              "" 
 81 2.634482171372e+09 1.336338547717e+07 768 7235 3201 11 6 7 7 2.51461031e-03 6.72134895e-03                                              "" 
 82 2.648435696747e+09 1.395352537501e+07 768 7235 3201 11 6 7 7 2.34875073e-03 6.43280555e-03                                              "" 
 83 2.663021004760e+09 1.458530801273e+07 768 7235 3201 11 6 7 7 2.19034227e-03 6.15049922e-03                                              "" 
 84 2.678274991214e+09 1.525398645454e+07 768 7235 3201 11 6 7 7 2.03962427e-03 5.87512087e-03 outputs/V1e24_D3000_G14/solution/solution-00022 
 85 2.694234210172e+09 1.595921895815e+07 768 7235 3201 11 6 7 7 1.89680400e-03 5.61023471e-03                                              "" 
 86 2.710944740975e+09 1.671053080296e+07 768 7235 3201 10 6 7 7 1.76196908e-03 5.35405065e-03 outputs/V1e24_D3000_G14/solution/solution-00023 
 87 2.728454848004e+09 1.751010702913e+07 768 7235 3201 10 6 7 7 1.63516608e-03 5.10619792e-03                                              "" 
 88 2.746814888392e+09 1.836004038747e+07 768 7235 3201 10 6 7 7 1.51639602e-03 4.86865332e-03                                              "" 
 89 2.766077177738e+09 1.926228934621e+07 768 7235 3201 10 6 7 7 1.40561017e-03 4.64226550e-03                                              "" 
 90 2.786295153576e+09 2.021797583828e+07 768 7235 3201 10 6 7 7 1.30270953e-03 4.42486504e-03                                              "" 
 91 2.807491094501e+09 2.119594092461e+07 768 7235 3201 10 6 7 7 1.20767321e-03 4.21691412e-03 outputs/V1e24_D3000_G14/solution/solution-00024 
 92 2.829715625571e+09 2.222453107059e+07 768 7235 3201 10 6 7 7 1.12025454e-03 4.01997773e-03                                              "" 
 93 2.853019695897e+09 2.330407032529e+07 768 7235 3201  9 6 7 7 1.04015182e-03 3.83706933e-03                                              "" 
 94 2.877454252781e+09 2.443455688427e+07 768 7235 3201  9 6 7 7 9.67011620e-04 3.66314409e-03                                              "" 
 95 2.903069916739e+09 2.561566395825e+07 768 7235 3201  9 6 7 7 9.00435014e-04 3.49807813e-03 outputs/V1e24_D3000_G14/solution/solution-00025 
 96 2.929879816505e+09 2.680989976553e+07 768 7235 3201  9 6 7 7 8.40062468e-04 3.34422297e-03                                              "" 
 97 2.957913234381e+09 2.803341787594e+07 768 7235 3201  9 6 7 7 7.85436744e-04 3.20001717e-03                                              "" 
 98 2.987209952178e+09 2.929671779712e+07 768 7235 3201  9 6 7 7 7.36059499e-04 3.06394624e-03                                              "" 
 99 3.017807747519e+09 3.059779534083e+07 768 7235 3201  9 6 7 7 6.91438115e-04 2.93843672e-03 outputs/V1e24_D3000_G14/solution/solution-00026 
100 3.049742118095e+09 3.193437057640e+07 768 7235 3201  8 6 7 7 6.51097899e-04 2.82061322e-03                                              "" 
