# 1: Time step number
# 2: Time (years)
# 3: Time step size (years)
# 4: Number of mesh cells
# 5: Number of Stokes degrees of freedom
# 6: Number of temperature degrees of freedom
# 7: Iterations for temperature solver
# 8: Iterations for Stokes solver
# 9: Velocity iterations in Stokes preconditioner
# 10: Schur complement iterations in Stokes preconditioner
# 11: RMS velocity (m/year)
# 12: Max. velocity (m/year)
# 13: Visualization file name
  0 0.000000000000e+00 0.000000000000e+00 768 7235 3201  0 8 9 9 4.00742637e-08 6.88633344e-08 outputs/V3.3e25_D300_G2/solution/solution-00000 
  1 1.392571516413e+09 1.392571516413e+09 768 7235 3201 31 8 9 9 3.82502636e-08 6.45551511e-08 outputs/V3.3e25_D300_G2/solution/solution-00001 
  2 2.785143032825e+09 1.392571516413e+09 768 7235 3201 25 8 9 9 3.65593196e-08 6.17968322e-08 outputs/V3.3e25_D300_G2/solution/solution-00002 
  3 4.177714549238e+09 1.392571516413e+09 768 7235 3201 24 8 9 9 3.49926994e-08 5.92274543e-08 outputs/V3.3e25_D300_G2/solution/solution-00003 
  4 5.570286065650e+09 1.392571516413e+09 768 7235 3201 23 8 9 9 3.35336633e-08 5.68352768e-08 outputs/V3.3e25_D300_G2/solution/solution-00004 
  5 6.962857582063e+09 1.392571516413e+09 768 7235 3201 22 8 9 9 3.21723340e-08 5.45988132e-08 outputs/V3.3e25_D300_G2/solution/solution-00005 
  6 8.355429098476e+09 1.392571516413e+09 768 7235 3201 22 8 9 9 3.08977796e-08 5.24976735e-08 outputs/V3.3e25_D300_G2/solution/solution-00006 
  7 9.748000614888e+09 1.392571516413e+09 768 7235 3201 21 8 9 9 2.97000753e-08 5.05148470e-08 outputs/V3.3e25_D300_G2/solution/solution-00007 
  8 1.114057213130e+10 1.392571516413e+09 768 7235 3201 21 8 9 9 2.85706405e-08 4.86365889e-08 outputs/V3.3e25_D300_G2/solution/solution-00008 
  9 1.253314364771e+10 1.392571516413e+09 768 7235 3201 20 8 9 9 2.75021859e-08 4.68518058e-08 outputs/V3.3e25_D300_G2/solution/solution-00009 
 10 1.392571516413e+10 1.392571516413e+09 768 7235 3201 20 8 9 9 2.64885482e-08 4.51514571e-08 outputs/V3.3e25_D300_G2/solution/solution-00010 
 11 1.531828668054e+10 1.392571516413e+09 768 7235 3201 20 8 9 9 2.55245105e-08 4.35280801e-08 outputs/V3.3e25_D300_G2/solution/solution-00011 
 12 1.671085819695e+10 1.392571516413e+09 768 7235 3201 20 8 9 9 2.46056411e-08 4.19754332e-08 outputs/V3.3e25_D300_G2/solution/solution-00012 
 13 1.810342971336e+10 1.392571516413e+09 768 7235 3201 20 8 9 9 2.37281562e-08 4.04882298e-08 outputs/V3.3e25_D300_G2/solution/solution-00013 
 14 1.949600122978e+10 1.392571516413e+09 768 7235 3201 19 8 9 9 2.28888069e-08 3.90619389e-08 outputs/V3.3e25_D300_G2/solution/solution-00014 
 15 2.088857274619e+10 1.392571516413e+09 768 7235 3201 19 8 9 9 2.20847870e-08 3.76926345e-08 outputs/V3.3e25_D300_G2/solution/solution-00015 
 16 2.228114426260e+10 1.392571516413e+09 768 7235 3201 19 8 9 9 2.13136570e-08 3.63768798e-08 outputs/V3.3e25_D300_G2/solution/solution-00016 
 17 2.367371577901e+10 1.392571516413e+09 768 7235 3201 19 8 9 9 2.05732822e-08 3.51116374e-08 outputs/V3.3e25_D300_G2/solution/solution-00017 
 18 2.506628729543e+10 1.392571516413e+09 768 7235 3201 19 8 9 9 1.98617828e-08 3.38941991e-08 outputs/V3.3e25_D300_G2/solution/solution-00018 
 19 2.645885881184e+10 1.392571516413e+09 768 7235 3201 19 8 9 9 1.91774919e-08 3.27221299e-08 outputs/V3.3e25_D300_G2/solution/solution-00019 
 20 2.785143032825e+10 1.392571516413e+09 768 7235 3201 19 8 9 9 1.85189216e-08 3.15932240e-08 outputs/V3.3e25_D300_G2/solution/solution-00020 
 21 2.924400184466e+10 1.392571516413e+09 768 7235 3201 19 8 9 9 1.78847352e-08 3.05054688e-08 outputs/V3.3e25_D300_G2/solution/solution-00021 
 22 3.063657336108e+10 1.392571516413e+09 768 7235 3201 18 8 9 9 1.72737239e-08 2.94570163e-08 outputs/V3.3e25_D300_G2/solution/solution-00022 
 23 3.202914487749e+10 1.392571516413e+09 768 7235 3201 18 8 9 9 1.66847881e-08 2.84461592e-08 outputs/V3.3e25_D300_G2/solution/solution-00023 
 24 3.342171639390e+10 1.392571516413e+09 768 7235 3201 18 8 9 9 1.61169213e-08 2.74713124e-08 outputs/V3.3e25_D300_G2/solution/solution-00024 
 25 3.481428791032e+10 1.392571516413e+09 768 7235 3201 18 8 9 9 1.55691971e-08 2.65309966e-08 outputs/V3.3e25_D300_G2/solution/solution-00025 
 26 3.620685942673e+10 1.392571516413e+09 768 7235 3201 18 8 9 9 1.50407586e-08 2.56238257e-08 outputs/V3.3e25_D300_G2/solution/solution-00026 
 27 3.759943094314e+10 1.392571516413e+09 768 7235 3201 18 8 9 9 1.45308091e-08 2.47484956e-08 outputs/V3.3e25_D300_G2/solution/solution-00027 
 28 3.899200245955e+10 1.392571516413e+09 768 7235 3201 18 8 9 9 1.40386045e-08 2.39037757e-08 outputs/V3.3e25_D300_G2/solution/solution-00028 
 29 4.038457397597e+10 1.392571516413e+09 768 7235 3201 18 8 9 9 1.35634473e-08 2.30885008e-08 outputs/V3.3e25_D300_G2/solution/solution-00029 
 30 4.177714549238e+10 1.392571516413e+09 768 7235 3201 18 8 9 9 1.31046808e-08 2.23015651e-08 outputs/V3.3e25_D300_G2/solution/solution-00030 
 31 4.316971700879e+10 1.392571516413e+09 768 7235 3201 18 8 9 9 1.26616851e-08 2.15419166e-08 outputs/V3.3e25_D300_G2/solution/solution-00031 
 32 4.456228852520e+10 1.392571516413e+09 768 7235 3201 18 8 9 9 1.22338731e-08 2.08085526e-08 outputs/V3.3e25_D300_G2/solution/solution-00032 
 33 4.595486004162e+10 1.392571516413e+09 768 7235 3201 18 8 9 9 1.18206873e-08 2.01005157e-08 outputs/V3.3e25_D300_G2/solution/solution-00033 
 34 4.734743155803e+10 1.392571516413e+09 768 7235 3201 18 8 9 9 1.14215971e-08 1.94168902e-08 outputs/V3.3e25_D300_G2/solution/solution-00034 
 35 4.874000307444e+10 1.392571516413e+09 768 7235 3201 18 8 9 9 1.10360965e-08 1.87567996e-08 outputs/V3.3e25_D300_G2/solution/solution-00035 
 36 5.013257459085e+10 1.392571516413e+09 768 7235 3201 18 8 9 9 1.06637020e-08 1.81194037e-08 outputs/V3.3e25_D300_G2/solution/solution-00036 
 37 5.152514610727e+10 1.392571516413e+09 768 7235 3201 18 8 9 9 1.03039510e-08 1.75038961e-08 outputs/V3.3e25_D300_G2/solution/solution-00037 
 38 5.291771762368e+10 1.392571516413e+09 768 7235 3201 17 8 9 9 9.95640016e-09 1.69095029e-08 outputs/V3.3e25_D300_G2/solution/solution-00038 
 39 5.431028914009e+10 1.392571516413e+09 768 7235 3201 17 8 9 9 9.62062421e-09 1.63354800e-08 outputs/V3.3e25_D300_G2/solution/solution-00039 
 40 5.570286065650e+10 1.392571516413e+09 768 7235 3201 17 8 9 9 9.29621474e-09 1.57811122e-08 outputs/V3.3e25_D300_G2/solution/solution-00040 
 41 5.709543217292e+10 1.392571516413e+09 768 7235 3201 17 8 9 9 8.98277917e-09 1.52457113e-08 outputs/V3.3e25_D300_G2/solution/solution-00041 
 42 5.848800368933e+10 1.392571516413e+09 768 7235 3201 17 8 9 9 8.67993989e-09 1.47286150e-08 outputs/V3.3e25_D300_G2/solution/solution-00042 
 43 5.988057520574e+10 1.392571516413e+09 768 7235 3201 17 8 9 9 8.38733342e-09 1.42291856e-08 outputs/V3.3e25_D300_G2/solution/solution-00043 
 44 6.127314672215e+10 1.392571516413e+09 768 7235 3201 17 8 9 9 8.10460968e-09 1.37468089e-08 outputs/V3.3e25_D300_G2/solution/solution-00044 
 45 6.266571823857e+10 1.392571516413e+09 768 7235 3201 17 8 9 9 7.83143137e-09 1.32808932e-08 outputs/V3.3e25_D300_G2/solution/solution-00045 
 46 6.405828975498e+10 1.392571516413e+09 768 7235 3201 17 8 9 9 7.56747331e-09 1.28308681e-08 outputs/V3.3e25_D300_G2/solution/solution-00046 
 47 6.545086127139e+10 1.392571516413e+09 768 7235 3201 17 8 9 9 7.31242195e-09 1.23961839e-08 outputs/V3.3e25_D300_G2/solution/solution-00047 
 48 6.684343278781e+10 1.392571516413e+09 768 7235 3201 17 8 9 9 7.06597482e-09 1.19763106e-08 outputs/V3.3e25_D300_G2/solution/solution-00048 
 49 6.823600430422e+10 1.392571516413e+09 768 7235 3201 17 8 9 9 6.82784007e-09 1.15707373e-08 outputs/V3.3e25_D300_G2/solution/solution-00049 
 50 6.962857582063e+10 1.392571516413e+09 768 7235 3201 17 8 9 9 6.59773606e-09 1.11789711e-08 outputs/V3.3e25_D300_G2/solution/solution-00050 
 51 7.102114733704e+10 1.392571516413e+09 768 7235 3201 17 8 9 9 6.37539092e-09 1.08005365e-08 outputs/V3.3e25_D300_G2/solution/solution-00051 
 52 7.241371885346e+10 1.392571516413e+09 768 7235 3201 17 8 9 9 6.16054217e-09 1.04349751e-08 outputs/V3.3e25_D300_G2/solution/solution-00052 
 53 7.380629036987e+10 1.392571516413e+09 768 7235 3201 17 8 9 9 5.95293640e-09 1.00818445e-08 outputs/V3.3e25_D300_G2/solution/solution-00053 
 54 7.519886188628e+10 1.392571516413e+09 768 7235 3201 17 8 9 9 5.75232885e-09 9.74071775e-09 outputs/V3.3e25_D300_G2/solution/solution-00054 
 55 7.659143340269e+10 1.392571516413e+09 768 7235 3201 17 8 9 9 5.55848319e-09 9.41118308e-09 outputs/V3.3e25_D300_G2/solution/solution-00055 
 56 7.798400491911e+10 1.392571516413e+09 768 7235 3201 17 8 9 9 5.37117112e-09 9.09284304e-09 outputs/V3.3e25_D300_G2/solution/solution-00056 
 57 7.937657643552e+10 1.392571516413e+09 768 7235 3201 17 8 9 9 5.19017214e-09 8.78531407e-09 outputs/V3.3e25_D300_G2/solution/solution-00057 
 58 8.076914795193e+10 1.392571516413e+09 768 7235 3201 17 8 9 9 5.01527324e-09 8.48822601e-09 outputs/V3.3e25_D300_G2/solution/solution-00058 
 59 8.216171946834e+10 1.392571516413e+09 768 7235 3201 17 8 9 9 4.84626864e-09 8.20122158e-09 outputs/V3.3e25_D300_G2/solution/solution-00059 
 60 8.355429098476e+10 1.392571516413e+09 768 7235 3201 17 8 9 9 4.68295957e-09 7.92395595e-09 outputs/V3.3e25_D300_G2/solution/solution-00060 
 61 8.494686250117e+10 1.392571516413e+09 768 7235 3201 17 8 9 9 4.52515395e-09 7.65609625e-09 outputs/V3.3e25_D300_G2/solution/solution-00061 
 62 8.633943401758e+10 1.392571516413e+09 768 7235 3201 17 8 9 9 4.37266624e-09 7.39732115e-09 outputs/V3.3e25_D300_G2/solution/solution-00062 
 63 8.773200553399e+10 1.392571516413e+09 768 7235 3201 16 8 9 9 4.22531715e-09 7.14732049e-09 outputs/V3.3e25_D300_G2/solution/solution-00063 
 64 8.912457705041e+10 1.392571516413e+09 768 7235 3201 16 8 9 9 4.08293348e-09 6.90579482e-09 outputs/V3.3e25_D300_G2/solution/solution-00064 
 65 9.051714856682e+10 1.392571516413e+09 768 7235 3201 16 8 9 9 3.94534784e-09 6.67245502e-09 outputs/V3.3e25_D300_G2/solution/solution-00065 
 66 9.190972008323e+10 1.392571516413e+09 768 7235 3201 16 8 9 9 3.81239852e-09 6.44702200e-09 outputs/V3.3e25_D300_G2/solution/solution-00066 
 67 9.330229159964e+10 1.392571516413e+09 768 7235 3201 16 8 9 9 3.68392926e-09 6.22922628e-09 outputs/V3.3e25_D300_G2/solution/solution-00067 
 68 9.469486311606e+10 1.392571516413e+09 768 7235 3201 16 8 9 9 3.55978909e-09 6.01880767e-09 outputs/V3.3e25_D300_G2/solution/solution-00068 
 69 9.608743463247e+10 1.392571516413e+09 768 7235 3201 16 8 9 9 3.43983210e-09 5.81551495e-09 outputs/V3.3e25_D300_G2/solution/solution-00069 
 70 9.748000614888e+10 1.392571516413e+09 768 7235 3201 16 8 9 9 3.32391734e-09 5.61910556e-09 outputs/V3.3e25_D300_G2/solution/solution-00070 
 71 9.887257766530e+10 1.392571516413e+09 768 7235 3201 16 8 9 9 3.21190858e-09 5.42934526e-09 outputs/V3.3e25_D300_G2/solution/solution-00071 
 72 1.002651491817e+11 1.392571516413e+09 768 7235 3201 16 8 9 9 3.10367420e-09 5.24600788e-09 outputs/V3.3e25_D300_G2/solution/solution-00072 
 73 1.016577206981e+11 1.392571516413e+09 768 7235 3201 16 8 9 9 2.99908701e-09 5.06887500e-09 outputs/V3.3e25_D300_G2/solution/solution-00073 
 74 1.030502922145e+11 1.392571516413e+09 768 7235 3201 16 8 9 9 2.89802413e-09 4.89773572e-09 outputs/V3.3e25_D300_G2/solution/solution-00074 
 75 1.044428637309e+11 1.392571516413e+09 768 7235 3201 16 8 9 9 2.80036678e-09 4.73238634e-09 outputs/V3.3e25_D300_G2/solution/solution-00075 
 76 1.058354352474e+11 1.392571516413e+09 768 7235 3201 16 8 9 9 2.70600021e-09 4.57263019e-09 outputs/V3.3e25_D300_G2/solution/solution-00076 
 77 1.072280067638e+11 1.392571516413e+09 768 7235 3201 16 8 9 9 2.61481354e-09 4.41827729e-09 outputs/V3.3e25_D300_G2/solution/solution-00077 
 78 1.086205782802e+11 1.392571516413e+09 768 7235 3201 16 8 9 9 2.52669962e-09 4.26914420e-09 outputs/V3.3e25_D300_G2/solution/solution-00078 
 79 1.100131497966e+11 1.392571516413e+09 768 7235 3201 16 8 9 9 2.44155491e-09 4.12505372e-09 outputs/V3.3e25_D300_G2/solution/solution-00079 
 80 1.114057213130e+11 1.392571516413e+09 768 7235 3201 16 8 9 9 2.35927935e-09 3.98583476e-09 outputs/V3.3e25_D300_G2/solution/solution-00080 
 81 1.127982928294e+11 1.392571516413e+09 768 7235 3201 16 8 9 9 2.27977627e-09 3.85132203e-09 outputs/V3.3e25_D300_G2/solution/solution-00081 
 82 1.141908643458e+11 1.392571516413e+09 768 7235 3201 16 8 9 9 2.20295224e-09 3.72135591e-09 outputs/V3.3e25_D300_G2/solution/solution-00082 
 83 1.155834358622e+11 1.392571516413e+09 768 7235 3201 16 8 9 9 2.12871700e-09 3.59578224e-09 outputs/V3.3e25_D300_G2/solution/solution-00083 
 84 1.169760073787e+11 1.392571516413e+09 768 7235 3201 16 8 9 9 2.05698330e-09 3.47445209e-09 outputs/V3.3e25_D300_G2/solution/solution-00084 
 85 1.183685788951e+11 1.392571516413e+09 768 7235 3201 16 8 9 9 1.98766686e-09 3.35722164e-09 outputs/V3.3e25_D300_G2/solution/solution-00085 
 86 1.197611504115e+11 1.392571516413e+09 768 7235 3201 16 8 9 9 1.92068622e-09 3.24395197e-09 outputs/V3.3e25_D300_G2/solution/solution-00086 
 87 1.211537219279e+11 1.392571516413e+09 768 7235 3201 16 8 9 9 1.85596268e-09 3.13450888e-09 outputs/V3.3e25_D300_G2/solution/solution-00087 
 88 1.225462934443e+11 1.392571516413e+09 768 7235 3201 15 8 9 9 1.79342018e-09 3.02876277e-09 outputs/V3.3e25_D300_G2/solution/solution-00088 
 89 1.239388649607e+11 1.392571516413e+09 768 7235 3201 15 8 9 9 1.73298523e-09 2.92658843e-09 outputs/V3.3e25_D300_G2/solution/solution-00089 
 90 1.253314364771e+11 1.392571516413e+09 768 7235 3201 15 8 9 9 1.67458680e-09 2.82786490e-09 outputs/V3.3e25_D300_G2/solution/solution-00090 
 91 1.267240079935e+11 1.392571516413e+09 768 7235 3201 15 8 9 9 1.61815628e-09 2.73247536e-09 outputs/V3.3e25_D300_G2/solution/solution-00091 
 92 1.281165795100e+11 1.392571516413e+09 768 7235 3201 15 8 9 9 1.56362734e-09 2.64030696e-09 outputs/V3.3e25_D300_G2/solution/solution-00092 
 93 1.295091510264e+11 1.392571516413e+09 768 7235 3201 15 8 9 9 1.51093592e-09 2.55125069e-09 outputs/V3.3e25_D300_G2/solution/solution-00093 
 94 1.309017225428e+11 1.392571516413e+09 768 7235 3201 15 8 9 9 1.46002009e-09 2.46520124e-09 outputs/V3.3e25_D300_G2/solution/solution-00094 
 95 1.322942940592e+11 1.392571516413e+09 768 7235 3201 15 8 9 9 1.41082002e-09 2.38205687e-09 outputs/V3.3e25_D300_G2/solution/solution-00095 
 96 1.336868655756e+11 1.392571516413e+09 768 7235 3201 15 8 9 9 1.36327789e-09 2.30171932e-09 outputs/V3.3e25_D300_G2/solution/solution-00096 
 97 1.350794370920e+11 1.392571516413e+09 768 7235 3201 15 8 9 9 1.31733784e-09 2.22409365e-09 outputs/V3.3e25_D300_G2/solution/solution-00097 
 98 1.364720086084e+11 1.392571516413e+09 768 7235 3201 15 8 9 9 1.27294588e-09 2.14908816e-09 outputs/V3.3e25_D300_G2/solution/solution-00098 
 99 1.378645801248e+11 1.392571516413e+09 768 7235 3201 15 8 9 9 1.23004983e-09 2.07661424e-09 outputs/V3.3e25_D300_G2/solution/solution-00099 
100 1.392571516413e+11 1.392571516413e+09 768 7235 3201 15 8 9 9 1.18859931e-09 2.00658631e-09 outputs/V3.3e25_D300_G2/solution/solution-00100 
