# 1: Time step number
# 2: Time (years)
# 3: Time step size (years)
# 4: Number of mesh cells
# 5: Number of Stokes degrees of freedom
# 6: Number of temperature degrees of freedom
# 7: Iterations for temperature solver
# 8: Iterations for Stokes solver
# 9: Velocity iterations in Stokes preconditioner
# 10: Schur complement iterations in Stokes preconditioner
# 11: RMS velocity (m/year)
# 12: Max. velocity (m/year)
# 13: Visualization file name
  0 0.000000000000e+00 0.000000000000e+00 768 7235 3201  0 8 9 9 6.62146470e-09 1.16428987e-08 outputs/V1e27_D100_G10/solution/solution-00000 
  1 1.392571516413e+09 1.392571516413e+09 768 7235 3201 32 8 9 9 6.26881593e-09 1.05733637e-08 outputs/V1e27_D100_G10/solution/solution-00001 
  2 2.785143032825e+09 1.392571516413e+09 768 7235 3201 25 8 9 9 5.94237638e-09 1.00286450e-08 outputs/V1e27_D100_G10/solution/solution-00002 
  3 4.177714549238e+09 1.392571516413e+09 768 7235 3201 24 8 9 9 5.63643327e-09 9.51547744e-09 outputs/V1e27_D100_G10/solution/solution-00003 
  4 5.570286065650e+09 1.392571516413e+09 768 7235 3201 23 8 9 9 5.34721991e-09 9.03008533e-09 outputs/V1e27_D100_G10/solution/solution-00004 
  5 6.962857582063e+09 1.392571516413e+09 768 7235 3201 23 8 9 9 5.07396521e-09 8.57113782e-09 outputs/V1e27_D100_G10/solution/solution-00005 
  6 8.355429098476e+09 1.392571516413e+09 768 7235 3201 22 8 9 9 4.81566941e-09 8.13698100e-09 outputs/V1e27_D100_G10/solution/solution-00006 
  7 9.748000614888e+09 1.392571516413e+09 768 7235 3201 21 8 9 9 4.57136455e-09 7.72600387e-09 outputs/V1e27_D100_G10/solution/solution-00007 
  8 1.114057213130e+10 1.392571516413e+09 768 7235 3201 21 8 9 9 4.34015013e-09 7.33672682e-09 outputs/V1e27_D100_G10/solution/solution-00008 
  9 1.253314364771e+10 1.392571516413e+09 768 7235 3201 21 8 9 9 4.12120039e-09 6.96780773e-09 outputs/V1e27_D100_G10/solution/solution-00009 
 10 1.392571516413e+10 1.392571516413e+09 768 7235 3201 20 8 9 9 3.91376066e-09 6.61802725e-09 outputs/V1e27_D100_G10/solution/solution-00010 
 11 1.531828668054e+10 1.392571516413e+09 768 7235 3201 20 8 9 9 3.71714025e-09 6.28627145e-09 outputs/V1e27_D100_G10/solution/solution-00011 
 12 1.671085819695e+10 1.392571516413e+09 768 7235 3201 20 8 9 9 3.53070487e-09 5.97151669e-09 outputs/V1e27_D100_G10/solution/solution-00012 
 13 1.810342971336e+10 1.392571516413e+09 768 7235 3201 20 8 9 9 3.35386990e-09 5.67281726e-09 outputs/V1e27_D100_G10/solution/solution-00013 
 14 1.949600122978e+10 1.392571516413e+09 768 7235 3201 20 8 9 9 3.18609455e-09 5.38929548e-09 outputs/V1e27_D100_G10/solution/solution-00014 
 15 2.088857274619e+10 1.392571516413e+09 768 7235 3201 20 8 9 9 3.02687691e-09 5.12013365e-09 outputs/V1e27_D100_G10/solution/solution-00015 
 16 2.228114426260e+10 1.392571516413e+09 768 7235 3201 19 8 9 9 2.87574978e-09 4.86456758e-09 outputs/V1e27_D100_G10/solution/solution-00016 
 17 2.367371577901e+10 1.392571516413e+09 768 7235 3201 19 8 9 9 2.73227707e-09 4.62188117e-09 outputs/V1e27_D100_G10/solution/solution-00017 
 18 2.506628729543e+10 1.392571516413e+09 768 7235 3201 19 8 9 9 2.59605077e-09 4.39140191e-09 outputs/V1e27_D100_G10/solution/solution-00018 
 19 2.645885881184e+10 1.392571516413e+09 768 7235 3201 19 8 9 9 2.46668839e-09 4.17249707e-09 outputs/V1e27_D100_G10/solution/solution-00019 
 20 2.785143032825e+10 1.392571516413e+09 768 7235 3201 19 8 9 9 2.34383064e-09 3.96457041e-09 outputs/V1e27_D100_G10/solution/solution-00020 
 21 2.924400184466e+10 1.392571516413e+09 768 7235 3201 19 8 9 9 2.22713954e-09 3.76705935e-09 outputs/V1e27_D100_G10/solution/solution-00021 
 22 3.063657336108e+10 1.392571516413e+09 768 7235 3201 19 8 9 9 2.11629668e-09 3.57943250e-09 outputs/V1e27_D100_G10/solution/solution-00022 
 23 3.202914487749e+10 1.392571516413e+09 768 7235 3201 19 8 9 9 2.01100177e-09 3.40118743e-09 outputs/V1e27_D100_G10/solution/solution-00023 
 24 3.342171639390e+10 1.392571516413e+09 768 7235 3201 19 8 9 9 1.91097123e-09 3.23184878e-09 outputs/V1e27_D100_G10/solution/solution-00024 
 25 3.481428791032e+10 1.392571516413e+09 768 7235 3201 18 8 9 9 1.81593710e-09 3.07096644e-09 outputs/V1e27_D100_G10/solution/solution-00025 
 26 3.620685942673e+10 1.392571516413e+09 768 7235 3201 18 8 9 9 1.72564594e-09 2.91811401e-09 outputs/V1e27_D100_G10/solution/solution-00026 
 27 3.759943094314e+10 1.392571516413e+09 768 7235 3201 18 8 9 9 1.63985788e-09 2.77288739e-09 outputs/V1e27_D100_G10/solution/solution-00027 
 28 3.899200245955e+10 1.392571516413e+09 768 7235 3201 18 8 9 9 1.55834578e-09 2.63490339e-09 outputs/V1e27_D100_G10/solution/solution-00028 
 29 4.038457397597e+10 1.392571516413e+09 768 7235 3201 18 8 9 9 1.48089442e-09 2.50379858e-09 outputs/V1e27_D100_G10/solution/solution-00029 
 30 4.177714549238e+10 1.392571516413e+09 768 7235 3201 18 8 9 9 1.40729982e-09 2.37922819e-09 outputs/V1e27_D100_G10/solution/solution-00030 
 31 4.316971700879e+10 1.392571516413e+09 768 7235 3201 18 8 9 9 1.33736855e-09 2.26086501e-09 outputs/V1e27_D100_G10/solution/solution-00031 
 32 4.456228852520e+10 1.392571516413e+09 768 7235 3201 18 8 9 9 1.27091714e-09 2.14839850e-09 outputs/V1e27_D100_G10/solution/solution-00032 
 33 4.595486004162e+10 1.392571516413e+09 768 7235 3201 18 8 9 9 1.20777153e-09 2.04153385e-09 outputs/V1e27_D100_G10/solution/solution-00033 
 34 4.734743155803e+10 1.392571516413e+09 768 7235 3201 18 8 9 9 1.14776651e-09 1.93999116e-09 outputs/V1e27_D100_G10/solution/solution-00034 
 35 4.874000307444e+10 1.392571516413e+09 768 7235 3201 18 8 9 9 1.09074528e-09 1.84350465e-09 outputs/V1e27_D100_G10/solution/solution-00035 
 36 5.013257459085e+10 1.392571516413e+09 768 7235 3201 18 8 9 9 1.03655900e-09 1.75182193e-09 outputs/V1e27_D100_G10/solution/solution-00036 
 37 5.152514610727e+10 1.392571516413e+09 768 7235 3201 18 8 9 9 9.85066313e-10 1.66470329e-09 outputs/V1e27_D100_G10/solution/solution-00037 
 38 5.291771762368e+10 1.392571516413e+09 768 7235 3201 18 8 9 9 9.36133002e-10 1.58192107e-09 outputs/V1e27_D100_G10/solution/solution-00038 
 39 5.431028914009e+10 1.392571516413e+09 768 7235 3201 18 8 9 9 8.89631595e-10 1.50325903e-09 outputs/V1e27_D100_G10/solution/solution-00039 
 40 5.570286065650e+10 1.392571516413e+09 768 7235 3201 18 8 9 9 8.45441019e-10 1.42851173e-09 outputs/V1e27_D100_G10/solution/solution-00040 
 41 5.709543217292e+10 1.392571516413e+09 768 7235 3201 18 8 9 9 8.03446268e-10 1.35748406e-09 outputs/V1e27_D100_G10/solution/solution-00041 
 42 5.848800368933e+10 1.392571516413e+09 768 7235 3201 18 8 9 9 7.63538090e-10 1.28999064e-09 outputs/V1e27_D100_G10/solution/solution-00042 
 43 5.988057520574e+10 1.392571516413e+09 768 7235 3201 17 8 9 9 7.25612698e-10 1.22585537e-09 outputs/V1e27_D100_G10/solution/solution-00043 
 44 6.127314672215e+10 1.392571516413e+09 768 7235 3201 17 8 9 9 6.89571488e-10 1.16491096e-09 outputs/V1e27_D100_G10/solution/solution-00044 
 45 6.266571823857e+10 1.392571516413e+09 768 7235 3201 17 8 9 9 6.55320776e-10 1.10699846e-09 outputs/V1e27_D100_G10/solution/solution-00045 
 46 6.405828975498e+10 1.392571516413e+09 768 7235 3201 17 8 9 9 6.22771549e-10 1.05196687e-09 outputs/V1e27_D100_G10/solution/solution-00046 
 47 6.545086127139e+10 1.392571516413e+09 768 7235 3201 17 8 9 9 5.91839233e-10 9.99672710e-10 outputs/V1e27_D100_G10/solution/solution-00047 
 48 6.684343278781e+10 1.392571516413e+09 768 7235 3201 17 8 9 9 5.62443467e-10 9.49979675e-10 outputs/V1e27_D100_G10/solution/solution-00048 
 49 6.823600430422e+10 1.392571516413e+09 768 7235 3201 17 8 9 9 5.34507890e-10 9.02758257e-10 outputs/V1e27_D100_G10/solution/solution-00049 
 50 6.962857582063e+10 1.392571516413e+09 768 7235 3201 17 8 9 9 5.07959944e-10 8.57885406e-10 outputs/V1e27_D100_G10/solution/solution-00050 
 51 7.102114733704e+10 1.392571516413e+09 768 7235 3201 17 8 9 9 4.82730679e-10 8.15244208e-10 outputs/V1e27_D100_G10/solution/solution-00051 
 52 7.241371885346e+10 1.392571516413e+09 768 7235 3201 17 8 9 9 4.58754577e-10 7.74723581e-10 outputs/V1e27_D100_G10/solution/solution-00052 
 53 7.380629036987e+10 1.392571516413e+09 768 7235 3201 17 8 9 9 4.35969379e-10 7.36217976e-10 outputs/V1e27_D100_G10/solution/solution-00053 
 54 7.519886188628e+10 1.392571516413e+09 768 7235 3201 17 8 9 9 4.14315919e-10 6.99627110e-10 outputs/V1e27_D100_G10/solution/solution-00054 
 55 7.659143340269e+10 1.392571516413e+09 768 7235 3201 17 8 9 9 3.93737976e-10 6.64855693e-10 outputs/V1e27_D100_G10/solution/solution-00055 
 56 7.798400491911e+10 1.392571516413e+09 768 7235 3201 17 8 9 9 3.74182120e-10 6.31813187e-10 outputs/V1e27_D100_G10/solution/solution-00056 
 57 7.937657643552e+10 1.392571516413e+09 768 7235 3201 17 8 9 9 3.55597581e-10 6.00413562e-10 outputs/V1e27_D100_G10/solution/solution-00057 
 58 8.076914795193e+10 1.392571516413e+09 768 7235 3201 17 8 9 9 3.37936109e-10 5.70575078e-10 outputs/V1e27_D100_G10/solution/solution-00058 
 59 8.216171946834e+10 1.392571516413e+09 768 7235 3201 17 8 9 9 3.21151851e-10 5.42220061e-10 outputs/V1e27_D100_G10/solution/solution-00059 
 60 8.355429098476e+10 1.392571516413e+09 768 7235 3201 17 8 9 9 3.05201236e-10 5.15274712e-10 outputs/V1e27_D100_G10/solution/solution-00060 
 61 8.494686250117e+10 1.392571516413e+09 768 7235 3201 17 8 9 9 2.90042855e-10 4.89668902e-10 outputs/V1e27_D100_G10/solution/solution-00061 
 62 8.633943401758e+10 1.392571516413e+09 768 7235 3201 17 8 9 9 2.75637358e-10 4.65335998e-10 outputs/V1e27_D100_G10/solution/solution-00062 
 63 8.773200553399e+10 1.392571516413e+09 768 7235 3201 17 8 9 9 2.61947348e-10 4.42212683e-10 outputs/V1e27_D100_G10/solution/solution-00063 
 64 8.912457705041e+10 1.392571516413e+09 768 7235 3201 17 8 9 9 2.48937287e-10 4.20238793e-10 outputs/V1e27_D100_G10/solution/solution-00064 
 65 9.051714856682e+10 1.392571516413e+09 768 7235 3201 17 8 9 9 2.36573402e-10 3.99357161e-10 outputs/V1e27_D100_G10/solution/solution-00065 
 66 9.190972008323e+10 1.392571516413e+09 768 7235 3201 17 8 9 9 2.24823600e-10 3.79513463e-10 outputs/V1e27_D100_G10/solution/solution-00066 
 67 9.330229159964e+10 1.392571516413e+09 768 7235 3201 17 8 9 9 2.13657378e-10 3.60656082e-10 outputs/V1e27_D100_G10/solution/solution-00067 
 68 9.469486311606e+10 1.392571516413e+09 768 7235 3201 17 8 9 9 2.03045752e-10 3.42735968e-10 outputs/V1e27_D100_G10/solution/solution-00068 
 69 9.608743463247e+10 1.392571516413e+09 768 7235 3201 16 8 9 9 1.92961177e-10 3.25706516e-10 outputs/V1e27_D100_G10/solution/solution-00069 
 70 9.748000614888e+10 1.392571516413e+09 768 7235 3201 16 8 9 9 1.83377475e-10 3.09523437e-10 outputs/V1e27_D100_G10/solution/solution-00070 
 71 9.887257766530e+10 1.392571516413e+09 768 7235 3201 16 8 9 9 1.74269767e-10 2.94144644e-10 outputs/V1e27_D100_G10/solution/solution-00071 
 72 1.002651491817e+11 1.392571516413e+09 768 7235 3201 16 8 9 9 1.65614413e-10 2.79530147e-10 outputs/V1e27_D100_G10/solution/solution-00072 
 73 1.016577206981e+11 1.392571516413e+09 768 7235 3201 16 8 9 9 1.57388944e-10 2.65641945e-10 outputs/V1e27_D100_G10/solution/solution-00073 
 74 1.030502922145e+11 1.392571516413e+09 768 7235 3201 16 8 9 9 1.49572009e-10 2.52443930e-10 outputs/V1e27_D100_G10/solution/solution-00074 
 75 1.044428637309e+11 1.392571516413e+09 768 7235 3201 16 8 9 9 1.42143318e-10 2.39901788e-10 outputs/V1e27_D100_G10/solution/solution-00075 
 76 1.058354352474e+11 1.392571516413e+09 768 7235 3201 16 8 9 9 1.35083587e-10 2.27982913e-10 outputs/V1e27_D100_G10/solution/solution-00076 
 77 1.072280067638e+11 1.392571516413e+09 768 7235 3201 16 8 9 9 1.28374491e-10 2.16656321e-10 outputs/V1e27_D100_G10/solution/solution-00077 
 78 1.086205782802e+11 1.392571516413e+09 768 7235 3201 16 8 9 9 1.21998615e-10 2.05892568e-10 outputs/V1e27_D100_G10/solution/solution-00078 
 79 1.100131497966e+11 1.392571516413e+09 768 7235 3201 16 8 9 9 1.15939409e-10 1.95663678e-10 outputs/V1e27_D100_G10/solution/solution-00079 
 80 1.114057213130e+11 1.392571516413e+09 768 7235 3201 16 8 9 9 1.10181144e-10 1.85943063e-10 outputs/V1e27_D100_G10/solution/solution-00080 
 81 1.127982928294e+11 1.392571516413e+09 768 7235 3201 16 8 9 9 1.04708874e-10 1.76705459e-10 outputs/V1e27_D100_G10/solution/solution-00081 
 82 1.141908643458e+11 1.392571516413e+09 768 7235 3201 16 8 9 9 9.95083941e-11 1.67926857e-10 outputs/V1e27_D100_G10/solution/solution-00082 
 83 1.155834358622e+11 1.392571516413e+09 768 7235 3201 16 8 9 9 9.45662052e-11 1.59584444e-10 outputs/V1e27_D100_G10/solution/solution-00083 
 84 1.169760073787e+11 1.392571516413e+09 768 7235 3201 16 8 9 9 8.98694788e-11 1.51656541e-10 outputs/V1e27_D100_G10/solution/solution-00084 
 85 1.183685788951e+11 1.392571516413e+09 768 7235 3201 16 8 9 9 8.54060235e-11 1.44122545e-10 outputs/V1e27_D100_G10/solution/solution-00085 
 86 1.197611504115e+11 1.392571516413e+09 768 7235 3201 16 8 9 9 8.11642533e-11 1.36962880e-10 outputs/V1e27_D100_G10/solution/solution-00086 
 87 1.211537219279e+11 1.392571516413e+09 768 7235 3201 16 8 9 9 7.71331578e-11 1.30158942e-10 outputs/V1e27_D100_G10/solution/solution-00087 
 88 1.225462934443e+11 1.392571516413e+09 768 7235 3201 16 8 9 9 7.33022735e-11 1.23693052e-10 outputs/V1e27_D100_G10/solution/solution-00088 
 89 1.239388649607e+11 1.392571516413e+09 768 7235 3201 16 8 9 9 6.96616562e-11 1.17548411e-10 outputs/V1e27_D100_G10/solution/solution-00089 
 90 1.253314364771e+11 1.392571516413e+09 768 7235 3201 16 8 9 9 6.62018562e-11 1.11709055e-10 outputs/V1e27_D100_G10/solution/solution-00090 
 91 1.267240079935e+11 1.392571516413e+09 768 7235 3201 16 8 9 9 6.29138927e-11 1.06159812e-10 outputs/V1e27_D100_G10/solution/solution-00091 
 92 1.281165795100e+11 1.392571516413e+09 768 7235 3201 16 8 9 9 5.97892311e-11 1.00886265e-10 outputs/V1e27_D100_G10/solution/solution-00092 
 93 1.295091510264e+11 1.392571516413e+09 768 7235 3201 16 8 9 9 5.68197607e-11 9.58747159e-11 outputs/V1e27_D100_G10/solution/solution-00093 
 94 1.309017225428e+11 1.392571516413e+09 768 7235 3201 15 8 9 9 5.39977750e-11 9.11121475e-11 outputs/V1e27_D100_G10/solution/solution-00094 
 95 1.322942940592e+11 1.392571516413e+09 768 7235 3201 15 8 9 9 5.13159481e-11 8.65861863e-11 outputs/V1e27_D100_G10/solution/solution-00095 
 96 1.336868655756e+11 1.392571516413e+09 768 7235 3201 15 8 9 9 4.87673181e-11 8.22850740e-11 outputs/V1e27_D100_G10/solution/solution-00096 
 97 1.350794370920e+11 1.392571516413e+09 768 7235 3201 15 8 9 9 4.63452695e-11 7.81976381e-11 outputs/V1e27_D100_G10/solution/solution-00097 
 98 1.364720086084e+11 1.392571516413e+09 768 7235 3201 15 8 9 9 4.40435155e-11 7.43132613e-11 outputs/V1e27_D100_G10/solution/solution-00098 
 99 1.378645801248e+11 1.392571516413e+09 768 7235 3201 15 8 9 9 4.18560812e-11 7.06218543e-11 outputs/V1e27_D100_G10/solution/solution-00099 
100 1.392571516413e+11 1.392571516413e+09 768 7235 3201 15 8 9 9 3.97772888e-11 6.71138290e-11 outputs/V1e27_D100_G10/solution/solution-00100 
