# 1: Time step number
# 2: Time (years)
# 3: Time step size (years)
# 4: Number of mesh cells
# 5: Number of Stokes degrees of freedom
# 6: Number of temperature degrees of freedom
# 7: Iterations for temperature solver
# 8: Iterations for Stokes solver
# 9: Velocity iterations in Stokes preconditioner
# 10: Schur complement iterations in Stokes preconditioner
# 11: RMS velocity (m/year)
# 12: Max. velocity (m/year)
# 13: Visualization file name
  0 0.000000000000e+00 0.000000000000e+00 768 7235 3201  0 8 9 9 9.27005059e-08 1.63000582e-07 outputs/V1e26_D100_G14/solution/solution-00000 
  1 1.392571516413e+09 1.392571516413e+09 768 7235 3201 32 8 9 9 8.85883985e-08 1.49755552e-07 outputs/V1e26_D100_G14/solution/solution-00001 
  2 2.785143032825e+09 1.392571516413e+09 768 7235 3201 25 8 9 9 8.50262805e-08 1.44263778e-07 outputs/V1e26_D100_G14/solution/solution-00002 
  3 4.177714549238e+09 1.392571516413e+09 768 7235 3201 24 8 9 9 8.19642206e-08 1.39604142e-07 outputs/V1e26_D100_G14/solution/solution-00003 
  4 5.570286065650e+09 1.392571516413e+09 768 7235 3201 23 8 9 9 7.93165203e-08 1.35623600e-07 outputs/V1e26_D100_G14/solution/solution-00004 
  5 6.962857582063e+09 1.392571516413e+09 768 7235 3201 23 8 9 9 7.70254091e-08 1.32190603e-07 outputs/V1e26_D100_G14/solution/solution-00005 
  6 8.355429098476e+09 1.392571516413e+09 768 7235 3201 22 8 9 9 7.50327507e-08 1.29192342e-07 outputs/V1e26_D100_G14/solution/solution-00006 
  7 9.748000614888e+09 1.392571516413e+09 768 7235 3201 21 8 9 9 7.32879008e-08 1.26540480e-07 outputs/V1e26_D100_G14/solution/solution-00007 
  8 1.114057213130e+10 1.392571516413e+09 768 7235 3201 21 8 9 9 7.17484757e-08 1.24167362e-07 outputs/V1e26_D100_G14/solution/solution-00008 
  9 1.253314364771e+10 1.392571516413e+09 768 7235 3201 21 8 9 9 7.03795489e-08 1.22021081e-07 outputs/V1e26_D100_G14/solution/solution-00009 
 10 1.392571516413e+10 1.392571516413e+09 768 7235 3201 20 8 9 9 6.91524827e-08 1.20061403e-07 outputs/V1e26_D100_G14/solution/solution-00010 
 11 1.531828668054e+10 1.392571516413e+09 768 7235 3201 20 8 9 9 6.80438001e-08 1.18256753e-07 outputs/V1e26_D100_G14/solution/solution-00011 
 12 1.671085819695e+10 1.392571516413e+09 768 7235 3201 20 8 9 9 6.70342184e-08 1.16582047e-07 outputs/V1e26_D100_G14/solution/solution-00012 
 13 1.810342971336e+10 1.392571516413e+09 768 7235 3201 20 8 9 9 6.61078572e-08 1.15017137e-07 outputs/V1e26_D100_G14/solution/solution-00013 
 14 1.949600122978e+10 1.392571516413e+09 768 7235 3201 20 8 9 9 6.52515993e-08 1.13545674e-07 outputs/V1e26_D100_G14/solution/solution-00014 
 15 2.088857274619e+10 1.392571516413e+09 768 7235 3201 20 8 9 9 6.44545786e-08 1.12154285e-07 outputs/V1e26_D100_G14/solution/solution-00015 
 16 2.228114426260e+10 1.392571516413e+09 768 7235 3201 19 8 9 9 6.37077691e-08 1.10831941e-07 outputs/V1e26_D100_G14/solution/solution-00016 
 17 2.367371577901e+10 1.392571516413e+09 768 7235 3201 19 8 9 9 6.30036544e-08 1.09569490e-07 outputs/V1e26_D100_G14/solution/solution-00017 
 18 2.506628729543e+10 1.392571516413e+09 768 7235 3201 19 8 9 9 6.23359611e-08 1.08359292e-07 outputs/V1e26_D100_G14/solution/solution-00018 
 19 2.645885881184e+10 1.392571516413e+09 768 7235 3201 19 8 9 9 6.16994429e-08 1.07194936e-07 outputs/V1e26_D100_G14/solution/solution-00019 
 20 2.785143032825e+10 1.392571516413e+09 768 7235 3201 19 8 9 9 6.10897045e-08 1.06071022e-07 outputs/V1e26_D100_G14/solution/solution-00020 
 21 2.924400184466e+10 1.392571516413e+09 768 7235 3201 19 8 9 9 6.05030576e-08 1.04982978e-07 outputs/V1e26_D100_G14/solution/solution-00021 
 22 3.063657336108e+10 1.392571516413e+09 768 7235 3201 19 8 9 9 5.99364037e-08 1.03926921e-07 outputs/V1e26_D100_G14/solution/solution-00022 
 23 3.202914487749e+10 1.392571516413e+09 768 7235 3201 19 8 9 9 5.93871358e-08 1.02899544e-07 outputs/V1e26_D100_G14/solution/solution-00023 
 24 3.342171639390e+10 1.392571516413e+09 768 7235 3201 19 8 9 9 5.88530587e-08 1.01898020e-07 outputs/V1e26_D100_G14/solution/solution-00024 
 25 3.481428791032e+10 1.392571516413e+09 768 7235 3201 18 8 9 9 5.83323222e-08 1.00919928e-07 outputs/V1e26_D100_G14/solution/solution-00025 
 26 3.620685942673e+10 1.392571516413e+09 768 7235 3201 18 8 9 9 5.78233653e-08 9.99631842e-08 outputs/V1e26_D100_G14/solution/solution-00026 
 27 3.759943094314e+10 1.392571516413e+09 768 7235 3201 18 8 9 9 5.73248702e-08 9.90259958e-08 outputs/V1e26_D100_G14/solution/solution-00027 
 28 3.899200245955e+10 1.392571516413e+09 768 7235 3201 18 8 9 9 5.68357236e-08 9.81068129e-08 outputs/V1e26_D100_G14/solution/solution-00028 
 29 4.038457397597e+10 1.392571516413e+09 768 7235 3201 18 8 9 9 5.63549840e-08 9.72042929e-08 outputs/V1e26_D100_G14/solution/solution-00029 
 30 4.177714549238e+10 1.392571516413e+09 768 7235 3201 18 8 9 9 5.58818551e-08 9.63172699e-08 outputs/V1e26_D100_G14/solution/solution-00030 
 31 4.316971700879e+10 1.392571516413e+09 768 7235 3201 18 8 9 9 5.54156625e-08 9.54447281e-08 outputs/V1e26_D100_G14/solution/solution-00031 
 32 4.456228852520e+10 1.392571516413e+09 768 7235 3201 18 8 9 9 5.49558347e-08 9.45857802e-08 outputs/V1e26_D100_G14/solution/solution-00032 
 33 4.595486004162e+10 1.392571516413e+09 768 7235 3201 18 8 9 9 5.45018870e-08 9.37396483e-08 outputs/V1e26_D100_G14/solution/solution-00033 
 34 4.734743155803e+10 1.392571516413e+09 768 7235 3201 18 8 9 9 5.40534078e-08 9.29056487e-08 outputs/V1e26_D100_G14/solution/solution-00034 
 35 4.874000307444e+10 1.392571516413e+09 768 7235 3201 18 8 9 9 5.36100472e-08 9.20831779e-08 outputs/V1e26_D100_G14/solution/solution-00035 
 36 5.013257459085e+10 1.392571516413e+09 768 7235 3201 18 8 9 9 5.31715074e-08 9.12717015e-08 outputs/V1e26_D100_G14/solution/solution-00036 
 37 5.152514610727e+10 1.392571516413e+09 768 7235 3201 18 8 9 9 5.27375344e-08 9.04707444e-08 outputs/V1e26_D100_G14/solution/solution-00037 
 38 5.291771762368e+10 1.392571516413e+09 768 7235 3201 18 8 9 9 5.23079111e-08 8.96798826e-08 outputs/V1e26_D100_G14/solution/solution-00038 
 39 5.431028914009e+10 1.392571516413e+09 768 7235 3201 18 8 9 9 5.18824518e-08 8.88987358e-08 outputs/V1e26_D100_G14/solution/solution-00039 
 40 5.570286065650e+10 1.392571516413e+09 768 7235 3201 18 8 9 9 5.14609969e-08 8.81269620e-08 outputs/V1e26_D100_G14/solution/solution-00040 
 41 5.709543217292e+10 1.392571516413e+09 768 7235 3201 18 8 9 9 5.10434090e-08 8.73642516e-08 outputs/V1e26_D100_G14/solution/solution-00041 
 42 5.848800368933e+10 1.392571516413e+09 768 7235 3201 18 8 9 9 5.06295695e-08 8.66103238e-08 outputs/V1e26_D100_G14/solution/solution-00042 
 43 5.988057520574e+10 1.392571516413e+09 768 7235 3201 17 8 9 9 5.02193753e-08 8.58649221e-08 outputs/V1e26_D100_G14/solution/solution-00043 
 44 6.127314672215e+10 1.392571516413e+09 768 7235 3201 17 8 9 9 4.98127365e-08 8.51278115e-08 outputs/V1e26_D100_G14/solution/solution-00044 
 45 6.266571823857e+10 1.392571516413e+09 768 7235 3201 17 8 9 9 4.94095746e-08 8.43987759e-08 outputs/V1e26_D100_G14/solution/solution-00045 
 46 6.405828975498e+10 1.392571516413e+09 768 7235 3201 17 8 9 9 4.90098203e-08 8.36776152e-08 outputs/V1e26_D100_G14/solution/solution-00046 
 47 6.545086127139e+10 1.392571516413e+09 768 7235 3201 17 8 9 9 4.86134119e-08 8.29641438e-08 outputs/V1e26_D100_G14/solution/solution-00047 
 48 6.684343278781e+10 1.392571516413e+09 768 7235 3201 17 8 9 9 4.82202948e-08 8.22581886e-08 outputs/V1e26_D100_G14/solution/solution-00048 
 49 6.823600430422e+10 1.392571516413e+09 768 7235 3201 17 8 9 9 4.78304196e-08 8.15595876e-08 outputs/V1e26_D100_G14/solution/solution-00049 
 50 6.962857582063e+10 1.392571516413e+09 768 7235 3201 17 8 9 9 4.74437416e-08 8.08681887e-08 outputs/V1e26_D100_G14/solution/solution-00050 
 51 7.102114733704e+10 1.392571516413e+09 768 7235 3201 17 8 9 9 4.70602202e-08 8.01838484e-08 outputs/V1e26_D100_G14/solution/solution-00051 
 52 7.241371885346e+10 1.392571516413e+09 768 7235 3201 17 8 9 9 4.66798179e-08 7.95064310e-08 outputs/V1e26_D100_G14/solution/solution-00052 
 53 7.380629036987e+10 1.392571516413e+09 768 7235 3201 17 8 9 9 4.63024998e-08 7.88358079e-08 outputs/V1e26_D100_G14/solution/solution-00053 
 54 7.519886188628e+10 1.392571516413e+09 768 7235 3201 17 8 9 9 4.59282338e-08 7.81718566e-08 outputs/V1e26_D100_G14/solution/solution-00054 
 55 7.659143340269e+10 1.392571516413e+09 768 7235 3201 17 8 9 9 4.55569892e-08 7.75144602e-08 outputs/V1e26_D100_G14/solution/solution-00055 
 56 7.798400491911e+10 1.392571516413e+09 768 7235 3201 17 8 9 9 4.51887372e-08 7.68635072e-08 outputs/V1e26_D100_G14/solution/solution-00056 
 57 7.937657643552e+10 1.392571516413e+09 768 7235 3201 17 8 9 9 4.48234503e-08 7.62188904e-08 outputs/V1e26_D100_G14/solution/solution-00057 
 58 8.076914795193e+10 1.392571516413e+09 768 7235 3201 17 8 9 9 4.44611021e-08 7.55805071e-08 outputs/V1e26_D100_G14/solution/solution-00058 
 59 8.216171946834e+10 1.392571516413e+09 768 7235 3201 17 8 9 9 4.41016672e-08 7.49482585e-08 outputs/V1e26_D100_G14/solution/solution-00059 
 60 8.355429098476e+10 1.392571516413e+09 768 7235 3201 17 8 9 9 4.37451211e-08 7.43220492e-08 outputs/V1e26_D100_G14/solution/solution-00060 
 61 8.494686250117e+10 1.392571516413e+09 768 7235 3201 17 8 9 9 4.33914397e-08 7.37017875e-08 outputs/V1e26_D100_G14/solution/solution-00061 
 62 8.633943401758e+10 1.392571516413e+09 768 7235 3201 17 8 9 9 4.30405998e-08 7.30873843e-08 outputs/V1e26_D100_G14/solution/solution-00062 
 63 8.773200553399e+10 1.392571516413e+09 768 7235 3201 17 8 9 9 4.26925785e-08 7.24787539e-08 outputs/V1e26_D100_G14/solution/solution-00063 
 64 8.912457705041e+10 1.392571516413e+09 768 7235 3201 17 8 9 9 4.23473532e-08 7.18758130e-08 outputs/V1e26_D100_G14/solution/solution-00064 
 65 9.051714856682e+10 1.392571516413e+09 768 7235 3201 17 8 9 9 4.20049020e-08 7.12784809e-08 outputs/V1e26_D100_G14/solution/solution-00065 
 66 9.190972008323e+10 1.392571516413e+09 768 7235 3201 17 8 9 9 4.16652031e-08 7.06866792e-08 outputs/V1e26_D100_G14/solution/solution-00066 
 67 9.330229159964e+10 1.392571516413e+09 768 7235 3201 17 8 9 9 4.13282349e-08 7.01003319e-08 outputs/V1e26_D100_G14/solution/solution-00067 
 68 9.469486311606e+10 1.392571516413e+09 768 7235 3201 17 8 9 9 4.09939761e-08 6.95193650e-08 outputs/V1e26_D100_G14/solution/solution-00068 
 69 9.608743463247e+10 1.392571516413e+09 768 7235 3201 16 8 9 9 4.06624058e-08 6.89437067e-08 outputs/V1e26_D100_G14/solution/solution-00069 
 70 9.748000614888e+10 1.392571516413e+09 768 7235 3201 16 8 9 9 4.03335031e-08 6.83732870e-08 outputs/V1e26_D100_G14/solution/solution-00070 
 71 9.887257766530e+10 1.392571516413e+09 768 7235 3201 16 8 9 9 4.00072471e-08 6.78080375e-08 outputs/V1e26_D100_G14/solution/solution-00071 
 72 1.002651491817e+11 1.392571516413e+09 768 7235 3201 16 8 9 9 3.96836175e-08 6.72478919e-08 outputs/V1e26_D100_G14/solution/solution-00072 
 73 1.016577206981e+11 1.392571516413e+09 768 7235 3201 16 8 9 9 3.93625937e-08 6.66927854e-08 outputs/V1e26_D100_G14/solution/solution-00073 
 74 1.030502922145e+11 1.392571516413e+09 768 7235 3201 16 8 9 9 3.90441556e-08 6.61426547e-08 outputs/V1e26_D100_G14/solution/solution-00074 
 75 1.044428637309e+11 1.392571516413e+09 768 7235 3201 16 8 9 9 3.87282830e-08 6.55974381e-08 outputs/V1e26_D100_G14/solution/solution-00075 
 76 1.058354352474e+11 1.392571516413e+09 768 7235 3201 16 8 9 9 3.84149560e-08 6.50570756e-08 outputs/V1e26_D100_G14/solution/solution-00076 
 77 1.072280067638e+11 1.392571516413e+09 768 7235 3201 16 8 9 9 3.81041547e-08 6.45215081e-08 outputs/V1e26_D100_G14/solution/solution-00077 
 78 1.086205782802e+11 1.392571516413e+09 768 7235 3201 16 8 9 9 3.77958594e-08 6.39906783e-08 outputs/V1e26_D100_G14/solution/solution-00078 
 79 1.100131497966e+11 1.392571516413e+09 768 7235 3201 16 8 9 9 3.74900504e-08 6.34645299e-08 outputs/V1e26_D100_G14/solution/solution-00079 
 80 1.114057213130e+11 1.392571516413e+09 768 7235 3201 16 8 9 9 3.71867082e-08 6.29430080e-08 outputs/V1e26_D100_G14/solution/solution-00080 
 81 1.127982928294e+11 1.392571516413e+09 768 7235 3201 16 8 9 9 3.68858136e-08 6.24260588e-08 outputs/V1e26_D100_G14/solution/solution-00081 
 82 1.141908643458e+11 1.392571516413e+09 768 7235 3201 16 7 8 8 3.65873472e-08 6.19136298e-08 outputs/V1e26_D100_G14/solution/solution-00082 
 83 1.155834358622e+11 1.392571516413e+09 768 7235 3201 16 7 8 8 3.62912899e-08 6.14056694e-08 outputs/V1e26_D100_G14/solution/solution-00083 
 84 1.169760073787e+11 1.392571516413e+09 768 7235 3201 16 7 8 8 3.59976228e-08 6.09021272e-08 outputs/V1e26_D100_G14/solution/solution-00084 
 85 1.183685788951e+11 1.392571516413e+09 768 7235 3201 16 7 8 8 3.57063268e-08 6.04029539e-08 outputs/V1e26_D100_G14/solution/solution-00085 
 86 1.197611504115e+11 1.392571516413e+09 768 7235 3201 16 7 8 8 3.54173834e-08 5.99081009e-08 outputs/V1e26_D100_G14/solution/solution-00086 
 87 1.211537219279e+11 1.392571516413e+09 768 7235 3201 16 7 8 8 3.51307737e-08 5.94175210e-08 outputs/V1e26_D100_G14/solution/solution-00087 
 88 1.225462934443e+11 1.392571516413e+09 768 7235 3201 16 7 8 8 3.48464794e-08 5.89311676e-08 outputs/V1e26_D100_G14/solution/solution-00088 
 89 1.239388649607e+11 1.392571516413e+09 768 7235 3201 16 7 8 8 3.45644819e-08 5.84489951e-08 outputs/V1e26_D100_G14/solution/solution-00089 
 90 1.253314364771e+11 1.392571516413e+09 768 7235 3201 16 7 8 8 3.42847632e-08 5.79709588e-08 outputs/V1e26_D100_G14/solution/solution-00090 
 91 1.267240079935e+11 1.392571516413e+09 768 7235 3201 16 7 8 8 3.40073049e-08 5.74970148e-08 outputs/V1e26_D100_G14/solution/solution-00091 
 92 1.281165795100e+11 1.392571516413e+09 768 7235 3201 16 7 8 8 3.37320891e-08 5.70271200e-08 outputs/V1e26_D100_G14/solution/solution-00092 
 93 1.295091510264e+11 1.392571516413e+09 768 7235 3201 16 7 8 8 3.34590978e-08 5.65612322e-08 outputs/V1e26_D100_G14/solution/solution-00093 
 94 1.309017225428e+11 1.392571516413e+09 768 7235 3201 15 7 8 8 3.31883134e-08 5.60993098e-08 outputs/V1e26_D100_G14/solution/solution-00094 
 95 1.322942940592e+11 1.392571516413e+09 768 7235 3201 15 7 8 8 3.29197182e-08 5.56413120e-08 outputs/V1e26_D100_G14/solution/solution-00095 
 96 1.336868655756e+11 1.392571516413e+09 768 7235 3201 15 7 8 8 3.26532946e-08 5.51871987e-08 outputs/V1e26_D100_G14/solution/solution-00096 
 97 1.350794370920e+11 1.392571516413e+09 768 7235 3201 15 7 8 8 3.23890253e-08 5.47369306e-08 outputs/V1e26_D100_G14/solution/solution-00097 
 98 1.364720086084e+11 1.392571516413e+09 768 7235 3201 15 7 8 8 3.21268929e-08 5.42904689e-08 outputs/V1e26_D100_G14/solution/solution-00098 
 99 1.378645801248e+11 1.392571516413e+09 768 7235 3201 15 7 8 8 3.18668805e-08 5.38477755e-08 outputs/V1e26_D100_G14/solution/solution-00099 
100 1.392571516413e+11 1.392571516413e+09 768 7235 3201 15 7 8 8 3.16089708e-08 5.34088131e-08 outputs/V1e26_D100_G14/solution/solution-00100 
