# 1: Time step number
# 2: Time (years)
# 3: Time step size (years)
# 4: Number of mesh cells
# 5: Number of Stokes degrees of freedom
# 6: Number of temperature degrees of freedom
# 7: Iterations for temperature solver
# 8: Iterations for Stokes solver
# 9: Velocity iterations in Stokes preconditioner
# 10: Schur complement iterations in Stokes preconditioner
# 11: RMS velocity (m/year)
# 12: Max. velocity (m/year)
# 13: Visualization file name
  0 0.000000000000e+00 0.000000000000e+00 768 7235 3201  0 8 9 9 1.60611611e-06 2.84981029e-06 outputs/V3.3e24_D30_G8/solution/solution-00000 
  1 1.392571516413e+09 1.392571516413e+09 768 7235 3201 32 8 9 9 1.71240058e-06 3.00588318e-06 outputs/V3.3e24_D30_G8/solution/solution-00001 
  2 2.785143032825e+09 1.392571516413e+09 768 7235 3201 25 8 9 9 1.96116810e-06 3.61185747e-06 outputs/V3.3e24_D30_G8/solution/solution-00002 
  3 4.177714549238e+09 1.392571516413e+09 768 7235 3201 24 8 9 9 2.44213258e-06 4.68933564e-06 outputs/V3.3e24_D30_G8/solution/solution-00003 
  4 5.570286065650e+09 1.392571516413e+09 768 7235 3201 23 8 9 9 3.28807459e-06 6.49323949e-06 outputs/V3.3e24_D30_G8/solution/solution-00004 
  5 6.962857582063e+09 1.392571516413e+09 768 7235 3201 23 8 9 9 4.72432929e-06 9.46092110e-06 outputs/V3.3e24_D30_G8/solution/solution-00005 
  6 8.355429098476e+09 1.392571516413e+09 768 7235 3201 22 8 9 9 7.14414089e-06 1.43555158e-05 outputs/V3.3e24_D30_G8/solution/solution-00006 
  7 9.748000614888e+09 1.392571516413e+09 768 7235 3201 21 8 9 9 1.12410039e-05 2.25200378e-05 outputs/V3.3e24_D30_G8/solution/solution-00007 
  8 1.114057213130e+10 1.392571516413e+09 768 7235 3201 21 8 9 9 1.82463127e-05 3.63136258e-05 outputs/V3.3e24_D30_G8/solution/solution-00008 
  9 1.253314364771e+10 1.392571516413e+09 768 7235 3201 21 8 9 9 3.03624298e-05 5.99111659e-05 outputs/V3.3e24_D30_G8/solution/solution-00009 
 10 1.392571516413e+10 1.392571516413e+09 768 7235 3201 22 8 9 9 5.15582924e-05 1.00903586e-04 outputs/V3.3e24_D30_G8/solution/solution-00010 
 11 1.485527588880e+10 9.295607246778e+08 768 7235 3201 20 7 8 8 7.51738895e-05 1.46367283e-04 outputs/V3.3e24_D30_G8/solution/solution-00011 
 12 1.549578788232e+10 6.405119935116e+08 768 7235 3201 16 7 8 8 9.89715893e-05 1.92112824e-04 outputs/V3.3e24_D30_G8/solution/solution-00012 
 13 1.598393624732e+10 4.881483650062e+08 768 7235 3201 14 7 8 8 1.23039622e-04 2.38264702e-04 outputs/V3.3e24_D30_G8/solution/solution-00013 
 14 1.637733712119e+10 3.934008738650e+08 768 7235 3201 13 7 8 8 1.47284770e-04 2.84762401e-04 outputs/V3.3e24_D30_G8/solution/solution-00014 
 15 1.670663200670e+10 3.292948855177e+08 768 7235 3201 12 6 7 7 1.71659709e-04 3.31404255e-04 outputs/V3.3e24_D30_G8/solution/solution-00015 
 16 1.698951914114e+10 2.828871344358e+08 768 7235 3201 11 6 7 7 1.96103361e-04 3.78038377e-04 outputs/V3.3e24_D30_G8/solution/solution-00016 
 17 1.723765520235e+10 2.481360612075e+08 768 7235 3201 11 6 7 7 2.20596038e-04 4.24430068e-04 outputs/V3.3e24_D30_G8/solution/solution-00017 
 18 1.745847129767e+10 2.208160953206e+08 768 7235 3201 10 6 7 7 2.45066380e-04 4.70791119e-04 outputs/V3.3e24_D30_G8/solution/solution-00018 
 19 1.765762801163e+10 1.991567139646e+08 768 7235 3201 10 6 7 7 2.69486205e-04 5.16674607e-04 outputs/V3.3e24_D30_G8/solution/solution-00019 
 20 1.783913113644e+10 1.815031248082e+08 768 7235 3201 10 6 7 7 2.93801644e-04 5.62087032e-04 outputs/V3.3e24_D30_G8/solution/solution-00020 
 21 1.800592025401e+10 1.667891175656e+08 768 7235 3201  9 6 7 7 3.17938427e-04 6.06680500e-04 outputs/V3.3e24_D30_G8/solution/solution-00021 
 22 1.816044969735e+10 1.545294433476e+08 768 7235 3201  9 6 7 7 3.41843229e-04 6.50576963e-04 outputs/V3.3e24_D30_G8/solution/solution-00022 
 23 1.830464603691e+10 1.441963395590e+08 768 7235 3201  9 6 7 7 3.65454410e-04 6.93355984e-04 outputs/V3.3e24_D30_G8/solution/solution-00023 
 24 1.843988622366e+10 1.352401867435e+08 768 7235 3201  9 6 7 7 3.88674381e-04 7.34707839e-04 outputs/V3.3e24_D30_G8/solution/solution-00024 
 25 1.856744025968e+10 1.275540360262e+08 768 7235 3201  9 6 7 7 4.11428182e-04 7.74965070e-04 outputs/V3.3e24_D30_G8/solution/solution-00025 
 26 1.868837661244e+10 1.209363527575e+08 768 7235 3201  9 6 7 7 4.33640935e-04 8.13895414e-04 outputs/V3.3e24_D30_G8/solution/solution-00026 
 27 1.880358644407e+10 1.152098316297e+08 768 7235 3201  9 6 7 7 4.55234743e-04 8.51019066e-04 outputs/V3.3e24_D30_G8/solution/solution-00027 
 28 1.891382203197e+10 1.102355879035e+08 768 7235 3201  9 6 7 7 4.76130143e-04 8.86213891e-04 outputs/V3.3e24_D30_G8/solution/solution-00028 
 29 1.901964271215e+10 1.058206801806e+08 768 7235 3201  9 6 7 7 4.96231945e-04 9.19507892e-04 outputs/V3.3e24_D30_G8/solution/solution-00029 
 30 1.912159942270e+10 1.019567105496e+08 768 7235 3201  9 6 7 7 5.15462071e-04 9.50913735e-04 outputs/V3.3e24_D30_G8/solution/solution-00030 
 31 1.922018880736e+10 9.858938465145e+07 768 7235 3201  9 6 7 7 5.33749383e-04 9.80068833e-04 outputs/V3.3e24_D30_G8/solution/solution-00031 
 32 1.931584535391e+10 9.565654655821e+07 768 7235 3201  9 6 7 7 5.51026914e-04 1.00690661e-03 outputs/V3.3e24_D30_G8/solution/solution-00032 
 33 1.940895230054e+10 9.310694662283e+07 768 7235 3201  9 6 7 7 5.67233109e-04 1.03137591e-03 outputs/V3.3e24_D30_G8/solution/solution-00033 
 34 1.949985029290e+10 9.089799235865e+07 768 7235 3201  9 6 7 7 5.82312951e-04 1.05353832e-03                                             "" 
 35 1.958884432766e+10 8.899403476482e+07 768 7235 3201  9 6 7 7 5.96218938e-04 1.07472834e-03 outputs/V3.3e24_D30_G8/solution/solution-00034 
 36 1.967605301844e+10 8.720869078333e+07 768 7235 3201  9 6 7 7 6.08890141e-04 1.10164582e-03 outputs/V3.3e24_D30_G8/solution/solution-00035 
 37 1.976113528315e+10 8.508226470453e+07 768 7235 3201  9 6 7 7 6.20227459e-04 1.12567312e-03 outputs/V3.3e24_D30_G8/solution/solution-00036 
 38 1.984440425060e+10 8.326896745043e+07 768 7235 3201  9 6 7 7 6.30250099e-04 1.14685234e-03 outputs/V3.3e24_D30_G8/solution/solution-00037 
 39 1.992613674448e+10 8.173249388263e+07 768 7235 3201  9 6 7 7 6.38982858e-04 1.16524212e-03 outputs/V3.3e24_D30_G8/solution/solution-00038 
 40 2.000657927085e+10 8.044252636428e+07 768 7235 3201  9 6 7 7 6.46455924e-04 1.18091601e-03 outputs/V3.3e24_D30_G8/solution/solution-00039 
 41 2.008595283183e+10 7.937356098135e+07 768 7235 3201  9 5 6 6 6.52704537e-04 1.19396073e-03                                             "" 
 42 2.016445682911e+10 7.850399728768e+07 768 7235 3201  9 5 6 6 6.57768552e-04 1.20447435e-03 outputs/V3.3e24_D30_G8/solution/solution-00040 
 43 2.024227225396e+10 7.781542485036e+07 768 7235 3201  9 5 6 6 6.61691987e-04 1.21256472e-03 outputs/V3.3e24_D30_G8/solution/solution-00041 
 44 2.031956430403e+10 7.729205006308e+07 768 7235 3201  9 5 6 6 6.64522481e-04 1.21834768e-03 outputs/V3.3e24_D30_G8/solution/solution-00042 
 45 2.039648454469e+10 7.692024066156e+07 768 7235 3201  9 5 6 6 6.66310761e-04 1.22194558e-03                                             "" 
 46 2.047317269868e+10 7.668815398932e+07 768 7235 3201  9 5 6 6 6.67110081e-04 1.22348572e-03 outputs/V3.3e24_D30_G8/solution/solution-00043 
 47 2.054975813234e+10 7.658543366041e+07 768 7235 3201  9 5 6 6 6.66975671e-04 1.22309898e-03 outputs/V3.3e24_D30_G8/solution/solution-00044 
 48 2.062636109209e+10 7.660295975186e+07 768 7235 3201  9 6 7 7 6.65964189e-04 1.22091846e-03 outputs/V3.3e24_D30_G8/solution/solution-00045 
 49 2.070309373398e+10 7.673264189327e+07 768 7235 3201  9 6 7 7 6.64133199e-04 1.21707831e-03 outputs/V3.3e24_D30_G8/solution/solution-00046 
 50 2.078006097882e+10 7.696724483688e+07 768 7235 3201  9 6 7 7 6.61540656e-04 1.21171255e-03                                             "" 
 51 2.085736122378e+10 7.730024495655e+07 768 7235 3201  9 6 7 7 6.58244442e-04 1.20511561e-03 outputs/V3.3e24_D30_G8/solution/solution-00047 
 52 2.093508692948e+10 7.772570570695e+07 768 7235 3201  9 6 7 7 6.54301924e-04 1.19734860e-03 outputs/V3.3e24_D30_G8/solution/solution-00048 
 53 2.101332510276e+10 7.823817327663e+07 768 7235 3201  9 6 7 7 6.49769554e-04 1.18844813e-03 outputs/V3.3e24_D30_G8/solution/solution-00049 
 54 2.109215768990e+10 7.883258713419e+07 768 7235 3201  9 6 7 7 6.44702505e-04 1.17853694e-03                                             "" 
 55 2.117166189325e+10 7.950420335745e+07 768 7235 3201  9 6 7 7 6.39154352e-04 1.16773393e-03 outputs/V3.3e24_D30_G8/solution/solution-00050 
 56 2.125191042206e+10 8.024852880691e+07 768 7235 3201  9 6 7 7 6.33176793e-04 1.15615370e-03 outputs/V3.3e24_D30_G8/solution/solution-00051 
 57 2.133297168669e+10 8.106126463239e+07 768 7235 3201  9 6 7 7 6.26819414e-04 1.14390608e-03 outputs/V3.3e24_D30_G8/solution/solution-00052 
 58 2.141490994463e+10 8.193825794271e+07 768 7235 3201  9 6 7 7 6.20129490e-04 1.13109577e-03 outputs/V3.3e24_D30_G8/solution/solution-00053 
 59 2.149778540537e+10 8.287546073997e+07 768 7235 3201  9 6 7 7 6.13151836e-04 1.11782210e-03                                             "" 
 60 2.158165430081e+10 8.386889543458e+07 768 7235 3201  9 6 7 7 6.05928692e-04 1.10417876e-03 outputs/V3.3e24_D30_G8/solution/solution-00054 
 61 2.166656892723e+10 8.491462642336e+07 768 7235 3201  8 6 7 7 5.98499641e-04 1.09025372e-03 outputs/V3.3e24_D30_G8/solution/solution-00055 
 62 2.175257766457e+10 8.600873733845e+07 768 7235 3201  8 6 7 7 5.90901576e-04 1.07612907e-03 outputs/V3.3e24_D30_G8/solution/solution-00056 
 63 2.183972497823e+10 8.714731366269e+07 768 7235 3201  8 6 7 7 5.83168689e-04 1.06188102e-03 outputs/V3.3e24_D30_G8/solution/solution-00057 
 64 2.192805140870e+10 8.832643046404e+07 768 7235 3201  8 6 7 7 5.75332495e-04 1.04757992e-03 outputs/V3.3e24_D30_G8/solution/solution-00058 
 65 2.201759355373e+10 8.954214502907e+07 768 7235 3201  8 6 7 7 5.67421888e-04 1.03329029e-03 outputs/V3.3e24_D30_G8/solution/solution-00059 
 66 2.210838404790e+10 9.079049417824e+07 768 7235 3201  8 6 7 7 5.59463214e-04 1.01907091e-03 outputs/V3.3e24_D30_G8/solution/solution-00060 
 67 2.220045154393e+10 9.206749602685e+07 768 7235 3201  8 6 7 7 5.51480378e-04 1.00497495e-03 outputs/V3.3e24_D30_G8/solution/solution-00061 
 68 2.229382069985e+10 9.336915591943e+07 768 7235 3201  8 6 7 7 5.43494958e-04 9.91050147e-04                                             "" 
 69 2.238851217607e+10 9.469147621532e+07 768 7235 3201  8 6 7 7 5.35526342e-04 9.77338925e-04 outputs/V3.3e24_D30_G8/solution/solution-00062 
 70 2.248454264561e+10 9.603046954526e+07 768 7235 3201  8 5 6 6 5.27591877e-04 9.63878642e-04 outputs/V3.3e24_D30_G8/solution/solution-00063 
 71 2.258191120068e+10 9.736855506379e+07 768 7235 3201  8 5 6 6 5.19708110e-04 9.50703595e-04 outputs/V3.3e24_D30_G8/solution/solution-00064 
 72 2.268061574082e+10 9.870454014815e+07 768 7235 3201  8 5 6 6 5.11889553e-04 9.37842823e-04 outputs/V3.3e24_D30_G8/solution/solution-00065 
 73 2.278066036398e+10 1.000446231572e+08 768 7235 3201  8 5 6 6 5.04148301e-04 9.25319517e-04 outputs/V3.3e24_D30_G8/solution/solution-00066 
 74 2.288204545226e+10 1.013850882756e+08 768 7235 3201  8 5 6 6 4.96495033e-04 9.13152710e-04 outputs/V3.3e24_D30_G8/solution/solution-00067 
 75 2.298476779854e+10 1.027223462804e+08 768 7235 3201  8 5 6 6 4.88939172e-04 9.01357550e-04 outputs/V3.3e24_D30_G8/solution/solution-00068 
 76 2.308882075534e+10 1.040529567997e+08 768 7235 3201  8 5 6 6 4.81489037e-04 8.89945573e-04 outputs/V3.3e24_D30_G8/solution/solution-00069 
 77 2.319419440498e+10 1.053736496419e+08 768 7235 3201  8 5 6 6 4.74151988e-04 8.78924981e-04 outputs/V3.3e24_D30_G8/solution/solution-00070 
 78 2.330087574964e+10 1.066813446609e+08 768 7235 3201  8 5 6 6 4.66934554e-04 8.68300912e-04 outputs/V3.3e24_D30_G8/solution/solution-00071 
 79 2.340884891930e+10 1.079731696557e+08 768 7235 3201  8 5 6 6 4.59842559e-04 8.58151252e-04 outputs/V3.3e24_D30_G8/solution/solution-00072 
 80 2.351809539517e+10 1.092464758736e+08 768 7235 3201  8 5 6 6 4.52881218e-04 8.48425113e-04 outputs/V3.3e24_D30_G8/solution/solution-00073 
 81 2.362859424594e+10 1.104988507713e+08 768 7235 3201  8 5 6 6 4.46055236e-04 8.39090405e-04 outputs/V3.3e24_D30_G8/solution/solution-00074 
 82 2.374032237373e+10 1.117281277870e+08 768 7235 3201  8 5 6 6 4.39368876e-04 8.30142686e-04 outputs/V3.3e24_D30_G8/solution/solution-00075 
 83 2.385325476671e+10 1.129323929797e+08 768 7235 3201  8 5 6 6 4.32826023e-04 8.21575755e-04 outputs/V3.3e24_D30_G8/solution/solution-00076 
 84 2.396736475520e+10 1.141099884954e+08 768 7235 3201  8 5 6 6 4.26430230e-04 8.13381886e-04 outputs/V3.3e24_D30_G8/solution/solution-00077 
 85 2.408262426811e+10 1.152595129128e+08 768 7235 3201  8 5 6 6 4.20184748e-04 8.05552037e-04 outputs/V3.3e24_D30_G8/solution/solution-00078 
 86 2.419900408673e+10 1.163798186142e+08 768 7235 3201  8 5 6 6 4.14092550e-04 7.98076061e-04 outputs/V3.3e24_D30_G8/solution/solution-00079 
 87 2.431647409312e+10 1.174700063958e+08 768 7235 3201  8 5 6 6 4.08156334e-04 7.90942889e-04 outputs/V3.3e24_D30_G8/solution/solution-00080 
 88 2.443500351072e+10 1.185294175922e+08 768 7235 3201  8 5 6 6 4.02378531e-04 7.84140708e-04 outputs/V3.3e24_D30_G8/solution/solution-00081 
 89 2.455456113475e+10 1.195576240289e+08 768 7235 3201  8 5 6 6 3.96761289e-04 7.77657119e-04 outputs/V3.3e24_D30_G8/solution/solution-00082 
 90 2.467511555089e+10 1.205544161421e+08 768 7235 3201  8 5 6 6 3.91306467e-04 7.71479282e-04 outputs/V3.3e24_D30_G8/solution/solution-00083 
 91 2.479663534050e+10 1.215197896081e+08 768 7235 3201  8 5 6 6 3.86015611e-04 7.65594043e-04 outputs/V3.3e24_D30_G8/solution/solution-00084 
 92 2.491908927131e+10 1.224539308186e+08 768 7235 3201  8 5 6 6 3.80889943e-04 7.59988058e-04 outputs/V3.3e24_D30_G8/solution/solution-00085 
 93 2.504244647283e+10 1.233572015169e+08 768 7235 3201  8 5 6 6 3.75930337e-04 7.54647889e-04 outputs/V3.3e24_D30_G8/solution/solution-00086 
 94 2.516667659571e+10 1.242301228804e+08 768 7235 3201  8 5 6 6 3.71137304e-04 7.49560102e-04 outputs/V3.3e24_D30_G8/solution/solution-00087 
 95 2.529174995501e+10 1.250733592998e+08 768 7235 3201  8 5 6 6 3.66510980e-04 7.44711346e-04 outputs/V3.3e24_D30_G8/solution/solution-00088 
 96 2.541763765708e+10 1.258877020677e+08 768 7235 3201  8 5 6 6 3.62051115e-04 7.40088421e-04 outputs/V3.3e24_D30_G8/solution/solution-00089 
 97 2.554431171023e+10 1.266740531503e+08 768 7235 3201  7 5 6 6 3.57757073e-04 7.35678348e-04 outputs/V3.3e24_D30_G8/solution/solution-00090 
 98 2.567174511941e+10 1.274334091849e+08 768 7235 3201  7 5 6 6 3.53627831e-04 7.31468418e-04 outputs/V3.3e24_D30_G8/solution/solution-00091 
 99 2.579991196522e+10 1.281668458093e+08 768 7235 3201  7 5 6 6 3.49661992e-04 7.27446243e-04 outputs/V3.3e24_D30_G8/solution/solution-00092 
100 2.592878746763e+10 1.288755024091e+08 768 7235 3201  7 5 6 6 3.45857796e-04 7.23599795e-04 outputs/V3.3e24_D30_G8/solution/solution-00093 
