# 1: Time step number
# 2: Time (years)
# 3: Time step size (years)
# 4: Number of mesh cells
# 5: Number of Stokes degrees of freedom
# 6: Number of temperature degrees of freedom
# 7: Iterations for temperature solver
# 8: Iterations for Stokes solver
# 9: Velocity iterations in Stokes preconditioner
# 10: Schur complement iterations in Stokes preconditioner
# 11: RMS velocity (m/year)
# 12: Max. velocity (m/year)
# 13: Visualization file name
  0 0.000000000000e+00 0.000000000000e+00 768 7235 3201  0 8 9 9 8.03058056e-09 1.42490515e-08 outputs/V3.3e26_D30_G4/solution/solution-00000 
  1 1.392571516413e+09 1.392571516413e+09 768 7235 3201 32 8 9 9 7.59892681e-09 1.28352051e-08 outputs/V3.3e26_D30_G4/solution/solution-00001 
  2 2.785143032825e+09 1.392571516413e+09 768 7235 3201 25 8 9 9 7.20225172e-09 1.21562052e-08 outputs/V3.3e26_D30_G4/solution/solution-00002 
  3 4.177714549238e+09 1.392571516413e+09 768 7235 3201 24 8 9 9 6.83186242e-09 1.15359607e-08 outputs/V3.3e26_D30_G4/solution/solution-00003 
  4 5.570286065650e+09 1.392571516413e+09 768 7235 3201 23 8 9 9 6.48228564e-09 1.09501720e-08 outputs/V3.3e26_D30_G4/solution/solution-00004 
  5 6.962857582063e+09 1.392571516413e+09 768 7235 3201 23 8 9 9 6.15243764e-09 1.03969366e-08 outputs/V3.3e26_D30_G4/solution/solution-00005 
  6 8.355429098476e+09 1.392571516413e+09 768 7235 3201 22 8 9 9 5.84097522e-09 9.87402185e-09 outputs/V3.3e26_D30_G4/solution/solution-00006 
  7 9.748000614888e+09 1.392571516413e+09 768 7235 3201 21 8 9 9 5.54662392e-09 9.37930736e-09 outputs/V3.3e26_D30_G4/solution/solution-00007 
  8 1.114057213130e+10 1.392571516413e+09 768 7235 3201 21 8 9 9 5.26821383e-09 8.91088046e-09 outputs/V3.3e26_D30_G4/solution/solution-00008 
  9 1.253314364771e+10 1.392571516413e+09 768 7235 3201 21 8 9 9 5.00468389e-09 8.46703101e-09 outputs/V3.3e26_D30_G4/solution/solution-00009 
 10 1.392571516413e+10 1.392571516413e+09 768 7235 3201 20 8 9 9 4.75507411e-09 8.04622398e-09 outputs/V3.3e26_D30_G4/solution/solution-00010 
 11 1.531828668054e+10 1.392571516413e+09 768 7235 3201 20 8 9 9 4.51851385e-09 7.64707139e-09 outputs/V3.3e26_D30_G4/solution/solution-00011 
 12 1.671085819695e+10 1.392571516413e+09 768 7235 3201 20 8 9 9 4.29421026e-09 7.26830888e-09 outputs/V3.3e26_D30_G4/solution/solution-00012 
 13 1.810342971336e+10 1.392571516413e+09 768 7235 3201 20 8 9 9 4.08143809e-09 6.90877691e-09 outputs/V3.3e26_D30_G4/solution/solution-00013 
 14 1.949600122978e+10 1.392571516413e+09 768 7235 3201 20 8 9 9 3.87953106e-09 6.56740608e-09 outputs/V3.3e26_D30_G4/solution/solution-00014 
 15 2.088857274619e+10 1.392571516413e+09 768 7235 3201 20 8 9 9 3.68787455e-09 6.24320533e-09 outputs/V3.3e26_D30_G4/solution/solution-00015 
 16 2.228114426260e+10 1.392571516413e+09 768 7235 3201 19 8 9 9 3.50589948e-09 5.93525254e-09 outputs/V3.3e26_D30_G4/solution/solution-00016 
 17 2.367371577901e+10 1.392571516413e+09 768 7235 3201 19 8 9 9 3.33307719e-09 5.64268680e-09 outputs/V3.3e26_D30_G4/solution/solution-00017 
 18 2.506628729543e+10 1.392571516413e+09 768 7235 3201 19 8 9 9 3.16891510e-09 5.36470207e-09 outputs/V3.3e26_D30_G4/solution/solution-00018 
 19 2.645885881184e+10 1.392571516413e+09 768 7235 3201 19 8 9 9 3.01295300e-09 5.10054190e-09 outputs/V3.3e26_D30_G4/solution/solution-00019 
 20 2.785143032825e+10 1.392571516413e+09 768 7235 3201 19 8 9 9 2.86475998e-09 4.84949491e-09 outputs/V3.3e26_D30_G4/solution/solution-00020 
 21 2.924400184466e+10 1.392571516413e+09 768 7235 3201 19 8 9 9 2.72393166e-09 4.61089102e-09 outputs/V3.3e26_D30_G4/solution/solution-00021 
 22 3.063657336108e+10 1.392571516413e+09 768 7235 3201 19 8 9 9 2.59008792e-09 4.38409809e-09 outputs/V3.3e26_D30_G4/solution/solution-00022 
 23 3.202914487749e+10 1.392571516413e+09 768 7235 3201 19 8 9 9 2.46287086e-09 4.16851904e-09 outputs/V3.3e26_D30_G4/solution/solution-00023 
 24 3.342171639390e+10 1.392571516413e+09 768 7235 3201 19 8 9 9 2.34194304e-09 3.96358941e-09 outputs/V3.3e26_D30_G4/solution/solution-00024 
 25 3.481428791032e+10 1.392571516413e+09 768 7235 3201 19 8 9 9 2.22698594e-09 3.76877500e-09 outputs/V3.3e26_D30_G4/solution/solution-00025 
 26 3.620685942673e+10 1.392571516413e+09 768 7235 3201 18 8 9 9 2.11769857e-09 3.58356995e-09 outputs/V3.3e26_D30_G4/solution/solution-00026 
 27 3.759943094314e+10 1.392571516413e+09 768 7235 3201 18 8 9 9 2.01379628e-09 3.40749494e-09 outputs/V3.3e26_D30_G4/solution/solution-00027 
 28 3.899200245955e+10 1.392571516413e+09 768 7235 3201 18 8 9 9 1.91500962e-09 3.24009552e-09 outputs/V3.3e26_D30_G4/solution/solution-00028 
 29 4.038457397597e+10 1.392571516413e+09 768 7235 3201 18 8 9 9 1.82108340e-09 3.08094063e-09 outputs/V3.3e26_D30_G4/solution/solution-00029 
 30 4.177714549238e+10 1.392571516413e+09 768 7235 3201 18 8 9 9 1.73177578e-09 2.92962130e-09 outputs/V3.3e26_D30_G4/solution/solution-00030 
 31 4.316971700879e+10 1.392571516413e+09 768 7235 3201 18 8 9 9 1.64685744e-09 2.78574934e-09 outputs/V3.3e26_D30_G4/solution/solution-00031 
 32 4.456228852520e+10 1.392571516413e+09 768 7235 3201 18 8 9 9 1.56611087e-09 2.64895619e-09 outputs/V3.3e26_D30_G4/solution/solution-00032 
 33 4.595486004162e+10 1.392571516413e+09 768 7235 3201 18 8 9 9 1.48932968e-09 2.51889189e-09 outputs/V3.3e26_D30_G4/solution/solution-00033 
 34 4.734743155803e+10 1.392571516413e+09 768 7235 3201 18 8 9 9 1.41631794e-09 2.39522403e-09 outputs/V3.3e26_D30_G4/solution/solution-00034 
 35 4.874000307444e+10 1.392571516413e+09 768 7235 3201 18 8 9 9 1.34688964e-09 2.27763685e-09 outputs/V3.3e26_D30_G4/solution/solution-00035 
 36 5.013257459085e+10 1.392571516413e+09 768 7235 3201 18 8 9 9 1.28086812e-09 2.16583035e-09 outputs/V3.3e26_D30_G4/solution/solution-00036 
 37 5.152514610727e+10 1.392571516413e+09 768 7235 3201 18 8 9 9 1.21808558e-09 2.05951948e-09 outputs/V3.3e26_D30_G4/solution/solution-00037 
 38 5.291771762368e+10 1.392571516413e+09 768 7235 3201 18 8 9 9 1.15838260e-09 1.95843338e-09 outputs/V3.3e26_D30_G4/solution/solution-00038 
 39 5.431028914009e+10 1.392571516413e+09 768 7235 3201 18 8 9 9 1.10160770e-09 1.86231461e-09 outputs/V3.3e26_D30_G4/solution/solution-00039 
 40 5.570286065650e+10 1.392571516413e+09 768 7235 3201 18 8 9 9 1.04761695e-09 1.77091852e-09 outputs/V3.3e26_D30_G4/solution/solution-00040 
 41 5.709543217292e+10 1.392571516413e+09 768 7235 3201 18 8 9 9 9.96273526e-10 1.68401258e-09 outputs/V3.3e26_D30_G4/solution/solution-00041 
 42 5.848800368933e+10 1.392571516413e+09 768 7235 3201 18 8 9 9 9.47447405e-10 1.60137575e-09 outputs/V3.3e26_D30_G4/solution/solution-00042 
 43 5.988057520574e+10 1.392571516413e+09 768 7235 3201 18 8 9 9 9.01014983e-10 1.52279793e-09 outputs/V3.3e26_D30_G4/solution/solution-00043 
 44 6.127314672215e+10 1.392571516413e+09 768 7235 3201 18 8 9 9 8.56858760e-10 1.44807941e-09 outputs/V3.3e26_D30_G4/solution/solution-00044 
 45 6.266571823857e+10 1.392571516413e+09 768 7235 3201 17 8 9 9 8.14867035e-10 1.37703033e-09 outputs/V3.3e26_D30_G4/solution/solution-00045 
 46 6.405828975498e+10 1.392571516413e+09 768 7235 3201 17 8 9 9 7.74933607e-10 1.30947020e-09 outputs/V3.3e26_D30_G4/solution/solution-00046 
 47 6.545086127139e+10 1.392571516413e+09 768 7235 3201 17 8 9 9 7.36957505e-10 1.24522744e-09 outputs/V3.3e26_D30_G4/solution/solution-00047 
 48 6.684343278781e+10 1.392571516413e+09 768 7235 3201 17 8 9 9 7.00842728e-10 1.18413894e-09 outputs/V3.3e26_D30_G4/solution/solution-00048 
 49 6.823600430422e+10 1.392571516413e+09 768 7235 3201 17 8 9 9 6.66497993e-10 1.12604960e-09 outputs/V3.3e26_D30_G4/solution/solution-00049 
 50 6.962857582063e+10 1.392571516413e+09 768 7235 3201 17 8 9 9 6.33836507e-10 1.07081201e-09 outputs/V3.3e26_D30_G4/solution/solution-00050 
 51 7.102114733704e+10 1.392571516413e+09 768 7235 3201 17 8 9 9 6.02775736e-10 1.01828598e-09 outputs/V3.3e26_D30_G4/solution/solution-00051 
 52 7.241371885346e+10 1.392571516413e+09 768 7235 3201 17 8 9 9 5.73237205e-10 9.68338257e-10 outputs/V3.3e26_D30_G4/solution/solution-00052 
 53 7.380629036987e+10 1.392571516413e+09 768 7235 3201 17 8 9 9 5.45146288e-10 9.20842131e-10 outputs/V3.3e26_D30_G4/solution/solution-00053 
 54 7.519886188628e+10 1.392571516413e+09 768 7235 3201 17 8 9 9 5.18432022e-10 8.75677138e-10 outputs/V3.3e26_D30_G4/solution/solution-00054 
 55 7.659143340269e+10 1.392571516413e+09 768 7235 3201 17 8 9 9 4.93026927e-10 8.32728744e-10 outputs/V3.3e26_D30_G4/solution/solution-00055 
 56 7.798400491911e+10 1.392571516413e+09 768 7235 3201 17 8 9 9 4.68866833e-10 7.91888053e-10 outputs/V3.3e26_D30_G4/solution/solution-00056 
 57 7.937657643552e+10 1.392571516413e+09 768 7235 3201 17 8 9 9 4.45890717e-10 7.53051525e-10 outputs/V3.3e26_D30_G4/solution/solution-00057 
 58 8.076914795193e+10 1.392571516413e+09 768 7235 3201 17 8 9 9 4.24040552e-10 7.16120717e-10 outputs/V3.3e26_D30_G4/solution/solution-00058 
 59 8.216171946834e+10 1.392571516413e+09 768 7235 3201 17 8 9 9 4.03261151e-10 6.81002029e-10 outputs/V3.3e26_D30_G4/solution/solution-00059 
 60 8.355429098476e+10 1.392571516413e+09 768 7235 3201 17 8 9 9 3.83500039e-10 6.47606463e-10 outputs/V3.3e26_D30_G4/solution/solution-00060 
 61 8.494686250117e+10 1.392571516413e+09 768 7235 3201 17 8 9 9 3.64707308e-10 6.15849400e-10 outputs/V3.3e26_D30_G4/solution/solution-00061 
 62 8.633943401758e+10 1.392571516413e+09 768 7235 3201 17 8 9 9 3.46835502e-10 5.85650384e-10 outputs/V3.3e26_D30_G4/solution/solution-00062 
 63 8.773200553399e+10 1.392571516413e+09 768 7235 3201 17 8 9 9 3.29839488e-10 5.56932911e-10 outputs/V3.3e26_D30_G4/solution/solution-00063 
 64 8.912457705041e+10 1.392571516413e+09 768 7235 3201 17 8 9 9 3.13676346e-10 5.29624242e-10 outputs/V3.3e26_D30_G4/solution/solution-00064 
 65 9.051714856682e+10 1.392571516413e+09 768 7235 3201 17 8 9 9 2.98305261e-10 5.03655211e-10 outputs/V3.3e26_D30_G4/solution/solution-00065 
 66 9.190972008323e+10 1.392571516413e+09 768 7235 3201 17 8 9 9 2.83687417e-10 4.78960055e-10 outputs/V3.3e26_D30_G4/solution/solution-00066 
 67 9.330229159964e+10 1.392571516413e+09 768 7235 3201 17 8 9 9 2.69785900e-10 4.55476242e-10 outputs/V3.3e26_D30_G4/solution/solution-00067 
 68 9.469486311606e+10 1.392571516413e+09 768 7235 3201 17 8 9 9 2.56565609e-10 4.33144311e-10 outputs/V3.3e26_D30_G4/solution/solution-00068 
 69 9.608743463247e+10 1.392571516413e+09 768 7235 3201 17 8 9 9 2.43993158e-10 4.11907726e-10 outputs/V3.3e26_D30_G4/solution/solution-00069 
 70 9.748000614888e+10 1.392571516413e+09 768 7235 3201 17 8 9 9 2.32036801e-10 3.91712727e-10 outputs/V3.3e26_D30_G4/solution/solution-00070 
 71 9.887257766530e+10 1.392571516413e+09 768 7235 3201 16 8 9 9 2.20666349e-10 3.72508201e-10 outputs/V3.3e26_D30_G4/solution/solution-00071 
 72 1.002651491817e+11 1.392571516413e+09 768 7235 3201 16 8 9 9 2.09853088e-10 3.54245538e-10 outputs/V3.3e26_D30_G4/solution/solution-00072 
 73 1.016577206981e+11 1.392571516413e+09 768 7235 3201 16 8 9 9 1.99569713e-10 3.36878517e-10 outputs/V3.3e26_D30_G4/solution/solution-00073 
 74 1.030502922145e+11 1.392571516413e+09 768 7235 3201 16 8 9 9 1.89790258e-10 3.20363190e-10 outputs/V3.3e26_D30_G4/solution/solution-00074 
 75 1.044428637309e+11 1.392571516413e+09 768 7235 3201 16 8 9 9 1.80490028e-10 3.04657766e-10 outputs/V3.3e26_D30_G4/solution/solution-00075 
 76 1.058354352474e+11 1.392571516413e+09 768 7235 3201 16 8 9 9 1.71645540e-10 2.89722508e-10 outputs/V3.3e26_D30_G4/solution/solution-00076 
 77 1.072280067638e+11 1.392571516413e+09 768 7235 3201 16 8 9 9 1.63234460e-10 2.75519630e-10 outputs/V3.3e26_D30_G4/solution/solution-00077 
 78 1.086205782802e+11 1.392571516413e+09 768 7235 3201 16 8 9 9 1.55235550e-10 2.62013199e-10 outputs/V3.3e26_D30_G4/solution/solution-00078 
 79 1.100131497966e+11 1.392571516413e+09 768 7235 3201 16 8 9 9 1.47628612e-10 2.49169050e-10 outputs/V3.3e26_D30_G4/solution/solution-00079 
 80 1.114057213130e+11 1.392571516413e+09 768 7235 3201 16 8 9 9 1.40394438e-10 2.36954693e-10 outputs/V3.3e26_D30_G4/solution/solution-00080 
 81 1.127982928294e+11 1.392571516413e+09 768 7235 3201 16 8 9 9 1.33514761e-10 2.25339235e-10 outputs/V3.3e26_D30_G4/solution/solution-00081 
 82 1.141908643458e+11 1.392571516413e+09 768 7235 3201 16 8 9 9 1.26972210e-10 2.14293298e-10 outputs/V3.3e26_D30_G4/solution/solution-00082 
 83 1.155834358622e+11 1.392571516413e+09 768 7235 3201 16 8 9 9 1.20750264e-10 2.03788945e-10 outputs/V3.3e26_D30_G4/solution/solution-00083 
 84 1.169760073787e+11 1.392571516413e+09 768 7235 3201 16 8 9 9 1.14833213e-10 1.93799613e-10 outputs/V3.3e26_D30_G4/solution/solution-00084 
 85 1.183685788951e+11 1.392571516413e+09 768 7235 3201 16 8 9 9 1.09206115e-10 1.84300041e-10 outputs/V3.3e26_D30_G4/solution/solution-00085 
 86 1.197611504115e+11 1.392571516413e+09 768 7235 3201 16 8 9 9 1.03854763e-10 1.75266208e-10 outputs/V3.3e26_D30_G4/solution/solution-00086 
 87 1.211537219279e+11 1.392571516413e+09 768 7235 3201 16 8 9 9 9.87656421e-11 1.66675273e-10 outputs/V3.3e26_D30_G4/solution/solution-00087 
 88 1.225462934443e+11 1.392571516413e+09 768 7235 3201 16 8 9 9 9.39259040e-11 1.58505515e-10 outputs/V3.3e26_D30_G4/solution/solution-00088 
 89 1.239388649607e+11 1.392571516413e+09 768 7235 3201 16 8 9 9 8.93233274e-11 1.50736278e-10 outputs/V3.3e26_D30_G4/solution/solution-00089 
 90 1.253314364771e+11 1.392571516413e+09 768 7235 3201 16 8 9 9 8.49462906e-11 1.43347921e-10 outputs/V3.3e26_D30_G4/solution/solution-00090 
 91 1.267240079935e+11 1.392571516413e+09 768 7235 3201 16 8 9 9 8.07837416e-11 1.36321765e-10 outputs/V3.3e26_D30_G4/solution/solution-00091 
 92 1.281165795100e+11 1.392571516413e+09 768 7235 3201 16 8 9 9 7.68251696e-11 1.29640050e-10 outputs/V3.3e26_D30_G4/solution/solution-00092 
 93 1.295091510264e+11 1.392571516413e+09 768 7235 3201 16 8 9 9 7.30605790e-11 1.23285885e-10 outputs/V3.3e26_D30_G4/solution/solution-00093 
 94 1.309017225428e+11 1.392571516413e+09 768 7235 3201 16 8 9 9 6.94804643e-11 1.17243210e-10 outputs/V3.3e26_D30_G4/solution/solution-00094 
 95 1.322942940592e+11 1.392571516413e+09 768 7235 3201 16 8 9 9 6.60757854e-11 1.11496749e-10 outputs/V3.3e26_D30_G4/solution/solution-00095 
 96 1.336868655756e+11 1.392571516413e+09 768 7235 3201 15 8 9 9 6.28379472e-11 1.06031985e-10 outputs/V3.3e26_D30_G4/solution/solution-00096 
 97 1.350794370920e+11 1.392571516413e+09 768 7235 3201 15 8 9 9 5.97587727e-11 1.00835101e-10 outputs/V3.3e26_D30_G4/solution/solution-00097 
 98 1.364720086084e+11 1.392571516413e+09 768 7235 3201 15 8 9 9 5.68304865e-11 9.58929612e-11 outputs/V3.3e26_D30_G4/solution/solution-00098 
 99 1.378645801248e+11 1.392571516413e+09 768 7235 3201 15 8 9 9 5.40456943e-11 9.11930759e-11 outputs/V3.3e26_D30_G4/solution/solution-00099 
100 1.392571516413e+11 1.392571516413e+09 768 7235 3201 15 8 9 9 5.13973645e-11 8.67235683e-11 outputs/V3.3e26_D30_G4/solution/solution-00100 
