# 1: Time step number
# 2: Time (years)
# 3: Time step size (years)
# 4: Number of mesh cells
# 5: Number of Stokes degrees of freedom
# 6: Number of temperature degrees of freedom
# 7: Iterations for temperature solver
# 8: Iterations for Stokes solver
# 9: Velocity iterations in Stokes preconditioner
# 10: Schur complement iterations in Stokes preconditioner
# 11: RMS velocity (m/year)
# 12: Max. velocity (m/year)
# 13: Visualization file name
  0 0.000000000000e+00 0.000000000000e+00 768 7235 3201  0 8 9 9 1.20750087e-06 5.86660631e-06 outputs/V1e25_D10000_G14/solution/solution-00000 
  1 1.392571516413e+09 1.392571516413e+09 768 7235 3201 32 8 9 9 4.44248204e-06 7.65652869e-06 outputs/V1e25_D10000_G14/solution/solution-00001 
  2 2.785143032825e+09 1.392571516413e+09 768 7235 3201 26 8 9 9 2.37523145e-05 4.23176449e-05 outputs/V1e25_D10000_G14/solution/solution-00002 
  3 4.177714549238e+09 1.392571516413e+09 768 7235 3201 26 8 9 9 1.18294205e-04 2.16687608e-04 outputs/V1e25_D10000_G14/solution/solution-00003 
  4 4.610365040958e+09 4.326504917205e+08 768 7235 3201 16 8 9 9 2.36634157e-04 4.37505067e-04 outputs/V1e25_D10000_G14/solution/solution-00004 
  5 4.824755887576e+09 2.143908466178e+08 768 7235 3201 12 8 9 9 3.53880492e-04 6.57138268e-04 outputs/V1e25_D10000_G14/solution/solution-00005 
  6 4.967410960280e+09 1.426550727042e+08 768 7235 3201 11 7 8 8 4.69937262e-04 8.75099725e-04 outputs/V1e25_D10000_G14/solution/solution-00006 
  7 5.074526077086e+09 1.071151168056e+08 768 7235 3201 10 7 8 8 5.83878287e-04 1.08968238e-03 outputs/V1e25_D10000_G14/solution/solution-00007 
  8 5.160606769454e+09 8.608069236815e+07 768 7235 3201 10 7 8 8 6.95515036e-04 1.29994432e-03 outputs/V1e25_D10000_G14/solution/solution-00008 
  9 5.232725243036e+09 7.211847358226e+07 768 7235 3201 10 6 7 7 8.04731997e-04 1.50578382e-03 outputs/V1e25_D10000_G14/solution/solution-00009 
 10 5.294985176373e+09 6.225993333676e+07 768 7235 3201 10 6 7 7 9.11645750e-04 1.70750654e-03                                               "" 
 11 5.349919660303e+09 5.493448392970e+07 768 7235 3201 10 6 7 7 1.01633031e-03 1.90447412e-03 outputs/V1e25_D10000_G14/solution/solution-00010 
 12 5.399139666218e+09 4.922000591545e+07 768 7235 3201 10 6 7 7 1.11866847e-03 2.09711324e-03                                               "" 
 13 5.443836043384e+09 4.469637716555e+07 768 7235 3201 10 6 7 7 1.21865405e-03 2.28567628e-03 outputs/V1e25_D10000_G14/solution/solution-00011 
 14 5.484871492097e+09 4.103544871366e+07 768 7235 3201 10 6 7 7 1.31623187e-03 2.46848791e-03                                               "" 
 15 5.522850207569e+09 3.797871547210e+07 768 7235 3201 10 6 7 7 1.41119802e-03 2.64696615e-03 outputs/V1e25_D10000_G14/solution/solution-00012 
 16 5.558268114223e+09 3.541790665378e+07 768 7235 3201 10 6 7 7 1.50340406e-03 2.81891095e-03                                               "" 
 17 5.591525638718e+09 3.325752449484e+07 768 7235 3201 11 6 7 7 1.59270348e-03 2.98582779e-03                                               "" 
 18 5.622943957494e+09 3.141831877606e+07 768 7235 3201 11 6 7 7 1.67892666e-03 3.14582105e-03 outputs/V1e25_D10000_G14/solution/solution-00013 
 19 5.652750223005e+09 2.980626551038e+07 768 7235 3201 11 6 7 7 1.76178908e-03 3.29807604e-03                                               "" 
 20 5.681165124959e+09 2.841490195427e+07 768 7235 3201 11 6 7 7 1.84110078e-03 3.44456499e-03                                               "" 
 21 5.708375848734e+09 2.721072377560e+07 768 7235 3201 11 6 7 7 1.91667197e-03 3.58398440e-03 outputs/V1e25_D10000_G14/solution/solution-00014 
 22 5.734541334031e+09 2.616548529619e+07 768 7235 3201 11 6 7 7 1.98831059e-03 3.71476798e-03                                               "" 
 23 5.759793908362e+09 2.525257433111e+07 768 7235 3201 11 6 7 7 2.05581531e-03 3.83655523e-03                                               "" 
 24 5.784230402176e+09 2.443649381413e+07 768 7235 3201 11 6 7 7 2.11894773e-03 3.95113872e-03                                               "" 
 25 5.807957739195e+09 2.372733701874e+07 768 7235 3201 11 6 7 7 2.17754873e-03 4.05621886e-03 outputs/V1e25_D10000_G14/solution/solution-00015 
 26 5.831070397373e+09 2.311265817885e+07 768 7235 3201 11 6 7 7 2.23147111e-03 4.15148628e-03                                               "" 
 27 5.853652671236e+09 2.258227386220e+07 768 7235 3201 11 6 7 7 2.28058179e-03 4.23819985e-03                                               "" 
 28 5.875780485582e+09 2.212781434612e+07 768 7235 3201 11 6 7 7 2.32476372e-03 4.31556159e-03                                               "" 
 29 5.897520421266e+09 2.173993568419e+07 768 7235 3201 11 6 7 7 2.36391307e-03 4.38264920e-03                                               "" 
 30 5.918918855512e+09 2.139843424576e+07 768 7235 3201 11 6 7 7 2.39792513e-03 4.43933180e-03 outputs/V1e25_D10000_G14/solution/solution-00016 
 31 5.940035683151e+09 2.111682763886e+07 768 7235 3201 11 6 7 7 2.42675275e-03 4.48558670e-03                                               "" 
 32 5.960926679219e+09 2.089099606845e+07 768 7235 3201 11 6 7 7 2.45036770e-03 4.52307970e-03                                               "" 
 33 5.981644273812e+09 2.071759459258e+07 768 7235 3201 11 6 7 7 2.46876069e-03 4.55193418e-03                                               "" 
 34 6.002238222355e+09 2.059394854292e+07 768 7235 3201 11 6 7 7 2.48194093e-03 4.57045023e-03 outputs/V1e25_D10000_G14/solution/solution-00017 
 35 6.022756194942e+09 2.051797258762e+07 768 7235 3201 11 6 7 7 2.48993563e-03 4.57873069e-03                                               "" 
 36 6.043244303678e+09 2.048810873592e+07 768 7235 3201 11 6 7 7 2.49278932e-03 4.57691450e-03                                               "" 
 37 6.063737559129e+09 2.049325545085e+07 768 7235 3201 11 6 7 7 2.49056530e-03 4.56518310e-03                                               "" 
 38 6.084274570070e+09 2.053701094139e+07 768 7235 3201 11 6 7 7 2.48335006e-03 4.54543150e-03                                               "" 
 39 6.104899674646e+09 2.062510457568e+07 768 7235 3201 11 6 7 7 2.47124544e-03 4.51642811e-03 outputs/V1e25_D10000_G14/solution/solution-00018 
 40 6.125657228577e+09 2.075755393144e+07 768 7235 3201 11 6 7 7 2.45436589e-03 4.47819211e-03                                               "" 
 41 6.146592016049e+09 2.093478747203e+07 768 7235 3201 11 6 7 7 2.43283741e-03 4.43102223e-03                                               "" 
 42 6.167749662086e+09 2.115764603667e+07 768 7235 3201 11 6 7 7 2.40679657e-03 4.37577886e-03                                               "" 
 43 6.189177055448e+09 2.142739336175e+07 768 7235 3201 11 6 7 7 2.37638941e-03 4.31347730e-03                                               "" 
 44 6.210922791276e+09 2.174573582843e+07 768 7235 3201 11 6 7 7 2.34177060e-03 4.26444754e-03 outputs/V1e25_D10000_G14/solution/solution-00019 
 45 6.232925175409e+09 2.200238413300e+07 768 7235 3201 11 6 7 7 2.30330680e-03 4.23329712e-03                                               "" 
 46 6.255095187778e+09 2.217001236911e+07 768 7235 3201 11 6 7 7 2.26148802e-03 4.19599392e-03                                               "" 
 47 6.277458161300e+09 2.236297352188e+07 768 7235 3201 11 6 7 7 2.21663279e-03 4.15292979e-03                                               "" 
 48 6.300045951949e+09 2.258779064827e+07 768 7235 3201 11 6 7 7 2.16904359e-03 4.10448288e-03 outputs/V1e25_D10000_G14/solution/solution-00020 
 49 6.322893334301e+09 2.284738235201e+07 768 7235 3201 11 6 7 7 2.11900972e-03 4.05108372e-03                                               "" 
 50 6.346035290003e+09 2.314195570242e+07 768 7235 3201 11 6 7 7 2.06681172e-03 3.99413079e-03                                               "" 
 51 6.369507230414e+09 2.347194041059e+07 768 7235 3201 11 6 7 7 2.01272054e-03 3.93279952e-03                                               "" 
 52 6.393345211366e+09 2.383798095213e+07 768 7235 3201 11 6 7 7 1.95699706e-03 3.86742568e-03                                               "" 
 53 6.417586142620e+09 2.424093125450e+07 768 7235 3201 11 6 7 7 1.89989171e-03 3.79833739e-03 outputs/V1e25_D10000_G14/solution/solution-00021 
 54 6.442267994309e+09 2.468185168856e+07 768 7235 3201 10 6 7 7 1.84164429e-03 3.72585525e-03                                               "" 
 55 6.467430002401e+09 2.516200809188e+07 768 7235 3201 10 6 7 7 1.78248393e-03 3.65029261e-03                                               "" 
 56 6.493112874969e+09 2.568287256849e+07 768 7235 3201 10 6 7 7 1.72262917e-03 3.57195575e-03                                               "" 
 57 6.519359000797e+09 2.624612582833e+07 768 7235 3201 10 6 7 7 1.66228816e-03 3.49114411e-03 outputs/V1e25_D10000_G14/solution/solution-00022 
 58 6.546212661639e+09 2.685366084149e+07 768 7235 3201 10 6 7 7 1.60165887e-03 3.40815056e-03                                               "" 
 59 6.573720249224e+09 2.750758758474e+07 768 7235 3201 10 6 7 7 1.54092945e-03 3.32326150e-03                                               "" 
 60 6.601930487873e+09 2.821023864971e+07 768 7235 3201 10 6 7 7 1.48027860e-03 3.23727920e-03 outputs/V1e25_D10000_G14/solution/solution-00023 
 61 6.630894663337e+09 2.896417546349e+07 768 7235 3201 10 6 7 7 1.41987592e-03 3.15029439e-03                                               "" 
 62 6.660666858179e+09 2.977219484196e+07 768 7235 3201 10 6 7 7 1.35988235e-03 3.06220609e-03                                               "" 
 63 6.691304193732e+09 3.063733555352e+07 768 7235 3201  9 6 7 7 1.30045055e-03 2.97328000e-03                                               "" 
 64 6.722867078247e+09 3.156288451512e+07 768 7235 3201  9 6 7 7 1.24172528e-03 2.88377558e-03 outputs/V1e25_D10000_G14/solution/solution-00024 
 65 6.755413329283e+09 3.254625103579e+07 768 7235 3201  9 6 7 7 1.18385435e-03 2.79396248e-03                                               "" 
 66 6.788996858568e+09 3.358352928469e+07 768 7235 3201  9 6 7 7 1.12698889e-03 2.70412166e-03                                               "" 
 67 6.823686484351e+09 3.468962578312e+07 768 7235 3201  9 6 7 7 1.07125127e-03 2.61449415e-03 outputs/V1e25_D10000_G14/solution/solution-00025 
 68 6.859554776502e+09 3.586829215101e+07 768 7235 3201  9 6 7 7 1.01675682e-03 2.52531325e-03                                               "" 
 69 6.896678227765e+09 3.712345126256e+07 768 7235 3201  9 6 7 7 9.63613905e-04 2.43680405e-03                                               "" 
 70 6.935137406195e+09 3.845917843019e+07 768 7235 3201  9 6 7 7 9.11923994e-04 2.34918299e-03 outputs/V1e25_D10000_G14/solution/solution-00026 
 71 6.975017082253e+09 3.987967605809e+07 768 7235 3201  9 6 7 7 8.61781554e-04 2.26321470e-03                                               "" 
 72 7.016406323058e+09 4.138924080508e+07 768 7235 3201  8 6 7 7 8.13273901e-04 2.17972191e-03 outputs/V1e25_D10000_G14/solution/solution-00027 
 73 7.059398545236e+09 4.299222217803e+07 768 7235 3201  8 6 7 7 7.66480940e-04 2.09768944e-03                                               "" 
 74 7.104091516702e+09 4.469297146583e+07 768 7235 3201  8 6 7 7 7.21474814e-04 2.01729220e-03 outputs/V1e25_D10000_G14/solution/solution-00028 
 75 7.150587296705e+09 4.649578000351e+07 768 7235 3201  8 6 7 7 6.78319459e-04 1.93869303e-03                                               "" 
 76 7.198992102636e+09 4.840480593052e+07 768 7235 3201  8 6 7 7 6.37070075e-04 1.86204211e-03                                               "" 
 77 7.249374380856e+09 5.038227822022e+07 768 7235 3201  8 6 7 7 5.97803416e-04 1.78757758e-03 outputs/V1e25_D10000_G14/solution/solution-00029 
 78 7.301819657134e+09 5.244527627834e+07 768 7235 3201  8 6 7 7 5.60565867e-04 1.71664058e-03 outputs/V1e25_D10000_G14/solution/solution-00030 
 79 7.356432137375e+09 5.461248024019e+07 768 7235 3201  8 6 7 7 5.25377520e-04 1.64806499e-03                                               "" 
 80 7.413317030163e+09 5.688489278836e+07 768 7235 3201  8 6 7 7 4.92246737e-04 1.58193774e-03 outputs/V1e25_D10000_G14/solution/solution-00031 
 81 7.472579792121e+09 5.926276195776e+07 768 7235 3201  8 6 7 7 4.61169662e-04 1.51881656e-03                                               "" 
 82 7.534325266861e+09 6.174547473991e+07 768 7235 3201  8 6 7 7 4.32129904e-04 1.45908269e-03 outputs/V1e25_D10000_G14/solution/solution-00032 
 83 7.598656722096e+09 6.433145523501e+07 768 7235 3201  7 6 7 7 4.05098421e-04 1.40190837e-03                                               "" 
 84 7.665586751834e+09 6.693002973878e+07 768 7235 3201  7 6 7 7 3.80064452e-04 1.34738429e-03 outputs/V1e25_D10000_G14/solution/solution-00033 
 85 7.735171844171e+09 6.958509233611e+07 768 7235 3201  7 6 7 7 3.56976151e-04 1.29552872e-03 outputs/V1e25_D10000_G14/solution/solution-00034 
 86 7.807485226556e+09 7.231338238551e+07 768 7235 3201  7 6 7 7 3.35760633e-04 1.24712198e-03 outputs/V1e25_D10000_G14/solution/solution-00035 
 87 7.882592971833e+09 7.510774527661e+07 768 7235 3201  7 6 7 7 3.16335364e-04 1.20245625e-03                                               "" 
 88 7.960552978152e+09 7.796000631917e+07 768 7235 3201  7 5 6 6 2.98609716e-04 1.16025550e-03 outputs/V1e25_D10000_G14/solution/solution-00036 
 89 8.041414005676e+09 8.086102752373e+07 768 7235 3201  8 5 6 6 2.82486830e-04 1.12046808e-03 outputs/V1e25_D10000_G14/solution/solution-00037 
 90 8.125205740756e+09 8.379173508004e+07 768 7235 3201  8 5 6 6 2.67867043e-04 1.08303753e-03 outputs/V1e25_D10000_G14/solution/solution-00038 
 91 8.211808432778e+09 8.660269202264e+07 768 7235 3201  8 5 6 6 2.54667303e-04 1.04848269e-03 outputs/V1e25_D10000_G14/solution/solution-00039 
 92 8.301223356536e+09 8.941492375783e+07 768 7235 3201  8 5 6 6 2.42777466e-04 1.01662261e-03 outputs/V1e25_D10000_G14/solution/solution-00040 
 93 8.393440467480e+09 9.221711094388e+07 768 7235 3201  8 5 6 6 2.32090243e-04 9.86865511e-04                                               "" 
 94 8.488438214354e+09 9.499774687408e+07 768 7235 3201  8 5 6 6 2.22502667e-04 9.59125913e-04 outputs/V1e25_D10000_G14/solution/solution-00041 
 95 8.586183462149e+09 9.774524779454e+07 768 7235 3201  8 5 6 6 2.13917298e-04 9.33318232e-04 outputs/V1e25_D10000_G14/solution/solution-00042 
 96 8.686631516004e+09 1.004480538556e+08 768 7235 3201  8 5 6 6 2.06243087e-04 9.10035401e-04 outputs/V1e25_D10000_G14/solution/solution-00043 
 97 8.789726243177e+09 1.030947271727e+08 768 7235 3201  8 5 6 6 1.99395893e-04 8.88530786e-04 outputs/V1e25_D10000_G14/solution/solution-00044 
 98 8.895400295296e+09 1.056740521188e+08 768 7235 3201  8 5 6 6 1.93298689e-04 8.68648943e-04 outputs/V1e25_D10000_G14/solution/solution-00045 
 99 9.003575437716e+09 1.081751424207e+08 768 7235 3201  8 5 6 6 1.87881497e-04 8.50315058e-04 outputs/V1e25_D10000_G14/solution/solution-00046 
100 9.114025455566e+09 1.104500178498e+08 768 7235 3201  8 5 6 6 1.83086620e-04 8.33476747e-04 outputs/V1e25_D10000_G14/solution/solution-00047 
