# 1: Time step number
# 2: Time (years)
# 3: Time step size (years)
# 4: Number of mesh cells
# 5: Number of Stokes degrees of freedom
# 6: Number of temperature degrees of freedom
# 7: Iterations for temperature solver
# 8: Iterations for Stokes solver
# 9: Velocity iterations in Stokes preconditioner
# 10: Schur complement iterations in Stokes preconditioner
# 11: RMS velocity (m/year)
# 12: Max. velocity (m/year)
# 13: Visualization file name
  0 0.000000000000e+00 0.000000000000e+00 768 7235 3201  0 8 9 9 1.60520356e-06 2.82252090e-06 outputs/V3.3e24_D100_G8/solution/solution-00000 
  1 1.392571516413e+09 1.392571516413e+09 768 7235 3201 32 8 9 9 1.78545438e-06 3.12103123e-06 outputs/V3.3e24_D100_G8/solution/solution-00001 
  2 2.785143032825e+09 1.392571516413e+09 768 7235 3201 25 8 9 9 2.12699029e-06 3.88230483e-06 outputs/V3.3e24_D100_G8/solution/solution-00002 
  3 4.177714549238e+09 1.392571516413e+09 768 7235 3201 24 8 9 9 2.73541845e-06 5.18508321e-06 outputs/V3.3e24_D100_G8/solution/solution-00003 
  4 5.570286065650e+09 1.392571516413e+09 768 7235 3201 23 8 9 9 3.77436030e-06 7.34068599e-06 outputs/V3.3e24_D100_G8/solution/solution-00004 
  5 6.962857582063e+09 1.392571516413e+09 768 7235 3201 23 8 9 9 5.52193781e-06 1.08828746e-05 outputs/V3.3e24_D100_G8/solution/solution-00005 
  6 8.355429098476e+09 1.392571516413e+09 768 7235 3201 22 8 9 9 8.46267461e-06 1.67415208e-05 outputs/V3.3e24_D100_G8/solution/solution-00006 
  7 9.748000614888e+09 1.392571516413e+09 768 7235 3201 21 8 9 9 1.34505298e-05 2.65539161e-05 outputs/V3.3e24_D100_G8/solution/solution-00007 
  8 1.114057213130e+10 1.392571516413e+09 768 7235 3201 21 8 9 9 2.20025471e-05 4.31989337e-05 outputs/V3.3e24_D100_G8/solution/solution-00008 
  9 1.253314364771e+10 1.392571516413e+09 768 7235 3201 22 8 9 9 3.68334378e-05 7.17811339e-05 outputs/V3.3e24_D100_G8/solution/solution-00009 
 10 1.383871668300e+10 1.305573035291e+09 768 7235 3201 22 8 9 9 6.09464802e-05 1.17974444e-04 outputs/V3.3e24_D100_G8/solution/solution-00010 
 11 1.463364809768e+10 7.949314146704e+08 768 7235 3201 18 7 8 8 8.46333877e-05 1.63199189e-04 outputs/V3.3e24_D100_G8/solution/solution-00011 
 12 1.520809948103e+10 5.744513833507e+08 768 7235 3201 15 7 8 8 1.08597194e-04 2.08887077e-04 outputs/V3.3e24_D100_G8/solution/solution-00012 
 13 1.565706128828e+10 4.489618072581e+08 768 7235 3201 14 7 8 8 1.32783361e-04 2.54845582e-04 outputs/V3.3e24_D100_G8/solution/solution-00013 
 14 1.602482945803e+10 3.677681697448e+08 768 7235 3201 12 6 7 7 1.57093018e-04 3.01089506e-04 outputs/V3.3e24_D100_G8/solution/solution-00014 
 15 1.633633331099e+10 3.115038529601e+08 768 7235 3201 12 6 7 7 1.81489948e-04 3.47332321e-04 outputs/V3.3e24_D100_G8/solution/solution-00015 
 16 1.660624772540e+10 2.699144144132e+08 768 7235 3201 11 6 7 7 2.05906608e-04 3.93436799e-04 outputs/V3.3e24_D100_G8/solution/solution-00016 
 17 1.684461094306e+10 2.383632176570e+08 768 7235 3201 10 6 7 7 2.30324344e-04 4.39352682e-04 outputs/V3.3e24_D100_G8/solution/solution-00017 
 18 1.705800242773e+10 2.133914846696e+08 768 7235 3201 10 6 7 7 2.54684606e-04 4.84843466e-04 outputs/V3.3e24_D100_G8/solution/solution-00018 
 19 1.725130887462e+10 1.933064468916e+08 768 7235 3201 10 6 7 7 2.78943537e-04 5.30123236e-04 outputs/V3.3e24_D100_G8/solution/solution-00019 
 20 1.742823747759e+10 1.769286029677e+08 768 7235 3201 10 6 7 7 3.03062540e-04 5.74575319e-04 outputs/V3.3e24_D100_G8/solution/solution-00020 
 21 1.759140146484e+10 1.631639872551e+08 768 7235 3201  9 6 7 7 3.26964558e-04 6.18492813e-04 outputs/V3.3e24_D100_G8/solution/solution-00021 
 22 1.774297962066e+10 1.515781558216e+08 768 7235 3201  9 6 7 7 3.50588116e-04 6.61266841e-04 outputs/V3.3e24_D100_G8/solution/solution-00022 
 23 1.788475294748e+10 1.417733268109e+08 768 7235 3201  9 6 7 7 3.73874279e-04 7.03236818e-04 outputs/V3.3e24_D100_G8/solution/solution-00023 
 24 1.801815505383e+10 1.334021063573e+08 768 7235 3201  9 6 7 7 3.96757941e-04 7.43859345e-04 outputs/V3.3e24_D100_G8/solution/solution-00024 
 25 1.814421873967e+10 1.260636858350e+08 768 7235 3201  9 6 7 7 4.19143896e-04 7.82918239e-04 outputs/V3.3e24_D100_G8/solution/solution-00025 
 26 1.826393175732e+10 1.197130176549e+08 768 7235 3201  9 6 7 7 4.40959398e-04 8.20509358e-04 outputs/V3.3e24_D100_G8/solution/solution-00026 
 27 1.837813627809e+10 1.142045207651e+08 768 7235 3201  9 6 7 7 4.62132425e-04 8.56850445e-04 outputs/V3.3e24_D100_G8/solution/solution-00027 
 28 1.848754561481e+10 1.094093367208e+08 768 7235 3201  9 6 7 7 4.82589984e-04 8.91290861e-04 outputs/V3.3e24_D100_G8/solution/solution-00028 
 29 1.859277031878e+10 1.052247039762e+08 768 7235 3201  9 6 7 7 5.02259449e-04 9.23729245e-04 outputs/V3.3e24_D100_G8/solution/solution-00029 
 30 1.869433387318e+10 1.015635543963e+08 768 7235 3201  9 6 7 7 5.21069125e-04 9.54075259e-04 outputs/V3.3e24_D100_G8/solution/solution-00030 
 31 1.879262441919e+10 9.829054601113e+07 768 7235 3201  9 6 7 7 5.38938242e-04 9.82342287e-04 outputs/V3.3e24_D100_G8/solution/solution-00031 
 32 1.888805958595e+10 9.543516675764e+07 768 7235 3201  9 6 7 7 5.55806733e-04 1.00861993e-03 outputs/V3.3e24_D100_G8/solution/solution-00032 
 33 1.898100837425e+10 9.294878830461e+07 768 7235 3201  9 6 7 7 5.71619794e-04 1.03259255e-03 outputs/V3.3e24_D100_G8/solution/solution-00033 
 34 1.907179926725e+10 9.079089299156e+07 768 7235 3201  9 6 7 7 5.86328864e-04 1.05422974e-03 outputs/V3.3e24_D100_G8/solution/solution-00034 
 35 1.916072675321e+10 8.892748595926e+07 768 7235 3201  9 6 7 7 5.99892469e-04 1.07351588e-03 outputs/V3.3e24_D100_G8/solution/solution-00035 
 36 1.924805662075e+10 8.732986754414e+07 768 7235 3201  9 6 7 7 6.12276914e-04 1.09045009e-03 outputs/V3.3e24_D100_G8/solution/solution-00036 
 37 1.933403029394e+10 8.597367318927e+07 768 7235 3201  9 6 7 7 6.23456806e-04 1.10986232e-03 outputs/V3.3e24_D100_G8/solution/solution-00037 
 38 1.941849186651e+10 8.446157257342e+07 768 7235 3201  9 6 7 7 6.33373705e-04 1.13043205e-03 outputs/V3.3e24_D100_G8/solution/solution-00038 
 39 1.950141684548e+10 8.292497896794e+07 768 7235 3201  9 6 7 7 6.42012867e-04 1.14828847e-03 outputs/V3.3e24_D100_G8/solution/solution-00039 
 40 1.958305133020e+10 8.163448472192e+07 768 7235 3201  9 5 6 6 6.49405555e-04 1.16350558e-03                                              "" 
 41 1.966361603278e+10 8.056470257968e+07 768 7235 3201  9 5 6 6 6.55587789e-04 1.17616984e-03 outputs/V3.3e24_D100_G8/solution/solution-00040 
 42 1.974331013856e+10 7.969410577800e+07 768 7235 3201  9 5 6 6 6.60599963e-04 1.18637850e-03 outputs/V3.3e24_D100_G8/solution/solution-00041 
 43 1.982231445669e+10 7.900431812843e+07 768 7235 3201  9 5 6 6 6.64486361e-04 1.19423796e-03 outputs/V3.3e24_D100_G8/solution/solution-00042 
 44 1.990079401151e+10 7.847955481888e+07 768 7235 3201  9 5 6 6 6.67294656e-04 1.19986214e-03 outputs/V3.3e24_D100_G8/solution/solution-00043 
 45 1.997890018208e+10 7.810617057136e+07 768 7235 3201  9 5 6 6 6.69075374e-04 1.20337095e-03                                              "" 
 46 2.005677247571e+10 7.787229363466e+07 768 7235 3201  9 5 6 6 6.69881352e-04 1.20488889e-03 outputs/V3.3e24_D100_G8/solution/solution-00044 
 47 2.013454000221e+10 7.776752649894e+07 768 7235 3201  9 5 6 6 6.69767201e-04 1.20454362e-03 outputs/V3.3e24_D100_G8/solution/solution-00045 
 48 2.021232270153e+10 7.778269931475e+07 768 7235 3201  9 6 7 7 6.68788770e-04 1.20246473e-03 outputs/V3.3e24_D100_G8/solution/solution-00046 
 49 2.029023236713e+10 7.790966559854e+07 768 7235 3201  9 6 7 7 6.67002646e-04 1.19878258e-03                                              "" 
 50 2.036837349711e+10 7.814112998821e+07 768 7235 3201  9 6 7 7 6.64465652e-04 1.19362721e-03 outputs/V3.3e24_D100_G8/solution/solution-00047 
 51 2.044684400371e+10 7.847050659573e+07 768 7235 3201  9 6 7 7 6.61234407e-04 1.18731466e-03 outputs/V3.3e24_D100_G8/solution/solution-00048 
 52 2.052573579984e+10 7.889179612901e+07 768 7235 3201  9 6 7 7 6.57364894e-04 1.17984890e-03 outputs/V3.3e24_D100_G8/solution/solution-00049 
 53 2.060513528289e+10 7.939948305403e+07 768 7235 3201  9 6 7 7 6.52912087e-04 1.17128818e-03 outputs/V3.3e24_D100_G8/solution/solution-00050 
 54 2.068512373046e+10 7.998844756639e+07 768 7235 3201  9 6 7 7 6.47929598e-04 1.16175099e-03                                              "" 
 55 2.076577762076e+10 8.065389030014e+07 768 7235 3201  9 6 7 7 6.42469384e-04 1.15135205e-03 outputs/V3.3e24_D100_G8/solution/solution-00051 
 56 2.084716888862e+10 8.139126786337e+07 768 7235 3201  9 6 7 7 6.36581480e-04 1.14020178e-03 outputs/V3.3e24_D100_G8/solution/solution-00052 
 57 2.092936512633e+10 8.219623770697e+07 768 7235 3201  9 6 7 7 6.30313785e-04 1.12840591e-03 outputs/V3.3e24_D100_G8/solution/solution-00053 
 58 2.101242973749e+10 8.306461116453e+07 768 7235 3201  9 6 7 7 6.23711888e-04 1.11606515e-03 outputs/V3.3e24_D100_G8/solution/solution-00054 
 59 2.109642205126e+10 8.399231376373e+07 768 7235 3201  9 6 7 7 6.16818928e-04 1.10327493e-03                                              "" 
 60 2.118139740337e+10 8.497535211550e+07 768 7235 3201  9 6 7 7 6.09675501e-04 1.09012521e-03 outputs/V3.3e24_D100_G8/solution/solution-00055 
 61 2.126740719022e+10 8.600978684553e+07 768 7235 3201  9 6 7 7 6.02319603e-04 1.07670034e-03 outputs/V3.3e24_D100_G8/solution/solution-00056 
 62 2.135449890137e+10 8.709171114967e+07 768 7235 3201  8 6 7 7 5.94786605e-04 1.06307901e-03 outputs/V3.3e24_D100_G8/solution/solution-00057 
 63 2.144271613600e+10 8.821723463645e+07 768 7235 3201  8 6 7 7 5.87109265e-04 1.04933418e-03 outputs/V3.3e24_D100_G8/solution/solution-00058 
 64 2.153209860817e+10 8.938247217021e+07 768 7235 3201  8 6 7 7 5.79317771e-04 1.03553315e-03 outputs/V3.3e24_D100_G8/solution/solution-00059 
 65 2.162268214563e+10 9.058353745150e+07 768 7235 3201  8 6 7 7 5.71439808e-04 1.02173756e-03 outputs/V3.3e24_D100_G8/solution/solution-00060 
 66 2.171449868670e+10 9.181654107119e+07 768 7235 3201  8 6 7 7 5.63500648e-04 1.00800354e-03 outputs/V3.3e24_D100_G8/solution/solution-00061 
 67 2.180757627945e+10 9.307759275508e+07 768 7235 3201  8 6 7 7 5.55523271e-04 9.94381808e-04 outputs/V3.3e24_D100_G8/solution/solution-00062 
 68 2.190193908693e+10 9.436280748121e+07 768 7235 3201  8 6 7 7 5.47528488e-04 9.80917815e-04 outputs/V3.3e24_D100_G8/solution/solution-00063 
 69 2.199760740204e+10 9.566831510674e+07 768 7235 3201  8 5 6 6 5.39535093e-04 9.67651939e-04                                              "" 
 70 2.209459767529e+10 9.699027324791e+07 768 7235 3201  8 5 6 6 5.31560012e-04 9.54619679e-04 outputs/V3.3e24_D100_G8/solution/solution-00064 
 71 2.219291339054e+10 9.831571525498e+07 768 7235 3201  8 5 6 6 5.23619200e-04 9.41853032e-04 outputs/V3.3e24_D100_G8/solution/solution-00065 
 72 2.229254856891e+10 9.963517836787e+07 768 7235 3201  8 5 6 6 5.15727459e-04 9.29380091e-04 outputs/V3.3e24_D100_G8/solution/solution-00066 
 73 2.239350763390e+10 1.009590649886e+08 768 7235 3201  8 5 6 6 5.07897030e-04 9.17222806e-04 outputs/V3.3e24_D100_G8/solution/solution-00067 
 74 2.249579148712e+10 1.022838532207e+08 768 7235 3201  8 5 6 6 5.00138921e-04 9.05399165e-04 outputs/V3.3e24_D100_G8/solution/solution-00068 
 75 2.259939764263e+10 1.036061555139e+08 768 7235 3201  8 5 6 6 4.92463057e-04 8.93923455e-04 outputs/V3.3e24_D100_G8/solution/solution-00069 
 76 2.270432038080e+10 1.049227381627e+08 768 7235 3201  8 5 6 6 4.84878426e-04 8.82806535e-04 outputs/V3.3e24_D100_G8/solution/solution-00070 
 77 2.281055092045e+10 1.062305396573e+08 768 7235 3201  8 5 6 6 4.77393209e-04 8.72056102e-04 outputs/V3.3e24_D100_G8/solution/solution-00071 
 78 2.291807760789e+10 1.075266874350e+08 768 7235 3201  8 5 6 6 4.70014901e-04 8.61676965e-04 outputs/V3.3e24_D100_G8/solution/solution-00072 
 79 2.302688612051e+10 1.088085126184e+08 768 7235 3201  8 5 6 6 4.62750409e-04 8.51703152e-04 outputs/V3.3e24_D100_G8/solution/solution-00073 
 80 2.313695968291e+10 1.100735624004e+08 768 7235 3201  8 5 6 6 4.55606144e-04 8.42169678e-04 outputs/V3.3e24_D100_G8/solution/solution-00074 
 81 2.324827929273e+10 1.113196098214e+08 768 7235 3201  8 5 6 6 4.48588086e-04 8.33002644e-04 outputs/V3.3e24_D100_G8/solution/solution-00075 
 82 2.336082395351e+10 1.125446607799e+08 768 7235 3201  8 5 6 6 4.41701842e-04 8.24197864e-04 outputs/V3.3e24_D100_G8/solution/solution-00076 
 83 2.347457091172e+10 1.137469582132e+08 768 7235 3201  8 5 6 6 4.34952685e-04 8.15749519e-04 outputs/V3.3e24_D100_G8/solution/solution-00077 
 84 2.358949589520e+10 1.149249834743e+08 768 7235 3201  8 5 6 6 4.28345572e-04 8.07650374e-04 outputs/V3.3e24_D100_G8/solution/solution-00078 
 85 2.370557335021e+10 1.160774550133e+08 768 7235 3201  8 5 6 6 4.21885163e-04 7.99891986e-04 outputs/V3.3e24_D100_G8/solution/solution-00079 
 86 2.382277667475e+10 1.172033245407e+08 768 7235 3201  8 5 6 6 4.15575811e-04 7.92464891e-04 outputs/V3.3e24_D100_G8/solution/solution-00080 
 87 2.394107844565e+10 1.183017709039e+08 768 7235 3201  8 5 6 6 4.09421558e-04 7.85358788e-04 outputs/V3.3e24_D100_G8/solution/solution-00081 
 88 2.406045063760e+10 1.193721919454e+08 768 7235 3201  8 5 6 6 4.03426110e-04 7.78562696e-04 outputs/V3.3e24_D100_G8/solution/solution-00082 
 89 2.418086483223e+10 1.204141946322e+08 768 7235 3201  8 5 6 6 3.97592818e-04 7.72065103e-04 outputs/V3.3e24_D100_G8/solution/solution-00083 
 90 2.430229241598e+10 1.214275837510e+08 768 7235 3201  8 5 6 6 3.91924651e-04 7.65854102e-04 outputs/V3.3e24_D100_G8/solution/solution-00084 
 91 2.442470476544e+10 1.224123494556e+08 768 7235 3201  8 5 6 6 3.86424162e-04 7.59917507e-04 outputs/V3.3e24_D100_G8/solution/solution-00085 
 92 2.454807341937e+10 1.233686539336e+08 768 7235 3201  8 5 6 6 3.81093468e-04 7.54242964e-04 outputs/V3.3e24_D100_G8/solution/solution-00086 
 93 2.467237023680e+10 1.242968174317e+08 768 7235 3201  8 5 6 6 3.75934227e-04 7.48818043e-04 outputs/V3.3e24_D100_G8/solution/solution-00087 
 94 2.479756754065e+10 1.251973038482e+08 768 7235 3201  8 5 6 6 3.70947615e-04 7.43630324e-04 outputs/V3.3e24_D100_G8/solution/solution-00088 
 95 2.492363824672e+10 1.260707060691e+08 768 7235 3201  8 5 6 6 3.66134317e-04 7.38667475e-04 outputs/V3.3e24_D100_G8/solution/solution-00089 
 96 2.505055597791e+10 1.269177311912e+08 768 7235 3201  8 5 6 6 3.61494527e-04 7.33917313e-04 outputs/V3.3e24_D100_G8/solution/solution-00090 
 97 2.517829516366e+10 1.277391857502e+08 768 7235 3201  7 5 6 6 3.57027943e-04 7.29367869e-04 outputs/V3.3e24_D100_G8/solution/solution-00091 
 98 2.530683112471e+10 1.285359610456e+08 768 7235 3201  7 5 6 6 3.52733788e-04 7.25007436e-04 outputs/V3.3e24_D100_G8/solution/solution-00092 
 99 2.543614014335e+10 1.293090186399e+08 768 7235 3201  7 5 6 6 3.48610824e-04 7.20824617e-04 outputs/V3.3e24_D100_G8/solution/solution-00093 
100 2.556619951944e+10 1.300593760936e+08 768 7235 3201  7 5 6 6 3.44657380e-04 7.16808372e-04 outputs/V3.3e24_D100_G8/solution/solution-00094 
