# 1: Time step number
# 2: Time (years)
# 3: Time step size (years)
# 4: Number of mesh cells
# 5: Number of Stokes degrees of freedom
# 6: Number of temperature degrees of freedom
# 7: Iterations for temperature solver
# 8: Iterations for Stokes solver
# 9: Velocity iterations in Stokes preconditioner
# 10: Schur complement iterations in Stokes preconditioner
# 11: RMS velocity (m/year)
# 12: Max. velocity (m/year)
# 13: Visualization file name
  0 0.000000000000e+00 0.000000000000e+00 768 7235 3201  0 8 9 9 5.17500374e-06 2.51425985e-05 outputs/V1e24_D10000_G6/solution/solution-00000 
  1 1.392571516413e+09 1.392571516413e+09 768 7235 3201 32 8 9 9 6.89962461e-05 1.19784272e-04 outputs/V1e24_D10000_G6/solution/solution-00001 
  2 2.175228526624e+09 7.826570102113e+08 768 7235 3201 22 8 9 9 7.68907425e-04 1.36272179e-03 outputs/V1e24_D10000_G6/solution/solution-00002 
  3 2.244024667483e+09 6.879614085880e+07 768 7235 3201 12 8 9 9 1.38254684e-03 2.45702440e-03 outputs/V1e24_D10000_G6/solution/solution-00003 
  4 2.282186053913e+09 3.816138643054e+07 768 7235 3201 13 7 8 8 2.02630379e-03 3.60681009e-03                                              "" 
  5 2.308190933891e+09 2.600487997752e+07 768 7235 3201 13 7 8 8 2.66925561e-03 4.75553482e-03 outputs/V1e24_D10000_G6/solution/solution-00004 
  6 2.327906534979e+09 1.971560108855e+07 768 7235 3201 13 7 8 8 3.30262333e-03 5.88661344e-03                                              "" 
  7 2.343827590085e+09 1.592105510541e+07 768 7235 3201 13 6 7 7 3.92375860e-03 6.99827152e-03                                              "" 
  8 2.357221480939e+09 1.339389085456e+07 768 7235 3201 14 6 7 7 4.53174205e-03 8.08765130e-03                                              "" 
  9 2.368815858143e+09 1.159437720349e+07 768 7235 3201 14 6 7 7 5.12613834e-03 9.15175086e-03                                              "" 
 10 2.379064426454e+09 1.024856831101e+07 768 7235 3201 14 6 7 7 5.70647412e-03 1.01894127e-02 outputs/V1e24_D10000_G6/solution/solution-00005 
 11 2.388265152970e+09 9.200726515892e+06 768 7235 3201 14 6 7 7 6.27191437e-03 1.12033514e-02                                              "" 
 12 2.396633184707e+09 8.368031737601e+06 768 7235 3201 14 6 7 7 6.82198660e-03 1.21880539e-02                                              "" 
 13 2.404325142795e+09 7.691958088211e+06 768 7235 3201 14 6 7 7 7.35613477e-03 1.31427795e-02 outputs/V1e24_D10000_G6/solution/solution-00006 
 14 2.411458727520e+09 7.133584724059e+06 768 7235 3201 14 6 7 7 7.87373813e-03 1.40710628e-02                                              "" 
 15 2.418124748316e+09 6.666020796053e+06 768 7235 3201 14 6 7 7 8.37412964e-03 1.49663428e-02                                              "" 
 16 2.424390620582e+09 6.265872266565e+06 768 7235 3201 14 6 7 7 8.85628610e-03 1.58264519e-02                                              "" 
 17 2.430313872660e+09 5.923252078032e+06 768 7235 3201 14 6 7 7 9.31947906e-03 1.66498091e-02                                              "" 
 18 2.435942252173e+09 5.628379513160e+06 768 7235 3201 14 6 7 7 9.76304805e-03 1.74443866e-02 outputs/V1e24_D10000_G6/solution/solution-00007 
 19 2.441315312667e+09 5.373060493773e+06 768 7235 3201 14 6 7 7 1.01863431e-02 1.82026796e-02                                              "" 
 20 2.446466256441e+09 5.150943774294e+06 768 7235 3201 14 6 7 7 1.05887374e-02 1.89209309e-02                                              "" 
 21 2.451423290292e+09 4.957033851033e+06 768 7235 3201 14 6 7 7 1.09696358e-02 1.95978614e-02                                              "" 
 22 2.456208896493e+09 4.785606200484e+06 768 7235 3201 14 6 7 7 1.13283518e-02 2.02320661e-02                                              "" 
 23 2.460842687187e+09 4.633790693732e+06 768 7235 3201 14 6 7 7 1.16642839e-02 2.08300217e-02 outputs/V1e24_D10000_G6/solution/solution-00008 
 24 2.465343402606e+09 4.500715419492e+06 768 7235 3201 14 6 7 7 1.19770185e-02 2.13836901e-02                                              "" 
 25 2.469727585109e+09 4.384182502878e+06 768 7235 3201 14 6 7 7 1.22661847e-02 2.18920088e-02                                              "" 
 26 2.474009969650e+09 4.282384541160e+06 768 7235 3201 14 6 7 7 1.25314464e-02 2.23542669e-02                                              "" 
 27 2.478203799858e+09 4.193830207611e+06 768 7235 3201 14 6 7 7 1.27725308e-02 2.27763118e-02                                              "" 
 28 2.482321079073e+09 4.117279215534e+06 768 7235 3201 14 6 7 7 1.29892355e-02 2.31529785e-02 outputs/V1e24_D10000_G6/solution/solution-00009 
 29 2.486372775723e+09 4.051696649939e+06 768 7235 3201 14 6 7 7 1.31814331e-02 2.34823289e-02                                              "" 
 30 2.490366674950e+09 3.993899226396e+06 768 7235 3201 14 6 7 7 1.33489732e-02 2.37640181e-02                                              "" 
 31 2.494312157052e+09 3.945482102035e+06 768 7235 3201 14 6 7 7 1.34919022e-02 2.39980758e-02                                              "" 
 32 2.498218117674e+09 3.905960622407e+06 768 7235 3201 14 6 7 7 1.36103284e-02 2.41846758e-02                                              "" 
 33 2.502092934050e+09 3.874816376131e+06 768 7235 3201 14 6 7 7 1.37044063e-02 2.43320704e-02 outputs/V1e24_D10000_G6/solution/solution-00010 
 34 2.505944562819e+09 3.851628768398e+06 768 7235 3201 15 6 7 7 1.37743241e-02 2.44370973e-02                                              "" 
 35 2.509780628245e+09 3.836065426001e+06 768 7235 3201 15 6 7 7 1.38203074e-02 2.44955812e-02                                              "" 
 36 2.513608500061e+09 3.827871816253e+06 768 7235 3201 14 6 7 7 1.38425849e-02 2.45080147e-02                                              "" 
 37 2.517435370496e+09 3.826870434619e+06 768 7235 3201 14 6 7 7 1.38414000e-02 2.44749759e-02                                              "" 
 38 2.521267743362e+09 3.832372866841e+06 768 7235 3201 14 6 7 7 1.38170817e-02 2.43972243e-02 outputs/V1e24_D10000_G6/solution/solution-00011 
 39 2.525111132281e+09 3.843388918912e+06 768 7235 3201 14 6 7 7 1.37700866e-02 2.42784881e-02                                              "" 
 40 2.528972575360e+09 3.861443079157e+06 768 7235 3201 14 6 7 7 1.37009305e-02 2.41215952e-02                                              "" 
 41 2.532859134238e+09 3.886558877063e+06 768 7235 3201 14 6 7 7 1.36101425e-02 2.39230118e-02                                              "" 
 42 2.536777955201e+09 3.918820963658e+06 768 7235 3201 14 6 7 7 1.34982564e-02 2.36839487e-02                                              "" 
 43 2.540736332295e+09 3.958377094228e+06 768 7235 3201 15 6 7 7 1.33658062e-02 2.34056651e-02 outputs/V1e24_D10000_G6/solution/solution-00012 
 44 2.544741772843e+09 4.005440547615e+06 768 7235 3201 15 6 7 7 1.32133288e-02 2.30946078e-02                                              "" 
 45 2.548800159669e+09 4.058386826044e+06 768 7235 3201 15 6 7 7 1.30414587e-02 2.27535278e-02                                              "" 
 46 2.552919076304e+09 4.118916634654e+06 768 7235 3201 15 6 7 7 1.28508082e-02 2.23798955e-02                                              "" 
 47 2.557108204464e+09 4.189128160450e+06 768 7235 3201 15 6 7 7 1.26419208e-02 2.19655307e-02                                              "" 
 48 2.561377754297e+09 4.269549832392e+06 768 7235 3201 15 6 7 7 1.24153322e-02 2.15123919e-02 outputs/V1e24_D10000_G6/solution/solution-00013 
 49 2.565736168842e+09 4.358414545821e+06 768 7235 3201 15 6 7 7 1.21717070e-02 2.10307285e-02                                              "" 
 50 2.570192515543e+09 4.456346700654e+06 768 7235 3201 15 6 7 7 1.19117373e-02 2.05347819e-02                                              "" 
 51 2.574757814652e+09 4.565299108618e+06 768 7235 3201 15 6 7 7 1.16360623e-02 2.00108007e-02                                              "" 
 52 2.579444017300e+09 4.686202648079e+06 768 7235 3201 15 6 7 7 1.13453277e-02 1.97360401e-02                                              "" 
 53 2.584194210330e+09 4.750193030669e+06 768 7235 3201 15 6 7 7 1.10446413e-02 1.94778731e-02 outputs/V1e24_D10000_G6/solution/solution-00014 
 54 2.589007364189e+09 4.813153858223e+06 768 7235 3201 15 6 7 7 1.07357913e-02 1.91994450e-02                                              "" 
 55 2.593890317838e+09 4.882953649149e+06 768 7235 3201 14 6 7 7 1.04200309e-02 1.89019773e-02                                              "" 
 56 2.598850116413e+09 4.959798575229e+06 768 7235 3201 14 6 7 7 1.00985501e-02 1.85866808e-02                                              "" 
 57 2.603894050873e+09 5.043934459568e+06 768 7235 3201 14 6 7 7 9.77247937e-03 1.82547517e-02 outputs/V1e24_D10000_G6/solution/solution-00015 
 58 2.609029700008e+09 5.135649135899e+06 768 7235 3201 14 6 7 7 9.44289118e-03 1.79073669e-02                                              "" 
 59 2.614264975549e+09 5.235275540374e+06 768 7235 3201 14 6 7 7 9.11080121e-03 1.75456970e-02                                              "" 
 60 2.619608165963e+09 5.343190414652e+06 768 7235 3201 14 6 7 7 8.77717158e-03 1.71708985e-02                                              "" 
 61 2.625067985101e+09 5.459819137606e+06 768 7235 3201 14 6 7 7 8.44291383e-03 1.67859504e-02                                              "" 
 62 2.630653621617e+09 5.585636515735e+06 768 7235 3201 14 6 7 7 8.10889295e-03 1.63919446e-02 outputs/V1e24_D10000_G6/solution/solution-00016 
 63 2.636374793025e+09 5.721171408143e+06 768 7235 3201 13 6 7 7 7.77593069e-03 1.59879730e-02                                              "" 
 64 2.642241802483e+09 5.867009458355e+06 768 7235 3201 13 6 7 7 7.44480867e-03 1.55751774e-02                                              "" 
 65 2.648265600352e+09 6.023797868523e+06 768 7235 3201 13 6 7 7 7.11627093e-03 1.51546935e-02                                              "" 
 66 2.654457850169e+09 6.192249817104e+06 768 7235 3201 13 6 7 7 6.79102663e-03 1.47276532e-02                                              "" 
 67 2.660830998830e+09 6.373148660849e+06 768 7235 3201 13 6 7 7 6.46975247e-03 1.42951850e-02 outputs/V1e24_D10000_G6/solution/solution-00017 
 68 2.667395879776e+09 6.564880946378e+06 768 7235 3201 13 6 7 7 6.15321089e-03 1.38585758e-02                                              "" 
 69 2.674166277281e+09 6.770397504767e+06 768 7235 3201 13 6 7 7 5.84202362e-03 1.34189620e-02                                              "" 
 70 2.681157087188e+09 6.990809906737e+06 768 7235 3201 12 6 7 7 5.53677726e-03 1.29774591e-02                                              "" 
 71 2.688384238210e+09 7.227151021933e+06 768 7235 3201 12 6 7 7 5.23803289e-03 1.25351694e-02                                              "" 
 72 2.695864778340e+09 7.480540130224e+06 768 7235 3201 12 6 7 7 4.94632656e-03 1.20931771e-02 outputs/V1e24_D10000_G6/solution/solution-00018 
 73 2.703616967376e+09 7.752189036561e+06 768 7235 3201 12 6 7 7 4.66216966e-03 1.16525445e-02 outputs/V1e24_D10000_G6/solution/solution-00019 
 74 2.711660375128e+09 8.043407751213e+06 768 7235 3201 12 6 7 7 4.38604891e-03 1.12143102e-02                                              "" 
 75 2.720015983999e+09 8.355608871687e+06 768 7235 3201 12 6 7 7 4.11842571e-03 1.07794867e-02                                              "" 
 76 2.728706295381e+09 8.690311381730e+06 768 7235 3201 12 6 7 7 3.85973495e-03 1.03530602e-02                                              "" 
 77 2.737755438702e+09 9.049143321205e+06 768 7235 3201 12 6 7 7 3.61038318e-03 9.93418503e-03                                              "" 
 78 2.747189281810e+09 9.433843107830e+06 768 7235 3201 11 6 7 7 3.37074627e-03 9.52146830e-03 outputs/V1e24_D10000_G6/solution/solution-00020 
 79 2.757035541023e+09 9.846259213152e+06 768 7235 3201 11 6 7 7 3.14116629e-03 9.11578646e-03                                              "" 
 80 2.767323888778e+09 1.028834775433e+07 768 7235 3201 11 6 7 7 2.92194776e-03 8.71797353e-03                                              "" 
 81 2.778086056262e+09 1.076216748462e+07 768 7235 3201 11 6 7 7 2.71335310e-03 8.32881743e-03                                              "" 
 82 2.789350216422e+09 1.126416015997e+07 768 7235 3201 11 6 7 7 2.51569179e-03 7.94924026e-03                                              "" 
 83 2.801145115401e+09 1.179489897916e+07 768 7235 3201 11 6 7 7 2.32920583e-03 7.58409163e-03 outputs/V1e24_D10000_G6/solution/solution-00021 
 84 2.813506516683e+09 1.236140128172e+07 768 7235 3201 11 6 7 7 2.15397170e-03 7.23067167e-03                                              "" 
 85 2.826472117161e+09 1.296560047819e+07 768 7235 3201 11 6 7 7 1.98999743e-03 6.88861449e-03                                              "" 
 86 2.840081530214e+09 1.360941305292e+07 768 7235 3201 11 6 7 7 1.83721612e-03 6.56053935e-03                                              "" 
 87 2.854376245900e+09 1.429471568609e+07 768 7235 3201 11 6 7 7 1.69548055e-03 6.24742063e-03                                              "" 
 88 2.869399259945e+09 1.502301404430e+07 768 7235 3201 10 6 7 7 1.56456164e-03 5.94644765e-03 outputs/V1e24_D10000_G6/solution/solution-00022 
 89 2.885171606194e+09 1.577234624983e+07 768 7235 3201 10 6 7 7 1.44430933e-03 5.65821852e-03                                              "" 
 90 2.901735491856e+09 1.656388566156e+07 768 7235 3201 10 6 7 7 1.33427999e-03 5.38437040e-03 outputs/V1e24_D10000_G6/solution/solution-00023 
 91 2.919134162268e+09 1.739867041185e+07 768 7235 3201 10 6 7 7 1.23395417e-03 5.12936991e-03                                              "" 
 92 2.937411779135e+09 1.827761686718e+07 768 7235 3201 10 6 7 7 1.14274596e-03 4.88635093e-03                                              "" 
 93 2.956613315781e+09 1.920153664582e+07 768 7235 3201 10 6 7 7 1.06001702e-03 4.65511755e-03                                              "" 
 94 2.976760869737e+09 2.014755395595e+07 768 7235 3201 10 6 7 7 9.85173870e-04 4.43819064e-03                                              "" 
 95 2.997884342685e+09 2.112347294857e+07 768 7235 3201  9 6 7 7 9.17541770e-04 4.23432118e-03 outputs/V1e24_D10000_G6/solution/solution-00024 
 96 3.020024845475e+09 2.214050278926e+07 768 7235 3201  9 6 7 7 8.56407749e-04 4.04116801e-03 outputs/V1e24_D10000_G6/solution/solution-00025 
 97 3.043223584014e+09 2.319873853943e+07 768 7235 3201  9 6 7 7 8.01089645e-04 3.86142838e-03                                              "" 
 98 3.067521770241e+09 2.429818622679e+07 768 7235 3201  9 6 7 7 7.50951207e-04 3.69205999e-03                                              "" 
 99 3.092947559219e+09 2.542578897861e+07 768 7235 3201  9 6 7 7 7.05434742e-04 3.53191563e-03                                              "" 
100 3.119504198993e+09 2.655663977382e+07 768 7235 3201  9 6 7 7 6.64071059e-04 3.38080986e-03 outputs/V1e24_D10000_G6/solution/solution-00026 
