# 1: Time step number
# 2: Time (years)
# 3: Time step size (years)
# 4: Number of mesh cells
# 5: Number of Stokes degrees of freedom
# 6: Number of temperature degrees of freedom
# 7: Iterations for temperature solver
# 8: Iterations for Stokes solver
# 9: Velocity iterations in Stokes preconditioner
# 10: Schur complement iterations in Stokes preconditioner
# 11: RMS velocity (m/year)
# 12: Max. velocity (m/year)
# 13: Visualization file name
  0 0.000000000000e+00 0.000000000000e+00 768 7235 3201  0 8 9 9 3.97581349e-08 7.07337031e-08 outputs/V1e26_D10_G6/solution/solution-00000 
  1 1.392571516413e+09 1.392571516413e+09 768 7235 3201 32 8 9 9 3.76977368e-08 6.37729244e-08 outputs/V1e26_D10_G6/solution/solution-00001 
  2 2.785143032825e+09 1.392571516413e+09 768 7235 3201 25 8 9 9 3.58502618e-08 6.06421202e-08 outputs/V1e26_D10_G6/solution/solution-00002 
  3 4.177714549238e+09 1.392571516413e+09 768 7235 3201 24 8 9 9 3.41739166e-08 5.79157534e-08 outputs/V1e26_D10_G6/solution/solution-00003 
  4 5.570286065650e+09 1.392571516413e+09 768 7235 3201 23 8 9 9 3.26329769e-08 5.54107501e-08 outputs/V1e26_D10_G6/solution/solution-00004 
  5 6.962857582063e+09 1.392571516413e+09 768 7235 3201 23 8 9 9 3.12124049e-08 5.30956288e-08 outputs/V1e26_D10_G6/solution/solution-00005 
  6 8.355429098476e+09 1.392571516413e+09 768 7235 3201 22 8 9 9 2.98967023e-08 5.09419756e-08 outputs/V1e26_D10_G6/solution/solution-00006 
  7 9.748000614888e+09 1.392571516413e+09 768 7235 3201 21 8 9 9 2.86722625e-08 4.89266656e-08 outputs/V1e26_D10_G6/solution/solution-00007 
  8 1.114057213130e+10 1.392571516413e+09 768 7235 3201 21 8 9 9 2.75275396e-08 4.70313416e-08 outputs/V1e26_D10_G6/solution/solution-00008 
  9 1.253314364771e+10 1.392571516413e+09 768 7235 3201 21 8 9 9 2.64528624e-08 4.52414144e-08 outputs/V1e26_D10_G6/solution/solution-00009 
 10 1.392571516413e+10 1.392571516413e+09 768 7235 3201 20 8 9 9 2.54401577e-08 4.35451688e-08 outputs/V1e26_D10_G6/solution/solution-00010 
 11 1.531828668054e+10 1.392571516413e+09 768 7235 3201 20 8 9 9 2.44826774e-08 4.19330758e-08 outputs/V1e26_D10_G6/solution/solution-00011 
 12 1.671085819695e+10 1.392571516413e+09 768 7235 3201 20 8 9 9 2.35747603e-08 4.03972829e-08 outputs/V1e26_D10_G6/solution/solution-00012 
 13 1.810342971336e+10 1.392571516413e+09 768 7235 3201 20 8 9 9 2.27116347e-08 3.89312376e-08 outputs/V1e26_D10_G6/solution/solution-00013 
 14 1.949600122978e+10 1.392571516413e+09 768 7235 3201 20 8 9 9 2.18892575e-08 3.75294085e-08 outputs/V1e26_D10_G6/solution/solution-00014 
 15 2.088857274619e+10 1.392571516413e+09 768 7235 3201 20 8 9 9 2.11041831e-08 3.61870745e-08 outputs/V1e26_D10_G6/solution/solution-00015 
 16 2.228114426260e+10 1.392571516413e+09 768 7235 3201 19 8 9 9 2.03534572e-08 3.49001642e-08 outputs/V1e26_D10_G6/solution/solution-00016 
 17 2.367371577901e+10 1.392571516413e+09 768 7235 3201 19 8 9 9 1.96345311e-08 3.36651323e-08 outputs/V1e26_D10_G6/solution/solution-00017 
 18 2.506628729543e+10 1.392571516413e+09 768 7235 3201 19 8 9 9 1.89451920e-08 3.24788628e-08 outputs/V1e26_D10_G6/solution/solution-00018 
 19 2.645885881184e+10 1.392571516413e+09 768 7235 3201 19 8 9 9 1.82835053e-08 3.13385932e-08 outputs/V1e26_D10_G6/solution/solution-00019 
 20 2.785143032825e+10 1.392571516413e+09 768 7235 3201 19 8 9 9 1.76477691e-08 3.02418540e-08 outputs/V1e26_D10_G6/solution/solution-00020 
 21 2.924400184466e+10 1.392571516413e+09 768 7235 3201 19 8 9 9 1.70364755e-08 2.91864205e-08 outputs/V1e26_D10_G6/solution/solution-00021 
 22 3.063657336108e+10 1.392571516413e+09 768 7235 3201 19 8 9 9 1.64482796e-08 2.81702742e-08 outputs/V1e26_D10_G6/solution/solution-00022 
 23 3.202914487749e+10 1.392571516413e+09 768 7235 3201 19 8 9 9 1.58819740e-08 2.71915711e-08 outputs/V1e26_D10_G6/solution/solution-00023 
 24 3.342171639390e+10 1.392571516413e+09 768 7235 3201 19 8 9 9 1.53364679e-08 2.62486166e-08 outputs/V1e26_D10_G6/solution/solution-00024 
 25 3.481428791032e+10 1.392571516413e+09 768 7235 3201 19 8 9 9 1.48107692e-08 2.53398441e-08 outputs/V1e26_D10_G6/solution/solution-00025 
 26 3.620685942673e+10 1.392571516413e+09 768 7235 3201 18 8 9 9 1.43039705e-08 2.44637984e-08 outputs/V1e26_D10_G6/solution/solution-00026 
 27 3.759943094314e+10 1.392571516413e+09 768 7235 3201 18 8 9 9 1.38152370e-08 2.36191212e-08 outputs/V1e26_D10_G6/solution/solution-00027 
 28 3.899200245955e+10 1.392571516413e+09 768 7235 3201 18 8 9 9 1.33437968e-08 2.28045394e-08 outputs/V1e26_D10_G6/solution/solution-00028 
 29 4.038457397597e+10 1.392571516413e+09 768 7235 3201 18 8 9 9 1.28889324e-08 2.20188554e-08 outputs/V1e26_D10_G6/solution/solution-00029 
 30 4.177714549238e+10 1.392571516413e+09 768 7235 3201 18 8 9 9 1.24499741e-08 2.12609392e-08 outputs/V1e26_D10_G6/solution/solution-00030 
 31 4.316971700879e+10 1.392571516413e+09 768 7235 3201 18 8 9 9 1.20262940e-08 2.05297211e-08 outputs/V1e26_D10_G6/solution/solution-00031 
 32 4.456228852520e+10 1.392571516413e+09 768 7235 3201 18 8 9 9 1.16173014e-08 1.98241861e-08 outputs/V1e26_D10_G6/solution/solution-00032 
 33 4.595486004162e+10 1.392571516413e+09 768 7235 3201 18 8 9 9 1.12224387e-08 1.91433689e-08 outputs/V1e26_D10_G6/solution/solution-00033 
 34 4.734743155803e+10 1.392571516413e+09 768 7235 3201 18 8 9 9 1.08411776e-08 1.84863499e-08 outputs/V1e26_D10_G6/solution/solution-00034 
 35 4.874000307444e+10 1.392571516413e+09 768 7235 3201 18 8 9 9 1.04730169e-08 1.78522514e-08 outputs/V1e26_D10_G6/solution/solution-00035 
 36 5.013257459085e+10 1.392571516413e+09 768 7235 3201 18 8 9 9 1.01174795e-08 1.72402343e-08 outputs/V1e26_D10_G6/solution/solution-00036 
 37 5.152514610727e+10 1.392571516413e+09 768 7235 3201 18 8 9 9 9.77411036e-09 1.66494958e-08 outputs/V1e26_D10_G6/solution/solution-00037 
 38 5.291771762368e+10 1.392571516413e+09 768 7235 3201 18 8 9 9 9.44247487e-09 1.60792667e-08 outputs/V1e26_D10_G6/solution/solution-00038 
 39 5.431028914009e+10 1.392571516413e+09 768 7235 3201 18 8 9 9 9.12215715e-09 1.55288092e-08 outputs/V1e26_D10_G6/solution/solution-00039 
 40 5.570286065650e+10 1.392571516413e+09 768 7235 3201 18 8 9 9 8.81275872e-09 1.49974155e-08 outputs/V1e26_D10_G6/solution/solution-00040 
 41 5.709543217292e+10 1.392571516413e+09 768 7235 3201 18 8 9 9 8.51389736e-09 1.44844056e-08 outputs/V1e26_D10_G6/solution/solution-00041 
 42 5.848800368933e+10 1.392571516413e+09 768 7235 3201 18 8 9 9 8.22520600e-09 1.39891262e-08 outputs/V1e26_D10_G6/solution/solution-00042 
 43 5.988057520574e+10 1.392571516413e+09 768 7235 3201 18 8 9 9 7.94633189e-09 1.35109489e-08 outputs/V1e26_D10_G6/solution/solution-00043 
 44 6.127314672215e+10 1.392571516413e+09 768 7235 3201 18 8 9 9 7.67693571e-09 1.30492696e-08 outputs/V1e26_D10_G6/solution/solution-00044 
 45 6.266571823857e+10 1.392571516413e+09 768 7235 3201 18 8 9 9 7.41669087e-09 1.26035065e-08 outputs/V1e26_D10_G6/solution/solution-00045 
 46 6.405828975498e+10 1.392571516413e+09 768 7235 3201 17 8 9 9 7.16528288e-09 1.21731000e-08 outputs/V1e26_D10_G6/solution/solution-00046 
 47 6.545086127139e+10 1.392571516413e+09 768 7235 3201 17 8 9 9 6.92240872e-09 1.17575110e-08 outputs/V1e26_D10_G6/solution/solution-00047 
 48 6.684343278781e+10 1.392571516413e+09 768 7235 3201 17 8 9 9 6.68777633e-09 1.13562202e-08 outputs/V1e26_D10_G6/solution/solution-00048 
 49 6.823600430422e+10 1.392571516413e+09 768 7235 3201 17 8 9 9 6.46110406e-09 1.09687275e-08 outputs/V1e26_D10_G6/solution/solution-00049 
 50 6.962857582063e+10 1.392571516413e+09 768 7235 3201 17 8 9 9 6.24212031e-09 1.05945509e-08 outputs/V1e26_D10_G6/solution/solution-00050 
 51 7.102114733704e+10 1.392571516413e+09 768 7235 3201 17 8 9 9 6.03056300e-09 1.02332259e-08 outputs/V1e26_D10_G6/solution/solution-00051 
 52 7.241371885346e+10 1.392571516413e+09 768 7235 3201 17 8 9 9 5.82617928e-09 9.88430472e-09 outputs/V1e26_D10_G6/solution/solution-00052 
 53 7.380629036987e+10 1.392571516413e+09 768 7235 3201 17 8 9 9 5.62872506e-09 9.54735583e-09 outputs/V1e26_D10_G6/solution/solution-00053 
 54 7.519886188628e+10 1.392571516413e+09 768 7235 3201 17 8 9 9 5.43796477e-09 9.22196305e-09 outputs/V1e26_D10_G6/solution/solution-00054 
 55 7.659143340269e+10 1.392571516413e+09 768 7235 3201 17 8 9 9 5.25367094e-09 8.90772511e-09 outputs/V1e26_D10_G6/solution/solution-00055 
 56 7.798400491911e+10 1.392571516413e+09 768 7235 3201 17 8 9 9 5.07562396e-09 8.60425506e-09 outputs/V1e26_D10_G6/solution/solution-00056 
 57 7.937657643552e+10 1.392571516413e+09 768 7235 3201 17 8 9 9 4.90361177e-09 8.31117969e-09 outputs/V1e26_D10_G6/solution/solution-00057 
 58 8.076914795193e+10 1.392571516413e+09 768 7235 3201 17 8 9 9 4.73742956e-09 8.02813906e-09 outputs/V1e26_D10_G6/solution/solution-00058 
 59 8.216171946834e+10 1.392571516413e+09 768 7235 3201 17 8 9 9 4.57687953e-09 7.75478595e-09 outputs/V1e26_D10_G6/solution/solution-00059 
 60 8.355429098476e+10 1.392571516413e+09 768 7235 3201 17 8 9 9 4.42177066e-09 7.49078544e-09 outputs/V1e26_D10_G6/solution/solution-00060 
 61 8.494686250117e+10 1.392571516413e+09 768 7235 3201 17 8 9 9 4.27191843e-09 7.23581442e-09 outputs/V1e26_D10_G6/solution/solution-00061 
 62 8.633943401758e+10 1.392571516413e+09 768 7235 3201 17 8 9 9 4.12714460e-09 6.98956115e-09 outputs/V1e26_D10_G6/solution/solution-00062 
 63 8.773200553399e+10 1.392571516413e+09 768 7235 3201 17 8 9 9 3.98727700e-09 6.75172487e-09 outputs/V1e26_D10_G6/solution/solution-00063 
 64 8.912457705041e+10 1.392571516413e+09 768 7235 3201 17 8 9 9 3.85214932e-09 6.52201538e-09 outputs/V1e26_D10_G6/solution/solution-00064 
 65 9.051714856682e+10 1.392571516413e+09 768 7235 3201 17 8 9 9 3.72160091e-09 6.30015266e-09 outputs/V1e26_D10_G6/solution/solution-00065 
 66 9.190972008323e+10 1.392571516413e+09 768 7235 3201 17 8 9 9 3.59547655e-09 6.08586650e-09 outputs/V1e26_D10_G6/solution/solution-00066 
 67 9.330229159964e+10 1.392571516413e+09 768 7235 3201 17 8 9 9 3.47362632e-09 5.87889613e-09 outputs/V1e26_D10_G6/solution/solution-00067 
 68 9.469486311606e+10 1.392571516413e+09 768 7235 3201 17 8 9 9 3.35590537e-09 5.67898992e-09 outputs/V1e26_D10_G6/solution/solution-00068 
 69 9.608743463247e+10 1.392571516413e+09 768 7235 3201 17 8 9 9 3.24217377e-09 5.48590500e-09 outputs/V1e26_D10_G6/solution/solution-00069 
 70 9.748000614888e+10 1.392571516413e+09 768 7235 3201 17 8 9 9 3.13229632e-09 5.29940699e-09 outputs/V1e26_D10_G6/solution/solution-00070 
 71 9.887257766530e+10 1.392571516413e+09 768 7235 3201 17 8 9 9 3.02614243e-09 5.11926966e-09 outputs/V1e26_D10_G6/solution/solution-00071 
 72 1.002651491817e+11 1.392571516413e+09 768 7235 3201 16 8 9 9 2.92358593e-09 4.94527467e-09 outputs/V1e26_D10_G6/solution/solution-00072 
 73 1.016577206981e+11 1.392571516413e+09 768 7235 3201 16 8 9 9 2.82450491e-09 4.77721127e-09 outputs/V1e26_D10_G6/solution/solution-00073 
 74 1.030502922145e+11 1.392571516413e+09 768 7235 3201 16 8 9 9 2.72878160e-09 4.61487599e-09 outputs/V1e26_D10_G6/solution/solution-00074 
 75 1.044428637309e+11 1.392571516413e+09 768 7235 3201 16 8 9 9 2.63630223e-09 4.45807247e-09 outputs/V1e26_D10_G6/solution/solution-00075 
 76 1.058354352474e+11 1.392571516413e+09 768 7235 3201 16 8 9 9 2.54695687e-09 4.30661114e-09 outputs/V1e26_D10_G6/solution/solution-00076 
 77 1.072280067638e+11 1.392571516413e+09 768 7235 3201 16 8 9 9 2.46063933e-09 4.16030901e-09 outputs/V1e26_D10_G6/solution/solution-00077 
 78 1.086205782802e+11 1.392571516413e+09 768 7235 3201 16 8 9 9 2.37724700e-09 4.01898941e-09 outputs/V1e26_D10_G6/solution/solution-00078 
 79 1.100131497966e+11 1.392571516413e+09 768 7235 3201 16 8 9 9 2.29668076e-09 3.88248179e-09 outputs/V1e26_D10_G6/solution/solution-00079 
 80 1.114057213130e+11 1.392571516413e+09 768 7235 3201 16 8 9 9 2.21884486e-09 3.75062151e-09 outputs/V1e26_D10_G6/solution/solution-00080 
 81 1.127982928294e+11 1.392571516413e+09 768 7235 3201 16 8 9 9 2.14364677e-09 3.62324960e-09 outputs/V1e26_D10_G6/solution/solution-00081 
 82 1.141908643458e+11 1.392571516413e+09 768 7235 3201 16 8 9 9 2.07099710e-09 3.50021260e-09 outputs/V1e26_D10_G6/solution/solution-00082 
 83 1.155834358622e+11 1.392571516413e+09 768 7235 3201 16 8 9 9 2.00080949e-09 3.38136231e-09 outputs/V1e26_D10_G6/solution/solution-00083 
 84 1.169760073787e+11 1.392571516413e+09 768 7235 3201 16 8 9 9 1.93300053e-09 3.26655568e-09 outputs/V1e26_D10_G6/solution/solution-00084 
 85 1.183685788951e+11 1.392571516413e+09 768 7235 3201 16 8 9 9 1.86748960e-09 3.15565457e-09 outputs/V1e26_D10_G6/solution/solution-00085 
 86 1.197611504115e+11 1.392571516413e+09 768 7235 3201 16 8 9 9 1.80419882e-09 3.04852558e-09 outputs/V1e26_D10_G6/solution/solution-00086 
 87 1.211537219279e+11 1.392571516413e+09 768 7235 3201 16 8 9 9 1.74305297e-09 2.94503995e-09 outputs/V1e26_D10_G6/solution/solution-00087 
 88 1.225462934443e+11 1.392571516413e+09 768 7235 3201 16 8 9 9 1.68397935e-09 2.84507329e-09 outputs/V1e26_D10_G6/solution/solution-00088 
 89 1.239388649607e+11 1.392571516413e+09 768 7235 3201 16 8 9 9 1.62690775e-09 2.74850555e-09 outputs/V1e26_D10_G6/solution/solution-00089 
 90 1.253314364771e+11 1.392571516413e+09 768 7235 3201 16 8 9 9 1.57177031e-09 2.65522075e-09 outputs/V1e26_D10_G6/solution/solution-00090 
 91 1.267240079935e+11 1.392571516413e+09 768 7235 3201 16 8 9 9 1.51850150e-09 2.56510692e-09 outputs/V1e26_D10_G6/solution/solution-00091 
 92 1.281165795100e+11 1.392571516413e+09 768 7235 3201 16 8 9 9 1.46703799e-09 2.47805594e-09 outputs/V1e26_D10_G6/solution/solution-00092 
 93 1.295091510264e+11 1.392571516413e+09 768 7235 3201 16 8 9 9 1.41731860e-09 2.39396339e-09 outputs/V1e26_D10_G6/solution/solution-00093 
 94 1.309017225428e+11 1.392571516413e+09 768 7235 3201 16 8 9 9 1.36928422e-09 2.31272843e-09 outputs/V1e26_D10_G6/solution/solution-00094 
 95 1.322942940592e+11 1.392571516413e+09 768 7235 3201 16 8 9 9 1.32287776e-09 2.23425369e-09 outputs/V1e26_D10_G6/solution/solution-00095 
 96 1.336868655756e+11 1.392571516413e+09 768 7235 3201 16 8 9 9 1.27804403e-09 2.15844511e-09 outputs/V1e26_D10_G6/solution/solution-00096 
 97 1.350794370920e+11 1.392571516413e+09 768 7235 3201 15 8 9 9 1.23472976e-09 2.08521191e-09 outputs/V1e26_D10_G6/solution/solution-00097 
 98 1.364720086084e+11 1.392571516413e+09 768 7235 3201 15 8 9 9 1.19288344e-09 2.01446636e-09 outputs/V1e26_D10_G6/solution/solution-00098 
 99 1.378645801248e+11 1.392571516413e+09 768 7235 3201 15 8 9 9 1.15245532e-09 1.94612373e-09 outputs/V1e26_D10_G6/solution/solution-00099 
100 1.392571516413e+11 1.392571516413e+09 768 7235 3201 15 8 9 9 1.11339734e-09 1.88010224e-09 outputs/V1e26_D10_G6/solution/solution-00100 
