# 1: Time step number
# 2: Time (years)
# 3: Time step size (years)
# 4: Number of mesh cells
# 5: Number of Stokes degrees of freedom
# 6: Number of temperature degrees of freedom
# 7: Iterations for temperature solver
# 8: Iterations for Stokes solver
# 9: Velocity iterations in Stokes preconditioner
# 10: Schur complement iterations in Stokes preconditioner
# 11: RMS velocity (m/year)
# 12: Max. velocity (m/year)
# 13: Visualization file name
  0 0.000000000000e+00 0.000000000000e+00 768 7235 3201  0 8 9 9 3.97287882e-06 6.98573922e-06 outputs/V1e24_D100_G6/solution/solution-00000 
  1 1.392571516413e+09 1.392571516413e+09 768 7235 3201 31 8 9 9 5.39610409e-06 9.77233477e-06 outputs/V1e24_D100_G6/solution/solution-00001 
  2 2.785143032825e+09 1.392571516413e+09 768 7235 3201 25 8 9 9 8.71041765e-06 1.69352059e-05 outputs/V1e24_D100_G6/solution/solution-00002 
  3 4.177714549238e+09 1.392571516413e+09 768 7235 3201 24 8 9 9 1.66151757e-05 3.37035282e-05 outputs/V1e24_D100_G6/solution/solution-00003 
  4 5.570286065650e+09 1.392571516413e+09 768 7235 3201 23 8 9 9 3.61252636e-05 7.43550599e-05 outputs/V1e24_D100_G6/solution/solution-00004 
  5 6.831287864737e+09 1.261001799087e+09 768 7235 3201 23 8 9 9 8.04643841e-05 1.65486500e-04 outputs/V1e24_D100_G6/solution/solution-00005 
  6 7.398063970494e+09 5.667761057570e+08 768 7235 3201 17 8 9 9 1.24003075e-04 2.54915962e-04 outputs/V1e24_D100_G6/solution/solution-00006 
  7 7.765899334970e+09 3.678353644760e+08 768 7235 3201 13 7 8 8 1.69418262e-04 3.48368114e-04 outputs/V1e24_D100_G6/solution/solution-00007 
  8 8.034979930170e+09 2.690805951998e+08 768 7235 3201 12 7 8 8 2.16164972e-04 4.44903578e-04 outputs/V1e24_D100_G6/solution/solution-00008 
  9 8.245699746088e+09 2.107198159178e+08 768 7235 3201 11 7 8 8 2.63979346e-04 5.43789438e-04 outputs/V1e24_D100_G6/solution/solution-00009 
 10 8.418125590510e+09 1.724258444224e+08 768 7235 3201 10 7 8 8 3.12759079e-04 6.44847739e-04 outputs/V1e24_D100_G6/solution/solution-00010 
 11 8.563568114439e+09 1.454425239287e+08 768 7235 3201 10 6 7 7 3.62449536e-04 7.47749873e-04 outputs/V1e24_D100_G6/solution/solution-00011 
 12 8.688944264043e+09 1.253761496040e+08 768 7235 3201 10 6 7 7 4.12966558e-04 8.52100431e-04 outputs/V1e24_D100_G6/solution/solution-00012 
 13 8.799020299040e+09 1.100760349971e+08 768 7235 3201  9 6 7 7 4.64294200e-04 9.57148624e-04 outputs/V1e24_D100_G6/solution/solution-00013 
 14 8.896932617590e+09 9.791231854976e+07 768 7235 3201  9 6 7 7 5.16296037e-04 1.06340176e-03 outputs/V1e24_D100_G6/solution/solution-00014 
 15 8.985142333715e+09 8.820971612558e+07 768 7235 3201  9 6 7 7 5.68911503e-04 1.16951210e-03 outputs/V1e24_D100_G6/solution/solution-00015 
 16 9.065303966882e+09 8.016163316692e+07 768 7235 3201  9 6 7 7 6.21925510e-04 1.27473772e-03 outputs/V1e24_D100_G6/solution/solution-00016 
 17 9.138864915655e+09 7.356094877310e+07 768 7235 3201  9 6 7 7 6.75213393e-04 1.37913679e-03 outputs/V1e24_D100_G6/solution/solution-00017 
 18 9.206873522344e+09 6.800860668822e+07 768 7235 3201  9 6 7 7 7.28553002e-04 1.48074161e-03 outputs/V1e24_D100_G6/solution/solution-00018 
 19 9.270157443572e+09 6.328392122864e+07 768 7235 3201  9 6 7 7 7.81682025e-04 1.58067896e-03                                            "" 
 20 9.329457019350e+09 5.929957577744e+07 768 7235 3201 10 6 7 7 8.34372826e-04 1.67757657e-03 outputs/V1e24_D100_G6/solution/solution-00019 
 21 9.385374265675e+09 5.591724632499e+07 768 7235 3201 10 6 7 7 8.86368170e-04 1.77006994e-03                                            "" 
 22 9.438360593973e+09 5.298632829834e+07 768 7235 3201 10 6 7 7 9.37341616e-04 1.86716136e-03 outputs/V1e24_D100_G6/solution/solution-00020 
 23 9.488570501801e+09 5.020990782746e+07 768 7235 3201 10 6 7 7 9.86731224e-04 1.99035327e-03                                            "" 
 24 9.535672692864e+09 4.710219106308e+07 768 7235 3201 10 6 7 7 1.03354229e-03 2.10731870e-03 outputs/V1e24_D100_G6/solution/solution-00021 
 25 9.580160505805e+09 4.448781294110e+07 768 7235 3201 10 6 7 7 1.07767858e-03 2.21857223e-03                                            "" 
 26 9.622436199219e+09 4.227569341384e+07 768 7235 3201 10 6 7 7 1.11905037e-03 2.32283579e-03 outputs/V1e24_D100_G6/solution/solution-00022 
 27 9.662832318927e+09 4.039611970844e+07 768 7235 3201 10 6 7 7 1.15757843e-03 2.41972100e-03                                            "" 
 28 9.701617778027e+09 3.878545909951e+07 768 7235 3201 10 6 7 7 1.19318802e-03 2.50895864e-03 outputs/V1e24_D100_G6/solution/solution-00023 
 29 9.739011522441e+09 3.739374441480e+07 768 7235 3201 10 6 7 7 1.22581482e-03 2.59034676e-03                                            "" 
 30 9.775219475718e+09 3.620795327655e+07 768 7235 3201 11 6 7 7 1.25543124e-03 2.66380812e-03                                            "" 
 31 9.810419233387e+09 3.519975766946e+07 768 7235 3201 11 6 7 7 1.28202572e-03 2.72933038e-03 outputs/V1e24_D100_G6/solution/solution-00024 
 32 9.844765414678e+09 3.434618129101e+07 768 7235 3201 11 6 7 7 1.30560318e-03 2.78696062e-03                                            "" 
 33 9.878393851926e+09 3.362843724791e+07 768 7235 3201 11 6 7 7 1.32618524e-03 2.83680017e-03                                            "" 
 34 9.911424902305e+09 3.303105037918e+07 768 7235 3201 11 6 7 7 1.34381006e-03 2.87899975e-03 outputs/V1e24_D100_G6/solution/solution-00025 
 35 9.943966087937e+09 3.254118563202e+07 768 7235 3201 11 6 7 7 1.35853199e-03 2.91375473e-03                                            "" 
 36 9.976114215870e+09 3.214812793232e+07 768 7235 3201 11 6 7 7 1.37042091e-03 2.94163761e-03                                            "" 
 37 1.000795709078e+10 3.184287490666e+07 768 7235 3201 11 6 7 7 1.37956136e-03 2.96291928e-03 outputs/V1e24_D100_G6/solution/solution-00026 
 38 1.003957490542e+10 3.161781464563e+07 768 7235 3201 11 6 7 7 1.38605138e-03 2.97745490e-03                                            "" 
 39 1.007104137364e+10 3.146646822107e+07 768 7235 3201 11 6 7 7 1.39000121e-03 2.98557637e-03                                            "" 
 40 1.010242465563e+10 3.138328198396e+07 768 7235 3201 11 6 7 7 1.39153186e-03 2.98764024e-03 outputs/V1e24_D100_G6/solution/solution-00027 
 41 1.013378811411e+10 3.136345848033e+07 768 7235 3201 11 6 7 7 1.39077344e-03 2.98402324e-03                                            "" 
 42 1.016519093170e+10 3.140281759346e+07 768 7235 3201 11 6 7 7 1.38786359e-03 2.97511780e-03                                            "" 
 43 1.019668861326e+10 3.149768155789e+07 768 7235 3201 11 6 7 7 1.38294573e-03 2.96132768e-03                                            "" 
 44 1.022833339226e+10 3.164477900204e+07 768 7235 3201 10 6 7 7 1.37616740e-03 2.94306377e-03 outputs/V1e24_D100_G6/solution/solution-00028 
 45 1.026017455657e+10 3.184116430689e+07 768 7235 3201 10 6 7 7 1.36767860e-03 2.92074000e-03                                            "" 
 46 1.029225870599e+10 3.208414942096e+07 768 7235 3201 10 6 7 7 1.35763021e-03 2.89476943e-03                                            "" 
 47 1.032462995191e+10 3.237124592212e+07 768 7235 3201 10 6 7 7 1.34617253e-03 2.86556060e-03 outputs/V1e24_D100_G6/solution/solution-00029 
 48 1.035733006753e+10 3.270011561767e+07 768 7235 3201 10 6 7 7 1.33345389e-03 2.83351423e-03                                            "" 
 49 1.039039859589e+10 3.306852836578e+07 768 7235 3201 10 6 7 7 1.31961943e-03 2.79902013e-03                                            "" 
 50 1.042387292200e+10 3.347432610991e+07 768 7235 3201 10 6 7 7 1.30481000e-03 2.76245451e-03 outputs/V1e24_D100_G6/solution/solution-00030 
 51 1.045778831437e+10 3.391539236248e+07 768 7235 3201 10 6 7 7 1.28916122e-03 2.72417769e-03                                            "" 
 52 1.049217794093e+10 3.438962656728e+07 768 7235 3201 10 6 7 7 1.27280267e-03 2.68453211e-03                                            "" 
 53 1.052707286386e+10 3.489492292230e+07 768 7235 3201 10 6 7 7 1.25585720e-03 2.64384075e-03 outputs/V1e24_D100_G6/solution/solution-00031 
 54 1.056250201722e+10 3.542915336083e+07 768 7235 3201 10 6 7 7 1.23844046e-03 2.60273609e-03                                            "" 
 55 1.059849217169e+10 3.599015447581e+07 768 7235 3201 10 6 7 7 1.22066045e-03 2.56131003e-03                                            "" 
 56 1.063506788993e+10 3.657571823257e+07 768 7235 3201 10 6 7 7 1.20261729e-03 2.51969035e-03 outputs/V1e24_D100_G6/solution/solution-00032 
 57 1.067225147628e+10 3.718358635151e+07 768 7235 3201 10 6 7 7 1.18440304e-03 2.47811049e-03                                            "" 
 58 1.071006292453e+10 3.781144825682e+07 768 7235 3201 10 6 7 7 1.16610164e-03 2.43678211e-03 outputs/V1e24_D100_G6/solution/solution-00033 
 59 1.074851986702e+10 3.845694248198e+07 768 7235 3201 10 6 7 7 1.14778896e-03 2.39589526e-03                                            "" 
 60 1.078763752841e+10 3.911766139850e+07 768 7235 3201 10 6 7 7 1.12953294e-03 2.35561890e-03                                            "" 
 61 1.082742868751e+10 3.979115909540e+07 768 7235 3201 10 6 7 7 1.11139375e-03 2.31610144e-03 outputs/V1e24_D100_G6/solution/solution-00034 
 62 1.086790364969e+10 4.047496218414e+07 768 7235 3201 10 6 7 7 1.09342407e-03 2.27747162e-03                                            "" 
 63 1.090907023294e+10 4.116658324331e+07 768 7235 3201  9 6 7 7 1.07566943e-03 2.23983930e-03 outputs/V1e24_D100_G6/solution/solution-00035 
 64 1.095093376949e+10 4.186353655218e+07 768 7235 3201  9 6 7 7 1.05816856e-03 2.20329657e-03                                            "" 
 65 1.099349712519e+10 4.256335569853e+07 768 7235 3201  9 6 7 7 1.04095378e-03 2.16791870e-03                                            "" 
 66 1.103676073778e+10 4.326361258845e+07 768 7235 3201  9 6 7 7 1.02405149e-03 2.13376534e-03 outputs/V1e24_D100_G6/solution/solution-00036 
 67 1.108072267512e+10 4.396193733942e+07 768 7235 3201  9 6 7 7 1.00748257e-03 2.10088163e-03                                            "" 
 68 1.112537871362e+10 4.465603850724e+07 768 7235 3201  9 6 7 7 9.91262906e-04 2.06929936e-03 outputs/V1e24_D100_G6/solution/solution-00037 
 69 1.117072243671e+10 4.534372308504e+07 768 7235 3201  9 6 7 7 9.75403847e-04 2.03903813e-03                                            "" 
 70 1.121674535243e+10 4.602291572141e+07 768 7235 3201  9 6 7 7 9.59912708e-04 2.01010650e-03 outputs/V1e24_D100_G6/solution/solution-00038 
 71 1.126343057286e+10 4.668522043051e+07 768 7235 3201  9 6 7 7 9.44795293e-04 1.98250678e-03                                            "" 
 72 1.131075764558e+10 4.732707272127e+07 768 7235 3201  9 6 7 7 9.30054543e-04 1.95623245e-03 outputs/V1e24_D100_G6/solution/solution-00039 
 73 1.135871224298e+10 4.795459739428e+07 768 7235 3201  9 6 7 7 9.15688125e-04 1.93126426e-03                                            "" 
 74 1.140727866840e+10 4.856642542958e+07 768 7235 3201  9 6 7 7 9.01691503e-04 1.90757613e-03 outputs/V1e24_D100_G6/solution/solution-00040 
 75 1.145644004621e+10 4.916137780958e+07 768 7235 3201  9 6 7 7 8.88058343e-04 1.88513615e-03                                            "" 
 76 1.150617851591e+10 4.973846969532e+07 768 7235 3201  9 6 7 7 8.74780893e-04 1.86393154e-03 outputs/V1e24_D100_G6/solution/solution-00041 
 77 1.155647542752e+10 5.029691161174e+07 768 7235 3201  9 6 7 7 8.61850325e-04 1.84416164e-03                                            "" 
 78 1.160731153529e+10 5.083610776714e+07 768 7235 3201  9 6 7 7 8.49257038e-04 1.82550502e-03 outputs/V1e24_D100_G6/solution/solution-00042 
 79 1.165866718698e+10 5.135565169425e+07 768 7235 3201  9 6 7 7 8.36990938e-04 1.80791481e-03                                            "" 
 80 1.171052250644e+10 5.185531945804e+07 768 7235 3201  9 5 6 6 8.25041664e-04 1.79134214e-03 outputs/V1e24_D100_G6/solution/solution-00043 
 81 1.176285756732e+10 5.233506087544e+07 768 7235 3201  9 5 6 6 8.13398797e-04 1.77573674e-03                                            "" 
 82 1.181565255548e+10 5.279498816139e+07 768 7235 3201  9 5 6 6 8.02052015e-04 1.76104739e-03 outputs/V1e24_D100_G6/solution/solution-00044 
 83 1.186888792011e+10 5.323536463126e+07 768 7235 3201  8 5 6 6 7.90991238e-04 1.74722245e-03                                            "" 
 84 1.192254451087e+10 5.365659075973e+07 768 7235 3201  8 5 6 6 7.80206730e-04 1.73421022e-03 outputs/V1e24_D100_G6/solution/solution-00045 
 85 1.197660370111e+10 5.405919023769e+07 768 7235 3201  8 5 6 6 7.69689176e-04 1.72195930e-03                                            "" 
 86 1.203104749654e+10 5.444379543595e+07 768 7235 3201  8 5 6 6 7.59429735e-04 1.71041895e-03 outputs/V1e24_D100_G6/solution/solution-00046 
 87 1.208585862928e+10 5.481113273768e+07 768 7235 3201  8 5 6 6 7.49420083e-04 1.69953929e-03                                            "" 
 88 1.214102063730e+10 5.516200801703e+07 768 7235 3201  8 5 6 6 7.39652415e-04 1.68927160e-03 outputs/V1e24_D100_G6/solution/solution-00047 
 89 1.219651792981e+10 5.549729250823e+07 768 7235 3201  8 5 6 6 7.30119455e-04 1.67956846e-03                                            "" 
 90 1.225233583908e+10 5.581790927357e+07 768 7235 3201  8 5 6 6 7.20814436e-04 1.67038396e-03 outputs/V1e24_D100_G6/solution/solution-00048 
 91 1.230846065952e+10 5.612482044209e+07 768 7235 3201  8 5 6 6 7.11731076e-04 1.66167381e-03 outputs/V1e24_D100_G6/solution/solution-00049 
 92 1.236487967487e+10 5.641901535376e+07 768 7235 3201  8 5 6 6 7.02863543e-04 1.65339542e-03                                            "" 
 93 1.242158117458e+10 5.670149970891e+07 768 7235 3201  8 5 6 6 6.94206412e-04 1.64550804e-03 outputs/V1e24_D100_G6/solution/solution-00050 
 94 1.247855446037e+10 5.697328578851e+07 768 7235 3201  8 5 6 6 6.85754618e-04 1.63797277e-03                                            "" 
 95 1.253578984415e+10 5.723538377985e+07 768 7235 3201  8 5 6 6 6.77503404e-04 1.63075259e-03 outputs/V1e24_D100_G6/solution/solution-00051 
 96 1.259327863837e+10 5.748879421376e+07 768 7235 3201  8 5 6 6 6.69448268e-04 1.62381241e-03                                            "" 
 97 1.265101313986e+10 5.773450149417e+07 768 7235 3201  8 5 6 6 6.61584908e-04 1.61711905e-03 outputs/V1e24_D100_G6/solution/solution-00052 
 98 1.270898660834e+10 5.797346847902e+07 768 7235 3201  8 5 6 6 6.53909167e-04 1.61064121e-03 outputs/V1e24_D100_G6/solution/solution-00053 
 99 1.276719324039e+10 5.820663205342e+07 768 7235 3201  8 5 6 6 6.46416985e-04 1.60434947e-03                                            "" 
100 1.282562814001e+10 5.843489962145e+07 768 7235 3201  8 5 6 6 6.39104351e-04 1.59821623e-03 outputs/V1e24_D100_G6/solution/solution-00054 
