# 1: Time step number
# 2: Time (years)
# 3: Time step size (years)
# 4: Number of mesh cells
# 5: Number of Stokes degrees of freedom
# 6: Number of temperature degrees of freedom
# 7: Iterations for temperature solver
# 8: Iterations for Stokes solver
# 9: Velocity iterations in Stokes preconditioner
# 10: Schur complement iterations in Stokes preconditioner
# 11: RMS velocity (m/year)
# 12: Max. velocity (m/year)
# 13: Visualization file name
  0 0.000000000000e+00 0.000000000000e+00 768 7235 3201  0 8 9 9 3.99886301e-07 6.74661797e-07 outputs/V3.3e24_D1000_G2/solution/solution-00000 
  1 1.392571516413e+09 1.392571516413e+09 768 7235 3201 21 7 8 8 4.54962709e-07 7.67583088e-07 outputs/V3.3e24_D1000_G2/solution/solution-00001 
  2 2.785143032825e+09 1.392571516413e+09 768 7235 3201 16 6 7 7 5.22249519e-07 8.81104972e-07 outputs/V3.3e24_D1000_G2/solution/solution-00002 
  3 4.177714549238e+09 1.392571516413e+09 768 7235 3201 16 6 7 7 6.01316780e-07 1.01450207e-06 outputs/V3.3e24_D1000_G2/solution/solution-00003 
  4 5.570286065650e+09 1.392571516413e+09 768 7235 3201 16 6 7 7 6.93071480e-07 1.16930459e-06 outputs/V3.3e24_D1000_G2/solution/solution-00004 
  5 6.962857582063e+09 1.392571516413e+09 768 7235 3201 16 6 7 7 7.99106919e-07 1.34820066e-06 outputs/V3.3e24_D1000_G2/solution/solution-00005 
  6 8.355429098476e+09 1.392571516413e+09 768 7235 3201 16 6 7 7 9.21474021e-07 1.55465047e-06 outputs/V3.3e24_D1000_G2/solution/solution-00006 
  7 9.748000614888e+09 1.392571516413e+09 768 7235 3201 16 6 7 7 1.06262115e-06 1.79278477e-06 outputs/V3.3e24_D1000_G2/solution/solution-00007 
  8 1.114057213130e+10 1.392571516413e+09 768 7235 3201 16 6 7 7 1.22540410e-06 2.06742169e-06 outputs/V3.3e24_D1000_G2/solution/solution-00008 
  9 1.253314364771e+10 1.392571516413e+09 768 7235 3201 16 6 7 7 1.41312860e-06 2.38413848e-06 outputs/V3.3e24_D1000_G2/solution/solution-00009 
 10 1.392571516413e+10 1.392571516413e+09 768 7235 3201 17 6 7 7 1.62961133e-06 2.74937448e-06 outputs/V3.3e24_D1000_G2/solution/solution-00010 
 11 1.531828668054e+10 1.392571516413e+09 768 7235 3201 17 6 7 7 1.87925499e-06 3.17055772e-06 outputs/V3.3e24_D1000_G2/solution/solution-00011 
 12 1.671085819695e+10 1.392571516413e+09 768 7235 3201 17 6 7 7 2.16713650e-06 3.65625385e-06 outputs/V3.3e24_D1000_G2/solution/solution-00012 
 13 1.810342971336e+10 1.392571516413e+09 768 7235 3201 17 6 7 7 2.49910933e-06 4.21633870e-06 outputs/V3.3e24_D1000_G2/solution/solution-00013 
 14 1.949600122978e+10 1.392571516413e+09 768 7235 3201 17 6 7 7 2.88192144e-06 4.86219741e-06 outputs/V3.3e24_D1000_G2/solution/solution-00014 
 15 2.088857274619e+10 1.392571516413e+09 768 7235 3201 17 6 7 7 3.32335102e-06 5.60695342e-06 outputs/V3.3e24_D1000_G2/solution/solution-00015 
 16 2.228114426260e+10 1.392571516413e+09 768 7235 3201 17 6 7 7 3.83236227e-06 6.46573154e-06 outputs/V3.3e24_D1000_G2/solution/solution-00016 
 17 2.367371577901e+10 1.392571516413e+09 768 7235 3201 18 6 7 7 4.41928422e-06 7.45595962e-06 outputs/V3.3e24_D1000_G2/solution/solution-00017 
 18 2.506628729543e+10 1.392571516413e+09 768 7235 3201 18 6 7 7 5.09601513e-06 8.59771391e-06 outputs/V3.3e24_D1000_G2/solution/solution-00018 
 19 2.645885881184e+10 1.392571516413e+09 768 7235 3201 18 6 7 7 5.87625599e-06 9.91411325e-06 outputs/V3.3e24_D1000_G2/solution/solution-00019 
 20 2.785143032825e+10 1.392571516413e+09 768 7235 3201 18 6 7 7 6.77577596e-06 1.14317675e-05 outputs/V3.3e24_D1000_G2/solution/solution-00020 
 21 2.924400184466e+10 1.392571516413e+09 768 7235 3201 18 6 7 7 7.81271276e-06 1.31812856e-05 outputs/V3.3e24_D1000_G2/solution/solution-00021 
 22 3.063657336108e+10 1.392571516413e+09 768 7235 3201 18 6 7 7 9.00791042e-06 1.51978464e-05 outputs/V3.3e24_D1000_G2/solution/solution-00022 
 23 3.202914487749e+10 1.392571516413e+09 768 7235 3201 18 6 7 7 1.03852954e-05 1.75218360e-05 outputs/V3.3e24_D1000_G2/solution/solution-00023 
 24 3.342171639390e+10 1.392571516413e+09 768 7235 3201 19 6 7 7 1.19722903e-05 2.01995484e-05 outputs/V3.3e24_D1000_G2/solution/solution-00024 
 25 3.481428791032e+10 1.392571516413e+09 768 7235 3201 19 6 7 7 1.38002591e-05 2.32839430e-05 outputs/V3.3e24_D1000_G2/solution/solution-00025 
 26 3.620685942673e+10 1.392571516413e+09 768 7235 3201 19 6 7 7 1.59049752e-05 2.68354404e-05 outputs/V3.3e24_D1000_G2/solution/solution-00026 
 27 3.759943094314e+10 1.392571516413e+09 768 7235 3201 19 6 7 7 1.83270877e-05 3.09227224e-05 outputs/V3.3e24_D1000_G2/solution/solution-00027 
 28 3.899200245955e+10 1.392571516413e+09 768 7235 3201 19 6 7 7 2.11125535e-05 3.56234771e-05 outputs/V3.3e24_D1000_G2/solution/solution-00028 
 29 4.038457397597e+10 1.392571516413e+09 768 7235 3201 19 6 7 7 2.43129725e-05 4.10249902e-05 outputs/V3.3e24_D1000_G2/solution/solution-00029 
 30 4.177714549238e+10 1.392571516413e+09 768 7235 3201 20 6 7 7 2.79857335e-05 4.72244277e-05 outputs/V3.3e24_D1000_G2/solution/solution-00030 
 31 4.316971700879e+10 1.392571516413e+09 768 7235 3201 20 6 7 7 3.21938268e-05 5.43285718e-05 outputs/V3.3e24_D1000_G2/solution/solution-00031 
 32 4.456228852520e+10 1.392571516413e+09 768 7235 3201 20 6 7 7 3.70051086e-05 6.24526505e-05 outputs/V3.3e24_D1000_G2/solution/solution-00032 
 33 4.595486004162e+10 1.392571516413e+09 768 7235 3201 21 6 7 7 4.24907112e-05 7.17177478e-05 outputs/V3.3e24_D1000_G2/solution/solution-00033 
 34 4.726206785165e+10 1.307207810029e+09 768 7235 3201 20 6 7 7 4.83236805e-05 8.15726651e-05 outputs/V3.3e24_D1000_G2/solution/solution-00034 
 35 4.841134990461e+10 1.149282052960e+09 768 7235 3201 19 6 7 7 5.40552232e-05 9.12596550e-05 outputs/V3.3e24_D1000_G2/solution/solution-00035 
 36 4.943863846941e+10 1.027288564800e+09 768 7235 3201 18 6 7 7 5.96905902e-05 1.00787693e-04 outputs/V3.3e24_D1000_G2/solution/solution-00036 
 37 5.036881156051e+10 9.301730911074e+08 768 7235 3201 17 6 7 7 6.52282286e-05 1.10154209e-04 outputs/V3.3e24_D1000_G2/solution/solution-00037 
 38 5.121989116287e+10 8.510796023548e+08 768 7235 3201 16 6 7 7 7.06646386e-05 1.19353271e-04 outputs/V3.3e24_D1000_G2/solution/solution-00038 
 39 5.200537445585e+10 7.854832929793e+08 768 7235 3201 15 6 7 7 7.59958010e-05 1.28377996e-04 outputs/V3.3e24_D1000_G2/solution/solution-00039 
 40 5.273563978985e+10 7.302653339990e+08 768 7235 3201 15 6 7 7 8.12176163e-05 1.37221288e-04 outputs/V3.3e24_D1000_G2/solution/solution-00040 
 41 5.341884282175e+10 6.832030319023e+08 768 7235 3201 14 6 7 7 8.63260537e-05 1.45876092e-04 outputs/V3.3e24_D1000_G2/solution/solution-00041 
 42 5.406151153359e+10 6.426687118450e+08 768 7235 3201 14 6 7 7 9.13172170e-05 1.54335505e-04 outputs/V3.3e24_D1000_G2/solution/solution-00042 
 43 5.466895439188e+10 6.074428582858e+08 768 7235 3201 14 6 7 7 9.61873825e-05 1.62592844e-04 outputs/V3.3e24_D1000_G2/solution/solution-00043 
 44 5.524554803322e+10 5.765936413449e+08 768 7235 3201 13 6 7 7 1.00933028e-04 1.70641701e-04 outputs/V3.3e24_D1000_G2/solution/solution-00044 
 45 5.579494480802e+10 5.493967747945e+08 768 7235 3201 13 6 7 7 1.05550854e-04 1.78475981e-04 outputs/V3.3e24_D1000_G2/solution/solution-00045 
 46 5.632022557479e+10 5.252807667743e+08 768 7235 3201 12 6 7 7 1.10037806e-04 1.86089943e-04 outputs/V3.3e24_D1000_G2/solution/solution-00046 
 47 5.682401421744e+10 5.037886426497e+08 768 7235 3201 12 6 7 7 1.14391085e-04 1.93478233e-04 outputs/V3.3e24_D1000_G2/solution/solution-00047 
 48 5.730856484999e+10 4.845506325465e+08 768 7235 3201 12 6 7 7 1.18608162e-04 2.00635903e-04 outputs/V3.3e24_D1000_G2/solution/solution-00048 
 49 5.777582917513e+10 4.672643251403e+08 768 7235 3201 12 5 6 6 1.22686786e-04 2.07558444e-04 outputs/V3.3e24_D1000_G2/solution/solution-00049 
 50 5.822750918448e+10 4.516800093459e+08 768 7235 3201 12 5 6 6 1.26624989e-04 2.14241795e-04 outputs/V3.3e24_D1000_G2/solution/solution-00050 
 51 5.866509887189e+10 4.375896874184e+08 768 7235 3201 11 5 6 6 1.30421089e-04 2.20682361e-04 outputs/V3.3e24_D1000_G2/solution/solution-00051 
 52 5.908991759978e+10 4.248187278888e+08 768 7235 3201 11 5 6 6 1.34073695e-04 2.26877028e-04 outputs/V3.3e24_D1000_G2/solution/solution-00052 
 53 5.950313704749e+10 4.132194477027e+08 768 7235 3201 11 5 6 6 1.37581703e-04 2.32823163e-04 outputs/V3.3e24_D1000_G2/solution/solution-00053 
 54 5.990580316854e+10 4.026661210516e+08 768 7235 3201 11 5 6 6 1.40944296e-04 2.38518630e-04 outputs/V3.3e24_D1000_G2/solution/solution-00054 
 55 6.029885422665e+10 3.930510581168e+08 768 7235 3201 11 5 6 6 1.44160941e-04 2.43961786e-04 outputs/V3.3e24_D1000_G2/solution/solution-00055 
 56 6.068313572159e+10 3.842814949394e+08 768 7235 3201 11 5 6 6 1.47231383e-04 2.49151486e-04 outputs/V3.3e24_D1000_G2/solution/solution-00056 
 57 6.105941282646e+10 3.762771048661e+08 768 7235 3201 10 5 6 6 1.50155641e-04 2.54087081e-04 outputs/V3.3e24_D1000_G2/solution/solution-00057 
 58 6.142838081748e+10 3.689679910221e+08 768 7235 3201 10 5 6 6 1.52934002e-04 2.58768416e-04 outputs/V3.3e24_D1000_G2/solution/solution-00058 
 59 6.179067387193e+10 3.622930544523e+08 768 7235 3201 10 5 6 6 1.55567013e-04 2.63201397e-04 outputs/V3.3e24_D1000_G2/solution/solution-00059 
 60 6.214687253008e+10 3.561986581498e+08 768 7235 3201 10 5 6 6 1.58055475e-04 2.67388244e-04 outputs/V3.3e24_D1000_G2/solution/solution-00060 
 61 6.249751005607e+10 3.506375259826e+08 768 7235 3201 10 5 6 6 1.60400431e-04 2.71323860e-04 outputs/V3.3e24_D1000_G2/solution/solution-00061 
 62 6.284307788555e+10 3.455678294860e+08 768 7235 3201 10 5 6 6 1.62603164e-04 2.75009941e-04 outputs/V3.3e24_D1000_G2/solution/solution-00062 
 63 6.318403031150e+10 3.409524259445e+08 768 7235 3201 10 5 6 6 1.64665181e-04 2.78448636e-04 outputs/V3.3e24_D1000_G2/solution/solution-00063 
 64 6.352078853060e+10 3.367582191017e+08 768 7235 3201 10 5 6 6 1.66588207e-04 2.81642535e-04 outputs/V3.3e24_D1000_G2/solution/solution-00064 
 65 6.385374415047e+10 3.329556198671e+08 768 7235 3201 10 5 6 6 1.68374175e-04 2.84594654e-04 outputs/V3.3e24_D1000_G2/solution/solution-00065 
 66 6.418326223950e+10 3.295180890333e+08 768 7235 3201 10 5 6 6 1.70025219e-04 2.87308425e-04 outputs/V3.3e24_D1000_G2/solution/solution-00066 
 67 6.450968398712e+10 3.264217476172e+08 768 7235 3201 10 5 6 6 1.71543658e-04 2.89787680e-04 outputs/V3.3e24_D1000_G2/solution/solution-00067 
 68 6.483332903036e+10 3.236450432485e+08 768 7235 3201 10 5 6 6 1.72931992e-04 2.92036634e-04 outputs/V3.3e24_D1000_G2/solution/solution-00068 
 69 6.515449749359e+10 3.211684632275e+08 768 7235 3201 10 5 6 6 1.74192889e-04 2.94059867e-04 outputs/V3.3e24_D1000_G2/solution/solution-00069 
 70 6.547346479222e+10 3.189672986306e+08 768 7235 3201 10 5 6 6 1.75329153e-04 2.95862273e-04 outputs/V3.3e24_D1000_G2/solution/solution-00070 
 71 6.579047501264e+10 3.170102204123e+08 768 7235 3201 10 5 6 6 1.76343698e-04 2.97449021e-04 outputs/V3.3e24_D1000_G2/solution/solution-00071 
 72 6.610578040157e+10 3.153053889388e+08 768 7235 3201 10 5 6 6 1.77239673e-04 2.98825740e-04 outputs/V3.3e24_D1000_G2/solution/solution-00072 
 73 6.641961962096e+10 3.138392193865e+08 768 7235 3201 10 5 6 6 1.78020353e-04 2.99998347e-04 outputs/V3.3e24_D1000_G2/solution/solution-00073 
 74 6.673221883826e+10 3.125992172947e+08 768 7235 3201 10 5 6 6 1.78689130e-04 3.00973024e-04 outputs/V3.3e24_D1000_G2/solution/solution-00074 
 75 6.704379268876e+10 3.115738505089e+08 768 7235 3201 10 5 6 6 1.79249501e-04 3.01756198e-04 outputs/V3.3e24_D1000_G2/solution/solution-00075 
 76 6.735454512453e+10 3.107524357650e+08 768 7235 3201 10 5 6 6 1.79705065e-04 3.02354520e-04 outputs/V3.3e24_D1000_G2/solution/solution-00076 
 77 6.766467016241e+10 3.101250378811e+08 768 7235 3201 10 5 6 6 1.80059507e-04 3.02774840e-04 outputs/V3.3e24_D1000_G2/solution/solution-00077 
 78 6.797435254224e+10 3.096823798345e+08 768 7235 3201 10 5 6 6 1.80316589e-04 3.03024189e-04 outputs/V3.3e24_D1000_G2/solution/solution-00078 
 79 6.828376830451e+10 3.094157622682e+08 768 7235 3201 10 5 6 6 1.80480145e-04 3.03109755e-04 outputs/V3.3e24_D1000_G2/solution/solution-00079 
 80 6.859308529571e+10 3.093169911989e+08 768 7235 3201 10 5 6 6 1.80554070e-04 3.03038859e-04 outputs/V3.3e24_D1000_G2/solution/solution-00080 
 81 6.890246360860e+10 3.093783128931e+08 768 7235 3201 10 5 6 6 1.80542309e-04 3.02818939e-04 outputs/V3.3e24_D1000_G2/solution/solution-00081 
 82 6.921205596364e+10 3.095923550387e+08 768 7235 3201 10 5 6 6 1.80448850e-04 3.02457522e-04 outputs/V3.3e24_D1000_G2/solution/solution-00082 
 83 6.952200803713e+10 3.099520734819e+08 768 7235 3201 10 5 6 6 1.80277717e-04 3.01962206e-04 outputs/V3.3e24_D1000_G2/solution/solution-00083 
 84 6.983245874104e+10 3.104507039156e+08 768 7235 3201 10 5 6 6 1.80032959e-04 3.01340638e-04 outputs/V3.3e24_D1000_G2/solution/solution-00084 
 85 7.014354045905e+10 3.110817180086e+08 768 7235 3201 10 5 6 6 1.79718642e-04 3.00600494e-04 outputs/V3.3e24_D1000_G2/solution/solution-00085 
 86 7.045537924260e+10 3.118387835525e+08 768 7235 3201 10 5 6 6 1.79338843e-04 2.99749459e-04 outputs/V3.3e24_D1000_G2/solution/solution-00086 
 87 7.076809497088e+10 3.127157282803e+08 768 7235 3201 10 5 6 6 1.78897639e-04 2.98795206e-04 outputs/V3.3e24_D1000_G2/solution/solution-00087 
 88 7.108180147796e+10 3.137065070748e+08 768 7235 3201 10 5 6 6 1.78399101e-04 2.97745377e-04 outputs/V3.3e24_D1000_G2/solution/solution-00088 
 89 7.139660665030e+10 3.148051723458e+08 768 7235 3201 10 5 6 6 1.77847287e-04 2.96607567e-04 outputs/V3.3e24_D1000_G2/solution/solution-00089 
 90 7.171261249770e+10 3.160058473993e+08 768 7235 3201 10 5 6 6 1.77246229e-04 2.95389302e-04 outputs/V3.3e24_D1000_G2/solution/solution-00090 
 91 7.202991520037e+10 3.173027026725e+08 768 7235 3201 10 5 6 6 1.76599934e-04 2.94098026e-04 outputs/V3.3e24_D1000_G2/solution/solution-00091 
 92 7.234860513511e+10 3.186899347376e+08 768 7235 3201 10 5 6 6 1.75912369e-04 2.92741080e-04 outputs/V3.3e24_D1000_G2/solution/solution-00092 
 93 7.266876688313e+10 3.201617480126e+08 768 7235 3201 10 5 6 6 1.75187456e-04 2.91325690e-04 outputs/V3.3e24_D1000_G2/solution/solution-00093 
 94 7.299047922227e+10 3.217123391438e+08 768 7235 3201 10 5 6 6 1.74429065e-04 2.89858949e-04 outputs/V3.3e24_D1000_G2/solution/solution-00094 
 95 7.331381510631e+10 3.233358840401e+08 768 7235 3201 10 5 6 6 1.73641008e-04 2.88347805e-04 outputs/V3.3e24_D1000_G2/solution/solution-00095 
 96 7.363884163387e+10 3.250265275592e+08 768 7235 3201 10 5 6 6 1.72827030e-04 2.86799043e-04 outputs/V3.3e24_D1000_G2/solution/solution-00096 
 97 7.396562000972e+10 3.267783758530e+08 768 7235 3201 10 5 6 6 1.71990800e-04 2.85221178e-04 outputs/V3.3e24_D1000_G2/solution/solution-00097 
 98 7.429420550111e+10 3.285854913841e+08 768 7235 3201 10 5 6 6 1.71135911e-04 2.83622107e-04 outputs/V3.3e24_D1000_G2/solution/solution-00098 
 99 7.462464739173e+10 3.304418906255e+08 768 7235 3201 10 5 6 6 1.70265866e-04 2.82003715e-04 outputs/V3.3e24_D1000_G2/solution/solution-00099 
100 7.495698893618e+10 3.323415444497e+08 768 7235 3201 10 5 6 6 1.69384077e-04 2.80372062e-04 outputs/V3.3e24_D1000_G2/solution/solution-00100 
