# 1: Time step number
# 2: Time (years)
# 3: Time step size (years)
# 4: Number of mesh cells
# 5: Number of Stokes degrees of freedom
# 6: Number of temperature degrees of freedom
# 7: Iterations for temperature solver
# 8: Iterations for Stokes solver
# 9: Velocity iterations in Stokes preconditioner
# 10: Schur complement iterations in Stokes preconditioner
# 11: RMS velocity (m/year)
# 12: Max. velocity (m/year)
# 13: Visualization file name
  0 0.000000000000e+00 0.000000000000e+00 768 7235 3201  0 8 9 9 2.00764514e-06 3.56226287e-06 outputs/V3.3e24_D30_G10/solution/solution-00000 
  1 1.392571516413e+09 1.392571516413e+09 768 7235 3201 32 8 9 9 2.20118445e-06 3.89668355e-06 outputs/V3.3e24_D30_G10/solution/solution-00001 
  2 2.785143032825e+09 1.392571516413e+09 768 7235 3201 25 8 9 9 2.64231972e-06 4.94677154e-06 outputs/V3.3e24_D30_G10/solution/solution-00002 
  3 4.177714549238e+09 1.392571516413e+09 768 7235 3201 24 8 9 9 3.52083858e-06 6.89686973e-06 outputs/V3.3e24_D30_G10/solution/solution-00003 
  4 5.570286065650e+09 1.392571516413e+09 768 7235 3201 23 8 9 9 5.15801479e-06 1.03796945e-05 outputs/V3.3e24_D30_G10/solution/solution-00004 
  5 6.962857582063e+09 1.392571516413e+09 768 7235 3201 23 8 9 9 8.15517408e-06 1.65823322e-05 outputs/V3.3e24_D30_G10/solution/solution-00005 
  6 8.355429098476e+09 1.392571516413e+09 768 7235 3201 22 8 9 9 1.36682853e-05 2.77835025e-05 outputs/V3.3e24_D30_G10/solution/solution-00006 
  7 9.748000614888e+09 1.392571516413e+09 768 7235 3201 22 8 9 9 2.39522339e-05 4.83730568e-05 outputs/V3.3e24_D30_G10/solution/solution-00007 
  8 1.114057213130e+10 1.392571516413e+09 768 7235 3201 22 8 9 9 4.34628963e-05 8.69909179e-05 outputs/V3.3e24_D30_G10/solution/solution-00008 
  9 1.221837193832e+10 1.077799807021e+09 768 7235 3201 21 8 9 9 7.13407137e-05 1.41805849e-04 outputs/V3.3e24_D30_G10/solution/solution-00009 
 10 1.287948712070e+10 6.611151823820e+08 768 7235 3201 17 7 8 8 9.92397089e-05 1.96567951e-04 outputs/V3.3e24_D30_G10/solution/solution-00010 
 11 1.335662440304e+10 4.771372823377e+08 768 7235 3201 14 7 8 8 1.27673918e-04 2.52305893e-04 outputs/V3.3e24_D30_G10/solution/solution-00011 
 12 1.372816137572e+10 3.715369726773e+08 768 7235 3201 13 7 8 8 1.56500452e-04 3.08828012e-04 outputs/V3.3e24_D30_G10/solution/solution-00012 
 13 1.403172839775e+10 3.035670220269e+08 768 7235 3201 12 6 7 7 1.85635248e-04 3.65883412e-04 outputs/V3.3e24_D30_G10/solution/solution-00013 
 14 1.428798287369e+10 2.562544759431e+08 768 7235 3201 11 6 7 7 2.15015882e-04 4.23299238e-04 outputs/V3.3e24_D30_G10/solution/solution-00014 
 15 1.450944582854e+10 2.214629548523e+08 768 7235 3201 10 6 7 7 2.44584921e-04 4.80921545e-04 outputs/V3.3e24_D30_G10/solution/solution-00015 
 16 1.470439960654e+10 1.949537780022e+08 768 7235 3201 10 6 7 7 2.74299996e-04 5.38506790e-04 outputs/V3.3e24_D30_G10/solution/solution-00016 
 17 1.487850820295e+10 1.741085964075e+08 768 7235 3201 10 6 7 7 3.04105013e-04 5.96047604e-04 outputs/V3.3e24_D30_G10/solution/solution-00017 
 18 1.503579429782e+10 1.572860948679e+08 768 7235 3201 10 6 7 7 3.33924413e-04 6.53091265e-04 outputs/V3.3e24_D30_G10/solution/solution-00018 
 19 1.517941331999e+10 1.436190221678e+08 768 7235 3201  9 6 7 7 3.63706359e-04 7.09506663e-04 outputs/V3.3e24_D30_G10/solution/solution-00019 
 20 1.531156357084e+10 1.321502508509e+08 768 7235 3201  9 6 7 7 3.93340407e-04 7.64701934e-04 outputs/V3.3e24_D30_G10/solution/solution-00020 
 21 1.543409097525e+10 1.225274044138e+08 768 7235 3201  9 6 7 7 4.22736030e-04 8.19504804e-04 outputs/V3.3e24_D30_G10/solution/solution-00021 
 22 1.554850789709e+10 1.144169218359e+08 768 7235 3201  9 6 7 7 4.51804547e-04 8.72654676e-04 outputs/V3.3e24_D30_G10/solution/solution-00022 
 23 1.565600918206e+10 1.075012849714e+08 768 7235 3201  9 6 7 7 4.80441025e-04 9.24044276e-04 outputs/V3.3e24_D30_G10/solution/solution-00023 
 24 1.575746535948e+10 1.014561774170e+08 768 7235 3201  9 6 7 7 5.08502441e-04 9.73884393e-04 outputs/V3.3e24_D30_G10/solution/solution-00024 
 25 1.585372935209e+10 9.626399261096e+07 768 7235 3201  9 6 7 7 5.35879610e-04 1.02140989e-03 outputs/V3.3e24_D30_G10/solution/solution-00025 
 26 1.594551424769e+10 9.178489560280e+07 768 7235 3201  9 6 7 7 5.62458873e-04 1.06654861e-03 outputs/V3.3e24_D30_G10/solution/solution-00026 
 27 1.603342347210e+10 8.790922441372e+07 768 7235 3201  9 6 7 7 5.88124323e-04 1.10955141e-03 outputs/V3.3e24_D30_G10/solution/solution-00027 
 28 1.611797330558e+10 8.454983347329e+07 768 7235 3201  9 6 7 7 6.12760049e-04 1.14973576e-03 outputs/V3.3e24_D30_G10/solution/solution-00028 
 29 1.619956913766e+10 8.159583208510e+07 768 7235 3201  9 6 7 7 6.36240790e-04 1.18694779e-03                                              "" 
 30 1.627857670922e+10 7.900757155901e+07 768 7235 3201  9 6 7 7 6.58451878e-04 1.22739189e-03 outputs/V3.3e24_D30_G10/solution/solution-00029 
 31 1.635490135170e+10 7.632464248180e+07 768 7235 3201  9 6 7 7 6.79177382e-04 1.27367078e-03 outputs/V3.3e24_D30_G10/solution/solution-00030 
 32 1.642844092331e+10 7.353957160520e+07 768 7235 3201  9 6 7 7 6.98242943e-04 1.31646466e-03 outputs/V3.3e24_D30_G10/solution/solution-00031 
 33 1.649959339286e+10 7.115246954983e+07 768 7235 3201  9 6 7 7 7.15643307e-04 1.35558382e-03                                              "" 
 34 1.656870117094e+10 6.910777808366e+07 768 7235 3201  9 6 7 7 7.31380713e-04 1.39089123e-03 outputs/V3.3e24_D30_G10/solution/solution-00032 
 35 1.663606158099e+10 6.736041004561e+07 768 7235 3201  9 6 7 7 7.45465256e-04 1.42240419e-03 outputs/V3.3e24_D30_G10/solution/solution-00033 
 36 1.670193500842e+10 6.587342743062e+07 768 7235 3201  9 6 7 7 7.57914943e-04 1.45016598e-03 outputs/V3.3e24_D30_G10/solution/solution-00034 
 37 1.676655132500e+10 6.461631658644e+07 768 7235 3201  9 6 7 7 7.68755546e-04 1.47424352e-03                                              "" 
 38 1.683011500564e+10 6.356368063221e+07 768 7235 3201  9 6 7 7 7.78020305e-04 1.49472496e-03 outputs/V3.3e24_D30_G10/solution/solution-00035 
 39 1.689280923893e+10 6.269423329168e+07 768 7235 3201  9 6 7 7 7.85749501e-04 1.51171731e-03                                              "" 
 40 1.695479925406e+10 6.199001513722e+07 768 7235 3201  9 6 7 7 7.91989937e-04 1.52534413e-03 outputs/V3.3e24_D30_G10/solution/solution-00036 
 41 1.701623503055e+10 6.143577648263e+07 768 7235 3201  9 5 6 6 7.96794336e-04 1.53574323e-03 outputs/V3.3e24_D30_G10/solution/solution-00037 
 42 1.707725351679e+10 6.101848623992e+07 768 7235 3201  9 5 6 6 8.00220653e-04 1.54306444e-03                                              "" 
 43 1.713798045678e+10 6.072693999598e+07 768 7235 3201  9 5 6 6 8.02331396e-04 1.54746755e-03 outputs/V3.3e24_D30_G10/solution/solution-00038 
 44 1.719853189525e+10 6.055143846844e+07 768 7235 3201  9 6 7 7 8.03192867e-04 1.54912021e-03                                              "" 
 45 1.725901542486e+10 6.048352960726e+07 768 7235 3201  9 6 7 7 8.02874440e-04 1.54819600e-03 outputs/V3.3e24_D30_G10/solution/solution-00039 
 46 1.731953121750e+10 6.051579263790e+07 768 7235 3201  9 6 7 7 8.01447797e-04 1.54487254e-03 outputs/V3.3e24_D30_G10/solution/solution-00040 
 47 1.738017288037e+10 6.064166287498e+07 768 7235 3201  9 6 7 7 7.98986226e-04 1.53932980e-03                                              "" 
 48 1.744102816243e+10 6.085528206203e+07 768 7235 3201  9 6 7 7 7.95563925e-04 1.53174850e-03 outputs/V3.3e24_D30_G10/solution/solution-00041 
 49 1.750217953663e+10 6.115137420004e+07 768 7235 3201  9 6 7 7 7.91255344e-04 1.52239950e-03 outputs/V3.3e24_D30_G10/solution/solution-00042 
 50 1.756370467678e+10 6.152514014827e+07 768 7235 3201  9 6 7 7 7.86134578e-04 1.51155686e-03                                              "" 
 51 1.762567684471e+10 6.197216792296e+07 768 7235 3201  9 6 7 7 7.80274799e-04 1.49921361e-03 outputs/V3.3e24_D30_G10/solution/solution-00043 
 52 1.768816520069e+10 6.248835598583e+07 768 7235 3201  9 6 7 7 7.73747748e-04 1.48553728e-03                                              "" 
 53 1.775123504810e+10 6.306984740546e+07 768 7235 3201  9 6 7 7 7.66623279e-04 1.47069043e-03 outputs/V3.3e24_D30_G10/solution/solution-00044 
 54 1.781494802134e+10 6.371297324252e+07 768 7235 3201  9 6 7 7 7.58968951e-04 1.45482991e-03 outputs/V3.3e24_D30_G10/solution/solution-00045 
 55 1.787936222522e+10 6.441420388405e+07 768 7235 3201  9 6 7 7 7.50849687e-04 1.43810616e-03                                              "" 
 56 1.794453233257e+10 6.517010735115e+07 768 7235 3201  9 6 7 7 7.42327483e-04 1.42066265e-03 outputs/V3.3e24_D30_G10/solution/solution-00046 
 57 1.801050964642e+10 6.597731384457e+07 768 7235 3201  9 6 7 7 7.33461166e-04 1.40263539e-03 outputs/V3.3e24_D30_G10/solution/solution-00047 
 58 1.807734213240e+10 6.683248598310e+07 768 7235 3201  8 6 7 7 7.24306210e-04 1.38415265e-03                                              "" 
 59 1.814507442674e+10 6.773229433860e+07 768 7235 3201  8 6 7 7 7.14914603e-04 1.36533465e-03 outputs/V3.3e24_D30_G10/solution/solution-00048 
 60 1.821374782472e+10 6.867339798359e+07 768 7235 3201  8 6 7 7 7.05334757e-04 1.34629343e-03 outputs/V3.3e24_D30_G10/solution/solution-00049 
 61 1.828340025457e+10 6.965242984651e+07 768 7235 3201  8 6 7 7 6.95611467e-04 1.32713277e-03                                              "" 
 62 1.835406624129e+10 7.066598671972e+07 768 7235 3201  8 6 7 7 6.85785909e-04 1.30794816e-03 outputs/V3.3e24_D30_G10/solution/solution-00050 
 63 1.842577686508e+10 7.171062378761e+07 768 7235 3201  8 6 7 7 6.75895682e-04 1.28882693e-03 outputs/V3.3e24_D30_G10/solution/solution-00051 
 64 1.849855971862e+10 7.278285353972e+07 768 7235 3201  8 6 7 7 6.65974876e-04 1.26984830e-03                                              "" 
 65 1.857243886753e+10 7.387914891036e+07 768 7235 3201  8 6 7 7 6.56054185e-04 1.25108359e-03 outputs/V3.3e24_D30_G10/solution/solution-00052 
 66 1.864743481797e+10 7.499595044326e+07 768 7235 3201  8 6 7 7 6.46161036e-04 1.23259643e-03 outputs/V3.3e24_D30_G10/solution/solution-00053 
 67 1.872356449519e+10 7.612967722350e+07 768 7235 3201  8 6 7 7 6.36319749e-04 1.21444302e-03 outputs/V3.3e24_D30_G10/solution/solution-00054 
 68 1.880084123645e+10 7.727674125152e+07 768 7235 3201  8 6 7 7 6.26551715e-04 1.19667242e-03 outputs/V3.3e24_D30_G10/solution/solution-00055 
 69 1.887927067362e+10 7.842943717061e+07 768 7235 3201  8 6 7 7 6.16876095e-04 1.17932775e-03                                              "" 
 70 1.895884182507e+10 7.957115144888e+07 768 7235 3201  8 6 7 7 6.07311016e-04 1.16244822e-03 outputs/V3.3e24_D30_G10/solution/solution-00056 
 71 1.903955645771e+10 8.071463264029e+07 768 7235 3201  8 5 6 6 5.97870193e-04 1.14606302e-03 outputs/V3.3e24_D30_G10/solution/solution-00057 
 72 1.912141295911e+10 8.185650140523e+07 768 7235 3201  8 5 6 6 5.88565227e-04 1.13019558e-03 outputs/V3.3e24_D30_G10/solution/solution-00058 
 73 1.920440645237e+10 8.299349325948e+07 768 7235 3201  8 5 6 6 5.79405830e-04 1.11486391e-03 outputs/V3.3e24_D30_G10/solution/solution-00059 
 74 1.928852893569e+10 8.412248332106e+07 768 7235 3201  8 5 6 6 5.70400035e-04 1.10008098e-03                                              "" 
 75 1.937376944433e+10 8.524050863368e+07 768 7235 3201  8 5 6 6 5.61554414e-04 1.08585519e-03 outputs/V3.3e24_D30_G10/solution/solution-00060 
 76 1.946011423401e+10 8.634478968716e+07 768 7235 3201  8 5 6 6 5.52874275e-04 1.07225268e-03 outputs/V3.3e24_D30_G10/solution/solution-00061 
 77 1.954754698374e+10 8.743274972884e+07 768 7235 3201  8 5 6 6 5.44363848e-04 1.05929772e-03 outputs/V3.3e24_D30_G10/solution/solution-00062 
 78 1.963604901527e+10 8.850203152964e+07 768 7235 3201  8 5 6 6 5.36026458e-04 1.04689520e-03 outputs/V3.3e24_D30_G10/solution/solution-00063 
 79 1.972559952648e+10 8.955051121161e+07 768 7235 3201  8 5 6 6 5.27864682e-04 1.03503887e-03 outputs/V3.3e24_D30_G10/solution/solution-00064 
 80 1.981617583533e+10 9.057630884447e+07 768 7235 3201  8 5 6 6 5.19880481e-04 1.02371977e-03 outputs/V3.3e24_D30_G10/solution/solution-00065 
 81 1.990775363095e+10 9.157779562699e+07 768 7235 3201  8 5 6 6 5.12075326e-04 1.01292659e-03 outputs/V3.3e24_D30_G10/solution/solution-00066 
 82 2.000030722853e+10 9.255359758022e+07 768 7235 3201  8 5 6 6 5.04450291e-04 1.00264596e-03 outputs/V3.3e24_D30_G10/solution/solution-00067 
 83 2.009380982432e+10 9.350259578702e+07 768 7235 3201  8 5 6 6 4.97006146e-04 9.92862791e-04                                              "" 
 84 2.018823374763e+10 9.442392331296e+07 768 7235 3201  8 5 6 6 4.89743411e-04 9.83560543e-04 outputs/V3.3e24_D30_G10/solution/solution-00068 
 85 2.028355070667e+10 9.531695903244e+07 768 7235 3201  8 5 6 6 4.82662413e-04 9.74721508e-04 outputs/V3.3e24_D30_G10/solution/solution-00069 
 86 2.037973202533e+10 9.618131865822e+07 768 7235 3201  8 5 6 6 4.75763319e-04 9.66327050e-04 outputs/V3.3e24_D30_G10/solution/solution-00070 
 87 2.047674886866e+10 9.701684333009e+07 768 7235 3201  8 5 6 6 4.69046154e-04 9.58357833e-04 outputs/V3.3e24_D30_G10/solution/solution-00071 
 88 2.057457245481e+10 9.782358615755e+07 768 7235 3201  8 5 6 6 4.62510810e-04 9.50794029e-04 outputs/V3.3e24_D30_G10/solution/solution-00072 
 89 2.067317425195e+10 9.860179713262e+07 768 7235 3201  8 5 6 6 4.56157049e-04 9.43615508e-04 outputs/V3.3e24_D30_G10/solution/solution-00073 
 90 2.077252615878e+10 9.935190683217e+07 768 7235 3201  7 5 6 6 4.49984489e-04 9.36801995e-04 outputs/V3.3e24_D30_G10/solution/solution-00074 
 91 2.087260066809e+10 1.000745093163e+08 768 7235 3201  7 5 6 6 4.43992592e-04 9.30333228e-04 outputs/V3.3e24_D30_G10/solution/solution-00075 
 92 2.097337101270e+10 1.007703446036e+08 768 7235 3201  7 5 6 6 4.38180645e-04 9.24189080e-04 outputs/V3.3e24_D30_G10/solution/solution-00076 
 93 2.107481129376e+10 1.014402810649e+08 768 7235 3201  7 5 6 6 4.32547736e-04 9.18349672e-04 outputs/V3.3e24_D30_G10/solution/solution-00077 
 94 2.117689659180e+10 1.020852980353e+08 768 7235 3201  7 5 6 6 4.27092735e-04 9.12795474e-04 outputs/V3.3e24_D30_G10/solution/solution-00078 
 95 2.127960306069e+10 1.027064688890e+08 768 7235 3201  7 5 6 6 4.21814272e-04 9.07507382e-04 outputs/V3.3e24_D30_G10/solution/solution-00079 
 96 2.138290800546e+10 1.033049447757e+08 768 7235 3201  7 5 6 6 4.16710724e-04 9.02466788e-04 outputs/V3.3e24_D30_G10/solution/solution-00080 
 97 2.148678994462e+10 1.038819391622e+08 768 7235 3201  7 5 6 6 4.11780193e-04 8.97655640e-04 outputs/V3.3e24_D30_G10/solution/solution-00081 
 98 2.159122865790e+10 1.044387132778e+08 768 7235 3201  7 5 6 6 4.07020506e-04 8.93056486e-04 outputs/V3.3e24_D30_G10/solution/solution-00082 
 99 2.169620522042e+10 1.049765625217e+08 768 7235 3201  7 5 6 6 4.02429210e-04 8.88652514e-04 outputs/V3.3e24_D30_G10/solution/solution-00083 
100 2.180170202427e+10 1.054968038507e+08 768 7235 3201  7 5 6 6 3.98003574e-04 8.84427587e-04 outputs/V3.3e24_D30_G10/solution/solution-00084 
