# 1: Time step number
# 2: Time (years)
# 3: Time step size (years)
# 4: Number of mesh cells
# 5: Number of Stokes degrees of freedom
# 6: Number of temperature degrees of freedom
# 7: Iterations for temperature solver
# 8: Iterations for Stokes solver
# 9: Velocity iterations in Stokes preconditioner
# 10: Schur complement iterations in Stokes preconditioner
# 11: RMS velocity (m/year)
# 12: Max. velocity (m/year)
# 13: Visualization file name
  0 0.000000000000e+00 0.000000000000e+00 768 7235 3201  0 8 9 9 2.84776872e-08 5.99998056e-08 outputs/V3.3e26_D3000_G14/solution/solution-00000 
  1 1.392571516413e+09 1.392571516413e+09 768 7235 3201 32 8 9 9 2.76721308e-08 4.93248330e-08 outputs/V3.3e26_D3000_G14/solution/solution-00001 
  2 2.785143032825e+09 1.392571516413e+09 768 7235 3201 25 8 9 9 2.70883618e-08 4.57744695e-08 outputs/V3.3e26_D3000_G14/solution/solution-00002 
  3 4.177714549238e+09 1.392571516413e+09 768 7235 3201 24 8 9 9 2.65246411e-08 4.49063170e-08 outputs/V3.3e26_D3000_G14/solution/solution-00003 
  4 5.570286065650e+09 1.392571516413e+09 768 7235 3201 23 8 9 9 2.59077698e-08 4.39504656e-08 outputs/V3.3e26_D3000_G14/solution/solution-00004 
  5 6.962857582063e+09 1.392571516413e+09 768 7235 3201 23 8 9 9 2.52478878e-08 4.29199886e-08 outputs/V3.3e26_D3000_G14/solution/solution-00005 
  6 8.355429098476e+09 1.392571516413e+09 768 7235 3201 22 8 9 9 2.45554352e-08 4.18289359e-08 outputs/V3.3e26_D3000_G14/solution/solution-00006 
  7 9.748000614888e+09 1.392571516413e+09 768 7235 3201 22 8 9 9 2.38404318e-08 4.06909561e-08 outputs/V3.3e26_D3000_G14/solution/solution-00007 
  8 1.114057213130e+10 1.392571516413e+09 768 7235 3201 21 8 9 9 2.31115724e-08 3.95187324e-08 outputs/V3.3e26_D3000_G14/solution/solution-00008 
  9 1.253314364771e+10 1.392571516413e+09 768 7235 3201 21 8 9 9 2.23761409e-08 3.83237509e-08 outputs/V3.3e26_D3000_G14/solution/solution-00009 
 10 1.392571516413e+10 1.392571516413e+09 768 7235 3201 21 8 9 9 2.16401385e-08 3.71162166e-08 outputs/V3.3e26_D3000_G14/solution/solution-00010 
 11 1.531828668054e+10 1.392571516413e+09 768 7235 3201 20 8 9 9 2.09084478e-08 3.59050456e-08 outputs/V3.3e26_D3000_G14/solution/solution-00011 
 12 1.671085819695e+10 1.392571516413e+09 768 7235 3201 20 8 9 9 2.01849945e-08 3.46979034e-08 outputs/V3.3e26_D3000_G14/solution/solution-00012 
 13 1.810342971336e+10 1.392571516413e+09 768 7235 3201 20 8 9 9 1.94728945e-08 3.35012733e-08 outputs/V3.3e26_D3000_G14/solution/solution-00013 
 14 1.949600122978e+10 1.392571516413e+09 768 7235 3201 20 8 9 9 1.87745829e-08 3.23205462e-08 outputs/V3.3e26_D3000_G14/solution/solution-00014 
 15 2.088857274619e+10 1.392571516413e+09 768 7235 3201 20 8 9 9 1.80919266e-08 3.11601228e-08 outputs/V3.3e26_D3000_G14/solution/solution-00015 
 16 2.228114426260e+10 1.392571516413e+09 768 7235 3201 20 8 9 9 1.74263202e-08 3.00235221e-08 outputs/V3.3e26_D3000_G14/solution/solution-00016 
 17 2.367371577901e+10 1.392571516413e+09 768 7235 3201 20 8 9 9 1.67787679e-08 2.89134905e-08 outputs/V3.3e26_D3000_G14/solution/solution-00017 
 18 2.506628729543e+10 1.392571516413e+09 768 7235 3201 20 8 9 9 1.61499533e-08 2.78321066e-08 outputs/V3.3e26_D3000_G14/solution/solution-00018 
 19 2.645885881184e+10 1.392571516413e+09 768 7235 3201 19 8 9 9 1.55402977e-08 2.67808792e-08 outputs/V3.3e26_D3000_G14/solution/solution-00019 
 20 2.785143032825e+10 1.392571516413e+09 768 7235 3201 19 8 9 9 1.49500092e-08 2.57608359e-08 outputs/V3.3e26_D3000_G14/solution/solution-00020 
 21 2.924400184466e+10 1.392571516413e+09 768 7235 3201 19 8 9 9 1.43791238e-08 2.47726032e-08 outputs/V3.3e26_D3000_G14/solution/solution-00021 
 22 3.063657336108e+10 1.392571516413e+09 768 7235 3201 19 8 9 9 1.38275400e-08 2.38164751e-08 outputs/V3.3e26_D3000_G14/solution/solution-00022 
 23 3.202914487749e+10 1.392571516413e+09 768 7235 3201 19 8 9 9 1.32950467e-08 2.28924741e-08 outputs/V3.3e26_D3000_G14/solution/solution-00023 
 24 3.342171639390e+10 1.392571516413e+09 768 7235 3201 19 8 9 9 1.27813469e-08 2.20004023e-08 outputs/V3.3e26_D3000_G14/solution/solution-00024 
 25 3.481428791032e+10 1.392571516413e+09 768 7235 3201 19 8 9 9 1.22860773e-08 2.11398851e-08 outputs/V3.3e26_D3000_G14/solution/solution-00025 
 26 3.620685942673e+10 1.392571516413e+09 768 7235 3201 19 8 9 9 1.18088240e-08 2.03104084e-08 outputs/V3.3e26_D3000_G14/solution/solution-00026 
 27 3.759943094314e+10 1.392571516413e+09 768 7235 3201 19 8 9 9 1.13491357e-08 1.95113493e-08 outputs/V3.3e26_D3000_G14/solution/solution-00027 
 28 3.899200245955e+10 1.392571516413e+09 768 7235 3201 19 8 9 9 1.09065345e-08 1.87420019e-08 outputs/V3.3e26_D3000_G14/solution/solution-00028 
 29 4.038457397597e+10 1.392571516413e+09 768 7235 3201 19 8 9 9 1.04805243e-08 1.80015988e-08 outputs/V3.3e26_D3000_G14/solution/solution-00029 
 30 4.177714549238e+10 1.392571516413e+09 768 7235 3201 19 8 9 9 1.00705984e-08 1.72893283e-08 outputs/V3.3e26_D3000_G14/solution/solution-00030 
 31 4.316971700879e+10 1.392571516413e+09 768 7235 3201 19 8 9 9 9.67624435e-09 1.66043493e-08 outputs/V3.3e26_D3000_G14/solution/solution-00031 
 32 4.456228852520e+10 1.392571516413e+09 768 7235 3201 19 8 9 9 9.29694936e-09 1.59458028e-08 outputs/V3.3e26_D3000_G14/solution/solution-00032 
 33 4.595486004162e+10 1.392571516413e+09 768 7235 3201 19 8 9 9 8.93220341e-09 1.53128217e-08 outputs/V3.3e26_D3000_G14/solution/solution-00033 
 34 4.734743155803e+10 1.392571516413e+09 768 7235 3201 18 8 9 9 8.58150226e-09 1.47045382e-08 outputs/V3.3e26_D3000_G14/solution/solution-00034 
 35 4.874000307444e+10 1.392571516413e+09 768 7235 3201 18 8 9 9 8.24434973e-09 1.41200903e-08 outputs/V3.3e26_D3000_G14/solution/solution-00035 
 36 5.013257459085e+10 1.392571516413e+09 768 7235 3201 18 8 9 9 7.92025938e-09 1.35586265e-08 outputs/V3.3e26_D3000_G14/solution/solution-00036 
 37 5.152514610727e+10 1.392571516413e+09 768 7235 3201 18 8 9 9 7.60875580e-09 1.30193096e-08 outputs/V3.3e26_D3000_G14/solution/solution-00037 
 38 5.291771762368e+10 1.392571516413e+09 768 7235 3201 18 8 9 9 7.30937560e-09 1.25013198e-08 outputs/V3.3e26_D3000_G14/solution/solution-00038 
 39 5.431028914009e+10 1.392571516413e+09 768 7235 3201 18 8 9 9 7.02166809e-09 1.20038569e-08 outputs/V3.3e26_D3000_G14/solution/solution-00039 
 40 5.570286065650e+10 1.392571516413e+09 768 7235 3201 18 8 9 9 6.74519572e-09 1.15261415e-08 outputs/V3.3e26_D3000_G14/solution/solution-00040 
 41 5.709543217292e+10 1.392571516413e+09 768 7235 3201 18 8 9 9 6.47953433e-09 1.10674170e-08 outputs/V3.3e26_D3000_G14/solution/solution-00041 
 42 5.848800368933e+10 1.392571516413e+09 768 7235 3201 18 8 9 9 6.22427335e-09 1.06269495e-08 outputs/V3.3e26_D3000_G14/solution/solution-00042 
 43 5.988057520574e+10 1.392571516413e+09 768 7235 3201 18 8 9 9 5.97901573e-09 1.02040288e-08 outputs/V3.3e26_D3000_G14/solution/solution-00043 
 44 6.127314672215e+10 1.392571516413e+09 768 7235 3201 18 8 9 9 5.74337788e-09 9.79796850e-09 outputs/V3.3e26_D3000_G14/solution/solution-00044 
 45 6.266571823857e+10 1.392571516413e+09 768 7235 3201 18 8 9 9 5.51698954e-09 9.40810561e-09 outputs/V3.3e26_D3000_G14/solution/solution-00045 
 46 6.405828975498e+10 1.392571516413e+09 768 7235 3201 18 8 9 9 5.29949350e-09 9.03380079e-09 outputs/V3.3e26_D3000_G14/solution/solution-00046 
 47 6.545086127139e+10 1.392571516413e+09 768 7235 3201 18 8 9 9 5.09054540e-09 8.67443783e-09 outputs/V3.3e26_D3000_G14/solution/solution-00047 
 48 6.684343278781e+10 1.392571516413e+09 768 7235 3201 18 8 9 9 4.88981342e-09 8.32942328e-09 outputs/V3.3e26_D3000_G14/solution/solution-00048 
 49 6.823600430422e+10 1.392571516413e+09 768 7235 3201 18 8 9 9 4.69697793e-09 7.99818592e-09 outputs/V3.3e26_D3000_G14/solution/solution-00049 
 50 6.962857582063e+10 1.392571516413e+09 768 7235 3201 18 8 9 9 4.51173118e-09 7.68017626e-09 outputs/V3.3e26_D3000_G14/solution/solution-00050 
 51 7.102114733704e+10 1.392571516413e+09 768 7235 3201 18 8 9 9 4.33377697e-09 7.37486587e-09 outputs/V3.3e26_D3000_G14/solution/solution-00051 
 52 7.241371885346e+10 1.392571516413e+09 768 7235 3201 18 8 9 9 4.16283024e-09 7.08174684e-09 outputs/V3.3e26_D3000_G14/solution/solution-00052 
 53 7.380629036987e+10 1.392571516413e+09 768 7235 3201 18 8 9 9 3.99861679e-09 6.80033108e-09 outputs/V3.3e26_D3000_G14/solution/solution-00053 
 54 7.519886188628e+10 1.392571516413e+09 768 7235 3201 18 8 9 9 3.84087284e-09 6.53014970e-09 outputs/V3.3e26_D3000_G14/solution/solution-00054 
 55 7.659143340269e+10 1.392571516413e+09 768 7235 3201 18 8 9 9 3.68934474e-09 6.27075233e-09 outputs/V3.3e26_D3000_G14/solution/solution-00055 
 56 7.798400491911e+10 1.392571516413e+09 768 7235 3201 18 8 9 9 3.54378860e-09 6.02170647e-09 outputs/V3.3e26_D3000_G14/solution/solution-00056 
 57 7.937657643552e+10 1.392571516413e+09 768 7235 3201 18 8 9 9 3.40396992e-09 5.78259689e-09 outputs/V3.3e26_D3000_G14/solution/solution-00057 
 58 8.076914795193e+10 1.392571516413e+09 768 7235 3201 18 8 9 9 3.26966329e-09 5.55302492e-09 outputs/V3.3e26_D3000_G14/solution/solution-00058 
 59 8.216171946834e+10 1.392571516413e+09 768 7235 3201 18 8 9 9 3.14065203e-09 5.33260789e-09 outputs/V3.3e26_D3000_G14/solution/solution-00059 
 60 8.355429098476e+10 1.392571516413e+09 768 7235 3201 18 8 9 9 3.01672791e-09 5.12097848e-09 outputs/V3.3e26_D3000_G14/solution/solution-00060 
 61 8.494686250117e+10 1.392571516413e+09 768 7235 3201 17 8 9 9 2.89769077e-09 4.91778414e-09 outputs/V3.3e26_D3000_G14/solution/solution-00061 
 62 8.633943401758e+10 1.392571516413e+09 768 7235 3201 17 8 9 9 2.78334829e-09 4.72268654e-09 outputs/V3.3e26_D3000_G14/solution/solution-00062 
 63 8.773200553399e+10 1.392571516413e+09 768 7235 3201 17 8 9 9 2.67351566e-09 4.53536098e-09 outputs/V3.3e26_D3000_G14/solution/solution-00063 
 64 8.912457705041e+10 1.392571516413e+09 768 7235 3201 17 8 9 9 2.56801527e-09 4.35549585e-09 outputs/V3.3e26_D3000_G14/solution/solution-00064 
 65 9.051714856682e+10 1.392571516413e+09 768 7235 3201 17 8 9 9 2.46667650e-09 4.18279212e-09 outputs/V3.3e26_D3000_G14/solution/solution-00065 
 66 9.190972008323e+10 1.392571516413e+09 768 7235 3201 17 8 9 9 2.36933539e-09 4.01696285e-09 outputs/V3.3e26_D3000_G14/solution/solution-00066 
 67 9.330229159964e+10 1.392571516413e+09 768 7235 3201 17 8 9 9 2.27583442e-09 3.85773265e-09 outputs/V3.3e26_D3000_G14/solution/solution-00067 
 68 9.469486311606e+10 1.392571516413e+09 768 7235 3201 17 8 9 9 2.18602225e-09 3.70483729e-09 outputs/V3.3e26_D3000_G14/solution/solution-00068 
 69 9.608743463247e+10 1.392571516413e+09 768 7235 3201 17 8 9 9 2.09975348e-09 3.55802319e-09 outputs/V3.3e26_D3000_G14/solution/solution-00069 
 70 9.748000614888e+10 1.392571516413e+09 768 7235 3201 17 8 9 9 2.01688843e-09 3.41704702e-09 outputs/V3.3e26_D3000_G14/solution/solution-00070 
 71 9.887257766530e+10 1.392571516413e+09 768 7235 3201 17 8 9 9 1.93729290e-09 3.28167525e-09 outputs/V3.3e26_D3000_G14/solution/solution-00071 
 72 1.002651491817e+11 1.392571516413e+09 768 7235 3201 17 8 9 9 1.86083798e-09 3.15168380e-09 outputs/V3.3e26_D3000_G14/solution/solution-00072 
 73 1.016577206981e+11 1.392571516413e+09 768 7235 3201 17 8 9 9 1.78739982e-09 3.02685761e-09 outputs/V3.3e26_D3000_G14/solution/solution-00073 
 74 1.030502922145e+11 1.392571516413e+09 768 7235 3201 17 8 9 9 1.71685946e-09 2.90699032e-09 outputs/V3.3e26_D3000_G14/solution/solution-00074 
 75 1.044428637309e+11 1.392571516413e+09 768 7235 3201 17 8 9 9 1.64910259e-09 2.79188385e-09 outputs/V3.3e26_D3000_G14/solution/solution-00075 
 76 1.058354352474e+11 1.392571516413e+09 768 7235 3201 17 8 9 9 1.58401945e-09 2.68134814e-09 outputs/V3.3e26_D3000_G14/solution/solution-00076 
 77 1.072280067638e+11 1.392571516413e+09 768 7235 3201 17 8 9 9 1.52150456e-09 2.57520075e-09 outputs/V3.3e26_D3000_G14/solution/solution-00077 
 78 1.086205782802e+11 1.392571516413e+09 768 7235 3201 17 8 9 9 1.46145661e-09 2.47326661e-09 outputs/V3.3e26_D3000_G14/solution/solution-00078 
 79 1.100131497966e+11 1.392571516413e+09 768 7235 3201 17 8 9 9 1.40377829e-09 2.37537767e-09 outputs/V3.3e26_D3000_G14/solution/solution-00079 
 80 1.114057213130e+11 1.392571516413e+09 768 7235 3201 17 8 9 9 1.34837611e-09 2.28137266e-09 outputs/V3.3e26_D3000_G14/solution/solution-00080 
 81 1.127982928294e+11 1.392571516413e+09 768 7235 3201 17 8 9 9 1.29516028e-09 2.19109677e-09 outputs/V3.3e26_D3000_G14/solution/solution-00081 
 82 1.141908643458e+11 1.392571516413e+09 768 7235 3201 17 8 9 9 1.24404454e-09 2.10440143e-09 outputs/V3.3e26_D3000_G14/solution/solution-00082 
 83 1.155834358622e+11 1.392571516413e+09 768 7235 3201 17 8 9 9 1.19494602e-09 2.02114402e-09 outputs/V3.3e26_D3000_G14/solution/solution-00083 
 84 1.169760073787e+11 1.392571516413e+09 768 7235 3201 17 8 9 9 1.14778515e-09 1.94118765e-09 outputs/V3.3e26_D3000_G14/solution/solution-00084 
 85 1.183685788951e+11 1.392571516413e+09 768 7235 3201 17 8 9 9 1.10248546e-09 1.86440091e-09 outputs/V3.3e26_D3000_G14/solution/solution-00085 
 86 1.197611504115e+11 1.392571516413e+09 768 7235 3201 17 8 9 9 1.05897352e-09 1.79065768e-09 outputs/V3.3e26_D3000_G14/solution/solution-00086 
 87 1.211537219279e+11 1.392571516413e+09 768 7235 3201 17 8 9 9 1.01717879e-09 1.71983687e-09 outputs/V3.3e26_D3000_G14/solution/solution-00087 
 88 1.225462934443e+11 1.392571516413e+09 768 7235 3201 17 8 9 9 9.77033499e-10 1.65182225e-09 outputs/V3.3e26_D3000_G14/solution/solution-00088 
 89 1.239388649607e+11 1.392571516413e+09 768 7235 3201 16 8 9 9 9.38472563e-10 1.58650222e-09 outputs/V3.3e26_D3000_G14/solution/solution-00089 
 90 1.253314364771e+11 1.392571516413e+09 768 7235 3201 16 8 9 9 9.01433465e-10 1.52376970e-09 outputs/V3.3e26_D3000_G14/solution/solution-00090 
 91 1.267240079935e+11 1.392571516413e+09 768 7235 3201 16 8 9 9 8.65856151e-10 1.46352185e-09 outputs/V3.3e26_D3000_G14/solution/solution-00091 
 92 1.281165795100e+11 1.392571516413e+09 768 7235 3201 16 8 9 9 8.31682938e-10 1.40565995e-09 outputs/V3.3e26_D3000_G14/solution/solution-00092 
 93 1.295091510264e+11 1.392571516413e+09 768 7235 3201 16 8 9 9 7.98858417e-10 1.35008923e-09 outputs/V3.3e26_D3000_G14/solution/solution-00093 
 94 1.309017225428e+11 1.392571516413e+09 768 7235 3201 16 8 9 9 7.67329364e-10 1.29671870e-09 outputs/V3.3e26_D3000_G14/solution/solution-00094 
 95 1.322942940592e+11 1.392571516413e+09 768 7235 3201 16 8 9 9 7.37044656e-10 1.24546100e-09 outputs/V3.3e26_D3000_G14/solution/solution-00095 
 96 1.336868655756e+11 1.392571516413e+09 768 7235 3201 16 8 9 9 7.07955187e-10 1.19623227e-09 outputs/V3.3e26_D3000_G14/solution/solution-00096 
 97 1.350794370920e+11 1.392571516413e+09 768 7235 3201 16 8 9 9 6.80013788e-10 1.14895198e-09 outputs/V3.3e26_D3000_G14/solution/solution-00097 
 98 1.364720086084e+11 1.392571516413e+09 768 7235 3201 16 8 9 9 6.53175150e-10 1.10354281e-09 outputs/V3.3e26_D3000_G14/solution/solution-00098 
 99 1.378645801248e+11 1.392571516413e+09 768 7235 3201 16 8 9 9 6.27395755e-10 1.05993055e-09 outputs/V3.3e26_D3000_G14/solution/solution-00099 
100 1.392571516413e+11 1.392571516413e+09 768 7235 3201 16 8 9 9 6.02633798e-10 1.01804391e-09 outputs/V3.3e26_D3000_G14/solution/solution-00100 
