# 1: Time step number
# 2: Time (years)
# 3: Time step size (years)
# 4: Number of mesh cells
# 5: Number of Stokes degrees of freedom
# 6: Number of temperature degrees of freedom
# 7: Iterations for temperature solver
# 8: Iterations for Stokes solver
# 9: Velocity iterations in Stokes preconditioner
# 10: Schur complement iterations in Stokes preconditioner
# 11: RMS velocity (m/year)
# 12: Max. velocity (m/year)
# 13: Visualization file name
  0 0.000000000000e+00 0.000000000000e+00 768 7235 3201  0 8 9 9 2.00650446e-07 3.52815112e-07 outputs/V3.3e25_D100_G10/solution/solution-00000 
  1 1.392571516413e+09 1.392571516413e+09 768 7235 3201 32 8 9 9 1.93989703e-07 3.28838212e-07 outputs/V3.3e25_D100_G10/solution/solution-00001 
  2 2.785143032825e+09 1.392571516413e+09 768 7235 3201 25 8 9 9 1.89120221e-07 3.22970830e-07 outputs/V3.3e25_D100_G10/solution/solution-00002 
  3 4.177714549238e+09 1.392571516413e+09 768 7235 3201 24 8 9 9 1.86075583e-07 3.20306614e-07 outputs/V3.3e25_D100_G10/solution/solution-00003 
  4 5.570286065650e+09 1.392571516413e+09 768 7235 3201 23 8 9 9 1.84657656e-07 3.20383725e-07 outputs/V3.3e25_D100_G10/solution/solution-00004 
  5 6.962857582063e+09 1.392571516413e+09 768 7235 3201 23 8 9 9 1.84688277e-07 3.22740244e-07 outputs/V3.3e25_D100_G10/solution/solution-00005 
  6 8.355429098476e+09 1.392571516413e+09 768 7235 3201 22 8 9 9 1.85987935e-07 3.26997687e-07 outputs/V3.3e25_D100_G10/solution/solution-00006 
  7 9.748000614888e+09 1.392571516413e+09 768 7235 3201 21 8 9 9 1.88403563e-07 3.32876442e-07 outputs/V3.3e25_D100_G10/solution/solution-00007 
  8 1.114057213130e+10 1.392571516413e+09 768 7235 3201 21 8 9 9 1.91811814e-07 3.40177268e-07 outputs/V3.3e25_D100_G10/solution/solution-00008 
  9 1.253314364771e+10 1.392571516413e+09 768 7235 3201 21 8 9 9 1.96116062e-07 3.48760219e-07 outputs/V3.3e25_D100_G10/solution/solution-00009 
 10 1.392571516413e+10 1.392571516413e+09 768 7235 3201 20 8 9 9 2.01241942e-07 3.58527996e-07 outputs/V3.3e25_D100_G10/solution/solution-00010 
 11 1.531828668054e+10 1.392571516413e+09 768 7235 3201 20 8 9 9 2.07133111e-07 3.69414034e-07 outputs/V3.3e25_D100_G10/solution/solution-00011 
 12 1.671085819695e+10 1.392571516413e+09 768 7235 3201 20 8 9 9 2.13747672e-07 3.81374227e-07 outputs/V3.3e25_D100_G10/solution/solution-00012 
 13 1.810342971336e+10 1.392571516413e+09 768 7235 3201 20 8 9 9 2.21055316e-07 3.94381212e-07 outputs/V3.3e25_D100_G10/solution/solution-00013 
 14 1.949600122978e+10 1.392571516413e+09 768 7235 3201 20 8 9 9 2.29035098e-07 4.08420388e-07 outputs/V3.3e25_D100_G10/solution/solution-00014 
 15 2.088857274619e+10 1.392571516413e+09 768 7235 3201 20 8 9 9 2.37673710e-07 4.23487122e-07 outputs/V3.3e25_D100_G10/solution/solution-00015 
 16 2.228114426260e+10 1.392571516413e+09 768 7235 3201 19 8 9 9 2.46964169e-07 4.39584778e-07 outputs/V3.3e25_D100_G10/solution/solution-00016 
 17 2.367371577901e+10 1.392571516413e+09 768 7235 3201 19 8 9 9 2.56904796e-07 4.56723314e-07 outputs/V3.3e25_D100_G10/solution/solution-00017 
 18 2.506628729543e+10 1.392571516413e+09 768 7235 3201 19 8 9 9 2.67498449e-07 4.74918276e-07 outputs/V3.3e25_D100_G10/solution/solution-00018 
 19 2.645885881184e+10 1.392571516413e+09 768 7235 3201 19 8 9 9 2.78751927e-07 4.94190088e-07 outputs/V3.3e25_D100_G10/solution/solution-00019 
 20 2.785143032825e+10 1.392571516413e+09 768 7235 3201 19 8 9 9 2.90675514e-07 5.14563538e-07 outputs/V3.3e25_D100_G10/solution/solution-00020 
 21 2.924400184466e+10 1.392571516413e+09 768 7235 3201 19 8 9 9 3.03282632e-07 5.36067422e-07 outputs/V3.3e25_D100_G10/solution/solution-00021 
 22 3.063657336108e+10 1.392571516413e+09 768 7235 3201 19 8 9 9 3.16589580e-07 5.58734293e-07 outputs/V3.3e25_D100_G10/solution/solution-00022 
 23 3.202914487749e+10 1.392571516413e+09 768 7235 3201 19 8 9 9 3.30615326e-07 5.82600298e-07 outputs/V3.3e25_D100_G10/solution/solution-00023 
 24 3.342171639390e+10 1.392571516413e+09 768 7235 3201 19 8 9 9 3.45381364e-07 6.07705071e-07 outputs/V3.3e25_D100_G10/solution/solution-00024 
 25 3.481428791032e+10 1.392571516413e+09 768 7235 3201 18 8 9 9 3.60911600e-07 6.34091675e-07 outputs/V3.3e25_D100_G10/solution/solution-00025 
 26 3.620685942673e+10 1.392571516413e+09 768 7235 3201 18 8 9 9 3.77232274e-07 6.61806578e-07 outputs/V3.3e25_D100_G10/solution/solution-00026 
 27 3.759943094314e+10 1.392571516413e+09 768 7235 3201 18 8 9 9 3.94371914e-07 6.90899662e-07 outputs/V3.3e25_D100_G10/solution/solution-00027 
 28 3.899200245955e+10 1.392571516413e+09 768 7235 3201 18 8 9 9 4.12361302e-07 7.21424250e-07 outputs/V3.3e25_D100_G10/solution/solution-00028 
 29 4.038457397597e+10 1.392571516413e+09 768 7235 3201 18 8 9 9 4.31233466e-07 7.53437155e-07 outputs/V3.3e25_D100_G10/solution/solution-00029 
 30 4.177714549238e+10 1.392571516413e+09 768 7235 3201 18 8 9 9 4.51023682e-07 7.86998741e-07 outputs/V3.3e25_D100_G10/solution/solution-00030 
 31 4.316971700879e+10 1.392571516413e+09 768 7235 3201 18 8 9 9 4.71769501e-07 8.22173007e-07 outputs/V3.3e25_D100_G10/solution/solution-00031 
 32 4.456228852520e+10 1.392571516413e+09 768 7235 3201 18 8 9 9 4.93510770e-07 8.59027671e-07 outputs/V3.3e25_D100_G10/solution/solution-00032 
 33 4.595486004162e+10 1.392571516413e+09 768 7235 3201 18 8 9 9 5.16289682e-07 8.97634279e-07 outputs/V3.3e25_D100_G10/solution/solution-00033 
 34 4.734743155803e+10 1.392571516413e+09 768 7235 3201 18 7 8 8 5.40150824e-07 9.38068315e-07 outputs/V3.3e25_D100_G10/solution/solution-00034 
 35 4.874000307444e+10 1.392571516413e+09 768 7235 3201 18 7 8 8 5.65141243e-07 9.80409328e-07 outputs/V3.3e25_D100_G10/solution/solution-00035 
 36 5.013257459085e+10 1.392571516413e+09 768 7235 3201 18 7 8 8 5.91310509e-07 1.02474107e-06 outputs/V3.3e25_D100_G10/solution/solution-00036 
 37 5.152514610727e+10 1.392571516413e+09 768 7235 3201 18 7 8 8 6.18710802e-07 1.07115164e-06 outputs/V3.3e25_D100_G10/solution/solution-00037 
 38 5.291771762368e+10 1.392571516413e+09 768 7235 3201 18 7 8 8 6.47396992e-07 1.11973364e-06 outputs/V3.3e25_D100_G10/solution/solution-00038 
 39 5.431028914009e+10 1.392571516413e+09 768 7235 3201 18 7 8 8 6.77426737e-07 1.17058436e-06 outputs/V3.3e25_D100_G10/solution/solution-00039 
 40 5.570286065650e+10 1.392571516413e+09 768 7235 3201 18 7 8 8 7.08860586e-07 1.22380593e-06 outputs/V3.3e25_D100_G10/solution/solution-00040 
 41 5.709543217292e+10 1.392571516413e+09 768 7235 3201 18 7 8 8 7.41762086e-07 1.27950552e-06 outputs/V3.3e25_D100_G10/solution/solution-00041 
 42 5.848800368933e+10 1.392571516413e+09 768 7235 3201 18 7 8 8 7.76197900e-07 1.33779558e-06 outputs/V3.3e25_D100_G10/solution/solution-00042 
 43 5.988057520574e+10 1.392571516413e+09 768 7235 3201 18 7 8 8 8.12237934e-07 1.39879399e-06 outputs/V3.3e25_D100_G10/solution/solution-00043 
 44 6.127314672215e+10 1.392571516413e+09 768 7235 3201 17 7 8 8 8.49955469e-07 1.46262435e-06 outputs/V3.3e25_D100_G10/solution/solution-00044 
 45 6.266571823857e+10 1.392571516413e+09 768 7235 3201 17 7 8 8 8.89427302e-07 1.52941616e-06 outputs/V3.3e25_D100_G10/solution/solution-00045 
 46 6.405828975498e+10 1.392571516413e+09 768 7235 3201 17 7 8 8 9.30733895e-07 1.59930512e-06 outputs/V3.3e25_D100_G10/solution/solution-00046 
 47 6.545086127139e+10 1.392571516413e+09 768 7235 3201 17 7 8 8 9.73959530e-07 1.67243339e-06 outputs/V3.3e25_D100_G10/solution/solution-00047 
 48 6.684343278781e+10 1.392571516413e+09 768 7235 3201 17 7 8 8 1.01919248e-06 1.74894983e-06 outputs/V3.3e25_D100_G10/solution/solution-00048 
 49 6.823600430422e+10 1.392571516413e+09 768 7235 3201 17 7 8 8 1.06652516e-06 1.82901035e-06 outputs/V3.3e25_D100_G10/solution/solution-00049 
 50 6.962857582063e+10 1.392571516413e+09 768 7235 3201 17 7 8 8 1.11605437e-06 1.91277818e-06 outputs/V3.3e25_D100_G10/solution/solution-00050 
 51 7.102114733704e+10 1.392571516413e+09 768 7235 3201 17 7 8 8 1.16788140e-06 2.00042421e-06 outputs/V3.3e25_D100_G10/solution/solution-00051 
 52 7.241371885346e+10 1.392571516413e+09 768 7235 3201 17 7 8 8 1.22211230e-06 2.09212730e-06 outputs/V3.3e25_D100_G10/solution/solution-00052 
 53 7.380629036987e+10 1.392571516413e+09 768 7235 3201 17 7 8 8 1.27885807e-06 2.18807471e-06 outputs/V3.3e25_D100_G10/solution/solution-00053 
 54 7.519886188628e+10 1.392571516413e+09 768 7235 3201 17 7 8 8 1.33823487e-06 2.28846238e-06 outputs/V3.3e25_D100_G10/solution/solution-00054 
 55 7.659143340269e+10 1.392571516413e+09 768 7235 3201 17 7 8 8 1.40036427e-06 2.39349539e-06 outputs/V3.3e25_D100_G10/solution/solution-00055 
 56 7.798400491911e+10 1.392571516413e+09 768 7235 3201 17 6 7 7 1.46537347e-06 2.50338832e-06 outputs/V3.3e25_D100_G10/solution/solution-00056 
 57 7.937657643552e+10 1.392571516413e+09 768 7235 3201 17 6 7 7 1.53339558e-06 2.61836573e-06 outputs/V3.3e25_D100_G10/solution/solution-00057 
 58 8.076914795193e+10 1.392571516413e+09 768 7235 3201 17 6 7 7 1.60456985e-06 2.73866255e-06 outputs/V3.3e25_D100_G10/solution/solution-00058 
 59 8.216171946834e+10 1.392571516413e+09 768 7235 3201 17 6 7 7 1.67904201e-06 2.86452460e-06 outputs/V3.3e25_D100_G10/solution/solution-00059 
 60 8.355429098476e+10 1.392571516413e+09 768 7235 3201 17 6 7 7 1.75696447e-06 2.99620903e-06 outputs/V3.3e25_D100_G10/solution/solution-00060 
 61 8.494686250117e+10 1.392571516413e+09 768 7235 3201 17 6 7 7 1.83849670e-06 3.13398485e-06 outputs/V3.3e25_D100_G10/solution/solution-00061 
 62 8.633943401758e+10 1.392571516413e+09 768 7235 3201 17 6 7 7 1.92380550e-06 3.27813349e-06 outputs/V3.3e25_D100_G10/solution/solution-00062 
 63 8.773200553399e+10 1.392571516413e+09 768 7235 3201 17 6 7 7 2.01306535e-06 3.42894929e-06 outputs/V3.3e25_D100_G10/solution/solution-00063 
 64 8.912457705041e+10 1.392571516413e+09 768 7235 3201 17 6 7 7 2.10645874e-06 3.58674013e-06 outputs/V3.3e25_D100_G10/solution/solution-00064 
 65 9.051714856682e+10 1.392571516413e+09 768 7235 3201 17 6 7 7 2.20417654e-06 3.75182804e-06 outputs/V3.3e25_D100_G10/solution/solution-00065 
 66 9.190972008323e+10 1.392571516413e+09 768 7235 3201 17 6 7 7 2.30641835e-06 3.92454976e-06 outputs/V3.3e25_D100_G10/solution/solution-00066 
 67 9.330229159964e+10 1.392571516413e+09 768 7235 3201 17 6 7 7 2.41339292e-06 4.10525747e-06 outputs/V3.3e25_D100_G10/solution/solution-00067 
 68 9.469486311606e+10 1.392571516413e+09 768 7235 3201 17 6 7 7 2.52531852e-06 4.29431942e-06 outputs/V3.3e25_D100_G10/solution/solution-00068 
 69 9.608743463247e+10 1.392571516413e+09 768 7235 3201 17 6 7 7 2.64242338e-06 4.49212067e-06 outputs/V3.3e25_D100_G10/solution/solution-00069 
 70 9.748000614888e+10 1.392571516413e+09 768 7235 3201 17 6 7 7 2.76494611e-06 4.69906377e-06 outputs/V3.3e25_D100_G10/solution/solution-00070 
 71 9.887257766530e+10 1.392571516413e+09 768 7235 3201 17 6 7 7 2.89313617e-06 4.91556959e-06 outputs/V3.3e25_D100_G10/solution/solution-00071 
 72 1.002651491817e+11 1.392571516413e+09 768 7235 3201 17 6 7 7 3.02725431e-06 5.14207808e-06 outputs/V3.3e25_D100_G10/solution/solution-00072 
 73 1.016577206981e+11 1.392571516413e+09 768 7235 3201 17 6 7 7 3.16757309e-06 5.37904905e-06 outputs/V3.3e25_D100_G10/solution/solution-00073 
 74 1.030502922145e+11 1.392571516413e+09 768 7235 3201 17 6 7 7 3.31437733e-06 5.62696308e-06 outputs/V3.3e25_D100_G10/solution/solution-00074 
 75 1.044428637309e+11 1.392571516413e+09 768 7235 3201 17 6 7 7 3.46796470e-06 5.88632236e-06 outputs/V3.3e25_D100_G10/solution/solution-00075 
 76 1.058354352474e+11 1.392571516413e+09 768 7235 3201 17 6 7 7 3.62864619e-06 6.15765160e-06 outputs/V3.3e25_D100_G10/solution/solution-00076 
 77 1.072280067638e+11 1.392571516413e+09 768 7235 3201 17 6 7 7 3.79674669e-06 6.44149896e-06 outputs/V3.3e25_D100_G10/solution/solution-00077 
 78 1.086205782802e+11 1.392571516413e+09 768 7235 3201 17 6 7 7 3.97260557e-06 6.73843702e-06 outputs/V3.3e25_D100_G10/solution/solution-00078 
 79 1.100131497966e+11 1.392571516413e+09 768 7235 3201 17 6 7 7 4.15657723e-06 7.04906374e-06 outputs/V3.3e25_D100_G10/solution/solution-00079 
 80 1.114057213130e+11 1.392571516413e+09 768 7235 3201 17 6 7 7 4.34903172e-06 7.37400349e-06 outputs/V3.3e25_D100_G10/solution/solution-00080 
 81 1.127982928294e+11 1.392571516413e+09 768 7235 3201 17 6 7 7 4.55035535e-06 7.71390808e-06 outputs/V3.3e25_D100_G10/solution/solution-00081 
 82 1.141908643458e+11 1.392571516413e+09 768 7235 3201 17 6 7 7 4.76095129e-06 8.06945781e-06 outputs/V3.3e25_D100_G10/solution/solution-00082 
 83 1.155834358622e+11 1.392571516413e+09 768 7235 3201 17 6 7 7 4.98124025e-06 8.44136252e-06 outputs/V3.3e25_D100_G10/solution/solution-00083 
 84 1.169760073787e+11 1.392571516413e+09 768 7235 3201 17 6 7 7 5.21166105e-06 8.83036270e-06 outputs/V3.3e25_D100_G10/solution/solution-00084 
 85 1.183685788951e+11 1.392571516413e+09 768 7235 3201 17 6 7 7 5.45267133e-06 9.23723058e-06 outputs/V3.3e25_D100_G10/solution/solution-00085 
 86 1.197611504115e+11 1.392571516413e+09 768 7235 3201 17 5 6 6 5.70474814e-06 9.66277115e-06 outputs/V3.3e25_D100_G10/solution/solution-00086 
 87 1.211537219279e+11 1.392571516413e+09 768 7235 3201 17 5 6 6 5.96838869e-06 1.01078235e-05 outputs/V3.3e25_D100_G10/solution/solution-00087 
 88 1.225462934443e+11 1.392571516413e+09 768 7235 3201 17 5 6 6 6.24411083e-06 1.05732615e-05 outputs/V3.3e25_D100_G10/solution/solution-00088 
 89 1.239388649607e+11 1.392571516413e+09 768 7235 3201 17 5 6 6 6.53245381e-06 1.10599952e-05 outputs/V3.3e25_D100_G10/solution/solution-00089 
 90 1.253314364771e+11 1.392571516413e+09 768 7235 3201 17 5 6 6 6.83397880e-06 1.15689718e-05 outputs/V3.3e25_D100_G10/solution/solution-00090 
 91 1.267240079935e+11 1.392571516413e+09 768 7235 3201 17 5 6 6 7.14926953e-06 1.21011765e-05 outputs/V3.3e25_D100_G10/solution/solution-00091 
 92 1.281165795100e+11 1.392571516413e+09 768 7235 3201 17 5 6 6 7.47893283e-06 1.26576334e-05 outputs/V3.3e25_D100_G10/solution/solution-00092 
 93 1.295091510264e+11 1.392571516413e+09 768 7235 3201 17 5 6 6 7.82359908e-06 1.32394069e-05 outputs/V3.3e25_D100_G10/solution/solution-00093 
 94 1.309017225428e+11 1.392571516413e+09 768 7235 3201 17 5 6 6 8.18392273e-06 1.38476015e-05 outputs/V3.3e25_D100_G10/solution/solution-00094 
 95 1.322942940592e+11 1.392571516413e+09 768 7235 3201 17 5 6 6 8.56058263e-06 1.44833635e-05 outputs/V3.3e25_D100_G10/solution/solution-00095 
 96 1.336868655756e+11 1.392571516413e+09 768 7235 3201 17 5 6 6 8.95428234e-06 1.51478807e-05 outputs/V3.3e25_D100_G10/solution/solution-00096 
 97 1.350794370920e+11 1.392571516413e+09 768 7235 3201 17 5 6 6 9.36575031e-06 1.58423831e-05 outputs/V3.3e25_D100_G10/solution/solution-00097 
 98 1.364720086084e+11 1.392571516413e+09 768 7235 3201 17 5 6 6 9.79573996e-06 1.65681432e-05 outputs/V3.3e25_D100_G10/solution/solution-00098 
 99 1.378645801248e+11 1.392571516413e+09 768 7235 3201 17 5 6 6 1.02450296e-05 1.73264754e-05 outputs/V3.3e25_D100_G10/solution/solution-00099 
100 1.392571516413e+11 1.392571516413e+09 768 7235 3201 17 5 6 6 1.07144222e-05 1.81187361e-05 outputs/V3.3e25_D100_G10/solution/solution-00100 
