# 1: Time step number
# 2: Time (years)
# 3: Time step size (years)
# 4: Number of mesh cells
# 5: Number of Stokes degrees of freedom
# 6: Number of temperature degrees of freedom
# 7: Iterations for temperature solver
# 8: Iterations for Stokes solver
# 9: Velocity iterations in Stokes preconditioner
# 10: Schur complement iterations in Stokes preconditioner
# 11: RMS velocity (m/year)
# 12: Max. velocity (m/year)
# 13: Visualization file name
  0 0.000000000000e+00 0.000000000000e+00 768 7235 3201  0 8 9 9 4.02755861e-09 8.48568679e-09 outputs/V1e27_D3000_G6/solution/solution-00000 
  1 1.392571516413e+09 1.392571516413e+09 768 7235 3201 32 8 9 9 3.79115132e-09 6.79573610e-09 outputs/V1e27_D3000_G6/solution/solution-00001 
  2 2.785143032825e+09 1.392571516413e+09 768 7235 3201 25 8 9 9 3.59842712e-09 6.06956400e-09 outputs/V1e27_D3000_G6/solution/solution-00002 
  3 4.177714549238e+09 1.392571516413e+09 768 7235 3201 24 8 9 9 3.42432350e-09 5.77877407e-09 outputs/V1e27_D3000_G6/solution/solution-00003 
  4 5.570286065650e+09 1.392571516413e+09 768 7235 3201 23 8 9 9 3.25750530e-09 5.49947372e-09 outputs/V1e27_D3000_G6/solution/solution-00004 
  5 6.962857582063e+09 1.392571516413e+09 768 7235 3201 23 8 9 9 3.09788427e-09 5.23183642e-09 outputs/V1e27_D3000_G6/solution/solution-00005 
  6 8.355429098476e+09 1.392571516413e+09 768 7235 3201 22 8 9 9 2.94525325e-09 4.97573213e-09 outputs/V1e27_D3000_G6/solution/solution-00006 
  7 9.748000614888e+09 1.392571516413e+09 768 7235 3201 22 8 9 9 2.79945203e-09 4.73091282e-09 outputs/V1e27_D3000_G6/solution/solution-00007 
  8 1.114057213130e+10 1.392571516413e+09 768 7235 3201 21 8 9 9 2.66030444e-09 4.49707829e-09 outputs/V1e27_D3000_G6/solution/solution-00008 
  9 1.253314364771e+10 1.392571516413e+09 768 7235 3201 21 8 9 9 2.52761316e-09 4.27390126e-09 outputs/V1e27_D3000_G6/solution/solution-00009 
 10 1.392571516413e+10 1.392571516413e+09 768 7235 3201 21 8 9 9 2.40116531e-09 4.06103812e-09 outputs/V1e27_D3000_G6/solution/solution-00010 
 11 1.531828668054e+10 1.392571516413e+09 768 7235 3201 20 8 9 9 2.28073779e-09 3.85813485e-09 outputs/V1e27_D3000_G6/solution/solution-00011 
 12 1.671085819695e+10 1.392571516413e+09 768 7235 3201 20 8 9 9 2.16610148e-09 3.66483092e-09 outputs/V1e27_D3000_G6/solution/solution-00012 
 13 1.810342971336e+10 1.392571516413e+09 768 7235 3201 20 8 9 9 2.05702471e-09 3.48076250e-09 outputs/V1e27_D3000_G6/solution/solution-00013 
 14 1.949600122978e+10 1.392571516413e+09 768 7235 3201 20 8 9 9 1.95327596e-09 3.30556519e-09 outputs/V1e27_D3000_G6/solution/solution-00014 
 15 2.088857274619e+10 1.392571516413e+09 768 7235 3201 20 8 9 9 1.85462593e-09 3.13887639e-09 outputs/V1e27_D3000_G6/solution/solution-00015 
 16 2.228114426260e+10 1.392571516413e+09 768 7235 3201 20 8 9 9 1.76084924e-09 2.98033751e-09 outputs/V1e27_D3000_G6/solution/solution-00016 
 17 2.367371577901e+10 1.392571516413e+09 768 7235 3201 20 8 9 9 1.67172561e-09 2.82959575e-09 outputs/V1e27_D3000_G6/solution/solution-00017 
 18 2.506628729543e+10 1.392571516413e+09 768 7235 3201 20 8 9 9 1.58704080e-09 2.68630567e-09 outputs/V1e27_D3000_G6/solution/solution-00018 
 19 2.645885881184e+10 1.392571516413e+09 768 7235 3201 19 8 9 9 1.50658727e-09 2.55013046e-09 outputs/V1e27_D3000_G6/solution/solution-00019 
 20 2.785143032825e+10 1.392571516413e+09 768 7235 3201 19 8 9 9 1.43016460e-09 2.42074292e-09 outputs/V1e27_D3000_G6/solution/solution-00020 
 21 2.924400184466e+10 1.392571516413e+09 768 7235 3201 19 8 9 9 1.35757977e-09 2.29782625e-09 outputs/V1e27_D3000_G6/solution/solution-00021 
 22 3.063657336108e+10 1.392571516413e+09 768 7235 3201 19 8 9 9 1.28864731e-09 2.18107451e-09 outputs/V1e27_D3000_G6/solution/solution-00022 
 23 3.202914487749e+10 1.392571516413e+09 768 7235 3201 19 8 9 9 1.22318935e-09 2.07019304e-09 outputs/V1e27_D3000_G6/solution/solution-00023 
 24 3.342171639390e+10 1.392571516413e+09 768 7235 3201 19 8 9 9 1.16103557e-09 1.96489860e-09 outputs/V1e27_D3000_G6/solution/solution-00024 
 25 3.481428791032e+10 1.392571516413e+09 768 7235 3201 19 8 9 9 1.10202306e-09 1.86491940e-09 outputs/V1e27_D3000_G6/solution/solution-00025 
 26 3.620685942673e+10 1.392571516413e+09 768 7235 3201 19 8 9 9 1.04599626e-09 1.76999509e-09 outputs/V1e27_D3000_G6/solution/solution-00026 
 27 3.759943094314e+10 1.392571516413e+09 768 7235 3201 19 8 9 9 9.92806664e-10 1.67987660e-09 outputs/V1e27_D3000_G6/solution/solution-00027 
 28 3.899200245955e+10 1.392571516413e+09 768 7235 3201 19 8 9 9 9.42312707e-10 1.59432589e-09 outputs/V1e27_D3000_G6/solution/solution-00028 
 29 4.038457397597e+10 1.392571516413e+09 768 7235 3201 19 8 9 9 8.94379476e-10 1.51311573e-09 outputs/V1e27_D3000_G6/solution/solution-00029 
 30 4.177714549238e+10 1.392571516413e+09 768 7235 3201 19 8 9 9 8.48878492e-10 1.43602938e-09 outputs/V1e27_D3000_G6/solution/solution-00030 
 31 4.316971700879e+10 1.392571516413e+09 768 7235 3201 19 8 9 9 8.05687466e-10 1.36286025e-09 outputs/V1e27_D3000_G6/solution/solution-00031 
 32 4.456228852520e+10 1.392571516413e+09 768 7235 3201 19 8 9 9 7.64690042e-10 1.29341156e-09 outputs/V1e27_D3000_G6/solution/solution-00032 
 33 4.595486004162e+10 1.392571516413e+09 768 7235 3201 19 8 9 9 7.25775558e-10 1.22749596e-09 outputs/V1e27_D3000_G6/solution/solution-00033 
 34 4.734743155803e+10 1.392571516413e+09 768 7235 3201 18 8 9 9 6.88838790e-10 1.16493519e-09 outputs/V1e27_D3000_G6/solution/solution-00034 
 35 4.874000307444e+10 1.392571516413e+09 768 7235 3201 18 8 9 9 6.53779721e-10 1.10555966e-09 outputs/V1e27_D3000_G6/solution/solution-00035 
 36 5.013257459085e+10 1.392571516413e+09 768 7235 3201 18 8 9 9 6.20503296e-10 1.04920814e-09 outputs/V1e27_D3000_G6/solution/solution-00036 
 37 5.152514610727e+10 1.392571516413e+09 768 7235 3201 18 8 9 9 5.88919202e-10 9.95727348e-10 outputs/V1e27_D3000_G6/solution/solution-00037 
 38 5.291771762368e+10 1.392571516413e+09 768 7235 3201 18 8 9 9 5.58941635e-10 9.44971628e-10 outputs/V1e27_D3000_G6/solution/solution-00038 
 39 5.431028914009e+10 1.392571516413e+09 768 7235 3201 18 8 9 9 5.30489096e-10 8.96802578e-10 outputs/V1e27_D3000_G6/solution/solution-00039 
 40 5.570286065650e+10 1.392571516413e+09 768 7235 3201 18 8 9 9 5.03484177e-10 8.51088721e-10 outputs/V1e27_D3000_G6/solution/solution-00040 
 41 5.709543217292e+10 1.392571516413e+09 768 7235 3201 18 8 9 9 4.77853369e-10 8.07705182e-10 outputs/V1e27_D3000_G6/solution/solution-00041 
 42 5.848800368933e+10 1.392571516413e+09 768 7235 3201 18 8 9 9 4.53526868e-10 7.66533372e-10 outputs/V1e27_D3000_G6/solution/solution-00042 
 43 5.988057520574e+10 1.392571516413e+09 768 7235 3201 18 8 9 9 4.30438393e-10 7.27460680e-10 outputs/V1e27_D3000_G6/solution/solution-00043 
 44 6.127314672215e+10 1.392571516413e+09 768 7235 3201 18 8 9 9 4.08525017e-10 6.90380190e-10 outputs/V1e27_D3000_G6/solution/solution-00044 
 45 6.266571823857e+10 1.392571516413e+09 768 7235 3201 18 8 9 9 3.87726993e-10 6.55190395e-10 outputs/V1e27_D3000_G6/solution/solution-00045 
 46 6.405828975498e+10 1.392571516413e+09 768 7235 3201 18 8 9 9 3.67987603e-10 6.21794936e-10 outputs/V1e27_D3000_G6/solution/solution-00046 
 47 6.545086127139e+10 1.392571516413e+09 768 7235 3201 18 8 9 9 3.49253003e-10 5.90102343e-10 outputs/V1e27_D3000_G6/solution/solution-00047 
 48 6.684343278781e+10 1.392571516413e+09 768 7235 3201 18 8 9 9 3.31472079e-10 5.60025794e-10 outputs/V1e27_D3000_G6/solution/solution-00048 
 49 6.823600430422e+10 1.392571516413e+09 768 7235 3201 18 8 9 9 3.14596313e-10 5.31482879e-10 outputs/V1e27_D3000_G6/solution/solution-00049 
 50 6.962857582063e+10 1.392571516413e+09 768 7235 3201 18 8 9 9 2.98579647e-10 5.04395385e-10 outputs/V1e27_D3000_G6/solution/solution-00050 
 51 7.102114733704e+10 1.392571516413e+09 768 7235 3201 18 8 9 9 2.83378366e-10 4.78689078e-10 outputs/V1e27_D3000_G6/solution/solution-00051 
 52 7.241371885346e+10 1.392571516413e+09 768 7235 3201 18 8 9 9 2.68950973e-10 4.54293508e-10 outputs/V1e27_D3000_G6/solution/solution-00052 
 53 7.380629036987e+10 1.392571516413e+09 768 7235 3201 18 8 9 9 2.55258082e-10 4.31141813e-10 outputs/V1e27_D3000_G6/solution/solution-00053 
 54 7.519886188628e+10 1.392571516413e+09 768 7235 3201 18 8 9 9 2.42262310e-10 4.09170541e-10 outputs/V1e27_D3000_G6/solution/solution-00054 
 55 7.659143340269e+10 1.392571516413e+09 768 7235 3201 18 8 9 9 2.29928171e-10 3.88319475e-10 outputs/V1e27_D3000_G6/solution/solution-00055 
 56 7.798400491911e+10 1.392571516413e+09 768 7235 3201 18 8 9 9 2.18221988e-10 3.68531470e-10 outputs/V1e27_D3000_G6/solution/solution-00056 
 57 7.937657643552e+10 1.392571516413e+09 768 7235 3201 18 8 9 9 2.07111795e-10 3.49752297e-10 outputs/V1e27_D3000_G6/solution/solution-00057 
 58 8.076914795193e+10 1.392571516413e+09 768 7235 3201 18 8 9 9 1.96567253e-10 3.31930492e-10 outputs/V1e27_D3000_G6/solution/solution-00058 
 59 8.216171946834e+10 1.392571516413e+09 768 7235 3201 18 8 9 9 1.86559566e-10 3.15017219e-10 outputs/V1e27_D3000_G6/solution/solution-00059 
 60 8.355429098476e+10 1.392571516413e+09 768 7235 3201 18 8 9 9 1.77061403e-10 2.98966133e-10 outputs/V1e27_D3000_G6/solution/solution-00060 
 61 8.494686250117e+10 1.392571516413e+09 768 7235 3201 17 8 9 9 1.68046823e-10 2.83733254e-10 outputs/V1e27_D3000_G6/solution/solution-00061 
 62 8.633943401758e+10 1.392571516413e+09 768 7235 3201 17 8 9 9 1.59491209e-10 2.69276849e-10 outputs/V1e27_D3000_G6/solution/solution-00062 
 63 8.773200553399e+10 1.392571516413e+09 768 7235 3201 17 8 9 9 1.51371193e-10 2.55557314e-10 outputs/V1e27_D3000_G6/solution/solution-00063 
 64 8.912457705041e+10 1.392571516413e+09 768 7235 3201 17 8 9 9 1.43664599e-10 2.42537065e-10 outputs/V1e27_D3000_G6/solution/solution-00064 
 65 9.051714856682e+10 1.392571516413e+09 768 7235 3201 17 8 9 9 1.36350378e-10 2.30180440e-10 outputs/V1e27_D3000_G6/solution/solution-00065 
 66 9.190972008323e+10 1.392571516413e+09 768 7235 3201 17 8 9 9 1.29408554e-10 2.18453594e-10 outputs/V1e27_D3000_G6/solution/solution-00066 
 67 9.330229159964e+10 1.392571516413e+09 768 7235 3201 17 8 9 9 1.22820166e-10 2.07324409e-10 outputs/V1e27_D3000_G6/solution/solution-00067 
 68 9.469486311606e+10 1.392571516413e+09 768 7235 3201 17 8 9 9 1.16567220e-10 1.96762409e-10 outputs/V1e27_D3000_G6/solution/solution-00068 
 69 9.608743463247e+10 1.392571516413e+09 768 7235 3201 17 8 9 9 1.10632636e-10 1.86738670e-10 outputs/V1e27_D3000_G6/solution/solution-00069 
 70 9.748000614888e+10 1.392571516413e+09 768 7235 3201 17 8 9 9 1.05000207e-10 1.77225748e-10 outputs/V1e27_D3000_G6/solution/solution-00070 
 71 9.887257766530e+10 1.392571516413e+09 768 7235 3201 17 8 9 9 9.96545474e-11 1.68197597e-10 outputs/V1e27_D3000_G6/solution/solution-00071 
 72 1.002651491817e+11 1.392571516413e+09 768 7235 3201 17 8 9 9 9.45810569e-11 1.59629499e-10 outputs/V1e27_D3000_G6/solution/solution-00072 
 73 1.016577206981e+11 1.392571516413e+09 768 7235 3201 17 8 9 9 8.97658779e-11 1.51498000e-10 outputs/V1e27_D3000_G6/solution/solution-00073 
 74 1.030502922145e+11 1.392571516413e+09 768 7235 3201 17 8 9 9 8.51958588e-11 1.43780841e-10 outputs/V1e27_D3000_G6/solution/solution-00074 
 75 1.044428637309e+11 1.392571516413e+09 768 7235 3201 17 8 9 9 8.08585170e-11 1.36456900e-10 outputs/V1e27_D3000_G6/solution/solution-00075 
 76 1.058354352474e+11 1.392571516413e+09 768 7235 3201 17 8 9 9 7.67420059e-11 1.29506130e-10 outputs/V1e27_D3000_G6/solution/solution-00076 
 77 1.072280067638e+11 1.392571516413e+09 768 7235 3201 17 8 9 9 7.28350818e-11 1.22909510e-10 outputs/V1e27_D3000_G6/solution/solution-00077 
 78 1.086205782802e+11 1.392571516413e+09 768 7235 3201 17 8 9 9 6.91270737e-11 1.16648987e-10 outputs/V1e27_D3000_G6/solution/solution-00078 
 79 1.100131497966e+11 1.392571516413e+09 768 7235 3201 17 8 9 9 6.56078535e-11 1.10707429e-10 outputs/V1e27_D3000_G6/solution/solution-00079 
 80 1.114057213130e+11 1.392571516413e+09 768 7235 3201 17 8 9 9 6.22678093e-11 1.05068580e-10 outputs/V1e27_D3000_G6/solution/solution-00080 
 81 1.127982928294e+11 1.392571516413e+09 768 7235 3201 17 8 9 9 5.90978180e-11 9.97170109e-11 outputs/V1e27_D3000_G6/solution/solution-00081 
 82 1.141908643458e+11 1.392571516413e+09 768 7235 3201 17 8 9 9 5.60892216e-11 9.46380796e-11 outputs/V1e27_D3000_G6/solution/solution-00082 
 83 1.155834358622e+11 1.392571516413e+09 768 7235 3201 17 8 9 9 5.32338026e-11 8.98178918e-11 outputs/V1e27_D3000_G6/solution/solution-00083 
 84 1.169760073787e+11 1.392571516413e+09 768 7235 3201 17 8 9 9 5.05237617e-11 8.52432609e-11 outputs/V1e27_D3000_G6/solution/solution-00084 
 85 1.183685788951e+11 1.392571516413e+09 768 7235 3201 17 8 9 9 4.79516972e-11 8.09016731e-11 outputs/V1e27_D3000_G6/solution/solution-00085 
 86 1.197611504115e+11 1.392571516413e+09 768 7235 3201 17 8 9 9 4.55105840e-11 7.67812528e-11 outputs/V1e27_D3000_G6/solution/solution-00086 
 87 1.211537219279e+11 1.392571516413e+09 768 7235 3201 17 8 9 9 4.31937546e-11 7.28707295e-11 outputs/V1e27_D3000_G6/solution/solution-00087 
 88 1.225462934443e+11 1.392571516413e+09 768 7235 3201 17 8 9 9 4.09948811e-11 6.91594077e-11 outputs/V1e27_D3000_G6/solution/solution-00088 
 89 1.239388649607e+11 1.392571516413e+09 768 7235 3201 16 8 9 9 3.89079569e-11 6.56371348e-11 outputs/V1e27_D3000_G6/solution/solution-00089 
 90 1.253314364771e+11 1.392571516413e+09 768 7235 3201 16 8 9 9 3.69272827e-11 6.22942798e-11 outputs/V1e27_D3000_G6/solution/solution-00090 
 91 1.267240079935e+11 1.392571516413e+09 768 7235 3201 16 8 9 9 3.50474491e-11 5.91217013e-11 outputs/V1e27_D3000_G6/solution/solution-00091 
 92 1.281165795100e+11 1.392571516413e+09 768 7235 3201 16 8 9 9 3.32633216e-11 5.61107235e-11 outputs/V1e27_D3000_G6/solution/solution-00092 
 93 1.295091510264e+11 1.392571516413e+09 768 7235 3201 16 8 9 9 3.15700278e-11 5.32531132e-11 outputs/V1e27_D3000_G6/solution/solution-00093 
 94 1.309017225428e+11 1.392571516413e+09 768 7235 3201 16 8 9 9 2.99629426e-11 5.05410563e-11 outputs/V1e27_D3000_G6/solution/solution-00094 
 95 1.322942940592e+11 1.392571516413e+09 768 7235 3201 16 8 9 9 2.84376768e-11 4.79671371e-11 outputs/V1e27_D3000_G6/solution/solution-00095 
 96 1.336868655756e+11 1.392571516413e+09 768 7235 3201 16 8 9 9 2.69900645e-11 4.55243180e-11 outputs/V1e27_D3000_G6/solution/solution-00096 
 97 1.350794370920e+11 1.392571516413e+09 768 7235 3201 16 8 9 9 2.56161523e-11 4.32059203e-11 outputs/V1e27_D3000_G6/solution/solution-00097 
 98 1.364720086084e+11 1.392571516413e+09 768 7235 3201 16 8 9 9 2.43121875e-11 4.10056050e-11 outputs/V1e27_D3000_G6/solution/solution-00098 
 99 1.378645801248e+11 1.392571516413e+09 768 7235 3201 16 8 9 9 2.30746089e-11 3.89173568e-11 outputs/V1e27_D3000_G6/solution/solution-00099 
100 1.392571516413e+11 1.392571516413e+09 768 7235 3201 16 8 9 9 2.19000364e-11 3.69354668e-11 outputs/V1e27_D3000_G6/solution/solution-00100 
