# 1: Time step number
# 2: Time (years)
# 3: Time step size (years)
# 4: Number of mesh cells
# 5: Number of Stokes degrees of freedom
# 6: Number of temperature degrees of freedom
# 7: Iterations for temperature solver
# 8: Iterations for Stokes solver
# 9: Velocity iterations in Stokes preconditioner
# 10: Schur complement iterations in Stokes preconditioner
# 11: RMS velocity (m/year)
# 12: Max. velocity (m/year)
# 13: Visualization file name
  0 0.000000000000e+00 0.000000000000e+00 768 7235 3201  0 8 9 9 7.94575764e-07 1.39714784e-06 outputs/V1e25_D100_G12/solution/solution-00000 
  1 1.392571516413e+09 1.392571516413e+09 768 7235 3201 32 8 9 9 8.17041830e-07 1.40466152e-06 outputs/V1e25_D100_G12/solution/solution-00001 
  2 2.785143032825e+09 1.392571516413e+09 768 7235 3201 25 8 9 9 8.67887037e-07 1.53017507e-06 outputs/V1e25_D100_G12/solution/solution-00002 
  3 4.177714549238e+09 1.392571516413e+09 768 7235 3201 24 8 9 9 9.57071397e-07 1.73044572e-06 outputs/V1e25_D100_G12/solution/solution-00003 
  4 5.570286065650e+09 1.392571516413e+09 768 7235 3201 23 8 9 9 1.09398142e-06 2.02077890e-06 outputs/V1e25_D100_G12/solution/solution-00004 
  5 6.962857582063e+09 1.392571516413e+09 768 7235 3201 23 8 9 9 1.29085280e-06 2.42210661e-06 outputs/V1e25_D100_G12/solution/solution-00005 
  6 8.355429098476e+09 1.392571516413e+09 768 7235 3201 22 8 9 9 1.56457195e-06 2.96490991e-06 outputs/V1e25_D100_G12/solution/solution-00006 
  7 9.748000614888e+09 1.392571516413e+09 768 7235 3201 21 8 9 9 1.93877671e-06 3.69258184e-06 outputs/V1e25_D100_G12/solution/solution-00007 
  8 1.114057213130e+10 1.392571516413e+09 768 7235 3201 21 8 9 9 2.44638882e-06 4.66565956e-06 outputs/V1e25_D100_G12/solution/solution-00008 
  9 1.253314364771e+10 1.392571516413e+09 768 7235 3201 21 8 9 9 3.13298001e-06 5.96767779e-06 outputs/V1e25_D100_G12/solution/solution-00009 
 10 1.392571516413e+10 1.392571516413e+09 768 7235 3201 20 8 9 9 4.06137749e-06 7.71332074e-06 outputs/V1e25_D100_G12/solution/solution-00010 
 11 1.531828668054e+10 1.392571516413e+09 768 7235 3201 20 8 9 9 5.31801253e-06 1.00597047e-05 outputs/V1e25_D100_G12/solution/solution-00011 
 12 1.671085819695e+10 1.392571516413e+09 768 7235 3201 20 8 9 9 7.02167684e-06 1.32219039e-05 outputs/V1e25_D100_G12/solution/solution-00012 
 13 1.810342971336e+10 1.392571516413e+09 768 7235 3201 20 8 9 9 9.33558216e-06 1.74975295e-05 outputs/V1e25_D100_G12/solution/solution-00013 
 14 1.949600122978e+10 1.392571516413e+09 768 7235 3201 20 7 8 8 1.24839241e-05 2.32890604e-05 outputs/V1e25_D100_G12/solution/solution-00014 
 15 2.088857274619e+10 1.392571516413e+09 768 7235 3201 20 7 8 8 1.67745257e-05 3.11488287e-05 outputs/V1e25_D100_G12/solution/solution-00015 
 16 2.228114426260e+10 1.392571516413e+09 768 7235 3201 20 7 8 8 2.26295099e-05 4.18299915e-05 outputs/V1e25_D100_G12/solution/solution-00016 
 17 2.367371577901e+10 1.392571516413e+09 768 7235 3201 21 7 8 8 3.06260782e-05 5.63538616e-05 outputs/V1e25_D100_G12/solution/solution-00017 
 18 2.506628729543e+10 1.392571516413e+09 768 7235 3201 21 7 8 8 4.15485603e-05 7.61534172e-05 outputs/V1e25_D100_G12/solution/solution-00018 
 19 2.629733460778e+10 1.231047312349e+09 768 7235 3201 21 7 8 8 5.45643685e-05 9.96665076e-05 outputs/V1e25_D100_G12/solution/solution-00019 
 20 2.723844892114e+10 9.411143133629e+08 768 7235 3201 18 7 8 8 6.74152685e-05 1.22804595e-04 outputs/V1e25_D100_G12/solution/solution-00020 
 21 2.800185683951e+10 7.634079183746e+08 768 7235 3201 17 6 7 7 8.01793419e-05 1.45753097e-04 outputs/V1e25_D100_G12/solution/solution-00021 
 22 2.864506787216e+10 6.432110326431e+08 768 7235 3201 15 6 7 7 9.28575877e-05 1.68463991e-04 outputs/V1e25_D100_G12/solution/solution-00022 
 23 2.920163319955e+10 5.565653273918e+08 768 7235 3201 14 6 7 7 1.05436945e-04 1.90975510e-04 outputs/V1e25_D100_G12/solution/solution-00023 
 24 2.969274619447e+10 4.911129949205e+08 768 7235 3201 13 6 7 7 1.17899069e-04 2.13162763e-04 outputs/V1e25_D100_G12/solution/solution-00024 
 25 3.013253306488e+10 4.397868704094e+08 768 7235 3201 12 6 7 7 1.30219714e-04 2.34984717e-04 outputs/V1e25_D100_G12/solution/solution-00025 
 26 3.053132498449e+10 3.987919196107e+08 768 7235 3201 12 6 7 7 1.42384705e-04 2.56597540e-04 outputs/V1e25_D100_G12/solution/solution-00026 
 27 3.089668559925e+10 3.653606147638e+08 768 7235 3201 11 6 7 7 1.54378782e-04 2.77783902e-04 outputs/V1e25_D100_G12/solution/solution-00027 
 28 3.123432034240e+10 3.376347431506e+08 768 7235 3201 11 6 7 7 1.66185529e-04 2.98505824e-04 outputs/V1e25_D100_G12/solution/solution-00028 
 29 3.154846798136e+10 3.141476389589e+08 768 7235 3201 11 6 7 7 1.77780925e-04 3.18778542e-04 outputs/V1e25_D100_G12/solution/solution-00029 
 30 3.184255929483e+10 2.940913134679e+08 768 7235 3201 11 6 7 7 1.89143607e-04 3.38586946e-04 outputs/V1e25_D100_G12/solution/solution-00030 
 31 3.211944533837e+10 2.768860435397e+08 768 7235 3201 10 6 7 7 2.00255601e-04 3.57816909e-04 outputs/V1e25_D100_G12/solution/solution-00031 
 32 3.238145084322e+10 2.620055048508e+08 768 7235 3201 10 6 7 7 2.11098441e-04 3.76434993e-04 outputs/V1e25_D100_G12/solution/solution-00032 
 33 3.263049782783e+10 2.490469846084e+08 768 7235 3201 10 6 7 7 2.21653428e-04 3.94550417e-04 outputs/V1e25_D100_G12/solution/solution-00033 
 34 3.286819495272e+10 2.376971248937e+08 768 7235 3201 10 6 7 7 2.31901877e-04 4.12002007e-04 outputs/V1e25_D100_G12/solution/solution-00034 
 35 3.309587160729e+10 2.276766545633e+08 768 7235 3201 10 6 7 7 2.41823984e-04 4.28752306e-04 outputs/V1e25_D100_G12/solution/solution-00035 
 36 3.331459544921e+10 2.187238419267e+08 768 7235 3201 10 6 7 7 2.51397665e-04 4.44767622e-04 outputs/V1e25_D100_G12/solution/solution-00036 
 37 3.352539114848e+10 2.107956992683e+08 768 7235 3201 10 6 7 7 2.60606818e-04 4.60025911e-04 outputs/V1e25_D100_G12/solution/solution-00037 
 38 3.372914807993e+10 2.037569314454e+08 768 7235 3201 10 6 7 7 2.69436282e-04 4.74507962e-04 outputs/V1e25_D100_G12/solution/solution-00038 
 39 3.392664408763e+10 1.974960077024e+08 768 7235 3201  9 6 7 7 2.77872036e-04 4.88277497e-04 outputs/V1e25_D100_G12/solution/solution-00039 
 40 3.411856427105e+10 1.919201834197e+08 768 7235 3201  9 6 7 7 2.85901376e-04 5.01346504e-04 outputs/V1e25_D100_G12/solution/solution-00040 
 41 3.430551599696e+10 1.869517259063e+08 768 7235 3201  9 6 7 7 2.93513067e-04 5.13592185e-04 outputs/V1e25_D100_G12/solution/solution-00041 
 42 3.448804101324e+10 1.825250162837e+08 768 7235 3201  9 6 7 7 3.00697465e-04 5.25005942e-04 outputs/V1e25_D100_G12/solution/solution-00042 
 43 3.466662531179e+10 1.785842985471e+08 768 7235 3201  9 5 6 6 3.07446627e-04 5.35582515e-04 outputs/V1e25_D100_G12/solution/solution-00043 
 44 3.484170722460e+10 1.750819128152e+08 768 7235 3201  9 5 6 6 3.13754374e-04 5.45319957e-04 outputs/V1e25_D100_G12/solution/solution-00044 
 45 3.501368412078e+10 1.719768961790e+08 768 7235 3201  9 5 6 6 3.19616354e-04 5.54219575e-04 outputs/V1e25_D100_G12/solution/solution-00045 
 46 3.518291798368e+10 1.692338628958e+08 768 7235 3201  9 5 6 6 3.25030053e-04 5.62285838e-04 outputs/V1e25_D100_G12/solution/solution-00046 
 47 3.534974008633e+10 1.668221026550e+08 768 7235 3201  9 5 6 6 3.29994799e-04 5.69526262e-04 outputs/V1e25_D100_G12/solution/solution-00047 
 48 3.551444066543e+10 1.647005791001e+08 768 7235 3201  9 5 6 6 3.34511357e-04 5.75950754e-04 outputs/V1e25_D100_G12/solution/solution-00048 
 49 3.567728821348e+10 1.628475480489e+08 768 7235 3201  9 5 6 6 3.38582439e-04 5.81572286e-04 outputs/V1e25_D100_G12/solution/solution-00049 
 50 3.583854834251e+10 1.612601290341e+08 768 7235 3201  9 5 6 6 3.42212958e-04 5.88312369e-04 outputs/V1e25_D100_G12/solution/solution-00050 
 51 3.599790668362e+10 1.593583411044e+08 768 7235 3201  9 5 6 6 3.45398863e-04 5.94727883e-04 outputs/V1e25_D100_G12/solution/solution-00051 
 52 3.615554180147e+10 1.576351178549e+08 768 7235 3201  9 5 6 6 3.48151493e-04 6.00275444e-04 outputs/V1e25_D100_G12/solution/solution-00052 
 53 3.631172010422e+10 1.561783027449e+08 768 7235 3201  9 5 6 6 3.50485400e-04 6.04950580e-04 outputs/V1e25_D100_G12/solution/solution-00053 
 54 3.646669144088e+10 1.549713366638e+08 768 7235 3201  9 5 6 6 3.52415653e-04 6.08767217e-04 outputs/V1e25_D100_G12/solution/solution-00054 
 55 3.662069119225e+10 1.539997513654e+08 768 7235 3201  9 5 6 6 3.53957696e-04 6.11742010e-04 outputs/V1e25_D100_G12/solution/solution-00055 
 56 3.677394207013e+10 1.532508778798e+08 768 7235 3201  9 5 6 6 3.55127215e-04 6.13894250e-04 outputs/V1e25_D100_G12/solution/solution-00056 
 57 3.692665566848e+10 1.527135983557e+08 768 7235 3201  9 5 6 6 3.55940021e-04 6.15390662e-04 outputs/V1e25_D100_G12/solution/solution-00057 
 58 3.707903380186e+10 1.523781333779e+08 768 7235 3201  9 5 6 6 3.56411949e-04 6.16145317e-04 outputs/V1e25_D100_G12/solution/solution-00058 
 59 3.723126966037e+10 1.522358585118e+08 768 7235 3201  9 5 6 6 3.56558765e-04 6.16152316e-04 outputs/V1e25_D100_G12/solution/solution-00059 
 60 3.738346756858e+10 1.521979082053e+08 768 7235 3201  9 5 6 6 3.56396257e-04 6.15438723e-04 outputs/V1e25_D100_G12/solution/solution-00060 
 61 3.753580332184e+10 1.523357532663e+08 768 7235 3201  9 5 6 6 3.55940311e-04 6.14034128e-04 outputs/V1e25_D100_G12/solution/solution-00061 
 62 3.768844875408e+10 1.526454322395e+08 768 7235 3201  9 5 6 6 3.55206511e-04 6.12048072e-04 outputs/V1e25_D100_G12/solution/solution-00062 
 63 3.784157037580e+10 1.531216217200e+08 768 7235 3201  9 5 6 6 3.54210092e-04 6.09669961e-04 outputs/V1e25_D100_G12/solution/solution-00063 
 64 3.799532991976e+10 1.537595439563e+08 768 7235 3201  9 5 6 6 3.52965911e-04 6.06690521e-04 outputs/V1e25_D100_G12/solution/solution-00064 
 65 3.814988480078e+10 1.545548810191e+08 768 7235 3201  9 5 6 6 3.51488418e-04 6.03142277e-04 outputs/V1e25_D100_G12/solution/solution-00065 
 66 3.830538849806e+10 1.555036972805e+08 768 7235 3201  9 5 6 6 3.49791651e-04 5.99058908e-04 outputs/V1e25_D100_G12/solution/solution-00066 
 67 3.846191422122e+10 1.565257231569e+08 768 7235 3201  9 5 6 6 3.47890199e-04 5.94551985e-04 outputs/V1e25_D100_G12/solution/solution-00067 
 68 3.861959597554e+10 1.576817543212e+08 768 7235 3201  9 5 6 6 3.45797678e-04 5.89688808e-04 outputs/V1e25_D100_G12/solution/solution-00068 
 69 3.877857813473e+10 1.589821591931e+08 768 7235 3201  9 5 6 6 3.43527093e-04 5.84388815e-04 outputs/V1e25_D100_G12/solution/solution-00069 
 70 3.893900214974e+10 1.604240150078e+08 768 7235 3201  9 5 6 6 3.41090998e-04 5.78687630e-04 outputs/V1e25_D100_G12/solution/solution-00070 
 71 3.910100664936e+10 1.620044996237e+08 768 7235 3201  9 5 6 6 3.38501512e-04 5.72780598e-04 outputs/V1e25_D100_G12/solution/solution-00071 
 72 3.926472749045e+10 1.637208410848e+08 768 7235 3201  9 5 6 6 3.35770350e-04 5.66535718e-04 outputs/V1e25_D100_G12/solution/solution-00072 
 73 3.943024979583e+10 1.655223053846e+08 768 7235 3201  9 5 6 6 3.32909688e-04 5.59984519e-04 outputs/V1e25_D100_G12/solution/solution-00073 
 74 3.959767110982e+10 1.674213139883e+08 768 7235 3201  9 5 6 6 3.29931172e-04 5.53163339e-04 outputs/V1e25_D100_G12/solution/solution-00074 
 75 3.976712175677e+10 1.694506469513e+08 768 7235 3201  9 5 6 6 3.26845508e-04 5.46189490e-04 outputs/V1e25_D100_G12/solution/solution-00075 
 76 3.993872922846e+10 1.716074716916e+08 768 7235 3201  9 5 6 6 3.23663077e-04 5.39127347e-04 outputs/V1e25_D100_G12/solution/solution-00076 
 77 4.011261802115e+10 1.738887926823e+08 768 7235 3201  9 5 6 6 3.20393982e-04 5.31872452e-04 outputs/V1e25_D100_G12/solution/solution-00077 
 78 4.028890942531e+10 1.762914041605e+08 768 7235 3201  9 5 6 6 3.17048079e-04 5.24457286e-04 outputs/V1e25_D100_G12/solution/solution-00078 
 79 4.046772126719e+10 1.788118418859e+08 768 7235 3201  9 5 6 6 3.13635023e-04 5.16913577e-04 outputs/V1e25_D100_G12/solution/solution-00079 
 80 4.064911138224e+10 1.813901150465e+08 768 7235 3201  9 5 6 6 3.10165374e-04 5.09290791e-04 outputs/V1e25_D100_G12/solution/solution-00080 
 81 4.083319089373e+10 1.840795114919e+08 768 7235 3201  9 5 6 6 3.06648457e-04 5.01659679e-04 outputs/V1e25_D100_G12/solution/solution-00081 
 82 4.102007057334e+10 1.868796796129e+08 768 7235 3201  9 5 6 6 3.03093395e-04 4.93977619e-04 outputs/V1e25_D100_G12/solution/solution-00082 
 83 4.120985649974e+10 1.897859263992e+08 768 7235 3201  9 5 6 6 2.99509224e-04 4.86272696e-04 outputs/V1e25_D100_G12/solution/solution-00083 
 84 4.140264955762e+10 1.927930578810e+08 768 7235 3201  9 5 6 6 2.95904916e-04 4.78571912e-04 outputs/V1e25_D100_G12/solution/solution-00084 
 85 4.159854488219e+10 1.958953245708e+08 768 7235 3201  9 5 6 6 2.92289402e-04 4.70901152e-04 outputs/V1e25_D100_G12/solution/solution-00085 
 86 4.179763124992e+10 1.990863677294e+08 768 7235 3201  9 5 6 6 2.88671591e-04 4.64448409e-04 outputs/V1e25_D100_G12/solution/solution-00086 
 87 4.199947369045e+10 2.018424405251e+08 768 7235 3201  9 5 6 6 2.85069503e-04 4.58477028e-04 outputs/V1e25_D100_G12/solution/solution-00087 
 88 4.220395158525e+10 2.044778947984e+08 768 7235 3201  9 5 6 6 2.81494789e-04 4.52599582e-04 outputs/V1e25_D100_G12/solution/solution-00088 
 89 4.241109273322e+10 2.071411479747e+08 768 7235 3201  9 5 6 6 2.77956023e-04 4.46825779e-04 outputs/V1e25_D100_G12/solution/solution-00089 
 90 4.262091974050e+10 2.098270072825e+08 768 7235 3201  9 5 6 6 2.74461501e-04 4.41164584e-04 outputs/V1e25_D100_G12/solution/solution-00090 
 91 4.283344982545e+10 2.125300849496e+08 768 7235 3201  9 5 6 6 2.71019231e-04 4.35624266e-04 outputs/V1e25_D100_G12/solution/solution-00091 
 92 4.304869461949e+10 2.152447940382e+08 768 7235 3201  9 5 6 6 2.67636918e-04 4.30212450e-04 outputs/V1e25_D100_G12/solution/solution-00092 
 93 4.326665996497e+10 2.179653454818e+08 768 7235 3201  9 5 6 6 2.64321953e-04 4.24936158e-04 outputs/V1e25_D100_G12/solution/solution-00093 
 94 4.348734252504e+10 2.206825600652e+08 768 7235 3201  9 5 6 6 2.61081440e-04 4.19801928e-04 outputs/V1e25_D100_G12/solution/solution-00094 
 95 4.371070379681e+10 2.233612717734e+08 768 7235 3201  9 5 6 6 2.57922526e-04 4.14816403e-04 outputs/V1e25_D100_G12/solution/solution-00095 
 96 4.393672829964e+10 2.260245028234e+08 768 7235 3201  9 5 6 6 2.54851528e-04 4.09986748e-04 outputs/V1e25_D100_G12/solution/solution-00096 
 97 4.416539422706e+10 2.286659274208e+08 768 7235 3201  9 5 6 6 2.51874360e-04 4.05354405e-04 outputs/V1e25_D100_G12/solution/solution-00097 
 98 4.439667332225e+10 2.312790951960e+08 768 7235 3201  9 5 6 6 2.48996524e-04 4.00885242e-04 outputs/V1e25_D100_G12/solution/solution-00098 
 99 4.463053077138e+10 2.338574491312e+08 768 7235 3201  9 5 6 6 2.46223089e-04 3.96583086e-04 outputs/V1e25_D100_G12/solution/solution-00099 
100 4.486692511899e+10 2.363943476063e+08 768 7235 3201  9 5 6 6 2.43558677e-04 3.92451386e-04 outputs/V1e25_D100_G12/solution/solution-00100 
