# 1: Time step number
# 2: Time (years)
# 3: Time step size (years)
# 4: Number of mesh cells
# 5: Number of Stokes degrees of freedom
# 6: Number of temperature degrees of freedom
# 7: Iterations for temperature solver
# 8: Iterations for Stokes solver
# 9: Velocity iterations in Stokes preconditioner
# 10: Schur complement iterations in Stokes preconditioner
# 11: RMS velocity (m/year)
# 12: Max. velocity (m/year)
# 13: Visualization file name
  0 0.000000000000e+00 0.000000000000e+00 768 7235 3201  0 8 9 9 7.95162697e-07 1.41467406e-06 outputs/V1e25_D10_G12/solution/solution-00000 
  1 1.392571516413e+09 1.392571516413e+09 768 7235 3201 32 8 9 9 7.94081869e-07 1.36870564e-06 outputs/V1e25_D10_G12/solution/solution-00001 
  2 2.785143032825e+09 1.392571516413e+09 768 7235 3201 25 8 9 9 8.21087027e-07 1.45564155e-06 outputs/V1e25_D10_G12/solution/solution-00002 
  3 4.177714549238e+09 1.392571516413e+09 768 7235 3201 24 8 9 9 8.84894351e-07 1.61370720e-06 outputs/V1e25_D10_G12/solution/solution-00003 
  4 5.570286065650e+09 1.392571516413e+09 768 7235 3201 23 8 9 9 9.92688121e-07 1.85418898e-06 outputs/V1e25_D10_G12/solution/solution-00004 
  5 6.962857582063e+09 1.392571516413e+09 768 7235 3201 23 8 9 9 1.15404460e-06 2.19346741e-06 outputs/V1e25_D10_G12/solution/solution-00005 
  6 8.355429098476e+09 1.392571516413e+09 768 7235 3201 22 8 9 9 1.38256611e-06 2.65643436e-06 outputs/V1e25_D10_G12/solution/solution-00006 
  7 9.748000614888e+09 1.392571516413e+09 768 7235 3201 21 8 9 9 1.69771873e-06 3.27933126e-06 outputs/V1e25_D10_G12/solution/solution-00007 
  8 1.114057213130e+10 1.392571516413e+09 768 7235 3201 21 8 9 9 2.12696382e-06 4.11325588e-06 outputs/V1e25_D10_G12/solution/solution-00008 
  9 1.253314364771e+10 1.392571516413e+09 768 7235 3201 21 8 9 9 2.70857725e-06 5.22906326e-06 outputs/V1e25_D10_G12/solution/solution-00009 
 10 1.392571516413e+10 1.392571516413e+09 768 7235 3201 21 8 9 9 3.49551903e-06 6.72425138e-06 outputs/V1e25_D10_G12/solution/solution-00010 
 11 1.531828668054e+10 1.392571516413e+09 768 7235 3201 20 8 9 9 4.56078825e-06 8.73254122e-06 outputs/V1e25_D10_G12/solution/solution-00011 
 12 1.671085819695e+10 1.392571516413e+09 768 7235 3201 20 8 9 9 6.00483251e-06 1.14371030e-05 outputs/V1e25_D10_G12/solution/solution-00012 
 13 1.810342971336e+10 1.392571516413e+09 768 7235 3201 20 8 9 9 7.96577972e-06 1.50914193e-05 outputs/V1e25_D10_G12/solution/solution-00013 
 14 1.949600122978e+10 1.392571516413e+09 768 7235 3201 20 8 9 9 1.06335344e-05 2.00387869e-05 outputs/V1e25_D10_G12/solution/solution-00014 
 15 2.088857274619e+10 1.392571516413e+09 768 7235 3201 20 7 8 8 1.42691356e-05 2.67506620e-05 outputs/V1e25_D10_G12/solution/solution-00015 
 16 2.228114426260e+10 1.392571516413e+09 768 7235 3201 20 7 8 8 1.92311886e-05 3.58713315e-05 outputs/V1e25_D10_G12/solution/solution-00016 
 17 2.367371577901e+10 1.392571516413e+09 768 7235 3201 20 7 8 8 2.60115440e-05 4.82778475e-05 outputs/V1e25_D10_G12/solution/solution-00017 
 18 2.506628729543e+10 1.392571516413e+09 768 7235 3201 21 7 8 8 3.52822915e-05 6.51977732e-05 outputs/V1e25_D10_G12/solution/solution-00018 
 19 2.645885881184e+10 1.392571516413e+09 768 7235 3201 22 7 8 8 4.79542847e-05 8.82441379e-05 outputs/V1e25_D10_G12/solution/solution-00019 
 20 2.752179429897e+10 1.062935487126e+09 768 7235 3201 20 7 8 8 6.08335783e-05 1.11579728e-04 outputs/V1e25_D10_G12/solution/solution-00020 
 21 2.836200068653e+10 8.402063875605e+08 768 7235 3201 17 6 7 7 7.36177285e-05 1.34705708e-04 outputs/V1e25_D10_G12/solution/solution-00021 
 22 2.905796228784e+10 6.959616013155e+08 768 7235 3201 16 6 7 7 8.63303922e-05 1.57631534e-04 outputs/V1e25_D10_G12/solution/solution-00022 
 23 2.965284656166e+10 5.948842738135e+08 768 7235 3201 15 6 7 7 9.89617574e-05 1.80368795e-04 outputs/V1e25_D10_G12/solution/solution-00023 
 24 3.017276652065e+10 5.199199589913e+08 768 7235 3201 14 6 7 7 1.11489674e-04 2.02796536e-04 outputs/V1e25_D10_G12/solution/solution-00024 
 25 3.063494860773e+10 4.621820870789e+08 768 7235 3201 13 6 7 7 1.23893022e-04 2.24976760e-04 outputs/V1e25_D10_G12/solution/solution-00025 
 26 3.105157374185e+10 4.166251341243e+08 768 7235 3201 12 6 7 7 1.36157901e-04 2.46883855e-04 outputs/V1e25_D10_G12/solution/solution-00026 
 27 3.143140949194e+10 3.798357500944e+08 768 7235 3201 12 6 7 7 1.48269222e-04 2.68381511e-04 outputs/V1e25_D10_G12/solution/solution-00027 
 28 3.178086016712e+10 3.494506751781e+08 768 7235 3201 11 6 7 7 1.60206404e-04 2.89465509e-04 outputs/V1e25_D10_G12/solution/solution-00028 
 29 3.210473294979e+10 3.238727826670e+08 768 7235 3201 11 6 7 7 1.71944349e-04 3.10158619e-04 outputs/V1e25_D10_G12/solution/solution-00029 
 30 3.240699764345e+10 3.022646936635e+08 768 7235 3201 11 6 7 7 1.83465297e-04 3.30319424e-04 outputs/V1e25_D10_G12/solution/solution-00030 
 31 3.269081383216e+10 2.838161887117e+08 768 7235 3201 10 6 7 7 1.94750465e-04 3.49951153e-04 outputs/V1e25_D10_G12/solution/solution-00031 
 32 3.295873924117e+10 2.679254090098e+08 768 7235 3201 10 6 7 7 2.05780317e-04 3.69098255e-04 outputs/V1e25_D10_G12/solution/solution-00032 
 33 3.321287519321e+10 2.541359520320e+08 768 7235 3201 10 6 7 7 2.16534831e-04 3.87612231e-04 outputs/V1e25_D10_G12/solution/solution-00033 
 34 3.345483225978e+10 2.419570665701e+08 768 7235 3201 10 6 7 7 2.26987770e-04 4.05448543e-04 outputs/V1e25_D10_G12/solution/solution-00034 
 35 3.368607428136e+10 2.312420215797e+08 768 7235 3201 10 6 7 7 2.37118413e-04 4.22574469e-04 outputs/V1e25_D10_G12/solution/solution-00035 
 36 3.390788080740e+10 2.218065260478e+08 768 7235 3201 10 6 7 7 2.46908176e-04 4.38962866e-04 outputs/V1e25_D10_G12/solution/solution-00036 
 37 3.412134897503e+10 2.134681676296e+08 768 7235 3201 10 6 7 7 2.56339096e-04 4.54791554e-04 outputs/V1e25_D10_G12/solution/solution-00037 
 38 3.432742770330e+10 2.060787282651e+08 768 7235 3201 10 6 7 7 2.65394082e-04 4.69859641e-04 outputs/V1e25_D10_G12/solution/solution-00038 
 39 3.452694425443e+10 1.995165511307e+08 768 7235 3201 10 6 7 7 2.74057149e-04 4.84121292e-04 outputs/V1e25_D10_G12/solution/solution-00039 
 40 3.472062512215e+10 1.936808677240e+08 768 7235 3201  9 6 7 7 2.82313628e-04 4.97558995e-04 outputs/V1e25_D10_G12/solution/solution-00040 
 41 3.490911264280e+10 1.884875206448e+08 768 7235 3201  9 6 7 7 2.90150355e-04 5.10158733e-04 outputs/V1e25_D10_G12/solution/solution-00041 
 42 3.509297833961e+10 1.838656968163e+08 768 7235 3201  9 6 7 7 2.97555825e-04 5.21910042e-04 outputs/V1e25_D10_G12/solution/solution-00042 
 43 3.527269957454e+10 1.797212349249e+08 768 7235 3201  9 6 7 7 3.04519043e-04 5.32804026e-04 outputs/V1e25_D10_G12/solution/solution-00043 
 44 3.544871244616e+10 1.760128716225e+08 768 7235 3201  9 5 6 6 3.11031516e-04 5.42836408e-04 outputs/V1e25_D10_G12/solution/solution-00044 
 45 3.562144260201e+10 1.727301558489e+08 768 7235 3201  9 5 6 6 3.17088095e-04 5.52009617e-04 outputs/V1e25_D10_G12/solution/solution-00045 
 46 3.579127659971e+10 1.698339977027e+08 768 7235 3201  9 5 6 6 3.22685579e-04 5.60402096e-04 outputs/V1e25_D10_G12/solution/solution-00046 
 47 3.595856719446e+10 1.672905947429e+08 768 7235 3201  9 5 6 6 3.27822719e-04 5.67938870e-04 outputs/V1e25_D10_G12/solution/solution-00047 
 48 3.612363777685e+10 1.650705823925e+08 768 7235 3201  9 5 6 6 3.32500204e-04 5.74630419e-04 outputs/V1e25_D10_G12/solution/solution-00048 
 49 3.628678611851e+10 1.631483416624e+08 768 7235 3201  9 5 6 6 3.36720619e-04 5.80490211e-04 outputs/V1e25_D10_G12/solution/solution-00049 
 50 3.644828754981e+10 1.615014313007e+08 768 7235 3201  9 5 6 6 3.40488371e-04 5.86087514e-04 outputs/V1e25_D10_G12/solution/solution-00050 
 51 3.660830785994e+10 1.600203101263e+08 768 7235 3201  9 5 6 6 3.43807864e-04 5.92882616e-04 outputs/V1e25_D10_G12/solution/solution-00051 
 52 3.676651770644e+10 1.582098465060e+08 768 7235 3201  9 5 6 6 3.46678021e-04 5.98755293e-04 outputs/V1e25_D10_G12/solution/solution-00052 
 53 3.692317680819e+10 1.566591017410e+08 768 7235 3201  9 5 6 6 3.49113772e-04 6.03715755e-04 outputs/V1e25_D10_G12/solution/solution-00053 
 54 3.707851241970e+10 1.553356115105e+08 768 7235 3201  9 5 6 6 3.51130698e-04 6.07777504e-04 outputs/V1e25_D10_G12/solution/solution-00054 
 55 3.723277121338e+10 1.542587936878e+08 768 7235 3201  9 5 6 6 3.52745499e-04 6.11088235e-04 outputs/V1e25_D10_G12/solution/solution-00055 
 56 3.738618604710e+10 1.534148337156e+08 768 7235 3201  9 5 6 6 3.53975155e-04 6.13580697e-04 outputs/V1e25_D10_G12/solution/solution-00056 
 57 3.753897768546e+10 1.527916383597e+08 768 7235 3201  9 5 6 6 3.54836783e-04 6.15243889e-04 outputs/V1e25_D10_G12/solution/solution-00057 
 58 3.769135628136e+10 1.523785959014e+08 768 7235 3201  9 5 6 6 3.55347517e-04 6.16101968e-04 outputs/V1e25_D10_G12/solution/solution-00058 
 59 3.784352265123e+10 1.521663698736e+08 768 7235 3201  9 5 6 6 3.55524407e-04 6.16184895e-04 outputs/V1e25_D10_G12/solution/solution-00059 
 60 3.799566937174e+10 1.521467205092e+08 768 7235 3201  9 5 6 6 3.55384324e-04 6.15713358e-04 outputs/V1e25_D10_G12/solution/solution-00060 
 61 3.814798172095e+10 1.523123492085e+08 768 7235 3201  9 5 6 6 3.54943889e-04 6.14523077e-04 outputs/V1e25_D10_G12/solution/solution-00061 
 62 3.830060289207e+10 1.526211711143e+08 768 7235 3201  9 5 6 6 3.54219611e-04 6.12645296e-04 outputs/V1e25_D10_G12/solution/solution-00062 
 63 3.845364970601e+10 1.530468139445e+08 768 7235 3201  9 5 6 6 3.53228029e-04 6.10114046e-04 outputs/V1e25_D10_G12/solution/solution-00063 
 64 3.860728950186e+10 1.536397958505e+08 768 7235 3201  9 5 6 6 3.51985119e-04 6.06964540e-04 outputs/V1e25_D10_G12/solution/solution-00064 
 65 3.876168496371e+10 1.543954618531e+08 768 7235 3201  9 5 6 6 3.50506377e-04 6.03558485e-04 outputs/V1e25_D10_G12/solution/solution-00065 
 66 3.891699453710e+10 1.553095733833e+08 768 7235 3201  9 5 6 6 3.48806801e-04 5.99597361e-04 outputs/V1e25_D10_G12/solution/solution-00066 
 67 3.907337276777e+10 1.563782306683e+08 768 7235 3201  9 5 6 6 3.46900884e-04 5.95114516e-04 outputs/V1e25_D10_G12/solution/solution-00067 
 68 3.923097056936e+10 1.575978015984e+08 768 7235 3201  9 5 6 6 3.44802618e-04 5.90146536e-04 outputs/V1e25_D10_G12/solution/solution-00068 
 69 3.938985921512e+10 1.588886457581e+08 768 7235 3201  9 5 6 6 3.42526630e-04 5.84814013e-04 outputs/V1e25_D10_G12/solution/solution-00069 
 70 3.955016659143e+10 1.603073763099e+08 768 7235 3201  9 5 6 6 3.40086387e-04 5.79172913e-04 outputs/V1e25_D10_G12/solution/solution-00070 
 71 3.971203534928e+10 1.618687578463e+08 768 7235 3201  9 5 6 6 3.37494609e-04 5.73149850e-04 outputs/V1e25_D10_G12/solution/solution-00071 
 72 3.987560513826e+10 1.635697889800e+08 768 7235 3201  9 5 6 6 3.34763523e-04 5.66802483e-04 outputs/V1e25_D10_G12/solution/solution-00072 
 73 4.004101260941e+10 1.654074711469e+08 768 7235 3201  9 5 6 6 3.31904892e-04 5.60285583e-04 outputs/V1e25_D10_G12/solution/solution-00073 
 74 4.020839136786e+10 1.673787584523e+08 768 7235 3201  9 5 6 6 3.28930053e-04 5.53482565e-04 outputs/V1e25_D10_G12/solution/solution-00074 
 75 4.037780870534e+10 1.694173374820e+08 768 7235 3201  9 5 6 6 3.25851108e-04 5.46432034e-04 outputs/V1e25_D10_G12/solution/solution-00075 
 76 4.054937499932e+10 1.715662939802e+08 768 7235 3201  9 5 6 6 3.22679017e-04 5.39170252e-04 outputs/V1e25_D10_G12/solution/solution-00076 
 77 4.072321769076e+10 1.738426914408e+08 768 7235 3201  9 5 6 6 3.19424023e-04 5.31847295e-04 outputs/V1e25_D10_G12/solution/solution-00077 
 78 4.089946076883e+10 1.762430780702e+08 768 7235 3201  9 5 6 6 3.16096054e-04 5.24441489e-04 outputs/V1e25_D10_G12/solution/solution-00078 
 79 4.107822450669e+10 1.787637378603e+08 768 7235 3201  9 5 6 6 3.12704770e-04 5.16899970e-04 outputs/V1e25_D10_G12/solution/solution-00079 
 80 4.125962514833e+10 1.814006416415e+08 768 7235 3201  9 5 6 6 3.09259600e-04 5.09254883e-04 outputs/V1e25_D10_G12/solution/solution-00080 
 81 4.144377305106e+10 1.841479027272e+08 768 7235 3201  9 5 6 6 3.05769809e-04 5.01537415e-04 outputs/V1e25_D10_G12/solution/solution-00081 
 82 4.163072260807e+10 1.869495570102e+08 768 7235 3201  9 5 6 6 3.02245474e-04 4.93787219e-04 outputs/V1e25_D10_G12/solution/solution-00082 
 83 4.182058171432e+10 1.898591062542e+08 768 7235 3201  9 5 6 6 2.98695417e-04 4.86075934e-04 outputs/V1e25_D10_G12/solution/solution-00083 
 84 4.201345281434e+10 1.928711000134e+08 768 7235 3201  9 5 6 6 2.95128358e-04 4.78366279e-04 outputs/V1e25_D10_G12/solution/solution-00084 
 85 4.220943234737e+10 1.959795330297e+08 768 7235 3201  9 5 6 6 2.91552938e-04 4.70685001e-04 outputs/V1e25_D10_G12/solution/solution-00085 
 86 4.240861014096e+10 1.991777935898e+08 768 7235 3201  9 5 6 6 2.87977749e-04 4.63797181e-04 outputs/V1e25_D10_G12/solution/solution-00086 
 87 4.261079526049e+10 2.021851195333e+08 768 7235 3201  9 5 6 6 2.84416106e-04 4.57877172e-04 outputs/V1e25_D10_G12/solution/solution-00087 
 88 4.281559908793e+10 2.048038274443e+08 768 7235 3201  9 5 6 6 2.80884105e-04 4.52057479e-04 outputs/V1e25_D10_G12/solution/solution-00088 
 89 4.302304553739e+10 2.074464494559e+08 768 7235 3201  9 5 6 6 2.77389992e-04 4.46347372e-04 outputs/V1e25_D10_G12/solution/solution-00089 
 90 4.323313918327e+10 2.100936458758e+08 768 7235 3201  9 5 6 6 2.73941953e-04 4.40755690e-04 outputs/V1e25_D10_G12/solution/solution-00090 
 91 4.344588513597e+10 2.127459527088e+08 768 7235 3201  9 5 6 6 2.70547757e-04 4.35290321e-04 outputs/V1e25_D10_G12/solution/solution-00091 
 92 4.366128765920e+10 2.154025232206e+08 768 7235 3201  9 5 6 6 2.67214780e-04 4.29958317e-04 outputs/V1e25_D10_G12/solution/solution-00092 
 93 4.387934536691e+10 2.180577077158e+08 768 7235 3201  9 5 6 6 2.63950074e-04 4.24773714e-04 outputs/V1e25_D10_G12/solution/solution-00093 
 94 4.410005111438e+10 2.207057474687e+08 768 7235 3201  9 5 6 6 2.60760353e-04 4.19762124e-04 outputs/V1e25_D10_G12/solution/solution-00094 
 95 4.432339189382e+10 2.233407794353e+08 768 7235 3201  9 5 6 6 2.57651983e-04 4.14902239e-04 outputs/V1e25_D10_G12/solution/solution-00095 
 96 4.454934873690e+10 2.259568430807e+08 768 7235 3201  9 5 6 6 2.54630957e-04 4.10198493e-04 outputs/V1e25_D10_G12/solution/solution-00096 
 97 4.477789662663e+10 2.285478897297e+08 768 7235 3201  9 5 6 6 2.51702890e-04 4.05654859e-04 outputs/V1e25_D10_G12/solution/solution-00097 
 98 4.500900442141e+10 2.311077947884e+08 768 7235 3201  9 5 6 6 2.48872994e-04 4.01274880e-04 outputs/V1e25_D10_G12/solution/solution-00098 
 99 4.524263479454e+10 2.336303731277e+08 768 7235 3201  9 5 6 6 2.46146071e-04 3.97061705e-04 outputs/V1e25_D10_G12/solution/solution-00099 
100 4.547874419239e+10 2.361093978481e+08 768 7235 3201  9 5 6 6 2.43526495e-04 3.93345781e-04 outputs/V1e25_D10_G12/solution/solution-00100 
