# 1: Time step number
# 2: Time (years)
# 3: Time step size (years)
# 4: Number of mesh cells
# 5: Number of Stokes degrees of freedom
# 6: Number of temperature degrees of freedom
# 7: Iterations for temperature solver
# 8: Iterations for Stokes solver
# 9: Velocity iterations in Stokes preconditioner
# 10: Schur complement iterations in Stokes preconditioner
# 11: RMS velocity (m/year)
# 12: Max. velocity (m/year)
# 13: Visualization file name
  0 0.000000000000e+00 0.000000000000e+00 768 7235 3201  0 8 9 9 1.20750087e-05 5.86660631e-05 outputs/V1e24_D10000_G14/solution/solution-00000 
  1 1.392571516413e+09 1.392571516413e+09 768 7235 3201 32 8 9 9 3.63715154e-04 6.32194569e-04 outputs/V1e24_D10000_G14/solution/solution-00001 
  2 1.540864470112e+09 1.482929536999e+08 768 7235 3201 13 8 9 9 1.91883992e-03 3.35907410e-03 outputs/V1e24_D10000_G14/solution/solution-00002 
  3 1.568773946710e+09 2.790947659781e+07 768 7235 3201 14 8 9 9 3.47927097e-03 6.09912638e-03                                               "" 
  4 1.584145000558e+09 1.537105384778e+07 768 7235 3201 16 7 8 8 5.09825726e-03 8.94541819e-03                                               "" 
  5 1.594628443550e+09 1.048344299200e+07 768 7235 3201 16 7 8 8 6.71432247e-03 1.17882977e-02                                               "" 
  6 1.602584648609e+09 7.956205059331e+06 768 7235 3201 15 7 8 8 8.30729129e-03 1.45909011e-02 outputs/V1e24_D10000_G14/solution/solution-00003 
  7 1.609010733128e+09 6.426084518307e+06 768 7235 3201 15 6 7 7 9.86941240e-03 1.73385352e-02                                               "" 
  8 1.614416863573e+09 5.406130445029e+06 768 7235 3201 15 6 7 7 1.13979056e-02 2.00264562e-02                                               "" 
  9 1.619096250870e+09 4.679387297092e+06 768 7235 3201 15 6 7 7 1.28912631e-02 2.26625419e-02                                               "" 
 10 1.623232562029e+09 4.136311158899e+06 768 7235 3201 15 6 7 7 1.43482462e-02 2.52342978e-02                                               "" 
 11 1.626948418920e+09 3.715856891758e+06 768 7235 3201 15 6 7 7 1.57675617e-02 2.77385667e-02 outputs/V1e24_D10000_G14/solution/solution-00004 
 12 1.630329799371e+09 3.381380450453e+06 768 7235 3201 15 6 7 7 1.71477734e-02 3.01720146e-02                                               "" 
 13 1.633437836710e+09 3.108037339380e+06 768 7235 3201 15 6 7 7 1.84866614e-02 3.25326452e-02                                               "" 
 14 1.636319557499e+09 2.881720788824e+06 768 7235 3201 15 6 7 7 1.97824820e-02 3.48238796e-02                                               "" 
 15 1.639011675698e+09 2.692118199239e+06 768 7235 3201 15 6 7 7 2.10336854e-02 3.70339578e-02                                               "" 
 16 1.641543136166e+09 2.531460467475e+06 768 7235 3201 15 6 7 7 2.22387156e-02 3.91594405e-02 outputs/V1e24_D10000_G14/solution/solution-00005 
 17 1.643937194886e+09 2.394058720399e+06 768 7235 3201 15 6 7 7 2.33960289e-02 4.12001511e-02                                               "" 
 18 1.646212848133e+09 2.275653246964e+06 768 7235 3201 15 6 7 7 2.45041217e-02 4.31611126e-02                                               "" 
 19 1.648385840466e+09 2.172992332558e+06 768 7235 3201 15 6 7 7 2.55615555e-02 4.50288425e-02                                               "" 
 20 1.650468789173e+09 2.082948707013e+06 768 7235 3201 15 6 7 7 2.65666514e-02 4.67997511e-02                                               "" 
 21 1.652472391664e+09 2.003602491603e+06 768 7235 3201 15 6 7 7 2.75178883e-02 4.84705640e-02 outputs/V1e24_D10000_G14/solution/solution-00006 
 22 1.654406425768e+09 1.934034103495e+06 768 7235 3201 15 6 7 7 2.84142156e-02 5.00388628e-02                                               "" 
 23 1.656279363390e+09 1.872937622479e+06 768 7235 3201 15 6 7 7 2.92547269e-02 5.15129904e-02                                               "" 
 24 1.658098613824e+09 1.819250433246e+06 768 7235 3201 15 6 7 7 3.00386588e-02 5.28968335e-02                                               "" 
 25 1.659870714856e+09 1.772101032054e+06 768 7235 3201 15 6 7 7 3.07653403e-02 5.41733610e-02                                               "" 
 26 1.661601486697e+09 1.730771841163e+06 768 7235 3201 15 6 7 7 3.14342475e-02 5.53410164e-02 outputs/V1e24_D10000_G14/solution/solution-00007 
 27 1.663296153538e+09 1.694666841663e+06 768 7235 3201 15 6 7 7 3.20449893e-02 5.63985288e-02                                               "" 
 28 1.664959331518e+09 1.663177979514e+06 768 7235 3201 15 6 7 7 3.25972562e-02 5.73448389e-02                                               "" 
 29 1.666594574095e+09 1.635242576839e+06 768 7235 3201 15 6 7 7 3.30906847e-02 5.81819262e-02                                               "" 
 30 1.668205899229e+09 1.611325134247e+06 768 7235 3201 15 6 7 7 3.35253315e-02 5.89205482e-02                                               "" 
 31 1.669797024955e+09 1.591125725654e+06 768 7235 3201 15 6 7 7 3.39013529e-02 5.95466882e-02 outputs/V1e24_D10000_G14/solution/solution-00008 
 32 1.671371419818e+09 1.574394863362e+06 768 7235 3201 15 6 7 7 3.42190209e-02 6.00605212e-02                                               "" 
 33 1.672932345333e+09 1.560925514998e+06 768 7235 3201 15 6 7 7 3.44786802e-02 6.04624658e-02                                               "" 
 34 1.674482894069e+09 1.550548736183e+06 768 7235 3201 15 6 7 7 3.46807556e-02 6.07566059e-02                                               "" 
 35 1.676026022735e+09 1.543128665295e+06 768 7235 3201 15 6 7 7 3.48257220e-02 6.09539374e-02                                               "" 
 36 1.677564582353e+09 1.538559617941e+06 768 7235 3201 15 5 6 6 3.49140297e-02 6.10416458e-02 outputs/V1e24_D10000_G14/solution/solution-00009 
 37 1.679101259186e+09 1.536676833469e+06 768 7235 3201 15 5 6 6 3.49463113e-02 6.10210406e-02                                               "" 
 38 1.680638100120e+09 1.536840934442e+06 768 7235 3201 15 5 6 6 3.49234664e-02 6.08939782e-02                                               "" 
 39 1.682177799242e+09 1.539699121301e+06 768 7235 3201 15 6 7 7 3.48465870e-02 6.06626923e-02                                               "" 
 40 1.683723026033e+09 1.545226791702e+06 768 7235 3201 15 6 7 7 3.47168045e-02 6.03295892e-02                                               "" 
 41 1.685276447630e+09 1.553421596668e+06 768 7235 3201 15 6 7 7 3.45352353e-02 5.99561587e-02 outputs/V1e24_D10000_G14/solution/solution-00010 
 42 1.686840341003e+09 1.563893373000e+06 768 7235 3201 15 6 7 7 3.43030486e-02 5.94928533e-02                                               "" 
 43 1.688416160530e+09 1.575819527375e+06 768 7235 3201 15 6 7 7 3.40216334e-02 5.89314367e-02                                               "" 
 44 1.690006992271e+09 1.590831740983e+06 768 7235 3201 15 6 7 7 3.36922023e-02 5.82656741e-02                                               "" 
 45 1.691616001375e+09 1.609009103175e+06 768 7235 3201 15 6 7 7 3.33159500e-02 5.74991288e-02                                               "" 
 46 1.693246460862e+09 1.630459486929e+06 768 7235 3201 15 6 7 7 3.28940547e-02 5.66487264e-02 outputs/V1e24_D10000_G14/solution/solution-00011 
 47 1.694901782782e+09 1.655321920243e+06 768 7235 3201 15 6 7 7 3.24276679e-02 5.57105689e-02                                               "" 
 48 1.696585385582e+09 1.683602800281e+06 768 7235 3201 15 6 7 7 3.19179741e-02 5.46815532e-02                                               "" 
 49 1.698300144767e+09 1.714759184993e+06 768 7235 3201 15 6 7 7 3.13664000e-02 5.35661733e-02                                               "" 
 50 1.700050093900e+09 1.749949132563e+06 768 7235 3201 15 6 7 7 3.07741035e-02 5.23736580e-02 outputs/V1e24_D10000_G14/solution/solution-00012 
 51 1.701839559644e+09 1.789465744616e+06 768 7235 3201 15 6 7 7 3.01422223e-02 5.11273260e-02                                               "" 
 52 1.703673213983e+09 1.833654338627e+06 768 7235 3201 15 6 7 7 2.94718714e-02 4.98137463e-02                                               "" 
 53 1.705555502569e+09 1.882288586069e+06 768 7235 3201 15 6 7 7 2.87644122e-02 4.84694507e-02                                               "" 
 54 1.707489437734e+09 1.933935165367e+06 768 7235 3201 15 6 7 7 2.80219593e-02 4.73322315e-02                                               "" 
 55 1.709470117644e+09 1.980679909944e+06 768 7235 3201 15 6 7 7 2.72499886e-02 4.67049893e-02 outputs/V1e24_D10000_G14/solution/solution-00013 
 56 1.711477397838e+09 2.007280193417e+06 768 7235 3201 15 6 7 7 2.64603095e-02 4.60291267e-02                                               "" 
 57 1.713514151667e+09 2.036753829580e+06 768 7235 3201 15 6 7 7 2.56558497e-02 4.53073129e-02                                               "" 
 58 1.715583354054e+09 2.069202386959e+06 768 7235 3201 15 6 7 7 2.48393840e-02 4.45422396e-02                                               "" 
 59 1.717688097793e+09 2.104743738811e+06 768 7235 3201 15 6 7 7 2.40135541e-02 4.37366263e-02                                               "" 
 60 1.719831610177e+09 2.143512383904e+06 768 7235 3201 15 6 7 7 2.31808533e-02 4.28932313e-02 outputs/V1e24_D10000_G14/solution/solution-00014 
 61 1.722017269713e+09 2.185659535938e+06 768 7235 3201 15 6 7 7 2.23436334e-02 4.20170106e-02                                               "" 
 62 1.724248624429e+09 2.231354715707e+06 768 7235 3201 15 6 7 7 2.15041260e-02 4.11159555e-02                                               "" 
 63 1.726529412705e+09 2.280788276178e+06 768 7235 3201 15 6 7 7 2.06644521e-02 4.01847344e-02                                               "" 
 64 1.728863582751e+09 2.334170046183e+06 768 7235 3201 14 6 7 7 1.98266348e-02 3.92261554e-02                                               "" 
 65 1.731255316575e+09 2.391733823687e+06 768 7235 3201 14 6 7 7 1.89926053e-02 3.82429561e-02 outputs/V1e24_D10000_G14/solution/solution-00015 
 66 1.733709059710e+09 2.453743135858e+06 768 7235 3201 14 6 7 7 1.81642044e-02 3.72378679e-02                                               "" 
 67 1.736229549910e+09 2.520490199920e+06 768 7235 3201 14 6 7 7 1.73431772e-02 3.62135478e-02                                               "" 
 68 1.738821203061e+09 2.591653150221e+06 768 7235 3201 14 6 7 7 1.65313848e-02 3.51729115e-02                                               "" 
 69 1.741489065983e+09 2.667862922504e+06 768 7235 3201 14 6 7 7 1.57304970e-02 3.41186996e-02                                               "" 
 70 1.744238880690e+09 2.749814706985e+06 768 7235 3201 14 6 7 7 1.49420105e-02 3.30534804e-02 outputs/V1e24_D10000_G14/solution/solution-00016 
 71 1.747076814659e+09 2.837933969113e+06 768 7235 3201 14 6 7 7 1.41673681e-02 3.19798470e-02                                               "" 
 72 1.750009499846e+09 2.932685187051e+06 768 7235 3201 13 6 7 7 1.34079562e-02 3.09004238e-02                                               "" 
 73 1.753044073647e+09 3.034573800276e+06 768 7235 3201 13 6 7 7 1.26651052e-02 2.98178342e-02                                               "" 
 74 1.756188225187e+09 3.144151540045e+06 768 7235 3201 13 6 7 7 1.19400815e-02 2.87346428e-02                                               "" 
 75 1.759450251050e+09 3.262025863646e+06 768 7235 3201 13 6 7 7 1.12341020e-02 2.76533240e-02 outputs/V1e24_D10000_G14/solution/solution-00017 
 76 1.762839119980e+09 3.388868929907e+06 768 7235 3201 13 6 7 7 1.05483274e-02 2.65762836e-02                                               "" 
 77 1.766364542312e+09 3.525422332207e+06 768 7235 3201 13 6 7 7 9.88387307e-03 2.55059765e-02                                               "" 
 78 1.770037029463e+09 3.672487151010e+06 768 7235 3201 13 6 7 7 9.24180862e-03 2.44569103e-02                                               "" 
 79 1.773867971711e+09 3.830942247896e+06 768 7235 3201 13 6 7 7 8.62313960e-03 2.34200672e-02                                               "" 
 80 1.777869729263e+09 4.001757551878e+06 768 7235 3201 13 6 7 7 8.02880003e-03 2.23964518e-02 outputs/V1e24_D10000_G14/solution/solution-00018 
 81 1.782055736987e+09 4.186007724023e+06 768 7235 3201 12 6 7 7 7.45963897e-03 2.13880248e-02                                               "" 
 82 1.786440616573e+09 4.384879585864e+06 768 7235 3201 12 6 7 7 6.91642286e-03 2.03966545e-02                                               "" 
 83 1.791040292695e+09 4.599676121839e+06 768 7235 3201 12 6 7 7 6.39981865e-03 1.94241313e-02                                               "" 
 84 1.795870400054e+09 4.830107358703e+06 768 7235 3201 12 6 7 7 5.91054459e-03 1.84725335e-02                                               "" 
 85 1.800946533038e+09 5.076132984478e+06 768 7235 3201 12 6 7 7 5.44925389e-03 1.75505037e-02 outputs/V1e24_D10000_G14/solution/solution-00019 
 86 1.806288260081e+09 5.341727042703e+06 768 7235 3201 12 6 7 7 5.01615141e-03 1.66560499e-02                                               "" 
 87 1.811916845526e+09 5.628585445738e+06 768 7235 3201 12 6 7 7 4.61125459e-03 1.57865833e-02                                               "" 
 88 1.817855432633e+09 5.938587106026e+06 768 7235 3201 12 6 7 7 4.23438695e-03 1.49447467e-02                                               "" 
 89 1.824129158976e+09 6.273726343775e+06 768 7235 3201 12 6 7 7 3.88515160e-03 1.41370136e-02                                               "" 
 90 1.830765260411e+09 6.636101434461e+06 768 7235 3201 12 6 7 7 3.56298219e-03 1.33573591e-02 outputs/V1e24_D10000_G14/solution/solution-00020 
 91 1.837789017423e+09 7.023757011799e+06 768 7235 3201 11 6 7 7 3.26732360e-03 1.26095853e-02                                               "" 
 92 1.845225388213e+09 7.436370790599e+06 768 7235 3201 11 6 7 7 2.99748154e-03 1.18987284e-02                                               "" 
 93 1.853101309813e+09 7.875921599584e+06 768 7235 3201 11 6 7 7 2.75240842e-03 1.12345376e-02                                               "" 
 94 1.861443174952e+09 8.341865139130e+06 768 7235 3201 11 6 7 7 2.53078385e-03 1.06204233e-02                                               "" 
 95 1.870275463755e+09 8.832288803401e+06 768 7235 3201 11 6 7 7 2.33107230e-03 1.00487408e-02 outputs/V1e24_D10000_G14/solution/solution-00021 
 96 1.879604990939e+09 9.329527183843e+06 768 7235 3201 11 6 7 7 2.15179300e-03 9.53184088e-03                                               "" 
 97 1.889440446778e+09 9.835455838725e+06 768 7235 3201 11 6 7 7 1.99099504e-03 9.04975011e-03                                               "" 
 98 1.899799848851e+09 1.035940207281e+07 768 7235 3201 11 6 7 7 1.84646841e-03 8.60163213e-03                                               "" 
 99 1.910705818485e+09 1.090596963386e+07 768 7235 3201 11 6 7 7 1.71606259e-03 8.17784992e-03 outputs/V1e24_D10000_G14/solution/solution-00022 
100 1.922185140504e+09 1.147932201979e+07 768 7235 3201 11 6 7 7 1.59778934e-03 7.77444455e-03                                               "" 
