# 1: Time step number
# 2: Time (years)
# 3: Time step size (years)
# 4: Number of mesh cells
# 5: Number of Stokes degrees of freedom
# 6: Number of temperature degrees of freedom
# 7: Iterations for temperature solver
# 8: Iterations for Stokes solver
# 9: Velocity iterations in Stokes preconditioner
# 10: Schur complement iterations in Stokes preconditioner
# 11: RMS velocity (m/year)
# 12: Max. velocity (m/year)
# 13: Visualization file name
  0 0.000000000000e+00 0.000000000000e+00 768 7235 3201  0 8 9 9 9.27005059e-09 1.63000582e-08 outputs/V1e27_D100_G14/solution/solution-00000 
  1 1.392571516413e+09 1.392571516413e+09 768 7235 3201 32 8 9 9 8.77888041e-09 1.48080274e-08 outputs/V1e27_D100_G14/solution/solution-00001 
  2 2.785143032825e+09 1.392571516413e+09 768 7235 3201 25 8 9 9 8.32491578e-09 1.40518781e-08 outputs/V1e27_D100_G14/solution/solution-00002 
  3 4.177714549238e+09 1.392571516413e+09 768 7235 3201 24 8 9 9 7.90022498e-09 1.33409413e-08 outputs/V1e27_D100_G14/solution/solution-00003 
  4 5.570286065650e+09 1.392571516413e+09 768 7235 3201 23 8 9 9 7.49940149e-09 1.26695658e-08 outputs/V1e27_D100_G14/solution/solution-00004 
  5 6.962857582063e+09 1.392571516413e+09 768 7235 3201 23 8 9 9 7.12119427e-09 1.20354962e-08 outputs/V1e27_D100_G14/solution/solution-00005 
  6 8.355429098476e+09 1.392571516413e+09 768 7235 3201 22 8 9 9 6.76404839e-09 1.14361125e-08 outputs/V1e27_D100_G14/solution/solution-00006 
  7 9.748000614888e+09 1.392571516413e+09 768 7235 3201 21 8 9 9 6.42648258e-09 1.08689425e-08 outputs/V1e27_D100_G14/solution/solution-00007 
  8 1.114057213130e+10 1.392571516413e+09 768 7235 3201 21 8 9 9 6.10713896e-09 1.03317673e-08 outputs/V1e27_D100_G14/solution/solution-00008 
  9 1.253314364771e+10 1.392571516413e+09 768 7235 3201 21 8 9 9 5.80478928e-09 9.82261195e-09 outputs/V1e27_D100_G14/solution/solution-00009 
 10 1.392571516413e+10 1.392571516413e+09 768 7235 3201 20 8 9 9 5.51832535e-09 9.33971046e-09 outputs/V1e27_D100_G14/solution/solution-00010 
 11 1.531828668054e+10 1.392571516413e+09 768 7235 3201 20 8 9 9 5.24674489e-09 8.88147138e-09 outputs/V1e27_D100_G14/solution/solution-00011 
 12 1.671085819695e+10 1.392571516413e+09 768 7235 3201 20 8 9 9 4.98913749e-09 8.44644903e-09 outputs/V1e27_D100_G14/solution/solution-00012 
 13 1.810342971336e+10 1.392571516413e+09 768 7235 3201 20 8 9 9 4.74467237e-09 8.03332077e-09 outputs/V1e27_D100_G14/solution/solution-00013 
 14 1.949600122978e+10 1.392571516413e+09 768 7235 3201 20 8 9 9 4.51258786e-09 7.64086915e-09 outputs/V1e27_D100_G14/solution/solution-00014 
 15 2.088857274619e+10 1.392571516413e+09 768 7235 3201 20 8 9 9 4.29218270e-09 7.26796778e-09 outputs/V1e27_D100_G14/solution/solution-00015 
 16 2.228114426260e+10 1.392571516413e+09 768 7235 3201 19 8 9 9 4.08280863e-09 6.91356996e-09 outputs/V1e27_D100_G14/solution/solution-00016 
 17 2.367371577901e+10 1.392571516413e+09 768 7235 3201 19 8 9 9 3.88386431e-09 6.57669952e-09 outputs/V1e27_D100_G14/solution/solution-00017 
 18 2.506628729543e+10 1.392571516413e+09 768 7235 3201 19 8 9 9 3.69479006e-09 6.25644327e-09 outputs/V1e27_D100_G14/solution/solution-00018 
 19 2.645885881184e+10 1.392571516413e+09 768 7235 3201 19 8 9 9 3.51506355e-09 5.95194469e-09 outputs/V1e27_D100_G14/solution/solution-00019 
 20 2.785143032825e+10 1.392571516413e+09 768 7235 3201 19 8 9 9 3.34419605e-09 5.66239870e-09 outputs/V1e27_D100_G14/solution/solution-00020 
 21 2.924400184466e+10 1.392571516413e+09 768 7235 3201 19 8 9 9 3.18172923e-09 5.38704713e-09 outputs/V1e27_D100_G14/solution/solution-00021 
 22 3.063657336108e+10 1.392571516413e+09 768 7235 3201 19 8 9 9 3.02723245e-09 5.12517488e-09 outputs/V1e27_D100_G14/solution/solution-00022 
 23 3.202914487749e+10 1.392571516413e+09 768 7235 3201 19 8 9 9 2.88030039e-09 4.87610656e-09 outputs/V1e27_D100_G14/solution/solution-00023 
 24 3.342171639390e+10 1.392571516413e+09 768 7235 3201 19 8 9 9 2.74055098e-09 4.63920359e-09 outputs/V1e27_D100_G14/solution/solution-00024 
 25 3.481428791032e+10 1.392571516413e+09 768 7235 3201 18 8 9 9 2.60762360e-09 4.41386163e-09 outputs/V1e27_D100_G14/solution/solution-00025 
 26 3.620685942673e+10 1.392571516413e+09 768 7235 3201 18 8 9 9 2.48117748e-09 4.19950823e-09 outputs/V1e27_D100_G14/solution/solution-00026 
 27 3.759943094314e+10 1.392571516413e+09 768 7235 3201 18 8 9 9 2.36089032e-09 3.99560083e-09 outputs/V1e27_D100_G14/solution/solution-00027 
 28 3.899200245955e+10 1.392571516413e+09 768 7235 3201 18 8 9 9 2.24645702e-09 3.80162489e-09 outputs/V1e27_D100_G14/solution/solution-00028 
 29 4.038457397597e+10 1.392571516413e+09 768 7235 3201 18 8 9 9 2.13758850e-09 3.61709217e-09 outputs/V1e27_D100_G14/solution/solution-00029 
 30 4.177714549238e+10 1.392571516413e+09 768 7235 3201 18 8 9 9 2.03401079e-09 3.44153928e-09 outputs/V1e27_D100_G14/solution/solution-00030 
 31 4.316971700879e+10 1.392571516413e+09 768 7235 3201 18 8 9 9 1.93546399e-09 3.27452615e-09 outputs/V1e27_D100_G14/solution/solution-00031 
 32 4.456228852520e+10 1.392571516413e+09 768 7235 3201 18 8 9 9 1.84170150e-09 3.11563485e-09 outputs/V1e27_D100_G14/solution/solution-00032 
 33 4.595486004162e+10 1.392571516413e+09 768 7235 3201 18 8 9 9 1.75248922e-09 2.96446827e-09 outputs/V1e27_D100_G14/solution/solution-00033 
 34 4.734743155803e+10 1.392571516413e+09 768 7235 3201 18 8 9 9 1.66760485e-09 2.82064909e-09 outputs/V1e27_D100_G14/solution/solution-00034 
 35 4.874000307444e+10 1.392571516413e+09 768 7235 3201 18 8 9 9 1.58683723e-09 2.68381869e-09 outputs/V1e27_D100_G14/solution/solution-00035 
 36 5.013257459085e+10 1.392571516413e+09 768 7235 3201 18 8 9 9 1.50998572e-09 2.55363617e-09 outputs/V1e27_D100_G14/solution/solution-00036 
 37 5.152514610727e+10 1.392571516413e+09 768 7235 3201 18 8 9 9 1.43685963e-09 2.42977745e-09 outputs/V1e27_D100_G14/solution/solution-00037 
 38 5.291771762368e+10 1.392571516413e+09 768 7235 3201 18 8 9 9 1.36727774e-09 2.31193439e-09 outputs/V1e27_D100_G14/solution/solution-00038 
 39 5.431028914009e+10 1.392571516413e+09 768 7235 3201 18 8 9 9 1.30106774e-09 2.19981402e-09 outputs/V1e27_D100_G14/solution/solution-00039 
 40 5.570286065650e+10 1.392571516413e+09 768 7235 3201 18 8 9 9 1.23806579e-09 2.09313770e-09 outputs/V1e27_D100_G14/solution/solution-00040 
 41 5.709543217292e+10 1.392571516413e+09 768 7235 3201 18 8 9 9 1.17811611e-09 1.99164048e-09 outputs/V1e27_D100_G14/solution/solution-00041 
 42 5.848800368933e+10 1.392571516413e+09 768 7235 3201 18 8 9 9 1.12107054e-09 1.89507036e-09 outputs/V1e27_D100_G14/solution/solution-00042 
 43 5.988057520574e+10 1.392571516413e+09 768 7235 3201 17 8 9 9 1.06678818e-09 1.80318767e-09 outputs/V1e27_D100_G14/solution/solution-00043 
 44 6.127314672215e+10 1.392571516413e+09 768 7235 3201 17 8 9 9 1.01513498e-09 1.71576444e-09 outputs/V1e27_D100_G14/solution/solution-00044 
 45 6.266571823857e+10 1.392571516413e+09 768 7235 3201 17 8 9 9 9.65983454e-10 1.63258385e-09 outputs/V1e27_D100_G14/solution/solution-00045 
 46 6.405828975498e+10 1.392571516413e+09 768 7235 3201 17 8 9 9 9.19212316e-10 1.55343965e-09 outputs/V1e27_D100_G14/solution/solution-00046 
 47 6.545086127139e+10 1.392571516413e+09 768 7235 3201 17 8 9 9 8.74706183e-10 1.47813565e-09 outputs/V1e27_D100_G14/solution/solution-00047 
 48 6.684343278781e+10 1.392571516413e+09 768 7235 3201 17 8 9 9 8.32355287e-10 1.40648522e-09 outputs/V1e27_D100_G14/solution/solution-00048 
 49 6.823600430422e+10 1.392571516413e+09 768 7235 3201 17 8 9 9 7.92055192e-10 1.33831086e-09 outputs/V1e27_D100_G14/solution/solution-00049 
 50 6.962857582063e+10 1.392571516413e+09 768 7235 3201 17 8 9 9 7.53706538e-10 1.27344366e-09 outputs/V1e27_D100_G14/solution/solution-00050 
 51 7.102114733704e+10 1.392571516413e+09 768 7235 3201 17 8 9 9 7.17214786e-10 1.21172300e-09 outputs/V1e27_D100_G14/solution/solution-00051 
 52 7.241371885346e+10 1.392571516413e+09 768 7235 3201 17 8 9 9 6.82489987e-10 1.15299603e-09 outputs/V1e27_D100_G14/solution/solution-00052 
 53 7.380629036987e+10 1.392571516413e+09 768 7235 3201 17 8 9 9 6.49446556e-10 1.09711736e-09 outputs/V1e27_D100_G14/solution/solution-00053 
 54 7.519886188628e+10 1.392571516413e+09 768 7235 3201 17 8 9 9 6.18003058e-10 1.04394870e-09 outputs/V1e27_D100_G14/solution/solution-00054 
 55 7.659143340269e+10 1.392571516413e+09 768 7235 3201 17 8 9 9 5.88082007e-10 9.93358441e-10 outputs/V1e27_D100_G14/solution/solution-00055 
 56 7.798400491911e+10 1.392571516413e+09 768 7235 3201 17 8 9 9 5.59609673e-10 9.45221417e-10 outputs/V1e27_D100_G14/solution/solution-00056 
 57 7.937657643552e+10 1.392571516413e+09 768 7235 3201 17 8 9 9 5.32515900e-10 8.99418531e-10 outputs/V1e27_D100_G14/solution/solution-00057 
 58 8.076914795193e+10 1.392571516413e+09 768 7235 3201 17 8 9 9 5.06733932e-10 8.55836484e-10 outputs/V1e27_D100_G14/solution/solution-00058 
 59 8.216171946834e+10 1.392571516413e+09 768 7235 3201 17 8 9 9 4.82200246e-10 8.14367485e-10 outputs/V1e27_D100_G14/solution/solution-00059 
 60 8.355429098476e+10 1.392571516413e+09 768 7235 3201 17 8 9 9 4.58854399e-10 7.74908982e-10 outputs/V1e27_D100_G14/solution/solution-00060 
 61 8.494686250117e+10 1.392571516413e+09 768 7235 3201 17 8 9 9 4.36638873e-10 7.37363411e-10 outputs/V1e27_D100_G14/solution/solution-00061 
 62 8.633943401758e+10 1.392571516413e+09 768 7235 3201 17 8 9 9 4.15498938e-10 7.01637947e-10 outputs/V1e27_D100_G14/solution/solution-00062 
 63 8.773200553399e+10 1.392571516413e+09 768 7235 3201 17 8 9 9 3.95382515e-10 6.67644279e-10 outputs/V1e27_D100_G14/solution/solution-00063 
 64 8.912457705041e+10 1.392571516413e+09 768 7235 3201 17 8 9 9 3.76240047e-10 6.35298385e-10 outputs/V1e27_D100_G14/solution/solution-00064 
 65 9.051714856682e+10 1.392571516413e+09 768 7235 3201 17 8 9 9 3.58024376e-10 6.04520326e-10 outputs/V1e27_D100_G14/solution/solution-00065 
 66 9.190972008323e+10 1.392571516413e+09 768 7235 3201 17 8 9 9 3.40690630e-10 5.75234047e-10 outputs/V1e27_D100_G14/solution/solution-00066 
 67 9.330229159964e+10 1.392571516413e+09 768 7235 3201 17 8 9 9 3.24196107e-10 5.47367186e-10 outputs/V1e27_D100_G14/solution/solution-00067 
 68 9.469486311606e+10 1.392571516413e+09 768 7235 3201 17 8 9 9 3.08500174e-10 5.20850898e-10 outputs/V1e27_D100_G14/solution/solution-00068 
 69 9.608743463247e+10 1.392571516413e+09 768 7235 3201 16 8 9 9 2.93564170e-10 4.95619683e-10 outputs/V1e27_D100_G14/solution/solution-00069 
 70 9.748000614888e+10 1.392571516413e+09 768 7235 3201 16 8 9 9 2.79351298e-10 4.71611215e-10 outputs/V1e27_D100_G14/solution/solution-00070 
 71 9.887257766530e+10 1.392571516413e+09 768 7235 3201 16 8 9 9 2.65826548e-10 4.48766196e-10 outputs/V1e27_D100_G14/solution/solution-00071 
 72 1.002651491817e+11 1.392571516413e+09 768 7235 3201 16 8 9 9 2.52956602e-10 4.27028210e-10 outputs/V1e27_D100_G14/solution/solution-00072 
 73 1.016577206981e+11 1.392571516413e+09 768 7235 3201 16 8 9 9 2.40709759e-10 4.06343576e-10 outputs/V1e27_D100_G14/solution/solution-00073 
 74 1.030502922145e+11 1.392571516413e+09 768 7235 3201 16 8 9 9 2.29055849e-10 3.86661222e-10 outputs/V1e27_D100_G14/solution/solution-00074 
 75 1.044428637309e+11 1.392571516413e+09 768 7235 3201 16 8 9 9 2.17966166e-10 3.67932553e-10 outputs/V1e27_D100_G14/solution/solution-00075 
 76 1.058354352474e+11 1.392571516413e+09 768 7235 3201 16 8 9 9 2.07413392e-10 3.50111334e-10 outputs/V1e27_D100_G14/solution/solution-00076 
 77 1.072280067638e+11 1.392571516413e+09 768 7235 3201 16 8 9 9 1.97371532e-10 3.33153571e-10 outputs/V1e27_D100_G14/solution/solution-00077 
 78 1.086205782802e+11 1.392571516413e+09 768 7235 3201 16 8 9 9 1.87815850e-10 3.17017409e-10 outputs/V1e27_D100_G14/solution/solution-00078 
 79 1.100131497966e+11 1.392571516413e+09 768 7235 3201 16 8 9 9 1.78722807e-10 3.01663019e-10 outputs/V1e27_D100_G14/solution/solution-00079 
 80 1.114057213130e+11 1.392571516413e+09 768 7235 3201 16 8 9 9 1.70070005e-10 2.87052507e-10 outputs/V1e27_D100_G14/solution/solution-00080 
 81 1.127982928294e+11 1.392571516413e+09 768 7235 3201 16 8 9 9 1.61836130e-10 2.73149819e-10 outputs/V1e27_D100_G14/solution/solution-00081 
 82 1.141908643458e+11 1.392571516413e+09 768 7235 3201 16 8 9 9 1.54000897e-10 2.59920645e-10 outputs/V1e27_D100_G14/solution/solution-00082 
 83 1.155834358622e+11 1.392571516413e+09 768 7235 3201 16 8 9 9 1.46545008e-10 2.47332345e-10 outputs/V1e27_D100_G14/solution/solution-00083 
 84 1.169760073787e+11 1.392571516413e+09 768 7235 3201 16 8 9 9 1.39450097e-10 2.35353857e-10 outputs/V1e27_D100_G14/solution/solution-00084 
 85 1.183685788951e+11 1.392571516413e+09 768 7235 3201 16 8 9 9 1.32698685e-10 2.23955630e-10 outputs/V1e27_D100_G14/solution/solution-00085 
 86 1.197611504115e+11 1.392571516413e+09 768 7235 3201 16 8 9 9 1.26274143e-10 2.13109543e-10 outputs/V1e27_D100_G14/solution/solution-00086 
 87 1.211537219279e+11 1.392571516413e+09 768 7235 3201 16 8 9 9 1.20160646e-10 2.02788840e-10 outputs/V1e27_D100_G14/solution/solution-00087 
 88 1.225462934443e+11 1.392571516413e+09 768 7235 3201 16 8 9 9 1.14343133e-10 1.92968061e-10 outputs/V1e27_D100_G14/solution/solution-00088 
 89 1.239388649607e+11 1.392571516413e+09 768 7235 3201 16 8 9 9 1.08807275e-10 1.83622982e-10 outputs/V1e27_D100_G14/solution/solution-00089 
 90 1.253314364771e+11 1.392571516413e+09 768 7235 3201 16 8 9 9 1.03539436e-10 1.74730554e-10 outputs/V1e27_D100_G14/solution/solution-00090 
 91 1.267240079935e+11 1.392571516413e+09 768 7235 3201 16 8 9 9 9.85266381e-11 1.66268844e-10 outputs/V1e27_D100_G14/solution/solution-00091 
 92 1.281165795100e+11 1.392571516413e+09 768 7235 3201 16 8 9 9 9.37565349e-11 1.58216982e-10 outputs/V1e27_D100_G14/solution/solution-00092 
 93 1.295091510264e+11 1.392571516413e+09 768 7235 3201 16 8 9 9 8.92173758e-11 1.50555113e-10 outputs/V1e27_D100_G14/solution/solution-00093 
 94 1.309017225428e+11 1.392571516413e+09 768 7235 3201 15 8 9 9 8.48979818e-11 1.43264346e-10 outputs/V1e27_D100_G14/solution/solution-00094 
 95 1.322942940592e+11 1.392571516413e+09 768 7235 3201 15 8 9 9 8.07877113e-11 1.36326697e-10 outputs/V1e27_D100_G14/solution/solution-00095 
 96 1.336868655756e+11 1.392571516413e+09 768 7235 3201 15 8 9 9 7.68764390e-11 1.29725059e-10 outputs/V1e27_D100_G14/solution/solution-00096 
 97 1.350794370920e+11 1.392571516413e+09 768 7235 3201 15 8 9 9 7.31545305e-11 1.23443152e-10 outputs/V1e27_D100_G14/solution/solution-00097 
 98 1.364720086084e+11 1.392571516413e+09 768 7235 3201 15 8 9 9 6.96128175e-11 1.17465488e-10 outputs/V1e27_D100_G14/solution/solution-00098 
 99 1.378645801248e+11 1.392571516413e+09 768 7235 3201 15 8 9 9 6.62425757e-11 1.11777328e-10 outputs/V1e27_D100_G14/solution/solution-00099 
100 1.392571516413e+11 1.392571516413e+09 768 7235 3201 15 8 9 9 6.30355035e-11 1.06364648e-10 outputs/V1e27_D100_G14/solution/solution-00100 
