# 1: Time step number
# 2: Time (years)
# 3: Time step size (years)
# 4: Number of mesh cells
# 5: Number of Stokes degrees of freedom
# 6: Number of temperature degrees of freedom
# 7: Iterations for temperature solver
# 8: Iterations for Stokes solver
# 9: Velocity iterations in Stokes preconditioner
# 10: Schur complement iterations in Stokes preconditioner
# 11: RMS velocity (m/year)
# 12: Max. velocity (m/year)
# 13: Visualization file name
  0 0.000000000000e+00 0.000000000000e+00 768 7235 3201  0 8 9 9 2.03412051e-06 4.28570040e-06 outputs/V3.3e24_D3000_G10/solution/solution-00000 
  1 1.392571516413e+09 1.392571516413e+09 768 7235 3201 31 8 9 9 7.06666168e-06 1.21134018e-05 outputs/V3.3e24_D3000_G10/solution/solution-00001 
  2 2.785143032825e+09 1.392571516413e+09 768 7235 3201 25 8 9 9 2.79393885e-05 4.88920405e-05 outputs/V3.3e24_D3000_G10/solution/solution-00002 
  3 4.177714549238e+09 1.392571516413e+09 768 7235 3201 26 8 9 9 1.05993506e-04 1.89068847e-04 outputs/V3.3e24_D3000_G10/solution/solution-00003 
  4 4.673565671502e+09 4.958511222645e+08 768 7235 3201 17 8 9 9 1.93291352e-04 3.47284413e-04 outputs/V3.3e24_D3000_G10/solution/solution-00004 
  5 4.943579124746e+09 2.700134532434e+08 768 7235 3201 13 7 8 8 2.79368555e-04 5.03928547e-04 outputs/V3.3e24_D3000_G10/solution/solution-00005 
  6 5.129678654586e+09 1.860995298398e+08 768 7235 3201 11 7 8 8 3.64160988e-04 6.58442459e-04 outputs/V3.3e24_D3000_G10/solution/solution-00006 
  7 5.272038179916e+09 1.423595253304e+08 768 7235 3201 11 7 8 8 4.47123982e-04 8.09916840e-04 outputs/V3.3e24_D3000_G10/solution/solution-00007 
  8 5.387765528175e+09 1.157273482595e+08 768 7235 3201 10 6 7 7 5.28146405e-04 9.58259997e-04 outputs/V3.3e24_D3000_G10/solution/solution-00008 
  9 5.485627628689e+09 9.786210051339e+07 768 7235 3201 10 6 7 7 6.07251734e-04 1.10293974e-03 outputs/V3.3e24_D3000_G10/solution/solution-00009 
 10 5.570646400149e+09 8.501877146034e+07 768 7235 3201 10 6 7 7 6.84439328e-04 1.24429462e-03 outputs/V3.3e24_D3000_G10/solution/solution-00010 
 11 5.645990292363e+09 7.534389221389e+07 768 7235 3201  9 6 7 7 7.59699904e-04 1.38204874e-03 outputs/V3.3e24_D3000_G10/solution/solution-00011 
 12 5.713824368657e+09 6.783407629390e+07 768 7235 3201  9 6 7 7 8.33045549e-04 1.51628481e-03 outputs/V3.3e24_D3000_G10/solution/solution-00012 
 13 5.775671430067e+09 6.184706141004e+07 768 7235 3201  9 6 7 7 9.04461863e-04 1.64701747e-03                                                "" 
 14 5.832610723015e+09 5.693929294782e+07 768 7235 3201  9 6 7 7 9.73868991e-04 1.77352676e-03 outputs/V3.3e24_D3000_G10/solution/solution-00013 
 15 5.885462503543e+09 5.285178052783e+07 768 7235 3201  9 6 7 7 1.04117949e-03 1.89620794e-03                                                "" 
 16 5.934887896709e+09 4.942539316643e+07 768 7235 3201 10 6 7 7 1.10632918e-03 2.01551812e-03 outputs/V3.3e24_D3000_G10/solution/solution-00014 
 17 5.981409458710e+09 4.652156200056e+07 768 7235 3201 10 6 7 7 1.16924126e-03 2.13013986e-03                                                "" 
 18 6.025446089745e+09 4.403663103583e+07 768 7235 3201 10 6 7 7 1.22982637e-03 2.23984671e-03 outputs/V3.3e24_D3000_G10/solution/solution-00015 
 19 6.067302397326e+09 4.185630758067e+07 768 7235 3201 10 6 7 7 1.28793514e-03 2.34556694e-03                                                "" 
 20 6.107271412174e+09 3.996901484810e+07 768 7235 3201 10 6 7 7 1.34347883e-03 2.44598685e-03 outputs/V3.3e24_D3000_G10/solution/solution-00016 
 21 6.145599500504e+09 3.832808832939e+07 768 7235 3201 10 6 7 7 1.39636649e-03 2.54091736e-03                                                "" 
 22 6.182496331763e+09 3.689683125976e+07 768 7235 3201 10 6 7 7 1.44650709e-03 2.63142305e-03                                                "" 
 23 6.218142352343e+09 3.564602057923e+07 768 7235 3201 10 6 7 7 1.49381130e-03 2.71609132e-03 outputs/V3.3e24_D3000_G10/solution/solution-00017 
 24 6.252672298708e+09 3.452994636565e+07 768 7235 3201 10 6 7 7 1.53816529e-03 2.79470470e-03                                                "" 
 25 6.286217809148e+09 3.354551043946e+07 768 7235 3201 10 6 7 7 1.57948436e-03 2.86710788e-03                                                "" 
 26 6.318903684081e+09 3.268587493287e+07 768 7235 3201 10 6 7 7 1.61770279e-03 2.93440837e-03 outputs/V3.3e24_D3000_G10/solution/solution-00018 
 27 6.350841269282e+09 3.193758520181e+07 768 7235 3201 10 6 7 7 1.65276201e-03 2.99627843e-03                                                "" 
 28 6.382130782773e+09 3.128951349091e+07 768 7235 3201 10 6 7 7 1.68461147e-03 3.05167834e-03                                                "" 
 29 6.412863206025e+09 3.073242325191e+07 768 7235 3201 10 6 7 7 1.71320930e-03 3.10053685e-03 outputs/V3.3e24_D3000_G10/solution/solution-00019 
 30 6.443118508993e+09 3.025530296795e+07 768 7235 3201 10 6 7 7 1.73852014e-03 3.14280034e-03                                                "" 
 31 6.472954290101e+09 2.983578110782e+07 768 7235 3201 10 6 7 7 1.76050854e-03 3.17912947e-03                                                "" 
 32 6.502443494890e+09 2.948920478950e+07 768 7235 3201 10 6 7 7 1.77916892e-03 3.20941800e-03 outputs/V3.3e24_D3000_G10/solution/solution-00020 
 33 6.531654398589e+09 2.921090369844e+07 768 7235 3201 10 6 7 7 1.79450510e-03 3.23308786e-03                                                "" 
 34 6.560651445401e+09 2.899704681211e+07 768 7235 3201 10 6 7 7 1.80653018e-03 3.25018265e-03                                                "" 
 35 6.589495978184e+09 2.884453278263e+07 768 7235 3201 10 5 6 6 1.81526634e-03 3.26099750e-03                                                "" 
 36 6.618246881620e+09 2.875090343668e+07 768 7235 3201 10 5 6 6 1.82074447e-03 3.26636798e-03 outputs/V3.3e24_D3000_G10/solution/solution-00021 
 37 6.646961158397e+09 2.871427677699e+07 768 7235 3201 10 5 6 6 1.82300391e-03 3.26537945e-03                                                "" 
 38 6.675689923663e+09 2.872876526578e+07 768 7235 3201 10 5 6 6 1.82209241e-03 3.25814968e-03                                                "" 
 39 6.704473879637e+09 2.878395597425e+07 768 7235 3201 10 5 6 6 1.81806904e-03 3.24482428e-03 outputs/V3.3e24_D3000_G10/solution/solution-00022 
 40 6.733367687929e+09 2.889380829129e+07 768 7235 3201 10 6 7 7 1.81100140e-03 3.22556657e-03                                                "" 
 41 6.762425843170e+09 2.905815524102e+07 768 7235 3201 10 6 7 7 1.80096324e-03 3.20055531e-03                                                "" 
 42 6.791703104340e+09 2.927726116992e+07 768 7235 3201 10 6 7 7 1.78803389e-03 3.17142404e-03                                                "" 
 43 6.821254921177e+09 2.955181683709e+07 768 7235 3201 10 6 7 7 1.77229776e-03 3.13715349e-03 outputs/V3.3e24_D3000_G10/solution/solution-00023 
 44 6.851137862322e+09 2.988294114524e+07 768 7235 3201 10 6 7 7 1.75384394e-03 3.09765348e-03                                                "" 
 45 6.881410053623e+09 3.027219130162e+07 768 7235 3201 10 6 7 7 1.73276568e-03 3.05314762e-03                                                "" 
 46 6.912131634283e+09 3.072158065958e+07 768 7235 3201 10 6 7 7 1.70916004e-03 3.00711213e-03 outputs/V3.3e24_D3000_G10/solution/solution-00024 
 47 6.943307724813e+09 3.117609052967e+07 768 7235 3201 10 6 7 7 1.68317702e-03 2.95856714e-03                                                "" 
 48 6.974995361252e+09 3.168763643943e+07 768 7235 3201 10 6 7 7 1.65493732e-03 2.90460224e-03                                                "" 
 49 7.007271725552e+09 3.227636429961e+07 768 7235 3201 10 6 7 7 1.62454749e-03 2.84552030e-03 outputs/V3.3e24_D3000_G10/solution/solution-00025 
 50 7.040218248559e+09 3.294652300758e+07 768 7235 3201 10 6 7 7 1.59211239e-03 2.79693059e-03                                                "" 
 51 7.073751874378e+09 3.353362581818e+07 768 7235 3201 10 6 7 7 1.55791056e-03 2.76363269e-03                                                "" 
 52 7.107679971233e+09 3.392809685560e+07 768 7235 3201 10 6 7 7 1.52235795e-03 2.72772079e-03 outputs/V3.3e24_D3000_G10/solution/solution-00026 
 53 7.142049324759e+09 3.436935352628e+07 768 7235 3201 10 6 7 7 1.48563218e-03 2.68948617e-03                                                "" 
 54 7.176907284204e+09 3.485795944452e+07 768 7235 3201 10 6 7 7 1.44790300e-03 2.64870105e-03                                                "" 
 55 7.212301992171e+09 3.539470796677e+07 768 7235 3201 10 6 7 7 1.40933199e-03 2.60556978e-03 outputs/V3.3e24_D3000_G10/solution/solution-00027 
 56 7.248282605969e+09 3.598061379879e+07 768 7235 3201 10 6 7 7 1.37007261e-03 2.56029289e-03                                                "" 
 57 7.284899510374e+09 3.661690440418e+07 768 7235 3201 10 6 7 7 1.33027030e-03 2.51306714e-03                                                "" 
 58 7.322204522409e+09 3.730501203561e+07 768 7235 3201  9 6 7 7 1.29006274e-03 2.46408570e-03 outputs/V3.3e24_D3000_G10/solution/solution-00028 
 59 7.360251088804e+09 3.804656639480e+07 768 7235 3201  9 6 7 7 1.24958002e-03 2.41353820e-03                                                "" 
 60 7.399094476461e+09 3.884338765670e+07 768 7235 3201  9 6 7 7 1.20894503e-03 2.36161089e-03                                                "" 
 61 7.438791955963e+09 3.969747950253e+07 768 7235 3201  9 6 7 7 1.16827369e-03 2.30848661e-03 outputs/V3.3e24_D3000_G10/solution/solution-00029 
 62 7.479402977735e+09 4.061102177160e+07 768 7235 3201  9 6 7 7 1.12767534e-03 2.25434481e-03                                                "" 
 63 7.520989340056e+09 4.158636232116e+07 768 7235 3201  9 6 7 7 1.08725301e-03 2.19936150e-03 outputs/V3.3e24_D3000_G10/solution/solution-00030 
 64 7.563615347721e+09 4.262600766449e+07 768 7235 3201  9 6 7 7 1.04710380e-03 2.14404949e-03                                                "" 
 65 7.607347959656e+09 4.373261193538e+07 768 7235 3201  9 6 7 7 1.00731913e-03 2.08842082e-03 outputs/V3.3e24_D3000_G10/solution/solution-00031 
 66 7.652256923359e+09 4.490896370290e+07 768 7235 3201  9 6 7 7 9.67985037e-04 2.03244488e-03                                                "" 
 67 7.698414893493e+09 4.615797013387e+07 768 7235 3201  8 6 7 7 9.29182449e-04 1.97628471e-03                                                "" 
 68 7.745897531468e+09 4.748263797482e+07 768 7235 3201  8 6 7 7 8.90987379e-04 1.92009877e-03 outputs/V3.3e24_D3000_G10/solution/solution-00032 
 69 7.794783423186e+09 4.888589171858e+07 768 7235 3201  8 6 7 7 8.53471248e-04 1.86404068e-03                                                "" 
 70 7.845126943853e+09 5.034352066723e+07 768 7235 3201  8 6 7 7 8.16720288e-04 1.80828833e-03 outputs/V3.3e24_D3000_G10/solution/solution-00033 
 71 7.897009049966e+09 5.188210611230e+07 768 7235 3201  8 6 7 7 7.80796376e-04 1.75298469e-03                                                "" 
 72 7.950513176762e+09 5.350412679605e+07 768 7235 3201  8 6 7 7 7.45756870e-04 1.69826627e-03 outputs/V3.3e24_D3000_G10/solution/solution-00034 
 73 8.005725111350e+09 5.521193458812e+07 768 7235 3201  8 6 7 7 7.11654617e-04 1.64426265e-03 outputs/V3.3e24_D3000_G10/solution/solution-00035 
 74 8.062732815671e+09 5.700770432125e+07 768 7235 3201  8 6 7 7 6.78537937e-04 1.59109606e-03                                                "" 
 75 8.121626193724e+09 5.889337805246e+07 768 7235 3201  8 6 7 7 6.46450570e-04 1.53888097e-03 outputs/V3.3e24_D3000_G10/solution/solution-00036 
 76 8.182496797864e+09 6.087060414015e+07 768 7235 3201  8 6 7 7 6.15431601e-04 1.48835970e-03                                                "" 
 77 8.245437469485e+09 6.294067162112e+07 768 7235 3201  8 6 7 7 5.85515355e-04 1.43945578e-03 outputs/V3.3e24_D3000_G10/solution/solution-00037 
 78 8.310541910078e+09 6.510444059273e+07 768 7235 3201  8 6 7 7 5.56731277e-04 1.39178079e-03 outputs/V3.3e24_D3000_G10/solution/solution-00038 
 79 8.377904179669e+09 6.736226959193e+07 768 7235 3201  8 6 7 7 5.29103808e-04 1.34541288e-03                                                "" 
 80 8.447618120955e+09 6.971394128555e+07 768 7235 3201  8 6 7 7 5.02652250e-04 1.30042091e-03 outputs/V3.3e24_D3000_G10/solution/solution-00039 
 81 8.519776709079e+09 7.215858812389e+07 768 7235 3201  8 6 7 7 4.77390650e-04 1.25686435e-03 outputs/V3.3e24_D3000_G10/solution/solution-00040 
 82 8.594438448745e+09 7.466173966616e+07 768 7235 3201  8 6 7 7 4.53337815e-04 1.21481113e-03                                                "" 
 83 8.671637536672e+09 7.719908792667e+07 768 7235 3201  8 6 7 7 4.30509914e-04 1.17466485e-03 outputs/V3.3e24_D3000_G10/solution/solution-00041 
 84 8.751447535232e+09 7.980999856047e+07 768 7235 3201  8 6 7 7 4.08901673e-04 1.13650683e-03 outputs/V3.3e24_D3000_G10/solution/solution-00042 
 85 8.833937140911e+09 8.248960567923e+07 768 7235 3201  8 5 6 6 3.88502274e-04 1.09993618e-03 outputs/V3.3e24_D3000_G10/solution/solution-00043 
 86 8.919169358705e+09 8.523221779363e+07 768 7235 3201  8 5 6 6 3.69295509e-04 1.06496184e-03 outputs/V3.3e24_D3000_G10/solution/solution-00044 
 87 9.007200682316e+09 8.803132361048e+07 768 7235 3201  8 5 6 6 3.51259961e-04 1.03158442e-03 outputs/V3.3e24_D3000_G10/solution/solution-00045 
 88 9.098080302227e+09 9.087961991168e+07 768 7235 3201  8 5 6 6 3.34369326e-04 1.00031799e-03                                                "" 
 89 9.191849352877e+09 9.376905065027e+07 768 7235 3201  8 5 6 6 3.18592775e-04 9.70772279e-04 outputs/V3.3e24_D3000_G10/solution/solution-00046 
 90 9.288540219135e+09 9.669086625715e+07 768 7235 3201  8 5 6 6 3.03895402e-04 9.42745253e-04 outputs/V3.3e24_D3000_G10/solution/solution-00047 
 91 9.388109102307e+09 9.956888317282e+07 768 7235 3201  8 5 6 6 2.90247371e-04 9.16227482e-04 outputs/V3.3e24_D3000_G10/solution/solution-00048 
 92 9.490503867254e+09 1.023947649465e+08 768 7235 3201  8 5 6 6 2.77612145e-04 8.91198614e-04 outputs/V3.3e24_D3000_G10/solution/solution-00049 
 93 9.595717432443e+09 1.052135651889e+08 768 7235 3201  8 5 6 6 2.65942325e-04 8.67617744e-04 outputs/V3.3e24_D3000_G10/solution/solution-00050 
 94 9.703732959743e+09 1.080155273005e+08 768 7235 3201  8 5 6 6 2.55189043e-04 8.45440718e-04 outputs/V3.3e24_D3000_G10/solution/solution-00051 
 95 9.814523873991e+09 1.107909142474e+08 768 7235 3201  8 5 6 6 2.45302583e-04 8.24753178e-04 outputs/V3.3e24_D3000_G10/solution/solution-00052 
 96 9.928053993470e+09 1.135301194797e+08 768 7235 3201  8 5 6 6 2.36232988e-04 8.06020627e-04 outputs/V3.3e24_D3000_G10/solution/solution-00053 
 97 1.004427776527e+10 1.162237717994e+08 768 7235 3201  8 5 6 6 2.27930630e-04 7.88485050e-04 outputs/V3.3e24_D3000_G10/solution/solution-00054 
 98 1.016314059792e+10 1.188628326549e+08 768 7235 3201  8 5 6 6 2.20346721e-04 7.72097938e-04 outputs/V3.3e24_D3000_G10/solution/solution-00055 
 99 1.028457928246e+10 1.214386845309e+08 768 7235 3201  8 5 6 6 2.13433762e-04 7.56810710e-04 outputs/V3.3e24_D3000_G10/solution/solution-00056 
100 1.040852249199e+10 1.239432095369e+08 768 7235 3201  8 5 6 6 2.07145913e-04 7.42575111e-04 outputs/V3.3e24_D3000_G10/solution/solution-00057 
