# 1: Time step number
# 2: Time (years)
# 3: Time step size (years)
# 4: Number of mesh cells
# 5: Number of Stokes degrees of freedom
# 6: Number of temperature degrees of freedom
# 7: Iterations for temperature solver
# 8: Iterations for Stokes solver
# 9: Velocity iterations in Stokes preconditioner
# 10: Schur complement iterations in Stokes preconditioner
# 11: RMS velocity (m/year)
# 12: Max. velocity (m/year)
# 13: Visualization file name
  0 0.000000000000e+00 0.000000000000e+00 768 7235 3201  0 8 9 9 5.28980281e-07 9.08996013e-07 outputs/V1e25_D300_G8/solution/solution-00000 
  1 1.392571516413e+09 1.392571516413e+09 768 7235 3201 31 8 9 9 5.52825424e-07 9.41715811e-07 outputs/V1e25_D300_G8/solution/solution-00001 
  2 2.785143032825e+09 1.392571516413e+09 768 7235 3201 25 8 9 9 5.88356706e-07 1.01574821e-06 outputs/V1e25_D300_G8/solution/solution-00002 
  3 4.177714549238e+09 1.392571516413e+09 768 7235 3201 24 8 9 9 6.38415168e-07 1.11765882e-06 outputs/V1e25_D300_G8/solution/solution-00003 
  4 5.570286065650e+09 1.392571516413e+09 768 7235 3201 23 8 9 9 7.05400421e-07 1.25075411e-06 outputs/V1e25_D300_G8/solution/solution-00004 
  5 6.962857582063e+09 1.392571516413e+09 768 7235 3201 22 8 9 9 7.92067884e-07 1.41904541e-06 outputs/V1e25_D300_G8/solution/solution-00005 
  6 8.355429098476e+09 1.392571516413e+09 768 7235 3201 22 8 9 9 9.01784316e-07 1.62802395e-06 outputs/V1e25_D300_G8/solution/solution-00006 
  7 9.748000614888e+09 1.392571516413e+09 768 7235 3201 21 8 9 9 1.03879173e-06 1.88499165e-06 outputs/V1e25_D300_G8/solution/solution-00007 
  8 1.114057213130e+10 1.392571516413e+09 768 7235 3201 21 8 9 9 1.20843093e-06 2.19933474e-06 outputs/V1e25_D300_G8/solution/solution-00008 
  9 1.253314364771e+10 1.392571516413e+09 768 7235 3201 20 8 9 9 1.41738057e-06 2.58286245e-06 outputs/V1e25_D300_G8/solution/solution-00009 
 10 1.392571516413e+10 1.392571516413e+09 768 7235 3201 20 8 9 9 1.67393866e-06 3.05025198e-06 outputs/V1e25_D300_G8/solution/solution-00010 
 11 1.531828668054e+10 1.392571516413e+09 768 7235 3201 20 8 9 9 1.98836592e-06 3.61962121e-06 outputs/V1e25_D300_G8/solution/solution-00011 
 12 1.671085819695e+10 1.392571516413e+09 768 7235 3201 20 8 9 9 2.37330838e-06 4.31324976e-06 outputs/V1e25_D300_G8/solution/solution-00012 
 13 1.810342971336e+10 1.392571516413e+09 768 7235 3201 20 8 9 9 2.84431781e-06 5.15847471e-06 outputs/V1e25_D300_G8/solution/solution-00013 
 14 1.949600122978e+10 1.392571516413e+09 768 7235 3201 20 8 9 9 3.42049161e-06 6.18879411e-06 outputs/V1e25_D300_G8/solution/solution-00014 
 15 2.088857274619e+10 1.392571516413e+09 768 7235 3201 19 8 9 9 4.12525774e-06 7.44522007e-06 outputs/V1e25_D300_G8/solution/solution-00015 
 16 2.228114426260e+10 1.392571516413e+09 768 7235 3201 19 7 8 8 4.98733544e-06 8.97793198e-06 outputs/V1e25_D300_G8/solution/solution-00016 
 17 2.367371577901e+10 1.392571516413e+09 768 7235 3201 19 7 8 8 6.04190839e-06 1.08482899e-05 outputs/V1e25_D300_G8/solution/solution-00017 
 18 2.506628729543e+10 1.392571516413e+09 768 7235 3201 19 7 8 8 7.33205268e-06 1.31312772e-05 outputs/V1e25_D300_G8/solution/solution-00018 
 19 2.645885881184e+10 1.392571516413e+09 768 7235 3201 19 7 8 8 8.91046830e-06 1.59184500e-05 outputs/V1e25_D300_G8/solution/solution-00019 
 20 2.785143032825e+10 1.392571516413e+09 768 7235 3201 19 7 8 8 1.08415660e-05 1.93228501e-05 outputs/V1e25_D300_G8/solution/solution-00020 
 21 2.924400184466e+10 1.392571516413e+09 768 7235 3201 19 7 8 8 1.32039596e-05 2.34809672e-05 outputs/V1e25_D300_G8/solution/solution-00021 
 22 3.063657336108e+10 1.392571516413e+09 768 7235 3201 19 7 8 8 1.60934008e-05 2.85579627e-05 outputs/V1e25_D300_G8/solution/solution-00022 
 23 3.202914487749e+10 1.392571516413e+09 768 7235 3201 19 6 7 7 1.96261548e-05 3.47545746e-05 outputs/V1e25_D300_G8/solution/solution-00023 
 24 3.342171639390e+10 1.392571516413e+09 768 7235 3201 20 6 7 7 2.39427324e-05 4.23125427e-05 outputs/V1e25_D300_G8/solution/solution-00024 
 25 3.481428791032e+10 1.392571516413e+09 768 7235 3201 20 6 7 7 2.92117230e-05 5.15205262e-05 outputs/V1e25_D300_G8/solution/solution-00025 
 26 3.620685942673e+10 1.392571516413e+09 768 7235 3201 20 6 7 7 3.56331431e-05 6.27187066e-05 outputs/V1e25_D300_G8/solution/solution-00026 
 27 3.759943094314e+10 1.392571516413e+09 768 7235 3201 21 6 7 7 4.34401087e-05 7.62997355e-05 outputs/V1e25_D300_G8/solution/solution-00027 
 28 3.882779229716e+10 1.228361354024e+09 768 7235 3201 20 6 7 7 5.17158972e-05 9.06775154e-05 outputs/V1e25_D300_G8/solution/solution-00028 
 29 3.986133933908e+10 1.033547041915e+09 768 7235 3201 18 6 7 7 5.98733966e-05 1.04846875e-04 outputs/V1e25_D300_G8/solution/solution-00029 
 30 4.075543011414e+10 8.940907750622e+08 768 7235 3201 17 6 7 7 6.79269920e-05 1.18808284e-04 outputs/V1e25_D300_G8/solution/solution-00030 
 31 4.154464178376e+10 7.892116696220e+08 768 7235 3201 16 6 7 7 7.58738832e-05 1.32554866e-04 outputs/V1e25_D300_G8/solution/solution-00031 
 32 4.225216991536e+10 7.075281315968e+08 768 7235 3201 15 6 7 7 8.37072532e-05 1.46072983e-04 outputs/V1e25_D300_G8/solution/solution-00032 
 33 4.289425783415e+10 6.420879187891e+08 768 7235 3201 14 6 7 7 9.14180804e-05 1.59345574e-04 outputs/V1e25_D300_G8/solution/solution-00033 
 34 4.348270976222e+10 5.884519280668e+08 768 7235 3201 14 6 7 7 9.89960787e-05 1.72365341e-04 outputs/V1e25_D300_G8/solution/solution-00034 
 35 4.402661261117e+10 5.439028489582e+08 768 7235 3201 13 6 7 7 1.06433607e-04 1.85140644e-04 outputs/V1e25_D300_G8/solution/solution-00035 
 36 4.453298440443e+10 5.063717932539e+08 768 7235 3201 13 6 7 7 1.13722999e-04 1.97628133e-04 outputs/V1e25_D300_G8/solution/solution-00036 
 37 4.500736018513e+10 4.743757806971e+08 768 7235 3201 12 6 7 7 1.20856616e-04 2.09814121e-04 outputs/V1e25_D300_G8/solution/solution-00037 
 38 4.545418425713e+10 4.468240720003e+08 768 7235 3201 12 6 7 7 1.27826911e-04 2.21685418e-04 outputs/V1e25_D300_G8/solution/solution-00038 
 39 4.587708081433e+10 4.228965572003e+08 768 7235 3201 12 6 7 7 1.34626486e-04 2.33229413e-04 outputs/V1e25_D300_G8/solution/solution-00039 
 40 4.627904555361e+10 4.019647392867e+08 768 7235 3201 11 6 7 7 1.41248155e-04 2.44436100e-04 outputs/V1e25_D300_G8/solution/solution-00040 
 41 4.666258442521e+10 3.835388715963e+08 768 7235 3201 11 6 7 7 1.47685002e-04 2.55336151e-04 outputs/V1e25_D300_G8/solution/solution-00041 
 42 4.702981610648e+10 3.672316812721e+08 768 7235 3201 11 6 7 7 1.53930436e-04 2.65876495e-04 outputs/V1e25_D300_G8/solution/solution-00042 
 43 4.738254901750e+10 3.527329110161e+08 768 7235 3201 11 6 7 7 1.59978244e-04 2.76047118e-04 outputs/V1e25_D300_G8/solution/solution-00043 
 44 4.772234011159e+10 3.397910940948e+08 768 7235 3201 11 6 7 7 1.65822636e-04 2.85838943e-04 outputs/V1e25_D300_G8/solution/solution-00044 
 45 4.805047654032e+10 3.281364287269e+08 768 7235 3201 11 6 7 7 1.71457194e-04 2.95242056e-04 outputs/V1e25_D300_G8/solution/solution-00045 
 46 4.836812560662e+10 3.176490663050e+08 768 7235 3201 10 6 7 7 1.76876896e-04 3.04249073e-04 outputs/V1e25_D300_G8/solution/solution-00046 
 47 4.867633768443e+10 3.082120778047e+08 768 7235 3201 10 5 6 6 1.82077707e-04 3.12854424e-04 outputs/V1e25_D300_G8/solution/solution-00047 
 48 4.897604188907e+10 2.997042046452e+08 768 7235 3201 10 5 6 6 1.87056140e-04 3.21053575e-04 outputs/V1e25_D300_G8/solution/solution-00048 
 49 4.926806478286e+10 2.920228937907e+08 768 7235 3201 10 5 6 6 1.91809265e-04 3.28843040e-04 outputs/V1e25_D300_G8/solution/solution-00049 
 50 4.955314562399e+10 2.850808411298e+08 768 7235 3201 10 5 6 6 1.96334728e-04 3.36220383e-04 outputs/V1e25_D300_G8/solution/solution-00050 
 51 4.983194889739e+10 2.788032733926e+08 768 7235 3201 10 5 6 6 2.00630756e-04 3.43184210e-04 outputs/V1e25_D300_G8/solution/solution-00051 
 52 5.010507468971e+10 2.731257923256e+08 768 7235 3201 10 5 6 6 2.04696162e-04 3.49734161e-04 outputs/V1e25_D300_G8/solution/solution-00052 
 53 5.037306733862e+10 2.679926489096e+08 768 7235 3201 10 5 6 6 2.08530340e-04 3.55870892e-04 outputs/V1e25_D300_G8/solution/solution-00053 
 54 5.063642268927e+10 2.633553506468e+08 768 7235 3201 10 5 6 6 2.12133264e-04 3.61596052e-04 outputs/V1e25_D300_G8/solution/solution-00054 
 55 5.089559421833e+10 2.591715290574e+08 768 7235 3201  9 5 6 6 2.15505470e-04 3.66912255e-04 outputs/V1e25_D300_G8/solution/solution-00055 
 56 5.115099823051e+10 2.554040121832e+08 768 7235 3201  9 5 6 6 2.18648052e-04 3.71843981e-04 outputs/V1e25_D300_G8/solution/solution-00056 
 57 5.140301829039e+10 2.520200598787e+08 768 7235 3201  9 5 6 6 2.21562636e-04 3.76383901e-04 outputs/V1e25_D300_G8/solution/solution-00057 
 58 5.165200901970e+10 2.489907293120e+08 768 7235 3201  9 5 6 6 2.24251366e-04 3.80803420e-04 outputs/V1e25_D300_G8/solution/solution-00058 
 59 5.189819903561e+10 2.461900159066e+08 768 7235 3201  9 5 6 6 2.26715915e-04 3.85170136e-04 outputs/V1e25_D300_G8/solution/solution-00059 
 60 5.214159796843e+10 2.433989328211e+08 768 7235 3201  9 5 6 6 2.28957021e-04 3.89115629e-04 outputs/V1e25_D300_G8/solution/solution-00060 
 61 5.238252892308e+10 2.409309546479e+08 768 7235 3201  9 5 6 6 2.30979506e-04 3.92645287e-04 outputs/V1e25_D300_G8/solution/solution-00061 
 62 5.262129404524e+10 2.387651221638e+08 768 7235 3201  9 5 6 6 2.32788473e-04 3.95765438e-04 outputs/V1e25_D300_G8/solution/solution-00062 
 63 5.285817678209e+10 2.368827368521e+08 768 7235 3201  9 5 6 6 2.34389271e-04 3.98483314e-04 outputs/V1e25_D300_G8/solution/solution-00063 
 64 5.309344384756e+10 2.352670654662e+08 768 7235 3201  9 5 6 6 2.35787469e-04 4.00807024e-04 outputs/V1e25_D300_G8/solution/solution-00064 
 65 5.332734693429e+10 2.339030867356e+08 768 7235 3201  9 5 6 6 2.36988825e-04 4.02800435e-04 outputs/V1e25_D300_G8/solution/solution-00065 
 66 5.356012420740e+10 2.327772731105e+08 768 7235 3201  9 5 6 6 2.37999256e-04 4.04424610e-04 outputs/V1e25_D300_G8/solution/solution-00066 
 67 5.379200160914e+10 2.318774017323e+08 768 7235 3201  9 5 6 6 2.38824819e-04 4.05684797e-04 outputs/V1e25_D300_G8/solution/solution-00067 
 68 5.402319399901e+10 2.311923898708e+08 768 7235 3201  9 5 6 6 2.39471687e-04 4.06591660e-04 outputs/V1e25_D300_G8/solution/solution-00068 
 69 5.425386057513e+10 2.306665761215e+08 768 7235 3201  9 5 6 6 2.39946048e-04 4.07156435e-04 outputs/V1e25_D300_G8/solution/solution-00069 
 70 5.448417672438e+10 2.303161492557e+08 768 7235 3201  9 5 6 6 2.40254322e-04 4.07391232e-04 outputs/V1e25_D300_G8/solution/solution-00070 
 71 5.471432975556e+10 2.301530311706e+08 768 7235 3201  9 5 6 6 2.40403043e-04 4.07308788e-04 outputs/V1e25_D300_G8/solution/solution-00071 
 72 5.494449920880e+10 2.301694532418e+08 768 7235 3201  9 5 6 6 2.40398780e-04 4.06922322e-04 outputs/V1e25_D300_G8/solution/solution-00072 
 73 5.517485743337e+10 2.303582245725e+08 768 7235 3201  9 5 6 6 2.40248123e-04 4.06245473e-04 outputs/V1e25_D300_G8/solution/solution-00073 
 74 5.540557008500e+10 2.307126516269e+08 768 7235 3201  9 5 6 6 2.39957671e-04 4.05303184e-04 outputs/V1e25_D300_G8/solution/solution-00074 
 75 5.563679655046e+10 2.312264654648e+08 768 7235 3201  9 5 6 6 2.39534021e-04 4.04189567e-04 outputs/V1e25_D300_G8/solution/solution-00075 
 76 5.586869030598e+10 2.318937555162e+08 768 7235 3201  9 5 6 6 2.38983764e-04 4.02824780e-04 outputs/V1e25_D300_G8/solution/solution-00076 
 77 5.610139921495e+10 2.327089089693e+08 768 7235 3201  9 5 6 6 2.38313474e-04 4.01223068e-04 outputs/V1e25_D300_G8/solution/solution-00077 
 78 5.633506576993e+10 2.336665549816e+08 768 7235 3201  9 5 6 6 2.37529702e-04 3.99398882e-04 outputs/V1e25_D300_G8/solution/solution-00078 
 79 5.656982728298e+10 2.347615130498e+08 768 7235 3201  9 5 6 6 2.36638977e-04 3.97366824e-04 outputs/V1e25_D300_G8/solution/solution-00079 
 80 5.680581602796e+10 2.359887449845e+08 768 7235 3201  9 5 6 6 2.35647794e-04 3.95141600e-04 outputs/V1e25_D300_G8/solution/solution-00080 
 81 5.704315933800e+10 2.373433100418e+08 768 7235 3201  9 5 6 6 2.34562618e-04 3.92737961e-04 outputs/V1e25_D300_G8/solution/solution-00081 
 82 5.728195089718e+10 2.387915591758e+08 768 7235 3201  9 5 6 6 2.33390023e-04 3.90170980e-04 outputs/V1e25_D300_G8/solution/solution-00082 
 83 5.752228165798e+10 2.403307608004e+08 768 7235 3201  9 5 6 6 2.32136565e-04 3.87455717e-04 outputs/V1e25_D300_G8/solution/solution-00083 
 84 5.776426644772e+10 2.419847897392e+08 768 7235 3201  9 5 6 6 2.30808620e-04 3.84617333e-04 outputs/V1e25_D300_G8/solution/solution-00084 
 85 5.800801521308e+10 2.437487653580e+08 768 7235 3201  9 5 6 6 2.29412510e-04 3.81690696e-04 outputs/V1e25_D300_G8/solution/solution-00085 
 86 5.825363293701e+10 2.456177239356e+08 768 7235 3201  9 5 6 6 2.27954497e-04 3.78655407e-04 outputs/V1e25_D300_G8/solution/solution-00086 
 87 5.850121952416e+10 2.475865871447e+08 768 7235 3201  9 5 6 6 2.26440784e-04 3.75525537e-04 outputs/V1e25_D300_G8/solution/solution-00087 
 88 5.875086965675e+10 2.496501325874e+08 768 7235 3201  9 5 6 6 2.24877509e-04 3.72314915e-04 outputs/V1e25_D300_G8/solution/solution-00088 
 89 5.900267262335e+10 2.518029666054e+08 768 7235 3201  9 5 6 6 2.23270748e-04 3.69037099e-04 outputs/V1e25_D300_G8/solution/solution-00089 
 90 5.925671212293e+10 2.540394995841e+08 768 7235 3201  9 5 6 6 2.21626502e-04 3.65705344e-04 outputs/V1e25_D300_G8/solution/solution-00090 
 91 5.951306604694e+10 2.563539240079e+08 768 7235 3201  9 5 6 6 2.19950700e-04 3.62332570e-04 outputs/V1e25_D300_G8/solution/solution-00091 
 92 5.977180624251e+10 2.587401955642e+08 768 7235 3201  9 5 6 6 2.18249188e-04 3.58931337e-04 outputs/V1e25_D300_G8/solution/solution-00092 
 93 6.003299826014e+10 2.611920176370e+08 768 7235 3201  9 5 6 6 2.16527726e-04 3.55513819e-04 outputs/V1e25_D300_G8/solution/solution-00093 
 94 6.029670108971e+10 2.637028295613e+08 768 7235 3201  9 5 6 6 2.14791978e-04 3.52091783e-04 outputs/V1e25_D300_G8/solution/solution-00094 
 95 6.056296688874e+10 2.662657990321e+08 768 7235 3201  9 5 6 6 2.13047505e-04 3.48676566e-04 outputs/V1e25_D300_G8/solution/solution-00095 
 96 6.083184070781e+10 2.688738190733e+08 768 7235 3201  9 5 6 6 2.11299752e-04 3.45279056e-04 outputs/V1e25_D300_G8/solution/solution-00096 
 97 6.110336021777e+10 2.715195099619e+08 768 7235 3201  9 5 6 6 2.09554043e-04 3.42174527e-04 outputs/V1e25_D300_G8/solution/solution-00097 
 98 6.137732298133e+10 2.739627635586e+08 768 7235 3201  9 5 6 6 2.07817027e-04 3.39166313e-04 outputs/V1e25_D300_G8/solution/solution-00098 
 99 6.165371737484e+10 2.763943935119e+08 768 7235 3201  9 5 6 6 2.06093871e-04 3.36193661e-04 outputs/V1e25_D300_G8/solution/solution-00099 
100 6.193255716153e+10 2.788397866877e+08 768 7235 3201  9 5 6 6 2.04389347e-04 3.33263768e-04 outputs/V1e25_D300_G8/solution/solution-00100 
