# 1: Time step number
# 2: Time (years)
# 3: Time step size (years)
# 4: Number of mesh cells
# 5: Number of Stokes degrees of freedom
# 6: Number of temperature degrees of freedom
# 7: Iterations for temperature solver
# 8: Iterations for Stokes solver
# 9: Velocity iterations in Stokes preconditioner
# 10: Schur complement iterations in Stokes preconditioner
# 11: RMS velocity (m/year)
# 12: Max. velocity (m/year)
# 13: Visualization file name
  0 0.000000000000e+00 0.000000000000e+00 768 7235 3201  0 8 9 9 7.99772601e-08 1.34932359e-07 outputs/V3.3e25_D1000_G4/solution/solution-00000 
  1 1.392571516413e+09 1.392571516413e+09 768 7235 3201 18 6 7 7 7.88920504e-08 1.33101465e-07 outputs/V3.3e25_D1000_G4/solution/solution-00001 
  2 2.785143032825e+09 1.392571516413e+09 768 7235 3201 11 5 6 6 7.77889861e-08 1.31240448e-07 outputs/V3.3e25_D1000_G4/solution/solution-00002 
  3 4.177714549238e+09 1.392571516413e+09 768 7235 3201  9 4 5 5 7.66898717e-08 1.29386095e-07 outputs/V3.3e25_D1000_G4/solution/solution-00003 
  4 5.570286065650e+09 1.392571516413e+09 768 7235 3201 10 5 6 6 7.56022448e-08 1.27551122e-07 outputs/V3.3e25_D1000_G4/solution/solution-00004 
  5 6.962857582063e+09 1.392571516413e+09 768 7235 3201 11 5 6 6 7.45286185e-08 1.25739771e-07 outputs/V3.3e25_D1000_G4/solution/solution-00005 
  6 8.355429098476e+09 1.392571516413e+09 768 7235 3201 11 5 6 6 7.34697367e-08 1.23953296e-07 outputs/V3.3e25_D1000_G4/solution/solution-00006 
  7 9.748000614888e+09 1.392571516413e+09 768 7235 3201 11 5 6 6 7.24257222e-08 1.22191903e-07 outputs/V3.3e25_D1000_G4/solution/solution-00007 
  8 1.114057213130e+10 1.392571516413e+09 768 7235 3201 11 5 6 6 7.13964808e-08 1.20455435e-07 outputs/V3.3e25_D1000_G4/solution/solution-00008 
  9 1.253314364771e+10 1.392571516413e+09 768 7235 3201 11 5 6 6 7.03818439e-08 1.18743607e-07 outputs/V3.3e25_D1000_G4/solution/solution-00009 
 10 1.392571516413e+10 1.392571516413e+09 768 7235 3201 11 5 6 6 6.93816186e-08 1.17056093e-07 outputs/V3.3e25_D1000_G4/solution/solution-00010 
 11 1.531828668054e+10 1.392571516413e+09 768 7235 3201 11 5 6 6 6.83956050e-08 1.15392556e-07 outputs/V3.3e25_D1000_G4/solution/solution-00011 
 12 1.671085819695e+10 1.392571516413e+09 768 7235 3201 11 5 6 6 6.74236032e-08 1.13752658e-07 outputs/V3.3e25_D1000_G4/solution/solution-00012 
 13 1.810342971336e+10 1.392571516413e+09 768 7235 3201 11 5 6 6 6.64654145e-08 1.12136065e-07 outputs/V3.3e25_D1000_G4/solution/solution-00013 
 14 1.949600122978e+10 1.392571516413e+09 768 7235 3201 11 5 6 6 6.55208430e-08 1.10542447e-07 outputs/V3.3e25_D1000_G4/solution/solution-00014 
 15 2.088857274619e+10 1.392571516413e+09 768 7235 3201 11 5 6 6 6.45896953e-08 1.08971476e-07 outputs/V3.3e25_D1000_G4/solution/solution-00015 
 16 2.228114426260e+10 1.392571516413e+09 768 7235 3201 11 5 6 6 6.36717805e-08 1.07422830e-07 outputs/V3.3e25_D1000_G4/solution/solution-00016 
 17 2.367371577901e+10 1.392571516413e+09 768 7235 3201 11 5 6 6 6.27669106e-08 1.05896193e-07 outputs/V3.3e25_D1000_G4/solution/solution-00017 
 18 2.506628729543e+10 1.392571516413e+09 768 7235 3201 11 5 6 6 6.18749003e-08 1.04391252e-07 outputs/V3.3e25_D1000_G4/solution/solution-00018 
 19 2.645885881184e+10 1.392571516413e+09 768 7235 3201 11 5 6 6 6.09955668e-08 1.02907699e-07 outputs/V3.3e25_D1000_G4/solution/solution-00019 
 20 2.785143032825e+10 1.392571516413e+09 768 7235 3201 11 5 6 6 6.01287299e-08 1.01445229e-07 outputs/V3.3e25_D1000_G4/solution/solution-00020 
 21 2.924400184466e+10 1.392571516413e+09 768 7235 3201 10 5 6 6 5.92742122e-08 1.00003543e-07 outputs/V3.3e25_D1000_G4/solution/solution-00021 
 22 3.063657336108e+10 1.392571516413e+09 768 7235 3201 10 5 6 6 5.84318384e-08 9.85823454e-08 outputs/V3.3e25_D1000_G4/solution/solution-00022 
 23 3.202914487749e+10 1.392571516413e+09 768 7235 3201 10 5 6 6 5.76014360e-08 9.71813452e-08 outputs/V3.3e25_D1000_G4/solution/solution-00023 
 24 3.342171639390e+10 1.392571516413e+09 768 7235 3201 10 5 6 6 5.67828349e-08 9.58002554e-08 outputs/V3.3e25_D1000_G4/solution/solution-00024 
 25 3.481428791032e+10 1.392571516413e+09 768 7235 3201 10 5 6 6 5.59758673e-08 9.44387929e-08 outputs/V3.3e25_D1000_G4/solution/solution-00025 
 26 3.620685942673e+10 1.392571516413e+09 768 7235 3201 10 5 6 6 5.51803680e-08 9.30966789e-08 outputs/V3.3e25_D1000_G4/solution/solution-00026 
 27 3.759943094314e+10 1.392571516413e+09 768 7235 3201 10 5 6 6 5.43961739e-08 9.17736384e-08 outputs/V3.3e25_D1000_G4/solution/solution-00027 
 28 3.899200245955e+10 1.392571516413e+09 768 7235 3201 10 5 6 6 5.36231244e-08 9.04694003e-08 outputs/V3.3e25_D1000_G4/solution/solution-00028 
 29 4.038457397597e+10 1.392571516413e+09 768 7235 3201 10 5 6 6 5.28610612e-08 8.91836973e-08 outputs/V3.3e25_D1000_G4/solution/solution-00029 
 30 4.177714549238e+10 1.392571516413e+09 768 7235 3201 10 5 6 6 5.21098280e-08 8.79162662e-08 outputs/V3.3e25_D1000_G4/solution/solution-00030 
 31 4.316971700879e+10 1.392571516413e+09 768 7235 3201 10 5 6 6 5.13692709e-08 8.66668472e-08 outputs/V3.3e25_D1000_G4/solution/solution-00031 
 32 4.456228852520e+10 1.392571516413e+09 768 7235 3201 10 5 6 6 5.06392383e-08 8.54351843e-08 outputs/V3.3e25_D1000_G4/solution/solution-00032 
 33 4.595486004162e+10 1.392571516413e+09 768 7235 3201 10 5 6 6 4.99195806e-08 8.42210252e-08 outputs/V3.3e25_D1000_G4/solution/solution-00033 
 34 4.734743155803e+10 1.392571516413e+09 768 7235 3201 10 5 6 6 4.92101502e-08 8.30241211e-08 outputs/V3.3e25_D1000_G4/solution/solution-00034 
 35 4.874000307444e+10 1.392571516413e+09 768 7235 3201 10 5 6 6 4.85108020e-08 8.18442268e-08 outputs/V3.3e25_D1000_G4/solution/solution-00035 
 36 5.013257459085e+10 1.392571516413e+09 768 7235 3201 10 5 6 6 4.78213925e-08 8.06811006e-08 outputs/V3.3e25_D1000_G4/solution/solution-00036 
 37 5.152514610727e+10 1.392571516413e+09 768 7235 3201 10 5 6 6 4.71417806e-08 7.95345042e-08 outputs/V3.3e25_D1000_G4/solution/solution-00037 
 38 5.291771762368e+10 1.392571516413e+09 768 7235 3201 10 5 6 6 4.64718270e-08 7.84042027e-08 outputs/V3.3e25_D1000_G4/solution/solution-00038 
 39 5.431028914009e+10 1.392571516413e+09 768 7235 3201 10 5 6 6 4.58113945e-08 7.72899644e-08 outputs/V3.3e25_D1000_G4/solution/solution-00039 
 40 5.570286065650e+10 1.392571516413e+09 768 7235 3201 10 5 6 6 4.51603476e-08 7.61915611e-08 outputs/V3.3e25_D1000_G4/solution/solution-00040 
 41 5.709543217292e+10 1.392571516413e+09 768 7235 3201 10 5 6 6 4.45185532e-08 7.51087678e-08 outputs/V3.3e25_D1000_G4/solution/solution-00041 
 42 5.848800368933e+10 1.392571516413e+09 768 7235 3201 10 5 6 6 4.38858796e-08 7.40413626e-08 outputs/V3.3e25_D1000_G4/solution/solution-00042 
 43 5.988057520574e+10 1.392571516413e+09 768 7235 3201 10 5 6 6 4.32621972e-08 7.29891268e-08 outputs/V3.3e25_D1000_G4/solution/solution-00043 
 44 6.127314672215e+10 1.392571516413e+09 768 7235 3201 10 5 6 6 4.26473783e-08 7.19518448e-08 outputs/V3.3e25_D1000_G4/solution/solution-00044 
 45 6.266571823857e+10 1.392571516413e+09 768 7235 3201 10 5 6 6 4.20412969e-08 7.09293042e-08 outputs/V3.3e25_D1000_G4/solution/solution-00045 
 46 6.405828975498e+10 1.392571516413e+09 768 7235 3201 10 5 6 6 4.14438288e-08 6.99212954e-08 outputs/V3.3e25_D1000_G4/solution/solution-00046 
 47 6.545086127139e+10 1.392571516413e+09 768 7235 3201 10 5 6 6 4.08548516e-08 6.89276119e-08 outputs/V3.3e25_D1000_G4/solution/solution-00047 
 48 6.684343278781e+10 1.392571516413e+09 768 7235 3201 10 5 6 6 4.02742446e-08 6.79480502e-08 outputs/V3.3e25_D1000_G4/solution/solution-00048 
 49 6.823600430422e+10 1.392571516413e+09 768 7235 3201 10 5 6 6 3.97018890e-08 6.69824094e-08 outputs/V3.3e25_D1000_G4/solution/solution-00049 
 50 6.962857582063e+10 1.392571516413e+09 768 7235 3201 10 5 6 6 3.91376673e-08 6.60304919e-08 outputs/V3.3e25_D1000_G4/solution/solution-00050 
 51 7.102114733704e+10 1.392571516413e+09 768 7235 3201 10 5 6 6 3.85814641e-08 6.50921025e-08 outputs/V3.3e25_D1000_G4/solution/solution-00051 
 52 7.241371885346e+10 1.392571516413e+09 768 7235 3201 10 5 6 6 3.80331654e-08 6.41670490e-08 outputs/V3.3e25_D1000_G4/solution/solution-00052 
 53 7.380629036987e+10 1.392571516413e+09 768 7235 3201 10 5 6 6 3.74926588e-08 6.32551419e-08 outputs/V3.3e25_D1000_G4/solution/solution-00053 
 54 7.519886188628e+10 1.392571516413e+09 768 7235 3201 10 5 6 6 3.69598336e-08 6.23561944e-08 outputs/V3.3e25_D1000_G4/solution/solution-00054 
 55 7.659143340269e+10 1.392571516413e+09 768 7235 3201 10 5 6 6 3.64345806e-08 6.14700222e-08 outputs/V3.3e25_D1000_G4/solution/solution-00055 
 56 7.798400491911e+10 1.392571516413e+09 768 7235 3201 10 5 6 6 3.59167923e-08 6.05964439e-08 outputs/V3.3e25_D1000_G4/solution/solution-00056 
 57 7.937657643552e+10 1.392571516413e+09 768 7235 3201 10 5 6 6 3.54063625e-08 5.97352804e-08 outputs/V3.3e25_D1000_G4/solution/solution-00057 
 58 8.076914795193e+10 1.392571516413e+09 768 7235 3201 10 5 6 6 3.49031867e-08 5.88863553e-08 outputs/V3.3e25_D1000_G4/solution/solution-00058 
 59 8.216171946834e+10 1.392571516413e+09 768 7235 3201 10 5 6 6 3.44071617e-08 5.80494946e-08 outputs/V3.3e25_D1000_G4/solution/solution-00059 
 60 8.355429098476e+10 1.392571516413e+09 768 7235 3201 10 5 6 6 3.39181860e-08 5.72245270e-08 outputs/V3.3e25_D1000_G4/solution/solution-00060 
 61 8.494686250117e+10 1.392571516413e+09 768 7235 3201 10 5 6 6 3.34361593e-08 5.64112834e-08 outputs/V3.3e25_D1000_G4/solution/solution-00061 
 62 8.633943401758e+10 1.392571516413e+09 768 7235 3201 10 5 6 6 3.29609830e-08 5.56095972e-08 outputs/V3.3e25_D1000_G4/solution/solution-00062 
 63 8.773200553399e+10 1.392571516413e+09 768 7235 3201 10 5 6 6 3.24925596e-08 5.48193042e-08 outputs/V3.3e25_D1000_G4/solution/solution-00063 
 64 8.912457705041e+10 1.392571516413e+09 768 7235 3201 10 5 6 6 3.20307932e-08 5.40402423e-08 outputs/V3.3e25_D1000_G4/solution/solution-00064 
 65 9.051714856682e+10 1.392571516413e+09 768 7235 3201 10 5 6 6 3.15755891e-08 5.32722521e-08 outputs/V3.3e25_D1000_G4/solution/solution-00065 
 66 9.190972008323e+10 1.392571516413e+09 768 7235 3201 10 5 6 6 3.11268542e-08 5.25151761e-08 outputs/V3.3e25_D1000_G4/solution/solution-00066 
 67 9.330229159964e+10 1.392571516413e+09 768 7235 3201 10 5 6 6 3.06844965e-08 5.17688593e-08 outputs/V3.3e25_D1000_G4/solution/solution-00067 
 68 9.469486311606e+10 1.392571516413e+09 768 7235 3201 10 5 6 6 3.02484253e-08 5.10331488e-08 outputs/V3.3e25_D1000_G4/solution/solution-00068 
 69 9.608743463247e+10 1.392571516413e+09 768 7235 3201 10 5 6 6 2.98185514e-08 5.03078938e-08 outputs/V3.3e25_D1000_G4/solution/solution-00069 
 70 9.748000614888e+10 1.392571516413e+09 768 7235 3201 10 5 6 6 2.93947865e-08 4.95929457e-08 outputs/V3.3e25_D1000_G4/solution/solution-00070 
 71 9.887257766530e+10 1.392571516413e+09 768 7235 3201 10 5 6 6 2.89770440e-08 4.88881581e-08 outputs/V3.3e25_D1000_G4/solution/solution-00071 
 72 1.002651491817e+11 1.392571516413e+09 768 7235 3201 10 5 6 6 2.85652383e-08 4.81933865e-08 outputs/V3.3e25_D1000_G4/solution/solution-00072 
 73 1.016577206981e+11 1.392571516413e+09 768 7235 3201 10 5 6 6 2.81592848e-08 4.75084887e-08 outputs/V3.3e25_D1000_G4/solution/solution-00073 
 74 1.030502922145e+11 1.392571516413e+09 768 7235 3201 10 5 6 6 2.77591006e-08 4.68333243e-08 outputs/V3.3e25_D1000_G4/solution/solution-00074 
 75 1.044428637309e+11 1.392571516413e+09 768 7235 3201 10 5 6 6 2.73646036e-08 4.61677549e-08 outputs/V3.3e25_D1000_G4/solution/solution-00075 
 76 1.058354352474e+11 1.392571516413e+09 768 7235 3201 10 5 6 6 2.69757130e-08 4.55116443e-08 outputs/V3.3e25_D1000_G4/solution/solution-00076 
 77 1.072280067638e+11 1.392571516413e+09 768 7235 3201 10 5 6 6 2.65923490e-08 4.48648580e-08 outputs/V3.3e25_D1000_G4/solution/solution-00077 
 78 1.086205782802e+11 1.392571516413e+09 768 7235 3201 10 5 6 6 2.62144333e-08 4.42272634e-08 outputs/V3.3e25_D1000_G4/solution/solution-00078 
 79 1.100131497966e+11 1.392571516413e+09 768 7235 3201 10 5 6 6 2.58418882e-08 4.35987300e-08 outputs/V3.3e25_D1000_G4/solution/solution-00079 
 80 1.114057213130e+11 1.392571516413e+09 768 7235 3201 10 5 6 6 2.54746376e-08 4.29791289e-08 outputs/V3.3e25_D1000_G4/solution/solution-00080 
 81 1.127982928294e+11 1.392571516413e+09 768 7235 3201 10 5 6 6 2.51126062e-08 4.23683333e-08 outputs/V3.3e25_D1000_G4/solution/solution-00081 
 82 1.141908643458e+11 1.392571516413e+09 768 7235 3201 10 5 6 6 2.47557197e-08 4.17662180e-08 outputs/V3.3e25_D1000_G4/solution/solution-00082 
 83 1.155834358622e+11 1.392571516413e+09 768 7235 3201 10 5 6 6 2.44039051e-08 4.11726596e-08 outputs/V3.3e25_D1000_G4/solution/solution-00083 
 84 1.169760073787e+11 1.392571516413e+09 768 7235 3201 10 5 6 6 2.40570903e-08 4.05875366e-08 outputs/V3.3e25_D1000_G4/solution/solution-00084 
 85 1.183685788951e+11 1.392571516413e+09 768 7235 3201 10 5 6 6 2.37152043e-08 4.00107290e-08 outputs/V3.3e25_D1000_G4/solution/solution-00085 
 86 1.197611504115e+11 1.392571516413e+09 768 7235 3201 10 5 6 6 2.33781769e-08 3.94421187e-08 outputs/V3.3e25_D1000_G4/solution/solution-00086 
 87 1.211537219279e+11 1.392571516413e+09 768 7235 3201 10 5 6 6 2.30459392e-08 3.88815892e-08 outputs/V3.3e25_D1000_G4/solution/solution-00087 
 88 1.225462934443e+11 1.392571516413e+09 768 7235 3201 10 5 6 6 2.27184231e-08 3.83290256e-08 outputs/V3.3e25_D1000_G4/solution/solution-00088 
 89 1.239388649607e+11 1.392571516413e+09 768 7235 3201 10 5 6 6 2.23955615e-08 3.77843147e-08 outputs/V3.3e25_D1000_G4/solution/solution-00089 
 90 1.253314364771e+11 1.392571516413e+09 768 7235 3201 10 5 6 6 2.20772882e-08 3.72473450e-08 outputs/V3.3e25_D1000_G4/solution/solution-00090 
 91 1.267240079935e+11 1.392571516413e+09 768 7235 3201 10 5 6 6 2.17635380e-08 3.67180064e-08 outputs/V3.3e25_D1000_G4/solution/solution-00091 
 92 1.281165795100e+11 1.392571516413e+09 768 7235 3201 10 5 6 6 2.14542467e-08 3.61961904e-08 outputs/V3.3e25_D1000_G4/solution/solution-00092 
 93 1.295091510264e+11 1.392571516413e+09 768 7235 3201 10 5 6 6 2.11493509e-08 3.56817903e-08 outputs/V3.3e25_D1000_G4/solution/solution-00093 
 94 1.309017225428e+11 1.392571516413e+09 768 7235 3201 10 5 6 6 2.08487880e-08 3.51747005e-08 outputs/V3.3e25_D1000_G4/solution/solution-00094 
 95 1.322942940592e+11 1.392571516413e+09 768 7235 3201 10 5 6 6 2.05524966e-08 3.46748172e-08 outputs/V3.3e25_D1000_G4/solution/solution-00095 
 96 1.336868655756e+11 1.392571516413e+09 768 7235 3201 10 5 6 6 2.02604160e-08 3.41820379e-08 outputs/V3.3e25_D1000_G4/solution/solution-00096 
 97 1.350794370920e+11 1.392571516413e+09 768 7235 3201 10 5 6 6 1.99724862e-08 3.36962618e-08 outputs/V3.3e25_D1000_G4/solution/solution-00097 
 98 1.364720086084e+11 1.392571516413e+09 768 7235 3201 10 5 6 6 1.96886483e-08 3.32173892e-08 outputs/V3.3e25_D1000_G4/solution/solution-00098 
 99 1.378645801248e+11 1.392571516413e+09 768 7235 3201  9 5 6 6 1.94088442e-08 3.27453221e-08 outputs/V3.3e25_D1000_G4/solution/solution-00099 
100 1.392571516413e+11 1.392571516413e+09 768 7235 3201  9 5 6 6 1.91330165e-08 3.22799638e-08 outputs/V3.3e25_D1000_G4/solution/solution-00100 
