# 1: Time step number
# 2: Time (years)
# 3: Time step size (years)
# 4: Number of mesh cells
# 5: Number of Stokes degrees of freedom
# 6: Number of temperature degrees of freedom
# 7: Iterations for temperature solver
# 8: Iterations for Stokes solver
# 9: Velocity iterations in Stokes preconditioner
# 10: Schur complement iterations in Stokes preconditioner
# 11: RMS velocity (m/year)
# 12: Max. velocity (m/year)
# 13: Visualization file name
  0 0.000000000000e+00 0.000000000000e+00 768 7235 3201  0 8 9 9 9.27532055e-07 1.64576544e-06 outputs/V1e25_D30_G14/solution/solution-00000 
  1 1.392571516413e+09 1.392571516413e+09 768 7235 3201 32 8 9 9 9.41604687e-07 1.62719736e-06 outputs/V1e25_D30_G14/solution/solution-00001 
  2 2.785143032825e+09 1.392571516413e+09 768 7235 3201 25 8 9 9 9.95066482e-07 1.77437587e-06 outputs/V1e25_D30_G14/solution/solution-00002 
  3 4.177714549238e+09 1.392571516413e+09 768 7235 3201 24 8 9 9 1.10277660e-06 2.02769269e-06 outputs/V1e25_D30_G14/solution/solution-00003 
  4 5.570286065650e+09 1.392571516413e+09 768 7235 3201 23 8 9 9 1.27948848e-06 2.41238268e-06 outputs/V1e25_D30_G14/solution/solution-00004 
  5 6.962857582063e+09 1.392571516413e+09 768 7235 3201 23 8 9 9 1.54565776e-06 2.96508947e-06 outputs/V1e25_D30_G14/solution/solution-00005 
  6 8.355429098476e+09 1.392571516413e+09 768 7235 3201 22 8 9 9 1.93108296e-06 3.74123556e-06 outputs/V1e25_D30_G14/solution/solution-00006 
  7 9.748000614888e+09 1.392571516413e+09 768 7235 3201 21 8 9 9 2.47950774e-06 4.82278857e-06 outputs/V1e25_D30_G14/solution/solution-00007 
  8 1.114057213130e+10 1.392571516413e+09 768 7235 3201 21 8 9 9 3.25473693e-06 6.32896195e-06 outputs/V1e25_D30_G14/solution/solution-00008 
  9 1.253314364771e+10 1.392571516413e+09 768 7235 3201 21 8 9 9 4.34933363e-06 8.43178539e-06 outputs/V1e25_D30_G14/solution/solution-00009 
 10 1.392571516413e+10 1.392571516413e+09 768 7235 3201 21 8 9 9 5.89721910e-06 1.13788058e-05 outputs/V1e25_D30_G14/solution/solution-00010 
 11 1.531828668054e+10 1.392571516413e+09 768 7235 3201 21 8 9 9 8.09200506e-06 1.55284331e-05 outputs/V1e25_D30_G14/solution/solution-00011 
 12 1.671085819695e+10 1.392571516413e+09 768 7235 3201 20 8 9 9 1.12136665e-05 2.13945058e-05 outputs/V1e25_D30_G14/solution/solution-00012 
 13 1.810342971336e+10 1.392571516413e+09 768 7235 3201 21 8 9 9 1.56672848e-05 2.97162450e-05 outputs/V1e25_D30_G14/solution/solution-00013 
 14 1.949600122978e+10 1.392571516413e+09 768 7235 3201 21 7 8 8 2.20391015e-05 4.15574089e-05 outputs/V1e25_D30_G14/solution/solution-00014 
 15 2.088857274619e+10 1.392571516413e+09 768 7235 3201 21 7 8 8 3.11768372e-05 5.84527068e-05 outputs/V1e25_D30_G14/solution/solution-00015 
 16 2.228114426260e+10 1.392571516413e+09 768 7235 3201 22 7 8 8 4.43020148e-05 8.26527275e-05 outputs/V1e25_D30_G14/solution/solution-00016 
 17 2.341576692238e+10 1.134622659781e+09 768 7235 3201 20 7 8 8 5.93347456e-05 1.10237824e-04 outputs/V1e25_D30_G14/solution/solution-00017 
 18 2.426620098122e+10 8.504340588345e+08 768 7235 3201 18 7 8 8 7.42390571e-05 1.37544888e-04 outputs/V1e25_D30_G14/solution/solution-00018 
 19 2.494779665246e+10 6.815956712416e+08 768 7235 3201 16 6 7 7 8.91030575e-05 1.64703427e-04 outputs/V1e25_D30_G14/solution/solution-00019 
 20 2.551722651383e+10 5.694298613743e+08 768 7235 3201 14 6 7 7 1.03920560e-04 1.91699893e-04 outputs/V1e25_D30_G14/solution/solution-00020 
 21 2.600630440157e+10 4.890778877375e+08 768 7235 3201 13 6 7 7 1.18656757e-04 2.18416844e-04 outputs/V1e25_D30_G14/solution/solution-00021 
 22 2.643536913704e+10 4.290647354680e+08 768 7235 3201 12 6 7 7 1.33290954e-04 2.45005501e-04 outputs/V1e25_D30_G14/solution/solution-00022 
 23 2.681809576411e+10 3.827266270671e+08 768 7235 3201 12 6 7 7 1.47806937e-04 2.71206824e-04 outputs/V1e25_D30_G14/solution/solution-00023 
 24 2.716388181558e+10 3.457860514764e+08 768 7235 3201 11 6 7 7 1.62180127e-04 2.97058043e-04 outputs/V1e25_D30_G14/solution/solution-00024 
 25 2.747947670459e+10 3.155948890050e+08 768 7235 3201 11 6 7 7 1.76380224e-04 3.22491988e-04 outputs/V1e25_D30_G14/solution/solution-00025 
 26 2.777018160071e+10 2.907048961197e+08 768 7235 3201 11 6 7 7 1.90386859e-04 3.47409827e-04 outputs/V1e25_D30_G14/solution/solution-00026 
 27 2.804006619249e+10 2.698845917881e+08 768 7235 3201 10 6 7 7 2.04177438e-04 3.71897106e-04 outputs/V1e25_D30_G14/solution/solution-00027 
 28 2.829230246505e+10 2.522362725588e+08 768 7235 3201 10 6 7 7 2.17726183e-04 3.95739637e-04 outputs/V1e25_D30_G14/solution/solution-00028 
 29 2.852923883024e+10 2.369363651832e+08 768 7235 3201 10 6 7 7 2.30995008e-04 4.18864244e-04 outputs/V1e25_D30_G14/solution/solution-00029 
 30 2.875300236105e+10 2.237635308179e+08 768 7235 3201 10 6 7 7 2.43958174e-04 4.41330317e-04 outputs/V1e25_D30_G14/solution/solution-00030 
 31 2.896534404252e+10 2.123416814609e+08 768 7235 3201 10 6 7 7 2.56589091e-04 4.63222566e-04 outputs/V1e25_D30_G14/solution/solution-00031 
 32 2.916772398976e+10 2.023799472470e+08 768 7235 3201 10 6 7 7 2.68860749e-04 4.84270848e-04 outputs/V1e25_D30_G14/solution/solution-00032 
 33 2.936137384492e+10 1.936498551626e+08 768 7235 3201 10 6 7 7 2.80746137e-04 5.04431727e-04 outputs/V1e25_D30_G14/solution/solution-00033 
 34 2.954734332321e+10 1.859694782832e+08 768 7235 3201  9 6 7 7 2.92218652e-04 5.23665450e-04 outputs/V1e25_D30_G14/solution/solution-00034 
 35 2.972641945425e+10 1.790761310408e+08 768 7235 3201  9 6 7 7 3.03245396e-04 5.41961077e-04 outputs/V1e25_D30_G14/solution/solution-00035 
 36 2.989940235642e+10 1.729829021697e+08 768 7235 3201  9 6 7 7 3.13803038e-04 5.59396000e-04 outputs/V1e25_D30_G14/solution/solution-00036 
 37 3.006699382994e+10 1.675914735188e+08 768 7235 3201  9 6 7 7 3.23870007e-04 5.75799032e-04 outputs/V1e25_D30_G14/solution/solution-00037 
 38 3.022981105406e+10 1.628172241230e+08 768 7235 3201  9 6 7 7 3.33426567e-04 5.91148861e-04 outputs/V1e25_D30_G14/solution/solution-00038 
 39 3.038840055022e+10 1.585894961627e+08 768 7235 3201  9 6 7 7 3.42455098e-04 6.05429084e-04 outputs/V1e25_D30_G14/solution/solution-00039 
 40 3.054324940454e+10 1.548488543202e+08 768 7235 3201  9 6 7 7 3.50940334e-04 6.18628263e-04 outputs/V1e25_D30_G14/solution/solution-00040 
 41 3.069479437196e+10 1.515449674129e+08 768 7235 3201  9 6 7 7 3.58869551e-04 6.30739931e-04 outputs/V1e25_D30_G14/solution/solution-00041 
 42 3.084342932489e+10 1.486349529380e+08 768 7235 3201  9 5 6 6 3.66232721e-04 6.41863705e-04 outputs/V1e25_D30_G14/solution/solution-00042 
 43 3.098951139498e+10 1.460820700895e+08 768 7235 3201  9 5 6 6 3.73022606e-04 6.51907235e-04 outputs/V1e25_D30_G14/solution/solution-00043 
 44 3.113336607478e+10 1.438546797981e+08 768 7235 3201  9 5 6 6 3.79234821e-04 6.60861871e-04 outputs/V1e25_D30_G14/solution/solution-00044 
 45 3.127529148160e+10 1.419254068152e+08 768 7235 3201  9 5 6 6 3.84867836e-04 6.68739448e-04 outputs/V1e25_D30_G14/solution/solution-00045 
 46 3.141556194435e+10 1.402704627574e+08 768 7235 3201  9 5 6 6 3.89922948e-04 6.75556223e-04 outputs/V1e25_D30_G14/solution/solution-00046 
 47 3.155443103689e+10 1.388690925341e+08 768 7235 3201  9 5 6 6 3.94404202e-04 6.81332604e-04 outputs/V1e25_D30_G14/solution/solution-00047 
 48 3.169203759141e+10 1.376065545216e+08 768 7235 3201  9 5 6 6 3.98315727e-04 6.89608975e-04 outputs/V1e25_D30_G14/solution/solution-00048 
 49 3.182795420768e+10 1.359166162713e+08 768 7235 3201  9 5 6 6 4.01653191e-04 6.96763905e-04 outputs/V1e25_D30_G14/solution/solution-00049 
 50 3.196245039832e+10 1.344961906391e+08 768 7235 3201  9 5 6 6 4.04437872e-04 7.02859651e-04 outputs/V1e25_D30_G14/solution/solution-00050 
 51 3.209577790164e+10 1.333275033173e+08 768 7235 3201  9 5 6 6 4.06691866e-04 7.07970531e-04 outputs/V1e25_D30_G14/solution/solution-00051 
 52 3.222817312730e+10 1.323952256588e+08 768 7235 3201  9 5 6 6 4.08437829e-04 7.11956786e-04 outputs/V1e25_D30_G14/solution/solution-00052 
 53 3.235985924452e+10 1.316861172276e+08 768 7235 3201  9 5 6 6 4.09698746e-04 7.14840490e-04 outputs/V1e25_D30_G14/solution/solution-00053 
 54 3.249104796949e+10 1.311887249679e+08 768 7235 3201  9 5 6 6 4.10497729e-04 7.16647584e-04 outputs/V1e25_D30_G14/solution/solution-00054 
 55 3.262194109704e+10 1.308931275455e+08 768 7235 3201  9 5 6 6 4.10857834e-04 7.17407764e-04 outputs/V1e25_D30_G14/solution/solution-00055 
 56 3.275265784218e+10 1.307167451392e+08 768 7235 3201  9 5 6 6 4.10802059e-04 7.17212350e-04 outputs/V1e25_D30_G14/solution/solution-00056 
 57 3.288337226726e+10 1.307144250847e+08 768 7235 3201  9 5 6 6 4.10353629e-04 7.16253734e-04 outputs/V1e25_D30_G14/solution/solution-00057 
 58 3.301426163721e+10 1.308893699447e+08 768 7235 3201  9 5 6 6 4.09535310e-04 7.14362062e-04 outputs/V1e25_D30_G14/solution/solution-00058 
 59 3.314549760986e+10 1.312359726585e+08 768 7235 3201  9 5 6 6 4.08369276e-04 7.11578559e-04 outputs/V1e25_D30_G14/solution/solution-00059 
 60 3.327724694210e+10 1.317493322354e+08 768 7235 3201  9 5 6 6 4.06877040e-04 7.08146375e-04 outputs/V1e25_D30_G14/solution/solution-00060 
 61 3.340967208510e+10 1.324251429978e+08 768 7235 3201  9 5 6 6 4.05079403e-04 7.03989216e-04 outputs/V1e25_D30_G14/solution/solution-00061 
 62 3.354289058747e+10 1.332185023679e+08 768 7235 3201  9 5 6 6 4.02997106e-04 6.99070116e-04 outputs/V1e25_D30_G14/solution/solution-00062 
 63 3.367700204645e+10 1.341114589856e+08 768 7235 3201  9 5 6 6 4.00650692e-04 6.93439571e-04 outputs/V1e25_D30_G14/solution/solution-00063 
 64 3.381215878464e+10 1.351567381904e+08 768 7235 3201  9 5 6 6 3.98059138e-04 6.87451732e-04 outputs/V1e25_D30_G14/solution/solution-00064 
 65 3.394851043404e+10 1.363516493938e+08 768 7235 3201  9 5 6 6 3.95240572e-04 6.80970021e-04 outputs/V1e25_D30_G14/solution/solution-00065 
 66 3.408620414925e+10 1.376937152149e+08 768 7235 3201  9 5 6 6 3.92212284e-04 6.73902161e-04 outputs/V1e25_D30_G14/solution/solution-00066 
 67 3.422537568040e+10 1.391715311532e+08 768 7235 3201  9 5 6 6 3.88990979e-04 6.66298384e-04 outputs/V1e25_D30_G14/solution/solution-00067 
 68 3.436608022297e+10 1.407045425665e+08 768 7235 3201  9 5 6 6 3.85594553e-04 6.58449859e-04 outputs/V1e25_D30_G14/solution/solution-00068 
 69 3.450846008482e+10 1.423798618462e+08 768 7235 3201  9 5 6 6 3.82038180e-04 6.50159063e-04 outputs/V1e25_D30_G14/solution/solution-00069 
 70 3.465265556765e+10 1.441954828344e+08 768 7235 3201  9 5 6 6 3.78336276e-04 6.41528454e-04 outputs/V1e25_D30_G14/solution/solution-00070 
 71 3.479880492982e+10 1.461493621712e+08 768 7235 3201  9 5 6 6 3.74502555e-04 6.32693544e-04 outputs/V1e25_D30_G14/solution/solution-00071 
 72 3.494702891900e+10 1.482239891805e+08 768 7235 3201  9 5 6 6 3.70550508e-04 6.23532899e-04 outputs/V1e25_D30_G14/solution/solution-00072 
 73 3.509738964141e+10 1.503607224089e+08 768 7235 3201  9 5 6 6 3.66494596e-04 6.14098584e-04 outputs/V1e25_D30_G14/solution/solution-00073 
 74 3.525002236069e+10 1.526327192764e+08 768 7235 3201  9 5 6 6 3.62346745e-04 6.04627266e-04 outputs/V1e25_D30_G14/solution/solution-00074 
 75 3.540505996611e+10 1.550376054200e+08 768 7235 3201  9 5 6 6 3.58118385e-04 5.95032459e-04 outputs/V1e25_D30_G14/solution/solution-00075 
 76 3.556263271617e+10 1.575727500644e+08 768 7235 3201  9 5 6 6 3.53820521e-04 5.85261222e-04 outputs/V1e25_D30_G14/solution/solution-00076 
 77 3.572286216896e+10 1.602294527895e+08 768 7235 3201  9 5 6 6 3.49463957e-04 5.75356903e-04 outputs/V1e25_D30_G14/solution/solution-00077 
 78 3.588581010956e+10 1.629479405943e+08 768 7235 3201  9 5 6 6 3.45060729e-04 5.65464507e-04 outputs/V1e25_D30_G14/solution/solution-00078 
 79 3.605160300870e+10 1.657928991443e+08 768 7235 3201  9 5 6 6 3.40620763e-04 5.55520826e-04 outputs/V1e25_D30_G14/solution/solution-00079 
 80 3.622036355861e+10 1.687605499067e+08 768 7235 3201  9 5 6 6 3.36153800e-04 5.45544708e-04 outputs/V1e25_D30_G14/solution/solution-00080 
 81 3.639221015276e+10 1.718465941481e+08 768 7235 3201  9 5 6 6 3.31669466e-04 5.36300982e-04 outputs/V1e25_D30_G14/solution/solution-00081 
 82 3.656715411149e+10 1.749439587339e+08 768 7235 3201  9 5 6 6 3.27179920e-04 5.30163571e-04 outputs/V1e25_D30_G14/solution/solution-00082 
 83 3.674413562676e+10 1.769815152682e+08 768 7235 3201  9 5 6 6 3.22723624e-04 5.24141307e-04 outputs/V1e25_D30_G14/solution/solution-00083 
 84 3.692316257326e+10 1.790269465071e+08 768 7235 3201  9 5 6 6 3.18310312e-04 5.18245493e-04 outputs/V1e25_D30_G14/solution/solution-00084 
 85 3.710423776912e+10 1.810751958569e+08 768 7235 3201  9 5 6 6 3.13949233e-04 5.12485958e-04 outputs/V1e25_D30_G14/solution/solution-00085 
 86 3.728735908129e+10 1.831213121658e+08 768 7235 3201  9 5 6 6 3.09649159e-04 5.06871139e-04 outputs/V1e25_D30_G14/solution/solution-00086 
 87 3.747251954993e+10 1.851604686409e+08 768 7235 3201  9 5 6 6 3.05418400e-04 5.01408169e-04 outputs/V1e25_D30_G14/solution/solution-00087 
 88 3.765970752932e+10 1.871879793900e+08 768 7235 3201  9 5 6 6 3.01264811e-04 4.96102971e-04 outputs/V1e25_D30_G14/solution/solution-00088 
 89 3.784890118388e+10 1.891936545637e+08 768 7235 3201  9 5 6 6 2.97195917e-04 4.90960495e-04 outputs/V1e25_D30_G14/solution/solution-00089 
 90 3.804006529943e+10 1.911641155505e+08 768 7235 3201  9 5 6 6 2.93218961e-04 4.85984864e-04 outputs/V1e25_D30_G14/solution/solution-00090 
 91 3.823317615179e+10 1.931108523567e+08 768 7235 3201  9 5 6 6 2.89340380e-04 4.81178802e-04 outputs/V1e25_D30_G14/solution/solution-00091 
 92 3.842820618090e+10 1.950300291120e+08 768 7235 3201  9 5 6 6 2.85566146e-04 4.76544167e-04 outputs/V1e25_D30_G14/solution/solution-00092 
 93 3.862512420451e+10 1.969180236121e+08 768 7235 3201  9 5 6 6 2.81901761e-04 4.72082032e-04 outputs/V1e25_D30_G14/solution/solution-00093 
 94 3.882389564116e+10 1.987714366477e+08 768 7235 3201  9 5 6 6 2.78352247e-04 4.67792755e-04 outputs/V1e25_D30_G14/solution/solution-00094 
 95 3.902448274116e+10 2.005871000016e+08 768 7235 3201  9 5 6 6 2.74922137e-04 4.63676049e-04 outputs/V1e25_D30_G14/solution/solution-00095 
 96 3.922684482414e+10 2.023620829814e+08 768 7235 3201  9 5 6 6 2.71615473e-04 4.59731049e-04 outputs/V1e25_D30_G14/solution/solution-00096 
 97 3.943093852150e+10 2.040936973609e+08 768 7235 3201  9 5 6 6 2.68435797e-04 4.55956374e-04 outputs/V1e25_D30_G14/solution/solution-00097 
 98 3.963671802213e+10 2.057795006213e+08 768 7235 3201  9 5 6 6 2.65386157e-04 4.52350186e-04 outputs/V1e25_D30_G14/solution/solution-00098 
 99 3.984413531953e+10 2.074172974018e+08 768 7235 3201  9 5 6 6 2.62469103e-04 4.48910240e-04 outputs/V1e25_D30_G14/solution/solution-00099 
100 4.005314045862e+10 2.090051390941e+08 768 7235 3201  9 5 6 6 2.59686706e-04 4.45633941e-04 outputs/V1e25_D30_G14/solution/solution-00100 
