# 1: Time step number
# 2: Time (years)
# 3: Time step size (years)
# 4: Number of mesh cells
# 5: Number of Stokes degrees of freedom
# 6: Number of temperature degrees of freedom
# 7: Iterations for temperature solver
# 8: Iterations for Stokes solver
# 9: Velocity iterations in Stokes preconditioner
# 10: Schur complement iterations in Stokes preconditioner
# 11: RMS velocity (m/year)
# 12: Max. velocity (m/year)
# 13: Visualization file name
  0 0.000000000000e+00 0.000000000000e+00 768 7235 3201  0 8 9 9 2.00371319e-06 3.44316672e-06 outputs/V3.3e24_D300_G10/solution/solution-00000 
  1 1.392571516413e+09 1.392571516413e+09 768 7235 3201 31 8 9 9 2.64193014e-06 4.59066027e-06 outputs/V3.3e24_D300_G10/solution/solution-00001 
  2 2.785143032825e+09 1.392571516413e+09 768 7235 3201 25 8 9 9 3.77775027e-06 6.79984848e-06 outputs/V3.3e24_D300_G10/solution/solution-00002 
  3 4.177714549238e+09 1.392571516413e+09 768 7235 3201 24 8 9 9 5.80241973e-06 1.07546601e-05 outputs/V3.3e24_D300_G10/solution/solution-00003 
  4 5.570286065650e+09 1.392571516413e+09 768 7235 3201 23 8 9 9 9.46250213e-06 1.78706472e-05 outputs/V3.3e24_D300_G10/solution/solution-00004 
  5 6.962857582063e+09 1.392571516413e+09 768 7235 3201 23 8 9 9 1.61944717e-05 3.08602969e-05 outputs/V3.3e24_D300_G10/solution/solution-00005 
  6 8.355429098476e+09 1.392571516413e+09 768 7235 3201 22 8 9 9 2.87968351e-05 5.50005644e-05 outputs/V3.3e24_D300_G10/solution/solution-00006 
  7 9.748000614888e+09 1.392571516413e+09 768 7235 3201 22 8 9 9 5.27798666e-05 1.00565900e-04 outputs/V3.3e24_D300_G10/solution/solution-00007 
  8 1.068004962299e+10 9.320490080999e+08 768 7235 3201 20 8 9 9 8.18409533e-05 1.55597657e-04 outputs/V3.3e24_D300_G10/solution/solution-00008 
  9 1.128270229840e+10 6.026526754086e+08 768 7235 3201 16 7 8 8 1.10971189e-04 2.10620294e-04 outputs/V3.3e24_D300_G10/solution/solution-00009 
 10 1.172781610175e+10 4.451138033539e+08 768 7235 3201 14 7 8 8 1.40384802e-04 2.66067311e-04 outputs/V3.3e24_D300_G10/solution/solution-00010 
 11 1.208017262462e+10 3.523565228703e+08 768 7235 3201 12 7 8 8 1.69974263e-04 3.21791249e-04 outputs/V3.3e24_D300_G10/solution/solution-00011 
 12 1.237154382980e+10 2.913712051815e+08 768 7235 3201 11 6 7 7 1.99649474e-04 3.77467117e-04 outputs/V3.3e24_D300_G10/solution/solution-00012 
 13 1.261987197557e+10 2.483281457680e+08 768 7235 3201 11 6 7 7 2.29349672e-04 4.33159025e-04 outputs/V3.3e24_D300_G10/solution/solution-00013 
 14 1.283639194992e+10 2.165199743495e+08 768 7235 3201 10 6 7 7 2.59046364e-04 4.88620510e-04 outputs/V3.3e24_D300_G10/solution/solution-00014 
 15 1.302825864023e+10 1.918666903117e+08 768 7235 3201 10 6 7 7 2.88671119e-04 5.43652920e-04 outputs/V3.3e24_D300_G10/solution/solution-00015 
 16 1.320072640939e+10 1.724677691557e+08 768 7235 3201 10 6 7 7 3.18199665e-04 5.98358247e-04 outputs/V3.3e24_D300_G10/solution/solution-00016 
 17 1.335744777151e+10 1.567213621196e+08 768 7235 3201  9 6 7 7 3.47574308e-04 6.52130153e-04 outputs/V3.3e24_D300_G10/solution/solution-00017 
 18 1.350114374059e+10 1.436959690795e+08 768 7235 3201  9 6 7 7 3.76728088e-04 7.05640509e-04 outputs/V3.3e24_D300_G10/solution/solution-00018 
 19 1.363401559498e+10 1.328718543888e+08 768 7235 3201  9 6 7 7 4.05611891e-04 7.58055261e-04 outputs/V3.3e24_D300_G10/solution/solution-00019 
 20 1.375774672670e+10 1.237311317295e+08 768 7235 3201  9 6 7 7 4.34159572e-04 8.09338633e-04 outputs/V3.3e24_D300_G10/solution/solution-00020 
 21 1.387358204729e+10 1.158353205824e+08 768 7235 3201  9 6 7 7 4.62273452e-04 8.59460961e-04 outputs/V3.3e24_D300_G10/solution/solution-00021 
 22 1.398266204539e+10 1.090799981015e+08 768 7235 3201  9 6 7 7 4.89884105e-04 9.07907548e-04 outputs/V3.3e24_D300_G10/solution/solution-00022 
 23 1.408592145787e+10 1.032594124813e+08 768 7235 3201  9 6 7 7 5.16916088e-04 9.55120938e-04 outputs/V3.3e24_D300_G10/solution/solution-00023 
 24 1.418413701355e+10 9.821555568123e+07 768 7235 3201  9 6 7 7 5.43289255e-04 1.00039231e-03 outputs/V3.3e24_D300_G10/solution/solution-00024 
 25 1.427788266001e+10 9.374564645537e+07 768 7235 3201  9 6 7 7 5.68898381e-04 1.04354095e-03 outputs/V3.3e24_D300_G10/solution/solution-00025 
 26 1.436771312735e+10 8.983046733890e+07 768 7235 3201  9 6 7 7 5.93657574e-04 1.08443957e-03 outputs/V3.3e24_D300_G10/solution/solution-00026 
 27 1.445412121527e+10 8.640808792669e+07 768 7235 3201  9 6 7 7 6.17486135e-04 1.12359467e-03 outputs/V3.3e24_D300_G10/solution/solution-00027 
 28 1.453753316610e+10 8.341195082688e+07 768 7235 3201  9 6 7 7 6.40304627e-04 1.16048537e-03 outputs/V3.3e24_D300_G10/solution/solution-00028 
 29 1.461832089660e+10 8.078773050373e+07 768 7235 3201  9 6 7 7 6.62036336e-04 1.19481393e-03 outputs/V3.3e24_D300_G10/solution/solution-00029 
 30 1.469681157362e+10 7.849067701814e+07 768 7235 3201  9 6 7 7 6.82608682e-04 1.22650568e-03                                               "" 
 31 1.477329519792e+10 7.648362430307e+07 768 7235 3201  9 6 7 7 7.01954546e-04 1.25550242e-03 outputs/V3.3e24_D300_G10/solution/solution-00030 
 32 1.484800314292e+10 7.470794499634e+07 768 7235 3201  9 6 7 7 7.20007031e-04 1.28175364e-03 outputs/V3.3e24_D300_G10/solution/solution-00031 
 33 1.492116044425e+10 7.315730133142e+07 768 7235 3201  9 6 7 7 7.36712961e-04 1.30528311e-03 outputs/V3.3e24_D300_G10/solution/solution-00032 
 34 1.499298394317e+10 7.182349891399e+07 768 7235 3201  9 6 7 7 7.52031484e-04 1.32627543e-03                                               "" 
 35 1.506367061775e+10 7.068667458045e+07 768 7235 3201  9 6 7 7 7.65930838e-04 1.34447397e-03 outputs/V3.3e24_D300_G10/solution/solution-00033 
 36 1.513340049144e+10 6.972987369158e+07 768 7235 3201  9 6 7 7 7.78388842e-04 1.35990656e-03 outputs/V3.3e24_D300_G10/solution/solution-00034 
 37 1.520233905138e+10 6.893855994471e+07 768 7235 3201  9 6 7 7 7.89393184e-04 1.37686579e-03 outputs/V3.3e24_D300_G10/solution/solution-00035 
 38 1.527041451129e+10 6.807545991140e+07 768 7235 3201  9 6 7 7 7.98912367e-04 1.39628875e-03                                               "" 
 39 1.533754152032e+10 6.712700903073e+07 768 7235 3201  9 5 6 6 8.06942741e-04 1.41259959e-03 outputs/V3.3e24_D300_G10/solution/solution-00036 
 40 1.540389113413e+10 6.634961380111e+07 768 7235 3201  9 5 6 6 8.13532432e-04 1.42591158e-03 outputs/V3.3e24_D300_G10/solution/solution-00037 
 41 1.546961830497e+10 6.572717084410e+07 768 7235 3201  9 5 6 6 8.18734237e-04 1.43988461e-03                                               "" 
 42 1.553472768896e+10 6.510938398823e+07 768 7235 3201  9 5 6 6 8.22598233e-04 1.45129680e-03 outputs/V3.3e24_D300_G10/solution/solution-00038 
 43 1.559932508888e+10 6.459739992142e+07 768 7235 3201  9 5 6 6 8.25191706e-04 1.45971684e-03                                               "" 
 44 1.566354987391e+10 6.422478503120e+07 768 7235 3201  9 5 6 6 8.26586312e-04 1.46518353e-03 outputs/V3.3e24_D300_G10/solution/solution-00039 
 45 1.572753503195e+10 6.398515803814e+07 768 7235 3201  9 5 6 6 8.26853454e-04 1.46836196e-03 outputs/V3.3e24_D300_G10/solution/solution-00040 
 46 1.579140838211e+10 6.387335015990e+07 768 7235 3201  9 5 6 6 8.26063486e-04 1.46883224e-03                                               "" 
 47 1.585525749029e+10 6.384910818461e+07 768 7235 3201  9 6 7 7 8.24286324e-04 1.46657134e-03 outputs/V3.3e24_D300_G10/solution/solution-00041 
 48 1.591917681188e+10 6.391932158717e+07 768 7235 3201  9 6 7 7 8.21591164e-04 1.46183630e-03 outputs/V3.3e24_D300_G10/solution/solution-00042 
 49 1.598328155446e+10 6.410474257960e+07 768 7235 3201  9 6 7 7 8.18044217e-04 1.45575888e-03                                               "" 
 50 1.604768517688e+10 6.440362242296e+07 768 7235 3201  9 6 7 7 8.13708493e-04 1.44723626e-03 outputs/V3.3e24_D300_G10/solution/solution-00043 
 51 1.611249996059e+10 6.481478370750e+07 768 7235 3201  9 6 7 7 8.08643587e-04 1.43647051e-03 outputs/V3.3e24_D300_G10/solution/solution-00044 
 52 1.617776409170e+10 6.526413110652e+07 768 7235 3201  9 6 7 7 8.02912310e-04 1.42429405e-03                                               "" 
 53 1.624358617387e+10 6.582208216786e+07 768 7235 3201  9 6 7 7 7.96569177e-04 1.41016398e-03 outputs/V3.3e24_D300_G10/solution/solution-00045 
 54 1.631007601144e+10 6.648983757886e+07 768 7235 3201  9 6 7 7 7.89664660e-04 1.39478111e-03 outputs/V3.3e24_D300_G10/solution/solution-00046 
 55 1.637730657000e+10 6.723055855845e+07 768 7235 3201  9 6 7 7 7.82249571e-04 1.37748801e-03                                               "" 
 56 1.644534344757e+10 6.803687756741e+07 768 7235 3201  9 6 7 7 7.74372693e-04 1.35978290e-03 outputs/V3.3e24_D300_G10/solution/solution-00047 
 57 1.651429786205e+10 6.895441448324e+07 768 7235 3201  9 6 7 7 7.66074352e-04 1.34050336e-03 outputs/V3.3e24_D300_G10/solution/solution-00048 
 58 1.658424074513e+10 6.994288308043e+07 768 7235 3201  9 6 7 7 7.57396342e-04 1.32306970e-03                                               "" 
 59 1.665510308799e+10 7.086234285403e+07 768 7235 3201  9 6 7 7 7.48395484e-04 1.30720129e-03 outputs/V3.3e24_D300_G10/solution/solution-00049 
 60 1.672683302484e+10 7.172993685552e+07 768 7235 3201  9 6 7 7 7.39124555e-04 1.29105819e-03 outputs/V3.3e24_D300_G10/solution/solution-00050 
 61 1.679946734836e+10 7.263432352182e+07 768 7235 3201  9 6 7 7 7.29622015e-04 1.27472988e-03                                               "" 
 62 1.687303967574e+10 7.357232737696e+07 768 7235 3201  8 6 7 7 7.19923321e-04 1.25829872e-03 outputs/V3.3e24_D300_G10/solution/solution-00051 
 63 1.694758047487e+10 7.454079912669e+07 768 7235 3201  8 6 7 7 7.10061036e-04 1.24183999e-03 outputs/V3.3e24_D300_G10/solution/solution-00052 
 64 1.702311709119e+10 7.553661632089e+07 768 7235 3201  8 6 7 7 7.00064977e-04 1.22542201e-03 outputs/V3.3e24_D300_G10/solution/solution-00053 
 65 1.709967377753e+10 7.655668633801e+07 768 7235 3201  8 6 7 7 6.89962383e-04 1.20910629e-03                                               "" 
 66 1.717727172948e+10 7.759795195267e+07 768 7235 3201  8 6 7 7 6.79778117e-04 1.19294772e-03 outputs/V3.3e24_D300_G10/solution/solution-00054 
 67 1.725592912879e+10 7.865739931428e+07 768 7235 3201  8 6 7 7 6.69534875e-04 1.17699483e-03 outputs/V3.3e24_D300_G10/solution/solution-00055 
 68 1.733566119679e+10 7.973206799258e+07 768 7235 3201  8 6 7 7 6.59253405e-04 1.16129003e-03 outputs/V3.3e24_D300_G10/solution/solution-00056 
 69 1.741648025946e+10 8.081906266801e+07 768 7235 3201  8 5 6 6 6.48952727e-04 1.14586992e-03 outputs/V3.3e24_D300_G10/solution/solution-00057 
 70 1.749838343180e+10 8.190317234781e+07 768 7235 3201  8 5 6 6 6.38651909e-04 1.13076782e-03                                               "" 
 71 1.758136911139e+10 8.298567958511e+07 768 7235 3201  8 5 6 6 6.28368138e-04 1.11601084e-03 outputs/V3.3e24_D300_G10/solution/solution-00058 
 72 1.766544054573e+10 8.407143433933e+07 768 7235 3201  8 5 6 6 6.18116532e-04 1.10161977e-03 outputs/V3.3e24_D300_G10/solution/solution-00059 
 73 1.775059849792e+10 8.515795219102e+07 768 7235 3201  8 5 6 6 6.07911292e-04 1.08761089e-03 outputs/V3.3e24_D300_G10/solution/solution-00060 
 74 1.783684139009e+10 8.624289216962e+07 768 7235 3201  8 5 6 6 5.97765856e-04 1.07399628e-03 outputs/V3.3e24_D300_G10/solution/solution-00061 
 75 1.792416545810e+10 8.732406801044e+07 768 7235 3201  8 5 6 6 5.87693052e-04 1.06078424e-03 outputs/V3.3e24_D300_G10/solution/solution-00062 
 76 1.801256491584e+10 8.839945774001e+07 768 7235 3201  8 5 6 6 5.77705213e-04 1.04797964e-03 outputs/V3.3e24_D300_G10/solution/solution-00063 
 77 1.810203212722e+10 8.946721137877e+07 768 7235 3201  8 5 6 6 5.67814267e-04 1.03561801e-03 outputs/V3.3e24_D300_G10/solution/solution-00064 
 78 1.819255778383e+10 9.052565661029e+07 768 7235 3201  8 5 6 6 5.58031807e-04 1.02377000e-03                                               "" 
 79 1.828413108617e+10 9.157330234105e+07 768 7235 3201  8 5 6 6 5.48369126e-04 1.01232236e-03 outputs/V3.3e24_D300_G10/solution/solution-00065 
 80 1.837673992632e+10 9.260884015073e+07 768 7235 3201  8 5 6 6 5.38837233e-04 1.00126941e-03 outputs/V3.3e24_D300_G10/solution/solution-00066 
 81 1.847037107002e+10 9.363114370494e+07 768 7235 3201  8 5 6 6 5.29446842e-04 9.90603623e-04 outputs/V3.3e24_D300_G10/solution/solution-00067 
 82 1.856501033629e+10 9.463926626272e+07 768 7235 3201  8 5 6 6 5.20208344e-04 9.80315921e-04 outputs/V3.3e24_D300_G10/solution/solution-00068 
 83 1.866064277275e+10 9.563243645978e+07 768 7235 3201  8 5 6 6 5.11131756e-04 9.70395911e-04 outputs/V3.3e24_D300_G10/solution/solution-00069 
 84 1.875725282533e+10 9.661005258155e+07 768 7235 3201  8 5 6 6 5.02226663e-04 9.60832121e-04 outputs/V3.3e24_D300_G10/solution/solution-00070 
 85 1.885482450089e+10 9.757167555719e+07 768 7235 3201  8 5 6 6 4.93502141e-04 9.51612210e-04 outputs/V3.3e24_D300_G10/solution/solution-00071 
 86 1.895334152179e+10 9.851702090879e+07 768 7235 3201  8 5 6 6 4.84966687e-04 9.42723159e-04 outputs/V3.3e24_D300_G10/solution/solution-00072 
 87 1.905278747167e+10 9.944594987833e+07 768 7235 3201  8 5 6 6 4.76628132e-04 9.34151441e-04 outputs/V3.3e24_D300_G10/solution/solution-00073 
 88 1.915314593161e+10 1.003584599339e+08 768 7235 3201  7 5 6 6 4.68493571e-04 9.25883177e-04 outputs/V3.3e24_D300_G10/solution/solution-00074 
 89 1.925440060643e+10 1.012546748272e+08 768 7235 3201  7 5 6 6 4.60569289e-04 9.17904265e-04 outputs/V3.3e24_D300_G10/solution/solution-00075 
 90 1.935653544077e+10 1.021348343403e+08 768 7235 3201  7 5 6 6 4.52860707e-04 9.10200503e-04 outputs/V3.3e24_D300_G10/solution/solution-00076 
 91 1.945953472460e+10 1.029992838277e+08 768 7235 3201  7 5 6 6 4.45372330e-04 9.02757698e-04 outputs/V3.3e24_D300_G10/solution/solution-00077 
 92 1.956338318823e+10 1.038484636257e+08 768 7235 3201  7 5 6 6 4.38107716e-04 8.95561753e-04 outputs/V3.3e24_D300_G10/solution/solution-00078 
 93 1.966806608660e+10 1.046828983771e+08 768 7235 3201  7 5 6 6 4.31069467e-04 8.88598755e-04 outputs/V3.3e24_D300_G10/solution/solution-00079 
 94 1.977356927290e+10 1.055031862964e+08 768 7235 3201  7 5 6 6 4.24259222e-04 8.81855049e-04 outputs/V3.3e24_D300_G10/solution/solution-00080 
 95 1.987987926129e+10 1.063099883901e+08 768 7235 3201  7 5 6 6 4.17677687e-04 8.75317304e-04 outputs/V3.3e24_D300_G10/solution/solution-00081 
 96 1.998698327893e+10 1.071040176379e+08 768 7235 3201  7 5 6 6 4.11324659e-04 8.68972578e-04 outputs/V3.3e24_D300_G10/solution/solution-00082 
 97 2.009486930707e+10 1.078860281422e+08 768 7235 3201  7 5 6 6 4.05199086e-04 8.62808368e-04 outputs/V3.3e24_D300_G10/solution/solution-00083 
 98 2.020352611133e+10 1.086568042579e+08 768 7235 3201  7 5 6 6 3.99299124e-04 8.56812668e-04 outputs/V3.3e24_D300_G10/solution/solution-00084 
 99 2.031294326105e+10 1.094171497214e+08 768 7235 3201  7 5 6 6 3.93622217e-04 8.50974011e-04 outputs/V3.3e24_D300_G10/solution/solution-00085 
100 2.042311113786e+10 1.101678768097e+08 768 7235 3201  7 5 6 6 3.88165171e-04 8.45281515e-04 outputs/V3.3e24_D300_G10/solution/solution-00086 
