# 1: Time step number
# 2: Time (years)
# 3: Time step size (years)
# 4: Number of mesh cells
# 5: Number of Stokes degrees of freedom
# 6: Number of temperature degrees of freedom
# 7: Iterations for temperature solver
# 8: Iterations for Stokes solver
# 9: Velocity iterations in Stokes preconditioner
# 10: Schur complement iterations in Stokes preconditioner
# 11: RMS velocity (m/year)
# 12: Max. velocity (m/year)
# 13: Visualization file name
  0 0.000000000000e+00 0.000000000000e+00 768 7235 3201  0 8 9 9 8.05511723e-09 1.69713736e-08 outputs/V1e27_D3000_G12/solution/solution-00000 
  1 1.392571516413e+09 1.392571516413e+09 768 7235 3201 32 8 9 9 7.62264863e-09 1.36507258e-08 outputs/V1e27_D3000_G12/solution/solution-00001 
  2 2.785143032825e+09 1.392571516413e+09 768 7235 3201 25 8 9 9 7.27218727e-09 1.22699993e-08 outputs/V1e27_D3000_G12/solution/solution-00002 
  3 4.177714549238e+09 1.392571516413e+09 768 7235 3201 24 8 9 9 6.95300393e-09 1.17400660e-08 outputs/V1e27_D3000_G12/solution/solution-00003 
  4 5.570286065650e+09 1.392571516413e+09 768 7235 3201 23 8 9 9 6.64309561e-09 1.12244300e-08 outputs/V1e27_D3000_G12/solution/solution-00004 
  5 6.962857582063e+09 1.392571516413e+09 768 7235 3201 23 8 9 9 6.34300597e-09 1.07243811e-08 outputs/V1e27_D3000_G12/solution/solution-00005 
  6 8.355429098476e+09 1.392571516413e+09 768 7235 3201 22 8 9 9 6.05301918e-09 1.02406267e-08 outputs/V1e27_D3000_G12/solution/solution-00006 
  7 9.748000614888e+09 1.392571516413e+09 768 7235 3201 22 8 9 9 5.77342918e-09 9.77357635e-09 outputs/V1e27_D3000_G12/solution/solution-00007 
  8 1.114057213130e+10 1.392571516413e+09 768 7235 3201 21 8 9 9 5.50440818e-09 9.32344827e-09 outputs/V1e27_D3000_G12/solution/solution-00008 
  9 1.253314364771e+10 1.392571516413e+09 768 7235 3201 21 8 9 9 5.24600410e-09 8.89031586e-09 outputs/V1e27_D3000_G12/solution/solution-00009 
 10 1.392571516413e+10 1.392571516413e+09 768 7235 3201 21 8 9 9 4.99816299e-09 8.47413314e-09 outputs/V1e27_D3000_G12/solution/solution-00010 
 11 1.531828668054e+10 1.392571516413e+09 768 7235 3201 20 8 9 9 4.76075038e-09 8.07475267e-09 outputs/V1e27_D3000_G12/solution/solution-00011 
 12 1.671085819695e+10 1.392571516413e+09 768 7235 3201 20 8 9 9 4.53356950e-09 7.69194060e-09 outputs/V1e27_D3000_G12/solution/solution-00012 
 13 1.810342971336e+10 1.392571516413e+09 768 7235 3201 20 8 9 9 4.31637644e-09 7.32539025e-09 outputs/V1e27_D3000_G12/solution/solution-00013 
 14 1.949600122978e+10 1.392571516413e+09 768 7235 3201 20 8 9 9 4.10889245e-09 6.97473477e-09 outputs/V1e27_D3000_G12/solution/solution-00014 
 15 2.088857274619e+10 1.392571516413e+09 768 7235 3201 20 8 9 9 3.91081407e-09 6.63955892e-09 outputs/V1e27_D3000_G12/solution/solution-00015 
 16 2.228114426260e+10 1.392571516413e+09 768 7235 3201 20 8 9 9 3.72182121e-09 6.31940983e-09 outputs/V1e27_D3000_G12/solution/solution-00016 
 17 2.367371577901e+10 1.392571516413e+09 768 7235 3201 20 8 9 9 3.54158369e-09 6.01380672e-09 outputs/V1e27_D3000_G12/solution/solution-00017 
 18 2.506628729543e+10 1.392571516413e+09 768 7235 3201 20 8 9 9 3.36976636e-09 5.72224946e-09 outputs/V1e27_D3000_G12/solution/solution-00018 
 19 2.645885881184e+10 1.392571516413e+09 768 7235 3201 19 8 9 9 3.20603325e-09 5.44422601e-09 outputs/V1e27_D3000_G12/solution/solution-00019 
 20 2.785143032825e+10 1.392571516413e+09 768 7235 3201 19 8 9 9 3.05005074e-09 5.17921866e-09 outputs/V1e27_D3000_G12/solution/solution-00020 
 21 2.924400184466e+10 1.392571516413e+09 768 7235 3201 19 8 9 9 2.90149002e-09 4.92670935e-09 outputs/V1e27_D3000_G12/solution/solution-00021 
 22 3.063657336108e+10 1.392571516413e+09 768 7235 3201 19 8 9 9 2.76002897e-09 4.68618384e-09 outputs/V1e27_D3000_G12/solution/solution-00022 
 23 3.202914487749e+10 1.392571516413e+09 768 7235 3201 19 8 9 9 2.62535358e-09 4.45713526e-09 outputs/V1e27_D3000_G12/solution/solution-00023 
 24 3.342171639390e+10 1.392571516413e+09 768 7235 3201 19 8 9 9 2.49715894e-09 4.23906674e-09 outputs/V1e27_D3000_G12/solution/solution-00024 
 25 3.481428791032e+10 1.392571516413e+09 768 7235 3201 19 8 9 9 2.37514998e-09 4.03149356e-09 outputs/V1e27_D3000_G12/solution/solution-00025 
 26 3.620685942673e+10 1.392571516413e+09 768 7235 3201 19 8 9 9 2.25904190e-09 3.83394465e-09 outputs/V1e27_D3000_G12/solution/solution-00026 
 27 3.759943094314e+10 1.392571516413e+09 768 7235 3201 19 8 9 9 2.14856046e-09 3.64596373e-09 outputs/V1e27_D3000_G12/solution/solution-00027 
 28 3.899200245955e+10 1.392571516413e+09 768 7235 3201 19 8 9 9 2.04344208e-09 3.46711011e-09 outputs/V1e27_D3000_G12/solution/solution-00028 
 29 4.038457397597e+10 1.392571516413e+09 768 7235 3201 19 8 9 9 1.94343382e-09 3.29695911e-09 outputs/V1e27_D3000_G12/solution/solution-00029 
 30 4.177714549238e+10 1.392571516413e+09 768 7235 3201 19 8 9 9 1.84829331e-09 3.13510231e-09 outputs/V1e27_D3000_G12/solution/solution-00030 
 31 4.316971700879e+10 1.392571516413e+09 768 7235 3201 19 8 9 9 1.75778855e-09 2.98114759e-09 outputs/V1e27_D3000_G12/solution/solution-00031 
 32 4.456228852520e+10 1.392571516413e+09 768 7235 3201 19 8 9 9 1.67169768e-09 2.83471904e-09 outputs/V1e27_D3000_G12/solution/solution-00032 
 33 4.595486004162e+10 1.392571516413e+09 768 7235 3201 19 8 9 9 1.58980870e-09 2.69545669e-09 outputs/V1e27_D3000_G12/solution/solution-00033 
 34 4.734743155803e+10 1.392571516413e+09 768 7235 3201 18 8 9 9 1.51191921e-09 2.56301625e-09 outputs/V1e27_D3000_G12/solution/solution-00034 
 35 4.874000307444e+10 1.392571516413e+09 768 7235 3201 18 8 9 9 1.43783606e-09 2.43706867e-09 outputs/V1e27_D3000_G12/solution/solution-00035 
 36 5.013257459085e+10 1.392571516413e+09 768 7235 3201 18 8 9 9 1.36737500e-09 2.31729975e-09 outputs/V1e27_D3000_G12/solution/solution-00036 
 37 5.152514610727e+10 1.392571516413e+09 768 7235 3201 18 8 9 9 1.30036041e-09 2.20340964e-09 outputs/V1e27_D3000_G12/solution/solution-00037 
 38 5.291771762368e+10 1.392571516413e+09 768 7235 3201 18 8 9 9 1.23662490e-09 2.09511235e-09 outputs/V1e27_D3000_G12/solution/solution-00038 
 39 5.431028914009e+10 1.392571516413e+09 768 7235 3201 18 8 9 9 1.17600898e-09 1.99213525e-09 outputs/V1e27_D3000_G12/solution/solution-00039 
 40 5.570286065650e+10 1.392571516413e+09 768 7235 3201 18 8 9 9 1.11836075e-09 1.89421855e-09 outputs/V1e27_D3000_G12/solution/solution-00040 
 41 5.709543217292e+10 1.392571516413e+09 768 7235 3201 18 8 9 9 1.06353557e-09 1.80111477e-09 outputs/V1e27_D3000_G12/solution/solution-00041 
 42 5.848800368933e+10 1.392571516413e+09 768 7235 3201 18 8 9 9 1.01139572e-09 1.71258826e-09 outputs/V1e27_D3000_G12/solution/solution-00042 
 43 5.988057520574e+10 1.392571516413e+09 768 7235 3201 18 8 9 9 9.61810100e-10 1.62841466e-09 outputs/V1e27_D3000_G12/solution/solution-00043 
 44 6.127314672215e+10 1.392571516413e+09 768 7235 3201 18 8 9 9 9.14653940e-10 1.54838041e-09 outputs/V1e27_D3000_G12/solution/solution-00044 
 45 6.266571823857e+10 1.392571516413e+09 768 7235 3201 18 8 9 9 8.69808496e-10 1.47228229e-09 outputs/V1e27_D3000_G12/solution/solution-00045 
 46 6.405828975498e+10 1.392571516413e+09 768 7235 3201 18 8 9 9 8.27160776e-10 1.39992695e-09 outputs/V1e27_D3000_G12/solution/solution-00046 
 47 6.545086127139e+10 1.392571516413e+09 768 7235 3201 18 8 9 9 7.86603269e-10 1.33113042e-09 outputs/V1e27_D3000_G12/solution/solution-00047 
 48 6.684343278781e+10 1.392571516413e+09 768 7235 3201 18 8 9 9 7.48033690e-10 1.26571771e-09 outputs/V1e27_D3000_G12/solution/solution-00048 
 49 6.823600430422e+10 1.392571516413e+09 768 7235 3201 18 8 9 9 7.11354731e-10 1.20352239e-09 outputs/V1e27_D3000_G12/solution/solution-00049 
 50 6.962857582063e+10 1.392571516413e+09 768 7235 3201 18 8 9 9 6.76473821e-10 1.14438616e-09 outputs/V1e27_D3000_G12/solution/solution-00050 
 51 7.102114733704e+10 1.392571516413e+09 768 7235 3201 18 8 9 9 6.43302905e-10 1.08815849e-09 outputs/V1e27_D3000_G12/solution/solution-00051 
 52 7.241371885346e+10 1.392571516413e+09 768 7235 3201 18 8 9 9 6.11758224e-10 1.03469621e-09 outputs/V1e27_D3000_G12/solution/solution-00052 
 53 7.380629036987e+10 1.392571516413e+09 768 7235 3201 18 8 9 9 5.81760108e-10 9.83863223e-10 outputs/V1e27_D3000_G12/solution/solution-00053 
 54 7.519886188628e+10 1.392571516413e+09 768 7235 3201 18 8 9 9 5.53232780e-10 9.35530079e-10 outputs/V1e27_D3000_G12/solution/solution-00054 
 55 7.659143340269e+10 1.392571516413e+09 768 7235 3201 18 8 9 9 5.26104168e-10 8.89573715e-10 outputs/V1e27_D3000_G12/solution/solution-00055 
 56 7.798400491911e+10 1.392571516413e+09 768 7235 3201 18 8 9 9 5.00305724e-10 8.45877122e-10 outputs/V1e27_D3000_G12/solution/solution-00056 
 57 7.937657643552e+10 1.392571516413e+09 768 7235 3201 18 8 9 9 4.75772253e-10 8.04329048e-10 outputs/V1e27_D3000_G12/solution/solution-00057 
 58 8.076914795193e+10 1.392571516413e+09 768 7235 3201 18 8 9 9 4.52441752e-10 7.64823721e-10 outputs/V1e27_D3000_G12/solution/solution-00058 
 59 8.216171946834e+10 1.392571516413e+09 768 7235 3201 18 8 9 9 4.30255252e-10 7.27260581e-10 outputs/V1e27_D3000_G12/solution/solution-00059 
 60 8.355429098476e+10 1.392571516413e+09 768 7235 3201 18 8 9 9 4.09156672e-10 6.91544019e-10 outputs/V1e27_D3000_G12/solution/solution-00060 
 61 8.494686250117e+10 1.392571516413e+09 768 7235 3201 17 8 9 9 3.89092675e-10 6.57583138e-10 outputs/V1e27_D3000_G12/solution/solution-00061 
 62 8.633943401758e+10 1.392571516413e+09 768 7235 3201 17 8 9 9 3.70012541e-10 6.25291524e-10 outputs/V1e27_D3000_G12/solution/solution-00062 
 63 8.773200553399e+10 1.392571516413e+09 768 7235 3201 17 8 9 9 3.51868033e-10 5.94587022e-10 outputs/V1e27_D3000_G12/solution/solution-00063 
 64 8.912457705041e+10 1.392571516413e+09 768 7235 3201 17 8 9 9 3.34613279e-10 5.65391526e-10 outputs/V1e27_D3000_G12/solution/solution-00064 
 65 9.051714856682e+10 1.392571516413e+09 768 7235 3201 17 8 9 9 3.18204651e-10 5.37630778e-10 outputs/V1e27_D3000_G12/solution/solution-00065 
 66 9.190972008323e+10 1.392571516413e+09 768 7235 3201 17 8 9 9 3.02600664e-10 5.11234181e-10 outputs/V1e27_D3000_G12/solution/solution-00066 
 67 9.330229159964e+10 1.392571516413e+09 768 7235 3201 17 8 9 9 2.87761862e-10 4.86134618e-10 outputs/V1e27_D3000_G12/solution/solution-00067 
 68 9.469486311606e+10 1.392571516413e+09 768 7235 3201 17 8 9 9 2.73650725e-10 4.62268278e-10 outputs/V1e27_D3000_G12/solution/solution-00068 
 69 9.608743463247e+10 1.392571516413e+09 768 7235 3201 17 8 9 9 2.60231572e-10 4.39574497e-10 outputs/V1e27_D3000_G12/solution/solution-00069 
 70 9.748000614888e+10 1.392571516413e+09 768 7235 3201 17 8 9 9 2.47470472e-10 4.17995599e-10 outputs/V1e27_D3000_G12/solution/solution-00070 
 71 9.887257766530e+10 1.392571516413e+09 768 7235 3201 17 8 9 9 2.35335156e-10 3.97476749e-10 outputs/V1e27_D3000_G12/solution/solution-00071 
 72 1.002651491817e+11 1.392571516413e+09 768 7235 3201 17 8 9 9 2.23794938e-10 3.77965816e-10 outputs/V1e27_D3000_G12/solution/solution-00072 
 73 1.016577206981e+11 1.392571516413e+09 768 7235 3201 17 8 9 9 2.12820635e-10 3.59413235e-10 outputs/V1e27_D3000_G12/solution/solution-00073 
 74 1.030502922145e+11 1.392571516413e+09 768 7235 3201 17 8 9 9 2.02384497e-10 3.41771884e-10 outputs/V1e27_D3000_G12/solution/solution-00074 
 75 1.044428637309e+11 1.392571516413e+09 768 7235 3201 17 8 9 9 1.92460134e-10 3.24996959e-10 outputs/V1e27_D3000_G12/solution/solution-00075 
 76 1.058354352474e+11 1.392571516413e+09 768 7235 3201 17 8 9 9 1.83022448e-10 3.09045866e-10 outputs/V1e27_D3000_G12/solution/solution-00076 
 77 1.072280067638e+11 1.392571516413e+09 768 7235 3201 17 8 9 9 1.74047575e-10 2.93878106e-10 outputs/V1e27_D3000_G12/solution/solution-00077 
 78 1.086205782802e+11 1.392571516413e+09 768 7235 3201 17 8 9 9 1.65512817e-10 2.79455174e-10 outputs/V1e27_D3000_G12/solution/solution-00078 
 79 1.100131497966e+11 1.392571516413e+09 768 7235 3201 17 8 9 9 1.57396594e-10 2.65740463e-10 outputs/V1e27_D3000_G12/solution/solution-00079 
 80 1.114057213130e+11 1.392571516413e+09 768 7235 3201 17 8 9 9 1.49678380e-10 2.52699164e-10 outputs/V1e27_D3000_G12/solution/solution-00080 
 81 1.127982928294e+11 1.392571516413e+09 768 7235 3201 17 8 9 9 1.42338656e-10 2.40298184e-10 outputs/V1e27_D3000_G12/solution/solution-00081 
 82 1.141908643458e+11 1.392571516413e+09 768 7235 3201 17 8 9 9 1.35358864e-10 2.28506058e-10 outputs/V1e27_D3000_G12/solution/solution-00082 
 83 1.155834358622e+11 1.392571516413e+09 768 7235 3201 17 8 9 9 1.28721351e-10 2.17292870e-10 outputs/V1e27_D3000_G12/solution/solution-00083 
 84 1.169760073787e+11 1.392571516413e+09 768 7235 3201 17 8 9 9 1.22409333e-10 2.06630173e-10 outputs/V1e27_D3000_G12/solution/solution-00084 
 85 1.183685788951e+11 1.392571516413e+09 768 7235 3201 17 8 9 9 1.16406847e-10 1.96490923e-10 outputs/V1e27_D3000_G12/solution/solution-00085 
 86 1.197611504115e+11 1.392571516413e+09 768 7235 3201 17 8 9 9 1.10698714e-10 1.86849404e-10 outputs/V1e27_D3000_G12/solution/solution-00086 
 87 1.211537219279e+11 1.392571516413e+09 768 7235 3201 17 8 9 9 1.05270500e-10 1.77681167e-10 outputs/V1e27_D3000_G12/solution/solution-00087 
 88 1.225462934443e+11 1.392571516413e+09 768 7235 3201 17 8 9 9 1.00108477e-10 1.68962962e-10 outputs/V1e27_D3000_G12/solution/solution-00088 
 89 1.239388649607e+11 1.392571516413e+09 768 7235 3201 16 8 9 9 9.51995893e-11 1.60672682e-10 outputs/V1e27_D3000_G12/solution/solution-00089 
 90 1.253314364771e+11 1.392571516413e+09 768 7235 3201 16 8 9 9 9.05314250e-11 1.52789312e-10 outputs/V1e27_D3000_G12/solution/solution-00090 
 91 1.267240079935e+11 1.392571516413e+09 768 7235 3201 16 8 9 9 8.60921793e-11 1.45292868e-10 outputs/V1e27_D3000_G12/solution/solution-00091 
 92 1.281165795100e+11 1.392571516413e+09 768 7235 3201 16 8 9 9 8.18706263e-11 1.38164349e-10 outputs/V1e27_D3000_G12/solution/solution-00092 
 93 1.295091510264e+11 1.392571516413e+09 768 7235 3201 16 8 9 9 7.78560906e-11 1.31385687e-10 outputs/V1e27_D3000_G12/solution/solution-00093 
 94 1.309017225428e+11 1.392571516413e+09 768 7235 3201 16 8 9 9 7.40384201e-11 1.24939703e-10 outputs/V1e27_D3000_G12/solution/solution-00094 
 95 1.322942940592e+11 1.392571516413e+09 768 7235 3201 16 8 9 9 7.04079606e-11 1.18810061e-10 outputs/V1e27_D3000_G12/solution/solution-00095 
 96 1.336868655756e+11 1.392571516413e+09 768 7235 3201 16 8 9 9 6.69555315e-11 1.12981228e-10 outputs/V1e27_D3000_G12/solution/solution-00096 
 97 1.350794370920e+11 1.392571516413e+09 768 7235 3201 16 8 9 9 6.36724021e-11 1.07438436e-10 outputs/V1e27_D3000_G12/solution/solution-00097 
 98 1.364720086084e+11 1.392571516413e+09 768 7235 3201 16 8 9 9 6.05502701e-11 1.02167641e-10 outputs/V1e27_D3000_G12/solution/solution-00098 
 99 1.378645801248e+11 1.392571516413e+09 768 7235 3201 16 8 9 9 5.75812404e-11 9.71554889e-11 outputs/V1e27_D3000_G12/solution/solution-00099 
100 1.392571516413e+11 1.392571516413e+09 768 7235 3201 16 8 9 9 5.47578047e-11 9.23892831e-11 outputs/V1e27_D3000_G12/solution/solution-00100 
