# 1: Time step number
# 2: Time (years)
# 3: Time step size (years)
# 4: Number of mesh cells
# 5: Number of Stokes degrees of freedom
# 6: Number of temperature degrees of freedom
# 7: Iterations for temperature solver
# 8: Iterations for Stokes solver
# 9: Velocity iterations in Stokes preconditioner
# 10: Schur complement iterations in Stokes preconditioner
# 11: RMS velocity (m/year)
# 12: Max. velocity (m/year)
# 13: Visualization file name
  0 0.000000000000e+00 0.000000000000e+00 768 7235 3201  0 8 9 9 1.99943150e-06 3.37330898e-06 outputs/V3.3e24_D1000_G10/solution/solution-00000 
  1 1.392571516413e+09 1.392571516413e+09 768 7235 3201 23 8 9 9 3.78736180e-06 6.38978844e-06 outputs/V3.3e24_D1000_G10/solution/solution-00001 
  2 2.785143032825e+09 1.392571516413e+09 768 7235 3201 19 8 9 9 7.80638870e-06 1.31704399e-05 outputs/V3.3e24_D1000_G10/solution/solution-00002 
  3 4.177714549238e+09 1.392571516413e+09 768 7235 3201 20 8 9 9 1.64106160e-05 2.76870639e-05 outputs/V3.3e24_D1000_G10/solution/solution-00003 
  4 5.570286065650e+09 1.392571516413e+09 768 7235 3201 21 8 9 9 3.46373355e-05 5.84392972e-05 outputs/V3.3e24_D1000_G10/solution/solution-00004 
  5 6.962857582063e+09 1.392571516413e+09 768 7235 3201 23 8 9 9 7.30700377e-05 1.23292647e-04 outputs/V3.3e24_D1000_G10/solution/solution-00005 
  6 7.723243560673e+09 7.603859786100e+08 768 7235 3201 18 7 8 8 1.13557406e-04 1.91632684e-04 outputs/V3.3e24_D1000_G10/solution/solution-00006 
  7 8.212460735229e+09 4.892171745562e+08 768 7235 3201 15 7 8 8 1.53363727e-04 2.58848072e-04 outputs/V3.3e24_D1000_G10/solution/solution-00007 
  8 8.574642300748e+09 3.621815655192e+08 768 7235 3201 13 7 8 8 1.92691082e-04 3.25284878e-04 outputs/V3.3e24_D1000_G10/solution/solution-00008 
  9 8.862851210713e+09 2.882089099646e+08 768 7235 3201 12 6 7 7 2.31403952e-04 3.90718691e-04 outputs/V3.3e24_D1000_G10/solution/solution-00009 
 10 9.102793661031e+09 2.399424503182e+08 768 7235 3201 11 6 7 7 2.69415911e-04 4.55006888e-04 outputs/V3.3e24_D1000_G10/solution/solution-00010 
 11 9.308834497801e+09 2.060408367697e+08 768 7235 3201 10 6 7 7 3.06675568e-04 5.18064805e-04 outputs/V3.3e24_D1000_G10/solution/solution-00011 
 12 9.489796414452e+09 1.809619166511e+08 768 7235 3201 10 6 7 7 3.43145425e-04 5.79829957e-04 outputs/V3.3e24_D1000_G10/solution/solution-00012 
 13 9.651481748085e+09 1.616853336327e+08 768 7235 3201 10 6 7 7 3.78791978e-04 6.40245251e-04 outputs/V3.3e24_D1000_G10/solution/solution-00013 
 14 9.797910011194e+09 1.464282631092e+08 768 7235 3201 10 6 7 7 4.13582196e-04 6.99252985e-04 outputs/V3.3e24_D1000_G10/solution/solution-00014 
 15 9.931981659114e+09 1.340716479202e+08 768 7235 3201 10 6 7 7 4.47482753e-04 7.56793504e-04 outputs/V3.3e24_D1000_G10/solution/solution-00015 
 16 1.005585957230e+10 1.238779131888e+08 768 7235 3201  9 6 7 7 4.80460255e-04 8.12805579e-04 outputs/V3.3e24_D1000_G10/solution/solution-00016 
 17 1.017120080822e+10 1.153412359175e+08 768 7235 3201  9 6 7 7 5.12481769e-04 8.67227297e-04 outputs/V3.3e24_D1000_G10/solution/solution-00017 
 18 1.027930395528e+10 1.081031470615e+08 768 7235 3201  9 6 7 7 5.43515353e-04 9.19997004e-04 outputs/V3.3e24_D1000_G10/solution/solution-00018 
 19 1.038120646107e+10 1.019025057848e+08 768 7235 3201  9 6 7 7 5.73530516e-04 9.71054137e-04 outputs/V3.3e24_D1000_G10/solution/solution-00019 
 20 1.047775102680e+10 9.654456573827e+07 768 7235 3201  9 6 7 7 6.02498586e-04 1.02033993e-03 outputs/V3.3e24_D1000_G10/solution/solution-00020 
 21 1.056963217107e+10 9.188114426776e+07 768 7235 3201  9 6 7 7 6.30392980e-04 1.06779796e-03 outputs/V3.3e24_D1000_G10/solution/solution-00021 
 22 1.065742967885e+10 8.779750778067e+07 768 7235 3201  9 6 7 7 6.57189406e-04 1.11337467e-03 outputs/V3.3e24_D1000_G10/solution/solution-00022 
 23 1.074163313957e+10 8.420346071360e+07 768 7235 3201  9 6 7 7 6.82865998e-04 1.15701966e-03 outputs/V3.3e24_D1000_G10/solution/solution-00023 
 24 1.082266028475e+10 8.102714518605e+07 768 7235 3201  9 6 7 7 7.07403396e-04 1.19868608e-03 outputs/V3.3e24_D1000_G10/solution/solution-00024 
 25 1.090087091997e+10 7.821063521456e+07 768 7235 3201  9 6 7 7 7.30784793e-04 1.23842342e-03 outputs/V3.3e24_D1000_G10/solution/solution-00025 
 26 1.097657766701e+10 7.570674704541e+07 768 7235 3201  9 6 7 7 7.52995938e-04 1.27611974e-03                                                "" 
 27 1.105005435800e+10 7.347669098647e+07 768 7235 3201  9 6 7 7 7.74025120e-04 1.31173248e-03 outputs/V3.3e24_D1000_G10/solution/solution-00026 
 28 1.112154267454e+10 7.148831654066e+07 768 7235 3201  9 6 7 7 7.93863124e-04 1.34523061e-03 outputs/V3.3e24_D1000_G10/solution/solution-00027 
 29 1.119125745754e+10 6.971478300131e+07 768 7235 3201  9 6 7 7 8.12503169e-04 1.37658736e-03                                                "" 
 30 1.125939099743e+10 6.813353988815e+07 768 7235 3201  9 5 6 6 8.29940841e-04 1.40578033e-03 outputs/V3.3e24_D1000_G10/solution/solution-00028 
 31 1.132611122535e+10 6.672022791820e+07 768 7235 3201  9 5 6 6 8.46172740e-04 1.43278951e-03 outputs/V3.3e24_D1000_G10/solution/solution-00029 
 32 1.139156763652e+10 6.545641117512e+07 768 7235 3201  9 5 6 6 8.61197453e-04 1.45759913e-03                                                "" 
 33 1.145590373216e+10 6.433609564166e+07 768 7235 3201  9 5 6 6 8.75017747e-04 1.48020153e-03 outputs/V3.3e24_D1000_G10/solution/solution-00030 
 34 1.151925115151e+10 6.334741934908e+07 768 7235 3201  9 5 6 6 8.87638398e-04 1.50059372e-03 outputs/V3.3e24_D1000_G10/solution/solution-00031 
 35 1.158173136922e+10 6.248021771075e+07 768 7235 3201  9 5 6 6 8.99066069e-04 1.51877734e-03                                                "" 
 36 1.164345713642e+10 6.172576719851e+07 768 7235 3201  8 5 6 6 9.09309203e-04 1.53475869e-03 outputs/V3.3e24_D1000_G10/solution/solution-00032 
 37 1.170453371325e+10 6.107657682356e+07 768 7235 3201  8 5 6 6 9.18377899e-04 1.54854861e-03 outputs/V3.3e24_D1000_G10/solution/solution-00033 
 38 1.176505993084e+10 6.052621759857e+07 768 7235 3201  8 5 6 6 9.26283805e-04 1.56016250e-03                                                "" 
 39 1.182512911329e+10 6.006918244941e+07 768 7235 3201  8 5 6 6 9.33039998e-04 1.56988133e-03 outputs/V3.3e24_D1000_G10/solution/solution-00034 
 40 1.188482988404e+10 5.970077074754e+07 768 7235 3201  8 5 6 6 9.38660878e-04 1.57756875e-03                                                "" 
 41 1.194424687696e+10 5.941699291807e+07 768 7235 3201  8 5 6 6 9.43162069e-04 1.58315444e-03 outputs/V3.3e24_D1000_G10/solution/solution-00035 
 42 1.200346136852e+10 5.921449155536e+07 768 7235 3201  8 5 6 6 9.46560312e-04 1.58666800e-03 outputs/V3.3e24_D1000_G10/solution/solution-00036 
 43 1.206255184474e+10 5.909047622870e+07 768 7235 3201  8 5 6 6 9.48873378e-04 1.58814293e-03                                                "" 
 44 1.212159451449e+10 5.904266974114e+07 768 7235 3201  8 5 6 6 9.50119979e-04 1.58761653e-03 outputs/V3.3e24_D1000_G10/solution/solution-00037 
 45 1.218066377854e+10 5.906926405858e+07 768 7235 3201  8 5 6 6 9.50319692e-04 1.58512967e-03                                                "" 
 46 1.223982967035e+10 5.916589181079e+07 768 7235 3201  8 5 6 6 9.49492953e-04 1.58072694e-03 outputs/V3.3e24_D1000_G10/solution/solution-00038 
 47 1.229915061500e+10 5.932094464196e+07 768 7235 3201  8 5 6 6 9.47661542e-04 1.57445777e-03                                                "" 
 48 1.235869810609e+10 5.954749109525e+07 768 7235 3201  9 5 6 6 9.44848030e-04 1.56654064e-03 outputs/V3.3e24_D1000_G10/solution/solution-00039 
 49 1.241854334557e+10 5.984523947962e+07 768 7235 3201  9 5 6 6 9.41075559e-04 1.55694041e-03 outputs/V3.3e24_D1000_G10/solution/solution-00040 
 50 1.247875759602e+10 6.021425044455e+07 768 7235 3201  9 5 6 6 9.36367807e-04 1.54562874e-03                                                "" 
 51 1.253941252405e+10 6.065492803857e+07 768 7235 3201  9 5 6 6 9.30748957e-04 1.53266377e-03 outputs/V3.3e24_D1000_G10/solution/solution-00041 
 52 1.260058053886e+10 6.116801480126e+07 768 7235 3201  9 5 6 6 9.24243676e-04 1.51810576e-03 outputs/V3.3e24_D1000_G10/solution/solution-00042 
 53 1.266233512945e+10 6.175459059869e+07 768 7235 3201  9 5 6 6 9.16877113e-04 1.50206163e-03                                                "" 
 54 1.272475120442e+10 6.241607496801e+07 768 7235 3201  9 5 6 6 9.08674896e-04 1.48475151e-03 outputs/V3.3e24_D1000_G10/solution/solution-00043 
 55 1.278790543721e+10 6.315423278796e+07 768 7235 3201  9 5 6 6 8.99663149e-04 1.46602770e-03                                                "" 
 56 1.285187365522e+10 6.396821801362e+07 768 7235 3201  9 5 6 6 8.89868985e-04 1.44595725e-03 outputs/V3.3e24_D1000_G10/solution/solution-00044 
 57 1.291672014663e+10 6.484649140616e+07 768 7235 3201  9 5 6 6 8.79322515e-04 1.42461335e-03 outputs/V3.3e24_D1000_G10/solution/solution-00045 
 58 1.298252861583e+10 6.580846919677e+07 768 7235 3201  9 5 6 6 8.68052090e-04 1.40206542e-03                                                "" 
 59 1.304938590423e+10 6.685728840398e+07 768 7235 3201  8 5 6 6 8.56086642e-04 1.37847567e-03 outputs/V3.3e24_D1000_G10/solution/solution-00046 
 60 1.311738239808e+10 6.799649384750e+07 768 7235 3201  8 5 6 6 8.43455744e-04 1.35412386e-03 outputs/V3.3e24_D1000_G10/solution/solution-00047 
 61 1.318661245770e+10 6.923005962315e+07 768 7235 3201  8 5 6 6 8.30189689e-04 1.32875794e-03                                                "" 
 62 1.325717487065e+10 7.056241294387e+07 768 7235 3201  8 5 6 6 8.16319565e-04 1.30245003e-03 outputs/V3.3e24_D1000_G10/solution/solution-00048 
 63 1.332917149766e+10 7.199662701580e+07 768 7235 3201  8 5 6 6 8.01877715e-04 1.27527364e-03 outputs/V3.3e24_D1000_G10/solution/solution-00049 
 64 1.340268703525e+10 7.351553758557e+07 768 7235 3201  8 5 6 6 7.86902097e-04 1.24753588e-03 outputs/V3.3e24_D1000_G10/solution/solution-00050 
 65 1.347783517436e+10 7.514813911071e+07 768 7235 3201  8 6 7 7 7.71427147e-04 1.21910487e-03                                                "" 
 66 1.355473585991e+10 7.690068554920e+07 768 7235 3201  8 6 7 7 7.55488397e-04 1.19005850e-03 outputs/V3.3e24_D1000_G10/solution/solution-00051 
 67 1.363351585795e+10 7.877999803889e+07 768 7235 3201  8 6 7 7 7.39122573e-04 1.16066549e-03 outputs/V3.3e24_D1000_G10/solution/solution-00052 
 68 1.371430794082e+10 8.079208287155e+07 768 7235 3201  8 6 7 7 7.22367983e-04 1.13075866e-03 outputs/V3.3e24_D1000_G10/solution/solution-00053 
 69 1.379721980728e+10 8.291186646298e+07 768 7235 3201  8 6 7 7 7.05271092e-04 1.10042783e-03                                                "" 
 70 1.388239952944e+10 8.517972216042e+07 768 7235 3201  8 6 7 7 6.87873065e-04 1.07018330e-03 outputs/V3.3e24_D1000_G10/solution/solution-00054 
 71 1.397000402422e+10 8.760449477632e+07 768 7235 3201  8 6 7 7 6.70216512e-04 1.03967180e-03 outputs/V3.3e24_D1000_G10/solution/solution-00055 
 72 1.406018854379e+10 9.018451957197e+07 768 7235 3201  8 6 7 7 6.52347707e-04 1.00912567e-03 outputs/V3.3e24_D1000_G10/solution/solution-00056 
 73 1.415309074895e+10 9.290220516025e+07 768 7235 3201  8 6 7 7 6.34319540e-04 9.84061986e-04 outputs/V3.3e24_D1000_G10/solution/solution-00057 
 74 1.424835913783e+10 9.526838888058e+07 768 7235 3201  8 6 7 7 6.16278803e-04 9.66748136e-04 outputs/V3.3e24_D1000_G10/solution/solution-00058 
 75 1.434533372352e+10 9.697458568957e+07 768 7235 3201  8 6 7 7 5.98419569e-04 9.49027078e-04 outputs/V3.3e24_D1000_G10/solution/solution-00059 
 76 1.444411910292e+10 9.878537939990e+07 768 7235 3201  8 6 7 7 5.80783532e-04 9.30970350e-04 outputs/V3.3e24_D1000_G10/solution/solution-00060 
 77 1.454482048401e+10 1.007013810951e+08 768 7235 3201  8 6 7 7 5.63409943e-04 9.12649383e-04 outputs/V3.3e24_D1000_G10/solution/solution-00061 
 78 1.464754339356e+10 1.027229095506e+08 768 7235 3201  8 6 7 7 5.46335572e-04 8.94135078e-04 outputs/V3.3e24_D1000_G10/solution/solution-00062 
 79 1.475239332318e+10 1.048499296108e+08 768 7235 3201  8 6 7 7 5.29594724e-04 8.75497442e-04 outputs/V3.3e24_D1000_G10/solution/solution-00063 
 80 1.485947530364e+10 1.070819804679e+08 768 7235 3201  8 6 7 7 5.13219275e-04 8.56921333e-04 outputs/V3.3e24_D1000_G10/solution/solution-00064 
 81 1.496889340194e+10 1.094180983003e+08 768 7235 3201  8 6 7 7 4.97238695e-04 8.38401711e-04 outputs/V3.3e24_D1000_G10/solution/solution-00065 
 82 1.508075013731e+10 1.118567353686e+08 768 7235 3201  8 5 6 6 4.81680062e-04 8.19954573e-04 outputs/V3.3e24_D1000_G10/solution/solution-00066 
 83 1.519514581485e+10 1.143956775374e+08 768 7235 3201  8 5 6 6 4.66568088e-04 8.01643068e-04 outputs/V3.3e24_D1000_G10/solution/solution-00067 
 84 1.531217777361e+10 1.170319587576e+08 768 7235 3201  8 5 6 6 4.51925110e-04 7.83527718e-04 outputs/V3.3e24_D1000_G10/solution/solution-00068 
 85 1.543193955509e+10 1.197617814873e+08 768 7235 3201  8 5 6 6 4.37771111e-04 7.65666153e-04 outputs/V3.3e24_D1000_G10/solution/solution-00069 
 86 1.555451999052e+10 1.225804354215e+08 768 7235 3201  8 5 6 6 4.24123725e-04 7.48112865e-04 outputs/V3.3e24_D1000_G10/solution/solution-00070 
 87 1.567999316717e+10 1.254731766562e+08 768 7235 3201  8 5 6 6 4.10999169e-04 7.30920211e-04 outputs/V3.3e24_D1000_G10/solution/solution-00071 
 88 1.580839647224e+10 1.284033050711e+08 768 7235 3201  8 5 6 6 3.98413950e-04 7.14140608e-04 outputs/V3.3e24_D1000_G10/solution/solution-00072 
 89 1.593979504832e+10 1.313985760758e+08 768 7235 3201  8 5 6 6 3.86378179e-04 6.97817490e-04 outputs/V3.3e24_D1000_G10/solution/solution-00073 
 90 1.607424515856e+10 1.344501102455e+08 768 7235 3201  8 5 6 6 3.74899710e-04 6.81990424e-04 outputs/V3.3e24_D1000_G10/solution/solution-00074 
 91 1.621179312989e+10 1.375479713252e+08 768 7235 3201  8 5 6 6 3.63984202e-04 6.66695057e-04 outputs/V3.3e24_D1000_G10/solution/solution-00075 
 92 1.635247430522e+10 1.406811753318e+08 768 7235 3201  8 5 6 6 3.53635211e-04 6.51963108e-04 outputs/V3.3e24_D1000_G10/solution/solution-00076 
 93 1.649631202633e+10 1.438377211044e+08 768 7235 3201  8 5 6 6 3.43854282e-04 6.37822392e-04 outputs/V3.3e24_D1000_G10/solution/solution-00077 
 94 1.664331667080e+10 1.470046444708e+08 768 7235 3201  8 5 6 6 3.34641070e-04 6.24296883e-04 outputs/V3.3e24_D1000_G10/solution/solution-00078 
 95 1.679348476841e+10 1.501680976164e+08 768 7235 3201  8 5 6 6 3.25993469e-04 6.11406808e-04 outputs/V3.3e24_D1000_G10/solution/solution-00079 
 96 1.694679822297e+10 1.533134545586e+08 768 7235 3201  8 5 6 6 3.17907746e-04 5.99168767e-04 outputs/V3.3e24_D1000_G10/solution/solution-00080 
 97 1.710322366580e+10 1.564254428297e+08 768 7235 3201  8 5 6 6 3.10378702e-04 5.87595874e-04 outputs/V3.3e24_D1000_G10/solution/solution-00081 
 98 1.726271196635e+10 1.594883005520e+08 768 7235 3201  9 5 6 6 3.03399816e-04 5.76697926e-04 outputs/V3.3e24_D1000_G10/solution/solution-00082 
 99 1.742519792344e+10 1.624859570855e+08 768 7235 3201  9 5 6 6 2.96963413e-04 5.66481570e-04 outputs/V3.3e24_D1000_G10/solution/solution-00083 
100 1.759060015781e+10 1.654022343724e+08 768 7235 3201  9 5 6 6 2.91060819e-04 5.56950499e-04 outputs/V3.3e24_D1000_G10/solution/solution-00084 
