# 1: Time step number
# 2: Time (years)
# 3: Time step size (years)
# 4: Number of mesh cells
# 5: Number of Stokes degrees of freedom
# 6: Number of temperature degrees of freedom
# 7: Iterations for temperature solver
# 8: Iterations for Stokes solver
# 9: Velocity iterations in Stokes preconditioner
# 10: Schur complement iterations in Stokes preconditioner
# 11: RMS velocity (m/year)
# 12: Max. velocity (m/year)
# 13: Visualization file name
  0 0.000000000000e+00 0.000000000000e+00 768 7235 3201  0 8 9 9 3.97287882e-07 6.98573922e-07 outputs/V1e25_D100_G6/solution/solution-00000 
  1 1.392571516413e+09 1.392571516413e+09 768 7235 3201 32 8 9 9 3.92181365e-07 6.68023115e-07 outputs/V1e25_D100_G6/solution/solution-00001 
  2 2.785143032825e+09 1.392571516413e+09 768 7235 3201 25 8 9 9 3.93377022e-07 6.79396797e-07 outputs/V1e25_D100_G6/solution/solution-00002 
  3 4.177714549238e+09 1.392571516413e+09 768 7235 3201 24 8 9 9 4.01863937e-07 7.04261177e-07 outputs/V1e25_D100_G6/solution/solution-00003 
  4 5.570286065650e+09 1.392571516413e+09 768 7235 3201 23 8 9 9 4.17785293e-07 7.42331884e-07 outputs/V1e25_D100_G6/solution/solution-00004 
  5 6.962857582063e+09 1.392571516413e+09 768 7235 3201 23 8 9 9 4.41272509e-07 7.93293322e-07 outputs/V1e25_D100_G6/solution/solution-00005 
  6 8.355429098476e+09 1.392571516413e+09 768 7235 3201 22 8 9 9 4.72534620e-07 8.57268641e-07 outputs/V1e25_D100_G6/solution/solution-00006 
  7 9.748000614888e+09 1.392571516413e+09 768 7235 3201 21 8 9 9 5.11963787e-07 9.34889123e-07 outputs/V1e25_D100_G6/solution/solution-00007 
  8 1.114057213130e+10 1.392571516413e+09 768 7235 3201 21 8 9 9 5.60167246e-07 1.02726037e-06 outputs/V1e25_D100_G6/solution/solution-00008 
  9 1.253314364771e+10 1.392571516413e+09 768 7235 3201 21 8 9 9 6.17979304e-07 1.13592647e-06 outputs/V1e25_D100_G6/solution/solution-00009 
 10 1.392571516413e+10 1.392571516413e+09 768 7235 3201 20 8 9 9 6.86470272e-07 1.26285465e-06 outputs/V1e25_D100_G6/solution/solution-00010 
 11 1.531828668054e+10 1.392571516413e+09 768 7235 3201 20 8 9 9 7.66958789e-07 1.41044168e-06 outputs/V1e25_D100_G6/solution/solution-00011 
 12 1.671085819695e+10 1.392571516413e+09 768 7235 3201 20 8 9 9 8.61030021e-07 1.58153894e-06 outputs/V1e25_D100_G6/solution/solution-00012 
 13 1.810342971336e+10 1.392571516413e+09 768 7235 3201 20 8 9 9 9.70560676e-07 1.77949343e-06 outputs/V1e25_D100_G6/solution/solution-00013 
 14 1.949600122978e+10 1.392571516413e+09 768 7235 3201 20 8 9 9 1.09775129e-06 2.00820312e-06 outputs/V1e25_D100_G6/solution/solution-00014 
 15 2.088857274619e+10 1.392571516413e+09 768 7235 3201 20 8 9 9 1.24516616e-06 2.27218617e-06 outputs/V1e25_D100_G6/solution/solution-00015 
 16 2.228114426260e+10 1.392571516413e+09 768 7235 3201 19 8 9 9 1.41578150e-06 2.57666433e-06 outputs/V1e25_D100_G6/solution/solution-00016 
 17 2.367371577901e+10 1.392571516413e+09 768 7235 3201 19 8 9 9 1.61304240e-06 2.92766137e-06 outputs/V1e25_D100_G6/solution/solution-00017 
 18 2.506628729543e+10 1.392571516413e+09 768 7235 3201 19 8 9 9 1.84092964e-06 3.33211817e-06 outputs/V1e25_D100_G6/solution/solution-00018 
 19 2.645885881184e+10 1.392571516413e+09 768 7235 3201 19 8 9 9 2.10403741e-06 3.79802616e-06 outputs/V1e25_D100_G6/solution/solution-00019 
 20 2.785143032825e+10 1.392571516413e+09 768 7235 3201 19 8 9 9 2.40766327e-06 4.33458164e-06 outputs/V1e25_D100_G6/solution/solution-00020 
 21 2.924400184466e+10 1.392571516413e+09 768 7235 3201 19 7 8 8 2.75791215e-06 4.95236350e-06 outputs/V1e25_D100_G6/solution/solution-00021 
 22 3.063657336108e+10 1.392571516413e+09 768 7235 3201 19 7 8 8 3.16181606e-06 5.66353764e-06 outputs/V1e25_D100_G6/solution/solution-00022 
 23 3.202914487749e+10 1.392571516413e+09 768 7235 3201 19 7 8 8 3.62747173e-06 6.48209153e-06 outputs/V1e25_D100_G6/solution/solution-00023 
 24 3.342171639390e+10 1.392571516413e+09 768 7235 3201 19 7 8 8 4.16419864e-06 7.42410288e-06 outputs/V1e25_D100_G6/solution/solution-00024 
 25 3.481428791032e+10 1.392571516413e+09 768 7235 3201 19 7 8 8 4.78271986e-06 8.50804670e-06 outputs/V1e25_D100_G6/solution/solution-00025 
 26 3.620685942673e+10 1.392571516413e+09 768 7235 3201 19 7 8 8 5.49536883e-06 9.75514529e-06 outputs/V1e25_D100_G6/solution/solution-00026 
 27 3.759943094314e+10 1.392571516413e+09 768 7235 3201 19 7 8 8 6.31632478e-06 1.11897658e-05 outputs/V1e25_D100_G6/solution/solution-00027 
 28 3.899200245955e+10 1.392571516413e+09 768 7235 3201 19 7 8 8 7.26187986e-06 1.28398696e-05 outputs/V1e25_D100_G6/solution/solution-00028 
 29 4.038457397597e+10 1.392571516413e+09 768 7235 3201 19 7 8 8 8.35074057e-06 1.47379080e-05 outputs/V1e25_D100_G6/solution/solution-00029 
 30 4.177714549238e+10 1.392571516413e+09 768 7235 3201 19 6 7 7 9.60436539e-06 1.69211159e-05 outputs/V1e25_D100_G6/solution/solution-00030 
 31 4.316971700879e+10 1.392571516413e+09 768 7235 3201 19 6 7 7 1.10473391e-05 1.94311159e-05 outputs/V1e25_D100_G6/solution/solution-00031 
 32 4.456228852520e+10 1.392571516413e+09 768 7235 3201 19 6 7 7 1.27077819e-05 2.23160317e-05 outputs/V1e25_D100_G6/solution/solution-00032 
 33 4.595486004162e+10 1.392571516413e+09 768 7235 3201 19 6 7 7 1.46177865e-05 2.56306957e-05 outputs/V1e25_D100_G6/solution/solution-00033 
 34 4.734743155803e+10 1.392571516413e+09 768 7235 3201 19 6 7 7 1.68138704e-05 2.94373808e-05 outputs/V1e25_D100_G6/solution/solution-00034 
 35 4.874000307444e+10 1.392571516413e+09 768 7235 3201 19 6 7 7 1.93374198e-05 3.38064984e-05 outputs/V1e25_D100_G6/solution/solution-00035 
 36 5.013257459085e+10 1.392571516413e+09 768 7235 3201 19 6 7 7 2.22350825e-05 3.88171868e-05 outputs/V1e25_D100_G6/solution/solution-00036 
 37 5.152514610727e+10 1.392571516413e+09 768 7235 3201 19 6 7 7 2.55590453e-05 4.45576669e-05 outputs/V1e25_D100_G6/solution/solution-00037 
 38 5.291771762368e+10 1.392571516413e+09 768 7235 3201 19 6 7 7 2.93670906e-05 5.11251769e-05 outputs/V1e25_D100_G6/solution/solution-00038 
 39 5.431028914009e+10 1.392571516413e+09 768 7235 3201 20 6 7 7 3.37222741e-05 5.86252019e-05 outputs/V1e25_D100_G6/solution/solution-00039 
 40 5.570286065650e+10 1.392571516413e+09 768 7235 3201 20 6 7 7 3.86919884e-05 6.71695859e-05 outputs/V1e25_D100_G6/solution/solution-00040 
 41 5.709543217292e+10 1.392571516413e+09 768 7235 3201 20 6 7 7 4.43460772e-05 7.68729434e-05 outputs/V1e25_D100_G6/solution/solution-00041 
 42 5.831459599020e+10 1.219163817284e+09 768 7235 3201 19 6 7 7 4.99242046e-05 8.64341078e-05 outputs/V1e25_D100_G6/solution/solution-00042 
 43 5.939880626811e+10 1.084210277908e+09 768 7235 3201 18 6 7 7 5.54223216e-05 9.58636366e-05 outputs/V1e25_D100_G6/solution/solution-00043 
 44 6.037651361135e+10 9.777073432455e+08 768 7235 3201 17 6 7 7 6.08395692e-05 1.05141468e-04 outputs/V1e25_D100_G6/solution/solution-00044 
 45 6.126807220106e+10 8.915585897051e+08 768 7235 3201 16 6 7 7 6.61722607e-05 1.14261085e-04 outputs/V1e25_D100_G6/solution/solution-00045 
 46 6.208858226863e+10 8.205100675714e+08 768 7235 3201 16 6 7 7 7.14159296e-05 1.23214696e-04 outputs/V1e25_D100_G6/solution/solution-00046 
 47 6.284956597953e+10 7.609837108972e+08 768 7235 3201 15 6 7 7 7.65659285e-05 1.31994293e-04 outputs/V1e25_D100_G6/solution/solution-00047 
 48 6.356001954313e+10 7.104535635980e+08 768 7235 3201 15 6 7 7 8.16176157e-05 1.40591969e-04 outputs/V1e25_D100_G6/solution/solution-00048 
 49 6.422710390644e+10 6.670843633177e+08 768 7235 3201 14 6 7 7 8.65664259e-05 1.49000032e-04 outputs/V1e25_D100_G6/solution/solution-00049 
 50 6.485661419508e+10 6.295102886309e+08 768 7235 3201 14 6 7 7 9.14079108e-05 1.57211077e-04 outputs/V1e25_D100_G6/solution/solution-00050 
 51 6.545320962749e+10 5.965954324159e+08 768 7235 3201 13 6 7 7 9.61369834e-05 1.65216692e-04 outputs/V1e25_D100_G6/solution/solution-00051 
 52 6.602082659068e+10 5.676169631892e+08 768 7235 3201 13 6 7 7 1.00749315e-04 1.73009827e-04 outputs/V1e25_D100_G6/solution/solution-00052 
 53 6.656281197655e+10 5.419853858696e+08 768 7235 3201 13 6 7 7 1.05241132e-04 1.80584434e-04 outputs/V1e25_D100_G6/solution/solution-00053 
 54 6.708200622783e+10 5.191942512835e+08 768 7235 3201 12 6 7 7 1.09608881e-04 1.87937723e-04 outputs/V1e25_D100_G6/solution/solution-00054 
 55 6.758084168428e+10 4.988354564491e+08 768 7235 3201 12 6 7 7 1.13849259e-04 1.95078213e-04 outputs/V1e25_D100_G6/solution/solution-00055 
 56 6.806141816018e+10 4.805764759020e+08 768 7235 3201 12 6 7 7 1.17959224e-04 2.01984884e-04 outputs/V1e25_D100_G6/solution/solution-00056 
 57 6.852556180340e+10 4.641436432137e+08 768 7235 3201 12 5 6 6 1.21936015e-04 2.08653415e-04 outputs/V1e25_D100_G6/solution/solution-00057 
 58 6.897487148858e+10 4.493096851792e+08 768 7235 3201 11 5 6 6 1.25777162e-04 2.15080013e-04 outputs/V1e25_D100_G6/solution/solution-00058 
 59 6.941075578507e+10 4.358842964944e+08 768 7235 3201 11 5 6 6 1.29480497e-04 2.21261430e-04 outputs/V1e25_D100_G6/solution/solution-00059 
 60 6.983446270961e+10 4.237069245354e+08 768 7235 3201 11 5 6 6 1.33044164e-04 2.27194969e-04 outputs/V1e25_D100_G6/solution/solution-00060 
 61 7.024710388980e+10 4.126411801974e+08 768 7235 3201 11 5 6 6 1.36466619e-04 2.32878486e-04 outputs/V1e25_D100_G6/solution/solution-00061 
 62 7.064967435334e+10 4.025704635374e+08 768 7235 3201 11 5 6 6 1.39746639e-04 2.38310395e-04 outputs/V1e25_D100_G6/solution/solution-00062 
 63 7.104306885958e+10 3.933945062411e+08 768 7235 3201 11 5 6 6 1.42883317e-04 2.43489662e-04 outputs/V1e25_D100_G6/solution/solution-00063 
 64 7.142809547366e+10 3.850266140774e+08 768 7235 3201 11 5 6 6 1.45876066e-04 2.48415803e-04 outputs/V1e25_D100_G6/solution/solution-00064 
 65 7.180548692282e+10 3.773914491549e+08 768 7235 3201 10 5 6 6 1.48724613e-04 2.53088877e-04 outputs/V1e25_D100_G6/solution/solution-00065 
 66 7.217591015518e+10 3.704232323617e+08 768 7235 3201 10 5 6 6 1.51428997e-04 2.57509474e-04 outputs/V1e25_D100_G6/solution/solution-00066 
 67 7.253997443091e+10 3.640642757367e+08 768 7235 3201 10 5 6 6 1.53989559e-04 2.61678702e-04 outputs/V1e25_D100_G6/solution/solution-00067 
 68 7.289823820693e+10 3.582637760136e+08 768 7235 3201 10 5 6 6 1.56406938e-04 2.65598180e-04 outputs/V1e25_D100_G6/solution/solution-00068 
 69 7.325121502341e+10 3.529768164791e+08 768 7235 3201 10 5 6 6 1.58682060e-04 2.69270013e-04 outputs/V1e25_D100_G6/solution/solution-00069 
 70 7.359937855957e+10 3.481635361674e+08 768 7235 3201 10 5 6 6 1.60816131e-04 2.72696783e-04 outputs/V1e25_D100_G6/solution/solution-00070 
 71 7.394316699394e+10 3.437884343679e+08 768 7235 3201 10 5 6 6 1.62810623e-04 2.75881523e-04 outputs/V1e25_D100_G6/solution/solution-00071 
 72 7.428298677918e+10 3.398197852359e+08 768 7235 3201 10 5 6 6 1.64667262e-04 2.79049078e-04 outputs/V1e25_D100_G6/solution/solution-00072 
 73 7.461901853166e+10 3.360317524786e+08 768 7235 3201 10 5 6 6 1.66387045e-04 2.82008468e-04 outputs/V1e25_D100_G6/solution/solution-00073 
 74 7.495150027158e+10 3.324817399277e+08 768 7235 3201 10 5 6 6 1.67971854e-04 2.84719277e-04 outputs/V1e25_D100_G6/solution/solution-00074 
 75 7.528079202429e+10 3.292917527011e+08 768 7235 3201 10 5 6 6 1.69424575e-04 2.87185697e-04 outputs/V1e25_D100_G6/solution/solution-00075 
 76 7.560723070219e+10 3.264386779008e+08 768 7235 3201 10 5 6 6 1.70748241e-04 2.89412375e-04 outputs/V1e25_D100_G6/solution/solution-00076 
 77 7.593113230837e+10 3.239016061806e+08 768 7235 3201 10 5 6 6 1.71946027e-04 2.91404385e-04 outputs/V1e25_D100_G6/solution/solution-00077 
 78 7.625279386744e+10 3.216615590759e+08 768 7235 3201 10 5 6 6 1.73021232e-04 2.93167208e-04 outputs/V1e25_D100_G6/solution/solution-00078 
 79 7.657249512013e+10 3.197012526892e+08 768 7235 3201 10 5 6 6 1.73977267e-04 2.94706707e-04 outputs/V1e25_D100_G6/solution/solution-00079 
 80 7.689050001226e+10 3.180048921249e+08 768 7235 3201 10 5 6 6 1.74817643e-04 2.96041202e-04 outputs/V1e25_D100_G6/solution/solution-00080 
 81 7.720705800423e+10 3.165579919728e+08 768 7235 3201 10 5 6 6 1.75545960e-04 2.97204090e-04 outputs/V1e25_D100_G6/solution/solution-00081 
 82 7.752240522315e+10 3.153472189233e+08 768 7235 3201 10 5 6 6 1.76165897e-04 2.98163502e-04 outputs/V1e25_D100_G6/solution/solution-00082 
 83 7.783676547641e+10 3.143602532564e+08 768 7235 3201 10 5 6 6 1.76681201e-04 2.98926250e-04 outputs/V1e25_D100_G6/solution/solution-00083 
 84 7.815035114290e+10 3.135856664869e+08 768 7235 3201 10 5 6 6 1.77095675e-04 2.99499405e-04 outputs/V1e25_D100_G6/solution/solution-00084 
 85 7.846336395579e+10 3.130128128959e+08 768 7235 3201 10 5 6 6 1.77413173e-04 2.99890272e-04 outputs/V1e25_D100_G6/solution/solution-00085 
 86 7.877599568884e+10 3.126317330478e+08 768 7235 3201 10 5 6 6 1.77637592e-04 3.00106359e-04 outputs/V1e25_D100_G6/solution/solution-00086 
 87 7.908842875654e+10 3.124330676959e+08 768 7235 3201 10 5 6 6 1.77772857e-04 3.00155358e-04 outputs/V1e25_D100_G6/solution/solution-00087 
 88 7.940083673727e+10 3.124079807369e+08 768 7235 3201 10 5 6 6 1.77822924e-04 3.00045111e-04 outputs/V1e25_D100_G6/solution/solution-00088 
 89 7.971338482736e+10 3.125480900890e+08 768 7235 3201 10 5 6 6 1.77791764e-04 2.99783589e-04 outputs/V1e25_D100_G6/solution/solution-00089 
 90 8.002623023291e+10 3.128454055476e+08 768 7235 3201 10 5 6 6 1.77683362e-04 2.99378861e-04 outputs/V1e25_D100_G6/solution/solution-00090 
 91 8.033952250573e+10 3.132922728246e+08 768 7235 3201 10 5 6 6 1.77501705e-04 2.98839071e-04 outputs/V1e25_D100_G6/solution/solution-00091 
 92 8.065335167048e+10 3.138291647459e+08 768 7235 3201 10 5 6 6 1.77250830e-04 2.98172529e-04 outputs/V1e25_D100_G6/solution/solution-00092 
 93 8.096785215191e+10 3.145004814292e+08 768 7235 3201 10 5 6 6 1.76934750e-04 2.97387507e-04 outputs/V1e25_D100_G6/solution/solution-00093 
 94 8.128315369992e+10 3.153015480131e+08 768 7235 3201 10 5 6 6 1.76557460e-04 2.96492258e-04 outputs/V1e25_D100_G6/solution/solution-00094 
 95 8.159937931324e+10 3.162256133153e+08 768 7235 3201 10 5 6 6 1.76122930e-04 2.95495000e-04 outputs/V1e25_D100_G6/solution/solution-00095 
 96 8.191664537307e+10 3.172660598336e+08 768 7235 3201 10 5 6 6 1.75635103e-04 2.94425814e-04 outputs/V1e25_D100_G6/solution/solution-00096 
 97 8.223506174677e+10 3.184163736953e+08 768 7235 3201 10 5 6 6 1.75097888e-04 2.93271078e-04 outputs/V1e25_D100_G6/solution/solution-00097 
 98 8.255473186473e+10 3.196701179638e+08 768 7235 3201 10 5 6 6 1.74515154e-04 2.92037052e-04 outputs/V1e25_D100_G6/solution/solution-00098 
 99 8.287575277392e+10 3.210209091913e+08 768 7235 3201 10 5 6 6 1.73890725e-04 2.90731573e-04 outputs/V1e25_D100_G6/solution/solution-00099 
100 8.319821517104e+10 3.224623971177e+08 768 7235 3201 10 5 6 6 1.73228379e-04 2.89362348e-04 outputs/V1e25_D100_G6/solution/solution-00100 
