# 1: Time step number
# 2: Time (years)
# 3: Time step size (years)
# 4: Number of mesh cells
# 5: Number of Stokes degrees of freedom
# 6: Number of temperature degrees of freedom
# 7: Iterations for temperature solver
# 8: Iterations for Stokes solver
# 9: Velocity iterations in Stokes preconditioner
# 10: Schur complement iterations in Stokes preconditioner
# 11: RMS velocity (m/year)
# 12: Max. velocity (m/year)
# 13: Visualization file name
  0 0.000000000000e+00 0.000000000000e+00 768 7235 3201  0 8 9 9 1.34251954e-08 2.82856226e-08 outputs/V1e26_D3000_G2/solution/solution-00000 
  1 1.392571516413e+09 1.392571516413e+09 768 7235 3201 32 8 9 9 1.27940770e-08 2.28830039e-08 outputs/V1e26_D3000_G2/solution/solution-00001 
  2 2.785143032825e+09 1.392571516413e+09 768 7235 3201 25 8 9 9 1.22890593e-08 2.07431867e-08 outputs/V1e26_D3000_G2/solution/solution-00002 
  3 4.177714549238e+09 1.392571516413e+09 768 7235 3201 24 8 9 9 1.18236707e-08 1.99784692e-08 outputs/V1e26_D3000_G2/solution/solution-00003 
  4 5.570286065650e+09 1.392571516413e+09 768 7235 3201 23 8 9 9 1.13623641e-08 1.92190492e-08 outputs/V1e26_D3000_G2/solution/solution-00004 
  5 6.962857582063e+09 1.392571516413e+09 768 7235 3201 23 8 9 9 1.09074244e-08 1.84687738e-08 outputs/V1e26_D3000_G2/solution/solution-00005 
  6 8.355429098476e+09 1.392571516413e+09 768 7235 3201 22 8 9 9 1.04607352e-08 1.77307043e-08 outputs/V1e26_D3000_G2/solution/solution-00006 
  7 9.748000614888e+09 1.392571516413e+09 768 7235 3201 22 8 9 9 1.00240606e-08 1.70073539e-08 outputs/V1e26_D3000_G2/solution/solution-00007 
  8 1.114057213130e+10 1.392571516413e+09 768 7235 3201 21 8 9 9 9.59879605e-09 1.63007845e-08 outputs/V1e26_D3000_G2/solution/solution-00008 
  9 1.253314364771e+10 1.392571516413e+09 768 7235 3201 21 8 9 9 9.18597099e-09 1.56126592e-08 outputs/V1e26_D3000_G2/solution/solution-00009 
 10 1.392571516413e+10 1.392571516413e+09 768 7235 3201 21 8 9 9 8.78630343e-09 1.49442815e-08 outputs/V1e26_D3000_G2/solution/solution-00010 
 11 1.531828668054e+10 1.392571516413e+09 768 7235 3201 20 8 9 9 8.40025467e-09 1.42966296e-08 outputs/V1e26_D3000_G2/solution/solution-00011 
 12 1.671085819695e+10 1.392571516413e+09 768 7235 3201 20 8 9 9 8.02807756e-09 1.36703910e-08 outputs/V1e26_D3000_G2/solution/solution-00012 
 13 1.810342971336e+10 1.392571516413e+09 768 7235 3201 20 8 9 9 7.66985758e-09 1.30659959e-08 outputs/V1e26_D3000_G2/solution/solution-00013 
 14 1.949600122978e+10 1.392571516413e+09 768 7235 3201 20 8 9 9 7.32554713e-09 1.24836505e-08 outputs/V1e26_D3000_G2/solution/solution-00014 
 15 2.088857274619e+10 1.392571516413e+09 768 7235 3201 20 8 9 9 6.99499408e-09 1.19233693e-08 outputs/V1e26_D3000_G2/solution/solution-00015 
 16 2.228114426260e+10 1.392571516413e+09 768 7235 3201 20 8 9 9 6.67796516e-09 1.13850050e-08 outputs/V1e26_D3000_G2/solution/solution-00016 
 17 2.367371577901e+10 1.392571516413e+09 768 7235 3201 20 8 9 9 6.37416526e-09 1.08682775e-08 outputs/V1e26_D3000_G2/solution/solution-00017 
 18 2.506628729543e+10 1.392571516413e+09 768 7235 3201 20 8 9 9 6.08325313e-09 1.03727983e-08 outputs/V1e26_D3000_G2/solution/solution-00018 
 19 2.645885881184e+10 1.392571516413e+09 768 7235 3201 19 8 9 9 5.80485412e-09 9.89809390e-09 outputs/V1e26_D3000_G2/solution/solution-00019 
 20 2.785143032825e+10 1.392571516413e+09 768 7235 3201 19 8 9 9 5.53857056e-09 9.44362508e-09 outputs/V1e26_D3000_G2/solution/solution-00020 
 21 2.924400184466e+10 1.392571516413e+09 768 7235 3201 19 8 9 9 5.28399000e-09 9.00880369e-09 outputs/V1e26_D3000_G2/solution/solution-00021 
 22 3.063657336108e+10 1.392571516413e+09 768 7235 3201 19 8 9 9 5.04069192e-09 8.59300692e-09 outputs/V1e26_D3000_G2/solution/solution-00022 
 23 3.202914487749e+10 1.392571516413e+09 768 7235 3201 19 8 9 9 4.80825296e-09 8.19558912e-09 outputs/V1e26_D3000_G2/solution/solution-00023 
 24 3.342171639390e+10 1.392571516413e+09 768 7235 3201 19 8 9 9 4.58625111e-09 7.81589156e-09 outputs/V1e26_D3000_G2/solution/solution-00024 
 25 3.481428791032e+10 1.392571516413e+09 768 7235 3201 19 8 9 9 4.37426895e-09 7.45325035e-09 outputs/V1e26_D3000_G2/solution/solution-00025 
 26 3.620685942673e+10 1.392571516413e+09 768 7235 3201 19 8 9 9 4.17189613e-09 7.10700289e-09 outputs/V1e26_D3000_G2/solution/solution-00026 
 27 3.759943094314e+10 1.392571516413e+09 768 7235 3201 19 8 9 9 3.97873132e-09 6.77649296e-09 outputs/V1e26_D3000_G2/solution/solution-00027 
 28 3.899200245955e+10 1.392571516413e+09 768 7235 3201 19 8 9 9 3.79438358e-09 6.46107468e-09 outputs/V1e26_D3000_G2/solution/solution-00028 
 29 4.038457397597e+10 1.392571516413e+09 768 7235 3201 19 8 9 9 3.61847338e-09 6.16011567e-09 outputs/V1e26_D3000_G2/solution/solution-00029 
 30 4.177714549238e+10 1.392571516413e+09 768 7235 3201 19 8 9 9 3.45063329e-09 5.87299933e-09 outputs/V1e26_D3000_G2/solution/solution-00030 
 31 4.316971700879e+10 1.392571516413e+09 768 7235 3201 19 8 9 9 3.29050845e-09 5.59912662e-09 outputs/V1e26_D3000_G2/solution/solution-00031 
 32 4.456228852520e+10 1.392571516413e+09 768 7235 3201 19 8 9 9 3.13775679e-09 5.33791724e-09 outputs/V1e26_D3000_G2/solution/solution-00032 
 33 4.595486004162e+10 1.392571516413e+09 768 7235 3201 19 8 9 9 2.99204908e-09 5.08881041e-09 outputs/V1e26_D3000_G2/solution/solution-00033 
 34 4.734743155803e+10 1.392571516413e+09 768 7235 3201 18 8 9 9 2.85306894e-09 4.85126540e-09 outputs/V1e26_D3000_G2/solution/solution-00034 
 35 4.874000307444e+10 1.392571516413e+09 768 7235 3201 18 8 9 9 2.72051266e-09 4.62476170e-09 outputs/V1e26_D3000_G2/solution/solution-00035 
 36 5.013257459085e+10 1.392571516413e+09 768 7235 3201 18 8 9 9 2.59408899e-09 4.40879902e-09 outputs/V1e26_D3000_G2/solution/solution-00036 
 37 5.152514610727e+10 1.392571516413e+09 768 7235 3201 18 8 9 9 2.47351886e-09 4.20289711e-09 outputs/V1e26_D3000_G2/solution/solution-00037 
 38 5.291771762368e+10 1.392571516413e+09 768 7235 3201 18 8 9 9 2.35853504e-09 4.00659548e-09 outputs/V1e26_D3000_G2/solution/solution-00038 
 39 5.431028914009e+10 1.392571516413e+09 768 7235 3201 18 8 9 9 2.24888183e-09 3.81945295e-09 outputs/V1e26_D3000_G2/solution/solution-00039 
 40 5.570286065650e+10 1.392571516413e+09 768 7235 3201 18 8 9 9 2.14431469e-09 3.64104724e-09 outputs/V1e26_D3000_G2/solution/solution-00040 
 41 5.709543217292e+10 1.392571516413e+09 768 7235 3201 18 8 9 9 2.04459979e-09 3.47097436e-09 outputs/V1e26_D3000_G2/solution/solution-00041 
 42 5.848800368933e+10 1.392571516413e+09 768 7235 3201 18 8 9 9 1.94951373e-09 3.30884808e-09 outputs/V1e26_D3000_G2/solution/solution-00042 
 43 5.988057520574e+10 1.392571516413e+09 768 7235 3201 18 8 9 9 1.85884304e-09 3.15429936e-09 outputs/V1e26_D3000_G2/solution/solution-00043 
 44 6.127314672215e+10 1.392571516413e+09 768 7235 3201 18 8 9 9 1.77238386e-09 3.00697565e-09 outputs/V1e26_D3000_G2/solution/solution-00044 
 45 6.266571823857e+10 1.392571516413e+09 768 7235 3201 18 8 9 9 1.68994155e-09 2.86654036e-09 outputs/V1e26_D3000_G2/solution/solution-00045 
 46 6.405828975498e+10 1.392571516413e+09 768 7235 3201 18 8 9 9 1.61133026e-09 2.73267220e-09 outputs/V1e26_D3000_G2/solution/solution-00046 
 47 6.545086127139e+10 1.392571516413e+09 768 7235 3201 18 8 9 9 1.53637264e-09 2.60506454e-09 outputs/V1e26_D3000_G2/solution/solution-00047 
 48 6.684343278781e+10 1.392571516413e+09 768 7235 3201 18 8 9 9 1.46489939e-09 2.48342485e-09 outputs/V1e26_D3000_G2/solution/solution-00048 
 49 6.823600430422e+10 1.392571516413e+09 768 7235 3201 18 8 9 9 1.39674900e-09 2.36747408e-09 outputs/V1e26_D3000_G2/solution/solution-00049 
 50 6.962857582063e+10 1.392571516413e+09 768 7235 3201 18 8 9 9 1.33176735e-09 2.25694609e-09 outputs/V1e26_D3000_G2/solution/solution-00050 
 51 7.102114733704e+10 1.392571516413e+09 768 7235 3201 18 8 9 9 1.26980741e-09 2.15158709e-09 outputs/V1e26_D3000_G2/solution/solution-00051 
 52 7.241371885346e+10 1.392571516413e+09 768 7235 3201 18 8 9 9 1.21072891e-09 2.05115507e-09 outputs/V1e26_D3000_G2/solution/solution-00052 
 53 7.380629036987e+10 1.392571516413e+09 768 7235 3201 18 8 9 9 1.15439806e-09 1.95541931e-09 outputs/V1e26_D3000_G2/solution/solution-00053 
 54 7.519886188628e+10 1.392571516413e+09 768 7235 3201 18 8 9 9 1.10068724e-09 1.86415987e-09 outputs/V1e26_D3000_G2/solution/solution-00054 
 55 7.659143340269e+10 1.392571516413e+09 768 7235 3201 18 8 9 9 1.04947474e-09 1.77716705e-09 outputs/V1e26_D3000_G2/solution/solution-00055 
 56 7.798400491911e+10 1.392571516413e+09 768 7235 3201 18 8 9 9 1.00064446e-09 1.69424098e-09 outputs/V1e26_D3000_G2/solution/solution-00056 
 57 7.937657643552e+10 1.392571516413e+09 768 7235 3201 18 8 9 9 9.54085687e-10 1.61519116e-09 outputs/V1e26_D3000_G2/solution/solution-00057 
 58 8.076914795193e+10 1.392571516413e+09 768 7235 3201 18 8 9 9 9.09692837e-10 1.53983599e-09 outputs/V1e26_D3000_G2/solution/solution-00058 
 59 8.216171946834e+10 1.392571516413e+09 768 7235 3201 18 8 9 9 8.67365219e-10 1.46800240e-09 outputs/V1e26_D3000_G2/solution/solution-00059 
 60 8.355429098476e+10 1.392571516413e+09 768 7235 3201 18 8 9 9 8.27006810e-10 1.39952545e-09 outputs/V1e26_D3000_G2/solution/solution-00060 
 61 8.494686250117e+10 1.392571516413e+09 768 7235 3201 17 8 9 9 7.88526040e-10 1.33424789e-09 outputs/V1e26_D3000_G2/solution/solution-00061 
 62 8.633943401758e+10 1.392571516413e+09 768 7235 3201 17 8 9 9 7.51835594e-10 1.27201992e-09 outputs/V1e26_D3000_G2/solution/solution-00062 
 63 8.773200553399e+10 1.392571516413e+09 768 7235 3201 17 8 9 9 7.16852212e-10 1.21269871e-09 outputs/V1e26_D3000_G2/solution/solution-00063 
 64 8.912457705041e+10 1.392571516413e+09 768 7235 3201 17 8 9 9 6.83496496e-10 1.15614818e-09 outputs/V1e26_D3000_G2/solution/solution-00064 
 65 9.051714856682e+10 1.392571516413e+09 768 7235 3201 17 8 9 9 6.51692741e-10 1.10223862e-09 outputs/V1e26_D3000_G2/solution/solution-00065 
 66 9.190972008323e+10 1.392571516413e+09 768 7235 3201 17 8 9 9 6.21368755e-10 1.05084640e-09 outputs/V1e26_D3000_G2/solution/solution-00066 
 67 9.330229159964e+10 1.392571516413e+09 768 7235 3201 17 8 9 9 5.92455705e-10 1.00185371e-09 outputs/V1e26_D3000_G2/solution/solution-00067 
 68 9.469486311606e+10 1.392571516413e+09 768 7235 3201 17 8 9 9 5.64887954e-10 9.55148273e-10 outputs/V1e26_D3000_G2/solution/solution-00068 
 69 9.608743463247e+10 1.392571516413e+09 768 7235 3201 17 8 9 9 5.38602918e-10 9.10623065e-10 outputs/V1e26_D3000_G2/solution/solution-00069 
 70 9.748000614888e+10 1.392571516413e+09 768 7235 3201 17 8 9 9 5.13540922e-10 8.68176096e-10 outputs/V1e26_D3000_G2/solution/solution-00070 
 71 9.887257766530e+10 1.392571516413e+09 768 7235 3201 17 8 9 9 4.89645066e-10 8.27710162e-10 outputs/V1e26_D3000_G2/solution/solution-00071 
 72 1.002651491817e+11 1.392571516413e+09 768 7235 3201 17 8 9 9 4.66861097e-10 7.89132617e-10 outputs/V1e26_D3000_G2/solution/solution-00072 
 73 1.016577206981e+11 1.392571516413e+09 768 7235 3201 17 8 9 9 4.45137283e-10 7.52355162e-10 outputs/V1e26_D3000_G2/solution/solution-00073 
 74 1.030502922145e+11 1.392571516413e+09 768 7235 3201 17 8 9 9 4.24424298e-10 7.17293640e-10 outputs/V1e26_D3000_G2/solution/solution-00074 
 75 1.044428637309e+11 1.392571516413e+09 768 7235 3201 17 8 9 9 4.04675113e-10 6.83867839e-10 outputs/V1e26_D3000_G2/solution/solution-00075 
 76 1.058354352474e+11 1.392571516413e+09 768 7235 3201 17 8 9 9 3.85844883e-10 6.52001310e-10 outputs/V1e26_D3000_G2/solution/solution-00076 
 77 1.072280067638e+11 1.392571516413e+09 768 7235 3201 17 8 9 9 3.67890852e-10 6.21621184e-10 outputs/V1e26_D3000_G2/solution/solution-00077 
 78 1.086205782802e+11 1.392571516413e+09 768 7235 3201 17 8 9 9 3.50772250e-10 5.92658011e-10 outputs/V1e26_D3000_G2/solution/solution-00078 
 79 1.100131497966e+11 1.392571516413e+09 768 7235 3201 17 8 9 9 3.34450206e-10 5.65045592e-10 outputs/V1e26_D3000_G2/solution/solution-00079 
 80 1.114057213130e+11 1.392571516413e+09 768 7235 3201 17 8 9 9 3.18887656e-10 5.38720830e-10 outputs/V1e26_D3000_G2/solution/solution-00080 
 81 1.127982928294e+11 1.392571516413e+09 768 7235 3201 17 8 9 9 3.04049261e-10 5.13623585e-10 outputs/V1e26_D3000_G2/solution/solution-00081 
 82 1.141908643458e+11 1.392571516413e+09 768 7235 3201 17 8 9 9 2.89901326e-10 4.89696530e-10 outputs/V1e26_D3000_G2/solution/solution-00082 
 83 1.155834358622e+11 1.392571516413e+09 768 7235 3201 17 8 9 9 2.76411723e-10 4.66885025e-10 outputs/V1e26_D3000_G2/solution/solution-00083 
 84 1.169760073787e+11 1.392571516413e+09 768 7235 3201 17 8 9 9 2.63549819e-10 4.45136986e-10 outputs/V1e26_D3000_G2/solution/solution-00084 
 85 1.183685788951e+11 1.392571516413e+09 768 7235 3201 17 8 9 9 2.51286407e-10 4.24402766e-10 outputs/V1e26_D3000_G2/solution/solution-00085 
 86 1.197611504115e+11 1.392571516413e+09 768 7235 3201 17 8 9 9 2.39593638e-10 4.04635042e-10 outputs/V1e26_D3000_G2/solution/solution-00086 
 87 1.211537219279e+11 1.392571516413e+09 768 7235 3201 17 8 9 9 2.28444960e-10 3.85788706e-10 outputs/V1e26_D3000_G2/solution/solution-00087 
 88 1.225462934443e+11 1.392571516413e+09 768 7235 3201 17 8 9 9 2.17815054e-10 3.67820758e-10 outputs/V1e26_D3000_G2/solution/solution-00088 
 89 1.239388649607e+11 1.392571516413e+09 768 7235 3201 16 8 9 9 2.07679779e-10 3.50690202e-10 outputs/V1e26_D3000_G2/solution/solution-00089 
 90 1.253314364771e+11 1.392571516413e+09 768 7235 3201 16 8 9 9 1.98016120e-10 3.34357972e-10 outputs/V1e26_D3000_G2/solution/solution-00090 
 91 1.267240079935e+11 1.392571516413e+09 768 7235 3201 16 8 9 9 1.88802133e-10 3.18786825e-10 outputs/V1e26_D3000_G2/solution/solution-00091 
 92 1.281165795100e+11 1.392571516413e+09 768 7235 3201 16 8 9 9 1.80016894e-10 3.03941257e-10 outputs/V1e26_D3000_G2/solution/solution-00092 
 93 1.295091510264e+11 1.392571516413e+09 768 7235 3201 16 8 9 9 1.71640453e-10 2.89787423e-10 outputs/V1e26_D3000_G2/solution/solution-00093 
 94 1.309017225428e+11 1.392571516413e+09 768 7235 3201 16 8 9 9 1.63653786e-10 2.76293059e-10 outputs/V1e26_D3000_G2/solution/solution-00094 
 95 1.322942940592e+11 1.392571516413e+09 768 7235 3201 16 8 9 9 1.56038757e-10 2.63427409e-10 outputs/V1e26_D3000_G2/solution/solution-00095 
 96 1.336868655756e+11 1.392571516413e+09 768 7235 3201 16 8 9 9 1.48778074e-10 2.51161155e-10 outputs/V1e26_D3000_G2/solution/solution-00096 
 97 1.350794370920e+11 1.392571516413e+09 768 7235 3201 16 8 9 9 1.41855246e-10 2.39466345e-10 outputs/V1e26_D3000_G2/solution/solution-00097 
 98 1.364720086084e+11 1.392571516413e+09 768 7235 3201 16 8 9 9 1.35254553e-10 2.28316336e-10 outputs/V1e26_D3000_G2/solution/solution-00098 
 99 1.378645801248e+11 1.392571516413e+09 768 7235 3201 16 8 9 9 1.28961005e-10 2.17685727e-10 outputs/V1e26_D3000_G2/solution/solution-00099 
100 1.392571516413e+11 1.392571516413e+09 768 7235 3201 16 8 9 9 1.22960311e-10 2.07550304e-10 outputs/V1e26_D3000_G2/solution/solution-00100 
