# 1: Time step number
# 2: Time (years)
# 3: Time step size (years)
# 4: Number of mesh cells
# 5: Number of Stokes degrees of freedom
# 6: Number of temperature degrees of freedom
# 7: Iterations for temperature solver
# 8: Iterations for Stokes solver
# 9: Velocity iterations in Stokes preconditioner
# 10: Schur complement iterations in Stokes preconditioner
# 11: RMS velocity (m/year)
# 12: Max. velocity (m/year)
# 13: Visualization file name
  0 0.000000000000e+00 0.000000000000e+00 768 7235 3201  0 8 9 9 2.65054232e-08 4.71558021e-08 outputs/V1e26_D10_G4/solution/solution-00000 
  1 1.392571516413e+09 1.392571516413e+09 768 7235 3201 32 8 9 9 2.51083991e-08 4.24632177e-08 outputs/V1e26_D10_G4/solution/solution-00001 
  2 2.785143032825e+09 1.392571516413e+09 768 7235 3201 25 8 9 9 2.38433716e-08 4.02952573e-08 outputs/V1e26_D10_G4/solution/solution-00002 
  3 4.177714549238e+09 1.392571516413e+09 768 7235 3201 24 8 9 9 2.26813079e-08 3.83806633e-08 outputs/V1e26_D10_G4/solution/solution-00003 
  4 5.570286065650e+09 1.392571516413e+09 768 7235 3201 23 8 9 9 2.16003457e-08 3.65991079e-08 outputs/V1e26_D10_G4/solution/solution-00004 
  5 6.962857582063e+09 1.392571516413e+09 768 7235 3201 23 8 9 9 2.05930382e-08 3.49355544e-08 outputs/V1e26_D10_G4/solution/solution-00005 
  6 8.355429098476e+09 1.392571516413e+09 768 7235 3201 22 8 9 9 1.96514297e-08 3.33757623e-08 outputs/V1e26_D10_G4/solution/solution-00006 
  7 9.748000614888e+09 1.392571516413e+09 768 7235 3201 21 8 9 9 1.87684249e-08 3.19077557e-08 outputs/V1e26_D10_G4/solution/solution-00007 
  8 1.114057213130e+10 1.392571516413e+09 768 7235 3201 21 8 9 9 1.79378976e-08 3.05217421e-08 outputs/V1e26_D10_G4/solution/solution-00008 
  9 1.253314364771e+10 1.392571516413e+09 768 7235 3201 21 8 9 9 1.71546204e-08 2.92097061e-08 outputs/V1e26_D10_G4/solution/solution-00009 
 10 1.392571516413e+10 1.392571516413e+09 768 7235 3201 20 8 9 9 1.64141418e-08 2.79650160e-08 outputs/V1e26_D10_G4/solution/solution-00010 
 11 1.531828668054e+10 1.392571516413e+09 768 7235 3201 20 8 9 9 1.57126608e-08 2.67821110e-08 outputs/V1e26_D10_G4/solution/solution-00011 
 12 1.671085819695e+10 1.392571516413e+09 768 7235 3201 20 8 9 9 1.50469151e-08 2.56562648e-08 outputs/V1e26_D10_G4/solution/solution-00012 
 13 1.810342971336e+10 1.392571516413e+09 768 7235 3201 20 8 9 9 1.44140881e-08 2.45834088e-08 outputs/V1e26_D10_G4/solution/solution-00013 
 14 1.949600122978e+10 1.392571516413e+09 768 7235 3201 20 8 9 9 1.38117317e-08 2.35600000e-08 outputs/V1e26_D10_G4/solution/solution-00014 
 15 2.088857274619e+10 1.392571516413e+09 768 7235 3201 20 8 9 9 1.32377037e-08 2.25829198e-08 outputs/V1e26_D10_G4/solution/solution-00015 
 16 2.228114426260e+10 1.392571516413e+09 768 7235 3201 19 8 9 9 1.26901167e-08 2.16493965e-08 outputs/V1e26_D10_G4/solution/solution-00016 
 17 2.367371577901e+10 1.392571516413e+09 768 7235 3201 19 8 9 9 1.21672967e-08 2.07569451e-08 outputs/V1e26_D10_G4/solution/solution-00017 
 18 2.506628729543e+10 1.392571516413e+09 768 7235 3201 19 8 9 9 1.16677485e-08 1.99033197e-08 outputs/V1e26_D10_G4/solution/solution-00018 
 19 2.645885881184e+10 1.392571516413e+09 768 7235 3201 19 8 9 9 1.11901285e-08 1.90864758e-08 outputs/V1e26_D10_G4/solution/solution-00019 
 20 2.785143032825e+10 1.392571516413e+09 768 7235 3201 19 8 9 9 1.07332212e-08 1.83045400e-08 outputs/V1e26_D10_G4/solution/solution-00020 
 21 2.924400184466e+10 1.392571516413e+09 768 7235 3201 19 8 9 9 1.02959209e-08 1.75557863e-08 outputs/V1e26_D10_G4/solution/solution-00021 
 22 3.063657336108e+10 1.392571516413e+09 768 7235 3201 19 8 9 9 9.87721593e-09 1.68386153e-08 outputs/V1e26_D10_G4/solution/solution-00022 
 23 3.202914487749e+10 1.392571516413e+09 768 7235 3201 19 8 9 9 9.47617574e-09 1.61515391e-08 outputs/V1e26_D10_G4/solution/solution-00023 
 24 3.342171639390e+10 1.392571516413e+09 768 7235 3201 19 8 9 9 9.09194045e-09 1.54931671e-08 outputs/V1e26_D10_G4/solution/solution-00024 
 25 3.481428791032e+10 1.392571516413e+09 768 7235 3201 19 8 9 9 8.72371183e-09 1.48621957e-08 outputs/V1e26_D10_G4/solution/solution-00025 
 26 3.620685942673e+10 1.392571516413e+09 768 7235 3201 18 8 9 9 8.37074598e-09 1.42573984e-08 outputs/V1e26_D10_G4/solution/solution-00026 
 27 3.759943094314e+10 1.392571516413e+09 768 7235 3201 18 8 9 9 8.03234704e-09 1.36776186e-08 outputs/V1e26_D10_G4/solution/solution-00027 
 28 3.899200245955e+10 1.392571516413e+09 768 7235 3201 18 8 9 9 7.70786201e-09 1.31217631e-08 outputs/V1e26_D10_G4/solution/solution-00028 
 29 4.038457397597e+10 1.392571516413e+09 768 7235 3201 18 8 9 9 7.39667634e-09 1.25887960e-08 outputs/V1e26_D10_G4/solution/solution-00029 
 30 4.177714549238e+10 1.392571516413e+09 768 7235 3201 18 8 9 9 7.09821015e-09 1.20777346e-08 outputs/V1e26_D10_G4/solution/solution-00030 
 31 4.316971700879e+10 1.392571516413e+09 768 7235 3201 18 8 9 9 6.81191504e-09 1.15876447e-08 outputs/V1e26_D10_G4/solution/solution-00031 
 32 4.456228852520e+10 1.392571516413e+09 768 7235 3201 18 8 9 9 6.53727136e-09 1.11176376e-08 outputs/V1e26_D10_G4/solution/solution-00032 
 33 4.595486004162e+10 1.392571516413e+09 768 7235 3201 18 8 9 9 6.27378582e-09 1.06668665e-08 outputs/V1e26_D10_G4/solution/solution-00033 
 34 4.734743155803e+10 1.392571516413e+09 768 7235 3201 18 8 9 9 6.02098947e-09 1.02345241e-08 outputs/V1e26_D10_G4/solution/solution-00034 
 35 4.874000307444e+10 1.392571516413e+09 768 7235 3201 18 8 9 9 5.77843587e-09 9.81983973e-09 outputs/V1e26_D10_G4/solution/solution-00035 
 36 5.013257459085e+10 1.392571516413e+09 768 7235 3201 18 8 9 9 5.54569954e-09 9.42207764e-09 outputs/V1e26_D10_G4/solution/solution-00036 
 37 5.152514610727e+10 1.392571516413e+09 768 7235 3201 18 8 9 9 5.32237460e-09 9.04053469e-09 outputs/V1e26_D10_G4/solution/solution-00037 
 38 5.291771762368e+10 1.392571516413e+09 768 7235 3201 18 8 9 9 5.10807347e-09 8.67453866e-09 outputs/V1e26_D10_G4/solution/solution-00038 
 39 5.431028914009e+10 1.392571516413e+09 768 7235 3201 18 8 9 9 4.90242582e-09 8.32344663e-09 outputs/V1e26_D10_G4/solution/solution-00039 
 40 5.570286065650e+10 1.392571516413e+09 768 7235 3201 18 8 9 9 4.70507757e-09 7.98664342e-09 outputs/V1e26_D10_G4/solution/solution-00040 
 41 5.709543217292e+10 1.392571516413e+09 768 7235 3201 18 8 9 9 4.51568997e-09 7.66354027e-09 outputs/V1e26_D10_G4/solution/solution-00041 
 42 5.848800368933e+10 1.392571516413e+09 768 7235 3201 18 8 9 9 4.33393881e-09 7.35357350e-09 outputs/V1e26_D10_G4/solution/solution-00042 
 43 5.988057520574e+10 1.392571516413e+09 768 7235 3201 18 8 9 9 4.15951365e-09 7.05620334e-09 outputs/V1e26_D10_G4/solution/solution-00043 
 44 6.127314672215e+10 1.392571516413e+09 768 7235 3201 18 8 9 9 3.99211713e-09 6.77091283e-09 outputs/V1e26_D10_G4/solution/solution-00044 
 45 6.266571823857e+10 1.392571516413e+09 768 7235 3201 18 8 9 9 3.83146436e-09 6.49720672e-09 outputs/V1e26_D10_G4/solution/solution-00045 
 46 6.405828975498e+10 1.392571516413e+09 768 7235 3201 17 8 9 9 3.67728229e-09 6.23461057e-09 outputs/V1e26_D10_G4/solution/solution-00046 
 47 6.545086127139e+10 1.392571516413e+09 768 7235 3201 17 8 9 9 3.52930920e-09 5.98266970e-09 outputs/V1e26_D10_G4/solution/solution-00047 
 48 6.684343278781e+10 1.392571516413e+09 768 7235 3201 17 8 9 9 3.38729415e-09 5.74094842e-09 outputs/V1e26_D10_G4/solution/solution-00048 
 49 6.823600430422e+10 1.392571516413e+09 768 7235 3201 17 8 9 9 3.25099651e-09 5.50902915e-09 outputs/V1e26_D10_G4/solution/solution-00049 
 50 6.962857582063e+10 1.392571516413e+09 768 7235 3201 17 8 9 9 3.12018552e-09 5.28651164e-09 outputs/V1e26_D10_G4/solution/solution-00050 
 51 7.102114733704e+10 1.392571516413e+09 768 7235 3201 17 8 9 9 2.99463984e-09 5.07301222e-09 outputs/V1e26_D10_G4/solution/solution-00051 
 52 7.241371885346e+10 1.392571516413e+09 768 7235 3201 17 8 9 9 2.87414715e-09 4.86816310e-09 outputs/V1e26_D10_G4/solution/solution-00052 
 53 7.380629036987e+10 1.392571516413e+09 768 7235 3201 17 8 9 9 2.75850377e-09 4.67161165e-09 outputs/V1e26_D10_G4/solution/solution-00053 
 54 7.519886188628e+10 1.392571516413e+09 768 7235 3201 17 8 9 9 2.64751428e-09 4.48301983e-09 outputs/V1e26_D10_G4/solution/solution-00054 
 55 7.659143340269e+10 1.392571516413e+09 768 7235 3201 17 8 9 9 2.54099119e-09 4.30206349e-09 outputs/V1e26_D10_G4/solution/solution-00055 
 56 7.798400491911e+10 1.392571516413e+09 768 7235 3201 17 8 9 9 2.43875462e-09 4.12843184e-09 outputs/V1e26_D10_G4/solution/solution-00056 
 57 7.937657643552e+10 1.392571516413e+09 768 7235 3201 17 8 9 9 2.34063195e-09 3.96182686e-09 outputs/V1e26_D10_G4/solution/solution-00057 
 58 8.076914795193e+10 1.392571516413e+09 768 7235 3201 17 8 9 9 2.24645752e-09 3.80196279e-09 outputs/V1e26_D10_G4/solution/solution-00058 
 59 8.216171946834e+10 1.392571516413e+09 768 7235 3201 17 8 9 9 2.15607241e-09 3.64856557e-09 outputs/V1e26_D10_G4/solution/solution-00059 
 60 8.355429098476e+10 1.392571516413e+09 768 7235 3201 17 8 9 9 2.06932406e-09 3.50137241e-09 outputs/V1e26_D10_G4/solution/solution-00060 
 61 8.494686250117e+10 1.392571516413e+09 768 7235 3201 17 8 9 9 1.98606611e-09 3.36013127e-09 outputs/V1e26_D10_G4/solution/solution-00061 
 62 8.633943401758e+10 1.392571516413e+09 768 7235 3201 17 8 9 9 1.90615807e-09 3.22460044e-09 outputs/V1e26_D10_G4/solution/solution-00062 
 63 8.773200553399e+10 1.392571516413e+09 768 7235 3201 17 8 9 9 1.82946513e-09 3.09454809e-09 outputs/V1e26_D10_G4/solution/solution-00063 
 64 8.912457705041e+10 1.392571516413e+09 768 7235 3201 17 8 9 9 1.75585790e-09 2.96975190e-09 outputs/V1e26_D10_G4/solution/solution-00064 
 65 9.051714856682e+10 1.392571516413e+09 768 7235 3201 17 8 9 9 1.68521223e-09 2.84999861e-09 outputs/V1e26_D10_G4/solution/solution-00065 
 66 9.190972008323e+10 1.392571516413e+09 768 7235 3201 17 8 9 9 1.61740893e-09 2.73508369e-09 outputs/V1e26_D10_G4/solution/solution-00066 
 67 9.330229159964e+10 1.392571516413e+09 768 7235 3201 17 8 9 9 1.55233364e-09 2.62481095e-09 outputs/V1e26_D10_G4/solution/solution-00067 
 68 9.469486311606e+10 1.392571516413e+09 768 7235 3201 17 8 9 9 1.48987659e-09 2.51899221e-09 outputs/V1e26_D10_G4/solution/solution-00068 
 69 9.608743463247e+10 1.392571516413e+09 768 7235 3201 17 8 9 9 1.42993244e-09 2.41744698e-09 outputs/V1e26_D10_G4/solution/solution-00069 
 70 9.748000614888e+10 1.392571516413e+09 768 7235 3201 17 8 9 9 1.37240008e-09 2.32000211e-09 outputs/V1e26_D10_G4/solution/solution-00070 
 71 9.887257766530e+10 1.392571516413e+09 768 7235 3201 17 8 9 9 1.31718246e-09 2.22649151e-09 outputs/V1e26_D10_G4/solution/solution-00071 
 72 1.002651491817e+11 1.392571516413e+09 768 7235 3201 16 8 9 9 1.26418648e-09 2.13675588e-09 outputs/V1e26_D10_G4/solution/solution-00072 
 73 1.016577206981e+11 1.392571516413e+09 768 7235 3201 16 8 9 9 1.21332273e-09 2.05064238e-09 outputs/V1e26_D10_G4/solution/solution-00073 
 74 1.030502922145e+11 1.392571516413e+09 768 7235 3201 16 8 9 9 1.16450542e-09 1.96800437e-09 outputs/V1e26_D10_G4/solution/solution-00074 
 75 1.044428637309e+11 1.392571516413e+09 768 7235 3201 16 8 9 9 1.11765223e-09 1.88870123e-09 outputs/V1e26_D10_G4/solution/solution-00075 
 76 1.058354352474e+11 1.392571516413e+09 768 7235 3201 16 8 9 9 1.07268412e-09 1.81259801e-09 outputs/V1e26_D10_G4/solution/solution-00076 
 77 1.072280067638e+11 1.392571516413e+09 768 7235 3201 16 8 9 9 1.02952526e-09 1.73956528e-09 outputs/V1e26_D10_G4/solution/solution-00077 
 78 1.086205782802e+11 1.392571516413e+09 768 7235 3201 16 8 9 9 9.88102854e-10 1.66947885e-09 outputs/V1e26_D10_G4/solution/solution-00078 
 79 1.100131497966e+11 1.392571516413e+09 768 7235 3201 16 8 9 9 9.48347037e-10 1.60221958e-09 outputs/V1e26_D10_G4/solution/solution-00079 
 80 1.114057213130e+11 1.392571516413e+09 768 7235 3201 16 8 9 9 9.10190758e-10 1.53767318e-09 outputs/V1e26_D10_G4/solution/solution-00080 
 81 1.127982928294e+11 1.392571516413e+09 768 7235 3201 16 8 9 9 8.73569661e-10 1.47572998e-09 outputs/V1e26_D10_G4/solution/solution-00081 
 82 1.141908643458e+11 1.392571516413e+09 768 7235 3201 16 8 9 9 8.38421983e-10 1.41628478e-09 outputs/V1e26_D10_G4/solution/solution-00082 
 83 1.155834358622e+11 1.392571516413e+09 768 7235 3201 16 8 9 9 8.04688442e-10 1.35923663e-09 outputs/V1e26_D10_G4/solution/solution-00083 
 84 1.169760073787e+11 1.392571516413e+09 768 7235 3201 16 8 9 9 7.72312143e-10 1.30448869e-09 outputs/V1e26_D10_G4/solution/solution-00084 
 85 1.183685788951e+11 1.392571516413e+09 768 7235 3201 16 8 9 9 7.41238480e-10 1.25194804e-09 outputs/V1e26_D10_G4/solution/solution-00085 
 86 1.197611504115e+11 1.392571516413e+09 768 7235 3201 16 8 9 9 7.11415043e-10 1.20152553e-09 outputs/V1e26_D10_G4/solution/solution-00086 
 87 1.211537219279e+11 1.392571516413e+09 768 7235 3201 16 8 9 9 6.82791531e-10 1.15313561e-09 outputs/V1e26_D10_G4/solution/solution-00087 
 88 1.225462934443e+11 1.392571516413e+09 768 7235 3201 16 8 9 9 6.55319667e-10 1.10669622e-09 outputs/V1e26_D10_G4/solution/solution-00088 
 89 1.239388649607e+11 1.392571516413e+09 768 7235 3201 16 8 9 9 6.28953115e-10 1.06212859e-09 outputs/V1e26_D10_G4/solution/solution-00089 
 90 1.253314364771e+11 1.392571516413e+09 768 7235 3201 16 8 9 9 6.03647406e-10 1.01935718e-09 outputs/V1e26_D10_G4/solution/solution-00090 
 91 1.267240079935e+11 1.392571516413e+09 768 7235 3201 16 8 9 9 5.79359857e-10 9.78309479e-10 outputs/V1e26_D10_G4/solution/solution-00091 
 92 1.281165795100e+11 1.392571516413e+09 768 7235 3201 16 8 9 9 5.56049504e-10 9.38915920e-10 outputs/V1e26_D10_G4/solution/solution-00092 
 93 1.295091510264e+11 1.392571516413e+09 768 7235 3201 16 8 9 9 5.33677031e-10 9.01109752e-10 outputs/V1e26_D10_G4/solution/solution-00093 
 94 1.309017225428e+11 1.392571516413e+09 768 7235 3201 16 8 9 9 5.12204703e-10 8.64826923e-10 outputs/V1e26_D10_G4/solution/solution-00094 
 95 1.322942940592e+11 1.392571516413e+09 768 7235 3201 16 8 9 9 4.91596303e-10 8.30005975e-10 outputs/V1e26_D10_G4/solution/solution-00095 
 96 1.336868655756e+11 1.392571516413e+09 768 7235 3201 16 8 9 9 4.71817073e-10 7.96587931e-10 outputs/V1e26_D10_G4/solution/solution-00096 
 97 1.350794370920e+11 1.392571516413e+09 768 7235 3201 15 8 9 9 4.52833657e-10 7.64516218e-10 outputs/V1e26_D10_G4/solution/solution-00097 
 98 1.364720086084e+11 1.392571516413e+09 768 7235 3201 15 8 9 9 4.34614032e-10 7.33736522e-10 outputs/V1e26_D10_G4/solution/solution-00098 
 99 1.378645801248e+11 1.392571516413e+09 768 7235 3201 15 8 9 9 4.17127467e-10 7.04196733e-10 outputs/V1e26_D10_G4/solution/solution-00099 
100 1.392571516413e+11 1.392571516413e+09 768 7235 3201 15 8 9 9 4.00344466e-10 6.75846848e-10 outputs/V1e26_D10_G4/solution/solution-00100 
