# 1: Time step number
# 2: Time (years)
# 3: Time step size (years)
# 4: Number of mesh cells
# 5: Number of Stokes degrees of freedom
# 6: Number of temperature degrees of freedom
# 7: Iterations for temperature solver
# 8: Iterations for Stokes solver
# 9: Velocity iterations in Stokes preconditioner
# 10: Schur complement iterations in Stokes preconditioner
# 11: RMS velocity (m/year)
# 12: Max. velocity (m/year)
# 13: Visualization file name
  0 0.000000000000e+00 0.000000000000e+00 768 7235 3201  0 8 9 9 1.32504579e-08 2.35109349e-08 outputs/V1e26_D30_G2/solution/solution-00000 
  1 1.392571516413e+09 1.392571516413e+09 768 7235 3201 32 8 9 9 1.25434046e-08 2.11892054e-08 outputs/V1e26_D30_G2/solution/solution-00001 
  2 2.785143032825e+09 1.392571516413e+09 768 7235 3201 25 8 9 9 1.18958774e-08 2.00853715e-08 outputs/V1e26_D30_G2/solution/solution-00002 
  3 4.177714549238e+09 1.392571516413e+09 768 7235 3201 24 8 9 9 1.12937234e-08 1.90813028e-08 outputs/V1e26_D30_G2/solution/solution-00003 
  4 5.570286065650e+09 1.392571516413e+09 768 7235 3201 23 8 9 9 1.07274929e-08 1.81365294e-08 outputs/V1e26_D30_G2/solution/solution-00004 
  5 6.962857582063e+09 1.392571516413e+09 768 7235 3201 23 8 9 9 1.01948642e-08 1.72467015e-08 outputs/V1e26_D30_G2/solution/solution-00005 
  6 8.355429098476e+09 1.392571516413e+09 768 7235 3201 22 8 9 9 9.69313708e-09 1.64071893e-08 outputs/V1e26_D30_G2/solution/solution-00006 
  7 9.748000614888e+09 1.392571516413e+09 768 7235 3201 21 8 9 9 9.21981319e-09 1.56138145e-08 outputs/V1e26_D30_G2/solution/solution-00007 
  8 1.114057213130e+10 1.392571516413e+09 768 7235 3201 21 8 9 9 8.77265456e-09 1.48629515e-08 outputs/V1e26_D30_G2/solution/solution-00008 
  9 1.253314364771e+10 1.392571516413e+09 768 7235 3201 21 8 9 9 8.34967883e-09 1.41514646e-08 outputs/V1e26_D30_G2/solution/solution-00009 
 10 1.392571516413e+10 1.392571516413e+09 768 7235 3201 20 8 9 9 7.94913271e-09 1.34766202e-08 outputs/V1e26_D30_G2/solution/solution-00010 
 11 1.531828668054e+10 1.392571516413e+09 768 7235 3201 20 8 9 9 7.56946020e-09 1.28360095e-08 outputs/V1e26_D30_G2/solution/solution-00011 
 12 1.671085819695e+10 1.392571516413e+09 768 7235 3201 20 8 9 9 7.20927321e-09 1.22274867e-08 outputs/V1e26_D30_G2/solution/solution-00012 
 13 1.810342971336e+10 1.392571516413e+09 768 7235 3201 20 8 9 9 6.86732613e-09 1.16491228e-08 outputs/V1e26_D30_G2/solution/solution-00013 
 14 1.949600122978e+10 1.392571516413e+09 768 7235 3201 20 8 9 9 6.54249474e-09 1.10991680e-08 outputs/V1e26_D30_G2/solution/solution-00014 
 15 2.088857274619e+10 1.392571516413e+09 768 7235 3201 20 8 9 9 6.23375856e-09 1.05760248e-08 outputs/V1e26_D30_G2/solution/solution-00015 
 16 2.228114426260e+10 1.392571516413e+09 768 7235 3201 19 8 9 9 5.94018645e-09 1.00782248e-08 outputs/V1e26_D30_G2/solution/solution-00016 
 17 2.367371577901e+10 1.392571516413e+09 768 7235 3201 19 8 9 9 5.66092453e-09 9.60441150e-09 outputs/V1e26_D30_G2/solution/solution-00017 
 18 2.506628729543e+10 1.392571516413e+09 768 7235 3201 19 8 9 9 5.39518629e-09 9.15332590e-09 outputs/V1e26_D30_G2/solution/solution-00018 
 19 2.645885881184e+10 1.392571516413e+09 768 7235 3201 19 8 9 9 5.14224421e-09 8.72379504e-09 outputs/V1e26_D30_G2/solution/solution-00019 
 20 2.785143032825e+10 1.392571516413e+09 768 7235 3201 19 8 9 9 4.90142293e-09 8.31472237e-09 outputs/V1e26_D30_G2/solution/solution-00020 
 21 2.924400184466e+10 1.392571516413e+09 768 7235 3201 19 8 9 9 4.67209334e-09 7.92507985e-09 outputs/V1e26_D30_G2/solution/solution-00021 
 22 3.063657336108e+10 1.392571516413e+09 768 7235 3201 19 8 9 9 4.45366768e-09 7.55390128e-09 outputs/V1e26_D30_G2/solution/solution-00022 
 23 3.202914487749e+10 1.392571516413e+09 768 7235 3201 19 8 9 9 4.24559539e-09 7.20027670e-09 outputs/V1e26_D30_G2/solution/solution-00023 
 24 3.342171639390e+10 1.392571516413e+09 768 7235 3201 19 8 9 9 4.04735955e-09 6.86334756e-09 outputs/V1e26_D30_G2/solution/solution-00024 
 25 3.481428791032e+10 1.392571516413e+09 768 7235 3201 19 8 9 9 3.85847379e-09 6.54230258e-09 outputs/V1e26_D30_G2/solution/solution-00025 
 26 3.620685942673e+10 1.392571516413e+09 768 7235 3201 18 8 9 9 3.67847971e-09 6.23637416e-09 outputs/V1e26_D30_G2/solution/solution-00026 
 27 3.759943094314e+10 1.392571516413e+09 768 7235 3201 18 8 9 9 3.50694455e-09 5.94483520e-09 outputs/V1e26_D30_G2/solution/solution-00027 
 28 3.899200245955e+10 1.392571516413e+09 768 7235 3201 18 8 9 9 3.34345921e-09 5.66699633e-09 outputs/V1e26_D30_G2/solution/solution-00028 
 29 4.038457397597e+10 1.392571516413e+09 768 7235 3201 18 8 9 9 3.18763650e-09 5.40220345e-09 outputs/V1e26_D30_G2/solution/solution-00029 
 30 4.177714549238e+10 1.392571516413e+09 768 7235 3201 18 8 9 9 3.03910961e-09 5.14983547e-09 outputs/V1e26_D30_G2/solution/solution-00030 
 31 4.316971700879e+10 1.392571516413e+09 768 7235 3201 18 8 9 9 2.89753067e-09 4.90930232e-09 outputs/V1e26_D30_G2/solution/solution-00031 
 32 4.456228852520e+10 1.392571516413e+09 768 7235 3201 18 8 9 9 2.76256957e-09 4.68004313e-09 outputs/V1e26_D30_G2/solution/solution-00032 
 33 4.595486004162e+10 1.392571516413e+09 768 7235 3201 18 8 9 9 2.63391281e-09 4.46152458e-09 outputs/V1e26_D30_G2/solution/solution-00033 
 34 4.734743155803e+10 1.392571516413e+09 768 7235 3201 18 8 9 9 2.51126253e-09 4.25323935e-09 outputs/V1e26_D30_G2/solution/solution-00034 
 35 4.874000307444e+10 1.392571516413e+09 768 7235 3201 18 8 9 9 2.39433556e-09 4.05470471e-09 outputs/V1e26_D30_G2/solution/solution-00035 
 36 5.013257459085e+10 1.392571516413e+09 768 7235 3201 18 8 9 9 2.28286257e-09 3.86546121e-09 outputs/V1e26_D30_G2/solution/solution-00036 
 37 5.152514610727e+10 1.392571516413e+09 768 7235 3201 18 8 9 9 2.17658735e-09 3.68507151e-09 outputs/V1e26_D30_G2/solution/solution-00037 
 38 5.291771762368e+10 1.392571516413e+09 768 7235 3201 18 8 9 9 2.07526606e-09 3.51311918e-09 outputs/V1e26_D30_G2/solution/solution-00038 
 39 5.431028914009e+10 1.392571516413e+09 768 7235 3201 18 8 9 9 1.97866655e-09 3.34920766e-09 outputs/V1e26_D30_G2/solution/solution-00039 
 40 5.570286065650e+10 1.392571516413e+09 768 7235 3201 18 8 9 9 1.88656781e-09 3.19295931e-09 outputs/V1e26_D30_G2/solution/solution-00040 
 41 5.709543217292e+10 1.392571516413e+09 768 7235 3201 18 8 9 9 1.79875932e-09 3.04401438e-09 outputs/V1e26_D30_G2/solution/solution-00041 
 42 5.848800368933e+10 1.392571516413e+09 768 7235 3201 18 8 9 9 1.71504060e-09 2.90203022e-09 outputs/V1e26_D30_G2/solution/solution-00042 
 43 5.988057520574e+10 1.392571516413e+09 768 7235 3201 18 8 9 9 1.63522062e-09 2.76668037e-09 outputs/V1e26_D30_G2/solution/solution-00043 
 44 6.127314672215e+10 1.392571516413e+09 768 7235 3201 18 8 9 9 1.55911739e-09 2.63765382e-09 outputs/V1e26_D30_G2/solution/solution-00044 
 45 6.266571823857e+10 1.392571516413e+09 768 7235 3201 17 8 9 9 1.48655750e-09 2.51465426e-09 outputs/V1e26_D30_G2/solution/solution-00045 
 46 6.405828975498e+10 1.392571516413e+09 768 7235 3201 17 8 9 9 1.41737569e-09 2.39739932e-09 outputs/V1e26_D30_G2/solution/solution-00046 
 47 6.545086127139e+10 1.392571516413e+09 768 7235 3201 17 8 9 9 1.35141446e-09 2.28561996e-09 outputs/V1e26_D30_G2/solution/solution-00047 
 48 6.684343278781e+10 1.392571516413e+09 768 7235 3201 17 8 9 9 1.28852369e-09 2.17905981e-09 outputs/V1e26_D30_G2/solution/solution-00048 
 49 6.823600430422e+10 1.392571516413e+09 768 7235 3201 17 8 9 9 1.22856031e-09 2.07747457e-09 outputs/V1e26_D30_G2/solution/solution-00049 
 50 6.962857582063e+10 1.392571516413e+09 768 7235 3201 17 8 9 9 1.17138793e-09 1.98063141e-09 outputs/V1e26_D30_G2/solution/solution-00050 
 51 7.102114733704e+10 1.392571516413e+09 768 7235 3201 17 8 9 9 1.11687654e-09 1.88830847e-09 outputs/V1e26_D30_G2/solution/solution-00051 
 52 7.241371885346e+10 1.392571516413e+09 768 7235 3201 17 8 9 9 1.06490222e-09 1.80029429e-09 outputs/V1e26_D30_G2/solution/solution-00052 
 53 7.380629036987e+10 1.392571516413e+09 768 7235 3201 17 8 9 9 1.01534681e-09 1.71638735e-09 outputs/V1e26_D30_G2/solution/solution-00053 
 54 7.519886188628e+10 1.392571516413e+09 768 7235 3201 17 8 9 9 9.68097697e-10 1.63639559e-09 outputs/V1e26_D30_G2/solution/solution-00054 
 55 7.659143340269e+10 1.392571516413e+09 768 7235 3201 17 8 9 9 9.23047491e-10 1.56013598e-09 outputs/V1e26_D30_G2/solution/solution-00055 
 56 7.798400491911e+10 1.392571516413e+09 768 7235 3201 17 8 9 9 8.80093828e-10 1.48743405e-09 outputs/V1e26_D30_G2/solution/solution-00056 
 57 7.937657643552e+10 1.392571516413e+09 768 7235 3201 17 8 9 9 8.39139112e-10 1.41812352e-09 outputs/V1e26_D30_G2/solution/solution-00057 
 58 8.076914795193e+10 1.392571516413e+09 768 7235 3201 17 8 9 9 8.00090294e-10 1.35204591e-09 outputs/V1e26_D30_G2/solution/solution-00058 
 59 8.216171946834e+10 1.392571516413e+09 768 7235 3201 17 8 9 9 7.62858662e-10 1.28905017e-09 outputs/V1e26_D30_G2/solution/solution-00059 
 60 8.355429098476e+10 1.392571516413e+09 768 7235 3201 17 8 9 9 7.27359637e-10 1.22899232e-09 outputs/V1e26_D30_G2/solution/solution-00060 
 61 8.494686250117e+10 1.392571516413e+09 768 7235 3201 17 8 9 9 6.93512579e-10 1.17173514e-09 outputs/V1e26_D30_G2/solution/solution-00061 
 62 8.633943401758e+10 1.392571516413e+09 768 7235 3201 17 8 9 9 6.61240604e-10 1.11714781e-09 outputs/V1e26_D30_G2/solution/solution-00062 
 63 8.773200553399e+10 1.392571516413e+09 768 7235 3201 17 8 9 9 6.30470407e-10 1.06510567e-09 outputs/V1e26_D30_G2/solution/solution-00063 
 64 8.912457705041e+10 1.392571516413e+09 768 7235 3201 17 8 9 9 6.01132097e-10 1.01548986e-09 outputs/V1e26_D30_G2/solution/solution-00064 
 65 9.051714856682e+10 1.392571516413e+09 768 7235 3201 17 8 9 9 5.73159036e-10 9.68187112e-10 outputs/V1e26_D30_G2/solution/solution-00065 
 66 9.190972008323e+10 1.392571516413e+09 768 7235 3201 17 8 9 9 5.46487690e-10 9.23089445e-10 outputs/V1e26_D30_G2/solution/solution-00066 
 67 9.330229159964e+10 1.392571516413e+09 768 7235 3201 17 8 9 9 5.21057480e-10 8.80093933e-10 outputs/V1e26_D30_G2/solution/solution-00067 
 68 9.469486311606e+10 1.392571516413e+09 768 7235 3201 17 8 9 9 4.96810649e-10 8.39102465e-10 outputs/V1e26_D30_G2/solution/solution-00068 
 69 9.608743463247e+10 1.392571516413e+09 768 7235 3201 17 8 9 9 4.73692127e-10 8.00021518e-10 outputs/V1e26_D30_G2/solution/solution-00069 
 70 9.748000614888e+10 1.392571516413e+09 768 7235 3201 17 8 9 9 4.51649407e-10 7.62761943e-10 outputs/V1e26_D30_G2/solution/solution-00070 
 71 9.887257766530e+10 1.392571516413e+09 768 7235 3201 16 8 9 9 4.30632429e-10 7.27238767e-10 outputs/V1e26_D30_G2/solution/solution-00071 
 72 1.002651491817e+11 1.392571516413e+09 768 7235 3201 16 8 9 9 4.10593460e-10 6.93370974e-10 outputs/V1e26_D30_G2/solution/solution-00072 
 73 1.016577206981e+11 1.392571516413e+09 768 7235 3201 16 8 9 9 3.91486985e-10 6.61081341e-10 outputs/V1e26_D30_G2/solution/solution-00073 
 74 1.030502922145e+11 1.392571516413e+09 768 7235 3201 16 8 9 9 3.73269612e-10 6.30296254e-10 outputs/V1e26_D30_G2/solution/solution-00074 
 75 1.044428637309e+11 1.392571516413e+09 768 7235 3201 16 8 9 9 3.55899967e-10 6.00945541e-10 outputs/V1e26_D30_G2/solution/solution-00075 
 76 1.058354352474e+11 1.392571516413e+09 768 7235 3201 16 8 9 9 3.39338601e-10 5.72962306e-10 outputs/V1e26_D30_G2/solution/solution-00076 
 77 1.072280067638e+11 1.392571516413e+09 768 7235 3201 16 8 9 9 3.23547902e-10 5.46282777e-10 outputs/V1e26_D30_G2/solution/solution-00077 
 78 1.086205782802e+11 1.392571516413e+09 768 7235 3201 16 8 9 9 3.08492006e-10 5.20846165e-10 outputs/V1e26_D30_G2/solution/solution-00078 
 79 1.100131497966e+11 1.392571516413e+09 768 7235 3201 16 8 9 9 2.94136721e-10 4.96594514e-10 outputs/V1e26_D30_G2/solution/solution-00079 
 80 1.114057213130e+11 1.392571516413e+09 768 7235 3201 16 8 9 9 2.80449444e-10 4.73472581e-10 outputs/V1e26_D30_G2/solution/solution-00080 
 81 1.127982928294e+11 1.392571516413e+09 768 7235 3201 16 8 9 9 2.67399090e-10 4.51427697e-10 outputs/V1e26_D30_G2/solution/solution-00081 
 82 1.141908643458e+11 1.392571516413e+09 768 7235 3201 16 8 9 9 2.54956020e-10 4.30409653e-10 outputs/V1e26_D30_G2/solution/solution-00082 
 83 1.155834358622e+11 1.392571516413e+09 768 7235 3201 16 8 9 9 2.43091975e-10 4.10370585e-10 outputs/V1e26_D30_G2/solution/solution-00083 
 84 1.169760073787e+11 1.392571516413e+09 768 7235 3201 16 8 9 9 2.31780011e-10 3.91264861e-10 outputs/V1e26_D30_G2/solution/solution-00084 
 85 1.183685788951e+11 1.392571516413e+09 768 7235 3201 16 8 9 9 2.20994436e-10 3.73048981e-10 outputs/V1e26_D30_G2/solution/solution-00085 
 86 1.197611504115e+11 1.392571516413e+09 768 7235 3201 16 8 9 9 2.10710757e-10 3.55681473e-10 outputs/V1e26_D30_G2/solution/solution-00086 
 87 1.211537219279e+11 1.392571516413e+09 768 7235 3201 16 8 9 9 2.00905617e-10 3.39122801e-10 outputs/V1e26_D30_G2/solution/solution-00087 
 88 1.225462934443e+11 1.392571516413e+09 768 7235 3201 16 8 9 9 1.91556749e-10 3.23335271e-10 outputs/V1e26_D30_G2/solution/solution-00088 
 89 1.239388649607e+11 1.392571516413e+09 768 7235 3201 16 8 9 9 1.82642920e-10 3.08282952e-10 outputs/V1e26_D30_G2/solution/solution-00089 
 90 1.253314364771e+11 1.392571516413e+09 768 7235 3201 16 8 9 9 1.74143887e-10 2.93931585e-10 outputs/V1e26_D30_G2/solution/solution-00090 
 91 1.267240079935e+11 1.392571516413e+09 768 7235 3201 16 8 9 9 1.66040346e-10 2.80248512e-10 outputs/V1e26_D30_G2/solution/solution-00091 
 92 1.281165795100e+11 1.392571516413e+09 768 7235 3201 16 8 9 9 1.58313895e-10 2.67202595e-10 outputs/V1e26_D30_G2/solution/solution-00092 
 93 1.295091510264e+11 1.392571516413e+09 768 7235 3201 16 8 9 9 1.50946985e-10 2.54764150e-10 outputs/V1e26_D30_G2/solution/solution-00093 
 94 1.309017225428e+11 1.392571516413e+09 768 7235 3201 16 8 9 9 1.43922886e-10 2.42904876e-10 outputs/V1e26_D30_G2/solution/solution-00094 
 95 1.322942940592e+11 1.392571516413e+09 768 7235 3201 16 8 9 9 1.37225646e-10 2.31597795e-10 outputs/V1e26_D30_G2/solution/solution-00095 
 96 1.336868655756e+11 1.392571516413e+09 768 7235 3201 15 8 9 9 1.30840057e-10 2.20817188e-10 outputs/V1e26_D30_G2/solution/solution-00096 
 97 1.350794370920e+11 1.392571516413e+09 768 7235 3201 15 8 9 9 1.24751615e-10 2.10538527e-10 outputs/V1e26_D30_G2/solution/solution-00097 
 98 1.364720086084e+11 1.392571516413e+09 768 7235 3201 15 8 9 9 1.18946492e-10 2.00738431e-10 outputs/V1e26_D30_G2/solution/solution-00098 
 99 1.378645801248e+11 1.392571516413e+09 768 7235 3201 15 8 9 9 1.13411503e-10 1.91394608e-10 outputs/V1e26_D30_G2/solution/solution-00099 
100 1.392571516413e+11 1.392571516413e+09 768 7235 3201 15 8 9 9 1.08134078e-10 1.82485806e-10 outputs/V1e26_D30_G2/solution/solution-00100 
