# 1: Time step number
# 2: Time (years)
# 3: Time step size (years)
# 4: Number of mesh cells
# 5: Number of Stokes degrees of freedom
# 6: Number of temperature degrees of freedom
# 7: Iterations for temperature solver
# 8: Iterations for Stokes solver
# 9: Velocity iterations in Stokes preconditioner
# 10: Schur complement iterations in Stokes preconditioner
# 11: RMS velocity (m/year)
# 12: Max. velocity (m/year)
# 13: Visualization file name
  0 0.000000000000e+00 0.000000000000e+00 768 7235 3201  0 8 9 9 7.95027476e-07 1.41065609e-06 outputs/V1e25_D30_G12/solution/solution-00000 
  1 1.392571516413e+09 1.392571516413e+09 768 7235 3201 32 8 9 9 7.99182159e-07 1.37663981e-06 outputs/V1e25_D30_G12/solution/solution-00001 
  2 2.785143032825e+09 1.392571516413e+09 768 7235 3201 25 8 9 9 8.31347886e-07 1.47200398e-06 outputs/V1e25_D30_G12/solution/solution-00002 
  3 4.177714549238e+09 1.392571516413e+09 768 7235 3201 24 8 9 9 9.00548287e-07 1.63908604e-06 outputs/V1e25_D30_G12/solution/solution-00003 
  4 5.570286065650e+09 1.392571516413e+09 768 7235 3201 23 8 9 9 1.01446140e-06 1.89011671e-06 outputs/V1e25_D30_G12/solution/solution-00004 
  5 6.962857582063e+09 1.392571516413e+09 768 7235 3201 23 8 9 9 1.18323642e-06 2.24245087e-06 outputs/V1e25_D30_G12/solution/solution-00005 
  6 8.355429098476e+09 1.392571516413e+09 768 7235 3201 22 8 9 9 1.42116895e-06 2.72215703e-06 outputs/V1e25_D30_G12/solution/solution-00006 
  7 9.748000614888e+09 1.392571516413e+09 768 7235 3201 21 8 9 9 1.74859597e-06 3.36696948e-06 outputs/V1e25_D30_G12/solution/solution-00007 
  8 1.114057213130e+10 1.392571516413e+09 768 7235 3201 21 8 9 9 2.19411224e-06 4.22994848e-06 outputs/V1e25_D30_G12/solution/solution-00008 
  9 1.253314364771e+10 1.392571516413e+09 768 7235 3201 21 8 9 9 2.79750389e-06 5.38458016e-06 outputs/V1e25_D30_G12/solution/solution-00009 
 10 1.392571516413e+10 1.392571516413e+09 768 7235 3201 21 8 9 9 3.61377104e-06 6.93192542e-06 outputs/V1e25_D30_G12/solution/solution-00010 
 11 1.531828668054e+10 1.392571516413e+09 768 7235 3201 20 8 9 9 4.71868859e-06 9.01055318e-06 outputs/V1e25_D30_G12/solution/solution-00011 
 12 1.671085819695e+10 1.392571516413e+09 768 7235 3201 20 8 9 9 6.21649453e-06 1.18102437e-05 outputs/V1e25_D30_G12/solution/solution-00012 
 13 1.810342971336e+10 1.392571516413e+09 768 7235 3201 20 8 9 9 8.25050057e-06 1.55936297e-05 outputs/V1e25_D30_G12/solution/solution-00013 
 14 1.949600122978e+10 1.392571516413e+09 768 7235 3201 20 8 9 9 1.10177011e-05 2.07162669e-05 outputs/V1e25_D30_G12/solution/solution-00014 
 15 2.088857274619e+10 1.392571516413e+09 768 7235 3201 20 7 8 8 1.47888177e-05 2.76664004e-05 outputs/V1e25_D30_G12/solution/solution-00015 
 16 2.228114426260e+10 1.392571516413e+09 768 7235 3201 20 7 8 8 1.99356269e-05 3.71109627e-05 outputs/V1e25_D30_G12/solution/solution-00016 
 17 2.367371577901e+10 1.392571516413e+09 768 7235 3201 20 7 8 8 2.69677448e-05 4.99571493e-05 outputs/V1e25_D30_G12/solution/solution-00017 
 18 2.506628729543e+10 1.392571516413e+09 768 7235 3201 21 7 8 8 3.65808005e-05 6.74757755e-05 outputs/V1e25_D30_G12/solution/solution-00018 
 19 2.645555901275e+10 1.389271717322e+09 768 7235 3201 22 7 8 8 4.96813184e-05 9.12634255e-05 outputs/V1e25_D30_G12/solution/solution-00019 
 20 2.748335265812e+10 1.027793645370e+09 768 7235 3201 19 7 8 8 6.25408323e-05 1.14529816e-04 outputs/V1e25_D30_G12/solution/solution-00020 
 21 2.830191679852e+10 8.185641404008e+08 768 7235 3201 17 6 7 7 7.53165246e-05 1.37607083e-04 outputs/V1e25_D30_G12/solution/solution-00021 
 22 2.898320440481e+10 6.812876062867e+08 768 7235 3201 16 6 7 7 8.80196105e-05 1.60482189e-04 outputs/V1e25_D30_G12/solution/solution-00022 
 23 2.956751577314e+10 5.843113683336e+08 768 7235 3201 14 6 7 7 1.00637803e-04 1.83164091e-04 outputs/V1e25_D30_G12/solution/solution-00023 
 24 3.007951055983e+10 5.119947866883e+08 768 7235 3201 13 6 7 7 1.13149008e-04 2.05531877e-04 outputs/V1e25_D30_G12/solution/solution-00024 
 25 3.053555459224e+10 4.560440324120e+08 768 7235 3201 13 6 7 7 1.25531696e-04 2.27631711e-04 outputs/V1e25_D30_G12/solution/solution-00025 
 26 3.094730497787e+10 4.117503856337e+08 768 7235 3201 12 6 7 7 1.37771843e-04 2.49466245e-04 outputs/V1e25_D30_G12/solution/solution-00026 
 27 3.132319119537e+10 3.758862174927e+08 768 7235 3201 12 6 7 7 1.49854277e-04 2.70886722e-04 outputs/V1e25_D30_G12/solution/solution-00027 
 28 3.166943372373e+10 3.462425283588e+08 768 7235 3201 11 6 7 7 1.61759908e-04 2.91869471e-04 outputs/V1e25_D30_G12/solution/solution-00028 
 29 3.199063895129e+10 3.212052275650e+08 768 7235 3201 11 6 7 7 1.73462347e-04 3.12476999e-04 outputs/V1e25_D30_G12/solution/solution-00029 
 30 3.229066103400e+10 3.000220827114e+08 768 7235 3201 11 6 7 7 1.84943917e-04 3.32548919e-04 outputs/V1e25_D30_G12/solution/solution-00030 
 31 3.257257444461e+10 2.819134106068e+08 768 7235 3201 10 6 7 7 1.96185985e-04 3.52052251e-04 outputs/V1e25_D30_G12/solution/solution-00031 
 32 3.283887287150e+10 2.662984268896e+08 768 7235 3201 10 6 7 7 2.07169231e-04 3.71101255e-04 outputs/V1e25_D30_G12/solution/solution-00032 
 33 3.309160851932e+10 2.527356478219e+08 768 7235 3201 10 6 7 7 2.17873914e-04 3.89515281e-04 outputs/V1e25_D30_G12/solution/solution-00033 
 34 3.333240659490e+10 2.407980755772e+08 768 7235 3201 10 6 7 7 2.28276437e-04 4.07254345e-04 outputs/V1e25_D30_G12/solution/solution-00034 
 35 3.356264670430e+10 2.302401093994e+08 768 7235 3201 10 6 7 7 2.38354183e-04 4.24282432e-04 outputs/V1e25_D30_G12/solution/solution-00035 
 36 3.378358401043e+10 2.209373061324e+08 768 7235 3201 10 6 7 7 2.48088966e-04 4.40572995e-04 outputs/V1e25_D30_G12/solution/solution-00036 
 37 3.399629588018e+10 2.127118697525e+08 768 7235 3201 10 6 7 7 2.57463252e-04 4.56199312e-04 outputs/V1e25_D30_G12/solution/solution-00037 
 38 3.420171502678e+10 2.054191465985e+08 768 7235 3201 10 6 7 7 2.66460403e-04 4.71164476e-04 outputs/V1e25_D30_G12/solution/solution-00038 
 39 3.440065529338e+10 1.989402666041e+08 768 7235 3201 10 6 7 7 2.75064898e-04 4.85325070e-04 outputs/V1e25_D30_G12/solution/solution-00039 
 40 3.459383195867e+10 1.931766652832e+08 768 7235 3201  9 6 7 7 2.83262539e-04 4.98664166e-04 outputs/V1e25_D30_G12/solution/solution-00040 
 41 3.478187790561e+10 1.880459469461e+08 768 7235 3201  9 6 7 7 2.91040630e-04 5.11168287e-04 outputs/V1e25_D30_G12/solution/solution-00041 
 42 3.496535662613e+10 1.834787205133e+08 768 7235 3201  9 6 7 7 2.98388123e-04 5.22827468e-04 outputs/V1e25_D30_G12/solution/solution-00042 
 43 3.514477277711e+10 1.794161509831e+08 768 7235 3201  9 5 6 6 3.05295751e-04 5.33635263e-04 outputs/V1e25_D30_G12/solution/solution-00043 
 44 3.532054050389e+10 1.757677267816e+08 768 7235 3201  9 5 6 6 3.11754676e-04 5.43586530e-04 outputs/V1e25_D30_G12/solution/solution-00044 
 45 3.549306124855e+10 1.725207446554e+08 768 7235 3201  9 5 6 6 3.17759355e-04 5.52681759e-04 outputs/V1e25_D30_G12/solution/solution-00045 
 46 3.566271723098e+10 1.696559824341e+08 768 7235 3201  9 5 6 6 3.23306907e-04 5.60925855e-04 outputs/V1e25_D30_G12/solution/solution-00046 
 47 3.582985741146e+10 1.671401804759e+08 768 7235 3201  9 5 6 6 3.28396372e-04 5.68373234e-04 outputs/V1e25_D30_G12/solution/solution-00047 
 48 3.599480184311e+10 1.649444316557e+08 768 7235 3201  9 5 6 6 3.33028680e-04 5.74999906e-04 outputs/V1e25_D30_G12/solution/solution-00048 
 49 3.615784534797e+10 1.630435048534e+08 768 7235 3201  9 5 6 6 3.37206616e-04 5.80799999e-04 outputs/V1e25_D30_G12/solution/solution-00049 
 50 3.631926063753e+10 1.614152895599e+08 768 7235 3201  9 5 6 6 3.40934742e-04 5.86752276e-04 outputs/V1e25_D30_G12/solution/solution-00050 
 51 3.647912558146e+10 1.598649439306e+08 768 7235 3201  9 5 6 6 3.44215944e-04 5.93424570e-04 outputs/V1e25_D30_G12/solution/solution-00051 
 52 3.663719327288e+10 1.580676914264e+08 768 7235 3201  9 5 6 6 3.47051390e-04 5.99179431e-04 outputs/V1e25_D30_G12/solution/solution-00052 
 53 3.679370942393e+10 1.565161510433e+08 768 7235 3201  9 5 6 6 3.49455824e-04 6.04027456e-04 outputs/V1e25_D30_G12/solution/solution-00053 
 54 3.694893331352e+10 1.552238895906e+08 768 7235 3201  9 5 6 6 3.51445254e-04 6.08073492e-04 outputs/V1e25_D30_G12/solution/solution-00054 
 55 3.710310875649e+10 1.541754429747e+08 768 7235 3201  9 5 6 6 3.53036103e-04 6.11317507e-04 outputs/V1e25_D30_G12/solution/solution-00055 
 56 3.725646605265e+10 1.533572961536e+08 768 7235 3201  9 5 6 6 3.54245062e-04 6.13717375e-04 outputs/V1e25_D30_G12/solution/solution-00056 
 57 3.740922366350e+10 1.527576108564e+08 768 7235 3201  9 5 6 6 3.55088952e-04 6.15294780e-04 outputs/V1e25_D30_G12/solution/solution-00057 
 58 3.756158965630e+10 1.523659927943e+08 768 7235 3201  9 5 6 6 3.55584615e-04 6.16073946e-04 outputs/V1e25_D30_G12/solution/solution-00058 
 59 3.771376294758e+10 1.521732912852e+08 768 7235 3201  9 5 6 6 3.55748803e-04 6.16200415e-04 outputs/V1e25_D30_G12/solution/solution-00059 
 60 3.786593437326e+10 1.521714256753e+08 768 7235 3201  9 5 6 6 3.55598100e-04 6.15660282e-04 outputs/V1e25_D30_G12/solution/solution-00060 
 61 3.801828760729e+10 1.523532340316e+08 768 7235 3201  9 5 6 6 3.55148848e-04 6.14407806e-04 outputs/V1e25_D30_G12/solution/solution-00061 
 62 3.817091497840e+10 1.526273711085e+08 768 7235 3201  9 5 6 6 3.54417568e-04 6.12474920e-04 outputs/V1e25_D30_G12/solution/solution-00062 
 63 3.832398262725e+10 1.530676488500e+08 768 7235 3201  9 5 6 6 3.53420420e-04 6.09895218e-04 outputs/V1e25_D30_G12/solution/solution-00063 
 64 3.847765652516e+10 1.536738979117e+08 768 7235 3201  9 5 6 6 3.52173114e-04 6.06863365e-04 outputs/V1e25_D30_G12/solution/solution-00064 
 65 3.863209807299e+10 1.544415478278e+08 768 7235 3201  9 5 6 6 3.50690896e-04 6.03416035e-04 outputs/V1e25_D30_G12/solution/solution-00065 
 66 3.878746450814e+10 1.553664351523e+08 768 7235 3201  9 5 6 6 3.48988535e-04 5.99416971e-04 outputs/V1e25_D30_G12/solution/solution-00066 
 67 3.894390923565e+10 1.564447275078e+08 768 7235 3201  9 5 6 6 3.47080313e-04 5.94901666e-04 outputs/V1e25_D30_G12/solution/solution-00067 
 68 3.910155736753e+10 1.576481318821e+08 768 7235 3201  9 5 6 6 3.44980370e-04 5.89907269e-04 outputs/V1e25_D30_G12/solution/solution-00068 
 69 3.926048744099e+10 1.589300734575e+08 768 7235 3201  9 5 6 6 3.42703107e-04 5.84634170e-04 outputs/V1e25_D30_G12/solution/solution-00069 
 70 3.942084413026e+10 1.603566892775e+08 768 7235 3201  9 5 6 6 3.40261594e-04 5.78971830e-04 outputs/V1e25_D30_G12/solution/solution-00070 
 71 3.958276910690e+10 1.619249766376e+08 768 7235 3201  9 5 6 6 3.37668401e-04 5.72931996e-04 outputs/V1e25_D30_G12/solution/solution-00071 
 72 3.974640109218e+10 1.636319852776e+08 768 7235 3201  9 5 6 6 3.34935625e-04 5.66640233e-04 outputs/V1e25_D30_G12/solution/solution-00072 
 73 3.991187585871e+10 1.654747665325e+08 768 7235 3201  9 5 6 6 3.32074918e-04 5.60109442e-04 outputs/V1e25_D30_G12/solution/solution-00073 
 74 4.007931179071e+10 1.674359319962e+08 768 7235 3201  9 5 6 6 3.29097785e-04 5.53296703e-04 outputs/V1e25_D30_G12/solution/solution-00074 
 75 4.024877085957e+10 1.694590688606e+08 768 7235 3201  9 5 6 6 3.26016357e-04 5.46240509e-04 outputs/V1e25_D30_G12/solution/solution-00075 
 76 4.042038294557e+10 1.716120860005e+08 768 7235 3201  9 5 6 6 3.22841172e-04 5.38975947e-04 outputs/V1e25_D30_G12/solution/solution-00076 
 77 4.059427474296e+10 1.738917973870e+08 768 7235 3201  9 5 6 6 3.19582429e-04 5.31731526e-04 outputs/V1e25_D30_G12/solution/solution-00077 
 78 4.077056954457e+10 1.762948016158e+08 768 7235 3201  9 5 6 6 3.16250032e-04 5.24320899e-04 outputs/V1e25_D30_G12/solution/solution-00078 
 79 4.094938697831e+10 1.788174337386e+08 768 7235 3201  9 5 6 6 3.12853626e-04 5.16776809e-04 outputs/V1e25_D30_G12/solution/solution-00079 
 80 4.113084269455e+10 1.814557162349e+08 768 7235 3201  9 5 6 6 3.09402644e-04 5.09131090e-04 outputs/V1e25_D30_G12/solution/solution-00080 
 81 4.131502095854e+10 1.841782639926e+08 768 7235 3201  9 5 6 6 3.05906853e-04 5.01415698e-04 outputs/V1e25_D30_G12/solution/solution-00081 
 82 4.150200236770e+10 1.869814091653e+08 768 7235 3201  9 5 6 6 3.02375848e-04 4.93701876e-04 outputs/V1e25_D30_G12/solution/solution-00082 
 83 4.169189429332e+10 1.898919256144e+08 768 7235 3201  9 5 6 6 2.98818493e-04 4.85991995e-04 outputs/V1e25_D30_G12/solution/solution-00083 
 84 4.188479870539e+10 1.929044120685e+08 768 7235 3201  9 5 6 6 2.95243556e-04 4.78284819e-04 outputs/V1e25_D30_G12/solution/solution-00084 
 85 4.208081161709e+10 1.960129117001e+08 768 7235 3201  9 5 6 6 2.91659740e-04 4.70606874e-04 outputs/V1e25_D30_G12/solution/solution-00085 
 86 4.228002247709e+10 1.992108600044e+08 768 7235 3201  9 5 6 6 2.88075701e-04 4.63850382e-04 outputs/V1e25_D30_G12/solution/solution-00086 
 87 4.248217116593e+10 2.021486888364e+08 768 7235 3201  9 5 6 6 2.84506043e-04 4.57921687e-04 outputs/V1e25_D30_G12/solution/solution-00087 
 88 4.268694213901e+10 2.047709730873e+08 768 7235 3201  9 5 6 6 2.80965628e-04 4.52092022e-04 outputs/V1e25_D30_G12/solution/solution-00088 
 89 4.289436007480e+10 2.074179357835e+08 768 7235 3201  9 5 6 6 2.77462768e-04 4.46370734e-04 outputs/V1e25_D30_G12/solution/solution-00089 
 90 4.310444440943e+10 2.100843346296e+08 768 7235 3201  9 5 6 6 2.74005488e-04 4.40766382e-04 outputs/V1e25_D30_G12/solution/solution-00090 
 91 4.331720025617e+10 2.127558467433e+08 768 7235 3201  9 5 6 6 2.70601663e-04 4.35287017e-04 outputs/V1e25_D30_G12/solution/solution-00091 
 92 4.353261919249e+10 2.154189363159e+08 768 7235 3201  9 5 6 6 2.67258967e-04 4.29940171e-04 outputs/V1e25_D30_G12/solution/solution-00092 
 93 4.375070062794e+10 2.180814354550e+08 768 7235 3201  9 5 6 6 2.63984523e-04 4.24732367e-04 outputs/V1e25_D30_G12/solution/solution-00093 
 94 4.397143818830e+10 2.207375603596e+08 768 7235 3201  9 5 6 6 2.60785118e-04 4.19685771e-04 outputs/V1e25_D30_G12/solution/solution-00094 
 95 4.419481959990e+10 2.233814116033e+08 768 7235 3201  9 5 6 6 2.57667183e-04 4.14810196e-04 outputs/V1e25_D30_G12/solution/solution-00095 
 96 4.442082658095e+10 2.260069810443e+08 768 7235 3201  9 5 6 6 2.54636780e-04 4.10090346e-04 outputs/V1e25_D30_G12/solution/solution-00096 
 97 4.464943474237e+10 2.286081614172e+08 768 7235 3201  9 5 6 6 2.51699582e-04 4.05530337e-04 outputs/V1e25_D30_G12/solution/solution-00097 
 98 4.488061350133e+10 2.311787589679e+08 768 7235 3201  9 5 6 6 2.48860862e-04 4.01133856e-04 outputs/V1e25_D30_G12/solution/solution-00098 
 99 4.511432601076e+10 2.337125094238e+08 768 7235 3201  9 5 6 6 2.46125474e-04 3.96904194e-04 outputs/V1e25_D30_G12/solution/solution-00099 
100 4.535052910827e+10 2.362030975157e+08 768 7235 3201  9 5 6 6 2.43497841e-04 3.92844275e-04 outputs/V1e25_D30_G12/solution/solution-00100 
