# 1: Time step number
# 2: Time (years)
# 3: Time step size (years)
# 4: Number of mesh cells
# 5: Number of Stokes degrees of freedom
# 6: Number of temperature degrees of freedom
# 7: Iterations for temperature solver
# 8: Iterations for Stokes solver
# 9: Velocity iterations in Stokes preconditioner
# 10: Schur complement iterations in Stokes preconditioner
# 11: RMS velocity (m/year)
# 12: Max. velocity (m/year)
# 13: Visualization file name
  0 0.000000000000e+00 0.000000000000e+00 768 7235 3201  0 8 9 9 4.06824102e-09 8.57140079e-09 outputs/V3.3e26_D3000_G2/solution/solution-00000 
  1 1.392571516413e+09 1.392571516413e+09 768 7235 3201 32 8 9 9 3.82965160e-09 6.86468206e-09 outputs/V3.3e26_D3000_G2/solution/solution-00001 
  2 2.785143032825e+09 1.392571516413e+09 768 7235 3201 25 8 9 9 3.63515787e-09 6.13153807e-09 outputs/V3.3e26_D3000_G2/solution/solution-00002 
  3 4.177714549238e+09 1.392571516413e+09 768 7235 3201 24 8 9 9 3.45944169e-09 5.83807074e-09 outputs/V3.3e26_D3000_G2/solution/solution-00003 
  4 5.570286065650e+09 1.392571516413e+09 768 7235 3201 23 8 9 9 3.29105713e-09 5.55616405e-09 outputs/V3.3e26_D3000_G2/solution/solution-00004 
  5 6.962857582063e+09 1.392571516413e+09 768 7235 3201 23 8 9 9 3.12991896e-09 5.28599842e-09 outputs/V3.3e26_D3000_G2/solution/solution-00005 
  6 8.355429098476e+09 1.392571516413e+09 768 7235 3201 22 8 9 9 2.97582160e-09 5.02744769e-09 outputs/V3.3e26_D3000_G2/solution/solution-00006 
  7 9.748000614888e+09 1.392571516413e+09 768 7235 3201 22 8 9 9 2.82860646e-09 4.78026611e-09 outputs/V3.3e26_D3000_G2/solution/solution-00007 
  8 1.114057213130e+10 1.392571516413e+09 768 7235 3201 21 8 9 9 2.68809833e-09 4.54415475e-09 outputs/V3.3e26_D3000_G2/solution/solution-00008 
  9 1.253314364771e+10 1.392571516413e+09 768 7235 3201 21 8 9 9 2.55410015e-09 4.31878679e-09 outputs/V3.3e26_D3000_G2/solution/solution-00009 
 10 1.392571516413e+10 1.392571516413e+09 768 7235 3201 21 8 9 9 2.42639883e-09 4.10381846e-09 outputs/V3.3e26_D3000_G2/solution/solution-00010 
 11 1.531828668054e+10 1.392571516413e+09 768 7235 3201 20 8 9 9 2.30477061e-09 3.89889505e-09 outputs/V3.3e26_D3000_G2/solution/solution-00011 
 12 1.671085819695e+10 1.392571516413e+09 768 7235 3201 20 8 9 9 2.18898538e-09 3.70365487e-09 outputs/V3.3e26_D3000_G2/solution/solution-00012 
 13 1.810342971336e+10 1.392571516413e+09 768 7235 3201 20 8 9 9 2.07881025e-09 3.51773256e-09 outputs/V3.3e26_D3000_G2/solution/solution-00013 
 14 1.949600122978e+10 1.392571516413e+09 768 7235 3201 20 8 9 9 1.97401227e-09 3.34076185e-09 outputs/V3.3e26_D3000_G2/solution/solution-00014 
 15 2.088857274619e+10 1.392571516413e+09 768 7235 3201 20 8 9 9 1.87436064e-09 3.17237807e-09 outputs/V3.3e26_D3000_G2/solution/solution-00015 
 16 2.228114426260e+10 1.392571516413e+09 768 7235 3201 20 8 9 9 1.77962834e-09 3.01222032e-09 outputs/V3.3e26_D3000_G2/solution/solution-00016 
 17 2.367371577901e+10 1.392571516413e+09 768 7235 3201 20 8 9 9 1.68959342e-09 2.85993336e-09 outputs/V3.3e26_D3000_G2/solution/solution-00017 
 18 2.506628729543e+10 1.392571516413e+09 768 7235 3201 20 8 9 9 1.60403996e-09 2.71516921e-09 outputs/V3.3e26_D3000_G2/solution/solution-00018 
 19 2.645885881184e+10 1.392571516413e+09 768 7235 3201 19 8 9 9 1.52275869e-09 2.57758847e-09 outputs/V3.3e26_D3000_G2/solution/solution-00019 
 20 2.785143032825e+10 1.392571516413e+09 768 7235 3201 19 8 9 9 1.44554751e-09 2.44686132e-09 outputs/V3.3e26_D3000_G2/solution/solution-00020 
 21 2.924400184466e+10 1.392571516413e+09 768 7235 3201 19 8 9 9 1.37221174e-09 2.32266831e-09 outputs/V3.3e26_D3000_G2/solution/solution-00021 
 22 3.063657336108e+10 1.392571516413e+09 768 7235 3201 19 8 9 9 1.30256428e-09 2.20470091e-09 outputs/V3.3e26_D3000_G2/solution/solution-00022 
 23 3.202914487749e+10 1.392571516413e+09 768 7235 3201 19 8 9 9 1.23642567e-09 2.09266189e-09 outputs/V3.3e26_D3000_G2/solution/solution-00023 
 24 3.342171639390e+10 1.392571516413e+09 768 7235 3201 19 8 9 9 1.17362402e-09 1.98626546e-09 outputs/V3.3e26_D3000_G2/solution/solution-00024 
 25 3.481428791032e+10 1.392571516413e+09 768 7235 3201 19 8 9 9 1.11399496e-09 1.88523740e-09 outputs/V3.3e26_D3000_G2/solution/solution-00025 
 26 3.620685942673e+10 1.392571516413e+09 768 7235 3201 19 8 9 9 1.05738146e-09 1.78931498e-09 outputs/V3.3e26_D3000_G2/solution/solution-00026 
 27 3.759943094314e+10 1.392571516413e+09 768 7235 3201 19 8 9 9 1.00363365e-09 1.69824679e-09 outputs/V3.3e26_D3000_G2/solution/solution-00027 
 28 3.899200245955e+10 1.392571516413e+09 768 7235 3201 19 8 9 9 9.52608606e-10 1.61179257e-09 outputs/V3.3e26_D3000_G2/solution/solution-00028 
 29 4.038457397597e+10 1.392571516413e+09 768 7235 3201 19 8 9 9 9.04170148e-10 1.52972294e-09 outputs/V3.3e26_D3000_G2/solution/solution-00029 
 30 4.177714549238e+10 1.392571516413e+09 768 7235 3201 19 8 9 9 8.58188568e-10 1.45181909e-09 outputs/V3.3e26_D3000_G2/solution/solution-00030 
 31 4.316971700879e+10 1.392571516413e+09 768 7235 3201 19 8 9 9 8.14540400e-10 1.37787244e-09 outputs/V3.3e26_D3000_G2/solution/solution-00031 
 32 4.456228852520e+10 1.392571516413e+09 768 7235 3201 19 8 9 9 7.73108167e-10 1.30768431e-09 outputs/V3.3e26_D3000_G2/solution/solution-00032 
 33 4.595486004162e+10 1.392571516413e+09 768 7235 3201 19 8 9 9 7.33780131e-10 1.24106552e-09 outputs/V3.3e26_D3000_G2/solution/solution-00033 
 34 4.734743155803e+10 1.392571516413e+09 768 7235 3201 18 8 9 9 6.96450045e-10 1.17783606e-09 outputs/V3.3e26_D3000_G2/solution/solution-00034 
 35 4.874000307444e+10 1.392571516413e+09 768 7235 3201 18 8 9 9 6.61016913e-10 1.11782469e-09 outputs/V3.3e26_D3000_G2/solution/solution-00035 
 36 5.013257459085e+10 1.392571516413e+09 768 7235 3201 18 8 9 9 6.27384749e-10 1.06086859e-09 outputs/V3.3e26_D3000_G2/solution/solution-00036 
 37 5.152514610727e+10 1.392571516413e+09 768 7235 3201 18 8 9 9 5.95462348e-10 1.00681295e-09 outputs/V3.3e26_D3000_G2/solution/solution-00037 
 38 5.291771762368e+10 1.392571516413e+09 768 7235 3201 18 8 9 9 5.65163061e-10 9.55510663e-10 outputs/V3.3e26_D3000_G2/solution/solution-00038 
 39 5.431028914009e+10 1.392571516413e+09 768 7235 3201 18 8 9 9 5.36404580e-10 9.06821952e-10 outputs/V3.3e26_D3000_G2/solution/solution-00039 
 40 5.570286065650e+10 1.392571516413e+09 768 7235 3201 18 8 9 9 5.09108730e-10 8.60614026e-10 outputs/V3.3e26_D3000_G2/solution/solution-00040 
 41 5.709543217292e+10 1.392571516413e+09 768 7235 3201 18 8 9 9 4.83201268e-10 8.16760754e-10 outputs/V3.3e26_D3000_G2/solution/solution-00041 
 42 5.848800368933e+10 1.392571516413e+09 768 7235 3201 18 8 9 9 4.58611693e-10 7.75142355e-10 outputs/V3.3e26_D3000_G2/solution/solution-00042 
 43 5.988057520574e+10 1.392571516413e+09 768 7235 3201 18 8 9 9 4.35273061e-10 7.35645084e-10 outputs/V3.3e26_D3000_G2/solution/solution-00043 
 44 6.127314672215e+10 1.392571516413e+09 768 7235 3201 18 8 9 9 4.13121812e-10 6.98160940e-10 outputs/V3.3e26_D3000_G2/solution/solution-00044 
 45 6.266571823857e+10 1.392571516413e+09 768 7235 3201 18 8 9 9 3.92097600e-10 6.62587392e-10 outputs/V3.3e26_D3000_G2/solution/solution-00045 
 46 6.405828975498e+10 1.392571516413e+09 768 7235 3201 18 8 9 9 3.72143133e-10 6.28827099e-10 outputs/V3.3e26_D3000_G2/solution/solution-00046 
 47 6.545086127139e+10 1.392571516413e+09 768 7235 3201 18 8 9 9 3.53204023e-10 5.96787660e-10 outputs/V3.3e26_D3000_G2/solution/solution-00047 
 48 6.684343278781e+10 1.392571516413e+09 768 7235 3201 18 8 9 9 3.35228639e-10 5.66381368e-10 outputs/V3.3e26_D3000_G2/solution/solution-00048 
 49 6.823600430422e+10 1.392571516413e+09 768 7235 3201 18 8 9 9 3.18167970e-10 5.37524972e-10 outputs/V3.3e26_D3000_G2/solution/solution-00049 
 50 6.962857582063e+10 1.392571516413e+09 768 7235 3201 18 8 9 9 3.01975490e-10 5.10139455e-10 outputs/V3.3e26_D3000_G2/solution/solution-00050 
 51 7.102114733704e+10 1.392571516413e+09 768 7235 3201 18 8 9 9 2.86607037e-10 4.84149823e-10 outputs/V3.3e26_D3000_G2/solution/solution-00051 
 52 7.241371885346e+10 1.392571516413e+09 768 7235 3201 18 8 9 9 2.72020691e-10 4.59484901e-10 outputs/V3.3e26_D3000_G2/solution/solution-00052 
 53 7.380629036987e+10 1.392571516413e+09 768 7235 3201 18 8 9 9 2.58176663e-10 4.36077138e-10 outputs/V3.3e26_D3000_G2/solution/solution-00053 
 54 7.519886188628e+10 1.392571516413e+09 768 7235 3201 18 8 9 9 2.45037184e-10 4.13862426e-10 outputs/V3.3e26_D3000_G2/solution/solution-00054 
 55 7.659143340269e+10 1.392571516413e+09 768 7235 3201 18 8 9 9 2.32566407e-10 3.92779928e-10 outputs/V3.3e26_D3000_G2/solution/solution-00055 
 56 7.798400491911e+10 1.392571516413e+09 768 7235 3201 18 8 9 9 2.20730305e-10 3.72771905e-10 outputs/V3.3e26_D3000_G2/solution/solution-00056 
 57 7.937657643552e+10 1.392571516413e+09 768 7235 3201 18 8 9 9 2.09496584e-10 3.53783564e-10 outputs/V3.3e26_D3000_G2/solution/solution-00057 
 58 8.076914795193e+10 1.392571516413e+09 768 7235 3201 18 8 9 9 1.98834589e-10 3.35762907e-10 outputs/V3.3e26_D3000_G2/solution/solution-00058 
 59 8.216171946834e+10 1.392571516413e+09 768 7235 3201 18 8 9 9 1.88715228e-10 3.18660590e-10 outputs/V3.3e26_D3000_G2/solution/solution-00059 
 60 8.355429098476e+10 1.392571516413e+09 768 7235 3201 18 8 9 9 1.79110884e-10 3.02429783e-10 outputs/V3.3e26_D3000_G2/solution/solution-00060 
 61 8.494686250117e+10 1.392571516413e+09 768 7235 3201 17 8 9 9 1.69995348e-10 2.87026046e-10 outputs/V3.3e26_D3000_G2/solution/solution-00061 
 62 8.633943401758e+10 1.392571516413e+09 768 7235 3201 17 8 9 9 1.61343745e-10 2.72407210e-10 outputs/V3.3e26_D3000_G2/solution/solution-00062 
 63 8.773200553399e+10 1.392571516413e+09 768 7235 3201 17 8 9 9 1.53132464e-10 2.58533254e-10 outputs/V3.3e26_D3000_G2/solution/solution-00063 
 64 8.912457705041e+10 1.392571516413e+09 768 7235 3201 17 8 9 9 1.45339095e-10 2.45366200e-10 outputs/V3.3e26_D3000_G2/solution/solution-00064 
 65 9.051714856682e+10 1.392571516413e+09 768 7235 3201 17 8 9 9 1.37942371e-10 2.32870010e-10 outputs/V3.3e26_D3000_G2/solution/solution-00065 
 66 9.190972008323e+10 1.392571516413e+09 768 7235 3201 17 8 9 9 1.30922103e-10 2.21010481e-10 outputs/V3.3e26_D3000_G2/solution/solution-00066 
 67 9.330229159964e+10 1.392571516413e+09 768 7235 3201 17 8 9 9 1.24259133e-10 2.09755157e-10 outputs/V3.3e26_D3000_G2/solution/solution-00067 
 68 9.469486311606e+10 1.392571516413e+09 768 7235 3201 17 8 9 9 1.17935275e-10 1.99073239e-10 outputs/V3.3e26_D3000_G2/solution/solution-00068 
 69 9.608743463247e+10 1.392571516413e+09 768 7235 3201 17 8 9 9 1.11933272e-10 1.88935497e-10 outputs/V3.3e26_D3000_G2/solution/solution-00069 
 70 9.748000614888e+10 1.392571516413e+09 768 7235 3201 17 8 9 9 1.06236741e-10 1.79314192e-10 outputs/V3.3e26_D3000_G2/solution/solution-00070 
 71 9.887257766530e+10 1.392571516413e+09 768 7235 3201 17 8 9 9 1.00830136e-10 1.70183003e-10 outputs/V3.3e26_D3000_G2/solution/solution-00071 
 72 1.002651491817e+11 1.392571516413e+09 768 7235 3201 17 8 9 9 9.56987002e-11 1.61516950e-10 outputs/V3.3e26_D3000_G2/solution/solution-00072 
 73 1.016577206981e+11 1.392571516413e+09 768 7235 3201 17 8 9 9 9.08284297e-11 1.53292326e-10 outputs/V3.3e26_D3000_G2/solution/solution-00073 
 74 1.030502922145e+11 1.392571516413e+09 768 7235 3201 17 8 9 9 8.62060316e-11 1.45486635e-10 outputs/V3.3e26_D3000_G2/solution/solution-00074 
 75 1.044428637309e+11 1.392571516413e+09 768 7235 3201 17 8 9 9 8.18188904e-11 1.38078527e-10 outputs/V3.3e26_D3000_G2/solution/solution-00075 
 76 1.058354352474e+11 1.392571516413e+09 768 7235 3201 17 8 9 9 7.76550322e-11 1.31047742e-10 outputs/V3.3e26_D3000_G2/solution/solution-00076 
 77 1.072280067638e+11 1.392571516413e+09 768 7235 3201 17 8 9 9 7.37030930e-11 1.24375053e-10 outputs/V3.3e26_D3000_G2/solution/solution-00077 
 78 1.086205782802e+11 1.392571516413e+09 768 7235 3201 17 8 9 9 6.99522867e-11 1.18042212e-10 outputs/V3.3e26_D3000_G2/solution/solution-00078 
 79 1.100131497966e+11 1.392571516413e+09 768 7235 3201 17 8 9 9 6.63923766e-11 1.12031904e-10 outputs/V3.3e26_D3000_G2/solution/solution-00079 
 80 1.114057213130e+11 1.392571516413e+09 768 7235 3201 17 8 9 9 6.30136466e-11 1.06327694e-10 outputs/V3.3e26_D3000_G2/solution/solution-00080 
 81 1.127982928294e+11 1.392571516413e+09 768 7235 3201 17 8 9 9 5.98068754e-11 1.00913988e-10 outputs/V3.3e26_D3000_G2/solution/solution-00081 
 82 1.141908643458e+11 1.392571516413e+09 768 7235 3201 17 8 9 9 5.67633111e-11 9.57759849e-11 outputs/V3.3e26_D3000_G2/solution/solution-00082 
 83 1.155834358622e+11 1.392571516413e+09 768 7235 3201 17 8 9 9 5.38746468e-11 9.08996386e-11 outputs/V3.3e26_D3000_G2/solution/solution-00083 
 84 1.169760073787e+11 1.392571516413e+09 768 7235 3201 17 8 9 9 5.11329987e-11 8.62716189e-11 outputs/V3.3e26_D3000_G2/solution/solution-00084 
 85 1.183685788951e+11 1.392571516413e+09 768 7235 3201 17 8 9 9 4.85308844e-11 8.18792759e-11 outputs/V3.3e26_D3000_G2/solution/solution-00085 
 86 1.197611504115e+11 1.392571516413e+09 768 7235 3201 17 8 9 9 4.60612020e-11 7.77106036e-11 outputs/V3.3e26_D3000_G2/solution/solution-00086 
 87 1.211537219279e+11 1.392571516413e+09 768 7235 3201 17 8 9 9 4.37172114e-11 7.37542087e-11 outputs/V3.3e26_D3000_G2/solution/solution-00087 
 88 1.225462934443e+11 1.392571516413e+09 768 7235 3201 17 8 9 9 4.14925151e-11 6.99992777e-11 outputs/V3.3e26_D3000_G2/solution/solution-00088 
 89 1.239388649607e+11 1.392571516413e+09 768 7235 3201 16 8 9 9 3.93810408e-11 6.64355470e-11 outputs/V3.3e26_D3000_G2/solution/solution-00089 
 90 1.253314364771e+11 1.392571516413e+09 768 7235 3201 16 8 9 9 3.73770265e-11 6.30532791e-11 outputs/V3.3e26_D3000_G2/solution/solution-00090 
 91 1.267240079935e+11 1.392571516413e+09 768 7235 3201 16 8 9 9 3.54750030e-11 5.98432319e-11 outputs/V3.3e26_D3000_G2/solution/solution-00091 
 92 1.281165795100e+11 1.392571516413e+09 768 7235 3201 16 8 9 9 3.36697797e-11 5.67966339e-11 outputs/V3.3e26_D3000_G2/solution/solution-00092 
 93 1.295091510264e+11 1.392571516413e+09 768 7235 3201 16 8 9 9 3.19564298e-11 5.39051606e-11 outputs/V3.3e26_D3000_G2/solution/solution-00093 
 94 1.309017225428e+11 1.392571516413e+09 768 7235 3201 16 8 9 9 3.03302773e-11 5.11609112e-11 outputs/V3.3e26_D3000_G2/solution/solution-00094 
 95 1.322942940592e+11 1.392571516413e+09 768 7235 3201 16 8 9 9 2.87868841e-11 4.85563880e-11 outputs/V3.3e26_D3000_G2/solution/solution-00095 
 96 1.336868655756e+11 1.392571516413e+09 768 7235 3201 16 8 9 9 2.73220383e-11 4.60844747e-11 outputs/V3.3e26_D3000_G2/solution/solution-00096 
 97 1.350794370920e+11 1.392571516413e+09 768 7235 3201 16 8 9 9 2.59317421e-11 4.37384182e-11 outputs/V3.3e26_D3000_G2/solution/solution-00097 
 98 1.364720086084e+11 1.392571516413e+09 768 7235 3201 16 8 9 9 2.46122013e-11 4.15118089e-11 outputs/V3.3e26_D3000_G2/solution/solution-00098 
 99 1.378645801248e+11 1.392571516413e+09 768 7235 3201 16 8 9 9 2.33598147e-11 3.93985640e-11 outputs/V3.3e26_D3000_G2/solution/solution-00099 
100 1.392571516413e+11 1.392571516413e+09 768 7235 3201 16 8 9 9 2.21711645e-11 3.73929109e-11 outputs/V3.3e26_D3000_G2/solution/solution-00100 
