# 1: Time step number
# 2: Time (years)
# 3: Time step size (years)
# 4: Number of mesh cells
# 5: Number of Stokes degrees of freedom
# 6: Number of temperature degrees of freedom
# 7: Iterations for temperature solver
# 8: Iterations for Stokes solver
# 9: Velocity iterations in Stokes preconditioner
# 10: Schur complement iterations in Stokes preconditioner
# 11: RMS velocity (m/year)
# 12: Max. velocity (m/year)
# 13: Visualization file name
  0 0.000000000000e+00 0.000000000000e+00 768 7235 3201  0 8 9 9 5.28980281e-09 9.08996013e-09 outputs/V1e27_D300_G8/solution/solution-00000 
  1 1.392571516413e+09 1.392571516413e+09 768 7235 3201 31 8 9 9 5.01494780e-09 8.45753962e-09 outputs/V1e27_D300_G8/solution/solution-00001 
  2 2.785143032825e+09 1.392571516413e+09 768 7235 3201 25 8 9 9 4.75623255e-09 8.02594131e-09 outputs/V1e27_D300_G8/solution/solution-00002 
  3 4.177714549238e+09 1.392571516413e+09 768 7235 3201 24 8 9 9 4.51197730e-09 7.61533624e-09 outputs/V1e27_D300_G8/solution/solution-00003 
  4 5.570286065650e+09 1.392571516413e+09 768 7235 3201 23 8 9 9 4.28055469e-09 7.22616188e-09 outputs/V1e27_D300_G8/solution/solution-00004 
  5 6.962857582063e+09 1.392571516413e+09 768 7235 3201 22 8 9 9 4.06149104e-09 6.85760182e-09 outputs/V1e27_D300_G8/solution/solution-00005 
  6 8.355429098476e+09 1.392571516413e+09 768 7235 3201 22 8 9 9 3.85411046e-09 6.50853045e-09 outputs/V1e27_D300_G8/solution/solution-00006 
  7 9.748000614888e+09 1.392571516413e+09 768 7235 3201 21 8 9 9 3.65772995e-09 6.17780595e-09 outputs/V1e27_D300_G8/solution/solution-00007 
  8 1.114057213130e+10 1.392571516413e+09 768 7235 3201 21 8 9 9 3.47169953e-09 5.86435135e-09 outputs/V1e27_D300_G8/solution/solution-00008 
  9 1.253314364771e+10 1.392571516413e+09 768 7235 3201 20 8 9 9 3.29541311e-09 5.56716954e-09 outputs/V1e27_D300_G8/solution/solution-00009 
 10 1.392571516413e+10 1.392571516413e+09 768 7235 3201 20 8 9 9 3.12830881e-09 5.28533938e-09 outputs/V1e27_D300_G8/solution/solution-00010 
 11 1.531828668054e+10 1.392571516413e+09 768 7235 3201 20 8 9 9 2.96986576e-09 5.01800772e-09 outputs/V1e27_D300_G8/solution/solution-00011 
 12 1.671085819695e+10 1.392571516413e+09 768 7235 3201 20 8 9 9 2.81960013e-09 4.76438149e-09 outputs/V1e27_D300_G8/solution/solution-00012 
 13 1.810342971336e+10 1.392571516413e+09 768 7235 3201 20 8 9 9 2.67706142e-09 4.52372095e-09 outputs/V1e27_D300_G8/solution/solution-00013 
 14 1.949600122978e+10 1.392571516413e+09 768 7235 3201 19 8 9 9 2.54182917e-09 4.29533401e-09 outputs/V1e27_D300_G8/solution/solution-00014 
 15 2.088857274619e+10 1.392571516413e+09 768 7235 3201 19 8 9 9 2.41351001e-09 4.07857158e-09 outputs/V1e27_D300_G8/solution/solution-00015 
 16 2.228114426260e+10 1.392571516413e+09 768 7235 3201 19 8 9 9 2.29173526e-09 3.87282363e-09 outputs/V1e27_D300_G8/solution/solution-00016 
 17 2.367371577901e+10 1.392571516413e+09 768 7235 3201 19 8 9 9 2.17615871e-09 3.67751589e-09 outputs/V1e27_D300_G8/solution/solution-00017 
 18 2.506628729543e+10 1.392571516413e+09 768 7235 3201 19 8 9 9 2.06645478e-09 3.49210694e-09 outputs/V1e27_D300_G8/solution/solution-00018 
 19 2.645885881184e+10 1.392571516413e+09 768 7235 3201 19 8 9 9 1.96231685e-09 3.31608581e-09 outputs/V1e27_D300_G8/solution/solution-00019 
 20 2.785143032825e+10 1.392571516413e+09 768 7235 3201 19 8 9 9 1.86345586e-09 3.14896971e-09 outputs/V1e27_D300_G8/solution/solution-00020 
 21 2.924400184466e+10 1.392571516413e+09 768 7235 3201 19 8 9 9 1.76959898e-09 2.99030219e-09 outputs/V1e27_D300_G8/solution/solution-00021 
 22 3.063657336108e+10 1.392571516413e+09 768 7235 3201 18 8 9 9 1.68048852e-09 2.83965135e-09 outputs/V1e27_D300_G8/solution/solution-00022 
 23 3.202914487749e+10 1.392571516413e+09 768 7235 3201 18 8 9 9 1.59588086e-09 2.69660829e-09 outputs/V1e27_D300_G8/solution/solution-00023 
 24 3.342171639390e+10 1.392571516413e+09 768 7235 3201 18 8 9 9 1.51554556e-09 2.56078573e-09 outputs/V1e27_D300_G8/solution/solution-00024 
 25 3.481428791032e+10 1.392571516413e+09 768 7235 3201 18 8 9 9 1.43926453e-09 2.43181669e-09 outputs/V1e27_D300_G8/solution/solution-00025 
 26 3.620685942673e+10 1.392571516413e+09 768 7235 3201 18 8 9 9 1.36683123e-09 2.30935331e-09 outputs/V1e27_D300_G8/solution/solution-00026 
 27 3.759943094314e+10 1.392571516413e+09 768 7235 3201 18 8 9 9 1.29805002e-09 2.19306579e-09 outputs/V1e27_D300_G8/solution/solution-00027 
 28 3.899200245955e+10 1.392571516413e+09 768 7235 3201 18 8 9 9 1.23273549e-09 2.08264133e-09 outputs/V1e27_D300_G8/solution/solution-00028 
 29 4.038457397597e+10 1.392571516413e+09 768 7235 3201 18 8 9 9 1.17071188e-09 1.97778323e-09 outputs/V1e27_D300_G8/solution/solution-00029 
 30 4.177714549238e+10 1.392571516413e+09 768 7235 3201 18 8 9 9 1.11181255e-09 1.87821000e-09 outputs/V1e27_D300_G8/solution/solution-00030 
 31 4.316971700879e+10 1.392571516413e+09 768 7235 3201 18 8 9 9 1.05587943e-09 1.78365454e-09 outputs/V1e27_D300_G8/solution/solution-00031 
 32 4.456228852520e+10 1.392571516413e+09 768 7235 3201 18 8 9 9 1.00276260e-09 1.69386337e-09 outputs/V1e27_D300_G8/solution/solution-00032 
 33 4.595486004162e+10 1.392571516413e+09 768 7235 3201 18 8 9 9 9.52319790e-10 1.60859592e-09 outputs/V1e27_D300_G8/solution/solution-00033 
 34 4.734743155803e+10 1.392571516413e+09 768 7235 3201 18 8 9 9 9.04416033e-10 1.52762386e-09 outputs/V1e27_D300_G8/solution/solution-00034 
 35 4.874000307444e+10 1.392571516413e+09 768 7235 3201 18 8 9 9 8.58923224e-10 1.45073045e-09 outputs/V1e27_D300_G8/solution/solution-00035 
 36 5.013257459085e+10 1.392571516413e+09 768 7235 3201 18 8 9 9 8.15719783e-10 1.37770993e-09 outputs/V1e27_D300_G8/solution/solution-00036 
 37 5.152514610727e+10 1.392571516413e+09 768 7235 3201 18 8 9 9 7.74690303e-10 1.30836697e-09 outputs/V1e27_D300_G8/solution/solution-00037 
 38 5.291771762368e+10 1.392571516413e+09 768 7235 3201 17 8 9 9 7.35725237e-10 1.24251614e-09 outputs/V1e27_D300_G8/solution/solution-00038 
 39 5.431028914009e+10 1.392571516413e+09 768 7235 3201 17 8 9 9 6.98720582e-10 1.17998136e-09 outputs/V1e27_D300_G8/solution/solution-00039 
 40 5.570286065650e+10 1.392571516413e+09 768 7235 3201 17 8 9 9 6.63577601e-10 1.12059549e-09 outputs/V1e27_D300_G8/solution/solution-00040 
 41 5.709543217292e+10 1.392571516413e+09 768 7235 3201 17 8 9 9 6.30202549e-10 1.06419981e-09 outputs/V1e27_D300_G8/solution/solution-00041 
 42 5.848800368933e+10 1.392571516413e+09 768 7235 3201 17 8 9 9 5.98506419e-10 1.01064363e-09 outputs/V1e27_D300_G8/solution/solution-00042 
 43 5.988057520574e+10 1.392571516413e+09 768 7235 3201 17 8 9 9 5.68404697e-10 9.59783858e-10 outputs/V1e27_D300_G8/solution/solution-00043 
 44 6.127314672215e+10 1.392571516413e+09 768 7235 3201 17 8 9 9 5.39817133e-10 9.11484637e-10 outputs/V1e27_D300_G8/solution/solution-00044 
 45 6.266571823857e+10 1.392571516413e+09 768 7235 3201 17 8 9 9 5.12667526e-10 8.65616961e-10 outputs/V1e27_D300_G8/solution/solution-00045 
 46 6.405828975498e+10 1.392571516413e+09 768 7235 3201 17 8 9 9 4.86883518e-10 8.22058331e-10 outputs/V1e27_D300_G8/solution/solution-00046 
 47 6.545086127139e+10 1.392571516413e+09 768 7235 3201 17 8 9 9 4.62396395e-10 7.80692432e-10 outputs/V1e27_D300_G8/solution/solution-00047 
 48 6.684343278781e+10 1.392571516413e+09 768 7235 3201 17 8 9 9 4.39140906e-10 7.41408813e-10 outputs/V1e27_D300_G8/solution/solution-00048 
 49 6.823600430422e+10 1.392571516413e+09 768 7235 3201 17 8 9 9 4.17055088e-10 7.04102592e-10 outputs/V1e27_D300_G8/solution/solution-00049 
 50 6.962857582063e+10 1.392571516413e+09 768 7235 3201 17 8 9 9 3.96080098e-10 6.68674176e-10 outputs/V1e27_D300_G8/solution/solution-00050 
 51 7.102114733704e+10 1.392571516413e+09 768 7235 3201 17 8 9 9 3.76160054e-10 6.35028995e-10 outputs/V1e27_D300_G8/solution/solution-00051 
 52 7.241371885346e+10 1.392571516413e+09 768 7235 3201 17 8 9 9 3.57241889e-10 6.03077245e-10 outputs/V1e27_D300_G8/solution/solution-00052 
 53 7.380629036987e+10 1.392571516413e+09 768 7235 3201 17 8 9 9 3.39275206e-10 5.72733647e-10 outputs/V1e27_D300_G8/solution/solution-00053 
 54 7.519886188628e+10 1.392571516413e+09 768 7235 3201 17 8 9 9 3.22212145e-10 5.43917222e-10 outputs/V1e27_D300_G8/solution/solution-00054 
 55 7.659143340269e+10 1.392571516413e+09 768 7235 3201 17 8 9 9 3.06007254e-10 5.16551073e-10 outputs/V1e27_D300_G8/solution/solution-00055 
 56 7.798400491911e+10 1.392571516413e+09 768 7235 3201 17 8 9 9 2.90617370e-10 4.90562174e-10 outputs/V1e27_D300_G8/solution/solution-00056 
 57 7.937657643552e+10 1.392571516413e+09 768 7235 3201 17 8 9 9 2.76001498e-10 4.65881184e-10 outputs/V1e27_D300_G8/solution/solution-00057 
 58 8.076914795193e+10 1.392571516413e+09 768 7235 3201 17 8 9 9 2.62120709e-10 4.42442252e-10 outputs/V1e27_D300_G8/solution/solution-00058 
 59 8.216171946834e+10 1.392571516413e+09 768 7235 3201 17 8 9 9 2.48938030e-10 4.20182846e-10 outputs/V1e27_D300_G8/solution/solution-00059 
 60 8.355429098476e+10 1.392571516413e+09 768 7235 3201 17 8 9 9 2.36418350e-10 3.99043585e-10 outputs/V1e27_D300_G8/solution/solution-00060 
 61 8.494686250117e+10 1.392571516413e+09 768 7235 3201 17 8 9 9 2.24528323e-10 3.78968077e-10 outputs/V1e27_D300_G8/solution/solution-00061 
 62 8.633943401758e+10 1.392571516413e+09 768 7235 3201 17 8 9 9 2.13236281e-10 3.59902774e-10 outputs/V1e27_D300_G8/solution/solution-00062 
 63 8.773200553399e+10 1.392571516413e+09 768 7235 3201 16 8 9 9 2.02512150e-10 3.41796826e-10 outputs/V1e27_D300_G8/solution/solution-00063 
 64 8.912457705041e+10 1.392571516413e+09 768 7235 3201 16 8 9 9 1.92327365e-10 3.24601939e-10 outputs/V1e27_D300_G8/solution/solution-00064 
 65 9.051714856682e+10 1.392571516413e+09 768 7235 3201 16 8 9 9 1.82654801e-10 3.08272255e-10 outputs/V1e27_D300_G8/solution/solution-00065 
 66 9.190972008323e+10 1.392571516413e+09 768 7235 3201 16 8 9 9 1.73468697e-10 2.92764223e-10 outputs/V1e27_D300_G8/solution/solution-00066 
 67 9.330229159964e+10 1.392571516413e+09 768 7235 3201 16 8 9 9 1.64744586e-10 2.78036488e-10 outputs/V1e27_D300_G8/solution/solution-00067 
 68 9.469486311606e+10 1.392571516413e+09 768 7235 3201 16 8 9 9 1.56459234e-10 2.64049777e-10 outputs/V1e27_D300_G8/solution/solution-00068 
 69 9.608743463247e+10 1.392571516413e+09 768 7235 3201 16 8 9 9 1.48590573e-10 2.50766794e-10 outputs/V1e27_D300_G8/solution/solution-00069 
 70 9.748000614888e+10 1.392571516413e+09 768 7235 3201 16 8 9 9 1.41117646e-10 2.38152121e-10 outputs/V1e27_D300_G8/solution/solution-00070 
 71 9.887257766530e+10 1.392571516413e+09 768 7235 3201 16 8 9 9 1.34020552e-10 2.26172124e-10 outputs/V1e27_D300_G8/solution/solution-00071 
 72 1.002651491817e+11 1.392571516413e+09 768 7235 3201 16 8 9 9 1.27280389e-10 2.14794863e-10 outputs/V1e27_D300_G8/solution/solution-00072 
 73 1.016577206981e+11 1.392571516413e+09 768 7235 3201 16 8 9 9 1.20879205e-10 2.03990004e-10 outputs/V1e27_D300_G8/solution/solution-00073 
 74 1.030502922145e+11 1.392571516413e+09 768 7235 3201 16 8 9 9 1.14799952e-10 1.93728742e-10 outputs/V1e27_D300_G8/solution/solution-00074 
 75 1.044428637309e+11 1.392571516413e+09 768 7235 3201 16 8 9 9 1.09026439e-10 1.83983722e-10 outputs/V1e27_D300_G8/solution/solution-00075 
 76 1.058354352474e+11 1.392571516413e+09 768 7235 3201 16 8 9 9 1.03543290e-10 1.74728966e-10 outputs/V1e27_D300_G8/solution/solution-00076 
 77 1.072280067638e+11 1.392571516413e+09 768 7235 3201 16 8 9 9 9.83359017e-11 1.65939804e-10 outputs/V1e27_D300_G8/solution/solution-00077 
 78 1.086205782802e+11 1.392571516413e+09 768 7235 3201 16 8 9 9 9.33904050e-11 1.57592806e-10 outputs/V1e27_D300_G8/solution/solution-00078 
 79 1.100131497966e+11 1.392571516413e+09 768 7235 3201 16 8 9 9 8.86936290e-11 1.49665724e-10 outputs/V1e27_D300_G8/solution/solution-00079 
 80 1.114057213130e+11 1.392571516413e+09 768 7235 3201 16 8 9 9 8.42330649e-11 1.42137429e-10 outputs/V1e27_D300_G8/solution/solution-00080 
 81 1.127982928294e+11 1.392571516413e+09 768 7235 3201 16 8 9 9 7.99968327e-11 1.34987856e-10 outputs/V1e27_D300_G8/solution/solution-00081 
 82 1.141908643458e+11 1.392571516413e+09 768 7235 3201 16 8 9 9 7.59736503e-11 1.28197947e-10 outputs/V1e27_D300_G8/solution/solution-00082 
 83 1.155834358622e+11 1.392571516413e+09 768 7235 3201 16 8 9 9 7.21528030e-11 1.21749607e-10 outputs/V1e27_D300_G8/solution/solution-00083 
 84 1.169760073787e+11 1.392571516413e+09 768 7235 3201 16 8 9 9 6.85241147e-11 1.15625651e-10 outputs/V1e27_D300_G8/solution/solution-00084 
 85 1.183685788951e+11 1.392571516413e+09 768 7235 3201 16 8 9 9 6.50779213e-11 1.09809757e-10 outputs/V1e27_D300_G8/solution/solution-00085 
 86 1.197611504115e+11 1.392571516413e+09 768 7235 3201 16 8 9 9 6.18050446e-11 1.04286425e-10 outputs/V1e27_D300_G8/solution/solution-00086 
 87 1.211537219279e+11 1.392571516413e+09 768 7235 3201 16 8 9 9 5.86967682e-11 9.90409369e-11 outputs/V1e27_D300_G8/solution/solution-00087 
 88 1.225462934443e+11 1.392571516413e+09 768 7235 3201 15 8 9 9 5.57448150e-11 9.40593164e-11 outputs/V1e27_D300_G8/solution/solution-00088 
 89 1.239388649607e+11 1.392571516413e+09 768 7235 3201 15 8 9 9 5.29413223e-11 8.93282858e-11 outputs/V1e27_D300_G8/solution/solution-00089 
 90 1.253314364771e+11 1.392571516413e+09 768 7235 3201 15 8 9 9 5.02788235e-11 8.48352378e-11 outputs/V1e27_D300_G8/solution/solution-00090 
 91 1.267240079935e+11 1.392571516413e+09 768 7235 3201 15 8 9 9 4.77502273e-11 8.05681992e-11 outputs/V1e27_D300_G8/solution/solution-00091 
 92 1.281165795100e+11 1.392571516413e+09 768 7235 3201 15 8 9 9 4.53487997e-11 7.65157997e-11 outputs/V1e27_D300_G8/solution/solution-00092 
 93 1.295091510264e+11 1.392571516413e+09 768 7235 3201 15 8 9 9 4.30681449e-11 7.26672411e-11 outputs/V1e27_D300_G8/solution/solution-00093 
 94 1.309017225428e+11 1.392571516413e+09 768 7235 3201 15 8 9 9 4.09021890e-11 6.90122691e-11 outputs/V1e27_D300_G8/solution/solution-00094 
 95 1.322942940592e+11 1.392571516413e+09 768 7235 3201 15 8 9 9 3.88451634e-11 6.55411446e-11 outputs/V1e27_D300_G8/solution/solution-00095 
 96 1.336868655756e+11 1.392571516413e+09 768 7235 3201 15 8 9 9 3.68915899e-11 6.22446193e-11 outputs/V1e27_D300_G8/solution/solution-00096 
 97 1.350794370920e+11 1.392571516413e+09 768 7235 3201 15 8 9 9 3.50362654e-11 5.91139092e-11 outputs/V1e27_D300_G8/solution/solution-00097 
 98 1.364720086084e+11 1.392571516413e+09 768 7235 3201 15 8 9 9 3.32742490e-11 5.61406736e-11 outputs/V1e27_D300_G8/solution/solution-00098 
 99 1.378645801248e+11 1.392571516413e+09 768 7235 3201 15 8 9 9 3.16008479e-11 5.33169906e-11 outputs/V1e27_D300_G8/solution/solution-00099 
100 1.392571516413e+11 1.392571516413e+09 768 7235 3201 15 8 9 9 3.00116054e-11 5.06353367e-11 outputs/V1e27_D300_G8/solution/solution-00100 
