# 1: Time step number
# 2: Time (years)
# 3: Time step size (years)
# 4: Number of mesh cells
# 5: Number of Stokes degrees of freedom
# 6: Number of temperature degrees of freedom
# 7: Iterations for temperature solver
# 8: Iterations for Stokes solver
# 9: Velocity iterations in Stokes preconditioner
# 10: Schur complement iterations in Stokes preconditioner
# 11: RMS velocity (m/year)
# 12: Max. velocity (m/year)
# 13: Visualization file name
  0 0.000000000000e+00 0.000000000000e+00 768 7235 3201  0 8 9 9 1.34251954e-06 2.82856226e-06 outputs/V1e24_D3000_G2/solution/solution-00000 
  1 1.392571516413e+09 1.392571516413e+09 768 7235 3201 32 8 9 9 3.50474251e-06 5.99471055e-06 outputs/V1e24_D3000_G2/solution/solution-00001 
  2 2.785143032825e+09 1.392571516413e+09 768 7235 3201 25 8 9 9 1.01120571e-05 1.76332437e-05 outputs/V1e24_D3000_G2/solution/solution-00002 
  3 4.177714549238e+09 1.392571516413e+09 768 7235 3201 25 8 9 9 2.82498748e-05 5.01810369e-05 outputs/V1e24_D3000_G2/solution/solution-00003 
  4 5.570286065650e+09 1.392571516413e+09 768 7235 3201 25 8 9 9 7.51931372e-05 1.35776994e-04 outputs/V1e24_D3000_G2/solution/solution-00004 
  5 6.260756502233e+09 6.904704365830e+08 768 7235 3201 19 8 9 9 1.28257352e-04 2.33469964e-04 outputs/V1e24_D3000_G2/solution/solution-00005 
  6 6.662504920878e+09 4.017484186441e+08 768 7235 3201 14 7 8 8 1.79089211e-04 3.27438966e-04 outputs/V1e24_D3000_G2/solution/solution-00006 
  7 6.948825611027e+09 2.863206901499e+08 768 7235 3201 12 7 8 8 2.28654683e-04 4.19231808e-04 outputs/V1e24_D3000_G2/solution/solution-00007 
  8 7.172376974087e+09 2.235513630593e+08 768 7235 3201 11 7 8 8 2.76955488e-04 5.09071570e-04 outputs/V1e24_D3000_G2/solution/solution-00008 
  9 7.356586399333e+09 1.842094252465e+08 768 7235 3201 10 6 7 7 3.24045233e-04 5.96570129e-04 outputs/V1e24_D3000_G2/solution/solution-00009 
 10 7.513753784349e+09 1.571673850159e+08 768 7235 3201 10 6 7 7 3.69963330e-04 6.82074194e-04 outputs/V1e24_D3000_G2/solution/solution-00010 
 11 7.651202174697e+09 1.374483903481e+08 768 7235 3201 10 6 7 7 4.14750585e-04 7.65296820e-04 outputs/V1e24_D3000_G2/solution/solution-00011 
 12 7.773705336499e+09 1.225031618018e+08 768 7235 3201  9 6 7 7 4.58456039e-04 8.46744945e-04 outputs/V1e24_D3000_G2/solution/solution-00012 
 13 7.884471921187e+09 1.107665846877e+08 768 7235 3201  9 6 7 7 5.01090816e-04 9.25818358e-04 outputs/V1e24_D3000_G2/solution/solution-00013 
 14 7.985717892625e+09 1.012459714379e+08 768 7235 3201  9 6 7 7 5.42617129e-04 1.00287555e-03 outputs/V1e24_D3000_G2/solution/solution-00014 
 15 8.079178735015e+09 9.346084239005e+07 768 7235 3201  9 6 7 7 5.83025914e-04 1.07804581e-03 outputs/V1e24_D3000_G2/solution/solution-00015 
 16 8.166172593336e+09 8.699385832139e+07 768 7235 3201  9 6 7 7 6.22292142e-04 1.15060923e-03 outputs/V1e24_D3000_G2/solution/solution-00016 
 17 8.247668135801e+09 8.149554246528e+07 768 7235 3201  9 6 7 7 6.60350106e-04 1.22095693e-03 outputs/V1e24_D3000_G2/solution/solution-00017 
 18 8.324452171385e+09 7.678403558396e+07 768 7235 3201  9 6 7 7 6.97134217e-04 1.28866119e-03 outputs/V1e24_D3000_G2/solution/solution-00018 
 19 8.397202092606e+09 7.274992122062e+07 768 7235 3201  9 6 7 7 7.32592629e-04 1.35363348e-03                                             "" 
 20 8.466474883955e+09 6.927279134874e+07 768 7235 3201  9 6 7 7 7.66666871e-04 1.41606621e-03 outputs/V1e24_D3000_G2/solution/solution-00019 
 21 8.532715288593e+09 6.624040463851e+07 768 7235 3201  9 6 7 7 7.99283942e-04 1.47524578e-03 outputs/V1e24_D3000_G2/solution/solution-00020 
 22 8.596267363895e+09 6.355207530144e+07 768 7235 3201  9 6 7 7 8.30354308e-04 1.53099523e-03                                             "" 
 23 8.657476005227e+09 6.120864133199e+07 768 7235 3201  9 6 7 7 8.59816704e-04 1.58425994e-03 outputs/V1e24_D3000_G2/solution/solution-00021 
 24 8.716638750640e+09 5.916274541349e+07 768 7235 3201  9 6 7 7 8.87610084e-04 1.63432488e-03 outputs/V1e24_D3000_G2/solution/solution-00022 
 25 8.774014965391e+09 5.737621475036e+07 768 7235 3201  9 6 7 7 9.13674967e-04 1.68068601e-03                                             "" 
 26 8.829832966385e+09 5.581800099491e+07 768 7235 3201  9 6 7 7 9.37954627e-04 1.72324677e-03 outputs/V1e24_D3000_G2/solution/solution-00023 
 27 8.884246685192e+09 5.441371880645e+07 768 7235 3201  9 6 7 7 9.60376621e-04 1.76245157e-03                                             "" 
 28 8.937439636063e+09 5.319295087109e+07 768 7235 3201  9 6 7 7 9.80897425e-04 1.79802679e-03 outputs/V1e24_D3000_G2/solution/solution-00024 
 29 8.989580127384e+09 5.214049132054e+07 768 7235 3201  9 6 7 7 9.99480362e-04 1.82958632e-03                                             "" 
 30 9.040821218754e+09 5.124109137018e+07 768 7235 3201  9 6 7 7 1.01609477e-03 1.85709493e-03 outputs/V1e24_D3000_G2/solution/solution-00025 
 31 9.091303290757e+09 5.048207200323e+07 768 7235 3201  9 6 7 7 1.03071644e-03 1.88134316e-03                                             "" 
 32 9.141156184584e+09 4.985289382743e+07 768 7235 3201  9 6 7 7 1.04332792e-03 1.90155843e-03 outputs/V1e24_D3000_G2/solution/solution-00026 
 33 9.190491650775e+09 4.933546619088e+07 768 7235 3201  9 6 7 7 1.05391689e-03 1.91769060e-03                                             "" 
 34 9.239394818905e+09 4.890316812928e+07 768 7235 3201  9 6 7 7 1.06247657e-03 1.92975551e-03 outputs/V1e24_D3000_G2/solution/solution-00027 
 35 9.287975617705e+09 4.858079880021e+07 768 7235 3201  9 5 6 6 1.06901545e-03 1.93779759e-03                                             "" 
 36 9.336338799091e+09 4.836318138583e+07 768 7235 3201  9 5 6 6 1.07354869e-03 1.94208467e-03 outputs/V1e24_D3000_G2/solution/solution-00028 
 37 9.384585017957e+09 4.824621886611e+07 768 7235 3201  9 5 6 6 1.07609793e-03 1.94348949e-03                                             "" 
 38 9.432811794670e+09 4.822677671305e+07 768 7235 3201  9 5 6 6 1.07669104e-03 1.94103930e-03 outputs/V1e24_D3000_G2/solution/solution-00029 
 39 9.481114388366e+09 4.830259369582e+07 768 7235 3201  9 5 6 6 1.07536186e-03 1.93482444e-03                                             "" 
 40 9.529586600789e+09 4.847221242392e+07 768 7235 3201  9 6 7 7 1.07214986e-03 1.92494767e-03 outputs/V1e24_D3000_G2/solution/solution-00030 
 41 9.578321528972e+09 4.873492818200e+07 768 7235 3201  9 6 7 7 1.06709984e-03 1.91152347e-03                                             "" 
 42 9.627385864982e+09 4.906433601064e+07 768 7235 3201  9 6 7 7 1.06026564e-03 1.89468696e-03 outputs/V1e24_D3000_G2/solution/solution-00031 
 43 9.676868553079e+09 4.948268809670e+07 768 7235 3201  9 6 7 7 1.05170513e-03 1.87514204e-03                                             "" 
 44 9.726864765555e+09 4.999621247642e+07 768 7235 3201  9 6 7 7 1.04147958e-03 1.85252351e-03 outputs/V1e24_D3000_G2/solution/solution-00032 
 45 9.777471410671e+09 5.060664511530e+07 768 7235 3201  9 6 7 7 1.02965377e-03 1.82690113e-03                                             "" 
 46 9.828787816500e+09 5.131640582921e+07 768 7235 3201  9 6 7 7 1.01629565e-03 1.79843653e-03 outputs/V1e24_D3000_G2/solution/solution-00033 
 47 9.880916428522e+09 5.212861202264e+07 768 7235 3201  9 6 7 7 1.00147602e-03 1.76835491e-03                                             "" 
 48 9.933916693688e+09 5.300026516540e+07 768 7235 3201  9 6 7 7 9.85282966e-04 1.75044307e-03 outputs/V1e24_D3000_G2/solution/solution-00034 
 49 9.987526690146e+09 5.360999645788e+07 768 7235 3201  9 6 7 7 9.67918028e-04 1.73294259e-03                                             "" 
 50 1.004168568344e+10 5.415899329262e+07 768 7235 3201  9 6 7 7 9.49537223e-04 1.71339705e-03 outputs/V1e24_D3000_G2/solution/solution-00035 
 51 1.009644789694e+10 5.476221350378e+07 768 7235 3201  9 6 7 7 9.30260589e-04 1.69196631e-03                                             "" 
 52 1.015188928897e+10 5.544139203055e+07 768 7235 3201  9 6 7 7 9.10197298e-04 1.66880020e-03 outputs/V1e24_D3000_G2/solution/solution-00036 
 53 1.020808599710e+10 5.619670813035e+07 768 7235 3201  9 6 7 7 8.89452279e-04 1.64404518e-03 outputs/V1e24_D3000_G2/solution/solution-00037 
 54 1.026511467680e+10 5.702867969218e+07 768 7235 3201  9 6 7 7 8.68126026e-04 1.61810529e-03                                             "" 
 55 1.032305281015e+10 5.793813335342e+07 768 7235 3201  9 6 7 7 8.46314495e-04 1.59097376e-03 outputs/V1e24_D3000_G2/solution/solution-00038 
 56 1.038197898623e+10 5.892617608035e+07 768 7235 3201  9 6 7 7 8.24109055e-04 1.56265189e-03                                             "" 
 57 1.044197315408e+10 5.999416785078e+07 768 7235 3201  8 6 7 7 8.01596503e-04 1.53327339e-03 outputs/V1e24_D3000_G2/solution/solution-00039 
 58 1.050311684889e+10 6.114369480851e+07 768 7235 3201  8 6 7 7 7.78859103e-04 1.50296885e-03 outputs/V1e24_D3000_G2/solution/solution-00040 
 59 1.056549339109e+10 6.237654220254e+07 768 7235 3201  8 6 7 7 7.55974678e-04 1.47186578e-03                                             "" 
 60 1.062918805752e+10 6.369466643279e+07 768 7235 3201  8 6 7 7 7.33016709e-04 1.44008850e-03 outputs/V1e24_D3000_G2/solution/solution-00041 
 61 1.069428822307e+10 6.510016555125e+07 768 7235 3201  8 6 7 7 7.10054462e-04 1.40775811e-03                                             "" 
 62 1.076088347067e+10 6.659524759993e+07 768 7235 3201  8 6 7 7 6.87153129e-04 1.37499238e-03 outputs/V1e24_D3000_G2/solution/solution-00042 
 63 1.082906566688e+10 6.818219620237e+07 768 7235 3201  8 6 7 7 6.64373964e-04 1.34190563e-03 outputs/V1e24_D3000_G2/solution/solution-00043 
 64 1.089892899974e+10 6.986333286589e+07 768 7235 3201  8 6 7 7 6.41774428e-04 1.30860865e-03                                             "" 
 65 1.097056997524e+10 7.164097550151e+07 768 7235 3201  8 6 7 7 6.19408331e-04 1.27520844e-03 outputs/V1e24_D3000_G2/solution/solution-00044 
 66 1.104408736797e+10 7.351739272989e+07 768 7235 3201  8 6 7 7 5.97325961e-04 1.24196672e-03 outputs/V1e24_D3000_G2/solution/solution-00045 
 67 1.111958212160e+10 7.549475362064e+07 768 7235 3201  8 6 7 7 5.75574203e-04 1.20899293e-03 outputs/V1e24_D3000_G2/solution/solution-00046 
 68 1.119715719421e+10 7.757507261296e+07 768 7235 3201  8 6 7 7 5.54196655e-04 1.17620765e-03                                             "" 
 69 1.127691734370e+10 7.976014949031e+07 768 7235 3201  8 6 7 7 5.33233711e-04 1.14370157e-03 outputs/V1e24_D3000_G2/solution/solution-00047 
 70 1.135896884814e+10 8.205150443731e+07 768 7235 3201  8 6 7 7 5.12722648e-04 1.11156049e-03 outputs/V1e24_D3000_G2/solution/solution-00048 
 71 1.144341353990e+10 8.444469175980e+07 768 7235 3201  8 6 7 7 4.92698978e-04 1.07986713e-03 outputs/V1e24_D3000_G2/solution/solution-00049 
 72 1.153031377639e+10 8.690023649289e+07 768 7235 3201  8 6 7 7 4.73203664e-04 1.04871261e-03 outputs/V1e24_D3000_G2/solution/solution-00050 
 73 1.161977105779e+10 8.945728140323e+07 768 7235 3201  8 6 7 7 4.54264418e-04 1.01816645e-03 outputs/V1e24_D3000_G2/solution/solution-00051 
 74 1.171188581737e+10 9.211475957406e+07 768 7235 3201  8 6 7 7 4.35905880e-04 9.88292327e-04 outputs/V1e24_D3000_G2/solution/solution-00052 
 75 1.180675676266e+10 9.487094529284e+07 768 7235 3201  8 6 7 7 4.18149625e-04 9.59147928e-04 outputs/V1e24_D3000_G2/solution/solution-00053 
 76 1.190448015253e+10 9.772338986926e+07 768 7235 3201  8 6 7 7 4.01014167e-04 9.30784864e-04 outputs/V1e24_D3000_G2/solution/solution-00054 
 77 1.200514901455e+10 1.006688620266e+08 768 7235 3201  8 6 7 7 3.84514966e-04 9.03248651e-04 outputs/V1e24_D3000_G2/solution/solution-00055 
 78 1.210885230984e+10 1.037032952813e+08 768 7235 3201  8 6 7 7 3.68664430e-04 8.76883480e-04 outputs/V1e24_D3000_G2/solution/solution-00056 
 79 1.221567405450e+10 1.068217446624e+08 768 7235 3201  8 6 7 7 3.53471934e-04 8.51703337e-04 outputs/V1e24_D3000_G2/solution/solution-00057 
 80 1.232569240959e+10 1.100183550965e+08 768 7235 3201  8 5 6 6 3.38943838e-04 8.27430301e-04 outputs/V1e24_D3000_G2/solution/solution-00058 
 81 1.243897875396e+10 1.132863443616e+08 768 7235 3201  8 5 6 6 3.25083540e-04 8.04084892e-04 outputs/V1e24_D3000_G2/solution/solution-00059 
 82 1.255559675266e+10 1.166179987076e+08 768 7235 3201  8 5 6 6 3.11891513e-04 7.81682087e-04 outputs/V1e24_D3000_G2/solution/solution-00060 
 83 1.267560144549e+10 1.200046928246e+08 768 7235 3201  8 5 6 6 2.99365397e-04 7.60231595e-04 outputs/V1e24_D3000_G2/solution/solution-00061 
 84 1.279903836775e+10 1.234369222663e+08 768 7235 3201  8 5 6 6 2.87500099e-04 7.39738139e-04 outputs/V1e24_D3000_G2/solution/solution-00062 
 85 1.292592605325e+10 1.268876854920e+08 768 7235 3201  8 5 6 6 2.76289322e-04 7.20204244e-04 outputs/V1e24_D3000_G2/solution/solution-00063 
 86 1.305619569561e+10 1.302696423643e+08 768 7235 3201  8 5 6 6 2.65729745e-04 7.01637818e-04 outputs/V1e24_D3000_G2/solution/solution-00064 
 87 1.318985180323e+10 1.336561076191e+08 768 7235 3201  8 5 6 6 2.55807335e-04 6.84129017e-04 outputs/V1e24_D3000_G2/solution/solution-00065 
 88 1.332688735895e+10 1.370355557215e+08 768 7235 3201  8 5 6 6 2.46506036e-04 6.67752891e-04 outputs/V1e24_D3000_G2/solution/solution-00066 
 89 1.346728360619e+10 1.403962472412e+08 768 7235 3201  8 5 6 6 2.37808005e-04 6.52281166e-04 outputs/V1e24_D3000_G2/solution/solution-00067 
 90 1.361100996966e+10 1.437263634629e+08 768 7235 3201  8 5 6 6 2.29693869e-04 6.37693743e-04 outputs/V1e24_D3000_G2/solution/solution-00068 
 91 1.375802411400e+10 1.470141443490e+08 768 7235 3201  8 5 6 6 2.22142985e-04 6.23968262e-04 outputs/V1e24_D3000_G2/solution/solution-00069 
 92 1.390827214054e+10 1.502480265393e+08 768 7235 3201  8 5 6 6 2.15133708e-04 6.11080491e-04 outputs/V1e24_D3000_G2/solution/solution-00070 
 93 1.406168891850e+10 1.534167779576e+08 768 7235 3201  8 5 6 6 2.08643653e-04 5.99004691e-04 outputs/V1e24_D3000_G2/solution/solution-00071 
 94 1.421819854423e+10 1.565096257260e+08 768 7235 3201  8 5 6 6 2.02649953e-04 5.87713960e-04 outputs/V1e24_D3000_G2/solution/solution-00072 
 95 1.437771491862e+10 1.595163743926e+08 768 7235 3201  8 5 6 6 1.97129503e-04 5.77180546e-04 outputs/V1e24_D3000_G2/solution/solution-00073 
 96 1.454014243053e+10 1.624275119083e+08 768 7235 3201  8 5 6 6 1.92059180e-04 5.67376140e-04 outputs/V1e24_D3000_G2/solution/solution-00074 
 97 1.470537673183e+10 1.652343013035e+08 768 7235 3201  8 5 6 6 1.87416056e-04 5.58366321e-04 outputs/V1e24_D3000_G2/solution/solution-00075 
 98 1.487330558841e+10 1.679288565817e+08 768 7235 3201  8 5 6 6 1.83177578e-04 5.50048789e-04 outputs/V1e24_D3000_G2/solution/solution-00076 
 99 1.504380979034e+10 1.705042019269e+08 768 7235 3201  8 5 6 6 1.79321726e-04 5.42355103e-04 outputs/V1e24_D3000_G2/solution/solution-00077 
100 1.521676410422e+10 1.729543138845e+08 768 7235 3201  8 5 6 6 1.75827146e-04 5.35257641e-04 outputs/V1e24_D3000_G2/solution/solution-00078 
