# 1: Time step number
# 2: Time (years)
# 3: Time step size (years)
# 4: Number of mesh cells
# 5: Number of Stokes degrees of freedom
# 6: Number of temperature degrees of freedom
# 7: Iterations for temperature solver
# 8: Iterations for Stokes solver
# 9: Velocity iterations in Stokes preconditioner
# 10: Schur complement iterations in Stokes preconditioner
# 11: RMS velocity (m/year)
# 12: Max. velocity (m/year)
# 13: Visualization file name
  0 0.000000000000e+00 0.000000000000e+00 768 7235 3201  0 8 9 9 1.20458708e-08 2.13735772e-08 outputs/V3.3e26_D30_G6/solution/solution-00000 
  1 1.392571516413e+09 1.392571516413e+09 768 7235 3201 32 8 9 9 1.14020093e-08 1.92605817e-08 outputs/V3.3e26_D30_G6/solution/solution-00001 
  2 2.785143032825e+09 1.392571516413e+09 768 7235 3201 25 8 9 9 1.08118815e-08 1.82536293e-08 outputs/V3.3e26_D30_G6/solution/solution-00002 
  3 4.177714549238e+09 1.392571516413e+09 768 7235 3201 24 8 9 9 1.02625805e-08 1.73367775e-08 outputs/V3.3e26_D30_G6/solution/solution-00003 
  4 5.570286065650e+09 1.392571516413e+09 768 7235 3201 23 8 9 9 9.74560243e-09 1.64733125e-08 outputs/V3.3e26_D30_G6/solution/solution-00004 
  5 6.962857582063e+09 1.392571516413e+09 768 7235 3201 23 8 9 9 9.25894801e-09 1.56595330e-08 outputs/V3.3e26_D30_G6/solution/solution-00005 
  6 8.355429098476e+09 1.392571516413e+09 768 7235 3201 22 8 9 9 8.80026349e-09 1.48914276e-08 outputs/V3.3e26_D30_G6/solution/solution-00006 
  7 9.748000614888e+09 1.392571516413e+09 768 7235 3201 21 8 9 9 8.36736037e-09 1.41653402e-08 outputs/V3.3e26_D30_G6/solution/solution-00007 
  8 1.114057213130e+10 1.392571516413e+09 768 7235 3201 21 8 9 9 7.95826858e-09 1.34780734e-08 outputs/V3.3e26_D30_G6/solution/solution-00008 
  9 1.253314364771e+10 1.392571516413e+09 768 7235 3201 21 8 9 9 7.57123468e-09 1.28268429e-08 outputs/V3.3e26_D30_G6/solution/solution-00009 
 10 1.392571516413e+10 1.392571516413e+09 768 7235 3201 20 8 9 9 7.20470048e-09 1.22092062e-08 outputs/V3.3e26_D30_G6/solution/solution-00010 
 11 1.531828668054e+10 1.392571516413e+09 768 7235 3201 20 8 9 9 6.85727683e-09 1.16229990e-08 outputs/V3.3e26_D30_G6/solution/solution-00011 
 12 1.671085819695e+10 1.392571516413e+09 768 7235 3201 20 8 9 9 6.52771895e-09 1.10662840e-08 outputs/V3.3e26_D30_G6/solution/solution-00012 
 13 1.810342971336e+10 1.392571516413e+09 768 7235 3201 20 8 9 9 6.21490517e-09 1.05373115e-08 outputs/V3.3e26_D30_G6/solution/solution-00013 
 14 1.949600122978e+10 1.392571516413e+09 768 7235 3201 20 8 9 9 5.91781911e-09 1.00344886e-08 outputs/V3.3e26_D30_G6/solution/solution-00014 
 15 2.088857274619e+10 1.392571516413e+09 768 7235 3201 20 8 9 9 5.63553485e-09 9.55635582e-09 outputs/V3.3e26_D30_G6/solution/solution-00015 
 16 2.228114426260e+10 1.392571516413e+09 768 7235 3201 19 8 9 9 5.36720468e-09 9.10156794e-09 outputs/V3.3e26_D30_G6/solution/solution-00016 
 17 2.367371577901e+10 1.392571516413e+09 768 7235 3201 19 8 9 9 5.11204891e-09 8.66887904e-09 outputs/V3.3e26_D30_G6/solution/solution-00017 
 18 2.506628729543e+10 1.392571516413e+09 768 7235 3201 19 8 9 9 4.86934740e-09 8.25713041e-09 outputs/V3.3e26_D30_G6/solution/solution-00018 
 19 2.645885881184e+10 1.392571516413e+09 768 7235 3201 19 8 9 9 4.63843251e-09 7.86524054e-09 outputs/V3.3e26_D30_G6/solution/solution-00019 
 20 2.785143032825e+10 1.392571516413e+09 768 7235 3201 19 8 9 9 4.41868310e-09 7.49219693e-09 outputs/V3.3e26_D30_G6/solution/solution-00020 
 21 2.924400184466e+10 1.392571516413e+09 768 7235 3201 19 8 9 9 4.20951958e-09 7.13704921e-09 outputs/V3.3e26_D30_G6/solution/solution-00021 
 22 3.063657336108e+10 1.392571516413e+09 768 7235 3201 19 8 9 9 4.01039964e-09 6.79890335e-09 outputs/V3.3e26_D30_G6/solution/solution-00022 
 23 3.202914487749e+10 1.392571516413e+09 768 7235 3201 19 8 9 9 3.82081461e-09 6.47691671e-09 outputs/V3.3e26_D30_G6/solution/solution-00023 
 24 3.342171639390e+10 1.392571516413e+09 768 7235 3201 19 8 9 9 3.64028643e-09 6.17029385e-09 outputs/V3.3e26_D30_G6/solution/solution-00024 
 25 3.481428791032e+10 1.392571516413e+09 768 7235 3201 19 8 9 9 3.46836491e-09 5.87828282e-09 outputs/V3.3e26_D30_G6/solution/solution-00025 
 26 3.620685942673e+10 1.392571516413e+09 768 7235 3201 18 8 9 9 3.30462547e-09 5.60017196e-09 outputs/V3.3e26_D30_G6/solution/solution-00026 
 27 3.759943094314e+10 1.392571516413e+09 768 7235 3201 18 8 9 9 3.14866707e-09 5.33528709e-09 outputs/V3.3e26_D30_G6/solution/solution-00027 
 28 3.899200245955e+10 1.392571516413e+09 768 7235 3201 18 8 9 9 3.00011048e-09 5.08298898e-09 outputs/V3.3e26_D30_G6/solution/solution-00028 
 29 4.038457397597e+10 1.392571516413e+09 768 7235 3201 18 8 9 9 2.85859669e-09 4.84267113e-09 outputs/V3.3e26_D30_G6/solution/solution-00029 
 30 4.177714549238e+10 1.392571516413e+09 768 7235 3201 18 8 9 9 2.72378553e-09 4.61375772e-09 outputs/V3.3e26_D30_G6/solution/solution-00030 
 31 4.316971700879e+10 1.392571516413e+09 768 7235 3201 18 8 9 9 2.59535442e-09 4.39570181e-09 outputs/V3.3e26_D30_G6/solution/solution-00031 
 32 4.456228852520e+10 1.392571516413e+09 768 7235 3201 18 8 9 9 2.47299724e-09 4.18798364e-09 outputs/V3.3e26_D30_G6/solution/solution-00032 
 33 4.595486004162e+10 1.392571516413e+09 768 7235 3201 18 8 9 9 2.35642336e-09 3.99010913e-09 outputs/V3.3e26_D30_G6/solution/solution-00033 
 34 4.734743155803e+10 1.392571516413e+09 768 7235 3201 18 8 9 9 2.24535665e-09 3.80160842e-09 outputs/V3.3e26_D30_G6/solution/solution-00034 
 35 4.874000307444e+10 1.392571516413e+09 768 7235 3201 18 8 9 9 2.13953470e-09 3.62203462e-09 outputs/V3.3e26_D30_G6/solution/solution-00035 
 36 5.013257459085e+10 1.392571516413e+09 768 7235 3201 18 8 9 9 2.03870801e-09 3.45096256e-09 outputs/V3.3e26_D30_G6/solution/solution-00036 
 37 5.152514610727e+10 1.392571516413e+09 768 7235 3201 18 8 9 9 1.94263929e-09 3.28798765e-09 outputs/V3.3e26_D30_G6/solution/solution-00037 
 38 5.291771762368e+10 1.392571516413e+09 768 7235 3201 18 8 9 9 1.85110280e-09 3.13272488e-09 outputs/V3.3e26_D30_G6/solution/solution-00038 
 39 5.431028914009e+10 1.392571516413e+09 768 7235 3201 18 8 9 9 1.76388375e-09 2.98480773e-09 outputs/V3.3e26_D30_G6/solution/solution-00039 
 40 5.570286065650e+10 1.392571516413e+09 768 7235 3201 18 8 9 9 1.68077769e-09 2.84388734e-09 outputs/V3.3e26_D30_G6/solution/solution-00040 
 41 5.709543217292e+10 1.392571516413e+09 768 7235 3201 18 8 9 9 1.60159002e-09 2.70963157e-09 outputs/V3.3e26_D30_G6/solution/solution-00041 
 42 5.848800368933e+10 1.392571516413e+09 768 7235 3201 18 8 9 9 1.52613545e-09 2.58172417e-09 outputs/V3.3e26_D30_G6/solution/solution-00042 
 43 5.988057520574e+10 1.392571516413e+09 768 7235 3201 18 8 9 9 1.45423757e-09 2.45986403e-09 outputs/V3.3e26_D30_G6/solution/solution-00043 
 44 6.127314672215e+10 1.392571516413e+09 768 7235 3201 18 8 9 9 1.38572837e-09 2.34376441e-09 outputs/V3.3e26_D30_G6/solution/solution-00044 
 45 6.266571823857e+10 1.392571516413e+09 768 7235 3201 17 8 9 9 1.32044787e-09 2.23315228e-09 outputs/V3.3e26_D30_G6/solution/solution-00045 
 46 6.405828975498e+10 1.392571516413e+09 768 7235 3201 17 8 9 9 1.25824366e-09 2.12776760e-09 outputs/V3.3e26_D30_G6/solution/solution-00046 
 47 6.545086127139e+10 1.392571516413e+09 768 7235 3201 17 8 9 9 1.19897059e-09 2.02736270e-09 outputs/V3.3e26_D30_G6/solution/solution-00047 
 48 6.684343278781e+10 1.392571516413e+09 768 7235 3201 17 8 9 9 1.14249039e-09 1.93170175e-09 outputs/V3.3e26_D30_G6/solution/solution-00048 
 49 6.823600430422e+10 1.392571516413e+09 768 7235 3201 17 8 9 9 1.08867134e-09 1.84056009e-09 outputs/V3.3e26_D30_G6/solution/solution-00049 
 50 6.962857582063e+10 1.392571516413e+09 768 7235 3201 17 8 9 9 1.03738796e-09 1.75372377e-09 outputs/V3.3e26_D30_G6/solution/solution-00050 
 51 7.102114733704e+10 1.392571516413e+09 768 7235 3201 17 8 9 9 9.88520697e-10 1.67098900e-09 outputs/V3.3e26_D30_G6/solution/solution-00051 
 52 7.241371885346e+10 1.392571516413e+09 768 7235 3201 17 8 9 9 9.41955654e-10 1.59216168e-09 outputs/V3.3e26_D30_G6/solution/solution-00052 
 53 7.380629036987e+10 1.392571516413e+09 768 7235 3201 17 8 9 9 8.97584318e-10 1.51705691e-09 outputs/V3.3e26_D30_G6/solution/solution-00053 
 54 7.519886188628e+10 1.392571516413e+09 768 7235 3201 17 8 9 9 8.55303299e-10 1.44549859e-09 outputs/V3.3e26_D30_G6/solution/solution-00054 
 55 7.659143340269e+10 1.392571516413e+09 768 7235 3201 17 8 9 9 8.15014088e-10 1.37731897e-09 outputs/V3.3e26_D30_G6/solution/solution-00055 
 56 7.798400491911e+10 1.392571516413e+09 768 7235 3201 17 8 9 9 7.76622826e-10 1.31235823e-09 outputs/V3.3e26_D30_G6/solution/solution-00056 
 57 7.937657643552e+10 1.392571516413e+09 768 7235 3201 17 8 9 9 7.40040082e-10 1.25046418e-09 outputs/V3.3e26_D30_G6/solution/solution-00057 
 58 8.076914795193e+10 1.392571516413e+09 768 7235 3201 17 8 9 9 7.05180642e-10 1.19149180e-09 outputs/V3.3e26_D30_G6/solution/solution-00058 
 59 8.216171946834e+10 1.392571516413e+09 768 7235 3201 17 8 9 9 6.71963312e-10 1.13530298e-09 outputs/V3.3e26_D30_G6/solution/solution-00059 
 60 8.355429098476e+10 1.392571516413e+09 768 7235 3201 17 8 9 9 6.40310726e-10 1.08176614e-09 outputs/V3.3e26_D30_G6/solution/solution-00060 
 61 8.494686250117e+10 1.392571516413e+09 768 7235 3201 17 8 9 9 6.10149165e-10 1.03075593e-09 outputs/V3.3e26_D30_G6/solution/solution-00061 
 62 8.633943401758e+10 1.392571516413e+09 768 7235 3201 17 8 9 9 5.81408385e-10 9.82152954e-10 outputs/V3.3e26_D30_G6/solution/solution-00062 
 63 8.773200553399e+10 1.392571516413e+09 768 7235 3201 17 8 9 9 5.54021454e-10 9.35843453e-10 outputs/V3.3e26_D30_G6/solution/solution-00063 
 64 8.912457705041e+10 1.392571516413e+09 768 7235 3201 17 8 9 9 5.27924592e-10 8.91719069e-10 outputs/V3.3e26_D30_G6/solution/solution-00064 
 65 9.051714856682e+10 1.392571516413e+09 768 7235 3201 17 8 9 9 5.03057027e-10 8.49676570e-10 outputs/V3.3e26_D30_G6/solution/solution-00065 
 66 9.190972008323e+10 1.392571516413e+09 768 7235 3201 17 8 9 9 4.79360849e-10 8.09617611e-10 outputs/V3.3e26_D30_G6/solution/solution-00066 
 67 9.330229159964e+10 1.392571516413e+09 768 7235 3201 17 8 9 9 4.56780877e-10 7.71448502e-10 outputs/V3.3e26_D30_G6/solution/solution-00067 
 68 9.469486311606e+10 1.392571516413e+09 768 7235 3201 17 8 9 9 4.35264531e-10 7.35079988e-10 outputs/V3.3e26_D30_G6/solution/solution-00068 
 69 9.608743463247e+10 1.392571516413e+09 768 7235 3201 17 8 9 9 4.14761708e-10 7.00427036e-10 outputs/V3.3e26_D30_G6/solution/solution-00069 
 70 9.748000614888e+10 1.392571516413e+09 768 7235 3201 17 8 9 9 3.95224663e-10 6.67408636e-10 outputs/V3.3e26_D30_G6/solution/solution-00070 
 71 9.887257766530e+10 1.392571516413e+09 768 7235 3201 16 8 9 9 3.76607907e-10 6.35947616e-10 outputs/V3.3e26_D30_G6/solution/solution-00071 
 72 1.002651491817e+11 1.392571516413e+09 768 7235 3201 16 8 9 9 3.58868086e-10 6.05970444e-10 outputs/V3.3e26_D30_G6/solution/solution-00072 
 73 1.016577206981e+11 1.392571516413e+09 768 7235 3201 16 8 9 9 3.41963892e-10 5.77407069e-10 outputs/V3.3e26_D30_G6/solution/solution-00073 
 74 1.030502922145e+11 1.392571516413e+09 768 7235 3201 16 8 9 9 3.25855961e-10 5.50190751e-10 outputs/V3.3e26_D30_G6/solution/solution-00074 
 75 1.044428637309e+11 1.392571516413e+09 768 7235 3201 16 8 9 9 3.10506787e-10 5.24257909e-10 outputs/V3.3e26_D30_G6/solution/solution-00075 
 76 1.058354352474e+11 1.392571516413e+09 768 7235 3201 16 8 9 9 2.95880627e-10 4.99547963e-10 outputs/V3.3e26_D30_G6/solution/solution-00076 
 77 1.072280067638e+11 1.392571516413e+09 768 7235 3201 16 8 9 9 2.81943424e-10 4.76003201e-10 outputs/V3.3e26_D30_G6/solution/solution-00077 
 78 1.086205782802e+11 1.392571516413e+09 768 7235 3201 16 8 9 9 2.68662726e-10 4.53568637e-10 outputs/V3.3e26_D30_G6/solution/solution-00078 
 79 1.100131497966e+11 1.392571516413e+09 768 7235 3201 16 8 9 9 2.56007607e-10 4.32191880e-10 outputs/V3.3e26_D30_G6/solution/solution-00079 
 80 1.114057213130e+11 1.392571516413e+09 768 7235 3201 16 8 9 9 2.43948599e-10 4.11823020e-10 outputs/V3.3e26_D30_G6/solution/solution-00080 
 81 1.127982928294e+11 1.392571516413e+09 768 7235 3201 16 8 9 9 2.32457624e-10 3.92414501e-10 outputs/V3.3e26_D30_G6/solution/solution-00081 
 82 1.141908643458e+11 1.392571516413e+09 768 7235 3201 16 8 9 9 2.21507924e-10 3.73921015e-10 outputs/V3.3e26_D30_G6/solution/solution-00082 
 83 1.155834358622e+11 1.392571516413e+09 768 7235 3201 16 8 9 9 2.11074004e-10 3.56299394e-10 outputs/V3.3e26_D30_G6/solution/solution-00083 
 84 1.169760073787e+11 1.392571516413e+09 768 7235 3201 16 8 9 9 2.01131566e-10 3.39508508e-10 outputs/V3.3e26_D30_G6/solution/solution-00084 
 85 1.183685788951e+11 1.392571516413e+09 768 7235 3201 16 8 9 9 1.91657460e-10 3.23509170e-10 outputs/V3.3e26_D30_G6/solution/solution-00085 
 86 1.197611504115e+11 1.392571516413e+09 768 7235 3201 16 8 9 9 1.82629626e-10 3.08264044e-10 outputs/V3.3e26_D30_G6/solution/solution-00086 
 87 1.211537219279e+11 1.392571516413e+09 768 7235 3201 16 8 9 9 1.74027042e-10 2.93737556e-10 outputs/V3.3e26_D30_G6/solution/solution-00087 
 88 1.225462934443e+11 1.392571516413e+09 768 7235 3201 16 8 9 9 1.65829677e-10 2.79895812e-10 outputs/V3.3e26_D30_G6/solution/solution-00088 
 89 1.239388649607e+11 1.392571516413e+09 768 7235 3201 16 8 9 9 1.58018443e-10 2.66706517e-10 outputs/V3.3e26_D30_G6/solution/solution-00089 
 90 1.253314364771e+11 1.392571516413e+09 768 7235 3201 16 8 9 9 1.50575152e-10 2.54138903e-10 outputs/V3.3e26_D30_G6/solution/solution-00090 
 91 1.267240079935e+11 1.392571516413e+09 768 7235 3201 16 8 9 9 1.43482472e-10 2.42163653e-10 outputs/V3.3e26_D30_G6/solution/solution-00091 
 92 1.281165795100e+11 1.392571516413e+09 768 7235 3201 16 8 9 9 1.36723888e-10 2.30752831e-10 outputs/V3.3e26_D30_G6/solution/solution-00092 
 93 1.295091510264e+11 1.392571516413e+09 768 7235 3201 16 8 9 9 1.30283662e-10 2.19879823e-10 outputs/V3.3e26_D30_G6/solution/solution-00093 
 94 1.309017225428e+11 1.392571516413e+09 768 7235 3201 16 8 9 9 1.24146799e-10 2.09519271e-10 outputs/V3.3e26_D30_G6/solution/solution-00094 
 95 1.322942940592e+11 1.392571516413e+09 768 7235 3201 16 8 9 9 1.18299008e-10 1.99647010e-10 outputs/V3.3e26_D30_G6/solution/solution-00095 
 96 1.336868655756e+11 1.392571516413e+09 768 7235 3201 15 8 9 9 1.12726675e-10 1.90240027e-10 outputs/V3.3e26_D30_G6/solution/solution-00096 
 97 1.350794370920e+11 1.392571516413e+09 768 7235 3201 15 8 9 9 1.07416824e-10 1.81276378e-10 outputs/V3.3e26_D30_G6/solution/solution-00097 
 98 1.364720086084e+11 1.392571516413e+09 768 7235 3201 15 8 9 9 1.02357089e-10 1.72735162e-10 outputs/V3.3e26_D30_G6/solution/solution-00098 
 99 1.378645801248e+11 1.392571516413e+09 768 7235 3201 15 8 9 9 9.75356898e-11 1.64596462e-10 outputs/V3.3e26_D30_G6/solution/solution-00099 
100 1.392571516413e+11 1.392571516413e+09 768 7235 3201 15 8 9 9 9.29413980e-11 1.56841303e-10 outputs/V3.3e26_D30_G6/solution/solution-00100 
