# 1: Time step number
# 2: Time (years)
# 3: Time step size (years)
# 4: Number of mesh cells
# 5: Number of Stokes degrees of freedom
# 6: Number of temperature degrees of freedom
# 7: Iterations for temperature solver
# 8: Iterations for Stokes solver
# 9: Velocity iterations in Stokes preconditioner
# 10: Schur complement iterations in Stokes preconditioner
# 11: RMS velocity (m/year)
# 12: Max. velocity (m/year)
# 13: Visualization file name
  0 0.000000000000e+00 0.000000000000e+00 768 7235 3201  0 8 9 9 8.01485275e-07 1.37726669e-06 outputs/V3.3e24_D300_G4/solution/solution-00000 
  1 1.392571516413e+09 1.392571516413e+09 768 7235 3201 31 8 9 9 8.78097147e-07 1.50249860e-06 outputs/V3.3e24_D300_G4/solution/solution-00001 
  2 2.785143032825e+09 1.392571516413e+09 768 7235 3201 25 8 9 9 9.90540128e-07 1.72705351e-06 outputs/V3.3e24_D300_G4/solution/solution-00002 
  3 4.177714549238e+09 1.392571516413e+09 768 7235 3201 24 8 9 9 1.15121115e-06 2.04535490e-06 outputs/V3.3e24_D300_G4/solution/solution-00003 
  4 5.570286065650e+09 1.392571516413e+09 768 7235 3201 23 8 9 9 1.37513953e-06 2.48268169e-06 outputs/V3.3e24_D300_G4/solution/solution-00004 
  5 6.962857582063e+09 1.392571516413e+09 768 7235 3201 22 8 9 9 1.68239471e-06 3.07367910e-06 outputs/V3.3e24_D300_G4/solution/solution-00005 
  6 8.355429098476e+09 1.392571516413e+09 768 7235 3201 22 8 9 9 2.10033044e-06 3.86690908e-06 outputs/V3.3e24_D300_G4/solution/solution-00006 
  7 9.748000614888e+09 1.392571516413e+09 768 7235 3201 21 8 9 9 2.66657150e-06 4.92991226e-06 outputs/V3.3e24_D300_G4/solution/solution-00007 
  8 1.114057213130e+10 1.392571516413e+09 768 7235 3201 21 8 9 9 3.43294064e-06 6.35594193e-06 outputs/V3.3e24_D300_G4/solution/solution-00008 
  9 1.253314364771e+10 1.392571516413e+09 768 7235 3201 20 8 9 9 4.47079502e-06 8.27325708e-06 outputs/V3.3e24_D300_G4/solution/solution-00009 
 10 1.392571516413e+10 1.392571516413e+09 768 7235 3201 20 8 9 9 5.87835405e-06 1.08579727e-05 outputs/V3.3e24_D300_G4/solution/solution-00010 
 11 1.531828668054e+10 1.392571516413e+09 768 7235 3201 20 8 9 9 7.79079004e-06 1.43517632e-05 outputs/V3.3e24_D300_G4/solution/solution-00011 
 12 1.671085819695e+10 1.392571516413e+09 768 7235 3201 20 8 9 9 1.03941133e-05 1.90863271e-05 outputs/V3.3e24_D300_G4/solution/solution-00012 
 13 1.810342971336e+10 1.392571516413e+09 768 7235 3201 20 7 8 8 1.39442160e-05 2.55210248e-05 outputs/V3.3e24_D300_G4/solution/solution-00013 
 14 1.949600122978e+10 1.392571516413e+09 768 7235 3201 20 7 8 8 1.87928112e-05 3.42780607e-05 outputs/V3.3e24_D300_G4/solution/solution-00014 
 15 2.088857274619e+10 1.392571516413e+09 768 7235 3201 20 7 8 8 2.54222730e-05 4.62097917e-05 outputs/V3.3e24_D300_G4/solution/solution-00015 
 16 2.228114426260e+10 1.392571516413e+09 768 7235 3201 21 7 8 8 3.44911041e-05 6.24716386e-05 outputs/V3.3e24_D300_G4/solution/solution-00016 
 17 2.367371577901e+10 1.392571516413e+09 768 7235 3201 22 7 8 8 4.68896189e-05 8.46218448e-05 outputs/V3.3e24_D300_G4/solution/solution-00017 
 18 2.478119757953e+10 1.107481800511e+09 768 7235 3201 20 7 8 8 6.00594644e-05 1.08132614e-04 outputs/V3.3e24_D300_G4/solution/solution-00018 
 19 2.564828787696e+10 8.670902974348e+08 768 7235 3201 18 6 7 7 7.30952772e-05 1.31333221e-04 outputs/V3.3e24_D300_G4/solution/solution-00019 
 20 2.636247580491e+10 7.141879279486e+08 768 7235 3201 16 6 7 7 8.60371972e-05 1.54290092e-04 outputs/V3.3e24_D300_G4/solution/solution-00020 
 21 2.697009745231e+10 6.076216474049e+08 768 7235 3201 15 6 7 7 9.88637164e-05 1.77031888e-04 outputs/V3.3e24_D300_G4/solution/solution-00021 
 22 2.749966306332e+10 5.295656110080e+08 768 7235 3201 14 6 7 7 1.11560226e-04 1.99454139e-04 outputs/V3.3e24_D300_G4/solution/solution-00022 
 23 2.796969592644e+10 4.700328631200e+08 768 7235 3201 13 6 7 7 1.24111924e-04 2.21567274e-04 outputs/V3.3e24_D300_G4/solution/solution-00023 
 24 2.839290946359e+10 4.232135371472e+08 768 7235 3201 12 6 7 7 1.36504143e-04 2.43359073e-04 outputs/V3.3e24_D300_G4/solution/solution-00024 
 25 2.877832312791e+10 3.854136643189e+08 768 7235 3201 12 6 7 7 1.48719172e-04 2.64735376e-04 outputs/V3.3e24_D300_G4/solution/solution-00025 
 26 2.913248815063e+10 3.541650227190e+08 768 7235 3201 11 6 7 7 1.60734240e-04 2.85649339e-04 outputs/V3.3e24_D300_G4/solution/solution-00026 
 27 2.946060915334e+10 3.281210027171e+08 768 7235 3201 11 6 7 7 1.72534089e-04 3.06137744e-04 outputs/V3.3e24_D300_G4/solution/solution-00027 
 28 2.976673759109e+10 3.061284377463e+08 768 7235 3201 11 6 7 7 1.84102810e-04 3.26243223e-04 outputs/V3.3e24_D300_G4/solution/solution-00028 
 29 3.005409082347e+10 2.873532323774e+08 768 7235 3201 10 6 7 7 1.95424001e-04 3.45807877e-04 outputs/V3.3e24_D300_G4/solution/solution-00029 
 30 3.032526803177e+10 2.711772083070e+08 768 7235 3201 10 6 7 7 2.06480932e-04 3.64800111e-04 outputs/V3.3e24_D300_G4/solution/solution-00030 
 31 3.058240056089e+10 2.571325291106e+08 768 7235 3201 10 6 7 7 2.17256733e-04 3.83189745e-04 outputs/V3.3e24_D300_G4/solution/solution-00031 
 32 3.082711706365e+10 2.447165027681e+08 768 7235 3201 10 6 7 7 2.27728472e-04 4.00967621e-04 outputs/V3.3e24_D300_G4/solution/solution-00032 
 33 3.106092646672e+10 2.338094030668e+08 768 7235 3201 10 6 7 7 2.37880260e-04 4.18175479e-04 outputs/V3.3e24_D300_G4/solution/solution-00033 
 34 3.128511464777e+10 2.241881810488e+08 768 7235 3201 10 6 7 7 2.47696926e-04 4.34695598e-04 outputs/V3.3e24_D300_G4/solution/solution-00034 
 35 3.150078280839e+10 2.156681606191e+08 768 7235 3201 10 6 7 7 2.57163909e-04 4.50505886e-04 outputs/V3.3e24_D300_G4/solution/solution-00035 
 36 3.170888219813e+10 2.080993897466e+08 768 7235 3201 10 6 7 7 2.66267430e-04 4.65586646e-04 outputs/V3.3e24_D300_G4/solution/solution-00036 
 37 3.191024106636e+10 2.013588682225e+08 768 7235 3201  9 6 7 7 2.74994645e-04 4.79920691e-04 outputs/V3.3e24_D300_G4/solution/solution-00037 
 38 3.210558584269e+10 1.953447763312e+08 768 7235 3201  9 6 7 7 2.83333784e-04 4.93575462e-04 outputs/V3.3e24_D300_G4/solution/solution-00038 
 39 3.229555797004e+10 1.899721273536e+08 768 7235 3201  9 6 7 7 2.91274281e-04 5.06477254e-04 outputs/V3.3e24_D300_G4/solution/solution-00039 
 40 3.248072742003e+10 1.851694499924e+08 768 7235 3201  9 6 7 7 2.98806874e-04 5.18592717e-04 outputs/V3.3e24_D300_G4/solution/solution-00040 
 41 3.266160364680e+10 1.808762267618e+08 768 7235 3201  9 5 6 6 3.05923694e-04 5.29914528e-04 outputs/V3.3e24_D300_G4/solution/solution-00041 
 42 3.283861158335e+10 1.770079365528e+08 768 7235 3201  9 5 6 6 3.12617119e-04 5.40436299e-04 outputs/V3.3e24_D300_G4/solution/solution-00042 
 43 3.301215151200e+10 1.735399286521e+08 768 7235 3201  9 5 6 6 3.18881960e-04 5.50155983e-04 outputs/V3.3e24_D300_G4/solution/solution-00043 
 44 3.318260610591e+10 1.704545939123e+08 768 7235 3201  9 5 6 6 3.24715383e-04 5.59075574e-04 outputs/V3.3e24_D300_G4/solution/solution-00044 
 45 3.335032415233e+10 1.677180464138e+08 768 7235 3201  9 5 6 6 3.30116048e-04 5.67199649e-04 outputs/V3.3e24_D300_G4/solution/solution-00045 
 46 3.351562501613e+10 1.653008637992e+08 768 7235 3201  9 5 6 6 3.35084099e-04 5.74535277e-04 outputs/V3.3e24_D300_G4/solution/solution-00046 
 47 3.367880240977e+10 1.631773936472e+08 768 7235 3201  9 5 6 6 3.39621138e-04 5.81091909e-04 outputs/V3.3e24_D300_G4/solution/solution-00047 
 48 3.384012759486e+10 1.613251850917e+08 768 7235 3201  9 5 6 6 3.43730178e-04 5.87721021e-04 outputs/V3.3e24_D300_G4/solution/solution-00048 
 49 3.399970171083e+10 1.595741159604e+08 768 7235 3201  9 5 6 6 3.47412303e-04 5.94788470e-04 outputs/V3.3e24_D300_G4/solution/solution-00049 
 50 3.415740388645e+10 1.577021756287e+08 768 7235 3201  9 5 6 6 3.50667379e-04 6.01012255e-04 outputs/V3.3e24_D300_G4/solution/solution-00050 
 51 3.431345855642e+10 1.560546699653e+08 768 7235 3201  9 5 6 6 3.53506103e-04 6.06398400e-04 outputs/V3.3e24_D300_G4/solution/solution-00051 
 52 3.446810299942e+10 1.546444429961e+08 768 7235 3201  9 5 6 6 3.55940594e-04 6.10957003e-04 outputs/V3.3e24_D300_G4/solution/solution-00052 
 53 3.462156787912e+10 1.534648797016e+08 768 7235 3201  9 5 6 6 3.57983651e-04 6.14700971e-04 outputs/V3.3e24_D300_G4/solution/solution-00053 
 54 3.477407098276e+10 1.525031036416e+08 768 7235 3201  9 5 6 6 3.59648459e-04 6.17645605e-04 outputs/V3.3e24_D300_G4/solution/solution-00054 
 55 3.492581879922e+10 1.517478164626e+08 768 7235 3201  9 5 6 6 3.60948480e-04 6.19829389e-04 outputs/V3.3e24_D300_G4/solution/solution-00055 
 56 3.507700788856e+10 1.511890893346e+08 768 7235 3201  9 5 6 6 3.61897363e-04 6.21483192e-04 outputs/V3.3e24_D300_G4/solution/solution-00056 
 57 3.522782607242e+10 1.508181838669e+08 768 7235 3201  9 5 6 6 3.62508848e-04 6.22402925e-04 outputs/V3.3e24_D300_G4/solution/solution-00057 
 58 3.537845346984e+10 1.506273974159e+08 768 7235 3201  9 5 6 6 3.62796701e-04 6.22609640e-04 outputs/V3.3e24_D300_G4/solution/solution-00058 
 59 3.552906339852e+10 1.506099286835e+08 768 7235 3201  9 5 6 6 3.62774641e-04 6.22126239e-04 outputs/V3.3e24_D300_G4/solution/solution-00059 
 60 3.567982315877e+10 1.507597602527e+08 768 7235 3201  9 5 6 6 3.62456288e-04 6.20977364e-04 outputs/V3.3e24_D300_G4/solution/solution-00060 
 61 3.583083796650e+10 1.510148077260e+08 768 7235 3201  9 5 6 6 3.61855396e-04 6.19190493e-04 outputs/V3.3e24_D300_G4/solution/solution-00061 
 62 3.598224532999e+10 1.514073634861e+08 768 7235 3201  9 5 6 6 3.60985682e-04 6.16968251e-04 outputs/V3.3e24_D300_G4/solution/solution-00062 
 63 3.613419804364e+10 1.519527136570e+08 768 7235 3201  9 5 6 6 3.59860589e-04 6.14161615e-04 outputs/V3.3e24_D300_G4/solution/solution-00063 
 64 3.628684516073e+10 1.526471170874e+08 768 7235 3201  9 5 6 6 3.58493286e-04 6.10800056e-04 outputs/V3.3e24_D300_G4/solution/solution-00064 
 65 3.644033237664e+10 1.534872159113e+08 768 7235 3201  9 5 6 6 3.56896653e-04 6.06927904e-04 outputs/V3.3e24_D300_G4/solution/solution-00065 
 66 3.659480235194e+10 1.544699753012e+08 768 7235 3201  9 5 6 6 3.55083277e-04 6.02716198e-04 outputs/V3.3e24_D300_G4/solution/solution-00066 
 67 3.675039497984e+10 1.555926278983e+08 768 7235 3201  9 5 6 6 3.53065453e-04 5.98034505e-04 outputs/V3.3e24_D300_G4/solution/solution-00067 
 68 3.690720426941e+10 1.568092895710e+08 768 7235 3201  9 5 6 6 3.50855821e-04 5.92915818e-04 outputs/V3.3e24_D300_G4/solution/solution-00068 
 69 3.706533186664e+10 1.581275972274e+08 768 7235 3201  9 5 6 6 3.48466755e-04 5.87393649e-04 outputs/V3.3e24_D300_G4/solution/solution-00069 
 70 3.722491192092e+10 1.595800542770e+08 768 7235 3201  9 5 6 6 3.45909889e-04 5.81543397e-04 outputs/V3.3e24_D300_G4/solution/solution-00070 
 71 3.738607651118e+10 1.611645902593e+08 768 7235 3201  9 5 6 6 3.43196566e-04 5.75540827e-04 outputs/V3.3e24_D300_G4/solution/solution-00071 
 72 3.754895569666e+10 1.628791854820e+08 768 7235 3201  9 5 6 6 3.40337863e-04 5.69213229e-04 outputs/V3.3e24_D300_G4/solution/solution-00072 
 73 3.771367752450e+10 1.647218278459e+08 768 7235 3201  9 5 6 6 3.37344619e-04 5.62592464e-04 outputs/V3.3e24_D300_G4/solution/solution-00073 
 74 3.788036799389e+10 1.666904693879e+08 768 7235 3201  9 5 6 6 3.34227462e-04 5.55710277e-04 outputs/V3.3e24_D300_G4/solution/solution-00074 
 75 3.804910177968e+10 1.687337857869e+08 768 7235 3201  9 5 6 6 3.30997789e-04 5.48616098e-04 outputs/V3.3e24_D300_G4/solution/solution-00075 
 76 3.821998630215e+10 1.708845224691e+08 768 7235 3201  9 5 6 6 3.27666226e-04 5.41413931e-04 outputs/V3.3e24_D300_G4/solution/solution-00076 
 77 3.839314401874e+10 1.731577165863e+08 768 7235 3201  9 5 6 6 3.24242920e-04 5.34033054e-04 outputs/V3.3e24_D300_G4/solution/solution-00077 
 78 3.856869495016e+10 1.755509314233e+08 768 7235 3201  9 5 6 6 3.20737898e-04 5.26503545e-04 outputs/V3.3e24_D300_G4/solution/solution-00078 
 79 3.874675642944e+10 1.780614792786e+08 768 7235 3201  9 5 6 6 3.17161094e-04 5.18854856e-04 outputs/V3.3e24_D300_G4/solution/solution-00079 
 80 3.892744279838e+10 1.806863689473e+08 768 7235 3201  9 5 6 6 3.13522380e-04 5.11162330e-04 outputs/V3.3e24_D300_G4/solution/solution-00080 
 81 3.911086504930e+10 1.834222509174e+08 768 7235 3201  9 5 6 6 3.09831591e-04 5.03418861e-04 outputs/V3.3e24_D300_G4/solution/solution-00081 
 82 3.929713040984e+10 1.862653605415e+08 768 7235 3201  9 5 6 6 3.06098547e-04 4.95628193e-04 outputs/V3.3e24_D300_G4/solution/solution-00082 
 83 3.948633268192e+10 1.892022720755e+08 768 7235 3201  9 5 6 6 3.02333257e-04 4.87817594e-04 outputs/V3.3e24_D300_G4/solution/solution-00083 
 84 3.967854923166e+10 1.922165497422e+08 768 7235 3201  9 5 6 6 2.98545964e-04 4.80013929e-04 outputs/V3.3e24_D300_G4/solution/solution-00084 
 85 3.987387857665e+10 1.953293449938e+08 768 7235 3201  9 5 6 6 2.94746399e-04 4.73371205e-04 outputs/V3.3e24_D300_G4/solution/solution-00085 
 86 4.007195525070e+10 1.980766740466e+08 768 7235 3201  9 5 6 6 2.90953003e-04 4.67029912e-04 outputs/V3.3e24_D300_G4/solution/solution-00086 
 87 4.027271292785e+10 2.007576771527e+08 768 7235 3201  9 5 6 6 2.87177868e-04 4.60761050e-04 outputs/V3.3e24_D300_G4/solution/solution-00087 
 88 4.047619236057e+10 2.034794327141e+08 768 7235 3201  9 5 6 6 2.83430661e-04 4.54576604e-04 outputs/V3.3e24_D300_G4/solution/solution-00088 
 89 4.068242929874e+10 2.062369381739e+08 768 7235 3201  9 5 6 6 2.79720789e-04 4.48487913e-04 outputs/V3.3e24_D300_G4/solution/solution-00089 
 90 4.089145419202e+10 2.090248932808e+08 768 7235 3201  9 5 6 6 2.76057382e-04 4.42505690e-04 outputs/V3.3e24_D300_G4/solution/solution-00090 
 91 4.110329188071e+10 2.118376886908e+08 768 7235 3201  9 5 6 6 2.72449272e-04 4.36640057e-04 outputs/V3.3e24_D300_G4/solution/solution-00091 
 92 4.131796127745e+10 2.146693967373e+08 768 7235 3201  9 5 6 6 2.68904966e-04 4.30913861e-04 outputs/V3.3e24_D300_G4/solution/solution-00092 
 93 4.153547504288e+10 2.175137654267e+08 768 7235 3201  9 5 6 6 2.65432630e-04 4.25372937e-04 outputs/V3.3e24_D300_G4/solution/solution-00093 
 94 4.175583925934e+10 2.203642164644e+08 768 7235 3201  9 5 6 6 2.62040056e-04 4.19975955e-04 outputs/V3.3e24_D300_G4/solution/solution-00094 
 95 4.197905310736e+10 2.232138480165e+08 768 7235 3201  9 5 6 6 2.58734645e-04 4.14730418e-04 outputs/V3.3e24_D300_G4/solution/solution-00095 
 96 4.220510855022e+10 2.260554428620e+08 768 7235 3201  9 5 6 6 2.55523381e-04 4.09643344e-04 outputs/V3.3e24_D300_G4/solution/solution-00096 
 97 4.243399003275e+10 2.288814825313e+08 768 7235 3201  9 5 6 6 2.52412807e-04 4.04721278e-04 outputs/V3.3e24_D300_G4/solution/solution-00097 
 98 4.266567420070e+10 2.316841679510e+08 768 7235 3201  9 5 6 6 2.49409008e-04 3.99970307e-04 outputs/V3.3e24_D300_G4/solution/solution-00098 
 99 4.290012942890e+10 2.344552282002e+08 768 7235 3201  9 5 6 6 2.46517595e-04 3.95396070e-04 outputs/V3.3e24_D300_G4/solution/solution-00099 
100 4.313727200147e+10 2.371425725622e+08 768 7235 3201  9 5 6 6 2.43744185e-04 3.91004552e-04 outputs/V3.3e24_D300_G4/solution/solution-00100 
