# 1: Time step number
# 2: Time (years)
# 3: Time step size (years)
# 4: Number of mesh cells
# 5: Number of Stokes degrees of freedom
# 6: Number of temperature degrees of freedom
# 7: Iterations for temperature solver
# 8: Iterations for Stokes solver
# 9: Velocity iterations in Stokes preconditioner
# 10: Schur complement iterations in Stokes preconditioner
# 11: RMS velocity (m/year)
# 12: Max. velocity (m/year)
# 13: Visualization file name
  0 0.000000000000e+00 0.000000000000e+00 768 7235 3201  0 8 9 9 1.60520356e-08 2.82252090e-08 outputs/V3.3e26_D100_G8/solution/solution-00000 
  1 1.392571516413e+09 1.392571516413e+09 768 7235 3201 32 8 9 9 1.52127785e-08 2.56651869e-08 outputs/V3.3e26_D100_G8/solution/solution-00001 
  2 2.785143032825e+09 1.392571516413e+09 768 7235 3201 25 8 9 9 1.44402449e-08 2.43845217e-08 outputs/V3.3e26_D100_G8/solution/solution-00002 
  3 4.177714549238e+09 1.392571516413e+09 768 7235 3201 24 8 9 9 1.37210063e-08 2.31868417e-08 outputs/V3.3e26_D100_G8/solution/solution-00003 
  4 5.570286065650e+09 1.392571516413e+09 768 7235 3201 23 8 9 9 1.30451251e-08 2.20607669e-08 outputs/V3.3e26_D100_G8/solution/solution-00004 
  5 6.962857582063e+09 1.392571516413e+09 768 7235 3201 23 8 9 9 1.24096863e-08 2.10006725e-08 outputs/V3.3e26_D100_G8/solution/solution-00005 
  6 8.355429098476e+09 1.392571516413e+09 768 7235 3201 22 8 9 9 1.18113166e-08 2.00006813e-08 outputs/V3.3e26_D100_G8/solution/solution-00006 
  7 9.748000614888e+09 1.392571516413e+09 768 7235 3201 21 8 9 9 1.12468949e-08 1.90555533e-08 outputs/V3.3e26_D100_G8/solution/solution-00007 
  8 1.114057213130e+10 1.392571516413e+09 768 7235 3201 21 8 9 9 1.07136389e-08 1.81607891e-08 outputs/V3.3e26_D100_G8/solution/solution-00008 
  9 1.253314364771e+10 1.392571516413e+09 768 7235 3201 21 8 9 9 1.02090990e-08 1.73125349e-08 outputs/V3.3e26_D100_G8/solution/solution-00009 
 10 1.392571516413e+10 1.392571516413e+09 768 7235 3201 20 8 9 9 9.73112230e-09 1.65074606e-08 outputs/V3.3e26_D100_G8/solution/solution-00010 
 11 1.531828668054e+10 1.392571516413e+09 768 7235 3201 20 8 9 9 9.27781035e-09 1.57426556e-08 outputs/V3.3e26_D100_G8/solution/solution-00011 
 12 1.671085819695e+10 1.392571516413e+09 768 7235 3201 20 8 9 9 8.84748015e-09 1.50155464e-08 outputs/V3.3e26_D100_G8/solution/solution-00012 
 13 1.810342971336e+10 1.392571516413e+09 768 7235 3201 20 8 9 9 8.43863060e-09 1.43238340e-08 outputs/V3.3e26_D100_G8/solution/solution-00013 
 14 1.949600122978e+10 1.392571516413e+09 768 7235 3201 20 8 9 9 8.04991457e-09 1.36654459e-08 outputs/V3.3e26_D100_G8/solution/solution-00014 
 15 2.088857274619e+10 1.392571516413e+09 768 7235 3201 20 8 9 9 7.68011584e-09 1.30384988e-08 outputs/V3.3e26_D100_G8/solution/solution-00015 
 16 2.228114426260e+10 1.392571516413e+09 768 7235 3201 19 8 9 9 7.32813003e-09 1.24412692e-08 outputs/V3.3e26_D100_G8/solution/solution-00016 
 17 2.367371577901e+10 1.392571516413e+09 768 7235 3201 19 8 9 9 6.99294897e-09 1.18721712e-08 outputs/V3.3e26_D100_G8/solution/solution-00017 
 18 2.506628729543e+10 1.392571516413e+09 768 7235 3201 19 8 9 9 6.67364767e-09 1.13297370e-08 outputs/V3.3e26_D100_G8/solution/solution-00018 
 19 2.645885881184e+10 1.392571516413e+09 768 7235 3201 19 8 9 9 6.36937358e-09 1.08126029e-08 outputs/V3.3e26_D100_G8/solution/solution-00019 
 20 2.785143032825e+10 1.392571516413e+09 768 7235 3201 19 8 9 9 6.07933761e-09 1.03194966e-08 outputs/V3.3e26_D100_G8/solution/solution-00020 
 21 2.924400184466e+10 1.392571516413e+09 768 7235 3201 19 8 9 9 5.80280664e-09 9.84922711e-09 outputs/V3.3e26_D100_G8/solution/solution-00021 
 22 3.063657336108e+10 1.392571516413e+09 768 7235 3201 19 8 9 9 5.53909724e-09 9.40067654e-09 outputs/V3.3e26_D100_G8/solution/solution-00022 
 23 3.202914487749e+10 1.392571516413e+09 768 7235 3201 19 8 9 9 5.28757034e-09 8.97279300e-09 outputs/V3.3e26_D100_G8/solution/solution-00023 
 24 3.342171639390e+10 1.392571516413e+09 768 7235 3201 19 8 9 9 5.04762674e-09 8.56458460e-09 outputs/V3.3e26_D100_G8/solution/solution-00024 
 25 3.481428791032e+10 1.392571516413e+09 768 7235 3201 18 8 9 9 4.81870331e-09 8.17511434e-09 outputs/V3.3e26_D100_G8/solution/solution-00025 
 26 3.620685942673e+10 1.392571516413e+09 768 7235 3201 18 8 9 9 4.60026964e-09 7.80349574e-09 outputs/V3.3e26_D100_G8/solution/solution-00026 
 27 3.759943094314e+10 1.392571516413e+09 768 7235 3201 18 8 9 9 4.39182527e-09 7.44888901e-09 outputs/V3.3e26_D100_G8/solution/solution-00027 
 28 3.899200245955e+10 1.392571516413e+09 768 7235 3201 18 8 9 9 4.19289721e-09 7.11049770e-09 outputs/V3.3e26_D100_G8/solution/solution-00028 
 29 4.038457397597e+10 1.392571516413e+09 768 7235 3201 18 8 9 9 4.00303783e-09 6.78756574e-09 outputs/V3.3e26_D100_G8/solution/solution-00029 
 30 4.177714549238e+10 1.392571516413e+09 768 7235 3201 18 8 9 9 3.82182295e-09 6.47937484e-09 outputs/V3.3e26_D100_G8/solution/solution-00030 
 31 4.316971700879e+10 1.392571516413e+09 768 7235 3201 18 8 9 9 3.64885019e-09 6.18524212e-09 outputs/V3.3e26_D100_G8/solution/solution-00031 
 32 4.456228852520e+10 1.392571516413e+09 768 7235 3201 18 8 9 9 3.48373752e-09 5.90451798e-09 outputs/V3.3e26_D100_G8/solution/solution-00032 
 33 4.595486004162e+10 1.392571516413e+09 768 7235 3201 18 8 9 9 3.32612193e-09 5.63658418e-09 outputs/V3.3e26_D100_G8/solution/solution-00033 
 34 4.734743155803e+10 1.392571516413e+09 768 7235 3201 18 8 9 9 3.17565826e-09 5.38085209e-09 outputs/V3.3e26_D100_G8/solution/solution-00034 
 35 4.874000307444e+10 1.392571516413e+09 768 7235 3201 18 8 9 9 3.03201809e-09 5.13676105e-09 outputs/V3.3e26_D100_G8/solution/solution-00035 
 36 5.013257459085e+10 1.392571516413e+09 768 7235 3201 18 8 9 9 2.89488883e-09 4.90377692e-09 outputs/V3.3e26_D100_G8/solution/solution-00036 
 37 5.152514610727e+10 1.392571516413e+09 768 7235 3201 18 8 9 9 2.76397275e-09 4.68139065e-09 outputs/V3.3e26_D100_G8/solution/solution-00037 
 38 5.291771762368e+10 1.392571516413e+09 768 7235 3201 18 8 9 9 2.63898626e-09 4.46911704e-09 outputs/V3.3e26_D100_G8/solution/solution-00038 
 39 5.431028914009e+10 1.392571516413e+09 768 7235 3201 18 8 9 9 2.51965907e-09 4.26649351e-09 outputs/V3.3e26_D100_G8/solution/solution-00039 
 40 5.570286065650e+10 1.392571516413e+09 768 7235 3201 18 8 9 9 2.40573353e-09 4.07307897e-09 outputs/V3.3e26_D100_G8/solution/solution-00040 
 41 5.709543217292e+10 1.392571516413e+09 768 7235 3201 18 8 9 9 2.29696401e-09 3.88845281e-09 outputs/V3.3e26_D100_G8/solution/solution-00041 
 42 5.848800368933e+10 1.392571516413e+09 768 7235 3201 18 8 9 9 2.19311621e-09 3.71221385e-09 outputs/V3.3e26_D100_G8/solution/solution-00042 
 43 5.988057520574e+10 1.392571516413e+09 768 7235 3201 17 8 9 9 2.09396669e-09 3.54397945e-09 outputs/V3.3e26_D100_G8/solution/solution-00043 
 44 6.127314672215e+10 1.392571516413e+09 768 7235 3201 17 8 9 9 1.99930228e-09 3.38338459e-09 outputs/V3.3e26_D100_G8/solution/solution-00044 
 45 6.266571823857e+10 1.392571516413e+09 768 7235 3201 17 8 9 9 1.90891959e-09 3.23008104e-09 outputs/V3.3e26_D100_G8/solution/solution-00045 
 46 6.405828975498e+10 1.392571516413e+09 768 7235 3201 17 8 9 9 1.82262456e-09 3.08373659e-09 outputs/V3.3e26_D100_G8/solution/solution-00046 
 47 6.545086127139e+10 1.392571516413e+09 768 7235 3201 17 8 9 9 1.74023199e-09 2.94403427e-09 outputs/V3.3e26_D100_G8/solution/solution-00047 
 48 6.684343278781e+10 1.392571516413e+09 768 7235 3201 17 8 9 9 1.66156513e-09 2.81067166e-09 outputs/V3.3e26_D100_G8/solution/solution-00048 
 49 6.823600430422e+10 1.392571516413e+09 768 7235 3201 17 8 9 9 1.58645529e-09 2.68336017e-09 outputs/V3.3e26_D100_G8/solution/solution-00049 
 50 6.962857582063e+10 1.392571516413e+09 768 7235 3201 17 8 9 9 1.51474147e-09 2.56182445e-09 outputs/V3.3e26_D100_G8/solution/solution-00050 
 51 7.102114733704e+10 1.392571516413e+09 768 7235 3201 17 8 9 9 1.44626997e-09 2.44580174e-09 outputs/V3.3e26_D100_G8/solution/solution-00051 
 52 7.241371885346e+10 1.392571516413e+09 768 7235 3201 17 8 9 9 1.38089409e-09 2.33504130e-09 outputs/V3.3e26_D100_G8/solution/solution-00052 
 53 7.380629036987e+10 1.392571516413e+09 768 7235 3201 17 8 9 9 1.31847379e-09 2.22930384e-09 outputs/V3.3e26_D100_G8/solution/solution-00053 
 54 7.519886188628e+10 1.392571516413e+09 768 7235 3201 17 8 9 9 1.25887536e-09 2.12836102e-09 outputs/V3.3e26_D100_G8/solution/solution-00054 
 55 7.659143340269e+10 1.392571516413e+09 768 7235 3201 17 8 9 9 1.20197118e-09 2.03199489e-09 outputs/V3.3e26_D100_G8/solution/solution-00055 
 56 7.798400491911e+10 1.392571516413e+09 768 7235 3201 17 8 9 9 1.14763939e-09 1.93999750e-09 outputs/V3.3e26_D100_G8/solution/solution-00056 
 57 7.937657643552e+10 1.392571516413e+09 768 7235 3201 17 8 9 9 1.09576369e-09 1.85217033e-09 outputs/V3.3e26_D100_G8/solution/solution-00057 
 58 8.076914795193e+10 1.392571516413e+09 768 7235 3201 17 8 9 9 1.04623300e-09 1.76832397e-09 outputs/V3.3e26_D100_G8/solution/solution-00058 
 59 8.216171946834e+10 1.392571516413e+09 768 7235 3201 17 8 9 9 9.98941287e-10 1.68827760e-09 outputs/V3.3e26_D100_G8/solution/solution-00059 
 60 8.355429098476e+10 1.392571516413e+09 768 7235 3201 17 8 9 9 9.53787331e-10 1.61185867e-09 outputs/V3.3e26_D100_G8/solution/solution-00060 
 61 8.494686250117e+10 1.392571516413e+09 768 7235 3201 17 8 9 9 9.10674478e-10 1.53890247e-09 outputs/V3.3e26_D100_G8/solution/solution-00061 
 62 8.633943401758e+10 1.392571516413e+09 768 7235 3201 17 8 9 9 8.69510450e-10 1.46925182e-09 outputs/V3.3e26_D100_G8/solution/solution-00062 
 63 8.773200553399e+10 1.392571516413e+09 768 7235 3201 17 8 9 9 8.30207145e-10 1.40275668e-09 outputs/V3.3e26_D100_G8/solution/solution-00063 
 64 8.912457705041e+10 1.392571516413e+09 768 7235 3201 17 8 9 9 7.92680443e-10 1.33927384e-09 outputs/V3.3e26_D100_G8/solution/solution-00064 
 65 9.051714856682e+10 1.392571516413e+09 768 7235 3201 17 8 9 9 7.56850033e-10 1.27866661e-09 outputs/V3.3e26_D100_G8/solution/solution-00065 
 66 9.190972008323e+10 1.392571516413e+09 768 7235 3201 17 8 9 9 7.22639232e-10 1.22080454e-09 outputs/V3.3e26_D100_G8/solution/solution-00066 
 67 9.330229159964e+10 1.392571516413e+09 768 7235 3201 17 8 9 9 6.89974827e-10 1.16556307e-09 outputs/V3.3e26_D100_G8/solution/solution-00067 
 68 9.469486311606e+10 1.392571516413e+09 768 7235 3201 17 8 9 9 6.58786915e-10 1.11282336e-09 outputs/V3.3e26_D100_G8/solution/solution-00068 
 69 9.608743463247e+10 1.392571516413e+09 768 7235 3201 16 8 9 9 6.29008756e-10 1.06247193e-09 outputs/V3.3e26_D100_G8/solution/solution-00069 
 70 9.748000614888e+10 1.392571516413e+09 768 7235 3201 16 8 9 9 6.00576622e-10 1.01440050e-09 outputs/V3.3e26_D100_G8/solution/solution-00070 
 71 9.887257766530e+10 1.392571516413e+09 768 7235 3201 16 8 9 9 5.73429669e-10 9.68505663e-10 outputs/V3.3e26_D100_G8/solution/solution-00071 
 72 1.002651491817e+11 1.392571516413e+09 768 7235 3201 16 8 9 9 5.47509803e-10 9.24688748e-10 outputs/V3.3e26_D100_G8/solution/solution-00072 
 73 1.016577206981e+11 1.392571516413e+09 768 7235 3201 16 8 9 9 5.22761557e-10 8.82855556e-10 outputs/V3.3e26_D100_G8/solution/solution-00073 
 74 1.030502922145e+11 1.392571516413e+09 768 7235 3201 16 8 9 9 4.99131969e-10 8.42916168e-10 outputs/V3.3e26_D100_G8/solution/solution-00074 
 75 1.044428637309e+11 1.392571516413e+09 768 7235 3201 16 8 9 9 4.76570476e-10 8.04784752e-10 outputs/V3.3e26_D100_G8/solution/solution-00075 
 76 1.058354352474e+11 1.392571516413e+09 768 7235 3201 16 8 9 9 4.55028797e-10 7.68379371e-10 outputs/V3.3e26_D100_G8/solution/solution-00076 
 77 1.072280067638e+11 1.392571516413e+09 768 7235 3201 16 8 9 9 4.34460835e-10 7.33621809e-10 outputs/V3.3e26_D100_G8/solution/solution-00077 
 78 1.086205782802e+11 1.392571516413e+09 768 7235 3201 16 8 9 9 4.14822576e-10 7.00437405e-10 outputs/V3.3e26_D100_G8/solution/solution-00078 
 79 1.100131497966e+11 1.392571516413e+09 768 7235 3201 16 8 9 9 3.96071996e-10 6.68754883e-10 outputs/V3.3e26_D100_G8/solution/solution-00079 
 80 1.114057213130e+11 1.392571516413e+09 768 7235 3201 16 8 9 9 3.78168970e-10 6.38506203e-10 outputs/V3.3e26_D100_G8/solution/solution-00080 
 81 1.127982928294e+11 1.392571516413e+09 768 7235 3201 16 8 9 9 3.61075188e-10 6.09626413e-10 outputs/V3.3e26_D100_G8/solution/solution-00081 
 82 1.141908643458e+11 1.392571516413e+09 768 7235 3201 16 8 9 9 3.44754071e-10 5.82053509e-10 outputs/V3.3e26_D100_G8/solution/solution-00082 
 83 1.155834358622e+11 1.392571516413e+09 768 7235 3201 16 8 9 9 3.29170692e-10 5.55728298e-10 outputs/V3.3e26_D100_G8/solution/solution-00083 
 84 1.169760073787e+11 1.392571516413e+09 768 7235 3201 16 8 9 9 3.14291706e-10 5.30594273e-10 outputs/V3.3e26_D100_G8/solution/solution-00084 
 85 1.183685788951e+11 1.392571516413e+09 768 7235 3201 16 8 9 9 3.00085272e-10 5.06597492e-10 outputs/V3.3e26_D100_G8/solution/solution-00085 
 86 1.197611504115e+11 1.392571516413e+09 768 7235 3201 16 8 9 9 2.86520991e-10 4.83686457e-10 outputs/V3.3e26_D100_G8/solution/solution-00086 
 87 1.211537219279e+11 1.392571516413e+09 768 7235 3201 16 8 9 9 2.73569835e-10 4.61812005e-10 outputs/V3.3e26_D100_G8/solution/solution-00087 
 88 1.225462934443e+11 1.392571516413e+09 768 7235 3201 16 8 9 9 2.61204091e-10 4.40927203e-10 outputs/V3.3e26_D100_G8/solution/solution-00088 
 89 1.239388649607e+11 1.392571516413e+09 768 7235 3201 16 8 9 9 2.49397297e-10 4.20987245e-10 outputs/V3.3e26_D100_G8/solution/solution-00089 
 90 1.253314364771e+11 1.392571516413e+09 768 7235 3201 16 8 9 9 2.38124189e-10 4.01949358e-10 outputs/V3.3e26_D100_G8/solution/solution-00090 
 91 1.267240079935e+11 1.392571516413e+09 768 7235 3201 16 8 9 9 2.27360641e-10 3.83772705e-10 outputs/V3.3e26_D100_G8/solution/solution-00091 
 92 1.281165795100e+11 1.392571516413e+09 768 7235 3201 16 8 9 9 2.17083623e-10 3.66418303e-10 outputs/V3.3e26_D100_G8/solution/solution-00092 
 93 1.295091510264e+11 1.392571516413e+09 768 7235 3201 16 8 9 9 2.07271141e-10 3.49848931e-10 outputs/V3.3e26_D100_G8/solution/solution-00093 
 94 1.309017225428e+11 1.392571516413e+09 768 7235 3201 15 8 9 9 1.97902202e-10 3.34029068e-10 outputs/V3.3e26_D100_G8/solution/solution-00094 
 95 1.322942940592e+11 1.392571516413e+09 768 7235 3201 15 8 9 9 1.88956754e-10 3.18924784e-10 outputs/V3.3e26_D100_G8/solution/solution-00095 
 96 1.336868655756e+11 1.392571516413e+09 768 7235 3201 15 8 9 9 1.80415654e-10 3.04503692e-10 outputs/V3.3e26_D100_G8/solution/solution-00096 
 97 1.350794370920e+11 1.392571516413e+09 768 7235 3201 15 8 9 9 1.72260625e-10 2.90734873e-10 outputs/V3.3e26_D100_G8/solution/solution-00097 
 98 1.364720086084e+11 1.392571516413e+09 768 7235 3201 15 8 9 9 1.64474215e-10 2.77588811e-10 outputs/V3.3e26_D100_G8/solution/solution-00098 
 99 1.378645801248e+11 1.392571516413e+09 768 7235 3201 15 8 9 9 1.57039763e-10 2.65037324e-10 outputs/V3.3e26_D100_G8/solution/solution-00099 
100 1.392571516413e+11 1.392571516413e+09 768 7235 3201 15 8 9 9 1.49941358e-10 2.53053508e-10 outputs/V3.3e26_D100_G8/solution/solution-00100 
