# 1: Time step number
# 2: Time (years)
# 3: Time step size (years)
# 4: Number of mesh cells
# 5: Number of Stokes degrees of freedom
# 6: Number of temperature degrees of freedom
# 7: Iterations for temperature solver
# 8: Iterations for Stokes solver
# 9: Velocity iterations in Stokes preconditioner
# 10: Schur complement iterations in Stokes preconditioner
# 11: RMS velocity (m/year)
# 12: Max. velocity (m/year)
# 13: Visualization file name
  0 0.000000000000e+00 0.000000000000e+00 768 7235 3201  0 8 9 9 1.59954520e-07 2.69864719e-07 outputs/V3.3e25_D1000_G8/solution/solution-00000 
  1 1.392571516413e+09 1.392571516413e+09 768 7235 3201 19 6 7 7 1.63834350e-07 2.76410513e-07 outputs/V3.3e25_D1000_G8/solution/solution-00001 
  2 2.785143032825e+09 1.392571516413e+09 768 7235 3201 13 5 6 6 1.67977092e-07 2.83399873e-07 outputs/V3.3e25_D1000_G8/solution/solution-00002 
  3 4.177714549238e+09 1.392571516413e+09 768 7235 3201 12 5 6 6 1.72286062e-07 2.90669685e-07 outputs/V3.3e25_D1000_G8/solution/solution-00003 
  4 5.570286065650e+09 1.392571516413e+09 768 7235 3201 12 5 6 6 1.76727929e-07 2.98163712e-07 outputs/V3.3e25_D1000_G8/solution/solution-00004 
  5 6.962857582063e+09 1.392571516413e+09 768 7235 3201 12 5 6 6 1.81292448e-07 3.05864668e-07 outputs/V3.3e25_D1000_G8/solution/solution-00005 
  6 8.355429098476e+09 1.392571516413e+09 768 7235 3201 12 5 6 6 1.85977813e-07 3.13769507e-07 outputs/V3.3e25_D1000_G8/solution/solution-00006 
  7 9.748000614888e+09 1.392571516413e+09 768 7235 3201 12 5 6 6 1.90785339e-07 3.21880450e-07 outputs/V3.3e25_D1000_G8/solution/solution-00007 
  8 1.114057213130e+10 1.392571516413e+09 768 7235 3201 12 5 6 6 1.95717527e-07 3.30201714e-07 outputs/V3.3e25_D1000_G8/solution/solution-00008 
  9 1.253314364771e+10 1.392571516413e+09 768 7235 3201 12 5 6 6 2.00777361e-07 3.38738334e-07 outputs/V3.3e25_D1000_G8/solution/solution-00009 
 10 1.392571516413e+10 1.392571516413e+09 768 7235 3201 12 5 6 6 2.05968053e-07 3.47495729e-07 outputs/V3.3e25_D1000_G8/solution/solution-00010 
 11 1.531828668054e+10 1.392571516413e+09 768 7235 3201 12 5 6 6 2.11292956e-07 3.56479554e-07 outputs/V3.3e25_D1000_G8/solution/solution-00011 
 12 1.671085819695e+10 1.392571516413e+09 768 7235 3201 12 5 6 6 2.16755526e-07 3.65695643e-07 outputs/V3.3e25_D1000_G8/solution/solution-00012 
 13 1.810342971336e+10 1.392571516413e+09 768 7235 3201 12 5 6 6 2.22359318e-07 3.75149994e-07 outputs/V3.3e25_D1000_G8/solution/solution-00013 
 14 1.949600122978e+10 1.392571516413e+09 768 7235 3201 12 5 6 6 2.28107983e-07 3.84848764e-07 outputs/V3.3e25_D1000_G8/solution/solution-00014 
 15 2.088857274619e+10 1.392571516413e+09 768 7235 3201 12 5 6 6 2.34005264e-07 3.94798269e-07 outputs/V3.3e25_D1000_G8/solution/solution-00015 
 16 2.228114426260e+10 1.392571516413e+09 768 7235 3201 12 5 6 6 2.40055003e-07 4.05004992e-07 outputs/V3.3e25_D1000_G8/solution/solution-00016 
 17 2.367371577901e+10 1.392571516413e+09 768 7235 3201 12 5 6 6 2.46261141e-07 4.15475581e-07 outputs/V3.3e25_D1000_G8/solution/solution-00017 
 18 2.506628729543e+10 1.392571516413e+09 768 7235 3201 12 5 6 6 2.52627722e-07 4.26216858e-07 outputs/V3.3e25_D1000_G8/solution/solution-00018 
 19 2.645885881184e+10 1.392571516413e+09 768 7235 3201 12 5 6 6 2.59158892e-07 4.37235819e-07 outputs/V3.3e25_D1000_G8/solution/solution-00019 
 20 2.785143032825e+10 1.392571516413e+09 768 7235 3201 12 5 6 6 2.65858906e-07 4.48539644e-07 outputs/V3.3e25_D1000_G8/solution/solution-00020 
 21 2.924400184466e+10 1.392571516413e+09 768 7235 3201 12 5 6 6 2.72732129e-07 4.60135695e-07 outputs/V3.3e25_D1000_G8/solution/solution-00021 
 22 3.063657336108e+10 1.392571516413e+09 768 7235 3201 12 5 6 6 2.79783038e-07 4.72031526e-07 outputs/V3.3e25_D1000_G8/solution/solution-00022 
 23 3.202914487749e+10 1.392571516413e+09 768 7235 3201 12 5 6 6 2.87016226e-07 4.84234888e-07 outputs/V3.3e25_D1000_G8/solution/solution-00023 
 24 3.342171639390e+10 1.392571516413e+09 768 7235 3201 13 5 6 6 2.94436406e-07 4.96753728e-07 outputs/V3.3e25_D1000_G8/solution/solution-00024 
 25 3.481428791032e+10 1.392571516413e+09 768 7235 3201 13 5 6 6 3.02048409e-07 5.09596202e-07 outputs/V3.3e25_D1000_G8/solution/solution-00025 
 26 3.620685942673e+10 1.392571516413e+09 768 7235 3201 13 5 6 6 3.09857196e-07 5.22770675e-07 outputs/V3.3e25_D1000_G8/solution/solution-00026 
 27 3.759943094314e+10 1.392571516413e+09 768 7235 3201 13 5 6 6 3.17867852e-07 5.36285729e-07 outputs/V3.3e25_D1000_G8/solution/solution-00027 
 28 3.899200245955e+10 1.392571516413e+09 768 7235 3201 13 5 6 6 3.26085595e-07 5.50150168e-07 outputs/V3.3e25_D1000_G8/solution/solution-00028 
 29 4.038457397597e+10 1.392571516413e+09 768 7235 3201 13 5 6 6 3.34515778e-07 5.64373021e-07 outputs/V3.3e25_D1000_G8/solution/solution-00029 
 30 4.177714549238e+10 1.392571516413e+09 768 7235 3201 13 5 6 6 3.43163892e-07 5.78963554e-07 outputs/V3.3e25_D1000_G8/solution/solution-00030 
 31 4.316971700879e+10 1.392571516413e+09 768 7235 3201 13 5 6 6 3.52035570e-07 5.93931269e-07 outputs/V3.3e25_D1000_G8/solution/solution-00031 
 32 4.456228852520e+10 1.392571516413e+09 768 7235 3201 13 5 6 6 3.61136591e-07 6.09285915e-07 outputs/V3.3e25_D1000_G8/solution/solution-00032 
 33 4.595486004162e+10 1.392571516413e+09 768 7235 3201 13 5 6 6 3.70472881e-07 6.25037494e-07 outputs/V3.3e25_D1000_G8/solution/solution-00033 
 34 4.734743155803e+10 1.392571516413e+09 768 7235 3201 13 5 6 6 3.80050522e-07 6.41196265e-07 outputs/V3.3e25_D1000_G8/solution/solution-00034 
 35 4.874000307444e+10 1.392571516413e+09 768 7235 3201 13 5 6 6 3.89875751e-07 6.57772751e-07 outputs/V3.3e25_D1000_G8/solution/solution-00035 
 36 5.013257459085e+10 1.392571516413e+09 768 7235 3201 13 5 6 6 3.99954969e-07 6.74777749e-07 outputs/V3.3e25_D1000_G8/solution/solution-00036 
 37 5.152514610727e+10 1.392571516413e+09 768 7235 3201 13 5 6 6 4.10294738e-07 6.92222333e-07 outputs/V3.3e25_D1000_G8/solution/solution-00037 
 38 5.291771762368e+10 1.392571516413e+09 768 7235 3201 13 5 6 6 4.20901792e-07 7.10117865e-07 outputs/V3.3e25_D1000_G8/solution/solution-00038 
 39 5.431028914009e+10 1.392571516413e+09 768 7235 3201 13 5 6 6 4.31783040e-07 7.28475998e-07 outputs/V3.3e25_D1000_G8/solution/solution-00039 
 40 5.570286065650e+10 1.392571516413e+09 768 7235 3201 13 5 6 6 4.42945567e-07 7.47308688e-07 outputs/V3.3e25_D1000_G8/solution/solution-00040 
 41 5.709543217292e+10 1.392571516413e+09 768 7235 3201 13 5 6 6 4.54396643e-07 7.66628199e-07 outputs/V3.3e25_D1000_G8/solution/solution-00041 
 42 5.848800368933e+10 1.392571516413e+09 768 7235 3201 13 5 6 6 4.66143724e-07 7.86447110e-07 outputs/V3.3e25_D1000_G8/solution/solution-00042 
 43 5.988057520574e+10 1.392571516413e+09 768 7235 3201 13 5 6 6 4.78194460e-07 8.06778329e-07 outputs/V3.3e25_D1000_G8/solution/solution-00043 
 44 6.127314672215e+10 1.392571516413e+09 768 7235 3201 13 5 6 6 4.90556696e-07 8.27635093e-07 outputs/V3.3e25_D1000_G8/solution/solution-00044 
 45 6.266571823857e+10 1.392571516413e+09 768 7235 3201 13 5 6 6 5.03238484e-07 8.49030983e-07 outputs/V3.3e25_D1000_G8/solution/solution-00045 
 46 6.405828975498e+10 1.392571516413e+09 768 7235 3201 13 5 6 6 5.16248079e-07 8.70979930e-07 outputs/V3.3e25_D1000_G8/solution/solution-00046 
 47 6.545086127139e+10 1.392571516413e+09 768 7235 3201 13 5 6 6 5.29593952e-07 8.93496224e-07 outputs/V3.3e25_D1000_G8/solution/solution-00047 
 48 6.684343278781e+10 1.392571516413e+09 768 7235 3201 13 5 6 6 5.43284792e-07 9.16594524e-07 outputs/V3.3e25_D1000_G8/solution/solution-00048 
 49 6.823600430422e+10 1.392571516413e+09 768 7235 3201 13 5 6 6 5.57329511e-07 9.40289869e-07 outputs/V3.3e25_D1000_G8/solution/solution-00049 
 50 6.962857582063e+10 1.392571516413e+09 768 7235 3201 13 5 6 6 5.71737254e-07 9.64597684e-07 outputs/V3.3e25_D1000_G8/solution/solution-00050 
 51 7.102114733704e+10 1.392571516413e+09 768 7235 3201 13 5 6 6 5.86517399e-07 9.89533792e-07 outputs/V3.3e25_D1000_G8/solution/solution-00051 
 52 7.241371885346e+10 1.392571516413e+09 768 7235 3201 13 5 6 6 6.01679567e-07 1.01511443e-06 outputs/V3.3e25_D1000_G8/solution/solution-00052 
 53 7.380629036987e+10 1.392571516413e+09 768 7235 3201 13 5 6 6 6.17233627e-07 1.04135624e-06 outputs/V3.3e25_D1000_G8/solution/solution-00053 
 54 7.519886188628e+10 1.392571516413e+09 768 7235 3201 13 5 6 6 6.33189703e-07 1.06827631e-06 outputs/V3.3e25_D1000_G8/solution/solution-00054 
 55 7.659143340269e+10 1.392571516413e+09 768 7235 3201 13 5 6 6 6.49558179e-07 1.09589215e-06 outputs/V3.3e25_D1000_G8/solution/solution-00055 
 56 7.798400491911e+10 1.392571516413e+09 768 7235 3201 13 5 6 6 6.66349709e-07 1.12422175e-06 outputs/V3.3e25_D1000_G8/solution/solution-00056 
 57 7.937657643552e+10 1.392571516413e+09 768 7235 3201 13 5 6 6 6.83575220e-07 1.15328353e-06 outputs/V3.3e25_D1000_G8/solution/solution-00057 
 58 8.076914795193e+10 1.392571516413e+09 768 7235 3201 13 5 6 6 7.01245920e-07 1.18309641e-06 outputs/V3.3e25_D1000_G8/solution/solution-00058 
 59 8.216171946834e+10 1.392571516413e+09 768 7235 3201 13 5 6 6 7.19373308e-07 1.21367978e-06 outputs/V3.3e25_D1000_G8/solution/solution-00059 
 60 8.355429098476e+10 1.392571516413e+09 768 7235 3201 13 5 6 6 7.37969177e-07 1.24505355e-06 outputs/V3.3e25_D1000_G8/solution/solution-00060 
 61 8.494686250117e+10 1.392571516413e+09 768 7235 3201 13 5 6 6 7.57045627e-07 1.27723813e-06 outputs/V3.3e25_D1000_G8/solution/solution-00061 
 62 8.633943401758e+10 1.392571516413e+09 768 7235 3201 13 5 6 6 7.76615066e-07 1.31025445e-06 outputs/V3.3e25_D1000_G8/solution/solution-00062 
 63 8.773200553399e+10 1.392571516413e+09 768 7235 3201 13 5 6 6 7.96690225e-07 1.34412399e-06 outputs/V3.3e25_D1000_G8/solution/solution-00063 
 64 8.912457705041e+10 1.392571516413e+09 768 7235 3201 14 5 6 6 8.17284161e-07 1.37886879e-06 outputs/V3.3e25_D1000_G8/solution/solution-00064 
 65 9.051714856682e+10 1.392571516413e+09 768 7235 3201 14 5 6 6 8.38410266e-07 1.41451143e-06 outputs/V3.3e25_D1000_G8/solution/solution-00065 
 66 9.190972008323e+10 1.392571516413e+09 768 7235 3201 14 5 6 6 8.60082281e-07 1.45107509e-06 outputs/V3.3e25_D1000_G8/solution/solution-00066 
 67 9.330229159964e+10 1.392571516413e+09 768 7235 3201 14 5 6 6 8.82314296e-07 1.48858356e-06 outputs/V3.3e25_D1000_G8/solution/solution-00067 
 68 9.469486311606e+10 1.392571516413e+09 768 7235 3201 14 5 6 6 9.05120766e-07 1.52706122e-06 outputs/V3.3e25_D1000_G8/solution/solution-00068 
 69 9.608743463247e+10 1.392571516413e+09 768 7235 3201 14 5 6 6 9.28516517e-07 1.56653308e-06 outputs/V3.3e25_D1000_G8/solution/solution-00069 
 70 9.748000614888e+10 1.392571516413e+09 768 7235 3201 14 5 6 6 9.52516758e-07 1.60702480e-06 outputs/V3.3e25_D1000_G8/solution/solution-00070 
 71 9.887257766530e+10 1.392571516413e+09 768 7235 3201 14 5 6 6 9.77137087e-07 1.64856270e-06 outputs/V3.3e25_D1000_G8/solution/solution-00071 
 72 1.002651491817e+11 1.392571516413e+09 768 7235 3201 14 5 6 6 1.00239350e-06 1.69117378e-06 outputs/V3.3e25_D1000_G8/solution/solution-00072 
 73 1.016577206981e+11 1.392571516413e+09 768 7235 3201 14 5 6 6 1.02830242e-06 1.73488571e-06 outputs/V3.3e25_D1000_G8/solution/solution-00073 
 74 1.030502922145e+11 1.392571516413e+09 768 7235 3201 14 5 6 6 1.05488066e-06 1.77972691e-06 outputs/V3.3e25_D1000_G8/solution/solution-00074 
 75 1.044428637309e+11 1.392571516413e+09 768 7235 3201 14 5 6 6 1.08214550e-06 1.82572649e-06 outputs/V3.3e25_D1000_G8/solution/solution-00075 
 76 1.058354352474e+11 1.392571516413e+09 768 7235 3201 14 5 6 6 1.11011465e-06 1.87291434e-06 outputs/V3.3e25_D1000_G8/solution/solution-00076 
 77 1.072280067638e+11 1.392571516413e+09 768 7235 3201 14 5 6 6 1.13880626e-06 1.92132110e-06 outputs/V3.3e25_D1000_G8/solution/solution-00077 
 78 1.086205782802e+11 1.392571516413e+09 768 7235 3201 14 5 6 6 1.16823896e-06 1.97097820e-06 outputs/V3.3e25_D1000_G8/solution/solution-00078 
 79 1.100131497966e+11 1.392571516413e+09 768 7235 3201 14 5 6 6 1.19843186e-06 2.02191786e-06 outputs/V3.3e25_D1000_G8/solution/solution-00079 
 80 1.114057213130e+11 1.392571516413e+09 768 7235 3201 14 5 6 6 1.22940455e-06 2.07417316e-06 outputs/V3.3e25_D1000_G8/solution/solution-00080 
 81 1.127982928294e+11 1.392571516413e+09 768 7235 3201 14 5 6 6 1.26117714e-06 2.12777800e-06 outputs/V3.3e25_D1000_G8/solution/solution-00081 
 82 1.141908643458e+11 1.392571516413e+09 768 7235 3201 14 5 6 6 1.29377023e-06 2.18276716e-06 outputs/V3.3e25_D1000_G8/solution/solution-00082 
 83 1.155834358622e+11 1.392571516413e+09 768 7235 3201 14 5 6 6 1.32720496e-06 2.23917630e-06 outputs/V3.3e25_D1000_G8/solution/solution-00083 
 84 1.169760073787e+11 1.392571516413e+09 768 7235 3201 14 5 6 6 1.36150301e-06 2.29704200e-06 outputs/V3.3e25_D1000_G8/solution/solution-00084 
 85 1.183685788951e+11 1.392571516413e+09 768 7235 3201 14 5 6 6 1.39668662e-06 2.35640177e-06 outputs/V3.3e25_D1000_G8/solution/solution-00085 
 86 1.197611504115e+11 1.392571516413e+09 768 7235 3201 14 5 6 6 1.43277859e-06 2.41729410e-06 outputs/V3.3e25_D1000_G8/solution/solution-00086 
 87 1.211537219279e+11 1.392571516413e+09 768 7235 3201 14 5 6 6 1.46980230e-06 2.47975842e-06 outputs/V3.3e25_D1000_G8/solution/solution-00087 
 88 1.225462934443e+11 1.392571516413e+09 768 7235 3201 14 5 6 6 1.50778173e-06 2.54383520e-06 outputs/V3.3e25_D1000_G8/solution/solution-00088 
 89 1.239388649607e+11 1.392571516413e+09 768 7235 3201 14 5 6 6 1.54674148e-06 2.60956594e-06 outputs/V3.3e25_D1000_G8/solution/solution-00089 
 90 1.253314364771e+11 1.392571516413e+09 768 7235 3201 14 5 6 6 1.58670676e-06 2.67699318e-06 outputs/V3.3e25_D1000_G8/solution/solution-00090 
 91 1.267240079935e+11 1.392571516413e+09 768 7235 3201 14 5 6 6 1.62770344e-06 2.74616057e-06 outputs/V3.3e25_D1000_G8/solution/solution-00091 
 92 1.281165795100e+11 1.392571516413e+09 768 7235 3201 14 5 6 6 1.66975803e-06 2.81711283e-06 outputs/V3.3e25_D1000_G8/solution/solution-00092 
 93 1.295091510264e+11 1.392571516413e+09 768 7235 3201 14 5 6 6 1.71289773e-06 2.88989586e-06 outputs/V3.3e25_D1000_G8/solution/solution-00093 
 94 1.309017225428e+11 1.392571516413e+09 768 7235 3201 14 5 6 6 1.75715042e-06 2.96455669e-06 outputs/V3.3e25_D1000_G8/solution/solution-00094 
 95 1.322942940592e+11 1.392571516413e+09 768 7235 3201 14 5 6 6 1.80254469e-06 3.04114357e-06 outputs/V3.3e25_D1000_G8/solution/solution-00095 
 96 1.336868655756e+11 1.392571516413e+09 768 7235 3201 14 5 6 6 1.84910985e-06 3.11970597e-06 outputs/V3.3e25_D1000_G8/solution/solution-00096 
 97 1.350794370920e+11 1.392571516413e+09 768 7235 3201 14 5 6 6 1.89687597e-06 3.20029458e-06 outputs/V3.3e25_D1000_G8/solution/solution-00097 
 98 1.364720086084e+11 1.392571516413e+09 768 7235 3201 14 5 6 6 1.94587386e-06 3.28296142e-06 outputs/V3.3e25_D1000_G8/solution/solution-00098 
 99 1.378645801248e+11 1.392571516413e+09 768 7235 3201 14 5 6 6 1.99613511e-06 3.36775979e-06 outputs/V3.3e25_D1000_G8/solution/solution-00099 
100 1.392571516413e+11 1.392571516413e+09 768 7235 3201 14 5 6 6 2.04769211e-06 3.45474435e-06 outputs/V3.3e25_D1000_G8/solution/solution-00100 
