# 1: Time step number
# 2: Time (years)
# 3: Time step size (years)
# 4: Number of mesh cells
# 5: Number of Stokes degrees of freedom
# 6: Number of temperature degrees of freedom
# 7: Iterations for temperature solver
# 8: Iterations for Stokes solver
# 9: Velocity iterations in Stokes preconditioner
# 10: Schur complement iterations in Stokes preconditioner
# 11: RMS velocity (m/year)
# 12: Max. velocity (m/year)
# 13: Visualization file name
  0 0.000000000000e+00 0.000000000000e+00 768 7235 3201  0 8 9 9 9.27532055e-08 1.64576544e-07 outputs/V1e26_D30_G14/solution/solution-00000 
  1 1.392571516413e+09 1.392571516413e+09 768 7235 3201 32 8 9 9 8.83557031e-08 1.49509884e-07 outputs/V1e26_D30_G14/solution/solution-00001 
  2 2.785143032825e+09 1.392571516413e+09 768 7235 3201 25 8 9 9 8.45784128e-08 1.43567415e-07 outputs/V1e26_D30_G14/solution/solution-00002 
  3 4.177714549238e+09 1.392571516413e+09 768 7235 3201 24 8 9 9 8.13508377e-08 1.38663960e-07 outputs/V1e26_D30_G14/solution/solution-00003 
  4 5.570286065650e+09 1.392571516413e+09 768 7235 3201 23 8 9 9 7.85721680e-08 1.34494610e-07 outputs/V1e26_D30_G14/solution/solution-00004 
  5 6.962857582063e+09 1.392571516413e+09 768 7235 3201 23 8 9 9 7.61780434e-08 1.30914907e-07 outputs/V1e26_D30_G14/solution/solution-00005 
  6 8.355429098476e+09 1.392571516413e+09 768 7235 3201 22 8 9 9 7.41046017e-08 1.27801928e-07 outputs/V1e26_D30_G14/solution/solution-00006 
  7 9.748000614888e+09 1.392571516413e+09 768 7235 3201 21 8 9 9 7.22966195e-08 1.25059828e-07 outputs/V1e26_D30_G14/solution/solution-00007 
  8 1.114057213130e+10 1.392571516413e+09 768 7235 3201 21 8 9 9 7.07080975e-08 1.22615428e-07 outputs/V1e26_D30_G14/solution/solution-00008 
  9 1.253314364771e+10 1.392571516413e+09 768 7235 3201 21 8 9 9 6.93012686e-08 1.20412735e-07 outputs/V1e26_D30_G14/solution/solution-00009 
 10 1.392571516413e+10 1.392571516413e+09 768 7235 3201 20 8 9 9 6.80452632e-08 1.18408449e-07 outputs/V1e26_D30_G14/solution/solution-00010 
 11 1.531828668054e+10 1.392571516413e+09 768 7235 3201 20 8 9 9 6.69148453e-08 1.16568665e-07 outputs/V1e26_D30_G14/solution/solution-00011 
 12 1.671085819695e+10 1.392571516413e+09 768 7235 3201 20 8 9 9 6.58893405e-08 1.14866502e-07 outputs/V1e26_D30_G14/solution/solution-00012 
 13 1.810342971336e+10 1.392571516413e+09 768 7235 3201 20 8 9 9 6.49517609e-08 1.13280403e-07 outputs/V1e26_D30_G14/solution/solution-00013 
 14 1.949600122978e+10 1.392571516413e+09 768 7235 3201 20 8 9 9 6.40881042e-08 1.11792913e-07 outputs/V1e26_D30_G14/solution/solution-00014 
 15 2.088857274619e+10 1.392571516413e+09 768 7235 3201 20 8 9 9 6.32867928e-08 1.10389768e-07 outputs/V1e26_D30_G14/solution/solution-00015 
 16 2.228114426260e+10 1.392571516413e+09 768 7235 3201 19 8 9 9 6.25382258e-08 1.09059224e-07 outputs/V1e26_D30_G14/solution/solution-00016 
 17 2.367371577901e+10 1.392571516413e+09 768 7235 3201 19 8 9 9 6.18344205e-08 1.07791545e-07 outputs/V1e26_D30_G14/solution/solution-00017 
 18 2.506628729543e+10 1.392571516413e+09 768 7235 3201 19 8 9 9 6.11687233e-08 1.06578613e-07 outputs/V1e26_D30_G14/solution/solution-00018 
 19 2.645885881184e+10 1.392571516413e+09 768 7235 3201 19 8 9 9 6.05355769e-08 1.05413625e-07 outputs/V1e26_D30_G14/solution/solution-00019 
 20 2.785143032825e+10 1.392571516413e+09 768 7235 3201 19 8 9 9 5.99303309e-08 1.04290849e-07 outputs/V1e26_D30_G14/solution/solution-00020 
 21 2.924400184466e+10 1.392571516413e+09 768 7235 3201 19 8 9 9 5.93490871e-08 1.03205441e-07 outputs/V1e26_D30_G14/solution/solution-00021 
 22 3.063657336108e+10 1.392571516413e+09 768 7235 3201 19 8 9 9 5.87885737e-08 1.02153291e-07 outputs/V1e26_D30_G14/solution/solution-00022 
 23 3.202914487749e+10 1.392571516413e+09 768 7235 3201 19 8 9 9 5.82460407e-08 1.01130897e-07 outputs/V1e26_D30_G14/solution/solution-00023 
 24 3.342171639390e+10 1.392571516413e+09 768 7235 3201 19 8 9 9 5.77191745e-08 1.00135271e-07 outputs/V1e26_D30_G14/solution/solution-00024 
 25 3.481428791032e+10 1.392571516413e+09 768 7235 3201 19 8 9 9 5.72060268e-08 9.91638521e-08 outputs/V1e26_D30_G14/solution/solution-00025 
 26 3.620685942673e+10 1.392571516413e+09 768 7235 3201 18 8 9 9 5.67049554e-08 9.82144423e-08 outputs/V1e26_D30_G14/solution/solution-00026 
 27 3.759943094314e+10 1.392571516413e+09 768 7235 3201 18 8 9 9 5.62145753e-08 9.72851485e-08 outputs/V1e26_D30_G14/solution/solution-00027 
 28 3.899200245955e+10 1.392571516413e+09 768 7235 3201 18 8 9 9 5.57337173e-08 9.63743367e-08 outputs/V1e26_D30_G14/solution/solution-00028 
 29 4.038457397597e+10 1.392571516413e+09 768 7235 3201 18 8 9 9 5.52613939e-08 9.54805926e-08 outputs/V1e26_D30_G14/solution/solution-00029 
 30 4.177714549238e+10 1.392571516413e+09 768 7235 3201 18 8 9 9 5.47967707e-08 9.46026889e-08 outputs/V1e26_D30_G14/solution/solution-00030 
 31 4.316971700879e+10 1.392571516413e+09 768 7235 3201 18 8 9 9 5.43391416e-08 9.37395575e-08 outputs/V1e26_D30_G14/solution/solution-00031 
 32 4.456228852520e+10 1.392571516413e+09 768 7235 3201 18 8 9 9 5.38879095e-08 9.28902661e-08 outputs/V1e26_D30_G14/solution/solution-00032 
 33 4.595486004162e+10 1.392571516413e+09 768 7235 3201 18 8 9 9 5.34425681e-08 9.20539988e-08 outputs/V1e26_D30_G14/solution/solution-00033 
 34 4.734743155803e+10 1.392571516413e+09 768 7235 3201 18 8 9 9 5.30026886e-08 9.12300387e-08 outputs/V1e26_D30_G14/solution/solution-00034 
 35 4.874000307444e+10 1.392571516413e+09 768 7235 3201 18 8 9 9 5.25679068e-08 9.04177541e-08 outputs/V1e26_D30_G14/solution/solution-00035 
 36 5.013257459085e+10 1.392571516413e+09 768 7235 3201 18 8 9 9 5.21379133e-08 8.96165864e-08 outputs/V1e26_D30_G14/solution/solution-00036 
 37 5.152514610727e+10 1.392571516413e+09 768 7235 3201 18 8 9 9 5.17124448e-08 8.88260395e-08 outputs/V1e26_D30_G14/solution/solution-00037 
 38 5.291771762368e+10 1.392571516413e+09 768 7235 3201 18 8 9 9 5.12912769e-08 8.80456712e-08 outputs/V1e26_D30_G14/solution/solution-00038 
 39 5.431028914009e+10 1.392571516413e+09 768 7235 3201 18 8 9 9 5.08742178e-08 8.72750859e-08 outputs/V1e26_D30_G14/solution/solution-00039 
 40 5.570286065650e+10 1.392571516413e+09 768 7235 3201 18 8 9 9 5.04611035e-08 8.65139278e-08 outputs/V1e26_D30_G14/solution/solution-00040 
 41 5.709543217292e+10 1.392571516413e+09 768 7235 3201 18 8 9 9 5.00517929e-08 8.57618757e-08 outputs/V1e26_D30_G14/solution/solution-00041 
 42 5.848800368933e+10 1.392571516413e+09 768 7235 3201 18 8 9 9 4.96461646e-08 8.50186384e-08 outputs/V1e26_D30_G14/solution/solution-00042 
 43 5.988057520574e+10 1.392571516413e+09 768 7235 3201 18 8 9 9 4.92441137e-08 8.42839506e-08 outputs/V1e26_D30_G14/solution/solution-00043 
 44 6.127314672215e+10 1.392571516413e+09 768 7235 3201 18 8 9 9 4.88455488e-08 8.35575695e-08 outputs/V1e26_D30_G14/solution/solution-00044 
 45 6.266571823857e+10 1.392571516413e+09 768 7235 3201 17 8 9 9 4.84503906e-08 8.28392718e-08 outputs/V1e26_D30_G14/solution/solution-00045 
 46 6.405828975498e+10 1.392571516413e+09 768 7235 3201 17 8 9 9 4.80585691e-08 8.21288517e-08 outputs/V1e26_D30_G14/solution/solution-00046 
 47 6.545086127139e+10 1.392571516413e+09 768 7235 3201 17 8 9 9 4.76700227e-08 8.14261179e-08 outputs/V1e26_D30_G14/solution/solution-00047 
 48 6.684343278781e+10 1.392571516413e+09 768 7235 3201 17 8 9 9 4.72846966e-08 8.07308926e-08 outputs/V1e26_D30_G14/solution/solution-00048 
 49 6.823600430422e+10 1.392571516413e+09 768 7235 3201 17 8 9 9 4.69025417e-08 8.00430095e-08 outputs/V1e26_D30_G14/solution/solution-00049 
 50 6.962857582063e+10 1.392571516413e+09 768 7235 3201 17 8 9 9 4.65235139e-08 7.93623127e-08 outputs/V1e26_D30_G14/solution/solution-00050 
 51 7.102114733704e+10 1.392571516413e+09 768 7235 3201 17 8 9 9 4.61475729e-08 7.86886551e-08 outputs/V1e26_D30_G14/solution/solution-00051 
 52 7.241371885346e+10 1.392571516413e+09 768 7235 3201 17 8 9 9 4.57746819e-08 7.80218979e-08 outputs/V1e26_D30_G14/solution/solution-00052 
 53 7.380629036987e+10 1.392571516413e+09 768 7235 3201 17 8 9 9 4.54048070e-08 7.73619097e-08 outputs/V1e26_D30_G14/solution/solution-00053 
 54 7.519886188628e+10 1.392571516413e+09 768 7235 3201 17 8 9 9 4.50379165e-08 7.67085652e-08 outputs/V1e26_D30_G14/solution/solution-00054 
 55 7.659143340269e+10 1.392571516413e+09 768 7235 3201 17 8 9 9 4.46739806e-08 7.60617453e-08 outputs/V1e26_D30_G14/solution/solution-00055 
 56 7.798400491911e+10 1.392571516413e+09 768 7235 3201 17 8 9 9 4.43129715e-08 7.54213361e-08 outputs/V1e26_D30_G14/solution/solution-00056 
 57 7.937657643552e+10 1.392571516413e+09 768 7235 3201 17 8 9 9 4.39548623e-08 7.47872286e-08 outputs/V1e26_D30_G14/solution/solution-00057 
 58 8.076914795193e+10 1.392571516413e+09 768 7235 3201 17 8 9 9 4.35996277e-08 7.41593181e-08 outputs/V1e26_D30_G14/solution/solution-00058 
 59 8.216171946834e+10 1.392571516413e+09 768 7235 3201 17 8 9 9 4.32472430e-08 7.35375039e-08 outputs/V1e26_D30_G14/solution/solution-00059 
 60 8.355429098476e+10 1.392571516413e+09 768 7235 3201 17 8 9 9 4.28976844e-08 7.29216893e-08 outputs/V1e26_D30_G14/solution/solution-00060 
 61 8.494686250117e+10 1.392571516413e+09 768 7235 3201 17 8 9 9 4.25509289e-08 7.23117808e-08 outputs/V1e26_D30_G14/solution/solution-00061 
 62 8.633943401758e+10 1.392571516413e+09 768 7235 3201 17 8 9 9 4.22069540e-08 7.17076881e-08 outputs/V1e26_D30_G14/solution/solution-00062 
 63 8.773200553399e+10 1.392571516413e+09 768 7235 3201 17 8 9 9 4.18657375e-08 7.11093241e-08 outputs/V1e26_D30_G14/solution/solution-00063 
 64 8.912457705041e+10 1.392571516413e+09 768 7235 3201 17 8 9 9 4.15272578e-08 7.05166041e-08 outputs/V1e26_D30_G14/solution/solution-00064 
 65 9.051714856682e+10 1.392571516413e+09 768 7235 3201 17 8 9 9 4.11914935e-08 6.99294465e-08 outputs/V1e26_D30_G14/solution/solution-00065 
 66 9.190972008323e+10 1.392571516413e+09 768 7235 3201 17 8 9 9 4.08584237e-08 6.93477718e-08 outputs/V1e26_D30_G14/solution/solution-00066 
 67 9.330229159964e+10 1.392571516413e+09 768 7235 3201 17 8 9 9 4.05280275e-08 6.87715028e-08 outputs/V1e26_D30_G14/solution/solution-00067 
 68 9.469486311606e+10 1.392571516413e+09 768 7235 3201 17 8 9 9 4.02002844e-08 6.82005648e-08 outputs/V1e26_D30_G14/solution/solution-00068 
 69 9.608743463247e+10 1.392571516413e+09 768 7235 3201 17 8 9 9 3.98751740e-08 6.76348848e-08 outputs/V1e26_D30_G14/solution/solution-00069 
 70 9.748000614888e+10 1.392571516413e+09 768 7235 3201 17 8 9 9 3.95526760e-08 6.70743921e-08 outputs/V1e26_D30_G14/solution/solution-00070 
 71 9.887257766530e+10 1.392571516413e+09 768 7235 3201 16 8 9 9 3.92327705e-08 6.65190177e-08 outputs/V1e26_D30_G14/solution/solution-00071 
 72 1.002651491817e+11 1.392571516413e+09 768 7235 3201 16 8 9 9 3.89154376e-08 6.59686944e-08 outputs/V1e26_D30_G14/solution/solution-00072 
 73 1.016577206981e+11 1.392571516413e+09 768 7235 3201 16 8 9 9 3.86006573e-08 6.54233568e-08 outputs/V1e26_D30_G14/solution/solution-00073 
 74 1.030502922145e+11 1.392571516413e+09 768 7235 3201 16 8 9 9 3.82884102e-08 6.48829410e-08 outputs/V1e26_D30_G14/solution/solution-00074 
 75 1.044428637309e+11 1.392571516413e+09 768 7235 3201 16 8 9 9 3.79786766e-08 6.43473847e-08 outputs/V1e26_D30_G14/solution/solution-00075 
 76 1.058354352474e+11 1.392571516413e+09 768 7235 3201 16 8 9 9 3.76714371e-08 6.38166272e-08 outputs/V1e26_D30_G14/solution/solution-00076 
 77 1.072280067638e+11 1.392571516413e+09 768 7235 3201 16 8 9 9 3.73666725e-08 6.32906091e-08 outputs/V1e26_D30_G14/solution/solution-00077 
 78 1.086205782802e+11 1.392571516413e+09 768 7235 3201 16 8 9 9 3.70643635e-08 6.27692726e-08 outputs/V1e26_D30_G14/solution/solution-00078 
 79 1.100131497966e+11 1.392571516413e+09 768 7235 3201 16 8 9 9 3.67644910e-08 6.22525609e-08 outputs/V1e26_D30_G14/solution/solution-00079 
 80 1.114057213130e+11 1.392571516413e+09 768 7235 3201 16 8 9 9 3.64670360e-08 6.17404188e-08 outputs/V1e26_D30_G14/solution/solution-00080 
 81 1.127982928294e+11 1.392571516413e+09 768 7235 3201 16 8 9 9 3.61719798e-08 6.12327922e-08 outputs/V1e26_D30_G14/solution/solution-00081 
 82 1.141908643458e+11 1.392571516413e+09 768 7235 3201 16 8 9 9 3.58793034e-08 6.07296281e-08 outputs/V1e26_D30_G14/solution/solution-00082 
 83 1.155834358622e+11 1.392571516413e+09 768 7235 3201 16 8 9 9 3.55889884e-08 6.02308748e-08 outputs/V1e26_D30_G14/solution/solution-00083 
 84 1.169760073787e+11 1.392571516413e+09 768 7235 3201 16 8 9 9 3.53010160e-08 5.97364816e-08 outputs/V1e26_D30_G14/solution/solution-00084 
 85 1.183685788951e+11 1.392571516413e+09 768 7235 3201 16 7 8 8 3.50153680e-08 5.92463988e-08 outputs/V1e26_D30_G14/solution/solution-00085 
 86 1.197611504115e+11 1.392571516413e+09 768 7235 3201 16 7 8 8 3.47320259e-08 5.87605780e-08 outputs/V1e26_D30_G14/solution/solution-00086 
 87 1.211537219279e+11 1.392571516413e+09 768 7235 3201 16 7 8 8 3.44509716e-08 5.82789716e-08 outputs/V1e26_D30_G14/solution/solution-00087 
 88 1.225462934443e+11 1.392571516413e+09 768 7235 3201 16 7 8 8 3.41721870e-08 5.78015328e-08 outputs/V1e26_D30_G14/solution/solution-00088 
 89 1.239388649607e+11 1.392571516413e+09 768 7235 3201 16 7 8 8 3.38956541e-08 5.73282160e-08 outputs/V1e26_D30_G14/solution/solution-00089 
 90 1.253314364771e+11 1.392571516413e+09 768 7235 3201 16 7 8 8 3.36213551e-08 5.68589763e-08 outputs/V1e26_D30_G14/solution/solution-00090 
 91 1.267240079935e+11 1.392571516413e+09 768 7235 3201 16 7 8 8 3.33492722e-08 5.63937699e-08 outputs/V1e26_D30_G14/solution/solution-00091 
 92 1.281165795100e+11 1.392571516413e+09 768 7235 3201 16 7 8 8 3.30793878e-08 5.59325536e-08 outputs/V1e26_D30_G14/solution/solution-00092 
 93 1.295091510264e+11 1.392571516413e+09 768 7235 3201 16 7 8 8 3.28116844e-08 5.54752850e-08 outputs/V1e26_D30_G14/solution/solution-00093 
 94 1.309017225428e+11 1.392571516413e+09 768 7235 3201 16 7 8 8 3.25461446e-08 5.50219228e-08 outputs/V1e26_D30_G14/solution/solution-00094 
 95 1.322942940592e+11 1.392571516413e+09 768 7235 3201 16 7 8 8 3.22827511e-08 5.45724260e-08 outputs/V1e26_D30_G14/solution/solution-00095 
 96 1.336868655756e+11 1.392571516413e+09 768 7235 3201 15 7 8 8 3.20214869e-08 5.41267547e-08 outputs/V1e26_D30_G14/solution/solution-00096 
 97 1.350794370920e+11 1.392571516413e+09 768 7235 3201 15 7 8 8 3.17623349e-08 5.36848695e-08 outputs/V1e26_D30_G14/solution/solution-00097 
 98 1.364720086084e+11 1.392571516413e+09 768 7235 3201 15 7 8 8 3.15052782e-08 5.32467318e-08 outputs/V1e26_D30_G14/solution/solution-00098 
 99 1.378645801248e+11 1.392571516413e+09 768 7235 3201 15 7 8 8 3.12502999e-08 5.28123036e-08 outputs/V1e26_D30_G14/solution/solution-00099 
100 1.392571516413e+11 1.392571516413e+09 768 7235 3201 15 7 8 8 3.09973836e-08 5.23815475e-08 outputs/V1e26_D30_G14/solution/solution-00100 
