# 1: Time step number
# 2: Time (years)
# 3: Time step size (years)
# 4: Number of mesh cells
# 5: Number of Stokes degrees of freedom
# 6: Number of temperature degrees of freedom
# 7: Iterations for temperature solver
# 8: Iterations for Stokes solver
# 9: Velocity iterations in Stokes preconditioner
# 10: Schur complement iterations in Stokes preconditioner
# 11: RMS velocity (m/year)
# 12: Max. velocity (m/year)
# 13: Visualization file name
  0 0.000000000000e+00 0.000000000000e+00 768 7235 3201  0 8 9 9 5.17500374e-08 2.51425985e-07 outputs/V1e26_D10000_G6/solution/solution-00000 
  1 1.392571516413e+09 1.392571516413e+09 768 7235 3201 32 8 9 9 4.66877033e-08 1.40567830e-07 outputs/V1e26_D10000_G6/solution/solution-00001 
  2 2.785143032825e+09 1.392571516413e+09 768 7235 3201 26 8 9 9 4.90455427e-08 8.37580474e-08 outputs/V1e26_D10000_G6/solution/solution-00002 
  3 4.177714549238e+09 1.392571516413e+09 768 7235 3201 25 8 9 9 5.33211544e-08 9.16018390e-08 outputs/V1e26_D10000_G6/solution/solution-00003 
  4 5.570286065650e+09 1.392571516413e+09 768 7235 3201 24 8 9 9 5.72627999e-08 9.94769415e-08 outputs/V1e26_D10000_G6/solution/solution-00004 
  5 6.962857582063e+09 1.392571516413e+09 768 7235 3201 23 8 9 9 6.07306866e-08 1.06619257e-07 outputs/V1e26_D10000_G6/solution/solution-00005 
  6 8.355429098476e+09 1.392571516413e+09 768 7235 3201 23 8 9 9 6.36684914e-08 1.12900074e-07 outputs/V1e26_D10000_G6/solution/solution-00006 
  7 9.748000614888e+09 1.392571516413e+09 768 7235 3201 22 8 9 9 6.60717456e-08 1.18252978e-07 outputs/V1e26_D10000_G6/solution/solution-00007 
  8 1.114057213130e+10 1.392571516413e+09 768 7235 3201 22 8 9 9 6.79590166e-08 1.22657259e-07 outputs/V1e26_D10000_G6/solution/solution-00008 
  9 1.253314364771e+10 1.392571516413e+09 768 7235 3201 21 8 9 9 6.93615322e-08 1.26126901e-07 outputs/V1e26_D10000_G6/solution/solution-00009 
 10 1.392571516413e+10 1.392571516413e+09 768 7235 3201 21 8 9 9 7.03179246e-08 1.28701816e-07 outputs/V1e26_D10000_G6/solution/solution-00010 
 11 1.531828668054e+10 1.392571516413e+09 768 7235 3201 21 8 9 9 7.08707256e-08 1.30440308e-07 outputs/V1e26_D10000_G6/solution/solution-00011 
 12 1.671085819695e+10 1.392571516413e+09 768 7235 3201 21 8 9 9 7.10638368e-08 1.31412588e-07 outputs/V1e26_D10000_G6/solution/solution-00012 
 13 1.810342971336e+10 1.392571516413e+09 768 7235 3201 21 8 9 9 7.09406932e-08 1.31695364e-07 outputs/V1e26_D10000_G6/solution/solution-00013 
 14 1.949600122978e+10 1.392571516413e+09 768 7235 3201 21 8 9 9 7.05429735e-08 1.31367542e-07 outputs/V1e26_D10000_G6/solution/solution-00014 
 15 2.088857274619e+10 1.392571516413e+09 768 7235 3201 21 8 9 9 6.99097483e-08 1.30506974e-07 outputs/V1e26_D10000_G6/solution/solution-00015 
 16 2.228114426260e+10 1.392571516413e+09 768 7235 3201 20 8 9 9 6.90769744e-08 1.29188152e-07 outputs/V1e26_D10000_G6/solution/solution-00016 
 17 2.367371577901e+10 1.392571516413e+09 768 7235 3201 20 8 9 9 6.80772524e-08 1.27480702e-07 outputs/V1e26_D10000_G6/solution/solution-00017 
 18 2.506628729543e+10 1.392571516413e+09 768 7235 3201 20 8 9 9 6.69397786e-08 1.25448503e-07 outputs/V1e26_D10000_G6/solution/solution-00018 
 19 2.645885881184e+10 1.392571516413e+09 768 7235 3201 20 8 9 9 6.56904310e-08 1.23149295e-07 outputs/V1e26_D10000_G6/solution/solution-00019 
 20 2.785143032825e+10 1.392571516413e+09 768 7235 3201 20 8 9 9 6.43519461e-08 1.20634621e-07 outputs/V1e26_D10000_G6/solution/solution-00020 
 21 2.924400184466e+10 1.392571516413e+09 768 7235 3201 20 8 9 9 6.29441471e-08 1.17950018e-07 outputs/V1e26_D10000_G6/solution/solution-00021 
 22 3.063657336108e+10 1.392571516413e+09 768 7235 3201 20 8 9 9 6.14842004e-08 1.15135351e-07 outputs/V1e26_D10000_G6/solution/solution-00022 
 23 3.202914487749e+10 1.392571516413e+09 768 7235 3201 20 8 9 9 5.99868808e-08 1.12225237e-07 outputs/V1e26_D10000_G6/solution/solution-00023 
 24 3.342171639390e+10 1.392571516413e+09 768 7235 3201 20 8 9 9 5.84648310e-08 1.09249516e-07 outputs/V1e26_D10000_G6/solution/solution-00024 
 25 3.481428791032e+10 1.392571516413e+09 768 7235 3201 20 8 9 9 5.69288100e-08 1.06233726e-07 outputs/V1e26_D10000_G6/solution/solution-00025 
 26 3.620685942673e+10 1.392571516413e+09 768 7235 3201 20 8 9 9 5.53879231e-08 1.03199576e-07 outputs/V1e26_D10000_G6/solution/solution-00026 
 27 3.759943094314e+10 1.392571516413e+09 768 7235 3201 20 8 9 9 5.38498323e-08 1.00165384e-07 outputs/V1e26_D10000_G6/solution/solution-00027 
 28 3.899200245955e+10 1.392571516413e+09 768 7235 3201 20 8 9 9 5.23209459e-08 9.71464969e-08 outputs/V1e26_D10000_G6/solution/solution-00028 
 29 4.038457397597e+10 1.392571516413e+09 768 7235 3201 20 8 9 9 5.08065874e-08 9.41556623e-08 outputs/V1e26_D10000_G6/solution/solution-00029 
 30 4.177714549238e+10 1.392571516413e+09 768 7235 3201 20 8 9 9 4.93111453e-08 9.12033741e-08 outputs/V1e26_D10000_G6/solution/solution-00030 
 31 4.316971700879e+10 1.392571516413e+09 768 7235 3201 20 8 9 9 4.78382043e-08 8.82981755e-08 outputs/V1e26_D10000_G6/solution/solution-00031 
 32 4.456228852520e+10 1.392571516413e+09 768 7235 3201 19 8 9 9 4.63906601e-08 8.54469302e-08 outputs/V1e26_D10000_G6/solution/solution-00032 
 33 4.595486004162e+10 1.392571516413e+09 768 7235 3201 19 8 9 9 4.49708195e-08 8.26550613e-08 outputs/V1e26_D10000_G6/solution/solution-00033 
 34 4.734743155803e+10 1.392571516413e+09 768 7235 3201 19 8 9 9 4.35804869e-08 7.99267606e-08 outputs/V1e26_D10000_G6/solution/solution-00034 
 35 4.874000307444e+10 1.392571516413e+09 768 7235 3201 19 8 9 9 4.22210389e-08 7.72651720e-08 outputs/V1e26_D10000_G6/solution/solution-00035 
 36 5.013257459085e+10 1.392571516413e+09 768 7235 3201 19 8 9 9 4.08934893e-08 7.46725502e-08 outputs/V1e26_D10000_G6/solution/solution-00036 
 37 5.152514610727e+10 1.392571516413e+09 768 7235 3201 19 8 9 9 3.95985447e-08 7.21503992e-08 outputs/V1e26_D10000_G6/solution/solution-00037 
 38 5.291771762368e+10 1.392571516413e+09 768 7235 3201 19 8 9 9 3.83366519e-08 6.96995912e-08 outputs/V1e26_D10000_G6/solution/solution-00038 
 39 5.431028914009e+10 1.392571516413e+09 768 7235 3201 19 8 9 9 3.71080389e-08 6.73204702e-08 outputs/V1e26_D10000_G6/solution/solution-00039 
 40 5.570286065650e+10 1.392571516413e+09 768 7235 3201 19 8 9 9 3.59127506e-08 6.50129401e-08 outputs/V1e26_D10000_G6/solution/solution-00040 
 41 5.709543217292e+10 1.392571516413e+09 768 7235 3201 19 8 9 9 3.47506783e-08 6.27765410e-08 outputs/V1e26_D10000_G6/solution/solution-00041 
 42 5.848800368933e+10 1.392571516413e+09 768 7235 3201 19 8 9 9 3.36215856e-08 6.06105142e-08 outputs/V1e26_D10000_G6/solution/solution-00042 
 43 5.988057520574e+10 1.392571516413e+09 768 7235 3201 19 8 9 9 3.25251304e-08 5.85138581e-08 outputs/V1e26_D10000_G6/solution/solution-00043 
 44 6.127314672215e+10 1.392571516413e+09 768 7235 3201 19 8 9 9 3.14608840e-08 5.64853754e-08 outputs/V1e26_D10000_G6/solution/solution-00044 
 45 6.266571823857e+10 1.392571516413e+09 768 7235 3201 19 8 9 9 3.04283465e-08 5.45237138e-08 outputs/V1e26_D10000_G6/solution/solution-00045 
 46 6.405828975498e+10 1.392571516413e+09 768 7235 3201 19 8 9 9 2.94269611e-08 5.26274003e-08 outputs/V1e26_D10000_G6/solution/solution-00046 
 47 6.545086127139e+10 1.392571516413e+09 768 7235 3201 19 8 9 9 2.84561256e-08 5.07948699e-08 outputs/V1e26_D10000_G6/solution/solution-00047 
 48 6.684343278781e+10 1.392571516413e+09 768 7235 3201 19 8 9 9 2.75152022e-08 4.90244905e-08 outputs/V1e26_D10000_G6/solution/solution-00048 
 49 6.823600430422e+10 1.392571516413e+09 768 7235 3201 19 8 9 9 2.66035258e-08 4.73145837e-08 outputs/V1e26_D10000_G6/solution/solution-00049 
 50 6.962857582063e+10 1.392571516413e+09 768 7235 3201 19 8 9 9 2.57204119e-08 4.56634417e-08 outputs/V1e26_D10000_G6/solution/solution-00050 
 51 7.102114733704e+10 1.392571516413e+09 768 7235 3201 19 8 9 9 2.48651617e-08 4.40693419e-08 outputs/V1e26_D10000_G6/solution/solution-00051 
 52 7.241371885346e+10 1.392571516413e+09 768 7235 3201 19 8 9 9 2.40370680e-08 4.25305591e-08 outputs/V1e26_D10000_G6/solution/solution-00052 
 53 7.380629036987e+10 1.392571516413e+09 768 7235 3201 19 8 9 9 2.32354193e-08 4.10453753e-08 outputs/V1e26_D10000_G6/solution/solution-00053 
 54 7.519886188628e+10 1.392571516413e+09 768 7235 3201 19 8 9 9 2.24595036e-08 3.96120882e-08 outputs/V1e26_D10000_G6/solution/solution-00054 
 55 7.659143340269e+10 1.392571516413e+09 768 7235 3201 19 8 9 9 2.17086110e-08 3.82290173e-08 outputs/V1e26_D10000_G6/solution/solution-00055 
 56 7.798400491911e+10 1.392571516413e+09 768 7235 3201 19 8 9 9 2.09820371e-08 3.68945095e-08 outputs/V1e26_D10000_G6/solution/solution-00056 
 57 7.937657643552e+10 1.392571516413e+09 768 7235 3201 19 8 9 9 2.02790843e-08 3.56069438e-08 outputs/V1e26_D10000_G6/solution/solution-00057 
 58 8.076914795193e+10 1.392571516413e+09 768 7235 3201 19 8 9 9 1.95990643e-08 3.43647339e-08 outputs/V1e26_D10000_G6/solution/solution-00058 
 59 8.216171946834e+10 1.392571516413e+09 768 7235 3201 19 8 9 9 1.89412991e-08 3.31663314e-08 outputs/V1e26_D10000_G6/solution/solution-00059 
 60 8.355429098476e+10 1.392571516413e+09 768 7235 3201 19 8 9 9 1.83051223e-08 3.20102273e-08 outputs/V1e26_D10000_G6/solution/solution-00060 
 61 8.494686250117e+10 1.392571516413e+09 768 7235 3201 19 8 9 9 1.76898800e-08 3.08949534e-08 outputs/V1e26_D10000_G6/solution/solution-00061 
 62 8.633943401758e+10 1.392571516413e+09 768 7235 3201 19 8 9 9 1.70949320e-08 2.98190836e-08 outputs/V1e26_D10000_G6/solution/solution-00062 
 63 8.773200553399e+10 1.392571516413e+09 768 7235 3201 19 8 9 9 1.65196515e-08 2.87812335e-08 outputs/V1e26_D10000_G6/solution/solution-00063 
 64 8.912457705041e+10 1.392571516413e+09 768 7235 3201 19 8 9 9 1.59634264e-08 2.77800615e-08 outputs/V1e26_D10000_G6/solution/solution-00064 
 65 9.051714856682e+10 1.392571516413e+09 768 7235 3201 19 8 9 9 1.54256593e-08 2.68142682e-08 outputs/V1e26_D10000_G6/solution/solution-00065 
 66 9.190972008323e+10 1.392571516413e+09 768 7235 3201 19 8 9 9 1.49057674e-08 2.58825960e-08 outputs/V1e26_D10000_G6/solution/solution-00066 
 67 9.330229159964e+10 1.392571516413e+09 768 7235 3201 19 8 9 9 1.44031830e-08 2.49838289e-08 outputs/V1e26_D10000_G6/solution/solution-00067 
 68 9.469486311606e+10 1.392571516413e+09 768 7235 3201 19 8 9 9 1.39173535e-08 2.41167915e-08 outputs/V1e26_D10000_G6/solution/solution-00068 
 69 9.608743463247e+10 1.392571516413e+09 768 7235 3201 19 8 9 9 1.34477413e-08 2.32803486e-08 outputs/V1e26_D10000_G6/solution/solution-00069 
 70 9.748000614888e+10 1.392571516413e+09 768 7235 3201 18 8 9 9 1.29938235e-08 2.24734039e-08 outputs/V1e26_D10000_G6/solution/solution-00070 
 71 9.887257766530e+10 1.392571516413e+09 768 7235 3201 18 8 9 9 1.25550922e-08 2.16948997e-08 outputs/V1e26_D10000_G6/solution/solution-00071 
 72 1.002651491817e+11 1.392571516413e+09 768 7235 3201 18 8 9 9 1.21310539e-08 2.09438150e-08 outputs/V1e26_D10000_G6/solution/solution-00072 
 73 1.016577206981e+11 1.392571516413e+09 768 7235 3201 18 8 9 9 1.17212298e-08 2.02191655e-08 outputs/V1e26_D10000_G6/solution/solution-00073 
 74 1.030502922145e+11 1.392571516413e+09 768 7235 3201 18 8 9 9 1.13251548e-08 1.95200017e-08 outputs/V1e26_D10000_G6/solution/solution-00074 
 75 1.044428637309e+11 1.392571516413e+09 768 7235 3201 18 8 9 9 1.09423782e-08 1.88454084e-08 outputs/V1e26_D10000_G6/solution/solution-00075 
 76 1.058354352474e+11 1.392571516413e+09 768 7235 3201 18 8 9 9 1.05724626e-08 1.81945033e-08 outputs/V1e26_D10000_G6/solution/solution-00076 
 77 1.072280067638e+11 1.392571516413e+09 768 7235 3201 18 8 9 9 1.02149842e-08 1.75664361e-08 outputs/V1e26_D10000_G6/solution/solution-00077 
 78 1.086205782802e+11 1.392571516413e+09 768 7235 3201 18 8 9 9 9.86953208e-09 1.69603876e-08 outputs/V1e26_D10000_G6/solution/solution-00078 
 79 1.100131497966e+11 1.392571516413e+09 768 7235 3201 18 8 9 9 9.53570825e-09 1.63755680e-08 outputs/V1e26_D10000_G6/solution/solution-00079 
 80 1.114057213130e+11 1.392571516413e+09 768 7235 3201 18 8 9 9 9.21312709e-09 1.58112169e-08 outputs/V1e26_D10000_G6/solution/solution-00080 
 81 1.127982928294e+11 1.392571516413e+09 768 7235 3201 18 8 9 9 8.90141515e-09 1.52666012e-08 outputs/V1e26_D10000_G6/solution/solution-00081 
 82 1.141908643458e+11 1.392571516413e+09 768 7235 3201 18 8 9 9 8.60021085e-09 1.47410151e-08 outputs/V1e26_D10000_G6/solution/solution-00082 
 83 1.155834358622e+11 1.392571516413e+09 768 7235 3201 18 8 9 9 8.30916411e-09 1.42337784e-08 outputs/V1e26_D10000_G6/solution/solution-00083 
 84 1.169760073787e+11 1.392571516413e+09 768 7235 3201 18 8 9 9 8.02793607e-09 1.37442358e-08 outputs/V1e26_D10000_G6/solution/solution-00084 
 85 1.183685788951e+11 1.392571516413e+09 768 7235 3201 18 8 9 9 7.75619879e-09 1.32717562e-08 outputs/V1e26_D10000_G6/solution/solution-00085 
 86 1.197611504115e+11 1.392571516413e+09 768 7235 3201 18 8 9 9 7.49363491e-09 1.28157317e-08 outputs/V1e26_D10000_G6/solution/solution-00086 
 87 1.211537219279e+11 1.392571516413e+09 768 7235 3201 18 8 9 9 7.23993738e-09 1.23755765e-08 outputs/V1e26_D10000_G6/solution/solution-00087 
 88 1.225462934443e+11 1.392571516413e+09 768 7235 3201 18 8 9 9 6.99480915e-09 1.19507264e-08 outputs/V1e26_D10000_G6/solution/solution-00088 
 89 1.239388649607e+11 1.392571516413e+09 768 7235 3201 18 8 9 9 6.75796285e-09 1.15406378e-08 outputs/V1e26_D10000_G6/solution/solution-00089 
 90 1.253314364771e+11 1.392571516413e+09 768 7235 3201 18 8 9 9 6.52912054e-09 1.11447871e-08 outputs/V1e26_D10000_G6/solution/solution-00090 
 91 1.267240079935e+11 1.392571516413e+09 768 7235 3201 18 8 9 9 6.30801341e-09 1.07626697e-08 outputs/V1e26_D10000_G6/solution/solution-00091 
 92 1.281165795100e+11 1.392571516413e+09 768 7235 3201 18 8 9 9 6.09438147e-09 1.03937995e-08 outputs/V1e26_D10000_G6/solution/solution-00092 
 93 1.295091510264e+11 1.392571516413e+09 768 7235 3201 18 8 9 9 5.88797336e-09 1.00377081e-08 outputs/V1e26_D10000_G6/solution/solution-00093 
 94 1.309017225428e+11 1.392571516413e+09 768 7235 3201 18 8 9 9 5.68854598e-09 9.69394437e-09 outputs/V1e26_D10000_G6/solution/solution-00094 
 95 1.322942940592e+11 1.392571516413e+09 768 7235 3201 18 8 9 9 5.49586431e-09 9.36207333e-09 outputs/V1e26_D10000_G6/solution/solution-00095 
 96 1.336868655756e+11 1.392571516413e+09 768 7235 3201 18 8 9 9 5.30970113e-09 9.04167595e-09 outputs/V1e26_D10000_G6/solution/solution-00096 
 97 1.350794370920e+11 1.392571516413e+09 768 7235 3201 18 8 9 9 5.12983676e-09 8.73234838e-09 outputs/V1e26_D10000_G6/solution/solution-00097 
 98 1.364720086084e+11 1.392571516413e+09 768 7235 3201 18 8 9 9 4.95605884e-09 8.43370142e-09 outputs/V1e26_D10000_G6/solution/solution-00098 
 99 1.378645801248e+11 1.392571516413e+09 768 7235 3201 18 8 9 9 4.78816209e-09 8.14535995e-09 outputs/V1e26_D10000_G6/solution/solution-00099 
100 1.392571516413e+11 1.392571516413e+09 768 7235 3201 17 8 9 9 4.62594807e-09 7.86696237e-09 outputs/V1e26_D10000_G6/solution/solution-00100 
