# 1: Time step number
# 2: Time (years)
# 3: Time step size (years)
# 4: Number of mesh cells
# 5: Number of Stokes degrees of freedom
# 6: Number of temperature degrees of freedom
# 7: Iterations for temperature solver
# 8: Iterations for Stokes solver
# 9: Velocity iterations in Stokes preconditioner
# 10: Schur complement iterations in Stokes preconditioner
# 11: RMS velocity (m/year)
# 12: Max. velocity (m/year)
# 13: Visualization file name
  0 0.000000000000e+00 0.000000000000e+00 768 7235 3201  0 8 9 9 2.65009159e-06 4.70218698e-06 outputs/V1e24_D30_G4/solution/solution-00000 
  1 1.392571516413e+09 1.392571516413e+09 768 7235 3201 32 8 9 9 3.03389778e-06 5.43785961e-06 outputs/V1e24_D30_G4/solution/solution-00001 
  2 2.785143032825e+09 1.392571516413e+09 768 7235 3201 25 8 9 9 3.92099191e-06 7.50940467e-06 outputs/V1e24_D30_G4/solution/solution-00002 
  3 4.177714549238e+09 1.392571516413e+09 768 7235 3201 24 8 9 9 5.80267295e-06 1.16577906e-05 outputs/V1e24_D30_G4/solution/solution-00003 
  4 5.570286065650e+09 1.392571516413e+09 768 7235 3201 23 8 9 9 9.65701961e-06 1.98547572e-05 outputs/V1e24_D30_G4/solution/solution-00004 
  5 6.962857582063e+09 1.392571516413e+09 768 7235 3201 23 8 9 9 1.75821195e-05 3.63243083e-05 outputs/V1e24_D30_G4/solution/solution-00005 
  6 8.355429098476e+09 1.392571516413e+09 768 7235 3201 22 8 9 9 3.42138484e-05 7.02652738e-05 outputs/V1e24_D30_G4/solution/solution-00006 
  7 9.689159628148e+09 1.333730529672e+09 768 7235 3201 23 8 9 9 6.81976259e-05 1.38790317e-04 outputs/V1e24_D30_G4/solution/solution-00007 
  8 1.036463902574e+10 6.754793975928e+08 768 7235 3201 18 8 9 9 1.01514859e-04 2.05854215e-04 outputs/V1e24_D30_G4/solution/solution-00008 
  9 1.082029790364e+10 4.556588779024e+08 768 7235 3201 14 7 8 8 1.35926106e-04 2.75117313e-04 outputs/V1e24_D30_G4/solution/solution-00009 
 10 1.116105008759e+10 3.407521839427e+08 768 7235 3201 13 7 8 8 1.71121024e-04 3.46091622e-04 outputs/V1e24_D30_G4/solution/solution-00010 
 11 1.143193211405e+10 2.708820264633e+08 768 7235 3201 11 7 8 8 2.06933905e-04 4.18333080e-04 outputs/V1e24_D30_G4/solution/solution-00011 
 12 1.165615168405e+10 2.242195700025e+08 768 7235 3201 11 6 7 7 2.43291341e-04 4.91482818e-04 outputs/V1e24_D30_G4/solution/solution-00012 
 13 1.184686271560e+10 1.907110315531e+08 768 7235 3201 10 6 7 7 2.80096439e-04 5.65536508e-04 outputs/V1e24_D30_G4/solution/solution-00013 
 14 1.201265010841e+10 1.657873928004e+08 768 7235 3201 10 6 7 7 3.17319707e-04 6.40153707e-04 outputs/V1e24_D30_G4/solution/solution-00014 
 15 1.215909931115e+10 1.464492027474e+08 768 7235 3201 10 6 7 7 3.54881544e-04 7.15031242e-04 outputs/V1e24_D30_G4/solution/solution-00015 
 16 1.229027074241e+10 1.311714312590e+08 768 7235 3201  9 6 7 7 3.92724039e-04 7.89304900e-04 outputs/V1e24_D30_G4/solution/solution-00016 
 17 1.240897460719e+10 1.187038647810e+08 768 7235 3201  9 6 7 7 4.30721840e-04 8.64040796e-04 outputs/V1e24_D30_G4/solution/solution-00017 
 18 1.251751894911e+10 1.085443419151e+08 768 7235 3201  9 6 7 7 4.68797345e-04 9.37402373e-04 outputs/V1e24_D30_G4/solution/solution-00018 
 19 1.261753585275e+10 1.000169036377e+08 768 7235 3201  9 6 7 7 5.06798886e-04 1.00997872e-03 outputs/V1e24_D30_G4/solution/solution-00019 
 20 1.271035959034e+10 9.282373759001e+07 768 7235 3201  9 6 7 7 5.44576212e-04 1.08051179e-03 outputs/V1e24_D30_G4/solution/solution-00020 
 21 1.279712403006e+10 8.676443972857e+07 768 7235 3201  9 6 7 7 5.81991910e-04 1.14960248e-03                                           "" 
 22 1.287874382562e+10 8.161979555320e+07 768 7235 3201  9 6 7 7 6.18891413e-04 1.21604530e-03 outputs/V1e24_D30_G4/solution/solution-00021 
 23 1.295586059447e+10 7.711676885367e+07 768 7235 3201  9 6 7 7 6.55054666e-04 1.27937242e-03 outputs/V1e24_D30_G4/solution/solution-00022 
 24 1.302911482320e+10 7.325422872629e+07 768 7235 3201  9 6 7 7 6.90306912e-04 1.33969891e-03 outputs/V1e24_D30_G4/solution/solution-00023 
 25 1.309905179895e+10 6.993697575747e+07 768 7235 3201  9 6 7 7 7.24470714e-04 1.39742591e-03                                           "" 
 26 1.316613444758e+10 6.708264862449e+07 768 7235 3201  9 6 7 7 7.57365217e-04 1.47048429e-03 outputs/V1e24_D30_G4/solution/solution-00024 
 27 1.322993450277e+10 6.380005519328e+07 768 7235 3201  9 6 7 7 7.88412536e-04 1.54410601e-03 outputs/V1e24_D30_G4/solution/solution-00025 
 28 1.329067516195e+10 6.074065917677e+07 768 7235 3201  9 6 7 7 8.17409837e-04 1.61289570e-03                                           "" 
 29 1.334880984860e+10 5.813468665349e+07 768 7235 3201  9 6 7 7 8.44319759e-04 1.67669065e-03 outputs/V1e24_D30_G4/solution/solution-00026 
 30 1.340471914163e+10 5.590929302725e+07 768 7235 3201  9 6 7 7 8.69113613e-04 1.73537583e-03 outputs/V1e24_D30_G4/solution/solution-00027 
 31 1.345872604287e+10 5.400690123889e+07 768 7235 3201  9 6 7 7 8.91772619e-04 1.78888174e-03                                           "" 
 32 1.351110750071e+10 5.238145784380e+07 768 7235 3201 10 6 7 7 9.12288614e-04 1.83718133e-03 outputs/V1e24_D30_G4/solution/solution-00028 
 33 1.356210325077e+10 5.099575005809e+07 768 7235 3201 10 6 7 7 9.30664426e-04 1.88028676e-03                                           "" 
 34 1.361192268766e+10 4.981943689163e+07 768 7235 3201 10 6 7 7 9.46914004e-04 1.91824611e-03 outputs/V1e24_D30_G4/solution/solution-00029 
 35 1.366075026617e+10 4.882757850972e+07 768 7235 3201 10 6 7 7 9.61062333e-04 1.95152887e-03                                           "" 
 36 1.370874978777e+10 4.799952159576e+07 768 7235 3201 10 6 7 7 9.73145148e-04 1.97980721e-03 outputs/V1e24_D30_G4/solution/solution-00030 
 37 1.375606783144e+10 4.731804366929e+07 768 7235 3201 10 6 7 7 9.83208477e-04 2.00319702e-03                                           "" 
 38 1.380283651999e+10 4.676868854904e+07 768 7235 3201 10 6 7 7 9.91308020e-04 2.02185980e-03 outputs/V1e24_D30_G4/solution/solution-00031 
 39 1.384917576470e+10 4.633924471238e+07 768 7235 3201 10 6 7 7 9.97508396e-04 2.03597928e-03                                           "" 
 40 1.389519509640e+10 4.601933170072e+07 768 7235 3201 10 6 7 7 1.00188228e-03 2.04575835e-03                                           "" 
 41 1.394099516547e+10 4.580006906715e+07 768 7235 3201 10 6 7 7 1.00450944e-03 2.05141603e-03 outputs/V1e24_D30_G4/solution/solution-00032 
 42 1.398666897445e+10 4.567380898462e+07 768 7235 3201 10 6 7 7 1.00547576e-03 2.05318457e-03                                           "" 
 43 1.403230289284e+10 4.563391839014e+07 768 7235 3201 10 6 7 7 1.00487214e-03 2.05130663e-03 outputs/V1e24_D30_G4/solution/solution-00033 
 44 1.407797749284e+10 4.567460000009e+07 768 7235 3201 10 6 7 7 1.00279351e-03 2.04603254e-03                                           "" 
 45 1.412376823692e+10 4.579074407557e+07 768 7235 3201  9 6 7 7 9.99337728e-04 2.03761769e-03 outputs/V1e24_D30_G4/solution/solution-00034 
 46 1.416974604162e+10 4.597780470743e+07 768 7235 3201  9 6 7 7 9.94604579e-04 2.02632010e-03                                           "" 
 47 1.421597773744e+10 4.623169581100e+07 768 7235 3201  9 6 7 7 9.88694819e-04 2.01239806e-03 outputs/V1e24_D30_G4/solution/solution-00035 
 48 1.426252644053e+10 4.654870309812e+07 768 7235 3201  9 6 7 7 9.81709241e-04 1.99610798e-03                                           "" 
 49 1.430945184965e+10 4.692540912063e+07 768 7235 3201  9 6 7 7 9.73747833e-04 1.97783003e-03 outputs/V1e24_D30_G4/solution/solution-00036 
 50 1.435681047877e+10 4.735862912104e+07 768 7235 3201  9 6 7 7 9.64909001e-04 1.95786516e-03                                           "" 
 51 1.440465583470e+10 4.784535592894e+07 768 7235 3201  9 6 7 7 9.55288865e-04 1.93628366e-03 outputs/V1e24_D30_G4/solution/solution-00037 
 52 1.445303854724e+10 4.838271253980e+07 768 7235 3201  9 6 7 7 9.44980648e-04 1.91331365e-03                                           "" 
 53 1.450200645857e+10 4.896791133112e+07 768 7235 3201  9 6 7 7 9.34074133e-04 1.88917409e-03 outputs/V1e24_D30_G4/solution/solution-00038 
 54 1.455160467770e+10 4.959821912588e+07 768 7235 3201  9 6 7 7 9.22655207e-04 1.86407372e-03                                           "" 
 55 1.460187560522e+10 5.027092751845e+07 768 7235 3201  9 6 7 7 9.10805483e-04 1.83821030e-03 outputs/V1e24_D30_G4/solution/solution-00039 
 56 1.465285893326e+10 5.098332804138e+07 768 7235 3201  9 6 7 7 8.98601997e-04 1.81177000e-03                                           "" 
 57 1.470459162514e+10 5.173269187967e+07 768 7235 3201  9 6 7 7 8.86116977e-04 1.78492697e-03 outputs/V1e24_D30_G4/solution/solution-00040 
 58 1.475710787908e+10 5.251625393568e+07 768 7235 3201  9 6 7 7 8.73417681e-04 1.75784301e-03                                           "" 
 59 1.481043908019e+10 5.333120111594e+07 768 7235 3201  9 6 7 7 8.60566302e-04 1.73066745e-03 outputs/V1e24_D30_G4/solution/solution-00041 
 60 1.486461374494e+10 5.417466475260e+07 768 7235 3201  9 6 7 7 8.47619927e-04 1.70353711e-03                                           "" 
 61 1.491965746203e+10 5.504371708891e+07 768 7235 3201  9 6 7 7 8.34630560e-04 1.67657642e-03 outputs/V1e24_D30_G4/solution/solution-00042 
 62 1.497559283378e+10 5.593537175112e+07 768 7235 3201  9 6 7 7 8.21645188e-04 1.64989759e-03                                           "" 
 63 1.503243942189e+10 5.684658810186e+07 768 7235 3201  9 6 7 7 8.08705898e-04 1.62360090e-03 outputs/V1e24_D30_G4/solution/solution-00043 
 64 1.509021370121e+10 5.777427932386e+07 768 7235 3201  9 6 7 7 7.95850033e-04 1.59777507e-03                                           "" 
 65 1.514892902523e+10 5.871532402203e+07 768 7235 3201  9 6 7 7 7.83110386e-04 1.57249768e-03 outputs/V1e24_D30_G4/solution/solution-00044 
 66 1.520859560629e+10 5.966658106068e+07 768 7235 3201  9 6 7 7 7.70515420e-04 1.54783563e-03 outputs/V1e24_D30_G4/solution/solution-00045 
 67 1.526922051357e+10 6.062490727572e+07 768 7235 3201  9 6 7 7 7.58089524e-04 1.52384568e-03                                           "" 
 68 1.533080769119e+10 6.158717762425e+07 768 7235 3201  8 6 7 7 7.45853275e-04 1.50057499e-03 outputs/V1e24_D30_G4/solution/solution-00046 
 69 1.539334735108e+10 6.253965988392e+07 768 7235 3201  8 6 7 7 7.33825746e-04 1.47806543e-03                                           "" 
 70 1.545682912223e+10 6.348177114889e+07 768 7235 3201  8 6 7 7 7.22022065e-04 1.45634886e-03 outputs/V1e24_D30_G4/solution/solution-00047 
 71 1.552124702425e+10 6.441790201987e+07 768 7235 3201  8 6 7 7 7.10452948e-04 1.43544646e-03 outputs/V1e24_D30_G4/solution/solution-00048 
 72 1.558659231630e+10 6.534529205623e+07 768 7235 3201  8 6 7 7 6.99126476e-04 1.41537216e-03                                           "" 
 73 1.565285364597e+10 6.626132967119e+07 768 7235 3201  8 6 7 7 6.88048400e-04 1.39613324e-03 outputs/V1e24_D30_G4/solution/solution-00049 
 74 1.572001721944e+10 6.716357346429e+07 768 7235 3201  8 6 7 7 6.77222438e-04 1.37773097e-03 outputs/V1e24_D30_G4/solution/solution-00050 
 75 1.578806699083e+10 6.804977139645e+07 768 7235 3201  8 5 6 6 6.66650558e-04 1.36031467e-03                                           "" 
 76 1.585698486837e+10 6.891787753502e+07 768 7235 3201  8 5 6 6 6.56333250e-04 1.34377652e-03 outputs/V1e24_D30_G4/solution/solution-00051 
 77 1.592675093332e+10 6.976606495168e+07 768 7235 3201  8 5 6 6 6.46269771e-04 1.32804030e-03 outputs/V1e24_D30_G4/solution/solution-00052 
 78 1.599734367039e+10 7.059273707161e+07 768 7235 3201  8 5 6 6 6.36458377e-04 1.31308895e-03                                           "" 
 79 1.606874020427e+10 7.139653388054e+07 768 7235 3201  8 5 6 6 6.26896527e-04 1.29890219e-03 outputs/V1e24_D30_G4/solution/solution-00053 
 80 1.614091653974e+10 7.217633547057e+07 768 7235 3201  8 5 6 6 6.17581068e-04 1.28545698e-03 outputs/V1e24_D30_G4/solution/solution-00054 
 81 1.621384780169e+10 7.293126195090e+07 768 7235 3201  8 5 6 6 6.08508394e-04 1.27272804e-03 outputs/V1e24_D30_G4/solution/solution-00055 
 82 1.628750847173e+10 7.366067003196e+07 768 7235 3201  8 5 6 6 5.99674585e-04 1.26068817e-03                                           "" 
 83 1.636187261823e+10 7.436414650860e+07 768 7235 3201  8 5 6 6 5.91075519e-04 1.24930873e-03 outputs/V1e24_D30_G4/solution/solution-00056 
 84 1.643691411718e+10 7.504149894214e+07 768 7235 3201  8 5 6 6 5.82706968e-04 1.23855994e-03 outputs/V1e24_D30_G4/solution/solution-00057 
 85 1.651260686107e+10 7.569274389750e+07 768 7235 3201  8 5 6 6 5.74564667e-04 1.22841120e-03 outputs/V1e24_D30_G4/solution/solution-00058 
 86 1.658892495421e+10 7.631809313223e+07 768 7235 3201  8 5 6 6 5.66644377e-04 1.21883142e-03                                           "" 
 87 1.666584289236e+10 7.691793815801e+07 768 7235 3201  8 5 6 6 5.58941918e-04 1.20978929e-03 outputs/V1e24_D30_G4/solution/solution-00059 
 88 1.674333572597e+10 7.749283360214e+07 768 7235 3201  8 5 6 6 5.51453196e-04 1.20125346e-03 outputs/V1e24_D30_G4/solution/solution-00060 
 89 1.682137920576e+10 7.804347978974e+07 768 7235 3201  8 5 6 6 5.44174213e-04 1.19319281e-03 outputs/V1e24_D30_G4/solution/solution-00061 
 90 1.689994991070e+10 7.857070494665e+07 768 7235 3201  8 5 6 6 5.37101073e-04 1.18557660e-03                                           "" 
 91 1.697902535810e+10 7.907544739243e+07 768 7235 3201  7 5 6 6 5.30229970e-04 1.17837465e-03 outputs/V1e24_D30_G4/solution/solution-00062 
 92 1.705858409615e+10 7.955873805270e+07 768 7235 3201  7 5 6 6 5.23557174e-04 1.17155746e-03 outputs/V1e24_D30_G4/solution/solution-00063 
 93 1.713860577972e+10 8.002168357456e+07 768 7235 3201  7 5 6 6 5.17079016e-04 1.16509632e-03 outputs/V1e24_D30_G4/solution/solution-00064 
 94 1.721907123000e+10 8.046545027913e+07 768 7235 3201  7 5 6 6 5.10791859e-04 1.15896344e-03 outputs/V1e24_D30_G4/solution/solution-00065 
 95 1.729996247914e+10 8.089124913417e+07 768 7235 3201  7 5 6 6 5.04692074e-04 1.15313197e-03                                           "" 
 96 1.738126280102e+10 8.130032187918e+07 768 7235 3201  7 5 6 6 4.98776020e-04 1.14757610e-03 outputs/V1e24_D30_G4/solution/solution-00066 
 97 1.746295672940e+10 8.169392838736e+07 768 7235 3201  7 5 6 6 4.93040012e-04 1.14227111e-03 outputs/V1e24_D30_G4/solution/solution-00067 
 98 1.754503006471e+10 8.207333530443e+07 768 7235 3201  7 5 6 6 4.87480304e-04 1.13719336e-03 outputs/V1e24_D30_G4/solution/solution-00068 
 99 1.762746987067e+10 8.243980596533e+07 768 7235 3201  7 5 6 6 4.82093068e-04 1.13232034e-03 outputs/V1e24_D30_G4/solution/solution-00069 
100 1.771026446223e+10 8.279459155657e+07 768 7235 3201  7 5 6 6 4.76874378e-04 1.12763067e-03 outputs/V1e24_D30_G4/solution/solution-00070 
