# 1: Time step number
# 2: Time (years)
# 3: Time step size (years)
# 4: Number of mesh cells
# 5: Number of Stokes degrees of freedom
# 6: Number of temperature degrees of freedom
# 7: Iterations for temperature solver
# 8: Iterations for Stokes solver
# 9: Velocity iterations in Stokes preconditioner
# 10: Schur complement iterations in Stokes preconditioner
# 11: RMS velocity (m/year)
# 12: Max. velocity (m/year)
# 13: Visualization file name
  0 0.000000000000e+00 0.000000000000e+00 768 7235 3201  0 8 9 9 9.27532055e-06 1.64576544e-05 outputs/V1e24_D30_G14/solution/solution-00000 
  1 1.392571516413e+09 1.392571516413e+09 768 7235 3201 31 8 9 9 1.52774967e-05 2.96452185e-05 outputs/V1e24_D30_G14/solution/solution-00001 
  2 2.785143032825e+09 1.392571516413e+09 768 7235 3201 25 8 9 9 3.68499291e-05 7.85797941e-05 outputs/V1e24_D30_G14/solution/solution-00002 
  3 3.978705293376e+09 1.193562260551e+09 768 7235 3201 24 8 9 9 1.04512801e-04 2.28553576e-04 outputs/V1e24_D30_G14/solution/solution-00003 
  4 4.388959473458e+09 4.102541800822e+08 768 7235 3201 15 8 9 9 1.72731358e-04 3.80590050e-04 outputs/V1e24_D30_G14/solution/solution-00004 
  5 4.635260637890e+09 2.463011644315e+08 768 7235 3201 12 8 9 9 2.46256347e-04 5.46055072e-04 outputs/V1e24_D30_G14/solution/solution-00005 
  6 4.806946617701e+09 1.716859798117e+08 768 7235 3201 11 7 8 8 3.23656719e-04 7.22123863e-04 outputs/V1e24_D30_G14/solution/solution-00006 
  7 4.936772901364e+09 1.298262836628e+08 768 7235 3201 11 7 8 8 4.04493094e-04 9.08280463e-04 outputs/V1e24_D30_G14/solution/solution-00007 
  8 5.040003420846e+09 1.032305194822e+08 768 7235 3201 10 7 8 8 4.88695035e-04 1.10404054e-03 outputs/V1e24_D30_G14/solution/solution-00008 
  9 5.124923690048e+09 8.492026920130e+07 768 7235 3201 10 7 8 8 5.76284664e-04 1.30883286e-03 outputs/V1e24_D30_G14/solution/solution-00009 
 10 5.196552392917e+09 7.162870286903e+07 768 7235 3201 10 6 7 7 6.67283961e-04 1.52113469e-03                                            "" 
 11 5.258182255864e+09 6.162986294703e+07 768 7235 3201 10 6 7 7 7.61687447e-04 1.74030424e-03 outputs/V1e24_D30_G14/solution/solution-00010 
 12 5.312083619290e+09 5.390136342579e+07 768 7235 3201 10 6 7 7 8.59418035e-04 1.96425954e-03 outputs/V1e24_D30_G14/solution/solution-00011 
 13 5.359811528021e+09 4.772790873132e+07 768 7235 3201 10 6 7 7 9.60143074e-04 2.19081580e-03                                            "" 
 14 5.402630200472e+09 4.281867245147e+07 768 7235 3201 11 6 7 7 1.06367650e-03 2.41803598e-03 outputs/V1e24_D30_G14/solution/solution-00012 
 15 5.441403895348e+09 3.877369487606e+07 768 7235 3201 11 6 7 7 1.16948160e-03 2.64265688e-03                                            "" 
 16 5.476859197790e+09 3.545530244135e+07 768 7235 3201 11 6 7 7 1.27706753e-03 2.86613852e-03                                            "" 
 17 5.509589722231e+09 3.273052444094e+07 768 7235 3201 12 6 7 7 1.38591508e-03 3.12352252e-03 outputs/V1e24_D30_G14/solution/solution-00013 
 18 5.539639835778e+09 3.005011354731e+07 768 7235 3201 12 6 7 7 1.49382212e-03 3.43446636e-03                                            "" 
 19 5.566950874709e+09 2.731103893054e+07 768 7235 3201 12 6 7 7 1.59808747e-03 3.73535084e-03                                            "" 
 20 5.592044176444e+09 2.509330173508e+07 768 7235 3201 12 6 7 7 1.69839262e-03 4.02406541e-03                                            "" 
 21 5.615320220205e+09 2.327604376118e+07 768 7235 3201 12 6 7 7 1.79441777e-03 4.30336229e-03 outputs/V1e24_D30_G14/solution/solution-00014 
 22 5.637092975167e+09 2.177275496198e+07 768 7235 3201 12 6 7 7 1.88585359e-03 4.56946984e-03                                            "" 
 23 5.657612937817e+09 2.051996264977e+07 768 7235 3201 12 6 7 7 1.97240668e-03 4.81932684e-03                                            "" 
 24 5.677083109477e+09 1.947017166053e+07 768 7235 3201 12 6 7 7 2.05380295e-03 5.05178199e-03                                            "" 
 25 5.695659218660e+09 1.857610918264e+07 768 7235 3201 12 6 7 7 2.12974581e-03 5.26580720e-03                                            "" 
 26 5.713464782995e+09 1.780556433490e+07 768 7235 3201 12 6 7 7 2.19995459e-03 5.46451074e-03 outputs/V1e24_D30_G14/solution/solution-00015 
 27 5.730620939217e+09 1.715615622239e+07 768 7235 3201 13 6 7 7 2.26426340e-03 5.64426946e-03                                            "" 
 28 5.747230706118e+09 1.660976690075e+07 768 7235 3201 13 6 7 7 2.32253638e-03 5.80423664e-03                                            "" 
 29 5.763382700912e+09 1.615199479437e+07 768 7235 3201 13 6 7 7 2.37467009e-03 5.94478702e-03                                            "" 
 30 5.779153997415e+09 1.577129650263e+07 768 7235 3201 13 6 7 7 2.42059571e-03 6.06935586e-03                                            "" 
 31 5.794612348016e+09 1.545835060163e+07 768 7235 3201 13 6 7 7 2.46028124e-03 6.17425868e-03 outputs/V1e24_D30_G14/solution/solution-00016 
 32 5.809809339008e+09 1.519699099136e+07 768 7235 3201 13 6 7 7 2.49371612e-03 6.25978477e-03 outputs/V1e24_D30_G14/solution/solution-00017 
 33 5.824791165483e+09 1.498182647542e+07 768 7235 3201 13 6 7 7 2.52094468e-03 6.32640196e-03                                            "" 
 34 5.839608352087e+09 1.481718660373e+07 768 7235 3201 13 6 7 7 2.54207659e-03 6.37476433e-03                                            "" 
 35 5.854306857018e+09 1.469850493076e+07 768 7235 3201 13 6 7 7 2.55725996e-03 6.40637587e-03                                            "" 
 36 5.868928844155e+09 1.462198713778e+07 768 7235 3201 13 6 7 7 2.56668075e-03 6.42519987e-03                                            "" 
 37 5.883513300537e+09 1.458445638140e+07 768 7235 3201 13 6 7 7 2.57056145e-03 6.42784166e-03 outputs/V1e24_D30_G14/solution/solution-00018 
 38 5.898096529370e+09 1.458322883344e+07 768 7235 3201 13 6 7 7 2.56915887e-03 6.41528694e-03                                            "" 
 39 5.912712541761e+09 1.461601239029e+07 768 7235 3201 13 6 7 7 2.56276109e-03 6.38859165e-03 outputs/V1e24_D30_G14/solution/solution-00019 
 40 5.927393365083e+09 1.468082332267e+07 768 7235 3201 13 6 7 7 2.55168381e-03 6.34886911e-03                                            "" 
 41 5.942169282039e+09 1.477591695564e+07 768 7235 3201 13 6 7 7 2.53626591e-03 6.29727655e-03                                            "" 
 42 5.957069011547e+09 1.489972950765e+07 768 7235 3201 13 6 7 7 2.51686462e-03 6.23500090e-03                                            "" 
 43 5.972119840590e+09 1.505082904382e+07 768 7235 3201 13 6 7 7 2.49385024e-03 6.16324431e-03                                            "" 
 44 5.987345148216e+09 1.522530762559e+07 768 7235 3201 13 6 7 7 2.46760536e-03 6.08322343e-03 outputs/V1e24_D30_G14/solution/solution-00020 
 45 6.002768864538e+09 1.542371632204e+07 768 7235 3201 13 6 7 7 2.43851268e-03 5.99613391e-03 outputs/V1e24_D30_G14/solution/solution-00021 
 46 6.018415280374e+09 1.564641583570e+07 768 7235 3201 13 6 7 7 2.40694833e-03 5.90313331e-03                                            "" 
 47 6.034307411916e+09 1.589213154221e+07 768 7235 3201 12 6 7 7 2.37327966e-03 5.80533685e-03                                            "" 
 48 6.050466991073e+09 1.615957915668e+07 768 7235 3201 12 6 7 7 2.33786121e-03 5.70380704e-03                                            "" 
 49 6.066914438582e+09 1.644744750894e+07 768 7235 3201 12 6 7 7 2.30103125e-03 5.59954492e-03                                            "" 
 50 6.083668824149e+09 1.675438556772e+07 768 7235 3201 12 6 7 7 2.26310896e-03 5.49348306e-03 outputs/V1e24_D30_G14/solution/solution-00022 
 51 6.100747817618e+09 1.707899346917e+07 768 7235 3201 12 6 7 7 2.22439237e-03 5.38648027e-03 outputs/V1e24_D30_G14/solution/solution-00023 
 52 6.118167634964e+09 1.741981734516e+07 768 7235 3201 12 6 7 7 2.18515675e-03 5.27931812e-03                                            "" 
 53 6.135942899334e+09 1.777526437049e+07 768 7235 3201 12 6 7 7 2.14565397e-03 5.17269959e-03                                            "" 
 54 6.154082519060e+09 1.813961972566e+07 768 7235 3201 12 6 7 7 2.10612078e-03 5.06727189e-03                                            "" 
 55 6.172597256626e+09 1.851473756653e+07 768 7235 3201 12 6 7 7 2.06676173e-03 4.96358118e-03                                            "" 
 56 6.191496246901e+09 1.889899027481e+07 768 7235 3201 12 6 7 7 2.02775745e-03 4.86209638e-03 outputs/V1e24_D30_G14/solution/solution-00024 
 57 6.210786971471e+09 1.929072456992e+07 768 7235 3201 12 6 7 7 1.98926540e-03 4.76321260e-03 outputs/V1e24_D30_G14/solution/solution-00025 
 58 6.230475245481e+09 1.968827401028e+07 768 7235 3201 12 6 7 7 1.95142096e-03 4.66725533e-03                                            "" 
 59 6.250565218413e+09 2.008997293155e+07 768 7235 3201 12 6 7 7 1.91433869e-03 4.57448535e-03                                            "" 
 60 6.271059389803e+09 2.049417138991e+07 768 7235 3201 12 6 7 7 1.87811364e-03 4.48510389e-03                                            "" 
 61 6.291958640446e+09 2.089925064366e+07 768 7235 3201 11 6 7 7 1.84282287e-03 4.39925816e-03                                            "" 
 62 6.313262279138e+09 2.130363869202e+07 768 7235 3201 11 6 7 7 1.80852689e-03 4.31704682e-03 outputs/V1e24_D30_G14/solution/solution-00026 
 63 6.334968104531e+09 2.170582539258e+07 768 7235 3201 11 6 7 7 1.77527116e-03 4.23852541e-03                                            "" 
 64 6.357072481231e+09 2.210437670007e+07 768 7235 3201 11 6 7 7 1.74308755e-03 4.16418653e-03                                            "" 
 65 6.379570428840e+09 2.249794760905e+07 768 7235 3201 11 6 7 7 1.71199578e-03 4.09437635e-03                                            "" 
 66 6.402455722282e+09 2.288529344161e+07 768 7235 3201 11 6 7 7 1.68200475e-03 4.02815292e-03 outputs/V1e24_D30_G14/solution/solution-00027 
 67 6.425721001477e+09 2.326527919502e+07 768 7235 3201 11 6 7 7 1.65311390e-03 3.96545039e-03                                            "" 
 68 6.449357888226e+09 2.363688674933e+07 768 7235 3201 11 6 7 7 1.62531439e-03 3.90618394e-03                                            "" 
 69 6.473357108052e+09 2.399921982585e+07 768 7235 3201 11 6 7 7 1.59859031e-03 3.85025330e-03                                            "" 
 70 6.497708614730e+09 2.435150667797e+07 768 7235 3201 11 6 7 7 1.57291971e-03 3.79754590e-03                                            "" 
 71 6.522401715311e+09 2.469310058137e+07 768 7235 3201 11 6 7 7 1.54827564e-03 3.74793981e-03 outputs/V1e24_D30_G14/solution/solution-00028 
 72 6.547425193576e+09 2.502347826491e+07 768 7235 3201 11 6 7 7 1.52462705e-03 3.70130618e-03                                            "" 
 73 6.572767430061e+09 2.534223648501e+07 768 7235 3201 11 6 7 7 1.50193963e-03 3.65751149e-03                                            "" 
 74 6.598416517053e+09 2.564908699134e+07 768 7235 3201 11 6 7 7 1.48017659e-03 3.61641945e-03                                            "" 
 75 6.624360367213e+09 2.594385016015e+07 768 7235 3201 11 6 7 7 1.45929930e-03 3.57789265e-03 outputs/V1e24_D30_G14/solution/solution-00029 
 76 6.650585896475e+09 2.622552926223e+07 768 7235 3201 11 6 7 7 1.43926859e-03 3.54179513e-03                                            "" 
 77 6.677074783242e+09 2.648888676756e+07 768 7235 3201 11 6 7 7 1.42004821e-03 3.50799842e-03                                            "" 
 78 6.703815071886e+09 2.674028864355e+07 768 7235 3201 11 6 7 7 1.40159663e-03 3.47636710e-03 outputs/V1e24_D30_G14/solution/solution-00030 
 79 6.730795007577e+09 2.697993569065e+07 768 7235 3201 11 6 7 7 1.38387260e-03 3.44676910e-03                                            "" 
 80 6.758003099483e+09 2.720809190616e+07 768 7235 3201 10 6 7 7 1.36683547e-03 3.41907630e-03                                            "" 
 81 6.785428175219e+09 2.742507573656e+07 768 7235 3201 10 6 7 7 1.35044548e-03 3.39316495e-03                                            "" 
 82 6.813059426910e+09 2.763125169032e+07 768 7235 3201 10 6 7 7 1.33466399e-03 3.36902736e-03 outputs/V1e24_D30_G14/solution/solution-00031 
 83 6.840886449336e+09 2.782702242606e+07 768 7235 3201 10 6 7 7 1.31945363e-03 3.34668182e-03                                            "" 
 84 6.868899270728e+09 2.801282139216e+07 768 7235 3201 10 6 7 7 1.30477846e-03 3.32575286e-03                                            "" 
 85 6.897088376791e+09 2.818910606331e+07 768 7235 3201 10 5 6 6 1.29060408e-03 3.30613756e-03                                            "" 
 86 6.925444728671e+09 2.835635187993e+07 768 7235 3201 10 5 6 6 1.27689767e-03 3.28773795e-03 outputs/V1e24_D30_G14/solution/solution-00032 
 87 6.953959775046e+09 2.851504637493e+07 768 7235 3201 10 5 6 6 1.26362808e-03 3.27046086e-03                                            "" 
 88 6.982625459828e+09 2.866568478202e+07 768 7235 3201 10 5 6 6 1.25076579e-03 3.25421791e-03                                            "" 
 89 7.011434225159e+09 2.880876533123e+07 768 7235 3201 10 5 6 6 1.23828297e-03 3.23892536e-03 outputs/V1e24_D30_G14/solution/solution-00033 
 90 7.040379010704e+09 2.894478554422e+07 768 7235 3201 10 5 6 6 1.22615344e-03 3.22450401e-03                                            "" 
 91 7.069453249647e+09 2.907423894382e+07 768 7235 3201 10 5 6 6 1.21435267e-03 3.21087900e-03                                            "" 
 92 7.098650861877e+09 2.919761222993e+07 768 7235 3201 10 5 6 6 1.20285768e-03 3.19797972e-03                                            "" 
 93 7.127966244757e+09 2.931538287970e+07 768 7235 3201 10 5 6 6 1.19164709e-03 3.18573962e-03 outputs/V1e24_D30_G14/solution/solution-00034 
 94 7.157394261888e+09 2.942801713118e+07 768 7235 3201 10 5 6 6 1.18070101e-03 3.17409604e-03                                            "" 
 95 7.186930230200e+09 2.953596831144e+07 768 7235 3201 10 5 6 6 1.17000098e-03 3.16299010e-03                                            "" 
 96 7.216569905672e+09 2.963967547252e+07 768 7235 3201 10 5 6 6 1.15952996e-03 3.15236650e-03 outputs/V1e24_D30_G14/solution/solution-00035 
 97 7.246309467974e+09 2.973956230171e+07 768 7235 3201 10 5 6 6 1.14927226e-03 3.14217342e-03                                            "" 
 98 7.276145504249e+09 2.983603627531e+07 768 7235 3201  9 5 6 6 1.13921345e-03 3.13236230e-03                                            "" 
 99 7.306074992277e+09 2.992948802827e+07 768 7235 3201  9 5 6 6 1.12934034e-03 3.12288779e-03 outputs/V1e24_D30_G14/solution/solution-00036 
100 7.336095283192e+09 3.002029091489e+07 768 7235 3201  9 5 6 6 1.11964091e-03 3.11370754e-03                                            "" 
