# 1: Time step number
# 2: Time (years)
# 3: Time step size (years)
# 4: Number of mesh cells
# 5: Number of Stokes degrees of freedom
# 6: Number of temperature degrees of freedom
# 7: Iterations for temperature solver
# 8: Iterations for Stokes solver
# 9: Velocity iterations in Stokes preconditioner
# 10: Schur complement iterations in Stokes preconditioner
# 11: RMS velocity (m/year)
# 12: Max. velocity (m/year)
# 13: Visualization file name
  0 0.000000000000e+00 0.000000000000e+00 768 7235 3201  0 8 9 9 1.72500125e-08 8.38086616e-08 outputs/V1e26_D10000_G2/solution/solution-00000 
  1 1.392571516413e+09 1.392571516413e+09 768 7235 3201 32 8 9 9 1.42028658e-08 4.57384853e-08 outputs/V1e26_D10000_G2/solution/solution-00001 
  2 2.785143032825e+09 1.392571516413e+09 768 7235 3201 26 8 9 9 1.33491530e-08 2.39978545e-08 outputs/V1e26_D10000_G2/solution/solution-00002 
  3 4.177714549238e+09 1.392571516413e+09 768 7235 3201 25 8 9 9 1.32018800e-08 2.23478936e-08 outputs/V1e26_D10000_G2/solution/solution-00003 
  4 5.570286065650e+09 1.392571516413e+09 768 7235 3201 24 8 9 9 1.30201005e-08 2.21708309e-08 outputs/V1e26_D10000_G2/solution/solution-00004 
  5 6.962857582063e+09 1.392571516413e+09 768 7235 3201 23 8 9 9 1.27947879e-08 2.18943889e-08 outputs/V1e26_D10000_G2/solution/solution-00005 
  6 8.355429098476e+09 1.392571516413e+09 768 7235 3201 23 8 9 9 1.25251094e-08 2.15304202e-08 outputs/V1e26_D10000_G2/solution/solution-00006 
  7 9.748000614888e+09 1.392571516413e+09 768 7235 3201 22 8 9 9 1.22183172e-08 2.10918413e-08 outputs/V1e26_D10000_G2/solution/solution-00007 
  8 1.114057213130e+10 1.392571516413e+09 768 7235 3201 22 8 9 9 1.18825952e-08 2.05914886e-08 outputs/V1e26_D10000_G2/solution/solution-00008 
  9 1.253314364771e+10 1.392571516413e+09 768 7235 3201 21 8 9 9 1.15254311e-08 2.00415525e-08 outputs/V1e26_D10000_G2/solution/solution-00009 
 10 1.392571516413e+10 1.392571516413e+09 768 7235 3201 21 8 9 9 1.11533382e-08 1.94532779e-08 outputs/V1e26_D10000_G2/solution/solution-00010 
 11 1.531828668054e+10 1.392571516413e+09 768 7235 3201 21 8 9 9 1.07718478e-08 1.88368072e-08 outputs/V1e26_D10000_G2/solution/solution-00011 
 12 1.671085819695e+10 1.392571516413e+09 768 7235 3201 21 8 9 9 1.03855816e-08 1.82011140e-08 outputs/V1e26_D10000_G2/solution/solution-00012 
 13 1.810342971336e+10 1.392571516413e+09 768 7235 3201 21 8 9 9 9.99835066e-09 1.75539989e-08 outputs/V1e26_D10000_G2/solution/solution-00013 
 14 1.949600122978e+10 1.392571516413e+09 768 7235 3201 21 8 9 9 9.61325692e-09 1.69021312e-08 outputs/V1e26_D10000_G2/solution/solution-00014 
 15 2.088857274619e+10 1.392571516413e+09 768 7235 3201 21 8 9 9 9.23279197e-09 1.62511212e-08 outputs/V1e26_D10000_G2/solution/solution-00015 
 16 2.228114426260e+10 1.392571516413e+09 768 7235 3201 20 8 9 9 8.85892705e-09 1.56056123e-08 outputs/V1e26_D10000_G2/solution/solution-00016 
 17 2.367371577901e+10 1.392571516413e+09 768 7235 3201 20 8 9 9 8.49319410e-09 1.49693833e-08 outputs/V1e26_D10000_G2/solution/solution-00017 
 18 2.506628729543e+10 1.392571516413e+09 768 7235 3201 20 8 9 9 8.13675699e-09 1.43454529e-08 outputs/V1e26_D10000_G2/solution/solution-00018 
 19 2.645885881184e+10 1.392571516413e+09 768 7235 3201 20 8 9 9 7.79047356e-09 1.37361816e-08 outputs/V1e26_D10000_G2/solution/solution-00019 
 20 2.785143032825e+10 1.392571516413e+09 768 7235 3201 20 8 9 9 7.45494885e-09 1.31433670e-08 outputs/V1e26_D10000_G2/solution/solution-00020 
 21 2.924400184466e+10 1.392571516413e+09 768 7235 3201 20 8 9 9 7.13058067e-09 1.25683309e-08 outputs/V1e26_D10000_G2/solution/solution-00021 
 22 3.063657336108e+10 1.392571516413e+09 768 7235 3201 20 8 9 9 6.81759800e-09 1.20119963e-08 outputs/V1e26_D10000_G2/solution/solution-00022 
 23 3.202914487749e+10 1.392571516413e+09 768 7235 3201 20 8 9 9 6.51609348e-09 1.14749563e-08 outputs/V1e26_D10000_G2/solution/solution-00023 
 24 3.342171639390e+10 1.392571516413e+09 768 7235 3201 20 8 9 9 6.22605042e-09 1.09575321e-08 outputs/V1e26_D10000_G2/solution/solution-00024 
 25 3.481428791032e+10 1.392571516413e+09 768 7235 3201 20 8 9 9 5.94736549e-09 1.04598243e-08 outputs/V1e26_D10000_G2/solution/solution-00025 
 26 3.620685942673e+10 1.392571516413e+09 768 7235 3201 20 8 9 9 5.67986732e-09 9.98175493e-09 outputs/V1e26_D10000_G2/solution/solution-00026 
 27 3.759943094314e+10 1.392571516413e+09 768 7235 3201 20 8 9 9 5.42333203e-09 9.52310459e-09 outputs/V1e26_D10000_G2/solution/solution-00027 
 28 3.899200245955e+10 1.392571516413e+09 768 7235 3201 20 8 9 9 5.17749590e-09 9.08354212e-09 outputs/V1e26_D10000_G2/solution/solution-00028 
 29 4.038457397597e+10 1.392571516413e+09 768 7235 3201 20 8 9 9 4.94206578e-09 8.66265020e-09 outputs/V1e26_D10000_G2/solution/solution-00029 
 30 4.177714549238e+10 1.392571516413e+09 768 7235 3201 20 8 9 9 4.71672755e-09 8.25994622e-09 outputs/V1e26_D10000_G2/solution/solution-00030 
 31 4.316971700879e+10 1.392571516413e+09 768 7235 3201 20 8 9 9 4.50115304e-09 7.87489968e-09 outputs/V1e26_D10000_G2/solution/solution-00031 
 32 4.456228852520e+10 1.392571516413e+09 768 7235 3201 19 8 9 9 4.29500553e-09 7.50694630e-09 outputs/V1e26_D10000_G2/solution/solution-00032 
 33 4.595486004162e+10 1.392571516413e+09 768 7235 3201 19 8 9 9 4.09794426e-09 7.15549970e-09 outputs/V1e26_D10000_G2/solution/solution-00033 
 34 4.734743155803e+10 1.392571516413e+09 768 7235 3201 19 8 9 9 3.90962796e-09 6.81996076e-09 outputs/V1e26_D10000_G2/solution/solution-00034 
 35 4.874000307444e+10 1.392571516413e+09 768 7235 3201 19 8 9 9 3.72971766e-09 6.49972519e-09 outputs/V1e26_D10000_G2/solution/solution-00035 
 36 5.013257459085e+10 1.392571516413e+09 768 7235 3201 19 8 9 9 3.55787891e-09 6.19418963e-09 outputs/V1e26_D10000_G2/solution/solution-00036 
 37 5.152514610727e+10 1.392571516413e+09 768 7235 3201 19 8 9 9 3.39378345e-09 5.90275639e-09 outputs/V1e26_D10000_G2/solution/solution-00037 
 38 5.291771762368e+10 1.392571516413e+09 768 7235 3201 19 8 9 9 3.23711056e-09 5.62483727e-09 outputs/V1e26_D10000_G2/solution/solution-00038 
 39 5.431028914009e+10 1.392571516413e+09 768 7235 3201 19 8 9 9 3.08754796e-09 5.35985643e-09 outputs/V1e26_D10000_G2/solution/solution-00039 
 40 5.570286065650e+10 1.392571516413e+09 768 7235 3201 19 8 9 9 2.94479254e-09 5.10725255e-09 outputs/V1e26_D10000_G2/solution/solution-00040 
 41 5.709543217292e+10 1.392571516413e+09 768 7235 3201 19 8 9 9 2.80855081e-09 4.86648049e-09 outputs/V1e26_D10000_G2/solution/solution-00041 
 42 5.848800368933e+10 1.392571516413e+09 768 7235 3201 19 8 9 9 2.67853922e-09 4.63701240e-09 outputs/V1e26_D10000_G2/solution/solution-00042 
 43 5.988057520574e+10 1.392571516413e+09 768 7235 3201 19 8 9 9 2.55448431e-09 4.41833848e-09 outputs/V1e26_D10000_G2/solution/solution-00043 
 44 6.127314672215e+10 1.392571516413e+09 768 7235 3201 19 8 9 9 2.43612273e-09 4.20996743e-09 outputs/V1e26_D10000_G2/solution/solution-00044 
 45 6.266571823857e+10 1.392571516413e+09 768 7235 3201 19 8 9 9 2.32320125e-09 4.01142665e-09 outputs/V1e26_D10000_G2/solution/solution-00045 
 46 6.405828975498e+10 1.392571516413e+09 768 7235 3201 19 8 9 9 2.21547657e-09 3.82226222e-09 outputs/V1e26_D10000_G2/solution/solution-00046 
 47 6.545086127139e+10 1.392571516413e+09 768 7235 3201 19 8 9 9 2.11271521e-09 3.64203877e-09 outputs/V1e26_D10000_G2/solution/solution-00047 
 48 6.684343278781e+10 1.392571516413e+09 768 7235 3201 19 8 9 9 2.01469329e-09 3.47033917e-09 outputs/V1e26_D10000_G2/solution/solution-00048 
 49 6.823600430422e+10 1.392571516413e+09 768 7235 3201 19 8 9 9 1.92119625e-09 3.30676418e-09 outputs/V1e26_D10000_G2/solution/solution-00049 
 50 6.962857582063e+10 1.392571516413e+09 768 7235 3201 19 8 9 9 1.83201863e-09 3.15093199e-09 outputs/V1e26_D10000_G2/solution/solution-00050 
 51 7.102114733704e+10 1.392571516413e+09 768 7235 3201 19 8 9 9 1.74696377e-09 3.00247771e-09 outputs/V1e26_D10000_G2/solution/solution-00051 
 52 7.241371885346e+10 1.392571516413e+09 768 7235 3201 19 8 9 9 1.66584351e-09 2.86105285e-09 outputs/V1e26_D10000_G2/solution/solution-00052 
 53 7.380629036987e+10 1.392571516413e+09 768 7235 3201 19 8 9 9 1.58847793e-09 2.72632474e-09 outputs/V1e26_D10000_G2/solution/solution-00053 
 54 7.519886188628e+10 1.392571516413e+09 768 7235 3201 19 8 9 9 1.51469499e-09 2.59797599e-09 outputs/V1e26_D10000_G2/solution/solution-00054 
 55 7.659143340269e+10 1.392571516413e+09 768 7235 3201 19 8 9 9 1.44433031e-09 2.47570386e-09 outputs/V1e26_D10000_G2/solution/solution-00055 
 56 7.798400491911e+10 1.392571516413e+09 768 7235 3201 19 8 9 9 1.37722678e-09 2.35921969e-09 outputs/V1e26_D10000_G2/solution/solution-00056 
 57 7.937657643552e+10 1.392571516413e+09 768 7235 3201 19 8 9 9 1.31323437e-09 2.24824835e-09 outputs/V1e26_D10000_G2/solution/solution-00057 
 58 8.076914795193e+10 1.392571516413e+09 768 7235 3201 19 8 9 9 1.25220977e-09 2.14252762e-09 outputs/V1e26_D10000_G2/solution/solution-00058 
 59 8.216171946834e+10 1.392571516413e+09 768 7235 3201 19 8 9 9 1.19401613e-09 2.04180768e-09 outputs/V1e26_D10000_G2/solution/solution-00059 
 60 8.355429098476e+10 1.392571516413e+09 768 7235 3201 19 8 9 9 1.13852280e-09 1.94585052e-09 outputs/V1e26_D10000_G2/solution/solution-00060 
 61 8.494686250117e+10 1.392571516413e+09 768 7235 3201 19 8 9 9 1.08560509e-09 1.85442946e-09 outputs/V1e26_D10000_G2/solution/solution-00061 
 62 8.633943401758e+10 1.392571516413e+09 768 7235 3201 19 8 9 9 1.03514393e-09 1.76732856e-09 outputs/V1e26_D10000_G2/solution/solution-00062 
 63 8.773200553399e+10 1.392571516413e+09 768 7235 3201 19 8 9 9 9.87025742e-10 1.68434224e-09 outputs/V1e26_D10000_G2/solution/solution-00063 
 64 8.912457705041e+10 1.392571516413e+09 768 7235 3201 19 8 9 9 9.41142095e-10 1.60527468e-09 outputs/V1e26_D10000_G2/solution/solution-00064 
 65 9.051714856682e+10 1.392571516413e+09 768 7235 3201 19 8 9 9 8.97389544e-10 1.52993946e-09 outputs/V1e26_D10000_G2/solution/solution-00065 
 66 9.190972008323e+10 1.392571516413e+09 768 7235 3201 19 8 9 9 8.55669386e-10 1.45815905e-09 outputs/V1e26_D10000_G2/solution/solution-00066 
 67 9.330229159964e+10 1.392571516413e+09 768 7235 3201 19 8 9 9 8.15887450e-10 1.38976444e-09 outputs/V1e26_D10000_G2/solution/solution-00067 
 68 9.469486311606e+10 1.392571516413e+09 768 7235 3201 19 8 9 9 7.77953896e-10 1.32459471e-09 outputs/V1e26_D10000_G2/solution/solution-00068 
 69 9.608743463247e+10 1.392571516413e+09 768 7235 3201 19 8 9 9 7.41783019e-10 1.26249665e-09 outputs/V1e26_D10000_G2/solution/solution-00069 
 70 9.748000614888e+10 1.392571516413e+09 768 7235 3201 18 8 9 9 7.07293064e-10 1.20332437e-09 outputs/V1e26_D10000_G2/solution/solution-00070 
 71 9.887257766530e+10 1.392571516413e+09 768 7235 3201 18 8 9 9 6.74406049e-10 1.14693900e-09 outputs/V1e26_D10000_G2/solution/solution-00071 
 72 1.002651491817e+11 1.392571516413e+09 768 7235 3201 18 8 9 9 6.43047591e-10 1.09320831e-09 outputs/V1e26_D10000_G2/solution/solution-00072 
 73 1.016577206981e+11 1.392571516413e+09 768 7235 3201 18 8 9 9 6.13146743e-10 1.04200641e-09 outputs/V1e26_D10000_G2/solution/solution-00073 
 74 1.030502922145e+11 1.392571516413e+09 768 7235 3201 18 8 9 9 5.84635839e-10 9.93213427e-10 outputs/V1e26_D10000_G2/solution/solution-00074 
 75 1.044428637309e+11 1.392571516413e+09 768 7235 3201 18 8 9 9 5.57450340e-10 9.46715227e-10 outputs/V1e26_D10000_G2/solution/solution-00075 
 76 1.058354352474e+11 1.392571516413e+09 768 7235 3201 18 8 9 9 5.31528695e-10 9.02403141e-10 outputs/V1e26_D10000_G2/solution/solution-00076 
 77 1.072280067638e+11 1.392571516413e+09 768 7235 3201 18 8 9 9 5.06812203e-10 8.60173693e-10 outputs/V1e26_D10000_G2/solution/solution-00077 
 78 1.086205782802e+11 1.392571516413e+09 768 7235 3201 18 8 9 9 4.83244879e-10 8.19928354e-10 outputs/V1e26_D10000_G2/solution/solution-00078 
 79 1.100131497966e+11 1.392571516413e+09 768 7235 3201 18 8 9 9 4.60773337e-10 7.81573301e-10 outputs/V1e26_D10000_G2/solution/solution-00079 
 80 1.114057213130e+11 1.392571516413e+09 768 7235 3201 18 8 9 9 4.39346662e-10 7.45019191e-10 outputs/V1e26_D10000_G2/solution/solution-00080 
 81 1.127982928294e+11 1.392571516413e+09 768 7235 3201 18 8 9 9 4.18916300e-10 7.10180942e-10 outputs/V1e26_D10000_G2/solution/solution-00081 
 82 1.141908643458e+11 1.392571516413e+09 768 7235 3201 18 8 9 9 3.99435950e-10 6.76977531e-10 outputs/V1e26_D10000_G2/solution/solution-00082 
 83 1.155834358622e+11 1.392571516413e+09 768 7235 3201 18 8 9 9 3.80861459e-10 6.45331794e-10 outputs/V1e26_D10000_G2/solution/solution-00083 
 84 1.169760073787e+11 1.392571516413e+09 768 7235 3201 18 8 9 9 3.63150722e-10 6.15170242e-10 outputs/V1e26_D10000_G2/solution/solution-00084 
 85 1.183685788951e+11 1.392571516413e+09 768 7235 3201 18 8 9 9 3.46263589e-10 5.86422888e-10 outputs/V1e26_D10000_G2/solution/solution-00085 
 86 1.197611504115e+11 1.392571516413e+09 768 7235 3201 18 8 9 9 3.30161773e-10 5.59023068e-10 outputs/V1e26_D10000_G2/solution/solution-00086 
 87 1.211537219279e+11 1.392571516413e+09 768 7235 3201 18 8 9 9 3.14808766e-10 5.32907291e-10 outputs/V1e26_D10000_G2/solution/solution-00087 
 88 1.225462934443e+11 1.392571516413e+09 768 7235 3201 18 8 9 9 3.00169753e-10 5.08015081e-10 outputs/V1e26_D10000_G2/solution/solution-00088 
 89 1.239388649607e+11 1.392571516413e+09 768 7235 3201 18 8 9 9 2.86211538e-10 4.84288833e-10 outputs/V1e26_D10000_G2/solution/solution-00089 
 90 1.253314364771e+11 1.392571516413e+09 768 7235 3201 18 8 9 9 2.72902468e-10 4.61673675e-10 outputs/V1e26_D10000_G2/solution/solution-00090 
 91 1.267240079935e+11 1.392571516413e+09 768 7235 3201 18 8 9 9 2.60212358e-10 4.40117340e-10 outputs/V1e26_D10000_G2/solution/solution-00091 
 92 1.281165795100e+11 1.392571516413e+09 768 7235 3201 18 8 9 9 2.48112426e-10 4.19570034e-10 outputs/V1e26_D10000_G2/solution/solution-00092 
 93 1.295091510264e+11 1.392571516413e+09 768 7235 3201 18 8 9 9 2.36575228e-10 3.99984325e-10 outputs/V1e26_D10000_G2/solution/solution-00093 
 94 1.309017225428e+11 1.392571516413e+09 768 7235 3201 18 8 9 9 2.25574597e-10 3.81315024e-10 outputs/V1e26_D10000_G2/solution/solution-00094 
 95 1.322942940592e+11 1.392571516413e+09 768 7235 3201 18 8 9 9 2.15085580e-10 3.63519082e-10 outputs/V1e26_D10000_G2/solution/solution-00095 
 96 1.336868655756e+11 1.392571516413e+09 768 7235 3201 18 8 9 9 2.05084383e-10 3.46555485e-10 outputs/V1e26_D10000_G2/solution/solution-00096 
 97 1.350794370920e+11 1.392571516413e+09 768 7235 3201 18 8 9 9 1.95548320e-10 3.30385157e-10 outputs/V1e26_D10000_G2/solution/solution-00097 
 98 1.364720086084e+11 1.392571516413e+09 768 7235 3201 18 8 9 9 1.86455760e-10 3.14970868e-10 outputs/V1e26_D10000_G2/solution/solution-00098 
 99 1.378645801248e+11 1.392571516413e+09 768 7235 3201 18 8 9 9 1.77786075e-10 3.00277148e-10 outputs/V1e26_D10000_G2/solution/solution-00099 
100 1.392571516413e+11 1.392571516413e+09 768 7235 3201 17 8 9 9 1.69519596e-10 2.86270191e-10 outputs/V1e26_D10000_G2/solution/solution-00100 
