# 1: Time step number
# 2: Time (years)
# 3: Time step size (years)
# 4: Number of mesh cells
# 5: Number of Stokes degrees of freedom
# 6: Number of temperature degrees of freedom
# 7: Iterations for temperature solver
# 8: Iterations for Stokes solver
# 9: Velocity iterations in Stokes preconditioner
# 10: Schur complement iterations in Stokes preconditioner
# 11: RMS velocity (m/year)
# 12: Max. velocity (m/year)
# 13: Visualization file name
  0 0.000000000000e+00 0.000000000000e+00 768 7235 3201  0 8 9 9 5.29717176e-08 9.31431896e-08 outputs/V1e26_D100_G8/solution/solution-00000 
  1 1.392571516413e+09 1.392571516413e+09 768 7235 3201 32 8 9 9 5.04043528e-08 8.51187396e-08 outputs/V1e26_D100_G8/solution/solution-00001 
  2 2.785143032825e+09 1.392571516413e+09 768 7235 3201 25 8 9 9 4.81005770e-08 8.14124451e-08 outputs/V1e26_D100_G8/solution/solution-00002 
  3 4.177714549238e+09 1.392571516413e+09 768 7235 3201 24 8 9 9 4.60226494e-08 7.80709859e-08 outputs/V1e26_D100_G8/solution/solution-00003 
  4 5.570286065650e+09 1.392571516413e+09 768 7235 3201 23 8 9 9 4.41287222e-08 7.50304857e-08 outputs/V1e26_D100_G8/solution/solution-00004 
  5 6.962857582063e+09 1.392571516413e+09 768 7235 3201 23 8 9 9 4.23967929e-08 7.22432379e-08 outputs/V1e26_D100_G8/solution/solution-00005 
  6 8.355429098476e+09 1.392571516413e+09 768 7235 3201 22 8 9 9 4.08042300e-08 6.96668187e-08 outputs/V1e26_D100_G8/solution/solution-00006 
  7 9.748000614888e+09 1.392571516413e+09 768 7235 3201 21 8 9 9 3.93311550e-08 6.72671361e-08 outputs/V1e26_D100_G8/solution/solution-00007 
  8 1.114057213130e+10 1.392571516413e+09 768 7235 3201 21 8 9 9 3.79607721e-08 6.50174732e-08 outputs/V1e26_D100_G8/solution/solution-00008 
  9 1.253314364771e+10 1.392571516413e+09 768 7235 3201 21 8 9 9 3.66791013e-08 6.28968817e-08 outputs/V1e26_D100_G8/solution/solution-00009 
 10 1.392571516413e+10 1.392571516413e+09 768 7235 3201 20 8 9 9 3.54745616e-08 6.08887801e-08 outputs/V1e26_D100_G8/solution/solution-00010 
 11 1.531828668054e+10 1.392571516413e+09 768 7235 3201 20 8 9 9 3.43375572e-08 5.89798847e-08 outputs/V1e26_D100_G8/solution/solution-00011 
 12 1.671085819695e+10 1.392571516413e+09 768 7235 3201 20 8 9 9 3.32601187e-08 5.71594238e-08 outputs/V1e26_D100_G8/solution/solution-00012 
 13 1.810342971336e+10 1.392571516413e+09 768 7235 3201 20 8 9 9 3.22356046e-08 5.54185620e-08 outputs/V1e26_D100_G8/solution/solution-00013 
 14 1.949600122978e+10 1.392571516413e+09 768 7235 3201 20 8 9 9 3.12584579e-08 5.37499743e-08 outputs/V1e26_D100_G8/solution/solution-00014 
 15 2.088857274619e+10 1.392571516413e+09 768 7235 3201 20 8 9 9 3.03240090e-08 5.21475266e-08 outputs/V1e26_D100_G8/solution/solution-00015 
 16 2.228114426260e+10 1.392571516413e+09 768 7235 3201 19 8 9 9 2.94283159e-08 5.06060338e-08 outputs/V1e26_D100_G8/solution/solution-00016 
 17 2.367371577901e+10 1.392571516413e+09 768 7235 3201 19 8 9 9 2.85680349e-08 4.91210731e-08 outputs/V1e26_D100_G8/solution/solution-00017 
 18 2.506628729543e+10 1.392571516413e+09 768 7235 3201 19 8 9 9 2.77403154e-08 4.76888391e-08 outputs/V1e26_D100_G8/solution/solution-00018 
 19 2.645885881184e+10 1.392571516413e+09 768 7235 3201 19 8 9 9 2.69427140e-08 4.63060303e-08 outputs/V1e26_D100_G8/solution/solution-00019 
 20 2.785143032825e+10 1.392571516413e+09 768 7235 3201 19 8 9 9 2.61731249e-08 4.49697587e-08 outputs/V1e26_D100_G8/solution/solution-00020 
 21 2.924400184466e+10 1.392571516413e+09 768 7235 3201 19 8 9 9 2.54297228e-08 4.36774782e-08 outputs/V1e26_D100_G8/solution/solution-00021 
 22 3.063657336108e+10 1.392571516413e+09 768 7235 3201 19 8 9 9 2.47109156e-08 4.24269264e-08 outputs/V1e26_D100_G8/solution/solution-00022 
 23 3.202914487749e+10 1.392571516413e+09 768 7235 3201 19 8 9 9 2.40153062e-08 4.12160786e-08 outputs/V1e26_D100_G8/solution/solution-00023 
 24 3.342171639390e+10 1.392571516413e+09 768 7235 3201 19 8 9 9 2.33416606e-08 4.00431094e-08 outputs/V1e26_D100_G8/solution/solution-00024 
 25 3.481428791032e+10 1.392571516413e+09 768 7235 3201 18 8 9 9 2.26888819e-08 3.89063620e-08 outputs/V1e26_D100_G8/solution/solution-00025 
 26 3.620685942673e+10 1.392571516413e+09 768 7235 3201 18 8 9 9 2.20559882e-08 3.78043228e-08 outputs/V1e26_D100_G8/solution/solution-00026 
 27 3.759943094314e+10 1.392571516413e+09 768 7235 3201 18 8 9 9 2.14420954e-08 3.67356008e-08 outputs/V1e26_D100_G8/solution/solution-00027 
 28 3.899200245955e+10 1.392571516413e+09 768 7235 3201 18 8 9 9 2.08464018e-08 3.56989101e-08 outputs/V1e26_D100_G8/solution/solution-00028 
 29 4.038457397597e+10 1.392571516413e+09 768 7235 3201 18 8 9 9 2.02681760e-08 3.46930558e-08 outputs/V1e26_D100_G8/solution/solution-00029 
 30 4.177714549238e+10 1.392571516413e+09 768 7235 3201 18 8 9 9 1.97067467e-08 3.37169223e-08 outputs/V1e26_D100_G8/solution/solution-00030 
 31 4.316971700879e+10 1.392571516413e+09 768 7235 3201 18 8 9 9 1.91614941e-08 3.27694633e-08 outputs/V1e26_D100_G8/solution/solution-00031 
 32 4.456228852520e+10 1.392571516413e+09 768 7235 3201 18 8 9 9 1.86318426e-08 3.18496937e-08 outputs/V1e26_D100_G8/solution/solution-00032 
 33 4.595486004162e+10 1.392571516413e+09 768 7235 3201 18 8 9 9 1.81172556e-08 3.09566823e-08 outputs/V1e26_D100_G8/solution/solution-00033 
 34 4.734743155803e+10 1.392571516413e+09 768 7235 3201 18 8 9 9 1.76172295e-08 3.00895466e-08 outputs/V1e26_D100_G8/solution/solution-00034 
 35 4.874000307444e+10 1.392571516413e+09 768 7235 3201 18 8 9 9 1.71312905e-08 2.92474473e-08 outputs/V1e26_D100_G8/solution/solution-00035 
 36 5.013257459085e+10 1.392571516413e+09 768 7235 3201 18 8 9 9 1.66589904e-08 2.84295844e-08 outputs/V1e26_D100_G8/solution/solution-00036 
 37 5.152514610727e+10 1.392571516413e+09 768 7235 3201 18 8 9 9 1.61999041e-08 2.76351936e-08 outputs/V1e26_D100_G8/solution/solution-00037 
 38 5.291771762368e+10 1.392571516413e+09 768 7235 3201 18 8 9 9 1.57536270e-08 2.68635434e-08 outputs/V1e26_D100_G8/solution/solution-00038 
 39 5.431028914009e+10 1.392571516413e+09 768 7235 3201 18 8 9 9 1.53197728e-08 2.61139321e-08 outputs/V1e26_D100_G8/solution/solution-00039 
 40 5.570286065650e+10 1.392571516413e+09 768 7235 3201 18 8 9 9 1.48979721e-08 2.53856859e-08 outputs/V1e26_D100_G8/solution/solution-00040 
 41 5.709543217292e+10 1.392571516413e+09 768 7235 3201 18 8 9 9 1.44878705e-08 2.46781569e-08 outputs/V1e26_D100_G8/solution/solution-00041 
 42 5.848800368933e+10 1.392571516413e+09 768 7235 3201 18 8 9 9 1.40891272e-08 2.39907211e-08 outputs/V1e26_D100_G8/solution/solution-00042 
 43 5.988057520574e+10 1.392571516413e+09 768 7235 3201 17 8 9 9 1.37014147e-08 2.33227773e-08 outputs/V1e26_D100_G8/solution/solution-00043 
 44 6.127314672215e+10 1.392571516413e+09 768 7235 3201 17 8 9 9 1.33244168e-08 2.26737454e-08 outputs/V1e26_D100_G8/solution/solution-00044 
 45 6.266571823857e+10 1.392571516413e+09 768 7235 3201 17 8 9 9 1.29578287e-08 2.20430653e-08 outputs/V1e26_D100_G8/solution/solution-00045 
 46 6.405828975498e+10 1.392571516413e+09 768 7235 3201 17 8 9 9 1.26013555e-08 2.14301962e-08 outputs/V1e26_D100_G8/solution/solution-00046 
 47 6.545086127139e+10 1.392571516413e+09 768 7235 3201 17 8 9 9 1.22547123e-08 2.08346151e-08 outputs/V1e26_D100_G8/solution/solution-00047 
 48 6.684343278781e+10 1.392571516413e+09 768 7235 3201 17 8 9 9 1.19176232e-08 2.02558163e-08 outputs/V1e26_D100_G8/solution/solution-00048 
 49 6.823600430422e+10 1.392571516413e+09 768 7235 3201 17 8 9 9 1.15898209e-08 1.96933104e-08 outputs/V1e26_D100_G8/solution/solution-00049 
 50 6.962857582063e+10 1.392571516413e+09 768 7235 3201 17 8 9 9 1.12710464e-08 1.91466238e-08 outputs/V1e26_D100_G8/solution/solution-00050 
 51 7.102114733704e+10 1.392571516413e+09 768 7235 3201 17 8 9 9 1.09610485e-08 1.86152979e-08 outputs/V1e26_D100_G8/solution/solution-00051 
 52 7.241371885346e+10 1.392571516413e+09 768 7235 3201 17 8 9 9 1.06595834e-08 1.80988885e-08 outputs/V1e26_D100_G8/solution/solution-00052 
 53 7.380629036987e+10 1.392571516413e+09 768 7235 3201 17 8 9 9 1.03664146e-08 1.75969653e-08 outputs/V1e26_D100_G8/solution/solution-00053 
 54 7.519886188628e+10 1.392571516413e+09 768 7235 3201 17 8 9 9 1.00813125e-08 1.71091111e-08 outputs/V1e26_D100_G8/solution/solution-00054 
 55 7.659143340269e+10 1.392571516413e+09 768 7235 3201 17 8 9 9 9.80405401e-09 1.66349218e-08 outputs/V1e26_D100_G8/solution/solution-00055 
 56 7.798400491911e+10 1.392571516413e+09 768 7235 3201 17 8 9 9 9.53442256e-09 1.61740053e-08 outputs/V1e26_D100_G8/solution/solution-00056 
 57 7.937657643552e+10 1.392571516413e+09 768 7235 3201 17 8 9 9 9.27220766e-09 1.57259818e-08 outputs/V1e26_D100_G8/solution/solution-00057 
 58 8.076914795193e+10 1.392571516413e+09 768 7235 3201 17 8 9 9 9.01720478e-09 1.52904826e-08 outputs/V1e26_D100_G8/solution/solution-00058 
 59 8.216171946834e+10 1.392571516413e+09 768 7235 3201 17 8 9 9 8.76921519e-09 1.48671504e-08 outputs/V1e26_D100_G8/solution/solution-00059 
 60 8.355429098476e+10 1.392571516413e+09 768 7235 3201 17 8 9 9 8.52804569e-09 1.44556383e-08 outputs/V1e26_D100_G8/solution/solution-00060 
 61 8.494686250117e+10 1.392571516413e+09 768 7235 3201 17 8 9 9 8.29350850e-09 1.40556100e-08 outputs/V1e26_D100_G8/solution/solution-00061 
 62 8.633943401758e+10 1.392571516413e+09 768 7235 3201 17 8 9 9 8.06542106e-09 1.36667390e-08 outputs/V1e26_D100_G8/solution/solution-00062 
 63 8.773200553399e+10 1.392571516413e+09 768 7235 3201 17 8 9 9 7.84360589e-09 1.32887086e-08 outputs/V1e26_D100_G8/solution/solution-00063 
 64 8.912457705041e+10 1.392571516413e+09 768 7235 3201 17 8 9 9 7.62789044e-09 1.29212114e-08 outputs/V1e26_D100_G8/solution/solution-00064 
 65 9.051714856682e+10 1.392571516413e+09 768 7235 3201 17 8 9 9 7.41810691e-09 1.25639491e-08 outputs/V1e26_D100_G8/solution/solution-00065 
 66 9.190972008323e+10 1.392571516413e+09 768 7235 3201 17 8 9 9 7.21409218e-09 1.22166321e-08 outputs/V1e26_D100_G8/solution/solution-00066 
 67 9.330229159964e+10 1.392571516413e+09 768 7235 3201 17 8 9 9 7.01568759e-09 1.18789793e-08 outputs/V1e26_D100_G8/solution/solution-00067 
 68 9.469486311606e+10 1.392571516413e+09 768 7235 3201 17 8 9 9 6.82273888e-09 1.15507178e-08 outputs/V1e26_D100_G8/solution/solution-00068 
 69 9.608743463247e+10 1.392571516413e+09 768 7235 3201 16 8 9 9 6.63509606e-09 1.12315827e-08 outputs/V1e26_D100_G8/solution/solution-00069 
 70 9.748000614888e+10 1.392571516413e+09 768 7235 3201 16 8 9 9 6.45261324e-09 1.09213168e-08 outputs/V1e26_D100_G8/solution/solution-00070 
 71 9.887257766530e+10 1.392571516413e+09 768 7235 3201 16 8 9 9 6.27514854e-09 1.06196704e-08 outputs/V1e26_D100_G8/solution/solution-00071 
 72 1.002651491817e+11 1.392571516413e+09 768 7235 3201 16 8 9 9 6.10256400e-09 1.03264009e-08 outputs/V1e26_D100_G8/solution/solution-00072 
 73 1.016577206981e+11 1.392571516413e+09 768 7235 3201 16 8 9 9 5.93472547e-09 1.00412728e-08 outputs/V1e26_D100_G8/solution/solution-00073 
 74 1.030502922145e+11 1.392571516413e+09 768 7235 3201 16 8 9 9 5.77150246e-09 9.76405744e-09 outputs/V1e26_D100_G8/solution/solution-00074 
 75 1.044428637309e+11 1.392571516413e+09 768 7235 3201 16 8 9 9 5.61276808e-09 9.49453272e-09 outputs/V1e26_D100_G8/solution/solution-00075 
 76 1.058354352474e+11 1.392571516413e+09 768 7235 3201 16 8 9 9 5.45839893e-09 9.23248291e-09 outputs/V1e26_D100_G8/solution/solution-00076 
 77 1.072280067638e+11 1.392571516413e+09 768 7235 3201 16 8 9 9 5.30827499e-09 8.97769852e-09 outputs/V1e26_D100_G8/solution/solution-00077 
 78 1.086205782802e+11 1.392571516413e+09 768 7235 3201 16 8 9 9 5.16227957e-09 8.72997602e-09 outputs/V1e26_D100_G8/solution/solution-00078 
 79 1.100131497966e+11 1.392571516413e+09 768 7235 3201 16 8 9 9 5.02029915e-09 8.48911775e-09 outputs/V1e26_D100_G8/solution/solution-00079 
 80 1.114057213130e+11 1.392571516413e+09 768 7235 3201 16 8 9 9 4.88222334e-09 8.25493169e-09 outputs/V1e26_D100_G8/solution/solution-00080 
 81 1.127982928294e+11 1.392571516413e+09 768 7235 3201 16 8 9 9 4.74794479e-09 8.02723130e-09 outputs/V1e26_D100_G8/solution/solution-00081 
 82 1.141908643458e+11 1.392571516413e+09 768 7235 3201 16 8 9 9 4.61735910e-09 7.80583536e-09 outputs/V1e26_D100_G8/solution/solution-00082 
 83 1.155834358622e+11 1.392571516413e+09 768 7235 3201 16 8 9 9 4.49036473e-09 7.59056784e-09 outputs/V1e26_D100_G8/solution/solution-00083 
 84 1.169760073787e+11 1.392571516413e+09 768 7235 3201 16 8 9 9 4.36686294e-09 7.38125768e-09 outputs/V1e26_D100_G8/solution/solution-00084 
 85 1.183685788951e+11 1.392571516413e+09 768 7235 3201 16 8 9 9 4.24675770e-09 7.17773870e-09 outputs/V1e26_D100_G8/solution/solution-00085 
 86 1.197611504115e+11 1.392571516413e+09 768 7235 3201 16 8 9 9 4.12995561e-09 6.97984945e-09 outputs/V1e26_D100_G8/solution/solution-00086 
 87 1.211537219279e+11 1.392571516413e+09 768 7235 3201 16 8 9 9 4.01636584e-09 6.78743304e-09 outputs/V1e26_D100_G8/solution/solution-00087 
 88 1.225462934443e+11 1.392571516413e+09 768 7235 3201 16 8 9 9 3.90590008e-09 6.60033704e-09 outputs/V1e26_D100_G8/solution/solution-00088 
 89 1.239388649607e+11 1.392571516413e+09 768 7235 3201 16 8 9 9 3.79847241e-09 6.41841331e-09 outputs/V1e26_D100_G8/solution/solution-00089 
 90 1.253314364771e+11 1.392571516413e+09 768 7235 3201 16 8 9 9 3.69399929e-09 6.24151793e-09 outputs/V1e26_D100_G8/solution/solution-00090 
 91 1.267240079935e+11 1.392571516413e+09 768 7235 3201 16 8 9 9 3.59239948e-09 6.06951101e-09 outputs/V1e26_D100_G8/solution/solution-00091 
 92 1.281165795100e+11 1.392571516413e+09 768 7235 3201 16 8 9 9 3.49359396e-09 5.90225664e-09 outputs/V1e26_D100_G8/solution/solution-00092 
 93 1.295091510264e+11 1.392571516413e+09 768 7235 3201 16 8 9 9 3.39750590e-09 5.73962272e-09 outputs/V1e26_D100_G8/solution/solution-00093 
 94 1.309017225428e+11 1.392571516413e+09 768 7235 3201 15 8 9 9 3.30406057e-09 5.58148091e-09 outputs/V1e26_D100_G8/solution/solution-00094 
 95 1.322942940592e+11 1.392571516413e+09 768 7235 3201 15 8 9 9 3.21318529e-09 5.42770643e-09 outputs/V1e26_D100_G8/solution/solution-00095 
 96 1.336868655756e+11 1.392571516413e+09 768 7235 3201 15 8 9 9 3.12480939e-09 5.27817801e-09 outputs/V1e26_D100_G8/solution/solution-00096 
 97 1.350794370920e+11 1.392571516413e+09 768 7235 3201 15 8 9 9 3.03886413e-09 5.13277781e-09 outputs/V1e26_D100_G8/solution/solution-00097 
 98 1.364720086084e+11 1.392571516413e+09 768 7235 3201 15 8 9 9 2.95528265e-09 4.99139129e-09 outputs/V1e26_D100_G8/solution/solution-00098 
 99 1.378645801248e+11 1.392571516413e+09 768 7235 3201 15 8 9 9 2.87399997e-09 4.85390714e-09 outputs/V1e26_D100_G8/solution/solution-00099 
100 1.392571516413e+11 1.392571516413e+09 768 7235 3201 15 8 9 9 2.79495285e-09 4.72021714e-09 outputs/V1e26_D100_G8/solution/solution-00100 
