# 1: Time step number
# 2: Time (years)
# 3: Time step size (years)
# 4: Number of mesh cells
# 5: Number of Stokes degrees of freedom
# 6: Number of temperature degrees of freedom
# 7: Iterations for temperature solver
# 8: Iterations for Stokes solver
# 9: Velocity iterations in Stokes preconditioner
# 10: Schur complement iterations in Stokes preconditioner
# 11: RMS velocity (m/year)
# 12: Max. velocity (m/year)
# 13: Visualization file name
  0 0.000000000000e+00 0.000000000000e+00 768 7235 3201  0 8 9 9 3.45000249e-09 1.67617323e-08 outputs/V1e27_D10000_G4/solution/solution-00000 
  1 1.392571516413e+09 1.392571516413e+09 768 7235 3201 32 8 9 9 2.73283766e-09 9.06303637e-09 outputs/V1e27_D10000_G4/solution/solution-00001 
  2 2.785143032825e+09 1.392571516413e+09 768 7235 3201 26 8 9 9 2.45177533e-09 4.52295082e-09 outputs/V1e27_D10000_G4/solution/solution-00002 
  3 4.177714549238e+09 1.392571516413e+09 768 7235 3201 25 8 9 9 2.33321137e-09 3.95559376e-09 outputs/V1e27_D10000_G4/solution/solution-00003 
  4 5.570286065650e+09 1.392571516413e+09 768 7235 3201 24 8 9 9 2.22372294e-09 3.74868104e-09 outputs/V1e27_D10000_G4/solution/solution-00004 
  5 6.962857582063e+09 1.392571516413e+09 768 7235 3201 23 8 9 9 2.12025425e-09 3.58065956e-09 outputs/V1e27_D10000_G4/solution/solution-00005 
  6 8.355429098476e+09 1.392571516413e+09 768 7235 3201 23 8 9 9 2.02070803e-09 3.41720886e-09 outputs/V1e27_D10000_G4/solution/solution-00006 
  7 9.748000614888e+09 1.392571516413e+09 768 7235 3201 22 8 9 9 1.92472143e-09 3.25867758e-09 outputs/V1e27_D10000_G4/solution/solution-00007 
  8 1.114057213130e+10 1.392571516413e+09 768 7235 3201 22 8 9 9 1.83228279e-09 3.10532422e-09 outputs/V1e27_D10000_G4/solution/solution-00008 
  9 1.253314364771e+10 1.392571516413e+09 768 7235 3201 21 8 9 9 1.74341919e-09 2.95733183e-09 outputs/V1e27_D10000_G4/solution/solution-00009 
 10 1.392571516413e+10 1.392571516413e+09 768 7235 3201 21 8 9 9 1.65814271e-09 2.81481796e-09 outputs/V1e27_D10000_G4/solution/solution-00010 
 11 1.531828668054e+10 1.392571516413e+09 768 7235 3201 21 8 9 9 1.57643953e-09 2.67784286e-09 outputs/V1e27_D10000_G4/solution/solution-00011 
 12 1.671085819695e+10 1.392571516413e+09 768 7235 3201 21 8 9 9 1.49827038e-09 2.54641701e-09 outputs/V1e27_D10000_G4/solution/solution-00012 
 13 1.810342971336e+10 1.392571516413e+09 768 7235 3201 21 8 9 9 1.42357410e-09 2.42050816e-09 outputs/V1e27_D10000_G4/solution/solution-00013 
 14 1.949600122978e+10 1.392571516413e+09 768 7235 3201 21 8 9 9 1.35227193e-09 2.30004797e-09 outputs/V1e27_D10000_G4/solution/solution-00014 
 15 2.088857274619e+10 1.392571516413e+09 768 7235 3201 21 8 9 9 1.28427158e-09 2.18493827e-09 outputs/V1e27_D10000_G4/solution/solution-00015 
 16 2.228114426260e+10 1.392571516413e+09 768 7235 3201 20 8 9 9 1.21947078e-09 2.07505683e-09 outputs/V1e27_D10000_G4/solution/solution-00016 
 17 2.367371577901e+10 1.392571516413e+09 768 7235 3201 20 8 9 9 1.15776031e-09 1.97026251e-09 outputs/V1e27_D10000_G4/solution/solution-00017 
 18 2.506628729543e+10 1.392571516413e+09 768 7235 3201 20 8 9 9 1.09902649e-09 1.87039986e-09 outputs/V1e27_D10000_G4/solution/solution-00018 
 19 2.645885881184e+10 1.392571516413e+09 768 7235 3201 20 8 9 9 1.04315322e-09 1.77530315e-09 outputs/V1e27_D10000_G4/solution/solution-00019 
 20 2.785143032825e+10 1.392571516413e+09 768 7235 3201 20 8 9 9 9.90023531e-10 1.68479972e-09 outputs/V1e27_D10000_G4/solution/solution-00020 
 21 2.924400184466e+10 1.392571516413e+09 768 7235 3201 20 8 9 9 9.39520931e-10 1.59871290e-09 outputs/V1e27_D10000_G4/solution/solution-00021 
 22 3.063657336108e+10 1.392571516413e+09 768 7235 3201 20 8 9 9 8.91530350e-10 1.51686428e-09 outputs/V1e27_D10000_G4/solution/solution-00022 
 23 3.202914487749e+10 1.392571516413e+09 768 7235 3201 20 8 9 9 8.45938919e-10 1.43907573e-09 outputs/V1e27_D10000_G4/solution/solution-00023 
 24 3.342171639390e+10 1.392571516413e+09 768 7235 3201 20 8 9 9 8.02636531e-10 1.36517085e-09 outputs/V1e27_D10000_G4/solution/solution-00024 
 25 3.481428791032e+10 1.392571516413e+09 768 7235 3201 20 8 9 9 7.61516264e-10 1.29497619e-09 outputs/V1e27_D10000_G4/solution/solution-00025 
 26 3.620685942673e+10 1.392571516413e+09 768 7235 3201 20 8 9 9 7.22474672e-10 1.22832223e-09 outputs/V1e27_D10000_G4/solution/solution-00026 
 27 3.759943094314e+10 1.392571516413e+09 768 7235 3201 20 8 9 9 6.85411981e-10 1.16504402e-09 outputs/V1e27_D10000_G4/solution/solution-00027 
 28 3.899200245955e+10 1.392571516413e+09 768 7235 3201 20 8 9 9 6.50232204e-10 1.10498171e-09 outputs/V1e27_D10000_G4/solution/solution-00028 
 29 4.038457397597e+10 1.392571516413e+09 768 7235 3201 20 8 9 9 6.16843200e-10 1.04798092e-09 outputs/V1e27_D10000_G4/solution/solution-00029 
 30 4.177714549238e+10 1.392571516413e+09 768 7235 3201 20 8 9 9 5.85156672e-10 9.93892934e-10 outputs/V1e27_D10000_G4/solution/solution-00030 
 31 4.316971700879e+10 1.392571516413e+09 768 7235 3201 20 8 9 9 5.55088143e-10 9.42574877e-10 outputs/V1e27_D10000_G4/solution/solution-00031 
 32 4.456228852520e+10 1.392571516413e+09 768 7235 3201 19 8 9 9 5.26556888e-10 8.93889710e-10 outputs/V1e27_D10000_G4/solution/solution-00032 
 33 4.595486004162e+10 1.392571516413e+09 768 7235 3201 19 8 9 9 4.99485855e-10 8.47706242e-10 outputs/V1e27_D10000_G4/solution/solution-00033 
 34 4.734743155803e+10 1.392571516413e+09 768 7235 3201 19 8 9 9 4.73801567e-10 8.03899050e-10 outputs/V1e27_D10000_G4/solution/solution-00034 
 35 4.874000307444e+10 1.392571516413e+09 768 7235 3201 19 8 9 9 4.49434008e-10 7.62348376e-10 outputs/V1e27_D10000_G4/solution/solution-00035 
 36 5.013257459085e+10 1.392571516413e+09 768 7235 3201 19 8 9 9 4.26316504e-10 7.22939988e-10 outputs/V1e27_D10000_G4/solution/solution-00036 
 37 5.152514610727e+10 1.392571516413e+09 768 7235 3201 19 8 9 9 4.04385604e-10 6.85565026e-10 outputs/V1e27_D10000_G4/solution/solution-00037 
 38 5.291771762368e+10 1.392571516413e+09 768 7235 3201 19 8 9 9 3.83580948e-10 6.50119823e-10 outputs/V1e27_D10000_G4/solution/solution-00038 
 39 5.431028914009e+10 1.392571516413e+09 768 7235 3201 19 8 9 9 3.63845145e-10 6.16505730e-10 outputs/V1e27_D10000_G4/solution/solution-00039 
 40 5.570286065650e+10 1.392571516413e+09 768 7235 3201 19 8 9 9 3.45123645e-10 5.84628917e-10 outputs/V1e27_D10000_G4/solution/solution-00040 
 41 5.709543217292e+10 1.392571516413e+09 768 7235 3201 19 8 9 9 3.27364610e-10 5.54400187e-10 outputs/V1e27_D10000_G4/solution/solution-00041 
 42 5.848800368933e+10 1.392571516413e+09 768 7235 3201 19 8 9 9 3.10518800e-10 5.25734781e-10 outputs/V1e27_D10000_G4/solution/solution-00042 
 43 5.988057520574e+10 1.392571516413e+09 768 7235 3201 19 8 9 9 2.94539445e-10 4.98552183e-10 outputs/V1e27_D10000_G4/solution/solution-00043 
 44 6.127314672215e+10 1.392571516413e+09 768 7235 3201 19 8 9 9 2.79382135e-10 4.72775933e-10 outputs/V1e27_D10000_G4/solution/solution-00044 
 45 6.266571823857e+10 1.392571516413e+09 768 7235 3201 19 8 9 9 2.65004705e-10 4.48333441e-10 outputs/V1e27_D10000_G4/solution/solution-00045 
 46 6.405828975498e+10 1.392571516413e+09 768 7235 3201 19 8 9 9 2.51367130e-10 4.25155808e-10 outputs/V1e27_D10000_G4/solution/solution-00046 
 47 6.545086127139e+10 1.392571516413e+09 768 7235 3201 19 8 9 9 2.38431418e-10 4.03177647e-10 outputs/V1e27_D10000_G4/solution/solution-00047 
 48 6.684343278781e+10 1.392571516413e+09 768 7235 3201 19 8 9 9 2.26161511e-10 3.82336917e-10 outputs/V1e27_D10000_G4/solution/solution-00048 
 49 6.823600430422e+10 1.392571516413e+09 768 7235 3201 19 8 9 9 2.14523190e-10 3.62574759e-10 outputs/V1e27_D10000_G4/solution/solution-00049 
 50 6.962857582063e+10 1.392571516413e+09 768 7235 3201 19 8 9 9 2.03483985e-10 3.43835340e-10 outputs/V1e27_D10000_G4/solution/solution-00050 
 51 7.102114733704e+10 1.392571516413e+09 768 7235 3201 19 8 9 9 1.93013087e-10 3.26065700e-10 outputs/V1e27_D10000_G4/solution/solution-00051 
 52 7.241371885346e+10 1.392571516413e+09 768 7235 3201 19 8 9 9 1.83081261e-10 3.09215612e-10 outputs/V1e27_D10000_G4/solution/solution-00052 
 53 7.380629036987e+10 1.392571516413e+09 768 7235 3201 19 8 9 9 1.73660774e-10 2.93237443e-10 outputs/V1e27_D10000_G4/solution/solution-00053 
 54 7.519886188628e+10 1.392571516413e+09 768 7235 3201 19 8 9 9 1.64725312e-10 2.78086019e-10 outputs/V1e27_D10000_G4/solution/solution-00054 
 55 7.659143340269e+10 1.392571516413e+09 768 7235 3201 19 8 9 9 1.56249913e-10 2.63718507e-10 outputs/V1e27_D10000_G4/solution/solution-00055 
 56 7.798400491911e+10 1.392571516413e+09 768 7235 3201 19 8 9 9 1.48210896e-10 2.50094289e-10 outputs/V1e27_D10000_G4/solution/solution-00056 
 57 7.937657643552e+10 1.392571516413e+09 768 7235 3201 19 8 9 9 1.40585796e-10 2.37174852e-10 outputs/V1e27_D10000_G4/solution/solution-00057 
 58 8.076914795193e+10 1.392571516413e+09 768 7235 3201 19 8 9 9 1.33353303e-10 2.24923681e-10 outputs/V1e27_D10000_G4/solution/solution-00058 
 59 8.216171946834e+10 1.392571516413e+09 768 7235 3201 19 8 9 9 1.26493202e-10 2.13306152e-10 outputs/V1e27_D10000_G4/solution/solution-00059 
 60 8.355429098476e+10 1.392571516413e+09 768 7235 3201 19 8 9 9 1.19986318e-10 2.02289437e-10 outputs/V1e27_D10000_G4/solution/solution-00060 
 61 8.494686250117e+10 1.392571516413e+09 768 7235 3201 19 8 9 9 1.13814463e-10 1.91842411e-10 outputs/V1e27_D10000_G4/solution/solution-00061 
 62 8.633943401758e+10 1.392571516413e+09 768 7235 3201 19 8 9 9 1.07960382e-10 1.81935564e-10 outputs/V1e27_D10000_G4/solution/solution-00062 
 63 8.773200553399e+10 1.392571516413e+09 768 7235 3201 19 8 9 9 1.02407711e-10 1.72540919e-10 outputs/V1e27_D10000_G4/solution/solution-00063 
 64 8.912457705041e+10 1.392571516413e+09 768 7235 3201 19 8 9 9 9.71409265e-11 1.63631948e-10 outputs/V1e27_D10000_G4/solution/solution-00064 
 65 9.051714856682e+10 1.392571516413e+09 768 7235 3201 19 8 9 9 9.21453049e-11 1.55183500e-10 outputs/V1e27_D10000_G4/solution/solution-00065 
 66 9.190972008323e+10 1.392571516413e+09 768 7235 3201 19 8 9 9 8.74068799e-11 1.47171730e-10 outputs/V1e27_D10000_G4/solution/solution-00066 
 67 9.330229159964e+10 1.392571516413e+09 768 7235 3201 19 8 9 9 8.29124049e-11 1.39574031e-10 outputs/V1e27_D10000_G4/solution/solution-00067 
 68 9.469486311606e+10 1.392571516413e+09 768 7235 3201 19 8 9 9 7.86493150e-11 1.32368968e-10 outputs/V1e27_D10000_G4/solution/solution-00068 
 69 9.608743463247e+10 1.392571516413e+09 768 7235 3201 19 8 9 9 7.46056925e-11 1.25536217e-10 outputs/V1e27_D10000_G4/solution/solution-00069 
 70 9.748000614888e+10 1.392571516413e+09 768 7235 3201 18 8 9 9 7.07702329e-11 1.19056508e-10 outputs/V1e27_D10000_G4/solution/solution-00070 
 71 9.887257766530e+10 1.392571516413e+09 768 7235 3201 18 8 9 9 6.71322149e-11 1.12911574e-10 outputs/V1e27_D10000_G4/solution/solution-00071 
 72 1.002651491817e+11 1.392571516413e+09 768 7235 3201 18 8 9 9 6.36814691e-11 1.07084092e-10 outputs/V1e27_D10000_G4/solution/solution-00072 
 73 1.016577206981e+11 1.392571516413e+09 768 7235 3201 18 8 9 9 6.04083497e-11 1.01557639e-10 outputs/V1e27_D10000_G4/solution/solution-00073 
 74 1.030502922145e+11 1.392571516413e+09 768 7235 3201 18 8 9 9 5.73037081e-11 9.63166428e-11 outputs/V1e27_D10000_G4/solution/solution-00074 
 75 1.044428637309e+11 1.392571516413e+09 768 7235 3201 18 8 9 9 5.43588665e-11 9.13463384e-11 outputs/V1e27_D10000_G4/solution/solution-00075 
 76 1.058354352474e+11 1.392571516413e+09 768 7235 3201 18 8 9 9 5.15655946e-11 8.66327264e-11 outputs/V1e27_D10000_G4/solution/solution-00076 
 77 1.072280067638e+11 1.392571516413e+09 768 7235 3201 18 8 9 9 4.89160855e-11 8.21625326e-11 outputs/V1e27_D10000_G4/solution/solution-00077 
 78 1.086205782802e+11 1.392571516413e+09 768 7235 3201 18 8 9 9 4.64029350e-11 7.79231706e-11 outputs/V1e27_D10000_G4/solution/solution-00078 
 79 1.100131497966e+11 1.392571516413e+09 768 7235 3201 18 8 9 9 4.40191200e-11 7.39027065e-11 outputs/V1e27_D10000_G4/solution/solution-00079 
 80 1.114057213130e+11 1.392571516413e+09 768 7235 3201 18 8 9 9 4.17579794e-11 7.00898238e-11 outputs/V1e27_D10000_G4/solution/solution-00080 
 81 1.127982928294e+11 1.392571516413e+09 768 7235 3201 18 8 9 9 3.96131952e-11 6.64737929e-11 outputs/V1e27_D10000_G4/solution/solution-00081 
 82 1.141908643458e+11 1.392571516413e+09 768 7235 3201 18 8 9 9 3.75787749e-11 6.30444394e-11 outputs/V1e27_D10000_G4/solution/solution-00082 
 83 1.155834358622e+11 1.392571516413e+09 768 7235 3201 18 8 9 9 3.56490345e-11 5.97921156e-11 outputs/V1e27_D10000_G4/solution/solution-00083 
 84 1.169760073787e+11 1.392571516413e+09 768 7235 3201 18 8 9 9 3.38185832e-11 5.67076738e-11 outputs/V1e27_D10000_G4/solution/solution-00084 
 85 1.183685788951e+11 1.392571516413e+09 768 7235 3201 18 8 9 9 3.20823077e-11 5.37824391e-11 outputs/V1e27_D10000_G4/solution/solution-00085 
 86 1.197611504115e+11 1.392571516413e+09 768 7235 3201 18 8 9 9 3.04353581e-11 5.10081859e-11 outputs/V1e27_D10000_G4/solution/solution-00086 
 87 1.211537219279e+11 1.392571516413e+09 768 7235 3201 18 8 9 9 2.88731346e-11 4.83771145e-11 outputs/V1e27_D10000_G4/solution/solution-00087 
 88 1.225462934443e+11 1.392571516413e+09 768 7235 3201 18 8 9 9 2.73912740e-11 4.58818282e-11 outputs/V1e27_D10000_G4/solution/solution-00088 
 89 1.239388649607e+11 1.392571516413e+09 768 7235 3201 18 8 9 9 2.59856382e-11 4.35153134e-11 outputs/V1e27_D10000_G4/solution/solution-00089 
 90 1.253314364771e+11 1.392571516413e+09 768 7235 3201 18 8 9 9 2.46523022e-11 4.12709192e-11 outputs/V1e27_D10000_G4/solution/solution-00090 
 91 1.267240079935e+11 1.392571516413e+09 768 7235 3201 18 8 9 9 2.33875430e-11 3.91423386e-11 outputs/V1e27_D10000_G4/solution/solution-00091 
 92 1.281165795100e+11 1.392571516413e+09 768 7235 3201 18 8 9 9 2.21878297e-11 3.71235907e-11 outputs/V1e27_D10000_G4/solution/solution-00092 
 93 1.295091510264e+11 1.392571516413e+09 768 7235 3201 18 8 9 9 2.10498130e-11 3.52090041e-11 outputs/V1e27_D10000_G4/solution/solution-00093 
 94 1.309017225428e+11 1.392571516413e+09 768 7235 3201 18 8 9 9 1.99703165e-11 3.33932003e-11 outputs/V1e27_D10000_G4/solution/solution-00094 
 95 1.322942940592e+11 1.392571516413e+09 768 7235 3201 18 8 9 9 1.89463271e-11 3.16710793e-11 outputs/V1e27_D10000_G4/solution/solution-00095 
 96 1.336868655756e+11 1.392571516413e+09 768 7235 3201 18 8 9 9 1.79749871e-11 3.00378043e-11 outputs/V1e27_D10000_G4/solution/solution-00096 
 97 1.350794370920e+11 1.392571516413e+09 768 7235 3201 18 8 9 9 1.70535858e-11 2.84887886e-11 outputs/V1e27_D10000_G4/solution/solution-00097 
 98 1.364720086084e+11 1.392571516413e+09 768 7235 3201 18 8 9 9 1.61795526e-11 2.70196827e-11 outputs/V1e27_D10000_G4/solution/solution-00098 
 99 1.378645801248e+11 1.392571516413e+09 768 7235 3201 18 8 9 9 1.53504488e-11 2.56263618e-11 outputs/V1e27_D10000_G4/solution/solution-00099 
100 1.392571516413e+11 1.392571516413e+09 768 7235 3201 17 8 9 9 1.45639609e-11 2.43049129e-11 outputs/V1e27_D10000_G4/solution/solution-00100 
