# 1: Time step number
# 2: Time (years)
# 3: Time step size (years)
# 4: Number of mesh cells
# 5: Number of Stokes degrees of freedom
# 6: Number of temperature degrees of freedom
# 7: Iterations for temperature solver
# 8: Iterations for Stokes solver
# 9: Velocity iterations in Stokes preconditioner
# 10: Schur complement iterations in Stokes preconditioner
# 11: RMS velocity (m/year)
# 12: Max. velocity (m/year)
# 13: Visualization file name
  0 0.000000000000e+00 0.000000000000e+00 768 7235 3201  0 8 9 9 1.32245070e-09 2.27249003e-09 outputs/V1e27_D300_G2/solution/solution-00000 
  1 1.392571516413e+09 1.392571516413e+09 768 7235 3201 31 8 9 9 1.25276502e-09 2.11256742e-09 outputs/V1e27_D300_G2/solution/solution-00001 
  2 2.785143032825e+09 1.392571516413e+09 768 7235 3201 25 8 9 9 1.18708558e-09 2.00276653e-09 outputs/V1e27_D300_G2/solution/solution-00002 
  3 4.177714549238e+09 1.392571516413e+09 768 7235 3201 24 8 9 9 1.12497841e-09 1.89812655e-09 outputs/V1e27_D300_G2/solution/solution-00003 
  4 5.570286065650e+09 1.392571516413e+09 768 7235 3201 23 8 9 9 1.06605520e-09 1.79881661e-09 outputs/V1e27_D300_G2/solution/solution-00004 
  5 6.962857582063e+09 1.392571516413e+09 768 7235 3201 22 8 9 9 1.01022264e-09 1.70469214e-09 outputs/V1e27_D300_G2/solution/solution-00005 
  6 8.355429098476e+09 1.392571516413e+09 768 7235 3201 22 8 9 9 9.57334294e-10 1.61551682e-09 outputs/V1e27_D300_G2/solution/solution-00006 
  7 9.748000614888e+09 1.392571516413e+09 768 7235 3201 21 8 9 9 9.07237236e-10 1.53103583e-09 outputs/V1e27_D300_G2/solution/solution-00007 
  8 1.114057213130e+10 1.392571516413e+09 768 7235 3201 21 8 9 9 8.59782093e-10 1.45099922e-09 outputs/V1e27_D300_G2/solution/solution-00008 
  9 1.253314364771e+10 1.392571516413e+09 768 7235 3201 20 8 9 9 8.14826433e-10 1.37516864e-09 outputs/V1e27_D300_G2/solution/solution-00009 
 10 1.392571516413e+10 1.392571516413e+09 768 7235 3201 20 8 9 9 7.72235593e-10 1.30331876e-09 outputs/V1e27_D300_G2/solution/solution-00010 
 11 1.531828668054e+10 1.392571516413e+09 768 7235 3201 20 8 9 9 7.31882567e-10 1.23523705e-09 outputs/V1e27_D300_G2/solution/solution-00011 
 12 1.671085819695e+10 1.392571516413e+09 768 7235 3201 20 8 9 9 6.93647608e-10 1.17072298e-09 outputs/V1e27_D300_G2/solution/solution-00012 
 13 1.810342971336e+10 1.392571516413e+09 768 7235 3201 20 8 9 9 6.57417769e-10 1.10958733e-09 outputs/V1e27_D300_G2/solution/solution-00013 
 14 1.949600122978e+10 1.392571516413e+09 768 7235 3201 19 8 9 9 6.23086452e-10 1.05165137e-09 outputs/V1e27_D300_G2/solution/solution-00014 
 15 2.088857274619e+10 1.392571516413e+09 768 7235 3201 19 8 9 9 5.90553000e-10 9.96746211e-10 outputs/V1e27_D300_G2/solution/solution-00015 
 16 2.228114426260e+10 1.392571516413e+09 768 7235 3201 19 8 9 9 5.59722311e-10 9.44712162e-10 outputs/V1e27_D300_G2/solution/solution-00016 
 17 2.367371577901e+10 1.392571516413e+09 768 7235 3201 19 8 9 9 5.30504494e-10 8.95398192e-10 outputs/V1e27_D300_G2/solution/solution-00017 
 18 2.506628729543e+10 1.392571516413e+09 768 7235 3201 19 8 9 9 5.02814547e-10 8.48661394e-10 outputs/V1e27_D300_G2/solution/solution-00018 
 19 2.645885881184e+10 1.392571516413e+09 768 7235 3201 19 8 9 9 4.76572069e-10 8.04366515e-10 outputs/V1e27_D300_G2/solution/solution-00019 
 20 2.785143032825e+10 1.392571516413e+09 768 7235 3201 19 8 9 9 4.51700983e-10 7.62385514e-10 outputs/V1e27_D300_G2/solution/solution-00020 
 21 2.924400184466e+10 1.392571516413e+09 768 7235 3201 19 8 9 9 4.28129290e-10 7.22597157e-10 outputs/V1e27_D300_G2/solution/solution-00021 
 22 3.063657336108e+10 1.392571516413e+09 768 7235 3201 18 8 9 9 4.05788831e-10 6.84886633e-10 outputs/V1e27_D300_G2/solution/solution-00022 
 23 3.202914487749e+10 1.392571516413e+09 768 7235 3201 18 8 9 9 3.84615076e-10 6.49145200e-10 outputs/V1e27_D300_G2/solution/solution-00023 
 24 3.342171639390e+10 1.392571516413e+09 768 7235 3201 18 8 9 9 3.64546917e-10 6.15269852e-10 outputs/V1e27_D300_G2/solution/solution-00024 
 25 3.481428791032e+10 1.392571516413e+09 768 7235 3201 18 8 9 9 3.45526481e-10 5.83163010e-10 outputs/V1e27_D300_G2/solution/solution-00025 
 26 3.620685942673e+10 1.392571516413e+09 768 7235 3201 18 8 9 9 3.27498951e-10 5.52732224e-10 outputs/V1e27_D300_G2/solution/solution-00026 
 27 3.759943094314e+10 1.392571516413e+09 768 7235 3201 18 8 9 9 3.10412401e-10 5.23889901e-10 outputs/V1e27_D300_G2/solution/solution-00027 
 28 3.899200245955e+10 1.392571516413e+09 768 7235 3201 18 8 9 9 2.94217637e-10 4.96553046e-10 outputs/V1e27_D300_G2/solution/solution-00028 
 29 4.038457397597e+10 1.392571516413e+09 768 7235 3201 18 8 9 9 2.78868053e-10 4.70643012e-10 outputs/V1e27_D300_G2/solution/solution-00029 
 30 4.177714549238e+10 1.392571516413e+09 768 7235 3201 18 8 9 9 2.64319490e-10 4.46085276e-10 outputs/V1e27_D300_G2/solution/solution-00030 
 31 4.316971700879e+10 1.392571516413e+09 768 7235 3201 18 8 9 9 2.50530104e-10 4.22809213e-10 outputs/V1e27_D300_G2/solution/solution-00031 
 32 4.456228852520e+10 1.392571516413e+09 768 7235 3201 18 8 9 9 2.37460247e-10 4.00747898e-10 outputs/V1e27_D300_G2/solution/solution-00032 
 33 4.595486004162e+10 1.392571516413e+09 768 7235 3201 18 8 9 9 2.25072348e-10 3.79837902e-10 outputs/V1e27_D300_G2/solution/solution-00033 
 34 4.734743155803e+10 1.392571516413e+09 768 7235 3201 18 8 9 9 2.13330800e-10 3.60019118e-10 outputs/V1e27_D300_G2/solution/solution-00034 
 35 4.874000307444e+10 1.392571516413e+09 768 7235 3201 18 8 9 9 2.02201863e-10 3.41234577e-10 outputs/V1e27_D300_G2/solution/solution-00035 
 36 5.013257459085e+10 1.392571516413e+09 768 7235 3201 18 8 9 9 1.91653558e-10 3.23430290e-10 outputs/V1e27_D300_G2/solution/solution-00036 
 37 5.152514610727e+10 1.392571516413e+09 768 7235 3201 18 8 9 9 1.81655581e-10 3.06555088e-10 outputs/V1e27_D300_G2/solution/solution-00037 
 38 5.291771762368e+10 1.392571516413e+09 768 7235 3201 17 8 9 9 1.72179212e-10 2.90560474e-10 outputs/V1e27_D300_G2/solution/solution-00038 
 39 5.431028914009e+10 1.392571516413e+09 768 7235 3201 17 8 9 9 1.63197228e-10 2.75400488e-10 outputs/V1e27_D300_G2/solution/solution-00039 
 40 5.570286065650e+10 1.392571516413e+09 768 7235 3201 17 8 9 9 1.54683831e-10 2.61031565e-10 outputs/V1e27_D300_G2/solution/solution-00040 
 41 5.709543217292e+10 1.392571516413e+09 768 7235 3201 17 8 9 9 1.46614571e-10 2.47412418e-10 outputs/V1e27_D300_G2/solution/solution-00041 
 42 5.848800368933e+10 1.392571516413e+09 768 7235 3201 17 8 9 9 1.38966272e-10 2.34503917e-10 outputs/V1e27_D300_G2/solution/solution-00042 
 43 5.988057520574e+10 1.392571516413e+09 768 7235 3201 17 8 9 9 1.31716971e-10 2.22268972e-10 outputs/V1e27_D300_G2/solution/solution-00043 
 44 6.127314672215e+10 1.392571516413e+09 768 7235 3201 17 8 9 9 1.24845849e-10 2.10672433e-10 outputs/V1e27_D300_G2/solution/solution-00044 
 45 6.266571823857e+10 1.392571516413e+09 768 7235 3201 17 8 9 9 1.18333177e-10 1.99680982e-10 outputs/V1e27_D300_G2/solution/solution-00045 
 46 6.405828975498e+10 1.392571516413e+09 768 7235 3201 17 8 9 9 1.12160252e-10 1.89263042e-10 outputs/V1e27_D300_G2/solution/solution-00046 
 47 6.545086127139e+10 1.392571516413e+09 768 7235 3201 17 8 9 9 1.06309349e-10 1.79388683e-10 outputs/V1e27_D300_G2/solution/solution-00047 
 48 6.684343278781e+10 1.392571516413e+09 768 7235 3201 17 8 9 9 1.00763669e-10 1.70029540e-10 outputs/V1e27_D300_G2/solution/solution-00048 
 49 6.823600430422e+10 1.392571516413e+09 768 7235 3201 17 8 9 9 9.55072881e-11 1.61158726e-10 outputs/V1e27_D300_G2/solution/solution-00049 
 50 6.962857582063e+10 1.392571516413e+09 768 7235 3201 17 8 9 9 9.05251132e-11 1.52750758e-10 outputs/V1e27_D300_G2/solution/solution-00050 
 51 7.102114733704e+10 1.392571516413e+09 768 7235 3201 17 8 9 9 8.58028398e-11 1.44781483e-10 outputs/V1e27_D300_G2/solution/solution-00051 
 52 7.241371885346e+10 1.392571516413e+09 768 7235 3201 17 8 9 9 8.13269091e-11 1.37228010e-10 outputs/V1e27_D300_G2/solution/solution-00052 
 53 7.380629036987e+10 1.392571516413e+09 768 7235 3201 17 8 9 9 7.70844699e-11 1.30068642e-10 outputs/V1e27_D300_G2/solution/solution-00053 
 54 7.519886188628e+10 1.392571516413e+09 768 7235 3201 17 8 9 9 7.30633416e-11 1.23282812e-10 outputs/V1e27_D300_G2/solution/solution-00054 
 55 7.659143340269e+10 1.392571516413e+09 768 7235 3201 17 8 9 9 6.92519790e-11 1.16851031e-10 outputs/V1e27_D300_G2/solution/solution-00055 
 56 7.798400491911e+10 1.392571516413e+09 768 7235 3201 17 8 9 9 6.56394392e-11 1.10754824e-10 outputs/V1e27_D300_G2/solution/solution-00056 
 57 7.937657643552e+10 1.392571516413e+09 768 7235 3201 17 8 9 9 6.22153503e-11 1.04976680e-10 outputs/V1e27_D300_G2/solution/solution-00057 
 58 8.076914795193e+10 1.392571516413e+09 768 7235 3201 17 8 9 9 5.89698813e-11 9.95000032e-11 outputs/V1e27_D300_G2/solution/solution-00058 
 59 8.216171946834e+10 1.392571516413e+09 768 7235 3201 17 8 9 9 5.58937144e-11 9.43090635e-11 outputs/V1e27_D300_G2/solution/solution-00059 
 60 8.355429098476e+10 1.392571516413e+09 768 7235 3201 17 8 9 9 5.29780176e-11 8.93889517e-11 outputs/V1e27_D300_G2/solution/solution-00060 
 61 8.494686250117e+10 1.392571516413e+09 768 7235 3201 17 8 9 9 5.02144198e-11 8.47255364e-11 outputs/V1e27_D300_G2/solution/solution-00061 
 62 8.633943401758e+10 1.392571516413e+09 768 7235 3201 17 8 9 9 4.75949865e-11 8.03054240e-11 outputs/V1e27_D300_G2/solution/solution-00062 
 63 8.773200553399e+10 1.392571516413e+09 768 7235 3201 16 8 9 9 4.51121977e-11 7.61159201e-11 outputs/V1e27_D300_G2/solution/solution-00063 
 64 8.912457705041e+10 1.392571516413e+09 768 7235 3201 16 8 9 9 4.27589248e-11 7.21449920e-11 outputs/V1e27_D300_G2/solution/solution-00064 
 65 9.051714856682e+10 1.392571516413e+09 768 7235 3201 16 8 9 9 4.05284115e-11 6.83812350e-11 outputs/V1e27_D300_G2/solution/solution-00065 
 66 9.190972008323e+10 1.392571516413e+09 768 7235 3201 16 8 9 9 3.84142538e-11 6.48138397e-11 outputs/V1e27_D300_G2/solution/solution-00066 
 67 9.330229159964e+10 1.392571516413e+09 768 7235 3201 16 8 9 9 3.64103821e-11 6.14325608e-11 outputs/V1e27_D300_G2/solution/solution-00067 
 68 9.469486311606e+10 1.392571516413e+09 768 7235 3201 16 8 9 9 3.45110431e-11 5.82276877e-11 outputs/V1e27_D300_G2/solution/solution-00068 
 69 9.608743463247e+10 1.392571516413e+09 768 7235 3201 16 8 9 9 3.27107839e-11 5.51900163e-11 outputs/V1e27_D300_G2/solution/solution-00069 
 70 9.748000614888e+10 1.392571516413e+09 768 7235 3201 16 8 9 9 3.10044357e-11 5.23108230e-11 outputs/V1e27_D300_G2/solution/solution-00070 
 71 9.887257766530e+10 1.392571516413e+09 768 7235 3201 16 8 9 9 2.93870998e-11 4.95818393e-11 outputs/V1e27_D300_G2/solution/solution-00071 
 72 1.002651491817e+11 1.392571516413e+09 768 7235 3201 16 8 9 9 2.78541326e-11 4.69952282e-11 outputs/V1e27_D300_G2/solution/solution-00072 
 73 1.016577206981e+11 1.392571516413e+09 768 7235 3201 16 8 9 9 2.64011332e-11 4.45435615e-11 outputs/V1e27_D300_G2/solution/solution-00073 
 74 1.030502922145e+11 1.392571516413e+09 768 7235 3201 16 8 9 9 2.50239298e-11 4.22197989e-11 outputs/V1e27_D300_G2/solution/solution-00074 
 75 1.044428637309e+11 1.392571516413e+09 768 7235 3201 16 8 9 9 2.37185686e-11 4.00172669e-11 outputs/V1e27_D300_G2/solution/solution-00075 
 76 1.058354352474e+11 1.392571516413e+09 768 7235 3201 16 8 9 9 2.24813019e-11 3.79296409e-11 outputs/V1e27_D300_G2/solution/solution-00076 
 77 1.072280067638e+11 1.392571516413e+09 768 7235 3201 16 8 9 9 2.13085774e-11 3.59509257e-11 outputs/V1e27_D300_G2/solution/solution-00077 
 78 1.086205782802e+11 1.392571516413e+09 768 7235 3201 16 8 9 9 2.01970283e-11 3.40754393e-11 outputs/V1e27_D300_G2/solution/solution-00078 
 79 1.100131497966e+11 1.392571516413e+09 768 7235 3201 16 8 9 9 1.91434634e-11 3.22977960e-11 outputs/V1e27_D300_G2/solution/solution-00079 
 80 1.114057213130e+11 1.392571516413e+09 768 7235 3201 16 8 9 9 1.81448578e-11 3.06128911e-11 outputs/V1e27_D300_G2/solution/solution-00080 
 81 1.127982928294e+11 1.392571516413e+09 768 7235 3201 16 8 9 9 1.71983446e-11 2.90158863e-11 outputs/V1e27_D300_G2/solution/solution-00081 
 82 1.141908643458e+11 1.392571516413e+09 768 7235 3201 16 8 9 9 1.63012065e-11 2.75021958e-11 outputs/V1e27_D300_G2/solution/solution-00082 
 83 1.155834358622e+11 1.392571516413e+09 768 7235 3201 16 8 9 9 1.54508675e-11 2.60674729e-11 outputs/V1e27_D300_G2/solution/solution-00083 
 84 1.169760073787e+11 1.392571516413e+09 768 7235 3201 16 8 9 9 1.46448866e-11 2.47075977e-11 outputs/V1e27_D300_G2/solution/solution-00084 
 85 1.183685788951e+11 1.392571516413e+09 768 7235 3201 16 8 9 9 1.38809496e-11 2.34186655e-11 outputs/V1e27_D300_G2/solution/solution-00085 
 86 1.197611504115e+11 1.392571516413e+09 768 7235 3201 16 8 9 9 1.31568635e-11 2.21969751e-11 outputs/V1e27_D300_G2/solution/solution-00086 
 87 1.211537219279e+11 1.392571516413e+09 768 7235 3201 16 8 9 9 1.24705493e-11 2.10390184e-11 outputs/V1e27_D300_G2/solution/solution-00087 
 88 1.225462934443e+11 1.392571516413e+09 768 7235 3201 15 8 9 9 1.18200370e-11 1.99414712e-11 outputs/V1e27_D300_G2/solution/solution-00088 
 89 1.239388649607e+11 1.392571516413e+09 768 7235 3201 15 8 9 9 1.12034587e-11 1.89011813e-11 outputs/V1e27_D300_G2/solution/solution-00089 
 90 1.253314364771e+11 1.392571516413e+09 768 7235 3201 15 8 9 9 1.06190441e-11 1.79151614e-11 outputs/V1e27_D300_G2/solution/solution-00090 
 91 1.267240079935e+11 1.392571516413e+09 768 7235 3201 15 8 9 9 1.00651155e-11 1.69805803e-11 outputs/V1e27_D300_G2/solution/solution-00091 
 92 1.281165795100e+11 1.392571516413e+09 768 7235 3201 15 8 9 9 9.54008251e-12 1.60947543e-11 outputs/V1e27_D300_G2/solution/solution-00092 
 93 1.295091510264e+11 1.392571516413e+09 768 7235 3201 15 8 9 9 9.04243775e-12 1.52551401e-11 outputs/V1e27_D300_G2/solution/solution-00093 
 94 1.309017225428e+11 1.392571516413e+09 768 7235 3201 15 8 9 9 8.57075250e-12 1.44593266e-11 outputs/V1e27_D300_G2/solution/solution-00094 
 95 1.322942940592e+11 1.392571516413e+09 768 7235 3201 15 8 9 9 8.12367261e-12 1.37050290e-11 outputs/V1e27_D300_G2/solution/solution-00095 
 96 1.336868655756e+11 1.392571516413e+09 768 7235 3201 15 8 9 9 7.69991451e-12 1.29900812e-11 outputs/V1e27_D300_G2/solution/solution-00096 
 97 1.350794370920e+11 1.392571516413e+09 768 7235 3201 15 8 9 9 7.29826163e-12 1.23124307e-11 outputs/V1e27_D300_G2/solution/solution-00097 
 98 1.364720086084e+11 1.392571516413e+09 768 7235 3201 15 8 9 9 6.91756082e-12 1.16701313e-11 outputs/V1e27_D300_G2/solution/solution-00098 
 99 1.378645801248e+11 1.392571516413e+09 768 7235 3201 15 8 9 9 6.55671914e-12 1.10613392e-11 outputs/V1e27_D300_G2/solution/solution-00099 
100 1.392571516413e+11 1.392571516413e+09 768 7235 3201 15 8 9 9 6.21470059e-12 1.04843061e-11 outputs/V1e27_D300_G2/solution/solution-00100 
