# 1: Time step number
# 2: Time (years)
# 3: Time step size (years)
# 4: Number of mesh cells
# 5: Number of Stokes degrees of freedom
# 6: Number of temperature degrees of freedom
# 7: Iterations for temperature solver
# 8: Iterations for Stokes solver
# 9: Velocity iterations in Stokes preconditioner
# 10: Schur complement iterations in Stokes preconditioner
# 11: RMS velocity (m/year)
# 12: Max. velocity (m/year)
# 13: Visualization file name
  0 0.000000000000e+00 0.000000000000e+00 768 7235 3201  0 8 9 9 3.13636590e-06 1.52379385e-05 outputs/V3.3e24_D10000_G12/solution/solution-00000 
  1 1.392571516413e+09 1.392571516413e+09 768 7235 3201 32 8 9 9 2.62529178e-05 4.55158260e-05 outputs/V3.3e24_D10000_G12/solution/solution-00001 
  2 2.785143032825e+09 1.392571516413e+09 768 7235 3201 27 8 9 9 3.33516319e-04 5.97288449e-04 outputs/V3.3e24_D10000_G12/solution/solution-00002 
  3 2.942102371550e+09 1.569593387252e+08 768 7235 3201 13 8 9 9 6.81749651e-04 1.22725559e-03 outputs/V3.3e24_D10000_G12/solution/solution-00003 
  4 3.018507074523e+09 7.640470297207e+07 768 7235 3201 12 8 9 9 1.04369634e-03 1.88348609e-03 outputs/V3.3e24_D10000_G12/solution/solution-00004 
  5 3.068299572721e+09 4.979249819831e+07 768 7235 3201 11 7 8 8 1.40593264e-03 2.54047014e-03                                                 "" 
  6 3.105197728666e+09 3.689815594508e+07 768 7235 3201 12 7 8 8 1.76316310e-03 3.18887545e-03 outputs/V3.3e24_D10000_G12/solution/solution-00005 
  7 3.134589056702e+09 2.939132803630e+07 768 7235 3201 12 6 7 7 2.11376357e-03 3.82680693e-03                                                 "" 
  8 3.159092895081e+09 2.450383837907e+07 768 7235 3201 12 6 7 7 2.45726219e-03 4.45111520e-03                                                 "" 
  9 3.180161891050e+09 2.106899596920e+07 768 7235 3201 12 6 7 7 2.79337377e-03 5.06208193e-03                                                 "" 
 10 3.198681938987e+09 1.852004793663e+07 768 7235 3201 12 6 7 7 3.12176075e-03 5.65929810e-03                                                 "" 
 11 3.215247597530e+09 1.656565854307e+07 768 7235 3201 13 6 7 7 3.44228780e-03 6.24107279e-03 outputs/V3.3e24_D10000_G12/solution/solution-00006 
 12 3.230270265453e+09 1.502266792277e+07 768 7235 3201 13 6 7 7 3.75473949e-03 6.80958131e-03                                                 "" 
 13 3.244044895304e+09 1.377462985114e+07 768 7235 3201 13 6 7 7 4.05878447e-03 7.36095797e-03                                                 "" 
 14 3.256781935207e+09 1.273703990271e+07 768 7235 3201 13 6 7 7 4.35380599e-03 7.89375659e-03                                                 "" 
 15 3.268653952818e+09 1.187201761168e+07 768 7235 3201 13 6 7 7 4.63943755e-03 8.41260964e-03                                                 "" 
 16 3.279796203301e+09 1.114225048260e+07 768 7235 3201 13 6 7 7 4.91527450e-03 8.91347048e-03 outputs/V3.3e24_D10000_G12/solution/solution-00007 
 17 3.290316846935e+09 1.052064363429e+07 768 7235 3201 13 6 7 7 5.18088585e-03 9.39364486e-03                                                 "" 
 18 3.300302023386e+09 9.985176450588e+06 768 7235 3201 13 6 7 7 5.43577661e-03 9.85207050e-03 outputs/V3.3e24_D10000_G12/solution/solution-00008 
 19 3.309817794030e+09 9.515770644174e+06 768 7235 3201 13 6 7 7 5.67932306e-03 1.02925731e-02                                                 "" 
 20 3.318926303543e+09 9.108509512485e+06 768 7235 3201 13 6 7 7 5.91111086e-03 1.07095693e-02                                                 "" 
 21 3.327680156986e+09 8.753853443185e+06 768 7235 3201 13 6 7 7 6.13073524e-03 1.11022397e-02                                                 "" 
 22 3.336124399071e+09 8.444242085267e+06 768 7235 3201 13 6 7 7 6.33780774e-03 1.14735300e-02                                                 "" 
 23 3.344298014361e+09 8.173615289845e+06 768 7235 3201 13 6 7 7 6.53196201e-03 1.18207482e-02 outputs/V3.3e24_D10000_G12/solution/solution-00009 
 24 3.352233712551e+09 7.935698189970e+06 768 7235 3201 14 6 7 7 6.71282833e-03 1.21416942e-02                                                 "" 
 25 3.359956940970e+09 7.723228419451e+06 768 7235 3201 14 6 7 7 6.88000655e-03 1.24356309e-02                                                 "" 
 26 3.367495039956e+09 7.538098985874e+06 768 7235 3201 14 6 7 7 7.03325974e-03 1.27021344e-02                                                 "" 
 27 3.374872518893e+09 7.377478936450e+06 768 7235 3201 14 6 7 7 7.17238777e-03 1.29463132e-02                                                 "" 
 28 3.382111543009e+09 7.239024116528e+06 768 7235 3201 14 6 7 7 7.29722907e-03 1.31654887e-02 outputs/V3.3e24_D10000_G12/solution/solution-00010 
 29 3.389232332072e+09 7.120789062423e+06 768 7235 3201 14 6 7 7 7.40766155e-03 1.33564757e-02                                                 "" 
 30 3.396253490861e+09 7.021158789480e+06 768 7235 3201 14 6 7 7 7.50360299e-03 1.35191259e-02                                                 "" 
 31 3.403192286446e+09 6.938795585059e+06 768 7235 3201 14 6 7 7 7.58501089e-03 1.36533796e-02 outputs/V3.3e24_D10000_G12/solution/solution-00011 
 32 3.410061210600e+09 6.868924153504e+06 768 7235 3201 14 6 7 7 7.65184999e-03 1.37592770e-02                                                 "" 
 33 3.416874795340e+09 6.813584740699e+06 768 7235 3201 14 6 7 7 7.70417307e-03 1.38417995e-02                                                 "" 
 34 3.423647758651e+09 6.772963310234e+06 768 7235 3201 14 6 7 7 7.74208060e-03 1.38962109e-02                                                 "" 
 35 3.430394202016e+09 6.746443365351e+06 768 7235 3201 14 6 7 7 7.76570663e-03 1.39228102e-02                                                 "" 
 36 3.437127756437e+09 6.733554421078e+06 768 7235 3201 14 6 7 7 7.77521699e-03 1.39219736e-02 outputs/V3.3e24_D10000_G12/solution/solution-00012 
 37 3.443861715480e+09 6.733959043335e+06 768 7235 3201 14 6 7 7 7.77080714e-03 1.38955001e-02                                                 "" 
 38 3.450609158837e+09 6.747443357088e+06 768 7235 3201 14 6 7 7 7.75269914e-03 1.38457957e-02                                                 "" 
 39 3.457383070030e+09 6.773911192274e+06 768 7235 3201 14 6 7 7 7.72113027e-03 1.37700189e-02                                                 "" 
 40 3.464195420805e+09 6.812350775610e+06 768 7235 3201 14 6 7 7 7.67636977e-03 1.36687979e-02                                                 "" 
 41 3.471056327241e+09 6.860906436166e+06 768 7235 3201 14 6 7 7 7.61874498e-03 1.35428882e-02 outputs/V3.3e24_D10000_G12/solution/solution-00013 
 42 3.477979151774e+09 6.922824532286e+06 768 7235 3201 14 6 7 7 7.54859428e-03 1.33930736e-02                                                 "" 
 43 3.484977565716e+09 6.998413942601e+06 768 7235 3201 14 6 7 7 7.46627594e-03 1.32201882e-02                                                 "" 
 44 3.492065666416e+09 7.088100699867e+06 768 7235 3201 14 6 7 7 7.37216036e-03 1.30313480e-02                                                 "" 
 45 3.499258105473e+09 7.192439057041e+06 768 7235 3201 14 6 7 7 7.26662655e-03 1.28215812e-02                                                 "" 
 46 3.506570228302e+09 7.312122828317e+06 768 7235 3201 14 6 7 7 7.15006161e-03 1.25910986e-02 outputs/V3.3e24_D10000_G12/solution/solution-00014 
 47 3.514018226470e+09 7.447998168628e+06 768 7235 3201 14 6 7 7 7.02285958e-03 1.23408424e-02                                                 "" 
 48 3.521618839036e+09 7.600612565814e+06 768 7235 3201 14 6 7 7 6.88542975e-03 1.20717961e-02                                                 "" 
 49 3.529385960530e+09 7.767121493635e+06 768 7235 3201 14 6 7 7 6.73826702e-03 1.18200115e-02                                                 "" 
 50 3.537318163546e+09 7.932203016796e+06 768 7235 3201 14 6 7 7 6.58221780e-03 1.16876534e-02                                                 "" 
 51 3.545339448650e+09 8.021285103230e+06 768 7235 3201 14 6 7 7 6.41973386e-03 1.15430575e-02 outputs/V3.3e24_D10000_G12/solution/solution-00015 
 52 3.553461213630e+09 8.121764980247e+06 768 7235 3201 14 6 7 7 6.25161629e-03 1.13859331e-02                                                 "" 
 53 3.561695057888e+09 8.233844257758e+06 768 7235 3201 14 6 7 7 6.07863252e-03 1.12170752e-02                                                 "" 
 54 3.570052851538e+09 8.357793649995e+06 768 7235 3201 13 6 7 7 5.90151500e-03 1.10372631e-02                                                 "" 
 55 3.578546805048e+09 8.493953510783e+06 768 7235 3201 13 6 7 7 5.72096098e-03 1.08472610e-02                                                 "" 
 56 3.587189539805e+09 8.642734756180e+06 768 7235 3201 13 6 7 7 5.53763327e-03 1.06478192e-02 outputs/V3.3e24_D10000_G12/solution/solution-00016 
 57 3.595994159613e+09 8.804619807939e+06 768 7235 3201 13 6 7 7 5.35216100e-03 1.04396750e-02                                                 "" 
 58 3.604974324252e+09 8.980164639767e+06 768 7235 3201 13 6 7 7 5.16514183e-03 1.02235549e-02 outputs/V3.3e24_D10000_G12/solution/solution-00017 
 59 3.614144324377e+09 9.170000124328e+06 768 7235 3201 13 6 7 7 4.97714297e-03 1.00001752e-02                                                 "" 
 60 3.623519160091e+09 9.374835714171e+06 768 7235 3201 13 6 7 7 4.78870236e-03 9.77024165e-03                                                 "" 
 61 3.633114623885e+09 9.595463793912e+06 768 7235 3201 12 6 7 7 4.60033076e-03 9.53618104e-03                                                 "" 
 62 3.642947387132e+09 9.832763247342e+06 768 7235 3201 12 6 7 7 4.41251267e-03 9.29734241e-03                                                 "" 
 63 3.653035093424e+09 1.008770629171e+07 768 7235 3201 12 6 7 7 4.22570897e-03 9.05389034e-03 outputs/V3.3e24_D10000_G12/solution/solution-00018 
 64 3.663396455227e+09 1.036136180321e+07 768 7235 3201 12 6 7 7 4.04035828e-03 8.80650807e-03                                                 "" 
 65 3.674051357211e+09 1.065490198363e+07 768 7235 3201 12 6 7 7 3.85687819e-03 8.55587012e-03                                                 "" 
 66 3.685020967282e+09 1.096961007160e+07 768 7235 3201 12 6 7 7 3.67566647e-03 8.30264167e-03                                                 "" 
 67 3.696324617141e+09 1.130364985833e+07 768 7235 3201 12 6 7 7 3.49715206e-03 8.04755016e-03                                                 "" 
 68 3.707984064537e+09 1.165944739596e+07 768 7235 3201 12 6 7 7 3.32172328e-03 7.79128561e-03 outputs/V3.3e24_D10000_G12/solution/solution-00019 
 69 3.720024325552e+09 1.204026101496e+07 768 7235 3201 11 6 7 7 3.14972221e-03 7.53448710e-03                                                 "" 
 70 3.732472068500e+09 1.244774294861e+07 768 7235 3201 11 6 7 7 2.98147445e-03 7.27778275e-03                                                 "" 
 71 3.745355737984e+09 1.288366948386e+07 768 7235 3201 11 6 7 7 2.81728953e-03 7.02178902e-03                                                 "" 
 72 3.758705682317e+09 1.334994433249e+07 768 7235 3201 11 6 7 7 2.65746103e-03 6.76710963e-03                                                 "" 
 73 3.772554283619e+09 1.384860130296e+07 768 7235 3201 11 6 7 7 2.50226652e-03 6.51433400e-03 outputs/V3.3e24_D10000_G12/solution/solution-00020 
 74 3.786936089626e+09 1.438180600609e+07 768 7235 3201 11 6 7 7 2.35196706e-03 6.26498639e-03                                                 "" 
 75 3.801887945717e+09 1.495185609123e+07 768 7235 3201 11 6 7 7 2.20680650e-03 6.02178843e-03 outputs/V3.3e24_D10000_G12/solution/solution-00021 
 76 3.817449125041e+09 1.556117932471e+07 768 7235 3201 11 6 7 7 2.06701029e-03 5.78210046e-03                                                 "" 
 77 3.833661453767e+09 1.621232872542e+07 768 7235 3201 10 6 7 7 1.93278407e-03 5.54643002e-03                                                 "" 
 78 3.850569427739e+09 1.690797397160e+07 768 7235 3201 10 6 7 7 1.80431178e-03 5.31525855e-03                                                 "" 
 79 3.868220316110e+09 1.765088837176e+07 768 7235 3201 10 6 7 7 1.68175346e-03 5.08903945e-03                                                 "" 
 80 3.886657851846e+09 1.843753573554e+07 768 7235 3201 10 6 7 7 1.56528094e-03 4.86826955e-03 outputs/V3.3e24_D10000_G12/solution/solution-00022 
 81 3.905919313172e+09 1.926146132605e+07 768 7235 3201 10 6 7 7 1.45507239e-03 4.65561841e-03 outputs/V3.3e24_D10000_G12/solution/solution-00023 
 82 3.926056272789e+09 2.013695961694e+07 768 7235 3201 10 6 7 7 1.35118538e-03 4.45023557e-03                                                 "" 
 83 3.947122573338e+09 2.106630054923e+07 768 7235 3201 10 6 7 7 1.25364083e-03 4.25138368e-03                                                 "" 
 84 3.969174217500e+09 2.205164416215e+07 768 7235 3201 10 6 7 7 1.16242004e-03 4.06018189e-03                                                 "" 
 85 3.992269217077e+09 2.309499957664e+07 768 7235 3201 10 6 7 7 1.07746228e-03 3.87837763e-03                                                 "" 
 86 4.016467400634e+09 2.419818355702e+07 768 7235 3201  9 6 7 7 9.98663087e-04 3.70357109e-03 outputs/V3.3e24_D10000_G12/solution/solution-00024 
 87 4.041796229789e+09 2.532882915557e+07 768 7235 3201  9 6 7 7 9.25963784e-04 3.53608881e-03                                                 "" 
 88 4.068304796177e+09 2.650856638729e+07 768 7235 3201  9 6 7 7 8.59168958e-04 3.37601678e-03                                                 "" 
 89 4.096048767712e+09 2.774397153546e+07 768 7235 3201  9 6 7 7 7.98021240e-04 3.22815951e-03                                                 "" 
 90 4.125083725842e+09 2.903495812966e+07 768 7235 3201  9 6 7 7 7.42227447e-04 3.08764743e-03 outputs/V3.3e24_D10000_G12/solution/solution-00025 
 91 4.155464839199e+09 3.038111335682e+07 768 7235 3201  9 6 7 7 6.91464667e-04 2.95403677e-03                                                 "" 
 92 4.187229168636e+09 3.176432943704e+07 768 7235 3201  9 6 7 7 6.45411051e-04 2.82771831e-03                                                 "" 
 93 4.220383107459e+09 3.315393882352e+07 768 7235 3201  8 6 7 7 6.03753051e-04 2.71059402e-03 outputs/V3.3e24_D10000_G12/solution/solution-00026 
 94 4.254969622179e+09 3.458651471937e+07 768 7235 3201  8 5 6 6 5.66108667e-04 2.59984153e-03                                                 "" 
 95 4.291029512378e+09 3.605989019900e+07 768 7235 3201  8 5 6 6 5.32105322e-04 2.49565927e-03                                                 "" 
 96 4.328601116017e+09 3.757160363983e+07 768 7235 3201  8 5 6 6 5.01387427e-04 2.39950419e-03 outputs/V3.3e24_D10000_G12/solution/solution-00027 
 97 4.367719991804e+09 3.911887578704e+07 768 7235 3201  8 5 6 6 4.73622922e-04 2.30883747e-03                                                 "" 
 98 4.408378949929e+09 4.065895812461e+07 768 7235 3201  8 5 6 6 4.48530380e-04 2.22352476e-03 outputs/V3.3e24_D10000_G12/solution/solution-00028 
 99 4.450562412985e+09 4.218346305560e+07 768 7235 3201  8 5 6 6 4.25850131e-04 2.14341998e-03                                                 "" 
100 4.494285610178e+09 4.372319719364e+07 768 7235 3201  8 5 6 6 4.05330843e-04 2.06830875e-03                                                 "" 
