# 1: Time step number
# 2: Time (years)
# 3: Time step size (years)
# 4: Number of mesh cells
# 5: Number of Stokes degrees of freedom
# 6: Number of temperature degrees of freedom
# 7: Iterations for temperature solver
# 8: Iterations for Stokes solver
# 9: Velocity iterations in Stokes preconditioner
# 10: Schur complement iterations in Stokes preconditioner
# 11: RMS velocity (m/year)
# 12: Max. velocity (m/year)
# 13: Visualization file name
  0 0.000000000000e+00 0.000000000000e+00 768 7235 3201  0 8 9 9 6.59812396e-09 1.11319196e-08 outputs/V1e27_D1000_G10/solution/solution-00000 
  1 1.392571516413e+09 1.392571516413e+09 768 7235 3201 19 6 7 7 6.27961104e-09 1.05945457e-08 outputs/V1e27_D1000_G10/solution/solution-00001 
  2 2.785143032825e+09 1.392571516413e+09 768 7235 3201 13 5 6 6 5.97085303e-09 1.00736295e-08 outputs/V1e27_D1000_G10/solution/solution-00002 
  3 4.177714549238e+09 1.392571516413e+09 768 7235 3201 13 5 6 6 5.67536366e-09 9.57509935e-09 outputs/V1e27_D1000_G10/solution/solution-00003 
  4 5.570286065650e+09 1.392571516413e+09 768 7235 3201 13 5 6 6 5.39384632e-09 9.10014186e-09 outputs/V1e27_D1000_G10/solution/solution-00004 
  5 6.962857582063e+09 1.392571516413e+09 768 7235 3201 13 5 6 6 5.12607130e-09 8.64836949e-09 outputs/V1e27_D1000_G10/solution/solution-00005 
  6 8.355429098476e+09 1.392571516413e+09 768 7235 3201 13 5 6 6 4.87151423e-09 8.21889759e-09 outputs/V1e27_D1000_G10/solution/solution-00006 
  7 9.748000614888e+09 1.392571516413e+09 768 7235 3201 13 5 6 6 4.62957252e-09 7.81070950e-09 outputs/V1e27_D1000_G10/solution/solution-00007 
  8 1.114057213130e+10 1.392571516413e+09 768 7235 3201 13 5 6 6 4.39963797e-09 7.42277908e-09 outputs/V1e27_D1000_G10/solution/solution-00008 
  9 1.253314364771e+10 1.392571516413e+09 768 7235 3201 13 5 6 6 4.18112046e-09 7.05411075e-09 outputs/V1e27_D1000_G10/solution/solution-00009 
 10 1.392571516413e+10 1.392571516413e+09 768 7235 3201 13 5 6 6 3.97345508e-09 6.70375141e-09 outputs/V1e27_D1000_G10/solution/solution-00010 
 11 1.531828668054e+10 1.392571516413e+09 768 7235 3201 13 5 6 6 3.77610355e-09 6.37079292e-09 outputs/V1e27_D1000_G10/solution/solution-00011 
 12 1.671085819695e+10 1.392571516413e+09 768 7235 3201 13 5 6 6 3.58855386e-09 6.05437145e-09 outputs/V1e27_D1000_G10/solution/solution-00012 
 13 1.810342971336e+10 1.392571516413e+09 768 7235 3201 13 5 6 6 3.41031925e-09 5.75366577e-09 outputs/V1e27_D1000_G10/solution/solution-00013 
 14 1.949600122978e+10 1.392571516413e+09 768 7235 3201 13 5 6 6 3.24093710e-09 5.46789538e-09 outputs/V1e27_D1000_G10/solution/solution-00014 
 15 2.088857274619e+10 1.392571516413e+09 768 7235 3201 13 5 6 6 3.07996774e-09 5.19631849e-09 outputs/V1e27_D1000_G10/solution/solution-00015 
 16 2.228114426260e+10 1.392571516413e+09 768 7235 3201 13 5 6 6 2.92699334e-09 4.93823016e-09 outputs/V1e27_D1000_G10/solution/solution-00016 
 17 2.367371577901e+10 1.392571516413e+09 768 7235 3201 12 5 6 6 2.78161679e-09 4.69296044e-09 outputs/V1e27_D1000_G10/solution/solution-00017 
 18 2.506628729543e+10 1.392571516413e+09 768 7235 3201 12 5 6 6 2.64346074e-09 4.45987265e-09 outputs/V1e27_D1000_G10/solution/solution-00018 
 19 2.645885881184e+10 1.392571516413e+09 768 7235 3201 12 5 6 6 2.51216656e-09 4.23836177e-09 outputs/V1e27_D1000_G10/solution/solution-00019 
 20 2.785143032825e+10 1.392571516413e+09 768 7235 3201 12 5 6 6 2.38739343e-09 4.02785279e-09 outputs/V1e27_D1000_G10/solution/solution-00020 
 21 2.924400184466e+10 1.392571516413e+09 768 7235 3201 12 5 6 6 2.26881748e-09 3.82779926e-09 outputs/V1e27_D1000_G10/solution/solution-00021 
 22 3.063657336108e+10 1.392571516413e+09 768 7235 3201 12 5 6 6 2.15613091e-09 3.63768191e-09 outputs/V1e27_D1000_G10/solution/solution-00022 
 23 3.202914487749e+10 1.392571516413e+09 768 7235 3201 12 5 6 6 2.04904120e-09 3.45700721e-09 outputs/V1e27_D1000_G10/solution/solution-00023 
 24 3.342171639390e+10 1.392571516413e+09 768 7235 3201 12 5 6 6 1.94727037e-09 3.28530618e-09 outputs/V1e27_D1000_G10/solution/solution-00024 
 25 3.481428791032e+10 1.392571516413e+09 768 7235 3201 12 5 6 6 1.85055425e-09 3.12213312e-09 outputs/V1e27_D1000_G10/solution/solution-00025 
 26 3.620685942673e+10 1.392571516413e+09 768 7235 3201 12 5 6 6 1.75864178e-09 2.96706446e-09 outputs/V1e27_D1000_G10/solution/solution-00026 
 27 3.759943094314e+10 1.392571516413e+09 768 7235 3201 12 5 6 6 1.67129438e-09 2.81969768e-09 outputs/V1e27_D1000_G10/solution/solution-00027 
 28 3.899200245955e+10 1.392571516413e+09 768 7235 3201 12 5 6 6 1.58828530e-09 2.67965024e-09 outputs/V1e27_D1000_G10/solution/solution-00028 
 29 4.038457397597e+10 1.392571516413e+09 768 7235 3201 12 5 6 6 1.50939909e-09 2.54655862e-09 outputs/V1e27_D1000_G10/solution/solution-00029 
 30 4.177714549238e+10 1.392571516413e+09 768 7235 3201 12 5 6 6 1.43443095e-09 2.42007733e-09 outputs/V1e27_D1000_G10/solution/solution-00030 
 31 4.316971700879e+10 1.392571516413e+09 768 7235 3201 12 5 6 6 1.36318630e-09 2.29987805e-09 outputs/V1e27_D1000_G10/solution/solution-00031 
 32 4.456228852520e+10 1.392571516413e+09 768 7235 3201 12 5 6 6 1.29548020e-09 2.18564877e-09 outputs/V1e27_D1000_G10/solution/solution-00032 
 33 4.595486004162e+10 1.392571516413e+09 768 7235 3201 12 5 6 6 1.23113689e-09 2.07709298e-09 outputs/V1e27_D1000_G10/solution/solution-00033 
 34 4.734743155803e+10 1.392571516413e+09 768 7235 3201 12 5 6 6 1.16998935e-09 1.97392889e-09 outputs/V1e27_D1000_G10/solution/solution-00034 
 35 4.874000307444e+10 1.392571516413e+09 768 7235 3201 12 5 6 6 1.11187886e-09 1.87588871e-09 outputs/V1e27_D1000_G10/solution/solution-00035 
 36 5.013257459085e+10 1.392571516413e+09 768 7235 3201 12 5 6 6 1.05665458e-09 1.78271794e-09 outputs/V1e27_D1000_G10/solution/solution-00036 
 37 5.152514610727e+10 1.392571516413e+09 768 7235 3201 12 5 6 6 1.00417315e-09 1.69417473e-09 outputs/V1e27_D1000_G10/solution/solution-00037 
 38 5.291771762368e+10 1.392571516413e+09 768 7235 3201 11 5 6 6 9.54298345e-10 1.61002925e-09 outputs/V1e27_D1000_G10/solution/solution-00038 
 39 5.431028914009e+10 1.392571516413e+09 768 7235 3201 11 5 6 6 9.06900697e-10 1.53006306e-09 outputs/V1e27_D1000_G10/solution/solution-00039 
 40 5.570286065650e+10 1.392571516413e+09 768 7235 3201 11 5 6 6 8.61857174e-10 1.45406860e-09 outputs/V1e27_D1000_G10/solution/solution-00040 
 41 5.709543217292e+10 1.392571516413e+09 768 7235 3201 11 5 6 6 8.19050851e-10 1.38184860e-09 outputs/V1e27_D1000_G10/solution/solution-00041 
 42 5.848800368933e+10 1.392571516413e+09 768 7235 3201 11 5 6 6 7.78370613e-10 1.31321558e-09 outputs/V1e27_D1000_G10/solution/solution-00042 
 43 5.988057520574e+10 1.392571516413e+09 768 7235 3201 11 5 6 6 7.39710862e-10 1.24799140e-09 outputs/V1e27_D1000_G10/solution/solution-00043 
 44 6.127314672215e+10 1.392571516413e+09 768 7235 3201 11 5 6 6 7.02971246e-10 1.18600674e-09 outputs/V1e27_D1000_G10/solution/solution-00044 
 45 6.266571823857e+10 1.392571516413e+09 768 7235 3201 11 5 6 6 6.68056396e-10 1.12710071e-09 outputs/V1e27_D1000_G10/solution/solution-00045 
 46 6.405828975498e+10 1.392571516413e+09 768 7235 3201 11 5 6 6 6.34875680e-10 1.07112039e-09 outputs/V1e27_D1000_G10/solution/solution-00046 
 47 6.545086127139e+10 1.392571516413e+09 768 7235 3201 11 5 6 6 6.03342969e-10 1.01792048e-09 outputs/V1e27_D1000_G10/solution/solution-00047 
 48 6.684343278781e+10 1.392571516413e+09 768 7235 3201 11 5 6 6 5.73376411e-10 9.67362879e-10 outputs/V1e27_D1000_G10/solution/solution-00048 
 49 6.823600430422e+10 1.392571516413e+09 768 7235 3201 11 5 6 6 5.44898217e-10 9.19316348e-10 outputs/V1e27_D1000_G10/solution/solution-00049 
 50 6.962857582063e+10 1.392571516413e+09 768 7235 3201 11 5 6 6 5.17834465e-10 8.73656170e-10 outputs/V1e27_D1000_G10/solution/solution-00050 
 51 7.102114733704e+10 1.392571516413e+09 768 7235 3201 11 5 6 6 4.92114903e-10 8.30263820e-10 outputs/V1e27_D1000_G10/solution/solution-00051 
 52 7.241371885346e+10 1.392571516413e+09 768 7235 3201 11 5 6 6 4.67672768e-10 7.89026662e-10 outputs/V1e27_D1000_G10/solution/solution-00052 
 53 7.380629036987e+10 1.392571516413e+09 768 7235 3201 11 5 6 6 4.44444613e-10 7.49837651e-10 outputs/V1e27_D1000_G10/solution/solution-00053 
 54 7.519886188628e+10 1.392571516413e+09 768 7235 3201 11 5 6 6 4.22370144e-10 7.12595062e-10 outputs/V1e27_D1000_G10/solution/solution-00054 
 55 7.659143340269e+10 1.392571516413e+09 768 7235 3201 11 5 6 6 4.01392060e-10 6.77202221e-10 outputs/V1e27_D1000_G10/solution/solution-00055 
 56 7.798400491911e+10 1.392571516413e+09 768 7235 3201 11 5 6 6 3.81455905e-10 6.43567255e-10 outputs/V1e27_D1000_G10/solution/solution-00056 
 57 7.937657643552e+10 1.392571516413e+09 768 7235 3201 10 5 6 6 3.62509930e-10 6.11602855e-10 outputs/V1e27_D1000_G10/solution/solution-00057 
 58 8.076914795193e+10 1.392571516413e+09 768 7235 3201 10 5 6 6 3.44504954e-10 5.81226048e-10 outputs/V1e27_D1000_G10/solution/solution-00058 
 59 8.216171946834e+10 1.392571516413e+09 768 7235 3201 10 5 6 6 3.27394242e-10 5.52357982e-10 outputs/V1e27_D1000_G10/solution/solution-00059 
 60 8.355429098476e+10 1.392571516413e+09 768 7235 3201 10 5 6 6 3.11133376e-10 5.24923722e-10 outputs/V1e27_D1000_G10/solution/solution-00060 
 61 8.494686250117e+10 1.392571516413e+09 768 7235 3201 10 5 6 6 2.95680148e-10 4.98852054e-10 outputs/V1e27_D1000_G10/solution/solution-00061 
 62 8.633943401758e+10 1.392571516413e+09 768 7235 3201 10 5 6 6 2.80994443e-10 4.74075301e-10 outputs/V1e27_D1000_G10/solution/solution-00062 
 63 8.773200553399e+10 1.392571516413e+09 768 7235 3201 10 5 6 6 2.67038141e-10 4.50529149e-10 outputs/V1e27_D1000_G10/solution/solution-00063 
 64 8.912457705041e+10 1.392571516413e+09 768 7235 3201 10 5 6 6 2.53775014e-10 4.28152476e-10 outputs/V1e27_D1000_G10/solution/solution-00064 
 65 9.051714856682e+10 1.392571516413e+09 768 7235 3201 10 5 6 6 2.41170634e-10 4.06887197e-10 outputs/V1e27_D1000_G10/solution/solution-00065 
 66 9.190972008323e+10 1.392571516413e+09 768 7235 3201 10 5 6 6 2.29192283e-10 3.86678112e-10 outputs/V1e27_D1000_G10/solution/solution-00066 
 67 9.330229159964e+10 1.392571516413e+09 768 7235 3201 10 5 6 6 2.17808867e-10 3.67472763e-10 outputs/V1e27_D1000_G10/solution/solution-00067 
 68 9.469486311606e+10 1.392571516413e+09 768 7235 3201 10 5 6 6 2.06990837e-10 3.49221296e-10 outputs/V1e27_D1000_G10/solution/solution-00068 
 69 9.608743463247e+10 1.392571516413e+09 768 7235 3201 10 5 6 6 1.96710111e-10 3.31876334e-10 outputs/V1e27_D1000_G10/solution/solution-00069 
 70 9.748000614888e+10 1.392571516413e+09 768 7235 3201 10 5 6 6 1.86940005e-10 3.15392854e-10 outputs/V1e27_D1000_G10/solution/solution-00070 
 71 9.887257766530e+10 1.392571516413e+09 768 7235 3201 10 5 6 6 1.77655155e-10 2.99728068e-10 outputs/V1e27_D1000_G10/solution/solution-00071 
 72 1.002651491817e+11 1.392571516413e+09 768 7235 3201 10 5 6 6 1.68831461e-10 2.84841313e-10 outputs/V1e27_D1000_G10/solution/solution-00072 
 73 1.016577206981e+11 1.392571516413e+09 768 7235 3201 10 5 6 6 1.60446018e-10 2.70693946e-10 outputs/V1e27_D1000_G10/solution/solution-00073 
 74 1.030502922145e+11 1.392571516413e+09 768 7235 3201 10 5 6 6 1.52477060e-10 2.57249245e-10 outputs/V1e27_D1000_G10/solution/solution-00074 
 75 1.044428637309e+11 1.392571516413e+09 768 7235 3201 10 5 6 6 1.44903900e-10 2.44472308e-10 outputs/V1e27_D1000_G10/solution/solution-00075 
 76 1.058354352474e+11 1.392571516413e+09 768 7235 3201 10 5 6 6 1.37706880e-10 2.32329971e-10 outputs/V1e27_D1000_G10/solution/solution-00076 
 77 1.072280067638e+11 1.392571516413e+09 768 7235 3201 10 5 6 6 1.30867318e-10 2.20790713e-10 outputs/V1e27_D1000_G10/solution/solution-00077 
 78 1.086205782802e+11 1.392571516413e+09 768 7235 3201 10 5 6 6 1.24367461e-10 2.09824583e-10 outputs/V1e27_D1000_G10/solution/solution-00078 
 79 1.100131497966e+11 1.392571516413e+09 768 7235 3201  9 5 6 6 1.18190436e-10 1.99403113e-10 outputs/V1e27_D1000_G10/solution/solution-00079 
 80 1.114057213130e+11 1.392571516413e+09 768 7235 3201  9 5 6 6 1.12320209e-10 1.89499253e-10 outputs/V1e27_D1000_G10/solution/solution-00080 
 81 1.127982928294e+11 1.392571516413e+09 768 7235 3201  9 5 6 6 1.06741541e-10 1.80087293e-10 outputs/V1e27_D1000_G10/solution/solution-00081 
 82 1.141908643458e+11 1.392571516413e+09 768 7235 3201  9 5 6 6 1.01439953e-10 1.71142802e-10 outputs/V1e27_D1000_G10/solution/solution-00082 
 83 1.155834358622e+11 1.392571516413e+09 768 7235 3201  9 5 6 6 9.64016807e-11 1.62642562e-10 outputs/V1e27_D1000_G10/solution/solution-00083 
 84 1.169760073787e+11 1.392571516413e+09 768 7235 3201  9 5 6 6 9.16136472e-11 1.54564508e-10 outputs/V1e27_D1000_G10/solution/solution-00084 
 85 1.183685788951e+11 1.392571516413e+09 768 7235 3201  9 5 6 6 8.70634237e-11 1.46887670e-10 outputs/V1e27_D1000_G10/solution/solution-00085 
 86 1.197611504115e+11 1.392571516413e+09 768 7235 3201  9 5 6 6 8.27391985e-11 1.39592123e-10 outputs/V1e27_D1000_G10/solution/solution-00086 
 87 1.211537219279e+11 1.392571516413e+09 768 7235 3201  9 5 6 6 7.86297468e-11 1.32658927e-10 outputs/V1e27_D1000_G10/solution/solution-00087 
 88 1.225462934443e+11 1.392571516413e+09 768 7235 3201  9 5 6 6 7.47244015e-11 1.26070086e-10 outputs/V1e27_D1000_G10/solution/solution-00088 
 89 1.239388649607e+11 1.392571516413e+09 768 7235 3201  9 5 6 6 7.10130251e-11 1.19808496e-10 outputs/V1e27_D1000_G10/solution/solution-00089 
 90 1.253314364771e+11 1.392571516413e+09 768 7235 3201  9 5 6 6 6.74859835e-11 1.13857904e-10 outputs/V1e27_D1000_G10/solution/solution-00090 
 91 1.267240079935e+11 1.392571516413e+09 768 7235 3201  9 5 6 6 6.41341213e-11 1.08202863e-10 outputs/V1e27_D1000_G10/solution/solution-00091 
 92 1.281165795100e+11 1.392571516413e+09 768 7235 3201  9 5 6 6 6.09487379e-11 1.02828694e-10 outputs/V1e27_D1000_G10/solution/solution-00092 
 93 1.295091510264e+11 1.392571516413e+09 768 7235 3201  9 5 6 6 5.79215646e-11 9.77214467e-11 outputs/V1e27_D1000_G10/solution/solution-00093 
 94 1.309017225428e+11 1.392571516413e+09 768 7235 3201  9 5 6 6 5.50447436e-11 9.28678639e-11 outputs/V1e27_D1000_G10/solution/solution-00094 
 95 1.322942940592e+11 1.392571516413e+09 768 7235 3201  9 5 6 6 5.23108071e-11 8.82553464e-11 outputs/V1e27_D1000_G10/solution/solution-00095 
 96 1.336868655756e+11 1.392571516413e+09 768 7235 3201  9 5 6 6 4.97126585e-11 8.38719214e-11 outputs/V1e27_D1000_G10/solution/solution-00096 
 97 1.350794370920e+11 1.392571516413e+09 768 7235 3201  8 5 6 6 4.72435534e-11 7.97062099e-11 outputs/V1e27_D1000_G10/solution/solution-00097 
 98 1.364720086084e+11 1.392571516413e+09 768 7235 3201  8 5 6 6 4.48970826e-11 7.57473989e-11 outputs/V1e27_D1000_G10/solution/solution-00098 
 99 1.378645801248e+11 1.392571516413e+09 768 7235 3201  8 5 6 6 4.26671553e-11 7.19852119e-11 outputs/V1e27_D1000_G10/solution/solution-00099 
100 1.392571516413e+11 1.392571516413e+09 768 7235 3201  8 5 6 6 4.05479829e-11 6.84098838e-11 outputs/V1e27_D1000_G10/solution/solution-00100 
