# 1: Time step number
# 2: Time (years)
# 3: Time step size (years)
# 4: Number of mesh cells
# 5: Number of Stokes degrees of freedom
# 6: Number of temperature degrees of freedom
# 7: Iterations for temperature solver
# 8: Iterations for Stokes solver
# 9: Velocity iterations in Stokes preconditioner
# 10: Schur complement iterations in Stokes preconditioner
# 11: RMS velocity (m/year)
# 12: Max. velocity (m/year)
# 13: Visualization file name
  0 0.000000000000e+00 0.000000000000e+00 768 7235 3201  0 8 9 9 2.63924958e-07 4.45276786e-07 outputs/V1e25_D1000_G4/solution/solution-00000 
  1 1.392571516413e+09 1.392571516413e+09 768 7235 3201 20 7 8 8 2.83304457e-07 4.77972601e-07 outputs/V1e25_D1000_G4/solution/solution-00001 
  2 2.785143032825e+09 1.392571516413e+09 768 7235 3201 15 6 7 7 3.05289905e-07 5.15065002e-07 outputs/V1e25_D1000_G4/solution/solution-00002 
  3 4.177714549238e+09 1.392571516413e+09 768 7235 3201 14 6 7 7 3.29429326e-07 5.55791446e-07 outputs/V1e25_D1000_G4/solution/solution-00003 
  4 5.570286065650e+09 1.392571516413e+09 768 7235 3201 14 6 7 7 3.55646320e-07 6.00023037e-07 outputs/V1e25_D1000_G4/solution/solution-00004 
  5 6.962857582063e+09 1.392571516413e+09 768 7235 3201 14 6 7 7 3.84013309e-07 6.47881959e-07 outputs/V1e25_D1000_G4/solution/solution-00005 
  6 8.355429098476e+09 1.392571516413e+09 768 7235 3201 15 6 7 7 4.14666796e-07 6.99598513e-07 outputs/V1e25_D1000_G4/solution/solution-00006 
  7 9.748000614888e+09 1.392571516413e+09 768 7235 3201 15 6 7 7 4.47776125e-07 7.55458404e-07 outputs/V1e25_D1000_G4/solution/solution-00007 
  8 1.114057213130e+10 1.392571516413e+09 768 7235 3201 15 6 7 7 4.83532414e-07 8.15784077e-07 outputs/V1e25_D1000_G4/solution/solution-00008 
  9 1.253314364771e+10 1.392571516413e+09 768 7235 3201 15 6 7 7 5.22145148e-07 8.80928959e-07 outputs/V1e25_D1000_G4/solution/solution-00009 
 10 1.392571516413e+10 1.392571516413e+09 768 7235 3201 15 6 7 7 5.63841704e-07 9.51276667e-07 outputs/V1e25_D1000_G4/solution/solution-00010 
 11 1.531828668054e+10 1.392571516413e+09 768 7235 3201 15 6 7 7 6.08868049e-07 1.02724218e-06 outputs/V1e25_D1000_G4/solution/solution-00011 
 12 1.671085819695e+10 1.392571516413e+09 768 7235 3201 15 6 7 7 6.57489949e-07 1.10927389e-06 outputs/V1e25_D1000_G4/solution/solution-00012 
 13 1.810342971336e+10 1.392571516413e+09 768 7235 3201 15 6 7 7 7.09994447e-07 1.19785608e-06 outputs/V1e25_D1000_G4/solution/solution-00013 
 14 1.949600122978e+10 1.392571516413e+09 768 7235 3201 15 6 7 7 7.66691514e-07 1.29351170e-06 outputs/V1e25_D1000_G4/solution/solution-00014 
 15 2.088857274619e+10 1.392571516413e+09 768 7235 3201 15 6 7 7 8.27915869e-07 1.39680549e-06 outputs/V1e25_D1000_G4/solution/solution-00015 
 16 2.228114426260e+10 1.392571516413e+09 768 7235 3201 15 6 7 7 8.94028939e-07 1.50834721e-06 outputs/V1e25_D1000_G4/solution/solution-00016 
 17 2.367371577901e+10 1.392571516413e+09 768 7235 3201 15 6 7 7 9.65420988e-07 1.62879531e-06 outputs/V1e25_D1000_G4/solution/solution-00017 
 18 2.506628729543e+10 1.392571516413e+09 768 7235 3201 15 6 7 7 1.04251341e-06 1.75886074e-06 outputs/V1e25_D1000_G4/solution/solution-00018 
 19 2.645885881184e+10 1.392571516413e+09 768 7235 3201 15 6 7 7 1.12576121e-06 1.89931115e-06 outputs/V1e25_D1000_G4/solution/solution-00019 
 20 2.785143032825e+10 1.392571516413e+09 768 7235 3201 16 6 7 7 1.21565565e-06 2.05097542e-06 outputs/V1e25_D1000_G4/solution/solution-00020 
 21 2.924400184466e+10 1.392571516413e+09 768 7235 3201 16 6 7 7 1.31272719e-06 2.21474848e-06 outputs/V1e25_D1000_G4/solution/solution-00021 
 22 3.063657336108e+10 1.392571516413e+09 768 7235 3201 16 6 7 7 1.41754854e-06 2.39159658e-06 outputs/V1e25_D1000_G4/solution/solution-00022 
 23 3.202914487749e+10 1.392571516413e+09 768 7235 3201 16 6 7 7 1.53073801e-06 2.58256297e-06 outputs/V1e25_D1000_G4/solution/solution-00023 
 24 3.342171639390e+10 1.392571516413e+09 768 7235 3201 16 6 7 7 1.65296319e-06 2.78877394e-06 outputs/V1e25_D1000_G4/solution/solution-00024 
 25 3.481428791032e+10 1.392571516413e+09 768 7235 3201 16 6 7 7 1.78494477e-06 3.01144545e-06 outputs/V1e25_D1000_G4/solution/solution-00025 
 26 3.620685942673e+10 1.392571516413e+09 768 7235 3201 16 6 7 7 1.92746078e-06 3.25189017e-06 outputs/V1e25_D1000_G4/solution/solution-00026 
 27 3.759943094314e+10 1.392571516413e+09 768 7235 3201 16 6 7 7 2.08135108e-06 3.51152515e-06 outputs/V1e25_D1000_G4/solution/solution-00027 
 28 3.899200245955e+10 1.392571516413e+09 768 7235 3201 16 6 7 7 2.24752225e-06 3.79187999e-06 outputs/V1e25_D1000_G4/solution/solution-00028 
 29 4.038457397597e+10 1.392571516413e+09 768 7235 3201 16 6 7 7 2.42695284e-06 4.09460567e-06 outputs/V1e25_D1000_G4/solution/solution-00029 
 30 4.177714549238e+10 1.392571516413e+09 768 7235 3201 16 6 7 7 2.62069893e-06 4.42148412e-06 outputs/V1e25_D1000_G4/solution/solution-00030 
 31 4.316971700879e+10 1.392571516413e+09 768 7235 3201 16 6 7 7 2.82990025e-06 4.77443835e-06 outputs/V1e25_D1000_G4/solution/solution-00031 
 32 4.456228852520e+10 1.392571516413e+09 768 7235 3201 17 6 7 7 3.05578664e-06 5.15554345e-06 outputs/V1e25_D1000_G4/solution/solution-00032 
 33 4.595486004162e+10 1.392571516413e+09 768 7235 3201 17 6 7 7 3.29968502e-06 5.56703833e-06 outputs/V1e25_D1000_G4/solution/solution-00033 
 34 4.734743155803e+10 1.392571516413e+09 768 7235 3201 17 6 7 7 3.56302683e-06 6.01133834e-06 outputs/V1e25_D1000_G4/solution/solution-00034 
 35 4.874000307444e+10 1.392571516413e+09 768 7235 3201 17 6 7 7 3.84735603e-06 6.49104874e-06 outputs/V1e25_D1000_G4/solution/solution-00035 
 36 5.013257459085e+10 1.392571516413e+09 768 7235 3201 17 6 7 7 4.15433762e-06 7.00897906e-06 outputs/V1e25_D1000_G4/solution/solution-00036 
 37 5.152514610727e+10 1.392571516413e+09 768 7235 3201 17 6 7 7 4.48576672e-06 7.56815850e-06 outputs/V1e25_D1000_G4/solution/solution-00037 
 38 5.291771762368e+10 1.392571516413e+09 768 7235 3201 17 6 7 7 4.84357819e-06 8.17185221e-06 outputs/V1e25_D1000_G4/solution/solution-00038 
 39 5.431028914009e+10 1.392571516413e+09 768 7235 3201 17 6 7 7 5.22985693e-06 8.82357859e-06 outputs/V1e25_D1000_G4/solution/solution-00039 
 40 5.570286065650e+10 1.392571516413e+09 768 7235 3201 17 6 7 7 5.64684864e-06 9.52712766e-06 outputs/V1e25_D1000_G4/solution/solution-00040 
 41 5.709543217292e+10 1.392571516413e+09 768 7235 3201 17 6 7 7 6.09697122e-06 1.02865802e-05 outputs/V1e25_D1000_G4/solution/solution-00041 
 42 5.848800368933e+10 1.392571516413e+09 768 7235 3201 17 6 7 7 6.58282670e-06 1.11063281e-05 outputs/V1e25_D1000_G4/solution/solution-00042 
 43 5.988057520574e+10 1.392571516413e+09 768 7235 3201 17 6 7 7 7.10721361e-06 1.19910951e-05 outputs/V1e25_D1000_G4/solution/solution-00043 
 44 6.127314672215e+10 1.392571516413e+09 768 7235 3201 17 6 7 7 7.67313978e-06 1.29459589e-05 outputs/V1e25_D1000_G4/solution/solution-00044 
 45 6.266571823857e+10 1.392571516413e+09 768 7235 3201 17 6 7 7 8.28383543e-06 1.39763730e-05 outputs/V1e25_D1000_G4/solution/solution-00045 
 46 6.405828975498e+10 1.392571516413e+09 768 7235 3201 18 6 7 7 8.94276636e-06 1.50881892e-05 outputs/V1e25_D1000_G4/solution/solution-00046 
 47 6.545086127139e+10 1.392571516413e+09 768 7235 3201 18 6 7 7 9.65364704e-06 1.62876801e-05 outputs/V1e25_D1000_G4/solution/solution-00047 
 48 6.684343278781e+10 1.392571516413e+09 768 7235 3201 18 6 7 7 1.04204533e-05 1.75815609e-05 outputs/V1e25_D1000_G4/solution/solution-00048 
 49 6.823600430422e+10 1.392571516413e+09 768 7235 3201 18 6 7 7 1.12474344e-05 1.89770095e-05 outputs/V1e25_D1000_G4/solution/solution-00049 
 50 6.962857582063e+10 1.392571516413e+09 768 7235 3201 18 6 7 7 1.21391232e-05 2.04816851e-05 outputs/V1e25_D1000_G4/solution/solution-00050 
 51 7.102114733704e+10 1.392571516413e+09 768 7235 3201 18 6 7 7 1.31003454e-05 2.21037434e-05 outputs/V1e25_D1000_G4/solution/solution-00051 
 52 7.241371885346e+10 1.392571516413e+09 768 7235 3201 18 6 7 7 1.41362252e-05 2.38518471e-05 outputs/V1e25_D1000_G4/solution/solution-00052 
 53 7.380629036987e+10 1.392571516413e+09 768 7235 3201 18 6 7 7 1.52521874e-05 2.57351706e-05 outputs/V1e25_D1000_G4/solution/solution-00053 
 54 7.519886188628e+10 1.392571516413e+09 768 7235 3201 18 6 7 7 1.64539546e-05 2.77633959e-05 outputs/V1e25_D1000_G4/solution/solution-00054 
 55 7.659143340269e+10 1.392571516413e+09 768 7235 3201 18 6 7 7 1.77475374e-05 2.99466973e-05 outputs/V1e25_D1000_G4/solution/solution-00055 
 56 7.798400491911e+10 1.392571516413e+09 768 7235 3201 18 6 7 7 1.91392163e-05 3.22957125e-05 outputs/V1e25_D1000_G4/solution/solution-00056 
 57 7.937657643552e+10 1.392571516413e+09 768 7235 3201 18 6 7 7 2.06355124e-05 3.48214943e-05 outputs/V1e25_D1000_G4/solution/solution-00057 
 58 8.076914795193e+10 1.392571516413e+09 768 7235 3201 19 6 7 7 2.22431439e-05 3.75354398e-05 outputs/V1e25_D1000_G4/solution/solution-00058 
 59 8.216171946834e+10 1.392571516413e+09 768 7235 3201 19 6 7 7 2.39689662e-05 4.04491907e-05 outputs/V1e25_D1000_G4/solution/solution-00059 
 60 8.355429098476e+10 1.392571516413e+09 768 7235 3201 19 6 7 7 2.58198893e-05 4.35744975e-05 outputs/V1e25_D1000_G4/solution/solution-00060 
 61 8.494686250117e+10 1.392571516413e+09 768 7235 3201 19 6 7 7 2.78027712e-05 4.69230408e-05 outputs/V1e25_D1000_G4/solution/solution-00061 
 62 8.633943401758e+10 1.392571516413e+09 768 7235 3201 19 6 7 7 2.99242789e-05 5.05062004e-05 outputs/V1e25_D1000_G4/solution/solution-00062 
 63 8.773200553399e+10 1.392571516413e+09 768 7235 3201 19 6 7 7 3.21907139e-05 5.43347628e-05 outputs/V1e25_D1000_G4/solution/solution-00063 
 64 8.912457705041e+10 1.392571516413e+09 768 7235 3201 19 6 7 7 3.46077959e-05 5.84185584e-05 outputs/V1e25_D1000_G4/solution/solution-00064 
 65 9.051714856682e+10 1.392571516413e+09 768 7235 3201 19 6 7 7 3.71803985e-05 6.27660163e-05 outputs/V1e25_D1000_G4/solution/solution-00065 
 66 9.190972008323e+10 1.392571516413e+09 768 7235 3201 19 6 7 7 3.99122342e-05 6.73836315e-05 outputs/V1e25_D1000_G4/solution/solution-00066 
 67 9.330100752102e+10 1.391287437790e+09 768 7235 3201 20 6 7 7 4.28027588e-05 7.22707283e-05 outputs/V1e25_D1000_G4/solution/solution-00067 
 68 9.459821321190e+10 1.297205690877e+09 768 7235 3201 19 6 7 7 4.56444120e-05 7.70764907e-05 outputs/V1e25_D1000_G4/solution/solution-00068 
 69 9.581453740059e+10 1.216324188693e+09 768 7235 3201 18 6 7 7 4.84366396e-05 8.17999454e-05 outputs/V1e25_D1000_G4/solution/solution-00069 
 70 9.696062618500e+10 1.146088784408e+09 768 7235 3201 18 6 7 7 5.11781186e-05 8.64388043e-05 outputs/V1e25_D1000_G4/solution/solution-00070 
 71 9.804520851778e+10 1.084582332782e+09 768 7235 3201 17 6 7 7 5.38673210e-05 9.09904154e-05 outputs/V1e25_D1000_G4/solution/solution-00071 
 72 9.907553681791e+10 1.030328300124e+09 768 7235 3201 17 6 7 7 5.65027064e-05 9.54520893e-05 outputs/V1e25_D1000_G4/solution/solution-00072 
 73 1.000577049469e+11 9.821681289919e+08 768 7235 3201 16 6 7 7 5.90827910e-05 9.98212162e-05 outputs/V1e25_D1000_G4/solution/solution-00073 
 74 1.009968840470e+11 9.391791001473e+08 768 7235 3201 16 6 7 7 6.16061740e-05 1.04095311e-04 outputs/V1e25_D1000_G4/solution/solution-00074 
 75 1.018975009832e+11 9.006169361656e+08 768 7235 3201 15 5 6 6 6.40715491e-05 1.08272035e-04 outputs/V1e25_D1000_G4/solution/solution-00075 
 76 1.027633755389e+11 8.658745556786e+08 768 7235 3201 15 5 6 6 6.64777112e-05 1.12349208e-04 outputs/V1e25_D1000_G4/solution/solution-00076 
 77 1.035978273523e+11 8.344518134390e+08 768 7235 3201 15 5 6 6 6.88235606e-05 1.16324816e-04 outputs/V1e25_D1000_G4/solution/solution-00077 
 78 1.044037602832e+11 8.059329308370e+08 768 7235 3201 14 5 6 6 7.11081057e-05 1.20197021e-04 outputs/V1e25_D1000_G4/solution/solution-00078 
 79 1.051837296970e+11 7.799694138445e+08 768 7235 3201 14 5 6 6 7.33304653e-05 1.23964162e-04 outputs/V1e25_D1000_G4/solution/solution-00079 
 80 1.059399966603e+11 7.562669632980e+08 768 7235 3201 14 5 6 6 7.54898700e-05 1.27624760e-04 outputs/V1e25_D1000_G4/solution/solution-00080 
 81 1.066745719872e+11 7.345753268889e+08 768 7235 3201 14 5 6 6 7.75856629e-05 1.31177526e-04 outputs/V1e25_D1000_G4/solution/solution-00081 
 82 1.073892523363e+11 7.146803490854e+08 768 7235 3201 13 5 6 6 7.96172998e-05 1.34621356e-04 outputs/V1e25_D1000_G4/solution/solution-00082 
 83 1.080856500189e+11 6.963976825705e+08 768 7235 3201 13 5 6 6 8.15843490e-05 1.37955336e-04 outputs/V1e25_D1000_G4/solution/solution-00083 
 84 1.087652177883e+11 6.795677694175e+08 768 7235 3201 13 5 6 6 8.34864906e-05 1.41178745e-04 outputs/V1e25_D1000_G4/solution/solution-00084 
 85 1.094292695907e+11 6.640518023890e+08 768 7235 3201 13 5 6 6 8.53235152e-05 1.44291050e-04 outputs/V1e25_D1000_G4/solution/solution-00085 
 86 1.100789980405e+11 6.497284498708e+08 768 7235 3201 13 5 6 6 8.70953225e-05 1.47291907e-04 outputs/V1e25_D1000_G4/solution/solution-00086 
 87 1.107154892215e+11 6.364911809470e+08 768 7235 3201 13 5 6 6 8.88019193e-05 1.50181163e-04 outputs/V1e25_D1000_G4/solution/solution-00087 
 88 1.113397352874e+11 6.242460659493e+08 768 7235 3201 13 5 6 6 9.04434173e-05 1.52958847e-04 outputs/V1e25_D1000_G4/solution/solution-00088 
 89 1.119526452440e+11 6.129099565683e+08 768 7235 3201 12 5 6 6 9.20200307e-05 1.55625172e-04 outputs/V1e25_D1000_G4/solution/solution-00089 
 90 1.125550542151e+11 6.024089711127e+08 768 7235 3201 12 5 6 6 9.35320736e-05 1.58180534e-04 outputs/V1e25_D1000_G4/solution/solution-00090 
 91 1.131477314418e+11 5.926772267326e+08 768 7235 3201 12 5 6 6 9.49799566e-05 1.60625499e-04 outputs/V1e25_D1000_G4/solution/solution-00091 
 92 1.137313872146e+11 5.836557727719e+08 768 7235 3201 12 5 6 6 9.63641839e-05 1.62960811e-04 outputs/V1e25_D1000_G4/solution/solution-00092 
 93 1.143066789035e+11 5.752916888943e+08 768 7235 3201 12 5 6 6 9.76853501e-05 1.65187375e-04 outputs/V1e25_D1000_G4/solution/solution-00093 
 94 1.148742162225e+11 5.675373189538e+08 768 7235 3201 12 5 6 6 9.89441364e-05 1.67306262e-04 outputs/V1e25_D1000_G4/solution/solution-00094 
 95 1.154345658397e+11 5.603496172884e+08 768 7235 3201 12 5 6 6 1.00141307e-04 1.69318698e-04 outputs/V1e25_D1000_G4/solution/solution-00095 
 96 1.159882554283e+11 5.536895885893e+08 768 7235 3201 12 5 6 6 1.01277706e-04 1.71226057e-04 outputs/V1e25_D1000_G4/solution/solution-00096 
 97 1.165357772344e+11 5.475218060328e+08 768 7235 3201 12 5 6 6 1.02354251e-04 1.73029860e-04 outputs/V1e25_D1000_G4/solution/solution-00097 
 98 1.170775912295e+11 5.418139951726e+08 768 7235 3201 12 5 6 6 1.03371935e-04 1.74731765e-04 outputs/V1e25_D1000_G4/solution/solution-00098 
 99 1.176141279029e+11 5.365366733259e+08 768 7235 3201 12 5 6 6 1.04331814e-04 1.76333559e-04 outputs/V1e25_D1000_G4/solution/solution-00099 
100 1.181457907389e+11 5.316628359872e+08 768 7235 3201 12 5 6 6 1.05235010e-04 1.77837153e-04 outputs/V1e25_D1000_G4/solution/solution-00100 
