# 1: Time step number
# 2: Time (years)
# 3: Time step size (years)
# 4: Number of mesh cells
# 5: Number of Stokes degrees of freedom
# 6: Number of temperature degrees of freedom
# 7: Iterations for temperature solver
# 8: Iterations for Stokes solver
# 9: Velocity iterations in Stokes preconditioner
# 10: Schur complement iterations in Stokes preconditioner
# 11: RMS velocity (m/year)
# 12: Max. velocity (m/year)
# 13: Visualization file name
  0 0.000000000000e+00 0.000000000000e+00 768 7235 3201  0 8 9 9 6.71259769e-08 1.41428113e-07 outputs/V1e26_D3000_G10/solution/solution-00000 
  1 1.392571516413e+09 1.392571516413e+09 768 7235 3201 32 8 9 9 6.84549403e-08 1.21039850e-07 outputs/V1e26_D3000_G10/solution/solution-00001 
  2 2.785143032825e+09 1.392571516413e+09 768 7235 3201 25 8 9 9 7.03039044e-08 1.19117856e-07 outputs/V1e26_D3000_G10/solution/solution-00002 
  3 4.177714549238e+09 1.392571516413e+09 768 7235 3201 24 8 9 9 7.20006051e-08 1.22463100e-07 outputs/V1e26_D3000_G10/solution/solution-00003 
  4 5.570286065650e+09 1.392571516413e+09 768 7235 3201 23 8 9 9 7.33221169e-08 1.25239592e-07 outputs/V1e26_D3000_G10/solution/solution-00004 
  5 6.962857582063e+09 1.392571516413e+09 768 7235 3201 23 8 9 9 7.42786185e-08 1.27427494e-07 outputs/V1e26_D3000_G10/solution/solution-00005 
  6 8.355429098476e+09 1.392571516413e+09 768 7235 3201 22 8 9 9 7.49001518e-08 1.29043627e-07 outputs/V1e26_D3000_G10/solution/solution-00006 
  7 9.748000614888e+09 1.392571516413e+09 768 7235 3201 22 8 9 9 7.52237036e-08 1.30122598e-07 outputs/V1e26_D3000_G10/solution/solution-00007 
  8 1.114057213130e+10 1.392571516413e+09 768 7235 3201 21 8 9 9 7.52865500e-08 1.30708020e-07 outputs/V1e26_D3000_G10/solution/solution-00008 
  9 1.253314364771e+10 1.392571516413e+09 768 7235 3201 21 8 9 9 7.51239002e-08 1.30847803e-07 outputs/V1e26_D3000_G10/solution/solution-00009 
 10 1.392571516413e+10 1.392571516413e+09 768 7235 3201 21 8 9 9 7.47680568e-08 1.30591231e-07 outputs/V1e26_D3000_G10/solution/solution-00010 
 11 1.531828668054e+10 1.392571516413e+09 768 7235 3201 20 8 9 9 7.42481562e-08 1.29986968e-07 outputs/V1e26_D3000_G10/solution/solution-00011 
 12 1.671085819695e+10 1.392571516413e+09 768 7235 3201 20 8 9 9 7.35901698e-08 1.29081661e-07 outputs/V1e26_D3000_G10/solution/solution-00012 
 13 1.810342971336e+10 1.392571516413e+09 768 7235 3201 20 8 9 9 7.28170363e-08 1.27918997e-07 outputs/V1e26_D3000_G10/solution/solution-00013 
 14 1.949600122978e+10 1.392571516413e+09 768 7235 3201 20 8 9 9 7.19488612e-08 1.26539119e-07 outputs/V1e26_D3000_G10/solution/solution-00014 
 15 2.088857274619e+10 1.392571516413e+09 768 7235 3201 20 8 9 9 7.10031513e-08 1.24978335e-07 outputs/V1e26_D3000_G10/solution/solution-00015 
 16 2.228114426260e+10 1.392571516413e+09 768 7235 3201 20 8 9 9 6.99950632e-08 1.23269053e-07 outputs/V1e26_D3000_G10/solution/solution-00016 
 17 2.367371577901e+10 1.392571516413e+09 768 7235 3201 20 8 9 9 6.89376511e-08 1.21439879e-07 outputs/V1e26_D3000_G10/solution/solution-00017 
 18 2.506628729543e+10 1.392571516413e+09 768 7235 3201 20 8 9 9 6.78421074e-08 1.19515820e-07 outputs/V1e26_D3000_G10/solution/solution-00018 
 19 2.645885881184e+10 1.392571516413e+09 768 7235 3201 19 8 9 9 6.67179865e-08 1.17518567e-07 outputs/V1e26_D3000_G10/solution/solution-00019 
 20 2.785143032825e+10 1.392571516413e+09 768 7235 3201 19 8 9 9 6.55734133e-08 1.15466796e-07 outputs/V1e26_D3000_G10/solution/solution-00020 
 21 2.924400184466e+10 1.392571516413e+09 768 7235 3201 19 8 9 9 6.44152700e-08 1.13376485e-07 outputs/V1e26_D3000_G10/solution/solution-00021 
 22 3.063657336108e+10 1.392571516413e+09 768 7235 3201 19 8 9 9 6.32493651e-08 1.11261228e-07 outputs/V1e26_D3000_G10/solution/solution-00022 
 23 3.202914487749e+10 1.392571516413e+09 768 7235 3201 19 8 9 9 6.20805823e-08 1.09132524e-07 outputs/V1e26_D3000_G10/solution/solution-00023 
 24 3.342171639390e+10 1.392571516413e+09 768 7235 3201 19 8 9 9 6.09130112e-08 1.07000047e-07 outputs/V1e26_D3000_G10/solution/solution-00024 
 25 3.481428791032e+10 1.392571516413e+09 768 7235 3201 19 8 9 9 5.97500625e-08 1.04871891e-07 outputs/V1e26_D3000_G10/solution/solution-00025 
 26 3.620685942673e+10 1.392571516413e+09 768 7235 3201 19 8 9 9 5.85945673e-08 1.02754787e-07 outputs/V1e26_D3000_G10/solution/solution-00026 
 27 3.759943094314e+10 1.392571516413e+09 768 7235 3201 19 8 9 9 5.74488624e-08 1.00654295e-07 outputs/V1e26_D3000_G10/solution/solution-00027 
 28 3.899200245955e+10 1.392571516413e+09 768 7235 3201 19 8 9 9 5.63148655e-08 9.85749760e-08 outputs/V1e26_D3000_G10/solution/solution-00028 
 29 4.038457397597e+10 1.392571516413e+09 768 7235 3201 19 8 9 9 5.51941376e-08 9.65205348e-08 outputs/V1e26_D3000_G10/solution/solution-00029 
 30 4.177714549238e+10 1.392571516413e+09 768 7235 3201 19 8 9 9 5.40879382e-08 9.44939512e-08 outputs/V1e26_D3000_G10/solution/solution-00030 
 31 4.316971700879e+10 1.392571516413e+09 768 7235 3201 19 8 9 9 5.29972716e-08 9.24975890e-08 outputs/V1e26_D3000_G10/solution/solution-00031 
 32 4.456228852520e+10 1.392571516413e+09 768 7235 3201 19 8 9 9 5.19229262e-08 9.05332910e-08 outputs/V1e26_D3000_G10/solution/solution-00032 
 33 4.595486004162e+10 1.392571516413e+09 768 7235 3201 19 8 9 9 5.08655087e-08 8.86024605e-08 outputs/V1e26_D3000_G10/solution/solution-00033 
 34 4.734743155803e+10 1.392571516413e+09 768 7235 3201 18 8 9 9 4.98254725e-08 8.67061307e-08 outputs/V1e26_D3000_G10/solution/solution-00034 
 35 4.874000307444e+10 1.392571516413e+09 768 7235 3201 18 8 9 9 4.88031420e-08 8.48450248e-08 outputs/V1e26_D3000_G10/solution/solution-00035 
 36 5.013257459085e+10 1.392571516413e+09 768 7235 3201 18 8 9 9 4.77987336e-08 8.30196062e-08 outputs/V1e26_D3000_G10/solution/solution-00036 
 37 5.152514610727e+10 1.392571516413e+09 768 7235 3201 18 8 9 9 4.68123728e-08 8.12301219e-08 outputs/V1e26_D3000_G10/solution/solution-00037 
 38 5.291771762368e+10 1.392571516413e+09 768 7235 3201 18 8 9 9 4.58441093e-08 7.94766392e-08 outputs/V1e26_D3000_G10/solution/solution-00038 
 39 5.431028914009e+10 1.392571516413e+09 768 7235 3201 18 8 9 9 4.48939295e-08 7.77590767e-08 outputs/V1e26_D3000_G10/solution/solution-00039 
 40 5.570286065650e+10 1.392571516413e+09 768 7235 3201 18 8 9 9 4.39617672e-08 7.60772305e-08 outputs/V1e26_D3000_G10/solution/solution-00040 
 41 5.709543217292e+10 1.392571516413e+09 768 7235 3201 18 8 9 9 4.30475125e-08 7.44307970e-08 outputs/V1e26_D3000_G10/solution/solution-00041 
 42 5.848800368933e+10 1.392571516413e+09 768 7235 3201 18 8 9 9 4.21510194e-08 7.28193914e-08 outputs/V1e26_D3000_G10/solution/solution-00042 
 43 5.988057520574e+10 1.392571516413e+09 768 7235 3201 18 8 9 9 4.12721125e-08 7.12425633e-08 outputs/V1e26_D3000_G10/solution/solution-00043 
 44 6.127314672215e+10 1.392571516413e+09 768 7235 3201 18 8 9 9 4.04105919e-08 6.96998109e-08 outputs/V1e26_D3000_G10/solution/solution-00044 
 45 6.266571823857e+10 1.392571516413e+09 768 7235 3201 18 8 9 9 3.95662384e-08 6.81905913e-08 outputs/V1e26_D3000_G10/solution/solution-00045 
 46 6.405828975498e+10 1.392571516413e+09 768 7235 3201 18 8 9 9 3.87388170e-08 6.67143308e-08 outputs/V1e26_D3000_G10/solution/solution-00046 
 47 6.545086127139e+10 1.392571516413e+09 768 7235 3201 18 8 9 9 3.79280803e-08 6.52704322e-08 outputs/V1e26_D3000_G10/solution/solution-00047 
 48 6.684343278781e+10 1.392571516413e+09 768 7235 3201 18 8 9 9 3.71337713e-08 6.38582817e-08 outputs/V1e26_D3000_G10/solution/solution-00048 
 49 6.823600430422e+10 1.392571516413e+09 768 7235 3201 18 8 9 9 3.63556256e-08 6.24772543e-08 outputs/V1e26_D3000_G10/solution/solution-00049 
 50 6.962857582063e+10 1.392571516413e+09 768 7235 3201 18 8 9 9 3.55933736e-08 6.11267186e-08 outputs/V1e26_D3000_G10/solution/solution-00050 
 51 7.102114733704e+10 1.392571516413e+09 768 7235 3201 18 8 9 9 3.48467418e-08 5.98060403e-08 outputs/V1e26_D3000_G10/solution/solution-00051 
 52 7.241371885346e+10 1.392571516413e+09 768 7235 3201 18 8 9 9 3.41154547e-08 5.85145855e-08 outputs/V1e26_D3000_G10/solution/solution-00052 
 53 7.380629036987e+10 1.392571516413e+09 768 7235 3201 18 8 9 9 3.33992354e-08 5.72517231e-08 outputs/V1e26_D3000_G10/solution/solution-00053 
 54 7.519886188628e+10 1.392571516413e+09 768 7235 3201 18 8 9 9 3.26978070e-08 5.60168272e-08 outputs/V1e26_D3000_G10/solution/solution-00054 
 55 7.659143340269e+10 1.392571516413e+09 768 7235 3201 18 8 9 9 3.20108933e-08 5.48092786e-08 outputs/V1e26_D3000_G10/solution/solution-00055 
 56 7.798400491911e+10 1.392571516413e+09 768 7235 3201 18 8 9 9 3.13382193e-08 5.36284661e-08 outputs/V1e26_D3000_G10/solution/solution-00056 
 57 7.937657643552e+10 1.392571516413e+09 768 7235 3201 18 8 9 9 3.06795122e-08 5.24737877e-08 outputs/V1e26_D3000_G10/solution/solution-00057 
 58 8.076914795193e+10 1.392571516413e+09 768 7235 3201 18 8 9 9 3.00345013e-08 5.13446513e-08 outputs/V1e26_D3000_G10/solution/solution-00058 
 59 8.216171946834e+10 1.392571516413e+09 768 7235 3201 18 8 9 9 2.94029190e-08 5.02404757e-08 outputs/V1e26_D3000_G10/solution/solution-00059 
 60 8.355429098476e+10 1.392571516413e+09 768 7235 3201 18 8 9 9 2.87845006e-08 4.91606905e-08 outputs/V1e26_D3000_G10/solution/solution-00060 
 61 8.494686250117e+10 1.392571516413e+09 768 7235 3201 17 8 9 9 2.81789850e-08 4.81047370e-08 outputs/V1e26_D3000_G10/solution/solution-00061 
 62 8.633943401758e+10 1.392571516413e+09 768 7235 3201 17 8 9 9 2.75861144e-08 4.70720680e-08 outputs/V1e26_D3000_G10/solution/solution-00062 
 63 8.773200553399e+10 1.392571516413e+09 768 7235 3201 17 8 9 9 2.70056350e-08 4.60621484e-08 outputs/V1e26_D3000_G10/solution/solution-00063 
 64 8.912457705041e+10 1.392571516413e+09 768 7235 3201 17 8 9 9 2.64372968e-08 4.50744547e-08 outputs/V1e26_D3000_G10/solution/solution-00064 
 65 9.051714856682e+10 1.392571516413e+09 768 7235 3201 17 8 9 9 2.58808538e-08 4.41084754e-08 outputs/V1e26_D3000_G10/solution/solution-00065 
 66 9.190972008323e+10 1.392571516413e+09 768 7235 3201 17 8 9 9 2.53360641e-08 4.31637108e-08 outputs/V1e26_D3000_G10/solution/solution-00066 
 67 9.330229159964e+10 1.392571516413e+09 768 7235 3201 17 8 9 9 2.48026899e-08 4.22396728e-08 outputs/V1e26_D3000_G10/solution/solution-00067 
 68 9.469486311606e+10 1.392571516413e+09 768 7235 3201 17 8 9 9 2.42804975e-08 4.13358850e-08 outputs/V1e26_D3000_G10/solution/solution-00068 
 69 9.608743463247e+10 1.392571516413e+09 768 7235 3201 17 8 9 9 2.37692574e-08 4.04518822e-08 outputs/V1e26_D3000_G10/solution/solution-00069 
 70 9.748000614888e+10 1.392571516413e+09 768 7235 3201 17 8 9 9 2.32687443e-08 3.95872105e-08 outputs/V1e26_D3000_G10/solution/solution-00070 
 71 9.887257766530e+10 1.392571516413e+09 768 7235 3201 17 8 9 9 2.27787369e-08 3.87414271e-08 outputs/V1e26_D3000_G10/solution/solution-00071 
 72 1.002651491817e+11 1.392571516413e+09 768 7235 3201 17 8 9 9 2.22990182e-08 3.79140998e-08 outputs/V1e26_D3000_G10/solution/solution-00072 
 73 1.016577206981e+11 1.392571516413e+09 768 7235 3201 17 8 9 9 2.18293752e-08 3.71048068e-08 outputs/V1e26_D3000_G10/solution/solution-00073 
 74 1.030502922145e+11 1.392571516413e+09 768 7235 3201 17 8 9 9 2.13695992e-08 3.63131370e-08 outputs/V1e26_D3000_G10/solution/solution-00074 
 75 1.044428637309e+11 1.392571516413e+09 768 7235 3201 17 8 9 9 2.09194852e-08 3.55386891e-08 outputs/V1e26_D3000_G10/solution/solution-00075 
 76 1.058354352474e+11 1.392571516413e+09 768 7235 3201 17 8 9 9 2.04788324e-08 3.47810716e-08 outputs/V1e26_D3000_G10/solution/solution-00076 
 77 1.072280067638e+11 1.392571516413e+09 768 7235 3201 17 8 9 9 2.00474439e-08 3.40399028e-08 outputs/V1e26_D3000_G10/solution/solution-00077 
 78 1.086205782802e+11 1.392571516413e+09 768 7235 3201 17 8 9 9 1.96251268e-08 3.33148100e-08 outputs/V1e26_D3000_G10/solution/solution-00078 
 79 1.100131497966e+11 1.392571516413e+09 768 7235 3201 17 8 9 9 1.92116917e-08 3.26054300e-08 outputs/V1e26_D3000_G10/solution/solution-00079 
 80 1.114057213130e+11 1.392571516413e+09 768 7235 3201 17 8 9 9 1.88069534e-08 3.19114081e-08 outputs/V1e26_D3000_G10/solution/solution-00080 
 81 1.127982928294e+11 1.392571516413e+09 768 7235 3201 17 8 9 9 1.84107302e-08 3.12323986e-08 outputs/V1e26_D3000_G10/solution/solution-00081 
 82 1.141908643458e+11 1.392571516413e+09 768 7235 3201 17 8 9 9 1.80228441e-08 3.05680639e-08 outputs/V1e26_D3000_G10/solution/solution-00082 
 83 1.155834358622e+11 1.392571516413e+09 768 7235 3201 17 8 9 9 1.76431207e-08 2.99180748e-08 outputs/V1e26_D3000_G10/solution/solution-00083 
 84 1.169760073787e+11 1.392571516413e+09 768 7235 3201 17 8 9 9 1.72713891e-08 2.92821099e-08 outputs/V1e26_D3000_G10/solution/solution-00084 
 85 1.183685788951e+11 1.392571516413e+09 768 7235 3201 17 8 9 9 1.69074820e-08 2.86598558e-08 outputs/V1e26_D3000_G10/solution/solution-00085 
 86 1.197611504115e+11 1.392571516413e+09 768 7235 3201 17 8 9 9 1.65512355e-08 2.80510064e-08 outputs/V1e26_D3000_G10/solution/solution-00086 
 87 1.211537219279e+11 1.392571516413e+09 768 7235 3201 17 8 9 9 1.62024889e-08 2.74552630e-08 outputs/V1e26_D3000_G10/solution/solution-00087 
 88 1.225462934443e+11 1.392571516413e+09 768 7235 3201 17 8 9 9 1.58610849e-08 2.68723342e-08 outputs/V1e26_D3000_G10/solution/solution-00088 
 89 1.239388649607e+11 1.392571516413e+09 768 7235 3201 16 8 9 9 1.55268695e-08 2.63019355e-08 outputs/V1e26_D3000_G10/solution/solution-00089 
 90 1.253314364771e+11 1.392571516413e+09 768 7235 3201 16 8 9 9 1.51996919e-08 2.57437890e-08 outputs/V1e26_D3000_G10/solution/solution-00090 
 91 1.267240079935e+11 1.392571516413e+09 768 7235 3201 16 8 9 9 1.48794043e-08 2.51976236e-08 outputs/V1e26_D3000_G10/solution/solution-00091 
 92 1.281165795100e+11 1.392571516413e+09 768 7235 3201 16 8 9 9 1.45658620e-08 2.46631746e-08 outputs/V1e26_D3000_G10/solution/solution-00092 
 93 1.295091510264e+11 1.392571516413e+09 768 7235 3201 16 8 9 9 1.42589233e-08 2.41401835e-08 outputs/V1e26_D3000_G10/solution/solution-00093 
 94 1.309017225428e+11 1.392571516413e+09 768 7235 3201 16 8 9 9 1.39584494e-08 2.36283979e-08 outputs/V1e26_D3000_G10/solution/solution-00094 
 95 1.322942940592e+11 1.392571516413e+09 768 7235 3201 16 8 9 9 1.36643046e-08 2.31275711e-08 outputs/V1e26_D3000_G10/solution/solution-00095 
 96 1.336868655756e+11 1.392571516413e+09 768 7235 3201 16 8 9 9 1.33763557e-08 2.26374626e-08 outputs/V1e26_D3000_G10/solution/solution-00096 
 97 1.350794370920e+11 1.392571516413e+09 768 7235 3201 16 8 9 9 1.30944724e-08 2.21578372e-08 outputs/V1e26_D3000_G10/solution/solution-00097 
 98 1.364720086084e+11 1.392571516413e+09 768 7235 3201 16 8 9 9 1.28185273e-08 2.16884652e-08 outputs/V1e26_D3000_G10/solution/solution-00098 
 99 1.378645801248e+11 1.392571516413e+09 768 7235 3201 16 8 9 9 1.25483954e-08 2.12291224e-08 outputs/V1e26_D3000_G10/solution/solution-00099 
100 1.392571516413e+11 1.392571516413e+09 768 7235 3201 16 8 9 9 1.22839544e-08 2.07795895e-08 outputs/V1e26_D3000_G10/solution/solution-00100 
