# 1: Time step number
# 2: Time (years)
# 3: Time step size (years)
# 4: Number of mesh cells
# 5: Number of Stokes degrees of freedom
# 6: Number of temperature degrees of freedom
# 7: Iterations for temperature solver
# 8: Iterations for Stokes solver
# 9: Velocity iterations in Stokes preconditioner
# 10: Schur complement iterations in Stokes preconditioner
# 11: RMS velocity (m/year)
# 12: Max. velocity (m/year)
# 13: Visualization file name
  0 0.000000000000e+00 0.000000000000e+00 768 7235 3201  0 8 9 9 1.31962479e-06 2.22638393e-06 outputs/V1e24_D1000_G2/solution/solution-00000 
  1 1.392571516413e+09 1.392571516413e+09 768 7235 3201 22 8 9 9 2.07539125e-06 3.50146359e-06 outputs/V1e24_D1000_G2/solution/solution-00001 
  2 2.785143032825e+09 1.392571516413e+09 768 7235 3201 18 7 8 8 3.44466483e-06 5.81161356e-06 outputs/V1e24_D1000_G2/solution/solution-00002 
  3 4.177714549238e+09 1.392571516413e+09 768 7235 3201 19 7 8 8 5.80285837e-06 9.79021189e-06 outputs/V1e24_D1000_G2/solution/solution-00003 
  4 5.570286065650e+09 1.392571516413e+09 768 7235 3201 19 7 8 8 9.81351086e-06 1.65567682e-05 outputs/V1e24_D1000_G2/solution/solution-00004 
  5 6.962857582063e+09 1.392571516413e+09 768 7235 3201 20 7 8 8 1.66113558e-05 2.80258774e-05 outputs/V1e24_D1000_G2/solution/solution-00005 
  6 8.355429098476e+09 1.392571516413e+09 768 7235 3201 21 7 8 8 2.81170107e-05 4.74385907e-05 outputs/V1e24_D1000_G2/solution/solution-00006 
  7 9.748000614888e+09 1.392571516413e+09 768 7235 3201 22 7 8 8 4.75537755e-05 8.02364606e-05 outputs/V1e24_D1000_G2/solution/solution-00007 
  8 1.091642204489e+10 1.168421430004e+09 768 7235 3201 21 7 8 8 7.43478564e-05 1.25460206e-04 outputs/V1e24_D1000_G2/solution/solution-00008 
  9 1.166367093796e+10 7.472488930713e+08 768 7235 3201 18 7 8 8 9.99535331e-05 1.68693253e-04 outputs/V1e24_D1000_G2/solution/solution-00009 
 10 1.221941337918e+10 5.557424412121e+08 768 7235 3201 15 7 8 8 1.25147282e-04 2.11248605e-04 outputs/V1e24_D1000_G2/solution/solution-00010 
 11 1.266320329270e+10 4.437899135263e+08 768 7235 3201 13 6 7 7 1.49940712e-04 2.53148427e-04 outputs/V1e24_D1000_G2/solution/solution-00011 
 12 1.303353938757e+10 3.703360948710e+08 768 7235 3201 12 6 7 7 1.74298544e-04 2.94335171e-04 outputs/V1e24_D1000_G2/solution/solution-00012 
 13 1.335205382021e+10 3.185144326385e+08 768 7235 3201 11 6 7 7 1.98191909e-04 3.34761437e-04 outputs/V1e24_D1000_G2/solution/solution-00013 
 14 1.363210399802e+10 2.800501778071e+08 768 7235 3201 11 6 7 7 2.21597479e-04 3.74388463e-04 outputs/V1e24_D1000_G2/solution/solution-00014 
 15 1.388251235519e+10 2.504083571728e+08 768 7235 3201 11 6 7 7 2.44493964e-04 4.13180171e-04 outputs/V1e24_D1000_G2/solution/solution-00015 
 16 1.410941094973e+10 2.268985945377e+08 768 7235 3201 10 6 7 7 2.66860451e-04 4.51100318e-04 outputs/V1e24_D1000_G2/solution/solution-00016 
 17 1.431723611917e+10 2.078251694396e+08 768 7235 3201 10 6 7 7 2.88675960e-04 4.88111739e-04 outputs/V1e24_D1000_G2/solution/solution-00017 
 18 1.450930279686e+10 1.920666776960e+08 768 7235 3201 10 6 7 7 3.09919550e-04 5.24176508e-04 outputs/V1e24_D1000_G2/solution/solution-00018 
 19 1.468815476489e+10 1.788519680225e+08 768 7235 3201 10 6 7 7 3.30570599e-04 5.59256422e-04 outputs/V1e24_D1000_G2/solution/solution-00019 
 20 1.485578806569e+10 1.676333008074e+08 768 7235 3201 10 6 7 7 3.50609107e-04 5.93313533e-04 outputs/V1e24_D1000_G2/solution/solution-00020 
 21 1.501379895658e+10 1.580108908857e+08 768 7235 3201  9 6 7 7 3.70015970e-04 6.26310637e-04 outputs/V1e24_D1000_G2/solution/solution-00021 
 22 1.516348506184e+10 1.496861052561e+08 768 7235 3201  9 6 7 7 3.88773193e-04 6.58211686e-04 outputs/V1e24_D1000_G2/solution/solution-00022 
 23 1.530591644361e+10 1.424313817740e+08 768 7235 3201  9 6 7 7 4.06864063e-04 6.88982134e-04 outputs/V1e24_D1000_G2/solution/solution-00023 
 24 1.544198673533e+10 1.360702917167e+08 768 7235 3201  9 6 7 7 4.24273272e-04 7.18589217e-04 outputs/V1e24_D1000_G2/solution/solution-00024 
 25 1.557245070243e+10 1.304639671045e+08 768 7235 3201  9 6 7 7 4.40987003e-04 7.47002184e-04 outputs/V1e24_D1000_G2/solution/solution-00025 
 26 1.569795234353e+10 1.255016411033e+08 768 7235 3201  9 6 7 7 4.56992991e-04 7.74192484e-04 outputs/V1e24_D1000_G2/solution/solution-00026 
 27 1.581904626000e+10 1.210939164700e+08 768 7235 3201  9 6 7 7 4.72280554e-04 8.00133923e-04 outputs/V1e24_D1000_G2/solution/solution-00027 
 28 1.593621414570e+10 1.171678856995e+08 768 7235 3201  9 6 7 7 4.86840604e-04 8.24854622e-04 outputs/V1e24_D1000_G2/solution/solution-00028 
 29 1.604987767999e+10 1.136635342836e+08 768 7235 3201  9 6 7 7 5.00665643e-04 8.48299234e-04 outputs/V1e24_D1000_G2/solution/solution-00029 
 30 1.616040872974e+10 1.105310497540e+08 768 7235 3201  9 6 7 7 5.13749743e-04 8.70438690e-04 outputs/V1e24_D1000_G2/solution/solution-00030 
 31 1.626813751072e+10 1.077287809802e+08 768 7235 3201  9 5 6 6 5.26088521e-04 8.91257020e-04 outputs/V1e24_D1000_G2/solution/solution-00031 
 32 1.637335918209e+10 1.052216713695e+08 768 7235 3201  8 5 6 6 5.37679090e-04 9.10740968e-04 outputs/V1e24_D1000_G2/solution/solution-00032 
 33 1.647633922489e+10 1.029800427948e+08 768 7235 3201  8 5 6 6 5.48520027e-04 9.28880037e-04 outputs/V1e24_D1000_G2/solution/solution-00033 
 34 1.657731786604e+10 1.009786411572e+08 768 7235 3201  8 5 6 6 5.58611309e-04 9.45666522e-04 outputs/V1e24_D1000_G2/solution/solution-00034 
 35 1.667649619609e+10 9.917833004845e+07 768 7235 3201  8 5 6 6 5.67952666e-04 9.61092902e-04 outputs/V1e24_D1000_G2/solution/solution-00035 
 36 1.677407403074e+10 9.757783465244e+07 768 7235 3201  8 5 6 6 5.76547021e-04 9.75157684e-04 outputs/V1e24_D1000_G2/solution/solution-00036 
 37 1.687023579026e+10 9.616175951175e+07 768 7235 3201  8 5 6 6 5.84398611e-04 9.87862345e-04 outputs/V1e24_D1000_G2/solution/solution-00037 
 38 1.696515204918e+10 9.491625891933e+07 768 7235 3201  8 5 6 6 5.91512846e-04 9.99211200e-04 outputs/V1e24_D1000_G2/solution/solution-00038 
 39 1.705898141430e+10 9.382936512637e+07 768 7235 3201  8 5 6 6 5.97896252e-04 1.00921137e-03 outputs/V1e24_D1000_G2/solution/solution-00039 
 40 1.715187213656e+10 9.289072225404e+07 768 7235 3201  8 5 6 6 6.03556398e-04 1.01787274e-03 outputs/V1e24_D1000_G2/solution/solution-00040 
 41 1.724396350330e+10 9.209136674504e+07 768 7235 3201  8 5 6 6 6.08501832e-04 1.02520791e-03 outputs/V1e24_D1000_G2/solution/solution-00041 
 42 1.733538704863e+10 9.142354532989e+07 768 7235 3201  8 5 6 6 6.12742017e-04 1.03123213e-03 outputs/V1e24_D1000_G2/solution/solution-00042 
 43 1.742626761209e+10 9.088056345593e+07 768 7235 3201  8 5 6 6 6.16287273e-04 1.03608921e-03 outputs/V1e24_D1000_G2/solution/solution-00043 
 44 1.751672427071e+10 9.045665862466e+07 768 7235 3201  8 5 6 6 6.19148711e-04 1.03976256e-03 outputs/V1e24_D1000_G2/solution/solution-00044 
 45 1.760687116494e+10 9.014689422913e+07 768 7235 3201  8 5 6 6 6.21338183e-04 1.04218569e-03 outputs/V1e24_D1000_G2/solution/solution-00045 
 46 1.769681823531e+10 8.994707036738e+07 768 7235 3201  8 5 6 6 6.22868226e-04 1.04338206e-03                                             "" 
 47 1.778667188410e+10 8.985364879715e+07 768 7235 3201  8 5 6 6 6.23752014e-04 1.04337738e-03 outputs/V1e24_D1000_G2/solution/solution-00046 
 48 1.787653557384e+10 8.986368973619e+07 768 7235 3201  8 5 6 6 6.24003316e-04 1.04219945e-03 outputs/V1e24_D1000_G2/solution/solution-00047 
 49 1.796651037248e+10 8.997479863771e+07 768 7235 3201  8 5 6 6 6.23636447e-04 1.03987809e-03 outputs/V1e24_D1000_G2/solution/solution-00048 
 50 1.805669545388e+10 9.018508140462e+07 768 7235 3201  8 5 6 6 6.22666243e-04 1.03644498e-03 outputs/V1e24_D1000_G2/solution/solution-00049 
 51 1.814718089863e+10 9.048544474386e+07 768 7235 3201  8 5 6 6 6.21108173e-04 1.03193399e-03 outputs/V1e24_D1000_G2/solution/solution-00050 
 52 1.823804877815e+10 9.086787952314e+07 768 7235 3201  8 5 6 6 6.18978536e-04 1.02638142e-03 outputs/V1e24_D1000_G2/solution/solution-00051 
 53 1.832939528190e+10 9.134650375035e+07 768 7235 3201  8 5 6 6 6.16293919e-04 1.01989723e-03 outputs/V1e24_D1000_G2/solution/solution-00052 
 54 1.842131630817e+10 9.192102626530e+07 768 7235 3201  8 5 6 6 6.13071285e-04 1.01251172e-03 outputs/V1e24_D1000_G2/solution/solution-00053 
 55 1.851390782928e+10 9.259152111296e+07 768 7235 3201  8 5 6 6 6.09327965e-04 1.00419446e-03 outputs/V1e24_D1000_G2/solution/solution-00054 
 56 1.860726624103e+10 9.335841175010e+07 768 7235 3201  8 5 6 6 6.05081640e-04 9.94985718e-04 outputs/V1e24_D1000_G2/solution/solution-00055 
 57 1.870148869898e+10 9.422245794586e+07 768 7235 3201  8 5 6 6 6.00350344e-04 9.84926735e-04 outputs/V1e24_D1000_G2/solution/solution-00056 
 58 1.879667344388e+10 9.518474490444e+07 768 7235 3201  8 5 6 6 5.95152461e-04 9.74059632e-04                                             "" 
 59 1.889292011802e+10 9.624667414250e+07 768 7235 3201  8 5 6 6 5.89506730e-04 9.62460304e-04 outputs/V1e24_D1000_G2/solution/solution-00057 
 60 1.899033007368e+10 9.740995565692e+07 768 7235 3201  8 5 6 6 5.83432254e-04 9.50237747e-04 outputs/V1e24_D1000_G2/solution/solution-00058 
 61 1.908900667459e+10 9.867660091025e+07 768 7235 3201  8 5 6 6 5.76948510e-04 9.37330361e-04 outputs/V1e24_D1000_G2/solution/solution-00059 
 62 1.918905559073e+10 1.000489161416e+08 768 7235 3201  8 5 6 6 5.70075371e-04 9.23782585e-04 outputs/V1e24_D1000_G2/solution/solution-00060 
 63 1.929056196886e+10 1.015063781312e+08 768 7235 3201  8 5 6 6 5.62834792e-04 9.09642579e-04 outputs/V1e24_D1000_G2/solution/solution-00061 
 64 1.939363369368e+10 1.030717248202e+08 768 7235 3201  8 5 6 6 5.55247872e-04 8.94956298e-04 outputs/V1e24_D1000_G2/solution/solution-00062 
 65 1.949838442194e+10 1.047507282567e+08 768 7235 3201  8 5 6 6 5.47335937e-04 8.79769567e-04 outputs/V1e24_D1000_G2/solution/solution-00063 
 66 1.960493107670e+10 1.065466547656e+08 768 7235 3201  8 5 6 6 5.39120750e-04 8.64191669e-04 outputs/V1e24_D1000_G2/solution/solution-00064 
 67 1.971339408524e+10 1.084630085375e+08 768 7235 3201  8 5 6 6 5.30624530e-04 8.48341156e-04 outputs/V1e24_D1000_G2/solution/solution-00065 
 68 1.982389759839e+10 1.105035131446e+08 768 7235 3201  8 5 6 6 5.21869979e-04 8.32116132e-04 outputs/V1e24_D1000_G2/solution/solution-00066 
 69 1.993656968667e+10 1.126720882788e+08 768 7235 3201  8 5 6 6 5.12880297e-04 8.15563104e-04 outputs/V1e24_D1000_G2/solution/solution-00067 
 70 2.005154250728e+10 1.149728206105e+08 768 7235 3201  8 5 6 6 5.03679202e-04 7.98728658e-04 outputs/V1e24_D1000_G2/solution/solution-00068 
 71 2.016893253877e+10 1.173900314916e+08 768 7235 3201  8 5 6 6 4.94292523e-04 7.81685500e-04 outputs/V1e24_D1000_G2/solution/solution-00069 
 72 2.028886568316e+10 1.199331443914e+08 768 7235 3201  8 5 6 6 4.84746177e-04 7.64559852e-04 outputs/V1e24_D1000_G2/solution/solution-00070 
 73 2.041148525282e+10 1.226195696576e+08 768 7235 3201  8 5 6 6 4.75065507e-04 7.47289579e-04 outputs/V1e24_D1000_G2/solution/solution-00071 
 74 2.053693862815e+10 1.254533753363e+08 768 7235 3201  8 5 6 6 4.65276340e-04 7.29921295e-04 outputs/V1e24_D1000_G2/solution/solution-00072 
 75 2.066537713332e+10 1.284385051651e+08 768 7235 3201  8 5 6 6 4.55404962e-04 7.12615719e-04 outputs/V1e24_D1000_G2/solution/solution-00073 
 76 2.079695581831e+10 1.315786849970e+08 768 7235 3201  8 5 6 6 4.45478091e-04 6.95310257e-04 outputs/V1e24_D1000_G2/solution/solution-00074 
 77 2.093180762891e+10 1.348518105959e+08 768 7235 3201  8 5 6 6 4.35524696e-04 6.78040611e-04 outputs/V1e24_D1000_G2/solution/solution-00075 
 78 2.107007223047e+10 1.382646015566e+08 768 7235 3201  8 5 6 6 4.25573611e-04 6.60854856e-04 outputs/V1e24_D1000_G2/solution/solution-00076 
 79 2.121191032202e+10 1.418380915557e+08 768 7235 3201  9 5 6 6 4.15652450e-04 6.43998878e-04 outputs/V1e24_D1000_G2/solution/solution-00077 
 80 2.135748389284e+10 1.455735708177e+08 768 7235 3201  9 5 6 6 4.05788961e-04 6.27309927e-04 outputs/V1e24_D1000_G2/solution/solution-00078 
 81 2.150695527283e+10 1.494713799909e+08 768 7235 3201  9 5 6 6 3.96010938e-04 6.10824544e-04 outputs/V1e24_D1000_G2/solution/solution-00079 
 82 2.166043815558e+10 1.534828827444e+08 768 7235 3201  9 5 6 6 3.86349058e-04 5.95870561e-04 outputs/V1e24_D1000_G2/solution/solution-00080 
 83 2.181777098288e+10 1.573328273011e+08 768 7235 3201  9 5 6 6 3.76849415e-04 5.85478922e-04 outputs/V1e24_D1000_G2/solution/solution-00081 
 84 2.197789630321e+10 1.601253203308e+08 768 7235 3201  9 5 6 6 3.67604542e-04 5.75129404e-04 outputs/V1e24_D1000_G2/solution/solution-00082 
 85 2.214090309665e+10 1.630067934400e+08 768 7235 3201  9 5 6 6 3.58631419e-04 5.64860819e-04 outputs/V1e24_D1000_G2/solution/solution-00083 
 86 2.230687318490e+10 1.659700882476e+08 768 7235 3201  9 5 6 6 3.49945519e-04 5.54710404e-04 outputs/V1e24_D1000_G2/solution/solution-00084 
 87 2.247588029092e+10 1.690071060232e+08 768 7235 3201  9 5 6 6 3.41560811e-04 5.44713627e-04 outputs/V1e24_D1000_G2/solution/solution-00085 
 88 2.264798907512e+10 1.721087842008e+08 768 7235 3201  9 5 6 6 3.33489772e-04 5.34904042e-04 outputs/V1e24_D1000_G2/solution/solution-00086 
 89 2.282325415577e+10 1.752650806507e+08 768 7235 3201  9 5 6 6 3.25743429e-04 5.25313168e-04 outputs/V1e24_D1000_G2/solution/solution-00087 
 90 2.300171912807e+10 1.784649723048e+08 768 7235 3201  9 5 6 6 3.18331387e-04 5.15970393e-04 outputs/V1e24_D1000_G2/solution/solution-00088 
 91 2.318341559999e+10 1.816964719134e+08 768 7235 3201  9 5 6 6 3.11261874e-04 5.06902894e-04 outputs/V1e24_D1000_G2/solution/solution-00089 
 92 2.336836226551e+10 1.849466655261e+08 768 7235 3201  9 5 6 6 3.04541783e-04 4.98135584e-04 outputs/V1e24_D1000_G2/solution/solution-00090 
 93 2.355656403812e+10 1.882017726096e+08 768 7235 3201  9 5 6 6 2.98176720e-04 4.89691075e-04 outputs/V1e24_D1000_G2/solution/solution-00091 
 94 2.374801126824e+10 1.914472301128e+08 768 7235 3201  9 5 6 6 2.92171056e-04 4.81589659e-04 outputs/V1e24_D1000_G2/solution/solution-00092 
 95 2.394267906937e+10 1.946678011286e+08 768 7235 3201  9 5 6 6 2.86527984e-04 4.73849310e-04 outputs/V1e24_D1000_G2/solution/solution-00093 
 96 2.414052677741e+10 1.978477080405e+08 768 7235 3201  9 5 6 6 2.81249573e-04 4.66485704e-04 outputs/V1e24_D1000_G2/solution/solution-00094 
 97 2.434149756658e+10 2.009707891699e+08 768 7235 3201  9 5 6 6 2.76336832e-04 4.59512248e-04 outputs/V1e24_D1000_G2/solution/solution-00095 
 98 2.454551824357e+10 2.040206769976e+08 768 7235 3201  9 5 6 6 2.71789776e-04 4.52940136e-04 outputs/V1e24_D1000_G2/solution/solution-00096 
 99 2.475249923861e+10 2.069809950369e+08 768 7235 3201  9 5 6 6 2.67607485e-04 4.46778400e-04 outputs/V1e24_D1000_G2/solution/solution-00097 
100 2.496233480807e+10 2.098355694581e+08 768 7235 3201  9 5 6 6 2.63788169e-04 4.41033989e-04 outputs/V1e24_D1000_G2/solution/solution-00098 
