# 1: Time step number
# 2: Time (years)
# 3: Time step size (years)
# 4: Number of mesh cells
# 5: Number of Stokes degrees of freedom
# 6: Number of temperature degrees of freedom
# 7: Iterations for temperature solver
# 8: Iterations for Stokes solver
# 9: Velocity iterations in Stokes preconditioner
# 10: Schur complement iterations in Stokes preconditioner
# 11: RMS velocity (m/year)
# 12: Max. velocity (m/year)
# 13: Visualization file name
  0 0.000000000000e+00 0.000000000000e+00 768 7235 3201  0 8 9 9 3.99886301e-08 6.74661797e-08 outputs/V3.3e25_D1000_G2/solution/solution-00000 
  1 1.392571516413e+09 1.392571516413e+09 768 7235 3201 19 6 7 7 3.86897438e-08 6.52747846e-08 outputs/V3.3e25_D1000_G2/solution/solution-00001 
  2 2.785143032825e+09 1.392571516413e+09 768 7235 3201 11 5 6 6 3.74028120e-08 6.31035581e-08 outputs/V3.3e25_D1000_G2/solution/solution-00002 
  3 4.177714549238e+09 1.392571516413e+09 768 7235 3201 12 5 6 6 3.61482327e-08 6.09869146e-08 outputs/V3.3e25_D1000_G2/solution/solution-00003 
  4 5.570286065650e+09 1.392571516413e+09 768 7235 3201 12 5 6 6 3.49321171e-08 5.89351647e-08 outputs/V3.3e25_D1000_G2/solution/solution-00004 
  5 6.962857582063e+09 1.392571516413e+09 768 7235 3201 12 5 6 6 3.37556624e-08 5.69503278e-08 outputs/V3.3e25_D1000_G2/solution/solution-00005 
  6 8.355429098476e+09 1.392571516413e+09 768 7235 3201 12 5 6 6 3.26183951e-08 5.50316055e-08 outputs/V3.3e25_D1000_G2/solution/solution-00006 
  7 9.748000614888e+09 1.392571516413e+09 768 7235 3201 12 5 6 6 3.15192936e-08 5.31772739e-08 outputs/V3.3e25_D1000_G2/solution/solution-00007 
  8 1.114057213130e+10 1.392571516413e+09 768 7235 3201 12 5 6 6 3.04571752e-08 5.13853377e-08 outputs/V3.3e25_D1000_G2/solution/solution-00008 
  9 1.253314364771e+10 1.392571516413e+09 768 7235 3201 12 5 6 6 2.94308294e-08 4.96537548e-08 outputs/V3.3e25_D1000_G2/solution/solution-00009 
 10 1.392571516413e+10 1.392571516413e+09 768 7235 3201 12 5 6 6 2.84390632e-08 4.79805122e-08 outputs/V3.3e25_D1000_G2/solution/solution-00010 
 11 1.531828668054e+10 1.392571516413e+09 768 7235 3201 12 5 6 6 2.74807155e-08 4.63636513e-08 outputs/V3.3e25_D1000_G2/solution/solution-00011 
 12 1.671085819695e+10 1.392571516413e+09 768 7235 3201 12 5 6 6 2.65546618e-08 4.48012745e-08 outputs/V3.3e25_D1000_G2/solution/solution-00012 
 13 1.810342971336e+10 1.392571516413e+09 768 7235 3201 12 5 6 6 2.56598143e-08 4.32915468e-08 outputs/V3.3e25_D1000_G2/solution/solution-00013 
 14 1.949600122978e+10 1.392571516413e+09 768 7235 3201 12 5 6 6 2.47951215e-08 4.18326942e-08 outputs/V3.3e25_D1000_G2/solution/solution-00014 
 15 2.088857274619e+10 1.392571516413e+09 768 7235 3201 12 5 6 6 2.39595675e-08 4.04230025e-08 outputs/V3.3e25_D1000_G2/solution/solution-00015 
 16 2.228114426260e+10 1.392571516413e+09 768 7235 3201 12 5 6 6 2.31521702e-08 3.90608150e-08 outputs/V3.3e25_D1000_G2/solution/solution-00016 
 17 2.367371577901e+10 1.392571516413e+09 768 7235 3201 12 5 6 6 2.23719808e-08 3.77445309e-08 outputs/V3.3e25_D1000_G2/solution/solution-00017 
 18 2.506628729543e+10 1.392571516413e+09 768 7235 3201 12 5 6 6 2.16180825e-08 3.64726034e-08 outputs/V3.3e25_D1000_G2/solution/solution-00018 
 19 2.645885881184e+10 1.392571516413e+09 768 7235 3201 12 5 6 6 2.08895893e-08 3.52435378e-08 outputs/V3.3e25_D1000_G2/solution/solution-00019 
 20 2.785143032825e+10 1.392571516413e+09 768 7235 3201 12 5 6 6 2.01856452e-08 3.40558896e-08 outputs/V3.3e25_D1000_G2/solution/solution-00020 
 21 2.924400184466e+10 1.392571516413e+09 768 7235 3201 12 5 6 6 1.95054227e-08 3.29082631e-08 outputs/V3.3e25_D1000_G2/solution/solution-00021 
 22 3.063657336108e+10 1.392571516413e+09 768 7235 3201 12 5 6 6 1.88481227e-08 3.17993098e-08 outputs/V3.3e25_D1000_G2/solution/solution-00022 
 23 3.202914487749e+10 1.392571516413e+09 768 7235 3201 12 5 6 6 1.82129725e-08 3.07277263e-08 outputs/V3.3e25_D1000_G2/solution/solution-00023 
 24 3.342171639390e+10 1.392571516413e+09 768 7235 3201 12 5 6 6 1.75992259e-08 2.96922535e-08 outputs/V3.3e25_D1000_G2/solution/solution-00024 
 25 3.481428791032e+10 1.392571516413e+09 768 7235 3201 12 5 6 6 1.70061614e-08 2.86916743e-08 outputs/V3.3e25_D1000_G2/solution/solution-00025 
 26 3.620685942673e+10 1.392571516413e+09 768 7235 3201 12 5 6 6 1.64330823e-08 2.77248130e-08 outputs/V3.3e25_D1000_G2/solution/solution-00026 
 27 3.759943094314e+10 1.392571516413e+09 768 7235 3201 12 5 6 6 1.58793150e-08 2.67905332e-08 outputs/V3.3e25_D1000_G2/solution/solution-00027 
 28 3.899200245955e+10 1.392571516413e+09 768 7235 3201 12 5 6 6 1.53442087e-08 2.58877372e-08 outputs/V3.3e25_D1000_G2/solution/solution-00028 
 29 4.038457397597e+10 1.392571516413e+09 768 7235 3201 12 5 6 6 1.48271346e-08 2.50153639e-08 outputs/V3.3e25_D1000_G2/solution/solution-00029 
 30 4.177714549238e+10 1.392571516413e+09 768 7235 3201 12 5 6 6 1.43274850e-08 2.41723880e-08 outputs/V3.3e25_D1000_G2/solution/solution-00030 
 31 4.316971700879e+10 1.392571516413e+09 768 7235 3201 12 5 6 6 1.38446728e-08 2.33578191e-08 outputs/V3.3e25_D1000_G2/solution/solution-00031 
 32 4.456228852520e+10 1.392571516413e+09 768 7235 3201 12 5 6 6 1.33781306e-08 2.25706998e-08 outputs/V3.3e25_D1000_G2/solution/solution-00032 
 33 4.595486004162e+10 1.392571516413e+09 768 7235 3201 11 5 6 6 1.29273100e-08 2.18101051e-08 outputs/V3.3e25_D1000_G2/solution/solution-00033 
 34 4.734743155803e+10 1.392571516413e+09 768 7235 3201 11 5 6 6 1.24916813e-08 2.10751411e-08 outputs/V3.3e25_D1000_G2/solution/solution-00034 
 35 4.874000307444e+10 1.392571516413e+09 768 7235 3201 11 5 6 6 1.20707326e-08 2.03649442e-08 outputs/V3.3e25_D1000_G2/solution/solution-00035 
 36 5.013257459085e+10 1.392571516413e+09 768 7235 3201 11 5 6 6 1.16639692e-08 1.96786798e-08 outputs/V3.3e25_D1000_G2/solution/solution-00036 
 37 5.152514610727e+10 1.392571516413e+09 768 7235 3201 11 5 6 6 1.12709130e-08 1.90155413e-08 outputs/V3.3e25_D1000_G2/solution/solution-00037 
 38 5.291771762368e+10 1.392571516413e+09 768 7235 3201 11 5 6 6 1.08911021e-08 1.83747494e-08 outputs/V3.3e25_D1000_G2/solution/solution-00038 
 39 5.431028914009e+10 1.392571516413e+09 768 7235 3201 11 5 6 6 1.05240903e-08 1.77555512e-08 outputs/V3.3e25_D1000_G2/solution/solution-00039 
 40 5.570286065650e+10 1.392571516413e+09 768 7235 3201 11 5 6 6 1.01694461e-08 1.71572189e-08 outputs/V3.3e25_D1000_G2/solution/solution-00040 
 41 5.709543217292e+10 1.392571516413e+09 768 7235 3201 11 5 6 6 9.82675282e-09 1.65790494e-08 outputs/V3.3e25_D1000_G2/solution/solution-00041 
 42 5.848800368933e+10 1.392571516413e+09 768 7235 3201 11 5 6 6 9.49560774e-09 1.60203633e-08 outputs/V3.3e25_D1000_G2/solution/solution-00042 
 43 5.988057520574e+10 1.392571516413e+09 768 7235 3201 11 5 6 6 9.17562170e-09 1.54805039e-08 outputs/V3.3e25_D1000_G2/solution/solution-00043 
 44 6.127314672215e+10 1.392571516413e+09 768 7235 3201 11 5 6 6 8.86641865e-09 1.49588369e-08 outputs/V3.3e25_D1000_G2/solution/solution-00044 
 45 6.266571823857e+10 1.392571516413e+09 768 7235 3201 11 5 6 6 8.56763522e-09 1.44547492e-08 outputs/V3.3e25_D1000_G2/solution/solution-00045 
 46 6.405828975498e+10 1.392571516413e+09 768 7235 3201 11 5 6 6 8.27892029e-09 1.39676485e-08 outputs/V3.3e25_D1000_G2/solution/solution-00046 
 47 6.545086127139e+10 1.392571516413e+09 768 7235 3201 11 5 6 6 7.99993458e-09 1.34969622e-08 outputs/V3.3e25_D1000_G2/solution/solution-00047 
 48 6.684343278781e+10 1.392571516413e+09 768 7235 3201 11 5 6 6 7.73035021e-09 1.30421372e-08 outputs/V3.3e25_D1000_G2/solution/solution-00048 
 49 6.823600430422e+10 1.392571516413e+09 768 7235 3201 11 5 6 6 7.46985039e-09 1.26026391e-08 outputs/V3.3e25_D1000_G2/solution/solution-00049 
 50 6.962857582063e+10 1.392571516413e+09 768 7235 3201 11 5 6 6 7.21812897e-09 1.21779513e-08 outputs/V3.3e25_D1000_G2/solution/solution-00050 
 51 7.102114733704e+10 1.392571516413e+09 768 7235 3201 11 5 6 6 6.97489014e-09 1.17675748e-08 outputs/V3.3e25_D1000_G2/solution/solution-00051 
 52 7.241371885346e+10 1.392571516413e+09 768 7235 3201 11 5 6 6 6.73984805e-09 1.13710273e-08 outputs/V3.3e25_D1000_G2/solution/solution-00052 
 53 7.380629036987e+10 1.392571516413e+09 768 7235 3201 11 5 6 6 6.51272649e-09 1.09878427e-08 outputs/V3.3e25_D1000_G2/solution/solution-00053 
 54 7.519886188628e+10 1.392571516413e+09 768 7235 3201 11 5 6 6 6.29325854e-09 1.06175709e-08 outputs/V3.3e25_D1000_G2/solution/solution-00054 
 55 7.659143340269e+10 1.392571516413e+09 768 7235 3201 11 5 6 6 6.08118629e-09 1.02597766e-08 outputs/V3.3e25_D1000_G2/solution/solution-00055 
 56 7.798400491911e+10 1.392571516413e+09 768 7235 3201 11 5 6 6 5.87626052e-09 9.91403932e-09 outputs/V3.3e25_D1000_G2/solution/solution-00056 
 57 7.937657643552e+10 1.392571516413e+09 768 7235 3201 11 5 6 6 5.67824041e-09 9.57995284e-09 outputs/V3.3e25_D1000_G2/solution/solution-00057 
 58 8.076914795193e+10 1.392571516413e+09 768 7235 3201 11 5 6 6 5.48689324e-09 9.25712451e-09 outputs/V3.3e25_D1000_G2/solution/solution-00058 
 59 8.216171946834e+10 1.392571516413e+09 768 7235 3201 11 5 6 6 5.30199415e-09 8.94517496e-09 outputs/V3.3e25_D1000_G2/solution/solution-00059 
 60 8.355429098476e+10 1.392571516413e+09 768 7235 3201 11 5 6 6 5.12332585e-09 8.64373758e-09 outputs/V3.3e25_D1000_G2/solution/solution-00060 
 61 8.494686250117e+10 1.392571516413e+09 768 7235 3201 10 5 6 6 4.95067837e-09 8.35245814e-09 outputs/V3.3e25_D1000_G2/solution/solution-00061 
 62 8.633943401758e+10 1.392571516413e+09 768 7235 3201 10 5 6 6 4.78384882e-09 8.07099433e-09 outputs/V3.3e25_D1000_G2/solution/solution-00062 
 63 8.773200553399e+10 1.392571516413e+09 768 7235 3201 10 5 6 6 4.62264115e-09 7.79901537e-09 outputs/V3.3e25_D1000_G2/solution/solution-00063 
 64 8.912457705041e+10 1.392571516413e+09 768 7235 3201 10 5 6 6 4.46686590e-09 7.53620165e-09 outputs/V3.3e25_D1000_G2/solution/solution-00064 
 65 9.051714856682e+10 1.392571516413e+09 768 7235 3201 10 5 6 6 4.31634002e-09 7.28224431e-09 outputs/V3.3e25_D1000_G2/solution/solution-00065 
 66 9.190972008323e+10 1.392571516413e+09 768 7235 3201 10 5 6 6 4.17088661e-09 7.03684490e-09 outputs/V3.3e25_D1000_G2/solution/solution-00066 
 67 9.330229159964e+10 1.392571516413e+09 768 7235 3201 10 5 6 6 4.03033473e-09 6.79971504e-09 outputs/V3.3e25_D1000_G2/solution/solution-00067 
 68 9.469486311606e+10 1.392571516413e+09 768 7235 3201 10 5 6 6 3.89451922e-09 6.57057606e-09 outputs/V3.3e25_D1000_G2/solution/solution-00068 
 69 9.608743463247e+10 1.392571516413e+09 768 7235 3201 10 5 6 6 3.76328046e-09 6.34915868e-09 outputs/V3.3e25_D1000_G2/solution/solution-00069 
 70 9.748000614888e+10 1.392571516413e+09 768 7235 3201 10 5 6 6 3.63646423e-09 6.13520270e-09 outputs/V3.3e25_D1000_G2/solution/solution-00070 
 71 9.887257766530e+10 1.392571516413e+09 768 7235 3201 10 5 6 6 3.51392149e-09 5.92845667e-09 outputs/V3.3e25_D1000_G2/solution/solution-00071 
 72 1.002651491817e+11 1.392571516413e+09 768 7235 3201 10 5 6 6 3.39550824e-09 5.72867763e-09 outputs/V3.3e25_D1000_G2/solution/solution-00072 
 73 1.016577206981e+11 1.392571516413e+09 768 7235 3201 10 5 6 6 3.28108531e-09 5.53563082e-09 outputs/V3.3e25_D1000_G2/solution/solution-00073 
 74 1.030502922145e+11 1.392571516413e+09 768 7235 3201 10 5 6 6 3.17051824e-09 5.34908935e-09 outputs/V3.3e25_D1000_G2/solution/solution-00074 
 75 1.044428637309e+11 1.392571516413e+09 768 7235 3201 10 5 6 6 3.06367710e-09 5.16883402e-09 outputs/V3.3e25_D1000_G2/solution/solution-00075 
 76 1.058354352474e+11 1.392571516413e+09 768 7235 3201 10 5 6 6 2.96043633e-09 4.99465300e-09 outputs/V3.3e25_D1000_G2/solution/solution-00076 
 77 1.072280067638e+11 1.392571516413e+09 768 7235 3201 10 5 6 6 2.86067459e-09 4.82634158e-09 outputs/V3.3e25_D1000_G2/solution/solution-00077 
 78 1.086205782802e+11 1.392571516413e+09 768 7235 3201 10 5 6 6 2.76427466e-09 4.66370197e-09 outputs/V3.3e25_D1000_G2/solution/solution-00078 
 79 1.100131497966e+11 1.392571516413e+09 768 7235 3201 10 5 6 6 2.67112325e-09 4.50654304e-09 outputs/V3.3e25_D1000_G2/solution/solution-00079 
 80 1.114057213130e+11 1.392571516413e+09 768 7235 3201 10 5 6 6 2.58111088e-09 4.35468011e-09 outputs/V3.3e25_D1000_G2/solution/solution-00080 
 81 1.127982928294e+11 1.392571516413e+09 768 7235 3201 10 5 6 6 2.49413178e-09 4.20793470e-09 outputs/V3.3e25_D1000_G2/solution/solution-00081 
 82 1.141908643458e+11 1.392571516413e+09 768 7235 3201 10 5 6 6 2.41008372e-09 4.06613437e-09 outputs/V3.3e25_D1000_G2/solution/solution-00082 
 83 1.155834358622e+11 1.392571516413e+09 768 7235 3201 10 5 6 6 2.32886795e-09 3.92911247e-09 outputs/V3.3e25_D1000_G2/solution/solution-00083 
 84 1.169760073787e+11 1.392571516413e+09 768 7235 3201 10 5 6 6 2.25038901e-09 3.79670798e-09 outputs/V3.3e25_D1000_G2/solution/solution-00084 
 85 1.183685788951e+11 1.392571516413e+09 768 7235 3201 10 5 6 6 2.17455468e-09 3.66876529e-09 outputs/V3.3e25_D1000_G2/solution/solution-00085 
 86 1.197611504115e+11 1.392571516413e+09 768 7235 3201 10 5 6 6 2.10127584e-09 3.54513406e-09 outputs/V3.3e25_D1000_G2/solution/solution-00086 
 87 1.211537219279e+11 1.392571516413e+09 768 7235 3201 10 5 6 6 2.03046637e-09 3.42566900e-09 outputs/V3.3e25_D1000_G2/solution/solution-00087 
 88 1.225462934443e+11 1.392571516413e+09 768 7235 3201 10 5 6 6 1.96204306e-09 3.31022970e-09 outputs/V3.3e25_D1000_G2/solution/solution-00088 
 89 1.239388649607e+11 1.392571516413e+09 768 7235 3201 10 5 6 6 1.89592551e-09 3.19868052e-09 outputs/V3.3e25_D1000_G2/solution/solution-00089 
 90 1.253314364771e+11 1.392571516413e+09 768 7235 3201 10 5 6 6 1.83203600e-09 3.09089036e-09 outputs/V3.3e25_D1000_G2/solution/solution-00090 
 91 1.267240079935e+11 1.392571516413e+09 768 7235 3201 10 5 6 6 1.77029946e-09 2.98673254e-09 outputs/V3.3e25_D1000_G2/solution/solution-00091 
 92 1.281165795100e+11 1.392571516413e+09 768 7235 3201 10 5 6 6 1.71064334e-09 2.88608467e-09 outputs/V3.3e25_D1000_G2/solution/solution-00092 
 93 1.295091510264e+11 1.392571516413e+09 768 7235 3201  9 5 6 6 1.65299754e-09 2.78882847e-09 outputs/V3.3e25_D1000_G2/solution/solution-00093 
 94 1.309017225428e+11 1.392571516413e+09 768 7235 3201  9 5 6 6 1.59729430e-09 2.69484964e-09 outputs/V3.3e25_D1000_G2/solution/solution-00094 
 95 1.322942940592e+11 1.392571516413e+09 768 7235 3201  9 5 6 6 1.54346817e-09 2.60403774e-09 outputs/V3.3e25_D1000_G2/solution/solution-00095 
 96 1.336868655756e+11 1.392571516413e+09 768 7235 3201  9 5 6 6 1.49145589e-09 2.51628605e-09 outputs/V3.3e25_D1000_G2/solution/solution-00096 
 97 1.350794370920e+11 1.392571516413e+09 768 7235 3201  9 5 6 6 1.44119634e-09 2.43149145e-09 outputs/V3.3e25_D1000_G2/solution/solution-00097 
 98 1.364720086084e+11 1.392571516413e+09 768 7235 3201  9 5 6 6 1.39263044e-09 2.34955427e-09 outputs/V3.3e25_D1000_G2/solution/solution-00098 
 99 1.378645801248e+11 1.392571516413e+09 768 7235 3201  9 5 6 6 1.34570114e-09 2.27037825e-09 outputs/V3.3e25_D1000_G2/solution/solution-00099 
100 1.392571516413e+11 1.392571516413e+09 768 7235 3201  9 5 6 6 1.30035328e-09 2.19387032e-09 outputs/V3.3e25_D1000_G2/solution/solution-00100 
