# 1: Time step number
# 2: Time (years)
# 3: Time step size (years)
# 4: Number of mesh cells
# 5: Number of Stokes degrees of freedom
# 6: Number of temperature degrees of freedom
# 7: Iterations for temperature solver
# 8: Iterations for Stokes solver
# 9: Velocity iterations in Stokes preconditioner
# 10: Schur complement iterations in Stokes preconditioner
# 11: RMS velocity (m/year)
# 12: Max. velocity (m/year)
# 13: Visualization file name
  0 0.000000000000e+00 0.000000000000e+00 768 7235 3201  0 8 9 9 9.27532055e-09 1.64576544e-08 outputs/V1e27_D30_G14/solution/solution-00000 
  1 1.392571516413e+09 1.392571516413e+09 768 7235 3201 32 8 9 9 8.77762434e-09 1.48265175e-08 outputs/V1e27_D30_G14/solution/solution-00001 
  2 2.785143032825e+09 1.392571516413e+09 768 7235 3201 25 8 9 9 8.32063009e-09 1.40450278e-08 outputs/V1e27_D30_G14/solution/solution-00002 
  3 4.177714549238e+09 1.392571516413e+09 768 7235 3201 24 8 9 9 7.89432869e-09 1.33318682e-08 outputs/V1e27_D30_G14/solution/solution-00003 
  4 5.570286065650e+09 1.392571516413e+09 768 7235 3201 23 8 9 9 7.49232791e-09 1.26589087e-08 outputs/V1e27_D30_G14/solution/solution-00004 
  5 6.962857582063e+09 1.392571516413e+09 768 7235 3201 23 8 9 9 7.11328640e-09 1.20237489e-08 outputs/V1e27_D30_G14/solution/solution-00005 
  6 8.355429098476e+09 1.392571516413e+09 768 7235 3201 22 8 9 9 6.75557160e-09 1.14236515e-08 outputs/V1e27_D30_G14/solution/solution-00006 
  7 9.748000614888e+09 1.392571516413e+09 768 7235 3201 21 8 9 9 6.41764530e-09 1.08560539e-08 outputs/V1e27_D30_G14/solution/solution-00007 
  8 1.114057213130e+10 1.392571516413e+09 768 7235 3201 21 8 9 9 6.09810483e-09 1.03186687e-08 outputs/V1e27_D30_G14/solution/solution-00008 
  9 1.253314364771e+10 1.392571516413e+09 768 7235 3201 21 8 9 9 5.79568610e-09 9.80946843e-09 outputs/V1e27_D30_G14/solution/solution-00009 
 10 1.392571516413e+10 1.392571516413e+09 768 7235 3201 20 8 9 9 5.50925225e-09 9.32664712e-09 outputs/V1e27_D30_G14/solution/solution-00010 
 11 1.531828668054e+10 1.392571516413e+09 768 7235 3201 20 8 9 9 5.23777798e-09 8.86858238e-09 outputs/V1e27_D30_G14/solution/solution-00011 
 12 1.671085819695e+10 1.392571516413e+09 768 7235 3201 20 8 9 9 4.98033451e-09 8.43380454e-09 outputs/V1e27_D30_G14/solution/solution-00012 
 13 1.810342971336e+10 1.392571516413e+09 768 7235 3201 20 8 9 9 4.73607636e-09 8.02097231e-09 outputs/V1e27_D30_G14/solution/solution-00013 
 14 1.949600122978e+10 1.392571516413e+09 768 7235 3201 20 8 9 9 4.50423017e-09 7.62885366e-09 outputs/V1e27_D30_G14/solution/solution-00014 
 15 2.088857274619e+10 1.392571516413e+09 768 7235 3201 20 8 9 9 4.28408533e-09 7.25631083e-09 outputs/V1e27_D30_G14/solution/solution-00015 
 16 2.228114426260e+10 1.392571516413e+09 768 7235 3201 19 8 9 9 4.07498621e-09 6.90228824e-09 outputs/V1e27_D30_G14/solution/solution-00016 
 17 2.367371577901e+10 1.392571516413e+09 768 7235 3201 19 8 9 9 3.87632562e-09 6.56580278e-09 outputs/V1e27_D30_G14/solution/solution-00017 
 18 2.506628729543e+10 1.392571516413e+09 768 7235 3201 19 8 9 9 3.68753930e-09 6.24593587e-09 outputs/V1e27_D30_G14/solution/solution-00018 
 19 2.645885881184e+10 1.392571516413e+09 768 7235 3201 19 8 9 9 3.50810135e-09 5.94182684e-09 outputs/V1e27_D30_G14/solution/solution-00019 
 20 2.785143032825e+10 1.392571516413e+09 768 7235 3201 19 8 9 9 3.33752026e-09 5.65266737e-09 outputs/V1e27_D30_G14/solution/solution-00020 
 21 2.924400184466e+10 1.392571516413e+09 768 7235 3201 19 8 9 9 3.17533558e-09 5.37769686e-09 outputs/V1e27_D30_G14/solution/solution-00021 
 22 3.063657336108e+10 1.392571516413e+09 768 7235 3201 19 8 9 9 3.02111507e-09 5.11619834e-09 outputs/V1e27_D30_G14/solution/solution-00022 
 23 3.202914487749e+10 1.392571516413e+09 768 7235 3201 19 8 9 9 2.87445223e-09 4.86749508e-09 outputs/V1e27_D30_G14/solution/solution-00023 
 24 3.342171639390e+10 1.392571516413e+09 768 7235 3201 19 8 9 9 2.73496413e-09 4.63094750e-09 outputs/V1e27_D30_G14/solution/solution-00024 
 25 3.481428791032e+10 1.392571516413e+09 768 7235 3201 19 8 9 9 2.60228958e-09 4.40595055e-09 outputs/V1e27_D30_G14/solution/solution-00025 
 26 3.620685942673e+10 1.392571516413e+09 768 7235 3201 18 8 9 9 2.47608743e-09 4.19193135e-09 outputs/V1e27_D30_G14/solution/solution-00026 
 27 3.759943094314e+10 1.392571516413e+09 768 7235 3201 18 8 9 9 2.35603517e-09 3.98834705e-09 outputs/V1e27_D30_G14/solution/solution-00027 
 28 3.899200245955e+10 1.392571516413e+09 768 7235 3201 18 8 9 9 2.24182761e-09 3.79468299e-09 outputs/V1e27_D30_G14/solution/solution-00028 
 29 4.038457397597e+10 1.392571516413e+09 768 7235 3201 18 8 9 9 2.13317573e-09 3.61045094e-09 outputs/V1e27_D30_G14/solution/solution-00029 
 30 4.177714549238e+10 1.392571516413e+09 768 7235 3201 18 8 9 9 2.02980560e-09 3.43518755e-09 outputs/V1e27_D30_G14/solution/solution-00030 
 31 4.316971700879e+10 1.392571516413e+09 768 7235 3201 18 8 9 9 1.93145753e-09 3.26845292e-09 outputs/V1e27_D30_G14/solution/solution-00031 
 32 4.456228852520e+10 1.392571516413e+09 768 7235 3201 18 8 9 9 1.83788510e-09 3.10982930e-09 outputs/V1e27_D30_G14/solution/solution-00032 
 33 4.595486004162e+10 1.392571516413e+09 768 7235 3201 18 8 9 9 1.74885446e-09 2.95891982e-09 outputs/V1e27_D30_G14/solution/solution-00033 
 34 4.734743155803e+10 1.392571516413e+09 768 7235 3201 18 8 9 9 1.66414356e-09 2.81534743e-09 outputs/V1e27_D30_G14/solution/solution-00034 
 35 4.874000307444e+10 1.392571516413e+09 768 7235 3201 18 8 9 9 1.58354152e-09 2.67875379e-09 outputs/V1e27_D30_G14/solution/solution-00035 
 36 5.013257459085e+10 1.392571516413e+09 768 7235 3201 18 8 9 9 1.50684798e-09 2.54879828e-09 outputs/V1e27_D30_G14/solution/solution-00036 
 37 5.152514610727e+10 1.392571516413e+09 768 7235 3201 18 8 9 9 1.43387255e-09 2.42515715e-09 outputs/V1e27_D30_G14/solution/solution-00037 
 38 5.291771762368e+10 1.392571516413e+09 768 7235 3201 18 8 9 9 1.36443428e-09 2.30752256e-09 outputs/V1e27_D30_G14/solution/solution-00038 
 39 5.431028914009e+10 1.392571516413e+09 768 7235 3201 18 8 9 9 1.29836116e-09 2.19560185e-09 outputs/V1e27_D30_G14/solution/solution-00039 
 40 5.570286065650e+10 1.392571516413e+09 768 7235 3201 18 8 9 9 1.23548964e-09 2.08911669e-09 outputs/V1e27_D30_G14/solution/solution-00040 
 41 5.709543217292e+10 1.392571516413e+09 768 7235 3201 18 8 9 9 1.17566422e-09 1.98780244e-09 outputs/V1e27_D30_G14/solution/solution-00041 
 42 5.848800368933e+10 1.392571516413e+09 768 7235 3201 18 8 9 9 1.11873700e-09 1.89140741e-09 outputs/V1e27_D30_G14/solution/solution-00042 
 43 5.988057520574e+10 1.392571516413e+09 768 7235 3201 18 8 9 9 1.06456734e-09 1.79969221e-09 outputs/V1e27_D30_G14/solution/solution-00043 
 44 6.127314672215e+10 1.392571516413e+09 768 7235 3201 18 8 9 9 1.01302146e-09 1.71242918e-09 outputs/V1e27_D30_G14/solution/solution-00044 
 45 6.266571823857e+10 1.392571516413e+09 768 7235 3201 17 8 9 9 9.63972122e-10 1.62940178e-09 outputs/V1e27_D30_G14/solution/solution-00045 
 46 6.405828975498e+10 1.392571516413e+09 768 7235 3201 17 8 9 9 9.17298265e-10 1.55040404e-09 outputs/V1e27_D30_G14/solution/solution-00046 
 47 6.545086127139e+10 1.392571516413e+09 768 7235 3201 17 8 9 9 8.72884739e-10 1.47524003e-09 outputs/V1e27_D30_G14/solution/solution-00047 
 48 6.684343278781e+10 1.392571516413e+09 768 7235 3201 17 8 9 9 8.30621994e-10 1.40372340e-09 outputs/V1e27_D30_G14/solution/solution-00048 
 49 6.823600430422e+10 1.392571516413e+09 768 7235 3201 17 8 9 9 7.90405805e-10 1.33567686e-09 outputs/V1e27_D30_G14/solution/solution-00049 
 50 6.962857582063e+10 1.392571516413e+09 768 7235 3201 17 8 9 9 7.52137010e-10 1.27093180e-09 outputs/V1e27_D30_G14/solution/solution-00050 
 51 7.102114733704e+10 1.392571516413e+09 768 7235 3201 17 8 9 9 7.15721264e-10 1.20932780e-09 outputs/V1e27_D30_G14/solution/solution-00051 
 52 7.241371885346e+10 1.392571516413e+09 768 7235 3201 17 8 9 9 6.81068802e-10 1.15071225e-09 outputs/V1e27_D30_G14/solution/solution-00052 
 53 7.380629036987e+10 1.392571516413e+09 768 7235 3201 17 8 9 9 6.48094213e-10 1.09493999e-09 outputs/V1e27_D30_G14/solution/solution-00053 
 54 7.519886188628e+10 1.392571516413e+09 768 7235 3201 17 8 9 9 6.16716230e-10 1.04187292e-09 outputs/V1e27_D30_G14/solution/solution-00054 
 55 7.659143340269e+10 1.392571516413e+09 768 7235 3201 17 8 9 9 5.86857525e-10 9.91379655e-10 outputs/V1e27_D30_G14/solution/solution-00055 
 56 7.798400491911e+10 1.392571516413e+09 768 7235 3201 17 8 9 9 5.58444523e-10 9.43335215e-10 outputs/V1e27_D30_G14/solution/solution-00056 
 57 7.937657643552e+10 1.392571516413e+09 768 7235 3201 17 8 9 9 5.31407210e-10 8.97620698e-10 outputs/V1e27_D30_G14/solution/solution-00057 
 58 8.076914795193e+10 1.392571516413e+09 768 7235 3201 17 8 9 9 5.05678970e-10 8.54122985e-10 outputs/V1e27_D30_G14/solution/solution-00058 
 59 8.216171946834e+10 1.392571516413e+09 768 7235 3201 17 8 9 9 4.81196411e-10 8.12734461e-10 outputs/V1e27_D30_G14/solution/solution-00059 
 60 8.355429098476e+10 1.392571516413e+09 768 7235 3201 17 8 9 9 4.57899215e-10 7.73352743e-10 outputs/V1e27_D30_G14/solution/solution-00060 
 61 8.494686250117e+10 1.392571516413e+09 768 7235 3201 17 8 9 9 4.35729984e-10 7.35880427e-10 outputs/V1e27_D30_G14/solution/solution-00061 
 62 8.633943401758e+10 1.392571516413e+09 768 7235 3201 17 8 9 9 4.14634103e-10 7.00224846e-10 outputs/V1e27_D30_G14/solution/solution-00062 
 63 8.773200553399e+10 1.392571516413e+09 768 7235 3201 17 8 9 9 3.94559601e-10 6.66297836e-10 outputs/V1e27_D30_G14/solution/solution-00063 
 64 8.912457705041e+10 1.392571516413e+09 768 7235 3201 17 8 9 9 3.75457022e-10 6.34015520e-10 outputs/V1e27_D30_G14/solution/solution-00064 
 65 9.051714856682e+10 1.392571516413e+09 768 7235 3201 17 8 9 9 3.57279308e-10 6.03298094e-10 outputs/V1e27_D30_G14/solution/solution-00065 
 66 9.190972008323e+10 1.392571516413e+09 768 7235 3201 17 8 9 9 3.39981680e-10 5.74069635e-10 outputs/V1e27_D30_G14/solution/solution-00066 
 67 9.330229159964e+10 1.392571516413e+09 768 7235 3201 17 8 9 9 3.23521525e-10 5.46257909e-10 outputs/V1e27_D30_G14/solution/solution-00067 
 68 9.469486311606e+10 1.392571516413e+09 768 7235 3201 17 8 9 9 3.07858296e-10 5.19794189e-10 outputs/V1e27_D30_G14/solution/solution-00068 
 69 9.608743463247e+10 1.392571516413e+09 768 7235 3201 17 8 9 9 2.92953408e-10 4.94613087e-10 outputs/V1e27_D30_G14/solution/solution-00069 
 70 9.748000614888e+10 1.392571516413e+09 768 7235 3201 17 8 9 9 2.78770145e-10 4.70652392e-10 outputs/V1e27_D30_G14/solution/solution-00070 
 71 9.887257766530e+10 1.392571516413e+09 768 7235 3201 16 8 9 9 2.65273570e-10 4.47852918e-10 outputs/V1e27_D30_G14/solution/solution-00071 
 72 1.002651491817e+11 1.392571516413e+09 768 7235 3201 16 8 9 9 2.52430436e-10 4.26158346e-10 outputs/V1e27_D30_G14/solution/solution-00072 
 73 1.016577206981e+11 1.392571516413e+09 768 7235 3201 16 8 9 9 2.40209104e-10 4.05515092e-10 outputs/V1e27_D30_G14/solution/solution-00073 
 74 1.030502922145e+11 1.392571516413e+09 768 7235 3201 16 8 9 9 2.28579471e-10 3.85872176e-10 outputs/V1e27_D30_G14/solution/solution-00074 
 75 1.044428637309e+11 1.392571516413e+09 768 7235 3201 16 8 9 9 2.17512887e-10 3.67181092e-10 outputs/V1e27_D30_G14/solution/solution-00075 
 76 1.058354352474e+11 1.392571516413e+09 768 7235 3201 16 8 9 9 2.06982092e-10 3.49395689e-10 outputs/V1e27_D30_G14/solution/solution-00076 
 77 1.072280067638e+11 1.392571516413e+09 768 7235 3201 16 8 9 9 1.96961147e-10 3.32472057e-10 outputs/V1e27_D30_G14/solution/solution-00077 
 78 1.086205782802e+11 1.392571516413e+09 768 7235 3201 16 8 9 9 1.87425367e-10 3.16368416e-10 outputs/V1e27_D30_G14/solution/solution-00078 
 79 1.100131497966e+11 1.392571516413e+09 768 7235 3201 16 8 9 9 1.78351261e-10 3.01045012e-10 outputs/V1e27_D30_G14/solution/solution-00079 
 80 1.114057213130e+11 1.392571516413e+09 768 7235 3201 16 8 9 9 1.69716478e-10 2.86464024e-10 outputs/V1e27_D30_G14/solution/solution-00080 
 81 1.127982928294e+11 1.392571516413e+09 768 7235 3201 16 8 9 9 1.61499748e-10 2.72589462e-10 outputs/V1e27_D30_G14/solution/solution-00081 
 82 1.141908643458e+11 1.392571516413e+09 768 7235 3201 16 8 9 9 1.53680830e-10 2.59387084e-10 outputs/V1e27_D30_G14/solution/solution-00082 
 83 1.155834358622e+11 1.392571516413e+09 768 7235 3201 16 8 9 9 1.46240466e-10 2.46824311e-10 outputs/V1e27_D30_G14/solution/solution-00083 
 84 1.169760073787e+11 1.392571516413e+09 768 7235 3201 16 8 9 9 1.39160325e-10 2.34870139e-10 outputs/V1e27_D30_G14/solution/solution-00084 
 85 1.183685788951e+11 1.392571516413e+09 768 7235 3201 16 8 9 9 1.32422970e-10 2.23495075e-10 outputs/V1e27_D30_G14/solution/solution-00085 
 86 1.197611504115e+11 1.392571516413e+09 768 7235 3201 16 8 9 9 1.26011802e-10 2.12671050e-10 outputs/V1e27_D30_G14/solution/solution-00086 
 87 1.211537219279e+11 1.392571516413e+09 768 7235 3201 16 8 9 9 1.19911031e-10 2.02371361e-10 outputs/V1e27_D30_G14/solution/solution-00087 
 88 1.225462934443e+11 1.392571516413e+09 768 7235 3201 16 8 9 9 1.14105628e-10 1.92570598e-10 outputs/V1e27_D30_G14/solution/solution-00088 
 89 1.239388649607e+11 1.392571516413e+09 768 7235 3201 16 8 9 9 1.08581292e-10 1.83244582e-10 outputs/V1e27_D30_G14/solution/solution-00089 
 90 1.253314364771e+11 1.392571516413e+09 768 7235 3201 16 8 9 9 1.03324416e-10 1.74370309e-10 outputs/V1e27_D30_G14/solution/solution-00090 
 91 1.267240079935e+11 1.392571516413e+09 768 7235 3201 16 8 9 9 9.83220509e-11 1.65925888e-10 outputs/V1e27_D30_G14/solution/solution-00091 
 92 1.281165795100e+11 1.392571516413e+09 768 7235 3201 16 8 9 9 9.35618743e-11 1.57890493e-10 outputs/V1e27_D30_G14/solution/solution-00092 
 93 1.295091510264e+11 1.392571516413e+09 768 7235 3201 16 8 9 9 8.90321607e-11 1.50244304e-10 outputs/V1e27_D30_G14/solution/solution-00093 
 94 1.309017225428e+11 1.392571516413e+09 768 7235 3201 16 8 9 9 8.47217519e-11 1.42968462e-10 outputs/V1e27_D30_G14/solution/solution-00094 
 95 1.322942940592e+11 1.392571516413e+09 768 7235 3201 16 8 9 9 8.06200306e-11 1.36045026e-10 outputs/V1e27_D30_G14/solution/solution-00095 
 96 1.336868655756e+11 1.392571516413e+09 768 7235 3201 15 8 9 9 7.67168951e-11 1.29456926e-10 outputs/V1e27_D30_G14/solution/solution-00096 
 97 1.350794370920e+11 1.392571516413e+09 768 7235 3201 15 8 9 9 7.30027296e-11 1.23187913e-10 outputs/V1e27_D30_G14/solution/solution-00097 
 98 1.364720086084e+11 1.392571516413e+09 768 7235 3201 15 8 9 9 6.94683842e-11 1.17222525e-10 outputs/V1e27_D30_G14/solution/solution-00098 
 99 1.378645801248e+11 1.392571516413e+09 768 7235 3201 15 8 9 9 6.61051531e-11 1.11546054e-10 outputs/V1e27_D30_G14/solution/solution-00099 
100 1.392571516413e+11 1.392571516413e+09 768 7235 3201 15 8 9 9 6.29047514e-11 1.06144503e-10 outputs/V1e27_D30_G14/solution/solution-00100 
