# 1: Time step number
# 2: Time (years)
# 3: Time step size (years)
# 4: Number of mesh cells
# 5: Number of Stokes degrees of freedom
# 6: Number of temperature degrees of freedom
# 7: Iterations for temperature solver
# 8: Iterations for Stokes solver
# 9: Velocity iterations in Stokes preconditioner
# 10: Schur complement iterations in Stokes preconditioner
# 11: RMS velocity (m/year)
# 12: Max. velocity (m/year)
# 13: Visualization file name
  0 0.000000000000e+00 0.000000000000e+00 768 7235 3201  0 8 9 9 2.64858588e-06 4.65715948e-06 outputs/V1e24_D100_G4/solution/solution-00000 
  1 1.392571516413e+09 1.392571516413e+09 768 7235 3201 32 8 9 9 3.23283821e-06 5.75136145e-06 outputs/V1e24_D100_G4/solution/solution-00001 
  2 2.785143032825e+09 1.392571516413e+09 768 7235 3201 25 8 9 9 4.43090427e-06 8.36145637e-06 outputs/V1e24_D100_G4/solution/solution-00002 
  3 4.177714549238e+09 1.392571516413e+09 768 7235 3201 24 8 9 9 6.85839409e-06 1.35146616e-05 outputs/V1e24_D100_G4/solution/solution-00003 
  4 5.570286065650e+09 1.392571516413e+09 768 7235 3201 23 8 9 9 1.17781428e-05 2.37225196e-05 outputs/V1e24_D100_G4/solution/solution-00004 
  5 6.962857582063e+09 1.392571516413e+09 768 7235 3201 23 8 9 9 2.19161852e-05 4.43978798e-05 outputs/V1e24_D100_G4/solution/solution-00005 
  6 8.355429098476e+09 1.392571516413e+09 768 7235 3201 22 8 9 9 4.33201988e-05 8.73895900e-05 outputs/V1e24_D100_G4/solution/solution-00006 
  7 9.427792876255e+09 1.072363777779e+09 768 7235 3201 21 8 9 9 7.72202169e-05 1.54988098e-04 outputs/V1e24_D100_G4/solution/solution-00007 
  8 1.003267803182e+10 6.048851555693e+08 768 7235 3201 17 8 9 9 1.11154265e-04 2.22565499e-04 outputs/V1e24_D100_G4/solution/solution-00008 
  9 1.045405916283e+10 4.213811310078e+08 768 7235 3201 14 7 8 8 1.45974078e-04 2.91821676e-04 outputs/V1e24_D100_G4/solution/solution-00009 
 10 1.077523389816e+10 3.211747353259e+08 768 7235 3201 12 7 8 8 1.81441458e-04 3.62488795e-04 outputs/V1e24_D100_G4/solution/solution-00010 
 11 1.103386258195e+10 2.586286837909e+08 768 7235 3201 11 7 8 8 2.17432242e-04 4.34180021e-04 outputs/V1e24_D100_G4/solution/solution-00011 
 12 1.124984220971e+10 2.159796277586e+08 768 7235 3201 11 6 7 7 2.53867736e-04 5.06516182e-04 outputs/V1e24_D100_G4/solution/solution-00012 
 13 1.143486964030e+10 1.850274305943e+08 768 7235 3201 10 6 7 7 2.90672601e-04 5.79710567e-04 outputs/V1e24_D100_G4/solution/solution-00013 
 14 1.159666890982e+10 1.617992695162e+08 768 7235 3201 10 6 7 7 3.27825624e-04 6.53138012e-04 outputs/V1e24_D100_G4/solution/solution-00014 
 15 1.174020672008e+10 1.435378102658e+08 768 7235 3201 10 6 7 7 3.65225349e-04 7.26574172e-04 outputs/V1e24_D100_G4/solution/solution-00015 
 16 1.186926928355e+10 1.290625634707e+08 768 7235 3201  9 6 7 7 4.02828463e-04 7.99908918e-04 outputs/V1e24_D100_G4/solution/solution-00016 
 17 1.198648582260e+10 1.172165390473e+08 768 7235 3201  9 6 7 7 4.40525767e-04 8.72392786e-04 outputs/V1e24_D100_G4/solution/solution-00017 
 18 1.209390549808e+10 1.074196754759e+08 768 7235 3201  9 6 7 7 4.78209196e-04 9.44662571e-04 outputs/V1e24_D100_G4/solution/solution-00018 
 19 1.219319469870e+10 9.928920062591e+07 768 7235 3201  9 6 7 7 5.15783347e-04 1.01522367e-03 outputs/V1e24_D100_G4/solution/solution-00019 
 20 1.228554554509e+10 9.235084639026e+07 768 7235 3201  9 6 7 7 5.53085169e-04 1.08462819e-03 outputs/V1e24_D100_G4/solution/solution-00020 
 21 1.237198069453e+10 8.643514943457e+07 768 7235 3201  9 6 7 7 5.89963847e-04 1.15171784e-03 outputs/V1e24_D100_G4/solution/solution-00021 
 22 1.245338084056e+10 8.140014603299e+07 768 7235 3201  9 6 7 7 6.26277088e-04 1.21677310e-03 outputs/V1e24_D100_G4/solution/solution-00022 
 23 1.253046983672e+10 7.708899615612e+07 768 7235 3201  9 6 7 7 6.61869862e-04 1.27920020e-03 outputs/V1e24_D100_G4/solution/solution-00023 
 24 1.260380258297e+10 7.333274625096e+07 768 7235 3201  9 6 7 7 6.96554350e-04 1.33836361e-03 outputs/V1e24_D100_G4/solution/solution-00024 
 25 1.267385527380e+10 7.005269083248e+07 768 7235 3201  9 6 7 7 7.30142733e-04 1.39398130e-03                                            "" 
 26 1.274107954999e+10 6.722427619182e+07 768 7235 3201  9 6 7 7 7.62469382e-04 1.44722159e-03 outputs/V1e24_D100_G4/solution/solution-00025 
 27 1.280586358250e+10 6.478403250546e+07 768 7235 3201  9 6 7 7 7.93369167e-04 1.51916237e-03 outputs/V1e24_D100_G4/solution/solution-00026 
 28 1.286758722884e+10 6.172364633829e+07 768 7235 3201  9 6 7 7 8.22240758e-04 1.58642951e-03                                            "" 
 29 1.292667940974e+10 5.909218089970e+07 768 7235 3201  9 6 7 7 8.49038891e-04 1.64883872e-03 outputs/V1e24_D100_G4/solution/solution-00027 
 30 1.298352245515e+10 5.684304541445e+07 768 7235 3201  9 6 7 7 8.73738714e-04 1.70627980e-03                                            "" 
 31 1.303844111198e+10 5.491865683048e+07 768 7235 3201  9 6 7 7 8.96324746e-04 1.75868628e-03 outputs/V1e24_D100_G4/solution/solution-00028 
 32 1.309171401684e+10 5.327290485849e+07 768 7235 3201  9 6 7 7 9.16791683e-04 1.80603282e-03                                            "" 
 33 1.314358249878e+10 5.186848194390e+07 768 7235 3201 10 6 7 7 9.35144800e-04 1.84833214e-03 outputs/V1e24_D100_G4/solution/solution-00029 
 34 1.319425742702e+10 5.067492823600e+07 768 7235 3201 10 6 7 7 9.51400083e-04 1.88598142e-03                                            "" 
 35 1.324392459834e+10 4.966717132326e+07 768 7235 3201 10 6 7 7 9.65584135e-04 1.91871473e-03 outputs/V1e24_D100_G4/solution/solution-00030 
 36 1.329274901693e+10 4.882441858554e+07 768 7235 3201 10 6 7 7 9.77733889e-04 1.94656934e-03                                            "" 
 37 1.334087832291e+10 4.812930598138e+07 768 7235 3201 10 6 7 7 9.87896140e-04 1.96967884e-03 outputs/V1e24_D100_G4/solution/solution-00031 
 38 1.338844555916e+10 4.756723625268e+07 768 7235 3201 10 6 7 7 9.96126934e-04 1.98820129e-03                                            "" 
 39 1.343557141805e+10 4.712585888373e+07 768 7235 3201 10 6 7 7 1.00249082e-03 2.00231616e-03 outputs/V1e24_D100_G4/solution/solution-00032 
 40 1.348236607542e+10 4.679465737059e+07 768 7235 3201 10 6 7 7 1.00705998e-03 2.01222132e-03                                            "" 
 41 1.352893069399e+10 4.656461857299e+07 768 7235 3201 10 6 7 7 1.00991334e-03 2.01813007e-03 outputs/V1e24_D100_G4/solution/solution-00033 
 42 1.357535865944e+10 4.642796545441e+07 768 7235 3201 10 6 7 7 1.01113555e-03 2.02026834e-03                                            "" 
 43 1.362173659866e+10 4.637793921254e+07 768 7235 3201 10 6 7 7 1.01081595e-03 2.01887188e-03 outputs/V1e24_D100_G4/solution/solution-00034 
 44 1.366814521888e+10 4.640862022178e+07 768 7235 3201  9 6 7 7 1.00904761e-03 2.01418365e-03                                            "" 
 45 1.371465999860e+10 4.651477972626e+07 768 7235 3201  9 6 7 7 1.00592625e-03 2.00645129e-03 outputs/V1e24_D100_G4/solution/solution-00035 
 46 1.376135175470e+10 4.669175609447e+07 768 7235 3201  9 6 7 7 1.00154928e-03 1.99592473e-03                                            "" 
 47 1.380828710555e+10 4.693535085551e+07 768 7235 3201  9 6 7 7 9.96014899e-04 1.98285399e-03 outputs/V1e24_D100_G4/solution/solution-00036 
 48 1.385552884636e+10 4.724174080600e+07 768 7235 3201  9 6 7 7 9.89421139e-04 1.96748709e-03                                            "" 
 49 1.390313624966e+10 4.760740329861e+07 768 7235 3201  9 6 7 7 9.81865104e-04 1.95023681e-03 outputs/V1e24_D100_G4/solution/solution-00037 
 50 1.395116530212e+10 4.802905245991e+07 768 7235 3201  9 6 7 7 9.73442200e-04 1.93131112e-03                                            "" 
 51 1.399966888670e+10 4.850358458509e+07 768 7235 3201  9 6 7 7 9.64245468e-04 1.91081305e-03                                            "" 
 52 1.404869691806e+10 4.902803135134e+07 768 7235 3201  9 6 7 7 9.54364992e-04 1.88896295e-03 outputs/V1e24_D100_G4/solution/solution-00038 
 53 1.409829643786e+10 4.959951980684e+07 768 7235 3201  9 6 7 7 9.43887383e-04 1.86597215e-03                                            "" 
 54 1.414851167621e+10 5.021523834256e+07 768 7235 3201  9 6 7 7 9.32895349e-04 1.84204208e-03 outputs/V1e24_D100_G4/solution/solution-00039 
 55 1.419938408426e+10 5.087240805490e+07 768 7235 3201  9 6 7 7 9.21467331e-04 1.81736350e-03                                            "" 
 56 1.425095234332e+10 5.156825906474e+07 768 7235 3201  9 6 7 7 9.09677229e-04 1.79211594e-03 outputs/V1e24_D100_G4/solution/solution-00040 
 57 1.430325235481e+10 5.230001148027e+07 768 7235 3201  9 6 7 7 8.97594181e-04 1.76646723e-03 outputs/V1e24_D100_G4/solution/solution-00041 
 58 1.435631721559e+10 5.306486078096e+07 768 7235 3201  9 6 7 7 8.85282432e-04 1.74057326e-03                                            "" 
 59 1.441017718305e+10 5.385996746085e+07 768 7235 3201  9 6 7 7 8.72801246e-04 1.71457786e-03 outputs/V1e24_D100_G4/solution/solution-00042 
 60 1.446485963385e+10 5.468245080403e+07 768 7235 3201  9 6 7 7 8.60204893e-04 1.68861272e-03                                            "" 
 61 1.452038902053e+10 5.552938667515e+07 768 7235 3201  9 6 7 7 8.47542685e-04 1.66279753e-03 outputs/V1e24_D100_G4/solution/solution-00043 
 62 1.457678682972e+10 5.639780919604e+07 768 7235 3201  9 6 7 7 8.34859066e-04 1.63724017e-03                                            "" 
 63 1.463407154587e+10 5.728471614803e+07 768 7235 3201  9 6 7 7 8.22193744e-04 1.61203696e-03 outputs/V1e24_D100_G4/solution/solution-00044 
 64 1.469225862376e+10 5.818707789243e+07 768 7235 3201  9 6 7 7 8.09581866e-04 1.58727304e-03                                            "" 
 65 1.475136047330e+10 5.910184954170e+07 768 7235 3201  9 6 7 7 7.97054232e-04 1.56302274e-03 outputs/V1e24_D100_G4/solution/solution-00045 
 66 1.481138645935e+10 6.002598604706e+07 768 7235 3201  9 6 7 7 7.84637531e-04 1.53935009e-03 outputs/V1e24_D100_G4/solution/solution-00046 
 67 1.487234291915e+10 6.095645979827e+07 768 7235 3201  9 6 7 7 7.72354613e-04 1.51630929e-03                                            "" 
 68 1.493423319941e+10 6.189028026408e+07 768 7235 3201  8 6 7 7 7.60224771e-04 1.49394526e-03 outputs/V1e24_D100_G4/solution/solution-00047 
 69 1.499705530327e+10 6.282210385661e+07 768 7235 3201  8 6 7 7 7.48264491e-04 1.47229499e-03                                            "" 
 70 1.506079127766e+10 6.373597438825e+07 768 7235 3201  8 6 7 7 7.36489638e-04 1.45139138e-03 outputs/V1e24_D100_G4/solution/solution-00048 
 71 1.512543510122e+10 6.464382356314e+07 768 7235 3201  8 6 7 7 7.24910505e-04 1.43125430e-03 outputs/V1e24_D100_G4/solution/solution-00049 
 72 1.519097818184e+10 6.554308061516e+07 768 7235 3201  8 6 7 7 7.13535037e-04 1.41189661e-03                                            "" 
 73 1.525740951437e+10 6.643133253565e+07 768 7235 3201  8 6 7 7 7.02369141e-04 1.39332481e-03 outputs/V1e24_D100_G4/solution/solution-00050 
 74 1.532471585707e+10 6.730634269560e+07 768 7235 3201  8 5 6 6 6.91416975e-04 1.37553960e-03 outputs/V1e24_D100_G4/solution/solution-00051 
 75 1.539288192436e+10 6.816606728996e+07 768 7235 3201  8 5 6 6 6.80681231e-04 1.35853649e-03                                            "" 
 76 1.546189059261e+10 6.900866825646e+07 768 7235 3201  8 5 6 6 6.70163392e-04 1.34249764e-03 outputs/V1e24_D100_G4/solution/solution-00052 
 77 1.553172311745e+10 6.983252483723e+07 768 7235 3201  8 5 6 6 6.59863967e-04 1.32722239e-03 outputs/V1e24_D100_G4/solution/solution-00053 
 78 1.560235935778e+10 7.063624033237e+07 768 7235 3201  8 5 6 6 6.49782710e-04 1.31268240e-03 outputs/V1e24_D100_G4/solution/solution-00054 
 79 1.567377800415e+10 7.141864637068e+07 768 7235 3201  8 5 6 6 6.39918803e-04 1.29885777e-03                                            "" 
 80 1.574595680790e+10 7.217880374159e+07 768 7235 3201  8 5 6 6 6.30271021e-04 1.28572604e-03 outputs/V1e24_D100_G4/solution/solution-00055 
 81 1.581887280795e+10 7.291600005219e+07 768 7235 3201  8 5 6 6 6.20837866e-04 1.27326260e-03 outputs/V1e24_D100_G4/solution/solution-00056 
 82 1.589250255235e+10 7.362974440027e+07 768 7235 3201  8 5 6 6 6.11617680e-04 1.26144111e-03                                            "" 
 83 1.596682231168e+10 7.431975932906e+07 768 7235 3201  8 5 6 6 6.02608733e-04 1.25023387e-03 outputs/V1e24_D100_G4/solution/solution-00057 
 84 1.604180828207e+10 7.498597038929e+07 768 7235 3201  8 5 6 6 5.93809286e-04 1.23961215e-03 outputs/V1e24_D100_G4/solution/solution-00058 
 85 1.611743677574e+10 7.562849367763e+07 768 7235 3201  8 5 6 6 5.85217637e-04 1.22954655e-03 outputs/V1e24_D100_G4/solution/solution-00059 
 86 1.619368439749e+10 7.624762174766e+07 768 7235 3201  8 5 6 6 5.76832144e-04 1.22000721e-03                                            "" 
 87 1.627052820579e+10 7.684380830088e+07 768 7235 3201  8 5 6 6 5.68651233e-04 1.21096413e-03 outputs/V1e24_D100_G4/solution/solution-00060 
 88 1.634794585785e+10 7.741765206068e+07 768 7235 3201  8 5 6 6 5.60673398e-04 1.20238738e-03 outputs/V1e24_D100_G4/solution/solution-00061 
 89 1.642591573807e+10 7.796988021521e+07 768 7235 3201  8 5 6 6 5.52897175e-04 1.19424726e-03 outputs/V1e24_D100_G4/solution/solution-00062 
 90 1.650441706985e+10 7.850133178548e+07 768 7235 3201  8 5 6 6 5.45321122e-04 1.18651449e-03 outputs/V1e24_D100_G4/solution/solution-00063 
 91 1.658343001109e+10 7.901294123729e+07 768 7235 3201  7 5 6 6 5.37943782e-04 1.17916040e-03                                            "" 
 92 1.666293573370e+10 7.950572261022e+07 768 7235 3201  7 5 6 6 5.30763646e-04 1.17215699e-03 outputs/V1e24_D100_G4/solution/solution-00064 
 93 1.674291648809e+10 7.998075438775e+07 768 7235 3201  7 5 6 6 5.23779109e-04 1.16547704e-03 outputs/V1e24_D100_G4/solution/solution-00065 
 94 1.682335565337e+10 8.043916528195e+07 768 7235 3201  7 5 6 6 5.16988432e-04 1.15909423e-03 outputs/V1e24_D100_G4/solution/solution-00066 
 95 1.690423777443e+10 8.088212105541e+07 768 7235 3201  7 5 6 6 5.10389703e-04 1.15298319e-03 outputs/V1e24_D100_G4/solution/solution-00067 
 96 1.698554858688e+10 8.131081245571e+07 768 7235 3201  7 5 6 6 5.03980800e-04 1.14711953e-03                                            "" 
 97 1.706727503118e+10 8.172644429421e+07 768 7235 3201  7 5 6 6 4.97759360e-04 1.14147988e-03 outputs/V1e24_D100_G4/solution/solution-00068 
 98 1.714940525684e+10 8.213022566325e+07 768 7235 3201  7 5 6 6 4.91722757e-04 1.13604195e-03 outputs/V1e24_D100_G4/solution/solution-00069 
 99 1.723192861809e+10 8.252336125444e+07 768 7235 3201  7 5 6 6 4.85868088e-04 1.13078450e-03 outputs/V1e24_D100_G4/solution/solution-00070 
100 1.731483566181e+10 8.290704371646e+07 768 7235 3201  7 5 6 6 4.80192161e-04 1.12568739e-03 outputs/V1e24_D100_G4/solution/solution-00071 
