# 1: Time step number
# 2: Time (years)
# 3: Time step size (years)
# 4: Number of mesh cells
# 5: Number of Stokes degrees of freedom
# 6: Number of temperature degrees of freedom
# 7: Iterations for temperature solver
# 8: Iterations for Stokes solver
# 9: Velocity iterations in Stokes preconditioner
# 10: Schur complement iterations in Stokes preconditioner
# 11: RMS velocity (m/year)
# 12: Max. velocity (m/year)
# 13: Visualization file name
  0 0.000000000000e+00 0.000000000000e+00 768 7235 3201  0 8 9 9 1.62729641e-06 3.42856032e-06 outputs/V3.3e24_D3000_G8/solution/solution-00000 
  1 1.392571516413e+09 1.392571516413e+09 768 7235 3201 32 8 9 9 4.82672881e-06 8.26460806e-06 outputs/V3.3e24_D3000_G8/solution/solution-00001 
  2 2.785143032825e+09 1.392571516413e+09 768 7235 3201 25 8 9 9 1.60414976e-05 2.80216004e-05 outputs/V3.3e24_D3000_G8/solution/solution-00002 
  3 4.177714549238e+09 1.392571516413e+09 768 7235 3201 25 8 9 9 5.14262626e-05 9.15416936e-05 outputs/V3.3e24_D3000_G8/solution/solution-00003 
  4 5.201838052663e+09 1.024123503425e+09 768 7235 3201 22 8 9 9 1.25333940e-04 2.25991139e-04 outputs/V3.3e24_D3000_G8/solution/solution-00004 
  5 5.616713698157e+09 4.148756454944e+08 768 7235 3201 15 8 9 9 1.90688348e-04 3.45713305e-04 outputs/V3.3e24_D3000_G8/solution/solution-00005 
  6 5.888007181774e+09 2.712934836172e+08 768 7235 3201 12 7 8 8 2.55224847e-04 4.64205633e-04 outputs/V3.3e24_D3000_G8/solution/solution-00006 
  7 6.089946434036e+09 2.019392522613e+08 768 7235 3201 11 7 8 8 3.18371216e-04 5.80374828e-04 outputs/V3.3e24_D3000_G8/solution/solution-00007 
  8 6.251441466449e+09 1.614950324136e+08 768 7235 3201 10 6 7 7 3.80002712e-04 6.94131545e-04 outputs/V3.3e24_D3000_G8/solution/solution-00008 
  9 6.386545122265e+09 1.351036558162e+08 768 7235 3201 10 6 7 7 4.40147801e-04 8.05017239e-04 outputs/V3.3e24_D3000_G8/solution/solution-00009 
 10 6.503017117388e+09 1.164719951229e+08 768 7235 3201 10 6 7 7 4.98821521e-04 9.13412406e-04 outputs/V3.3e24_D3000_G8/solution/solution-00010 
 11 6.605654216838e+09 1.026370994493e+08 768 7235 3201  9 6 7 7 5.56047732e-04 1.01894373e-03 outputs/V3.3e24_D3000_G8/solution/solution-00011 
 12 6.697661260615e+09 9.200704377751e+07 768 7235 3201  9 6 7 7 6.11859285e-04 1.12207823e-03                                               "" 
 13 6.781259619327e+09 8.359835871221e+07 768 7235 3201  9 6 7 7 6.66264296e-04 1.22232022e-03 outputs/V3.3e24_D3000_G8/solution/solution-00012 
 14 6.857961594976e+09 7.670197564824e+07 768 7235 3201  9 6 7 7 7.19183192e-04 1.31933159e-03 outputs/V3.3e24_D3000_G8/solution/solution-00013 
 15 6.928987010223e+09 7.102541524731e+07 768 7235 3201  9 6 7 7 7.70588916e-04 1.41441112e-03 outputs/V3.3e24_D3000_G8/solution/solution-00014 
 16 6.995272802992e+09 6.628579276934e+07 768 7235 3201  9 6 7 7 8.20439324e-04 1.50611552e-03                                               "" 
 17 7.057554896025e+09 6.228209303241e+07 768 7235 3201  9 6 7 7 8.68679251e-04 1.59427352e-03 outputs/V3.3e24_D3000_G8/solution/solution-00015 
 18 7.116359729464e+09 5.880483343880e+07 768 7235 3201  9 6 7 7 9.15192789e-04 1.67963253e-03 outputs/V3.3e24_D3000_G8/solution/solution-00016 
 19 7.172175509536e+09 5.581578007294e+07 768 7235 3201  9 6 7 7 9.59910748e-04 1.76111227e-03                                               "" 
 20 7.225408913068e+09 5.323340353131e+07 768 7235 3201  9 6 7 7 1.00276117e-03 1.83891901e-03 outputs/V3.3e24_D3000_G8/solution/solution-00017 
 21 7.276400739248e+09 5.099182618074e+07 768 7235 3201  9 6 7 7 1.04366843e-03 1.91321912e-03                                               "" 
 22 7.325430945786e+09 4.903020653732e+07 768 7235 3201  9 6 7 7 1.08254788e-03 1.98318705e-03 outputs/V3.3e24_D3000_G8/solution/solution-00018 
 23 7.372710390326e+09 4.727944453976e+07 768 7235 3201  9 6 7 7 1.11929391e-03 2.04862148e-03                                               "" 
 24 7.418459870953e+09 4.574948062721e+07 768 7235 3201  9 6 7 7 1.15383825e-03 2.11004171e-03 outputs/V3.3e24_D3000_G8/solution/solution-00019 
 25 7.462872398569e+09 4.441252761602e+07 768 7235 3201 10 6 7 7 1.18611561e-03 2.16785140e-03                                               "" 
 26 7.506118320561e+09 4.324592199202e+07 768 7235 3201 10 6 7 7 1.21606495e-03 2.22083690e-03 outputs/V3.3e24_D3000_G8/solution/solution-00020 
 27 7.548349369999e+09 4.223104943770e+07 768 7235 3201 10 6 7 7 1.24363053e-03 2.26890240e-03                                               "" 
 28 7.589691592570e+09 4.134222257182e+07 768 7235 3201 10 6 7 7 1.26875677e-03 2.31195885e-03                                               "" 
 29 7.630244735367e+09 4.055314279688e+07 768 7235 3201 10 6 7 7 1.29138989e-03 2.35082735e-03 outputs/V3.3e24_D3000_G8/solution/solution-00021 
 30 7.670124312210e+09 3.987957684276e+07 768 7235 3201 10 6 7 7 1.31150166e-03 2.38475679e-03                                               "" 
 31 7.709436497093e+09 3.931218488340e+07 768 7235 3201 10 6 7 7 1.32907153e-03 2.41354928e-03 outputs/V3.3e24_D3000_G8/solution/solution-00022 
 32 7.748279706537e+09 3.884320944336e+07 768 7235 3201 10 6 7 7 1.34408689e-03 2.43720265e-03                                               "" 
 33 7.786745937495e+09 3.846623095831e+07 768 7235 3201 10 6 7 7 1.35654315e-03 2.45656798e-03                                               "" 
 34 7.824921912591e+09 3.817597509638e+07 768 7235 3201 10 6 7 7 1.36644373e-03 2.47101091e-03 outputs/V3.3e24_D3000_G8/solution/solution-00023 
 35 7.862890073054e+09 3.796816046263e+07 768 7235 3201 10 5 6 6 1.37379998e-03 2.48038881e-03                                               "" 
 36 7.900702750871e+09 3.781267781677e+07 768 7235 3201 10 5 6 6 1.37862845e-03 2.48476156e-03 outputs/V3.3e24_D3000_G8/solution/solution-00024 
 37 7.938436938749e+09 3.773418787779e+07 768 7235 3201 10 5 6 6 1.38096103e-03 2.48421768e-03                                               "" 
 38 7.976167814018e+09 3.773087526901e+07 768 7235 3201 10 5 6 6 1.38083647e-03 2.47886120e-03                                               "" 
 39 8.013969005981e+09 3.780119196353e+07 768 7235 3201 10 5 6 6 1.37830001e-03 2.46981841e-03 outputs/V3.3e24_D3000_G8/solution/solution-00025 
 40 8.051913218969e+09 3.794421298750e+07 768 7235 3201 10 6 7 7 1.37340289e-03 2.45659917e-03                                               "" 
 41 8.090072821068e+09 3.815960209905e+07 768 7235 3201 10 6 7 7 1.36620203e-03 2.43889253e-03                                               "" 
 42 8.128520409705e+09 3.844758863720e+07 768 7235 3201 10 6 7 7 1.35675955e-03 2.41684890e-03 outputs/V3.3e24_D3000_G8/solution/solution-00026 
 43 8.167329366729e+09 3.880895702453e+07 768 7235 3201 10 6 7 7 1.34514242e-03 2.39063050e-03                                               "" 
 44 8.206566404761e+09 3.923703803128e+07 768 7235 3201 10 6 7 7 1.33142498e-03 2.36041681e-03 outputs/V3.3e24_D3000_G8/solution/solution-00027 
 45 8.246291720069e+09 3.972531530802e+07 768 7235 3201 10 6 7 7 1.31569054e-03 2.32674923e-03                                               "" 
 46 8.286583986584e+09 4.029226651514e+07 768 7235 3201 10 6 7 7 1.29802120e-03 2.28989839e-03                                               "" 
 47 8.327524667870e+09 4.094068128623e+07 768 7235 3201  9 6 7 7 1.27850194e-03 2.25370348e-03 outputs/V3.3e24_D3000_G8/solution/solution-00028 
 48 8.369137992154e+09 4.161332428439e+07 768 7235 3201  9 6 7 7 1.25725217e-03 2.21371255e-03                                               "" 
 49 8.411511194644e+09 4.237320248945e+07 768 7235 3201  9 6 7 7 1.23436762e-03 2.18190196e-03 outputs/V3.3e24_D3000_G8/solution/solution-00029 
 50 8.454516557809e+09 4.300536316534e+07 768 7235 3201  9 6 7 7 1.21007090e-03 2.15771870e-03                                               "" 
 51 8.497991819376e+09 4.347526156623e+07 768 7235 3201  9 6 7 7 1.18462458e-03 2.13113866e-03                                               "" 
 52 8.541997369654e+09 4.400555027818e+07 768 7235 3201  9 6 7 7 1.15816875e-03 2.10234038e-03 outputs/V3.3e24_D3000_G8/solution/solution-00030 
 53 8.586593914893e+09 4.459654523882e+07 768 7235 3201  9 6 7 7 1.13083785e-03 2.07187565e-03                                               "" 
 54 8.631842769514e+09 4.524885462135e+07 768 7235 3201  9 6 7 7 1.10276039e-03 2.03966807e-03 outputs/V3.3e24_D3000_G8/solution/solution-00031 
 55 8.677806130627e+09 4.596336111350e+07 768 7235 3201  9 6 7 7 1.07405889e-03 2.00572495e-03                                               "" 
 56 8.724547335063e+09 4.674120443560e+07 768 7235 3201  9 6 7 7 1.04484983e-03 1.97020981e-03 outputs/V3.3e24_D3000_G8/solution/solution-00032 
 57 8.772131099822e+09 4.758376475943e+07 768 7235 3201  9 6 7 7 1.01524374e-03 1.93328280e-03                                               "" 
 58 8.820623746677e+09 4.849264685453e+07 768 7235 3201  9 6 7 7 9.85345291e-04 1.89510078e-03 outputs/V3.3e24_D3000_G8/solution/solution-00033 
 59 8.870093411202e+09 4.946966452506e+07 768 7235 3201  9 6 7 7 9.55253462e-04 1.85581735e-03                                               "" 
 60 8.920610236024e+09 5.051682482251e+07 768 7235 3201  9 6 7 7 9.25061716e-04 1.81558282e-03 outputs/V3.3e24_D3000_G8/solution/solution-00034 
 61 8.972246547525e+09 5.163631150060e+07 768 7235 3201  8 6 7 7 8.94858207e-04 1.77454422e-03                                               "" 
 62 9.025077014699e+09 5.283046717439e+07 768 7235 3201  8 6 7 7 8.64725986e-04 1.73284522e-03 outputs/V3.3e24_D3000_G8/solution/solution-00035 
 63 9.079178788345e+09 5.410177364509e+07 768 7235 3201  8 6 7 7 8.34743224e-04 1.69062607e-03                                               "" 
 64 9.134631618196e+09 5.545282985125e+07 768 7235 3201  8 6 7 7 8.04983417e-04 1.64802344e-03 outputs/V3.3e24_D3000_G8/solution/solution-00036 
 65 9.191517945103e+09 5.688632690765e+07 768 7235 3201  8 6 7 7 7.75515596e-04 1.60546943e-03                                               "" 
 66 9.249922964801e+09 5.840501969773e+07 768 7235 3201  8 6 7 7 7.46404510e-04 1.56290524e-03 outputs/V3.3e24_D3000_G8/solution/solution-00037 
 67 9.309934659298e+09 6.001169449658e+07 768 7235 3201  8 6 7 7 7.17710805e-04 1.52033757e-03 outputs/V3.3e24_D3000_G8/solution/solution-00038 
 68 9.371643791422e+09 6.170913212419e+07 768 7235 3201  8 6 7 7 6.89491167e-04 1.47788808e-03                                               "" 
 69 9.435143857588e+09 6.350006616577e+07 768 7235 3201  8 6 7 7 6.61798454e-04 1.43567359e-03 outputs/V3.3e24_D3000_G8/solution/solution-00039 
 70 9.500521299920e+09 6.537744233215e+07 768 7235 3201  8 6 7 7 6.34685705e-04 1.39381178e-03 outputs/V3.3e24_D3000_G8/solution/solution-00040 
 71 9.567844660005e+09 6.732336008492e+07 768 7235 3201  8 6 7 7 6.08209256e-04 1.35242609e-03                                               "" 
 72 9.637209112860e+09 6.936445285535e+07 768 7235 3201  8 6 7 7 5.82410514e-04 1.31161693e-03 outputs/V3.3e24_D3000_G8/solution/solution-00041 
 73 9.708711077325e+09 7.150196446519e+07 768 7235 3201  8 6 7 7 5.57327177e-04 1.27147840e-03 outputs/V3.3e24_D3000_G8/solution/solution-00042 
 74 9.782447831216e+09 7.373675389070e+07 768 7235 3201  8 6 7 7 5.32993229e-04 1.23209794e-03                                               "" 
 75 9.858517058590e+09 7.606922737350e+07 768 7235 3201  8 6 7 7 5.09438916e-04 1.19355615e-03 outputs/V3.3e24_D3000_G8/solution/solution-00043 
 76 9.937016326779e+09 7.849926818947e+07 768 7235 3201  8 6 7 7 4.86690718e-04 1.15592655e-03 outputs/V3.3e24_D3000_G8/solution/solution-00044 
 77 1.001804249236e+10 8.102616558237e+07 768 7235 3201  8 6 7 7 4.64771301e-04 1.12000242e-03 outputs/V3.3e24_D3000_G8/solution/solution-00045 
 78 1.010169103688e+10 8.364854451842e+07 768 7235 3201  8 6 7 7 4.43699480e-04 1.08520084e-03 outputs/V3.3e24_D3000_G8/solution/solution-00046 
 79 1.018805533503e+10 8.636429815200e+07 768 7235 3201  8 6 7 7 4.23490169e-04 1.05146958e-03                                               "" 
 80 1.027722586016e+10 8.917052513109e+07 768 7235 3201  8 6 7 7 4.04154353e-04 1.01885115e-03 outputs/V3.3e24_D3000_G8/solution/solution-00047 
 81 1.036928933423e+10 9.206347407124e+07 768 7235 3201  8 6 7 7 3.85699068e-04 9.87380701e-04 outputs/V3.3e24_D3000_G8/solution/solution-00048 
 82 1.046432783189e+10 9.503849765721e+07 768 7235 3201  8 6 7 7 3.68127407e-04 9.57086195e-04 outputs/V3.3e24_D3000_G8/solution/solution-00049 
 83 1.056238492484e+10 9.805709294647e+07 768 7235 3201  8 5 6 6 3.51443900e-04 9.27997992e-04 outputs/V3.3e24_D3000_G8/solution/solution-00050 
 84 1.066345953307e+10 1.010746082326e+08 768 7235 3201  8 5 6 6 3.35653149e-04 9.00204308e-04 outputs/V3.3e24_D3000_G8/solution/solution-00051 
 85 1.076760255834e+10 1.041430252648e+08 768 7235 3201  8 5 6 6 3.20744451e-04 8.74094580e-04 outputs/V3.3e24_D3000_G8/solution/solution-00052 
 86 1.087485639809e+10 1.072538397576e+08 768 7235 3201  8 5 6 6 3.06703504e-04 8.49201339e-04 outputs/V3.3e24_D3000_G8/solution/solution-00053 
 87 1.098525424574e+10 1.103978476426e+08 768 7235 3201  8 5 6 6 2.93512623e-04 8.25516800e-04 outputs/V3.3e24_D3000_G8/solution/solution-00054 
 88 1.109881946940e+10 1.135652236596e+08 768 7235 3201  8 5 6 6 2.81151012e-04 8.03028023e-04 outputs/V3.3e24_D3000_G8/solution/solution-00055 
 89 1.121556508390e+10 1.167456145021e+08 768 7235 3201  8 5 6 6 2.69595070e-04 7.81717430e-04 outputs/V3.3e24_D3000_G8/solution/solution-00056 
 90 1.133549332958e+10 1.199282456855e+08 768 7235 3201  8 5 6 6 2.58818738e-04 7.61681109e-04 outputs/V3.3e24_D3000_G8/solution/solution-00057 
 91 1.145859536938e+10 1.231020397969e+08 768 7235 3201  8 5 6 6 2.48793866e-04 7.43057960e-04 outputs/V3.3e24_D3000_G8/solution/solution-00058 
 92 1.158485111260e+10 1.262557432225e+08 768 7235 3201  8 5 6 6 2.39490597e-04 7.25509148e-04 outputs/V3.3e24_D3000_G8/solution/solution-00059 
 93 1.171422917070e+10 1.293780580942e+08 768 7235 3201  8 5 6 6 2.30877764e-04 7.09004140e-04 outputs/V3.3e24_D3000_G8/solution/solution-00060 
 94 1.184666299366e+10 1.324338229624e+08 768 7235 3201  8 5 6 6 2.22924636e-04 6.93513123e-04 outputs/V3.3e24_D3000_G8/solution/solution-00061 
 95 1.198200387818e+10 1.353408845249e+08 768 7235 3201  8 5 6 6 2.15603040e-04 6.79011174e-04 outputs/V3.3e24_D3000_G8/solution/solution-00062 
 96 1.212018553749e+10 1.381816593114e+08 768 7235 3201  8 5 6 6 2.08878443e-04 6.65460332e-04 outputs/V3.3e24_D3000_G8/solution/solution-00063 
 97 1.226113298013e+10 1.409474426330e+08 768 7235 3201  8 5 6 6 2.02716706e-04 6.52822204e-04 outputs/V3.3e24_D3000_G8/solution/solution-00064 
 98 1.240476314212e+10 1.436301619924e+08 768 7235 3201  8 5 6 6 1.97084374e-04 6.41058317e-04 outputs/V3.3e24_D3000_G8/solution/solution-00065 
 99 1.255098558296e+10 1.462224408368e+08 768 7235 3201  8 5 6 6 1.91948928e-04 6.30130421e-04 outputs/V3.3e24_D3000_G8/solution/solution-00066 
100 1.269970323112e+10 1.487176481615e+08 768 7235 3201  8 5 6 6 1.87278998e-04 6.20000749e-04 outputs/V3.3e24_D3000_G8/solution/solution-00067 
