# 1: Time step number
# 2: Time (years)
# 3: Time step size (years)
# 4: Number of mesh cells
# 5: Number of Stokes degrees of freedom
# 6: Number of temperature degrees of freedom
# 7: Iterations for temperature solver
# 8: Iterations for Stokes solver
# 9: Velocity iterations in Stokes preconditioner
# 10: Schur complement iterations in Stokes preconditioner
# 11: RMS velocity (m/year)
# 12: Max. velocity (m/year)
# 13: Visualization file name
  0 0.000000000000e+00 0.000000000000e+00 768 7235 3201  0 8 9 9 2.64490141e-07 4.54498007e-07 outputs/V1e25_D300_G4/solution/solution-00000 
  1 1.392571516413e+09 1.392571516413e+09 768 7235 3201 31 8 9 9 2.63448937e-07 4.46625265e-07 outputs/V1e25_D300_G4/solution/solution-00001 
  2 2.785143032825e+09 1.392571516413e+09 768 7235 3201 25 8 9 9 2.64645683e-07 4.51963178e-07 outputs/V1e25_D300_G4/solution/solution-00002 
  3 4.177714549238e+09 1.392571516413e+09 768 7235 3201 24 8 9 9 2.68356067e-07 4.61899064e-07 outputs/V1e25_D300_G4/solution/solution-00003 
  4 5.570286065650e+09 1.392571516413e+09 768 7235 3201 23 8 9 9 2.74539811e-07 4.76166929e-07 outputs/V1e25_D300_G4/solution/solution-00004 
  5 6.962857582063e+09 1.392571516413e+09 768 7235 3201 22 8 9 9 2.83122830e-07 4.94401511e-07 outputs/V1e25_D300_G4/solution/solution-00005 
  6 8.355429098476e+09 1.392571516413e+09 768 7235 3201 22 8 9 9 2.94020145e-07 5.16334413e-07 outputs/V1e25_D300_G4/solution/solution-00006 
  7 9.748000614888e+09 1.392571516413e+09 768 7235 3201 21 8 9 9 3.07172614e-07 5.41817838e-07 outputs/V1e25_D300_G4/solution/solution-00007 
  8 1.114057213130e+10 1.392571516413e+09 768 7235 3201 21 8 9 9 3.22555262e-07 5.70806355e-07 outputs/V1e25_D300_G4/solution/solution-00008 
  9 1.253314364771e+10 1.392571516413e+09 768 7235 3201 20 8 9 9 3.40176948e-07 6.03334584e-07 outputs/V1e25_D300_G4/solution/solution-00009 
 10 1.392571516413e+10 1.392571516413e+09 768 7235 3201 20 8 9 9 3.60077512e-07 6.39499586e-07 outputs/V1e25_D300_G4/solution/solution-00010 
 11 1.531828668054e+10 1.392571516413e+09 768 7235 3201 20 8 9 9 3.82324645e-07 6.79448630e-07 outputs/V1e25_D300_G4/solution/solution-00011 
 12 1.671085819695e+10 1.392571516413e+09 768 7235 3201 20 8 9 9 4.07011233e-07 7.23371149e-07 outputs/V1e25_D300_G4/solution/solution-00012 
 13 1.810342971336e+10 1.392571516413e+09 768 7235 3201 20 8 9 9 4.34253379e-07 7.71493715e-07 outputs/V1e25_D300_G4/solution/solution-00013 
 14 1.949600122978e+10 1.392571516413e+09 768 7235 3201 19 8 9 9 4.64189063e-07 8.24077101e-07 outputs/V1e25_D300_G4/solution/solution-00014 
 15 2.088857274619e+10 1.392571516413e+09 768 7235 3201 19 8 9 9 4.96977390e-07 8.81414835e-07 outputs/V1e25_D300_G4/solution/solution-00015 
 16 2.228114426260e+10 1.392571516413e+09 768 7235 3201 19 8 9 9 5.32798309e-07 9.43832816e-07 outputs/V1e25_D300_G4/solution/solution-00016 
 17 2.367371577901e+10 1.392571516413e+09 768 7235 3201 19 8 9 9 5.71852744e-07 1.01168975e-06 outputs/V1e25_D300_G4/solution/solution-00017 
 18 2.506628729543e+10 1.392571516413e+09 768 7235 3201 19 8 9 9 6.14363067e-07 1.08537819e-06 outputs/V1e25_D300_G4/solution/solution-00018 
 19 2.645885881184e+10 1.392571516413e+09 768 7235 3201 19 8 9 9 6.60573864e-07 1.16532610e-06 outputs/V1e25_D300_G4/solution/solution-00019 
 20 2.785143032825e+10 1.392571516413e+09 768 7235 3201 19 8 9 9 7.10752963e-07 1.25199885e-06 outputs/V1e25_D300_G4/solution/solution-00020 
 21 2.924400184466e+10 1.392571516413e+09 768 7235 3201 19 8 9 9 7.65192693e-07 1.34590156e-06 outputs/V1e25_D300_G4/solution/solution-00021 
 22 3.063657336108e+10 1.392571516413e+09 768 7235 3201 18 8 9 9 8.24211361e-07 1.44758184e-06 outputs/V1e25_D300_G4/solution/solution-00022 
 23 3.202914487749e+10 1.392571516413e+09 768 7235 3201 18 8 9 9 8.88154941e-07 1.55763281e-06 outputs/V1e25_D300_G4/solution/solution-00023 
 24 3.342171639390e+10 1.392571516413e+09 768 7235 3201 18 8 9 9 9.57398966e-07 1.67669649e-06 outputs/V1e25_D300_G4/solution/solution-00024 
 25 3.481428791032e+10 1.392571516413e+09 768 7235 3201 18 7 8 8 1.03235062e-06 1.80546749e-06 outputs/V1e25_D300_G4/solution/solution-00025 
 26 3.620685942673e+10 1.392571516413e+09 768 7235 3201 18 7 8 8 1.11345106e-06 1.94469704e-06 outputs/V1e25_D300_G4/solution/solution-00026 
 27 3.759943094314e+10 1.392571516413e+09 768 7235 3201 18 7 8 8 1.20117793e-06 2.09519739e-06 outputs/V1e25_D300_G4/solution/solution-00027 
 28 3.899200245955e+10 1.392571516413e+09 768 7235 3201 18 7 8 8 1.29604809e-06 2.25784654e-06 outputs/V1e25_D300_G4/solution/solution-00028 
 29 4.038457397597e+10 1.392571516413e+09 768 7235 3201 18 7 8 8 1.39862067e-06 2.43359337e-06 outputs/V1e25_D300_G4/solution/solution-00029 
 30 4.177714549238e+10 1.392571516413e+09 768 7235 3201 18 7 8 8 1.50950023e-06 2.62346324e-06 outputs/V1e25_D300_G4/solution/solution-00030 
 31 4.316971700879e+10 1.392571516413e+09 768 7235 3201 18 7 8 8 1.62934034e-06 2.82856393e-06 outputs/V1e25_D300_G4/solution/solution-00031 
 32 4.456228852520e+10 1.392571516413e+09 768 7235 3201 18 7 8 8 1.75884733e-06 3.05009212e-06 outputs/V1e25_D300_G4/solution/solution-00032 
 33 4.595486004162e+10 1.392571516413e+09 768 7235 3201 18 7 8 8 1.89878442e-06 3.28934038e-06 outputs/V1e25_D300_G4/solution/solution-00033 
 34 4.734743155803e+10 1.392571516413e+09 768 7235 3201 18 7 8 8 2.04997614e-06 3.54770464e-06 outputs/V1e25_D300_G4/solution/solution-00034 
 35 4.874000307444e+10 1.392571516413e+09 768 7235 3201 18 7 8 8 2.21331306e-06 3.82669231e-06 outputs/V1e25_D300_G4/solution/solution-00035 
 36 5.013257459085e+10 1.392571516413e+09 768 7235 3201 18 7 8 8 2.38975700e-06 4.12793094e-06 outputs/V1e25_D300_G4/solution/solution-00036 
 37 5.152514610727e+10 1.392571516413e+09 768 7235 3201 18 7 8 8 2.58034650e-06 4.45317762e-06 outputs/V1e25_D300_G4/solution/solution-00037 
 38 5.291771762368e+10 1.392571516413e+09 768 7235 3201 18 7 8 8 2.78620281e-06 4.80432900e-06 outputs/V1e25_D300_G4/solution/solution-00038 
 39 5.431028914009e+10 1.392571516413e+09 768 7235 3201 18 6 7 7 3.00853627e-06 5.18343208e-06 outputs/V1e25_D300_G4/solution/solution-00039 
 40 5.570286065650e+10 1.392571516413e+09 768 7235 3201 18 6 7 7 3.24865315e-06 5.59269584e-06 outputs/V1e25_D300_G4/solution/solution-00040 
 41 5.709543217292e+10 1.392571516413e+09 768 7235 3201 18 6 7 7 3.50796304e-06 6.03450357e-06 outputs/V1e25_D300_G4/solution/solution-00041 
 42 5.848800368933e+10 1.392571516413e+09 768 7235 3201 18 6 7 7 3.78798669e-06 6.51142622e-06 outputs/V1e25_D300_G4/solution/solution-00042 
 43 5.988057520574e+10 1.392571516413e+09 768 7235 3201 18 6 7 7 4.09036447e-06 7.02623652e-06 outputs/V1e25_D300_G4/solution/solution-00043 
 44 6.127314672215e+10 1.392571516413e+09 768 7235 3201 18 6 7 7 4.41686527e-06 7.58192416e-06 outputs/V1e25_D300_G4/solution/solution-00044 
 45 6.266571823857e+10 1.392571516413e+09 768 7235 3201 18 6 7 7 4.76939611e-06 8.18171181e-06 outputs/V1e25_D300_G4/solution/solution-00045 
 46 6.405828975498e+10 1.392571516413e+09 768 7235 3201 18 6 7 7 5.15001224e-06 8.82907220e-06 outputs/V1e25_D300_G4/solution/solution-00046 
 47 6.545086127139e+10 1.392571516413e+09 768 7235 3201 18 6 7 7 5.56092785e-06 9.52774617e-06 outputs/V1e25_D300_G4/solution/solution-00047 
 48 6.684343278781e+10 1.392571516413e+09 768 7235 3201 18 6 7 7 6.00452737e-06 1.02817617e-05 outputs/V1e25_D300_G4/solution/solution-00048 
 49 6.823600430422e+10 1.392571516413e+09 768 7235 3201 18 6 7 7 6.48337729e-06 1.10954536e-05 outputs/V1e25_D300_G4/solution/solution-00049 
 50 6.962857582063e+10 1.392571516413e+09 768 7235 3201 18 6 7 7 7.00023847e-06 1.19734845e-05 outputs/V1e25_D300_G4/solution/solution-00050 
 51 7.102114733704e+10 1.392571516413e+09 768 7235 3201 18 6 7 7 7.55807892e-06 1.29208662e-05 outputs/V1e25_D300_G4/solution/solution-00051 
 52 7.241371885346e+10 1.392571516413e+09 768 7235 3201 18 6 7 7 8.16008680e-06 1.39429815e-05 outputs/V1e25_D300_G4/solution/solution-00052 
 53 7.380629036987e+10 1.392571516413e+09 768 7235 3201 18 6 7 7 8.80968369e-06 1.50456064e-05 outputs/V1e25_D300_G4/solution/solution-00053 
 54 7.519886188628e+10 1.392571516413e+09 768 7235 3201 18 6 7 7 9.51053772e-06 1.62349323e-05 outputs/V1e25_D300_G4/solution/solution-00054 
 55 7.659143340269e+10 1.392571516413e+09 768 7235 3201 18 6 7 7 1.02665764e-05 1.75175876e-05 outputs/V1e25_D300_G4/solution/solution-00055 
 56 7.798400491911e+10 1.392571516413e+09 768 7235 3201 18 6 7 7 1.10819988e-05 1.89006576e-05 outputs/V1e25_D300_G4/solution/solution-00056 
 57 7.937657643552e+10 1.392571516413e+09 768 7235 3201 18 6 7 7 1.19612864e-05 2.03917032e-05 outputs/V1e25_D300_G4/solution/solution-00057 
 58 8.076914795193e+10 1.392571516413e+09 768 7235 3201 18 6 7 7 1.29092123e-05 2.19987762e-05 outputs/V1e25_D300_G4/solution/solution-00058 
 59 8.216171946834e+10 1.392571516413e+09 768 7235 3201 18 6 7 7 1.39308478e-05 2.37304298e-05 outputs/V1e25_D300_G4/solution/solution-00059 
 60 8.355429098476e+10 1.392571516413e+09 768 7235 3201 18 6 7 7 1.50315653e-05 2.55957239e-05 outputs/V1e25_D300_G4/solution/solution-00060 
 61 8.494686250117e+10 1.392571516413e+09 768 7235 3201 18 6 7 7 1.62170367e-05 2.76042218e-05 outputs/V1e25_D300_G4/solution/solution-00061 
 62 8.633943401758e+10 1.392571516413e+09 768 7235 3201 18 6 7 7 1.74932247e-05 2.97659756e-05 outputs/V1e25_D300_G4/solution/solution-00062 
 63 8.773200553399e+10 1.392571516413e+09 768 7235 3201 18 6 7 7 1.88663671e-05 3.20914993e-05 outputs/V1e25_D300_G4/solution/solution-00063 
 64 8.912457705041e+10 1.392571516413e+09 768 7235 3201 18 6 7 7 2.03429489e-05 3.45917222e-05 outputs/V1e25_D300_G4/solution/solution-00064 
 65 9.051714856682e+10 1.392571516413e+09 768 7235 3201 18 6 7 7 2.19296626e-05 3.72779214e-05 outputs/V1e25_D300_G4/solution/solution-00065 
 66 9.190972008323e+10 1.392571516413e+09 768 7235 3201 19 6 7 7 2.36333509e-05 4.01616253e-05 outputs/V1e25_D300_G4/solution/solution-00066 
 67 9.330229159964e+10 1.392571516413e+09 768 7235 3201 19 6 7 7 2.54609292e-05 4.32544829e-05 outputs/V1e25_D300_G4/solution/solution-00067 
 68 9.469486311606e+10 1.392571516413e+09 768 7235 3201 19 6 7 7 2.74192830e-05 4.65680909e-05 outputs/V1e25_D300_G4/solution/solution-00068 
 69 9.608743463247e+10 1.392571516413e+09 768 7235 3201 19 6 7 7 2.95151353e-05 5.01137708e-05 outputs/V1e25_D300_G4/solution/solution-00069 
 70 9.748000614888e+10 1.392571516413e+09 768 7235 3201 19 6 7 7 3.17548792e-05 5.39024612e-05 outputs/V1e25_D300_G4/solution/solution-00070 
 71 9.887257766530e+10 1.392571516413e+09 768 7235 3201 19 6 7 7 3.41443687e-05 5.79450814e-05 outputs/V1e25_D300_G4/solution/solution-00071 
 72 1.002651491817e+11 1.392571516413e+09 768 7235 3201 19 6 7 7 3.66886631e-05 6.22491505e-05 outputs/V1e25_D300_G4/solution/solution-00072 
 73 1.016577206981e+11 1.392571516413e+09 768 7235 3201 19 6 7 7 3.93917212e-05 6.68213483e-05 outputs/V1e25_D300_G4/solution/solution-00073 
 74 1.030502922145e+11 1.392571516413e+09 768 7235 3201 19 6 7 7 4.22560394e-05 7.16658858e-05 outputs/V1e25_D300_G4/solution/solution-00074 
 75 1.043585824661e+11 1.308290251542e+09 768 7235 3201 19 6 7 7 4.50955855e-05 7.64681558e-05 outputs/V1e25_D300_G4/solution/solution-00075 
 76 1.055847419640e+11 1.226159497963e+09 768 7235 3201 18 6 7 7 4.78871583e-05 8.11889806e-05 outputs/V1e25_D300_G4/solution/solution-00076 
 77 1.067396331480e+11 1.154891184006e+09 768 7235 3201 18 6 7 7 5.06294240e-05 8.58261452e-05 outputs/V1e25_D300_G4/solution/solution-00077 
 78 1.078321514887e+11 1.092518340694e+09 768 7235 3201 17 6 7 7 5.33207941e-05 9.03769867e-05 outputs/V1e25_D300_G4/solution/solution-00078 
 79 1.088696806998e+11 1.037529211088e+09 768 7235 3201 17 6 7 7 5.59596530e-05 9.48387820e-05 outputs/V1e25_D300_G4/solution/solution-00079 
 80 1.098584199223e+11 9.887392224896e+08 768 7235 3201 16 6 7 7 5.85444373e-05 9.92088833e-05 outputs/V1e25_D300_G4/solution/solution-00080 
 81 1.108036258418e+11 9.452059194575e+08 768 7235 3201 16 6 7 7 6.10736663e-05 1.03484770e-04 outputs/V1e25_D300_G4/solution/solution-00081 
 82 1.117097956101e+11 9.061697683454e+08 768 7235 3201 15 5 6 6 6.35459539e-05 1.07664072e-04 outputs/V1e25_D300_G4/solution/solution-00082 
 83 1.125808073296e+11 8.710117195132e+08 768 7235 3201 15 5 6 6 6.59600164e-05 1.11744578e-04 outputs/V1e25_D300_G4/solution/solution-00083 
 84 1.134200294499e+11 8.392221202701e+08 768 7235 3201 15 5 6 6 6.83146762e-05 1.15724251e-04 outputs/V1e25_D300_G4/solution/solution-00084 
 85 1.142304070062e+11 8.103775563280e+08 768 7235 3201 15 5 6 6 7.06088647e-05 1.19601226e-04 outputs/V1e25_D300_G4/solution/solution-00085 
 86 1.150145303458e+11 7.841233395757e+08 768 7235 3201 14 5 6 6 7.28416251e-05 1.23373821e-04 outputs/V1e25_D300_G4/solution/solution-00086 
 87 1.157746904464e+11 7.601601005585e+08 768 7235 3201 14 5 6 6 7.50121135e-05 1.27040537e-04 outputs/V1e25_D300_G4/solution/solution-00087 
 88 1.165129238483e+11 7.382334019516e+08 768 7235 3201 14 5 6 6 7.71196002e-05 1.30600065e-04 outputs/V1e25_D300_G4/solution/solution-00088 
 89 1.172310494557e+11 7.181256073861e+08 768 7235 3201 13 5 6 6 7.91634700e-05 1.34051283e-04 outputs/V1e25_D300_G4/solution/solution-00089 
 90 1.179306989096e+11 6.996494538853e+08 768 7235 3201 13 5 6 6 8.11432218e-05 1.37393260e-04 outputs/V1e25_D300_G4/solution/solution-00090 
 91 1.186133418349e+11 6.826429252772e+08 768 7235 3201 13 5 6 6 8.30584686e-05 1.40625256e-04 outputs/V1e25_D300_G4/solution/solution-00091 
 92 1.192803069640e+11 6.669651291714e+08 768 7235 3201 13 5 6 6 8.49089364e-05 1.43746722e-04 outputs/V1e25_D300_G4/solution/solution-00092 
 93 1.199327999194e+11 6.524929553470e+08 768 7235 3201 13 5 6 6 8.66944624e-05 1.46757296e-04 outputs/V1e25_D300_G4/solution/solution-00093 
 94 1.205719182673e+11 6.391183478857e+08 768 7235 3201 13 5 6 6 8.84149939e-05 1.49656807e-04 outputs/V1e25_D300_G4/solution/solution-00094 
 95 1.211986643306e+11 6.267460632866e+08 768 7235 3201 13 5 6 6 9.00705856e-05 1.52445267e-04 outputs/V1e25_D300_G4/solution/solution-00095 
 96 1.218139561469e+11 6.152918163263e+08 768 7235 3201 12 5 6 6 9.16613977e-05 1.55122870e-04 outputs/V1e25_D300_G4/solution/solution-00096 
 97 1.224186291775e+11 6.046730305952e+08 768 7235 3201 12 5 6 6 9.31876738e-05 1.57689958e-04 outputs/V1e25_D300_G4/solution/solution-00097 
 98 1.230134502018e+11 5.948210243687e+08 768 7235 3201 12 5 6 6 9.46497547e-05 1.60147045e-04 outputs/V1e25_D300_G4/solution/solution-00098 
 99 1.235991369543e+11 5.856867524368e+08 768 7235 3201 12 5 6 6 9.60481058e-05 1.62494860e-04 outputs/V1e25_D300_G4/solution/solution-00099 
100 1.241763534699e+11 5.772165156285e+08 768 7235 3201 12 5 6 6 9.73832858e-05 1.64734298e-04 outputs/V1e25_D300_G4/solution/solution-00100 
