# 1: Time step number
# 2: Time (years)
# 3: Time step size (years)
# 4: Number of mesh cells
# 5: Number of Stokes degrees of freedom
# 6: Number of temperature degrees of freedom
# 7: Iterations for temperature solver
# 8: Iterations for Stokes solver
# 9: Velocity iterations in Stokes preconditioner
# 10: Schur complement iterations in Stokes preconditioner
# 11: RMS velocity (m/year)
# 12: Max. velocity (m/year)
# 13: Visualization file name
  0 0.000000000000e+00 0.000000000000e+00 768 7235 3201  0 8 9 9 8.05511723e-06 1.69713736e-05 outputs/V1e24_D3000_G12/solution/solution-00000 
  1 1.392571516413e+09 1.392571516413e+09 768 7235 3201 31 8 9 9 8.85460821e-05 1.52429208e-04 outputs/V1e24_D3000_G12/solution/solution-00001 
  2 2.007611124025e+09 6.150396076126e+08 768 7235 3201 20 8 9 9 5.22222959e-04 9.09880222e-04 outputs/V1e24_D3000_G12/solution/solution-00002 
  3 2.110646664024e+09 1.030355399985e+08 768 7235 3201 12 8 9 9 9.23176604e-04 1.61255908e-03 outputs/V1e24_D3000_G12/solution/solution-00003 
  4 2.168784068964e+09 5.813740494054e+07 768 7235 3201 12 7 8 8 1.33921120e-03 2.34288040e-03                                              "" 
  5 2.208807577573e+09 4.002350860885e+07 768 7235 3201 12 7 8 8 1.75357866e-03 3.07120433e-03 outputs/V1e24_D3000_G12/solution/solution-00004 
  6 2.239348901818e+09 3.054132424493e+07 768 7235 3201 12 7 8 8 2.16137904e-03 3.78839962e-03                                              "" 
  7 2.264101410765e+09 2.475250894740e+07 768 7235 3201 12 6 7 7 2.56071851e-03 4.49082379e-03                                              "" 
  8 2.284976357597e+09 2.087494683120e+07 768 7235 3201 12 6 7 7 2.95100343e-03 5.17715153e-03                                              "" 
  9 2.303078735617e+09 1.810237801990e+07 768 7235 3201 13 6 7 7 3.33193267e-03 5.84874533e-03 outputs/V1e24_D3000_G12/solution/solution-00005 
 10 2.319103719858e+09 1.602498424095e+07 768 7235 3201 13 6 7 7 3.70325479e-03 6.50463152e-03                                              "" 
 11 2.333516986496e+09 1.441326663799e+07 768 7235 3201 13 6 7 7 4.06469441e-03 7.14299742e-03                                              "" 
 12 2.346645922997e+09 1.312893650164e+07 768 7235 3201 13 6 7 7 4.41593795e-03 7.76305864e-03                                              "" 
 13 2.358728067414e+09 1.208214441717e+07 768 7235 3201 13 6 7 7 4.75659222e-03 8.36390520e-03                                              "" 
 14 2.369938312143e+09 1.121024472909e+07 768 7235 3201 13 6 7 7 5.08612330e-03 8.94643734e-03 outputs/V1e24_D3000_G12/solution/solution-00006 
 15 2.380417343790e+09 1.047903164630e+07 768 7235 3201 13 6 7 7 5.40417247e-03 9.50919077e-03                                              "" 
 16 2.390276226876e+09 9.858883086469e+06 768 7235 3201 13 6 7 7 5.71037670e-03 1.00503038e-02                                              "" 
 17 2.399604303142e+09 9.328076266098e+06 768 7235 3201 13 6 7 7 6.00437637e-03 1.05689513e-02                                              "" 
 18 2.408474625031e+09 8.870321888291e+06 768 7235 3201 13 6 7 7 6.28582127e-03 1.10666617e-02 outputs/V1e24_D3000_G12/solution/solution-00007 
 19 2.416947794808e+09 8.473169777805e+06 768 7235 3201 13 6 7 7 6.55437543e-03 1.15419925e-02                                              "" 
 20 2.425074741124e+09 8.126946315229e+06 768 7235 3201 13 6 7 7 6.80972115e-03 1.19928423e-02                                              "" 
 21 2.432894631927e+09 7.819890803496e+06 768 7235 3201 13 6 7 7 7.05143598e-03 1.24182871e-02                                              "" 
 22 2.440444622374e+09 7.549990447021e+06 768 7235 3201 13 6 7 7 7.27925642e-03 1.28176958e-02                                              "" 
 23 2.447757436725e+09 7.312814350544e+06 768 7235 3201 13 6 7 7 7.49296414e-03 1.31905288e-02 outputs/V1e24_D3000_G12/solution/solution-00008 
 24 2.454861715161e+09 7.104278435959e+06 768 7235 3201 13 6 7 7 7.69236884e-03 1.35421932e-02                                              "" 
 25 2.461782749707e+09 6.921034546870e+06 768 7235 3201 13 6 7 7 7.87730935e-03 1.38676580e-02                                              "" 
 26 2.468543069035e+09 6.760319327251e+06 768 7235 3201 13 6 7 7 8.04765432e-03 1.41654967e-02                                              "" 
 27 2.475162908716e+09 6.619839681414e+06 768 7235 3201 13 6 7 7 8.20330252e-03 1.44353742e-02                                              "" 
 28 2.481660593665e+09 6.497684948904e+06 768 7235 3201 13 6 7 7 8.34418289e-03 1.46770258e-02 outputs/V1e24_D3000_G12/solution/solution-00009 
 29 2.488050504763e+09 6.389911097987e+06 768 7235 3201 14 6 7 7 8.47021044e-03 1.48901849e-02                                              "" 
 30 2.494347023374e+09 6.296518611224e+06 768 7235 3201 14 6 7 7 8.58137166e-03 1.50782375e-02                                              "" 
 31 2.500564593572e+09 6.217570197287e+06 768 7235 3201 14 6 7 7 8.67770884e-03 1.52387030e-02 outputs/V1e24_D3000_G12/solution/solution-00010 
 32 2.506716691936e+09 6.152098363961e+06 768 7235 3201 14 6 7 7 8.75929137e-03 1.53706147e-02                                              "" 
 33 2.512815992576e+09 6.099300640195e+06 768 7235 3201 14 5 6 6 8.82621461e-03 1.54740824e-02                                              "" 
 34 2.518874510156e+09 6.058517580389e+06 768 7235 3201 14 5 6 6 8.87859854e-03 1.55492868e-02                                              "" 
 35 2.524903725580e+09 6.029215424260e+06 768 7235 3201 14 5 6 6 8.91658653e-03 1.56007636e-02                                              "" 
 36 2.530914697787e+09 6.010972206803e+06 768 7235 3201 14 5 6 6 8.94034383e-03 1.56246743e-02 outputs/V1e24_D3000_G12/solution/solution-00011 
 37 2.536918164905e+09 6.003467117829e+06 768 7235 3201 14 5 6 6 8.95005609e-03 1.56211621e-02                                              "" 
 38 2.542921743544e+09 6.003578638554e+06 768 7235 3201 14 5 6 6 8.94593323e-03 1.55906659e-02                                              "" 
 39 2.548935652555e+09 6.013909011861e+06 768 7235 3201 14 5 6 6 8.92821729e-03 1.55337049e-02                                              "" 
 40 2.554970224924e+09 6.034572368371e+06 768 7235 3201 14 5 6 6 8.89716281e-03 1.54508508e-02                                              "" 
 41 2.561035791323e+09 6.065566399356e+06 768 7235 3201 14 6 7 7 8.85303259e-03 1.53469345e-02 outputs/V1e24_D3000_G12/solution/solution-00012 
 42 2.567142762261e+09 6.106970937403e+06 768 7235 3201 14 6 7 7 8.79610433e-03 1.52248627e-02                                              "" 
 43 2.573300453251e+09 6.157690990776e+06 768 7235 3201 14 6 7 7 8.72668744e-03 1.50880452e-02                                              "" 
 44 2.579513981814e+09 6.213528563137e+06 768 7235 3201 14 6 7 7 8.64517298e-03 1.49248853e-02                                              "" 
 45 2.585795437105e+09 6.281455290398e+06 768 7235 3201 14 6 7 7 8.55189505e-03 1.47362898e-02                                              "" 
 46 2.592157282677e+09 6.361845571653e+06 768 7235 3201 14 6 7 7 8.44718353e-03 1.45272625e-02 outputs/V1e24_D3000_G12/solution/solution-00013 
 47 2.598612462231e+09 6.455179554394e+06 768 7235 3201 14 6 7 7 8.33136335e-03 1.42955789e-02                                              "" 
 48 2.605173144517e+09 6.560682285750e+06 768 7235 3201 14 6 7 7 8.20478185e-03 1.40411401e-02 outputs/V1e24_D3000_G12/solution/solution-00014 
 49 2.611850648451e+09 6.677503934377e+06 768 7235 3201 14 6 7 7 8.06782198e-03 1.37651253e-02                                              "" 
 50 2.618660022256e+09 6.809373805185e+06 768 7235 3201 14 6 7 7 7.92081107e-03 1.34720611e-02                                              "" 
 51 2.625617309957e+09 6.957287700664e+06 768 7235 3201 14 6 7 7 7.76407294e-03 1.31638285e-02                                              "" 
 52 2.632739731306e+09 7.122421349435e+06 768 7235 3201 14 6 7 7 7.59792775e-03 1.28366324e-02                                              "" 
 53 2.640045799655e+09 7.306068349151e+06 768 7235 3201 14 6 7 7 7.42269566e-03 1.24920391e-02 outputs/V1e24_D3000_G12/solution/solution-00015 
 54 2.647550579243e+09 7.504779587676e+06 768 7235 3201 14 6 7 7 7.23882100e-03 1.21353261e-02                                              "" 
 55 2.655275958800e+09 7.725379557123e+06 768 7235 3201 14 6 7 7 7.04663169e-03 1.19742458e-02                                              "" 
 56 2.663105261905e+09 7.829303104925e+06 768 7235 3201 13 6 7 7 6.84999304e-03 1.18052329e-02                                              "" 
 57 2.671046655406e+09 7.941393500622e+06 768 7235 3201 13 6 7 7 6.64971012e-03 1.16246708e-02                                              "" 
 58 2.679111399908e+09 8.064744502060e+06 768 7235 3201 13 6 7 7 6.44647998e-03 1.14332600e-02 outputs/V1e24_D3000_G12/solution/solution-00016 
 59 2.687311160944e+09 8.199761035865e+06 768 7235 3201 13 6 7 7 6.24095934e-03 1.12316977e-02                                              "" 
 60 2.695658073624e+09 8.346912680532e+06 768 7235 3201 13 6 7 7 6.03376655e-03 1.10206780e-02                                              "" 
 61 2.704164809773e+09 8.506736148996e+06 768 7235 3201 13 6 7 7 5.82548410e-03 1.08008933e-02 outputs/V1e24_D3000_G12/solution/solution-00017 
 62 2.712844647428e+09 8.679837654661e+06 768 7235 3201 13 6 7 7 5.61666216e-03 1.05742642e-02                                              "" 
 63 2.721711541451e+09 8.866894022842e+06 768 7235 3201 13 6 7 7 5.40782026e-03 1.03413096e-02                                              "" 
 64 2.730780199260e+09 9.068657808880e+06 768 7235 3201 13 6 7 7 5.19944940e-03 1.01015019e-02                                              "" 
 65 2.740066161517e+09 9.285962257170e+06 768 7235 3201 12 6 7 7 4.99201424e-03 9.85554548e-03                                              "" 
 66 2.749585888119e+09 9.519726602443e+06 768 7235 3201 12 6 7 7 4.78595514e-03 9.60414451e-03 outputs/V1e24_D3000_G12/solution/solution-00018 
 67 2.759356849995e+09 9.770961875984e+06 768 7235 3201 12 6 7 7 4.58169012e-03 9.34800206e-03                                              "" 
 68 2.769397627244e+09 1.004077724826e+07 768 7235 3201 12 6 7 7 4.37961664e-03 9.08781941e-03                                              "" 
 69 2.779724580798e+09 1.032695355479e+07 768 7235 3201 12 6 7 7 4.18017788e-03 8.82438194e-03                                              "" 
 70 2.790357860375e+09 1.063327957670e+07 768 7235 3201 12 6 7 7 3.98374342e-03 8.55840359e-03                                              "" 
 71 2.801319524953e+09 1.096166457834e+07 768 7235 3201 12 6 7 7 3.79065496e-03 8.29057940e-03 outputs/V1e24_D3000_G12/solution/solution-00019 
 72 2.812633089463e+09 1.131356451012e+07 768 7235 3201 12 6 7 7 3.60123893e-03 8.02159927e-03                                              "" 
 73 2.824323638930e+09 1.169054946697e+07 768 7235 3201 11 6 7 7 3.41580729e-03 7.75214679e-03                                              "" 
 74 2.836417947013e+09 1.209430808233e+07 768 7235 3201 11 6 7 7 3.23465819e-03 7.48289765e-03                                              "" 
 75 2.848944598598e+09 1.252665158502e+07 768 7235 3201 11 6 7 7 3.05807628e-03 7.21451762e-03                                              "" 
 76 2.861934115894e+09 1.298951729621e+07 768 7235 3201 11 6 7 7 2.88633285e-03 6.94766022e-03 outputs/V1e24_D3000_G12/solution/solution-00020 
 77 2.875419087055e+09 1.348497116065e+07 768 7235 3201 11 6 7 7 2.71968558e-03 6.68338248e-03                                              "" 
 78 2.889434295802e+09 1.401520874726e+07 768 7235 3201 11 6 7 7 2.55837808e-03 6.42541499e-03                                              "" 
 79 2.904016849847e+09 1.458255404477e+07 768 7235 3201 11 6 7 7 2.40263902e-03 6.17080238e-03 outputs/V1e24_D3000_G12/solution/solution-00021 
 80 2.919206305171e+09 1.518945532457e+07 768 7235 3201 11 6 7 7 2.25268098e-03 5.92011968e-03                                              "" 
 81 2.935044782506e+09 1.583847733482e+07 768 7235 3201 11 6 7 7 2.10869893e-03 5.67391492e-03                                              "" 
 82 2.951577071616e+09 1.653228910968e+07 768 7235 3201 11 6 7 7 1.97086835e-03 5.43270684e-03                                              "" 
 83 2.968850718339e+09 1.727364672335e+07 768 7235 3201 10 6 7 7 1.83934298e-03 5.19698239e-03                                              "" 
 84 2.986898908387e+09 1.804819004772e+07 768 7235 3201 10 6 7 7 1.71436471e-03 4.96811561e-03 outputs/V1e24_D3000_G12/solution/solution-00022 
 85 3.005769242215e+09 1.887033382822e+07 768 7235 3201 10 6 7 7 1.59603570e-03 4.74828459e-03 outputs/V1e24_D3000_G12/solution/solution-00023 
 86 3.025513214628e+09 1.974397241291e+07 768 7235 3201 10 6 7 7 1.48441283e-03 4.53529106e-03                                              "" 
 87 3.046184434793e+09 2.067122016482e+07 768 7235 3201 10 6 7 7 1.37951750e-03 4.32944673e-03                                              "" 
 88 3.067838471874e+09 2.165403708153e+07 768 7235 3201 10 6 7 7 1.28133246e-03 4.13377287e-03                                              "" 
 89 3.090532652626e+09 2.269418075217e+07 768 7235 3201 10 6 7 7 1.18979884e-03 3.94624131e-03                                              "" 
 90 3.114310904011e+09 2.377825138445e+07 768 7235 3201 10 6 7 7 1.10486331e-03 3.76642935e-03 outputs/V1e24_D3000_G12/solution/solution-00024 
 91 3.139205969815e+09 2.489506580362e+07 768 7235 3201  9 6 7 7 1.02643917e-03 3.59458951e-03                                              "" 
 92 3.165271283052e+09 2.606531323747e+07 768 7235 3201  9 6 7 7 9.54307075e-04 3.43375308e-03                                              "" 
 93 3.192560028143e+09 2.728874509090e+07 768 7235 3201  9 6 7 7 8.88205024e-04 3.28302954e-03                                              "" 
 94 3.221124748648e+09 2.856472050480e+07 768 7235 3201  9 6 7 7 8.27831907e-04 3.13982711e-03 outputs/V1e24_D3000_G12/solution/solution-00025 
 95 3.251016958372e+09 2.989220972440e+07 768 7235 3201  9 6 7 7 7.72853211e-04 3.00402619e-03                                              "" 
 96 3.282229409493e+09 3.121245112090e+07 768 7235 3201  9 6 7 7 7.22992633e-04 2.87831700e-03                                              "" 
 97 3.314800526541e+09 3.257111704799e+07 768 7235 3201  8 6 7 7 6.77851297e-04 2.76003112e-03 outputs/V1e24_D3000_G12/solution/solution-00026 
 98 3.348767534813e+09 3.396700827223e+07 768 7235 3201  8 6 7 7 6.37025194e-04 2.64851350e-03                                              "" 
 99 3.384164749153e+09 3.539721433933e+07 768 7235 3201  8 5 6 6 6.00117349e-04 2.54608295e-03                                              "" 
100 3.421023262910e+09 3.685851375708e+07 768 7235 3201  8 5 6 6 5.66746907e-04 2.44982838e-03 outputs/V1e24_D3000_G12/solution/solution-00027 
