# 1: Time step number
# 2: Time (years)
# 3: Time step size (years)
# 4: Number of mesh cells
# 5: Number of Stokes degrees of freedom
# 6: Number of temperature degrees of freedom
# 7: Iterations for temperature solver
# 8: Iterations for Stokes solver
# 9: Velocity iterations in Stokes preconditioner
# 10: Schur complement iterations in Stokes preconditioner
# 11: RMS velocity (m/year)
# 12: Max. velocity (m/year)
# 13: Visualization file name
  0 0.000000000000e+00 0.000000000000e+00 768 7235 3201  0 8 9 9 5.28980281e-06 9.08996013e-06 outputs/V1e24_D300_G8/solution/solution-00000 
  1 1.392571516413e+09 1.392571516413e+09 768 7235 3201 31 8 9 9 1.01999990e-05 1.81396292e-05 outputs/V1e24_D300_G8/solution/solution-00001 
  2 2.785143032825e+09 1.392571516413e+09 768 7235 3201 25 8 9 9 2.39373650e-05 4.48210939e-05 outputs/V1e24_D300_G8/solution/solution-00002 
  3 4.177714549238e+09 1.392571516413e+09 768 7235 3201 25 8 9 9 6.41382133e-05 1.23704067e-04 outputs/V1e24_D300_G8/solution/solution-00003 
  4 4.935955022440e+09 7.582404732022e+08 768 7235 3201 19 8 9 9 1.23299398e-04 2.40206824e-04 outputs/V1e24_D300_G8/solution/solution-00004 
  5 5.326149568306e+09 3.901945458659e+08 768 7235 3201 14 8 9 9 1.82881889e-04 3.57879571e-04 outputs/V1e24_D300_G8/solution/solution-00005 
  6 5.588109198399e+09 2.619596300932e+08 768 7235 3201 12 7 8 8 2.43941101e-04 4.78608644e-04 outputs/V1e24_D300_G8/solution/solution-00006 
  7 5.784040644425e+09 1.959314460261e+08 768 7235 3201 11 7 8 8 3.05952805e-04 6.01052562e-04 outputs/V1e24_D300_G8/solution/solution-00007 
  8 5.939954379668e+09 1.559137352430e+08 768 7235 3201 10 7 8 8 3.68645524e-04 7.25271804e-04 outputs/V1e24_D300_G8/solution/solution-00008 
  9 6.069234247236e+09 1.292798675678e+08 768 7235 3201 10 6 7 7 4.31974265e-04 8.50561555e-04 outputs/V1e24_D300_G8/solution/solution-00009 
 10 6.179457777839e+09 1.102235306030e+08 768 7235 3201 10 6 7 7 4.95887720e-04 9.76919370e-04 outputs/V1e24_D300_G8/solution/solution-00010 
 11 6.275407820455e+09 9.595004261602e+07 768 7235 3201 10 6 7 7 5.60362810e-04 1.10438649e-03 outputs/V1e24_D300_G8/solution/solution-00011 
 12 6.360327992940e+09 8.492017248535e+07 768 7235 3201  9 6 7 7 6.25400162e-04 1.23236110e-03 outputs/V1e24_D300_G8/solution/solution-00012 
 13 6.436401474912e+09 7.607348197196e+07 768 7235 3201  9 6 7 7 6.90894500e-04 1.36052766e-03 outputs/V1e24_D300_G8/solution/solution-00013 
 14 6.505330241498e+09 6.892876658527e+07 768 7235 3201  9 6 7 7 7.56809763e-04 1.48850618e-03 outputs/V1e24_D300_G8/solution/solution-00014 
 15 6.568310823254e+09 6.298058175646e+07 768 7235 3201 10 6 7 7 8.22987172e-04 1.61575902e-03                                            "" 
 16 6.626326464515e+09 5.801564126052e+07 768 7235 3201 10 6 7 7 8.89295936e-04 1.74214145e-03 outputs/V1e24_D300_G8/solution/solution-00015 
 17 6.680169088740e+09 5.384262422518e+07 768 7235 3201 10 6 7 7 9.55589823e-04 1.86647651e-03                                            "" 
 18 6.730397419691e+09 5.022833095129e+07 768 7235 3201 10 6 7 7 1.02158301e-03 1.98809319e-03 outputs/V1e24_D300_G8/solution/solution-00016 
 19 6.777553156804e+09 4.715573711324e+07 768 7235 3201 10 6 7 7 1.08707445e-03 2.10670796e-03                                            "" 
 20 6.822079295732e+09 4.452613892766e+07 768 7235 3201 10 6 7 7 1.15182506e-03 2.22130609e-03 outputs/V1e24_D300_G8/solution/solution-00017 
 21 6.864300344873e+09 4.222104914139e+07 768 7235 3201 10 6 7 7 1.21549605e-03 2.33054439e-03                                            "" 
 22 6.904517721069e+09 4.021737619537e+07 768 7235 3201 10 6 7 7 1.27776910e-03 2.43442326e-03 outputs/V1e24_D300_G8/solution/solution-00018 
 23 6.943006381445e+09 3.848866037682e+07 768 7235 3201 10 6 7 7 1.33833662e-03 2.53393027e-03                                            "" 
 24 6.980001930547e+09 3.699554910200e+07 768 7235 3201 11 6 7 7 1.39687514e-03 2.66948543e-03                                            "" 
 25 7.015131090092e+09 3.512915954405e+07 768 7235 3201 11 6 7 7 1.45215308e-03 2.80481664e-03 outputs/V1e24_D300_G8/solution/solution-00019 
 26 7.048578710226e+09 3.344762013417e+07 768 7235 3201 11 6 7 7 1.50390981e-03 2.93156390e-03                                            "" 
 27 7.080592625758e+09 3.201391553183e+07 768 7235 3201 11 6 7 7 1.55207169e-03 3.04931789e-03                                            "" 
 28 7.111366271902e+09 3.077364614445e+07 768 7235 3201 11 6 7 7 1.59655643e-03 3.15771681e-03 outputs/V1e24_D300_G8/solution/solution-00020 
 29 7.141074842758e+09 2.970857085579e+07 768 7235 3201 11 6 7 7 1.63731940e-03 3.25654940e-03                                            "" 
 30 7.169873929446e+09 2.879908668840e+07 768 7235 3201 11 6 7 7 1.67434231e-03 3.34571636e-03                                            "" 
 31 7.197898397182e+09 2.802446773587e+07 768 7235 3201 11 6 7 7 1.70762509e-03 3.42520095e-03                                            "" 
 32 7.225266169671e+09 2.736777248870e+07 768 7235 3201 11 6 7 7 1.73718664e-03 3.49506208e-03 outputs/V1e24_D300_G8/solution/solution-00021 
 33 7.252081218488e+09 2.681504881749e+07 768 7235 3201 11 6 7 7 1.76306499e-03 3.55542757e-03                                            "" 
 34 7.278435944923e+09 2.635472643460e+07 768 7235 3201 11 6 7 7 1.78531729e-03 3.60648771e-03                                            "" 
 35 7.304413091642e+09 2.597714671870e+07 768 7235 3201 11 6 7 7 1.80401929e-03 3.64848920e-03 outputs/V1e24_D300_G8/solution/solution-00022 
 36 7.330087286359e+09 2.567419471775e+07 768 7235 3201 11 6 7 7 1.81926457e-03 3.68212170e-03                                            "" 
 37 7.355526294482e+09 2.543900812297e+07 768 7235 3201 11 6 7 7 1.83116341e-03 3.70781599e-03                                            "" 
 38 7.380792039353e+09 2.526574487068e+07 768 7235 3201 11 6 7 7 1.83984143e-03 3.72534926e-03                                            "" 
 39 7.405941435205e+09 2.514939585217e+07 768 7235 3201 11 6 7 7 1.84543794e-03 3.73513648e-03 outputs/V1e24_D300_G8/solution/solution-00023 
 40 7.431027067863e+09 2.508563265760e+07 768 7235 3201 11 6 7 7 1.84810412e-03 3.73762280e-03                                            "" 
 41 7.456097750644e+09 2.507068278144e+07 768 7235 3201 11 6 7 7 1.84800107e-03 3.73327781e-03                                            "" 
 42 7.481198977200e+09 2.510122655612e+07 768 7235 3201 11 6 7 7 1.84529772e-03 3.72258984e-03                                            "" 
 43 7.506373288650e+09 2.517431145000e+07 768 7235 3201 11 6 7 7 1.84016881e-03 3.70606047e-03 outputs/V1e24_D300_G8/solution/solution-00024 
 44 7.531660569044e+09 2.528728039331e+07 768 7235 3201 11 6 7 7 1.83279270e-03 3.68419913e-03                                            "" 
 45 7.557098280616e+09 2.543771157202e+07 768 7235 3201 11 6 7 7 1.82334942e-03 3.65751791e-03                                            "" 
 46 7.582721648335e+09 2.562336771897e+07 768 7235 3201 11 6 7 7 1.81201871e-03 3.62652663e-03                                            "" 
 47 7.608563801716e+09 2.584215338193e+07 768 7235 3201 11 6 7 7 1.79897819e-03 3.59172822e-03 outputs/V1e24_D300_G8/solution/solution-00025 
 48 7.634655880711e+09 2.609207899442e+07 768 7235 3201 11 6 7 7 1.78440170e-03 3.55361450e-03                                            "" 
 49 7.661027111554e+09 2.637123084276e+07 768 7235 3201 11 6 7 7 1.76845784e-03 3.51266229e-03                                            "" 
 50 7.687704857785e+09 2.667774623127e+07 768 7235 3201 11 6 7 7 1.75130865e-03 3.46933003e-03                                            "" 
 51 7.714714651093e+09 2.700979330757e+07 768 7235 3201 11 6 7 7 1.73310855e-03 3.42405484e-03 outputs/V1e24_D300_G8/solution/solution-00026 
 52 7.742080206224e+09 2.736555513161e+07 768 7235 3201 11 6 7 7 1.71400339e-03 3.37725009e-03                                            "" 
 53 7.769823423884e+09 2.774321765976e+07 768 7235 3201 11 6 7 7 1.69412976e-03 3.32930341e-03                                            "" 
 54 7.797964385259e+09 2.814096137556e+07 768 7235 3201 10 6 7 7 1.67361449e-03 3.28057528e-03                                            "" 
 55 7.826521341593e+09 2.855695633337e+07 768 7235 3201 10 6 7 7 1.65257434e-03 3.23139796e-03 outputs/V1e24_D300_G8/solution/solution-00027 
 56 7.855510701989e+09 2.898936039569e+07 768 7235 3201 10 6 7 7 1.63111576e-03 3.18207495e-03                                            "" 
 57 7.884947022430e+09 2.943632044138e+07 768 7235 3201 10 6 7 7 1.60933496e-03 3.13337914e-03                                            "" 
 58 7.914842998734e+09 2.989597630434e+07 768 7235 3201 10 6 7 7 1.58731804e-03 3.08512683e-03 outputs/V1e24_D300_G8/solution/solution-00028 
 59 7.945209465908e+09 3.036646717389e+07 768 7235 3201 10 6 7 7 1.56514122e-03 3.03747548e-03                                            "" 
 60 7.976055406061e+09 3.084594015246e+07 768 7235 3201 10 6 7 7 1.54287124e-03 2.99061255e-03                                            "" 
 61 8.007387966688e+09 3.133256062781e+07 768 7235 3201 10 6 7 7 1.52056587e-03 2.94469942e-03 outputs/V1e24_D300_G8/solution/solution-00029 
 62 8.039212490768e+09 3.182452407946e+07 768 7235 3201 10 6 7 7 1.49827443e-03 2.89987258e-03                                            "" 
 63 8.071532559675e+09 3.232006890666e+07 768 7235 3201 10 6 7 7 1.47603846e-03 2.85624497e-03                                            "" 
 64 8.104350049517e+09 3.281748984238e+07 768 7235 3201 10 6 7 7 1.45389236e-03 2.81390743e-03 outputs/V1e24_D300_G8/solution/solution-00030 
 65 8.137665201024e+09 3.331515150725e+07 768 7235 3201 10 6 7 7 1.43186414e-03 2.77293031e-03                                            "" 
 66 8.171476702686e+09 3.381150166171e+07 768 7235 3201 10 6 7 7 1.40997614e-03 2.73336500e-03                                            "" 
 67 8.205781786421e+09 3.430508373505e+07 768 7235 3201 10 6 7 7 1.38824579e-03 2.69524562e-03 outputs/V1e24_D300_G8/solution/solution-00031 
 68 8.240576334668e+09 3.479454824677e+07 768 7235 3201 10 6 7 7 1.36668632e-03 2.65859066e-03                                            "" 
 69 8.275854997454e+09 3.527866278647e+07 768 7235 3201 10 6 7 7 1.34530750e-03 2.62340454e-03                                            "" 
 70 8.311611317736e+09 3.575632028204e+07 768 7235 3201 10 6 7 7 1.32411631e-03 2.58967926e-03 outputs/V1e24_D300_G8/solution/solution-00032 
 71 8.347837863093e+09 3.622654535718e+07 768 7235 3201 10 6 7 7 1.30311758e-03 2.55739585e-03                                            "" 
 72 8.384526361749e+09 3.668849865566e+07 768 7235 3201 10 6 7 7 1.28231459e-03 2.52652588e-03                                            "" 
 73 8.421667840835e+09 3.714147908592e+07 768 7235 3201 10 6 7 7 1.26170957e-03 2.49703279e-03 outputs/V1e24_D300_G8/solution/solution-00033 
 74 8.459249793821e+09 3.758195298639e+07 768 7235 3201 10 6 7 7 1.24130581e-03 2.46887534e-03                                            "" 
 75 8.497254315636e+09 3.800452181448e+07 768 7235 3201 10 6 7 7 1.22110887e-03 2.44200960e-03                                            "" 
 76 8.535670875285e+09 3.841655964918e+07 768 7235 3201  9 6 7 7 1.20112024e-03 2.41638091e-03 outputs/V1e24_D300_G8/solution/solution-00034 
 77 8.574488817990e+09 3.881794270526e+07 768 7235 3201  9 6 7 7 1.18134180e-03 2.39193121e-03                                            "" 
 78 8.613697485332e+09 3.920866734133e+07 768 7235 3201  9 6 7 7 1.16177607e-03 2.36859988e-03 outputs/V1e24_D300_G8/solution/solution-00035 
 79 8.653286326946e+09 3.958884161476e+07 768 7235 3201  9 5 6 6 1.14242633e-03 2.34632460e-03                                            "" 
 80 8.693245003072e+09 3.995867612538e+07 768 7235 3201  9 5 6 6 1.12329668e-03 2.32523683e-03                                            "" 
 81 8.733563476863e+09 4.031847379079e+07 768 7235 3201  9 5 6 6 1.10439212e-03 2.30521712e-03 outputs/V1e24_D300_G8/solution/solution-00036 
 82 8.774232097247e+09 4.066862038421e+07 768 7235 3201  9 5 6 6 1.08571848e-03 2.28605155e-03                                            "" 
 83 8.815241671205e+09 4.100957395824e+07 768 7235 3201  9 5 6 6 1.06728235e-03 2.26767764e-03 outputs/V1e24_D300_G8/solution/solution-00037 
 84 8.856583526143e+09 4.134185493844e+07 768 7235 3201  9 5 6 6 1.04909106e-03 2.25003403e-03                                            "" 
 85 8.898249562573e+09 4.166603643003e+07 768 7235 3201  9 5 6 6 1.03115247e-03 2.23306081e-03                                            "" 
 86 8.940232297565e+09 4.198273499166e+07 768 7235 3201  9 5 6 6 1.01347487e-03 2.21669974e-03 outputs/V1e24_D300_G8/solution/solution-00038 
 87 8.982524899560e+09 4.229260199492e+07 768 7235 3201  9 5 6 6 9.96066794e-04 2.20089457e-03                                            "" 
 88 9.025121215220e+09 4.259631565958e+07 768 7235 3201  9 5 6 6 9.78936863e-04 2.18559113e-03 outputs/V1e24_D300_G8/solution/solution-00039 
 89 9.068015789046e+09 4.289457382641e+07 768 7235 3201  9 5 6 6 9.62093567e-04 2.17073747e-03                                            "" 
 90 9.111203876549e+09 4.318808750278e+07 768 7235 3201  9 5 6 6 9.45545098e-04 2.15628401e-03 outputs/V1e24_D300_G8/solution/solution-00040 
 91 9.154681451740e+09 4.347757519080e+07 768 7235 3201  8 5 6 6 9.29299157e-04 2.14218349e-03                                            "" 
 92 9.198445209725e+09 4.376375798500e+07 768 7235 3201  8 5 6 6 9.13362781e-04 2.12839112e-03                                            "" 
 93 9.242492565131e+09 4.404735540594e+07 768 7235 3201  8 5 6 6 8.97742177e-04 2.11486446e-03 outputs/V1e24_D300_G8/solution/solution-00041 
 94 9.286821647049e+09 4.432908191876e+07 768 7235 3201  8 5 6 6 8.82442581e-04 2.10156351e-03                                            "" 
 95 9.331431291121e+09 4.460964407159e+07 768 7235 3201  8 5 6 6 8.67468131e-04 2.08845059e-03 outputs/V1e24_D300_G8/solution/solution-00042 
 96 9.376321029299e+09 4.488973817857e+07 768 7235 3201  8 5 6 6 8.52821780e-04 2.07549036e-03                                            "" 
 97 9.421491077765e+09 4.517004846549e+07 768 7235 3201  8 5 6 6 8.38505221e-04 2.06264974e-03 outputs/V1e24_D300_G8/solution/solution-00043 
 98 9.466942323358e+09 4.545124559340e+07 768 7235 3201  8 5 6 6 8.24518853e-04 2.04989788e-03                                            "" 
 99 9.512676308834e+09 4.573398547601e+07 768 7235 3201  8 5 6 6 8.10861776e-04 2.03720608e-03 outputs/V1e24_D300_G8/solution/solution-00044 
100 9.558695217145e+09 4.601890831059e+07 768 7235 3201  8 5 6 6 7.97531812e-04 2.02454777e-03                                            "" 
