# 1: Time step number
# 2: Time (years)
# 3: Time step size (years)
# 4: Number of mesh cells
# 5: Number of Stokes degrees of freedom
# 6: Number of temperature degrees of freedom
# 7: Iterations for temperature solver
# 8: Iterations for Stokes solver
# 9: Velocity iterations in Stokes preconditioner
# 10: Schur complement iterations in Stokes preconditioner
# 11: RMS velocity (m/year)
# 12: Max. velocity (m/year)
# 13: Visualization file name
  0 0.000000000000e+00 0.000000000000e+00 768 7235 3201  0 8 9 9 5.30108465e-09 9.43116042e-09 outputs/V1e27_D10_G8/solution/solution-00000 
  1 1.392571516413e+09 1.392571516413e+09 768 7235 3201 32 8 9 9 5.01418431e-09 8.47598377e-09 outputs/V1e27_D10_G8/solution/solution-00001 
  2 2.785143032825e+09 1.392571516413e+09 768 7235 3201 25 8 9 9 4.75055564e-09 8.01667963e-09 outputs/V1e27_D10_G8/solution/solution-00002 
  3 4.177714549238e+09 1.392571516413e+09 768 7235 3201 24 8 9 9 4.50406788e-09 7.60307813e-09 outputs/V1e27_D10_G8/solution/solution-00003 
  4 5.570286065650e+09 1.392571516413e+09 768 7235 3201 23 8 9 9 4.27103419e-09 7.21177661e-09 outputs/V1e27_D10_G8/solution/solution-00004 
  5 6.962857582063e+09 1.392571516413e+09 768 7235 3201 23 8 9 9 4.05084227e-09 6.84176170e-09 outputs/V1e27_D10_G8/solution/solution-00005 
  6 8.355429098476e+09 1.392571516413e+09 768 7235 3201 22 8 9 9 3.84269943e-09 6.49174786e-09 outputs/V1e27_D10_G8/solution/solution-00006 
  7 9.748000614888e+09 1.392571516413e+09 768 7235 3201 21 8 9 9 3.64584212e-09 6.16047000e-09 outputs/V1e27_D10_G8/solution/solution-00007 
  8 1.114057213130e+10 1.392571516413e+09 768 7235 3201 21 8 9 9 3.45955835e-09 5.84675731e-09 outputs/V1e27_D10_G8/solution/solution-00008 
  9 1.253314364771e+10 1.392571516413e+09 768 7235 3201 21 8 9 9 3.28319266e-09 5.54954111e-09 outputs/V1e27_D10_G8/solution/solution-00009 
 10 1.392571516413e+10 1.392571516413e+09 768 7235 3201 20 8 9 9 3.11614371e-09 5.26784537e-09 outputs/V1e27_D10_G8/solution/solution-00010 
 11 1.531828668054e+10 1.392571516413e+09 768 7235 3201 20 8 9 9 2.95785902e-09 5.00077460e-09 outputs/V1e27_D10_G8/solution/solution-00011 
 12 1.671085819695e+10 1.392571516413e+09 768 7235 3201 20 8 9 9 2.80782954e-09 4.74750294e-09 outputs/V1e27_D10_G8/solution/solution-00012 
 13 1.810342971336e+10 1.392571516413e+09 768 7235 3201 20 8 9 9 2.66558462e-09 4.50726510e-09 outputs/V1e27_D10_G8/solution/solution-00013 
 14 1.949600122978e+10 1.392571516413e+09 768 7235 3201 20 8 9 9 2.53068774e-09 4.27934914e-09 outputs/V1e27_D10_G8/solution/solution-00014 
 15 2.088857274619e+10 1.392571516413e+09 768 7235 3201 20 8 9 9 2.40273282e-09 4.06309049e-09 outputs/V1e27_D10_G8/solution/solution-00015 
 16 2.228114426260e+10 1.392571516413e+09 768 7235 3201 19 8 9 9 2.28134107e-09 3.85786705e-09 outputs/V1e27_D10_G8/solution/solution-00016 
 17 2.367371577901e+10 1.392571516413e+09 768 7235 3201 19 8 9 9 2.16615834e-09 3.66309518e-09 outputs/V1e27_D10_G8/solution/solution-00017 
 18 2.506628729543e+10 1.392571516413e+09 768 7235 3201 19 8 9 9 2.05685283e-09 3.47822621e-09 outputs/V1e27_D10_G8/solution/solution-00018 
 19 2.645885881184e+10 1.392571516413e+09 768 7235 3201 19 8 9 9 1.95311309e-09 3.30274359e-09 outputs/V1e27_D10_G8/solution/solution-00019 
 20 2.785143032825e+10 1.392571516413e+09 768 7235 3201 19 8 9 9 1.85464633e-09 3.13616026e-09 outputs/V1e27_D10_G8/solution/solution-00020 
 21 2.924400184466e+10 1.392571516413e+09 768 7235 3201 19 8 9 9 1.76117689e-09 2.97801654e-09 outputs/V1e27_D10_G8/solution/solution-00021 
 22 3.063657336108e+10 1.392571516413e+09 768 7235 3201 19 8 9 9 1.67244495e-09 2.82787812e-09 outputs/V1e27_D10_G8/solution/solution-00022 
 23 3.202914487749e+10 1.392571516413e+09 768 7235 3201 19 8 9 9 1.58820536e-09 2.68533436e-09 outputs/V1e27_D10_G8/solution/solution-00023 
 24 3.342171639390e+10 1.392571516413e+09 768 7235 3201 19 8 9 9 1.50822658e-09 2.54999672e-09 outputs/V1e27_D10_G8/solution/solution-00024 
 25 3.481428791032e+10 1.392571516413e+09 768 7235 3201 19 8 9 9 1.43228978e-09 2.42149740e-09 outputs/V1e27_D10_G8/solution/solution-00025 
 26 3.620685942673e+10 1.392571516413e+09 768 7235 3201 18 8 9 9 1.36018798e-09 2.29948801e-09 outputs/V1e27_D10_G8/solution/solution-00026 
 27 3.759943094314e+10 1.392571516413e+09 768 7235 3201 18 8 9 9 1.29172531e-09 2.18363847e-09 outputs/V1e27_D10_G8/solution/solution-00027 
 28 3.899200245955e+10 1.392571516413e+09 768 7235 3201 18 8 9 9 1.22671632e-09 2.07363589e-09 outputs/V1e27_D10_G8/solution/solution-00028 
 29 4.038457397597e+10 1.392571516413e+09 768 7235 3201 18 8 9 9 1.16498532e-09 1.96918365e-09 outputs/V1e27_D10_G8/solution/solution-00029 
 30 4.177714549238e+10 1.392571516413e+09 768 7235 3201 18 8 9 9 1.10636585e-09 1.87000042e-09 outputs/V1e27_D10_G8/solution/solution-00030 
 31 4.316971700879e+10 1.392571516413e+09 768 7235 3201 18 8 9 9 1.05070012e-09 1.77581936e-09 outputs/V1e27_D10_G8/solution/solution-00031 
 32 4.456228852520e+10 1.392571516413e+09 768 7235 3201 18 8 9 9 9.97838526e-10 1.68638735e-09 outputs/V1e27_D10_G8/solution/solution-00032 
 33 4.595486004162e+10 1.392571516413e+09 768 7235 3201 18 8 9 9 9.47639173e-10 1.60146419e-09 outputs/V1e27_D10_G8/solution/solution-00033 
 34 4.734743155803e+10 1.392571516413e+09 768 7235 3201 18 8 9 9 8.99967474e-10 1.52082195e-09 outputs/V1e27_D10_G8/solution/solution-00034 
 35 4.874000307444e+10 1.392571516413e+09 768 7235 3201 18 8 9 9 8.54695740e-10 1.44424433e-09 outputs/V1e27_D10_G8/solution/solution-00035 
 36 5.013257459085e+10 1.392571516413e+09 768 7235 3201 18 8 9 9 8.11702810e-10 1.37152603e-09 outputs/V1e27_D10_G8/solution/solution-00036 
 37 5.152514610727e+10 1.392571516413e+09 768 7235 3201 18 8 9 9 7.70873703e-10 1.30247218e-09 outputs/V1e27_D10_G8/solution/solution-00037 
 38 5.291771762368e+10 1.392571516413e+09 768 7235 3201 18 8 9 9 7.32099292e-10 1.23689779e-09 outputs/V1e27_D10_G8/solution/solution-00038 
 39 5.431028914009e+10 1.392571516413e+09 768 7235 3201 18 8 9 9 6.95275995e-10 1.17462728e-09 outputs/V1e27_D10_G8/solution/solution-00039 
 40 5.570286065650e+10 1.392571516413e+09 768 7235 3201 18 8 9 9 6.60305486e-10 1.11549394e-09 outputs/V1e27_D10_G8/solution/solution-00040 
 41 5.709543217292e+10 1.392571516413e+09 768 7235 3201 18 8 9 9 6.27094421e-10 1.05933951e-09 outputs/V1e27_D10_G8/solution/solution-00041 
 42 5.848800368933e+10 1.392571516413e+09 768 7235 3201 18 8 9 9 5.95554181e-10 1.00601374e-09 outputs/V1e27_D10_G8/solution/solution-00042 
 43 5.988057520574e+10 1.392571516413e+09 768 7235 3201 18 8 9 9 5.65600631e-10 9.55373977e-10 outputs/V1e27_D10_G8/solution/solution-00043 
 44 6.127314672215e+10 1.392571516413e+09 768 7235 3201 18 8 9 9 5.37153885e-10 9.07284778e-10 outputs/V1e27_D10_G8/solution/solution-00044 
 45 6.266571823857e+10 1.392571516413e+09 768 7235 3201 18 8 9 9 5.10138091e-10 8.61617549e-10 outputs/V1e27_D10_G8/solution/solution-00045 
 46 6.405828975498e+10 1.392571516413e+09 768 7235 3201 17 8 9 9 4.84481229e-10 8.18250193e-10 outputs/V1e27_D10_G8/solution/solution-00046 
 47 6.545086127139e+10 1.392571516413e+09 768 7235 3201 17 8 9 9 4.60114906e-10 7.77066776e-10 outputs/V1e27_D10_G8/solution/solution-00047 
 48 6.684343278781e+10 1.392571516413e+09 768 7235 3201 17 8 9 9 4.36974180e-10 7.37957220e-10 outputs/V1e27_D10_G8/solution/solution-00048 
 49 6.823600430422e+10 1.392571516413e+09 768 7235 3201 17 8 9 9 4.14997384e-10 7.00817002e-10 outputs/V1e27_D10_G8/solution/solution-00049 
 50 6.962857582063e+10 1.392571516413e+09 768 7235 3201 17 8 9 9 3.94125955e-10 6.65546879e-10 outputs/V1e27_D10_G8/solution/solution-00050 
 51 7.102114733704e+10 1.392571516413e+09 768 7235 3201 17 8 9 9 3.74304282e-10 6.32052612e-10 outputs/V1e27_D10_G8/solution/solution-00051 
 52 7.241371885346e+10 1.392571516413e+09 768 7235 3201 17 8 9 9 3.55479554e-10 6.00244720e-10 outputs/V1e27_D10_G8/solution/solution-00052 
 53 7.380629036987e+10 1.392571516413e+09 768 7235 3201 17 8 9 9 3.37601619e-10 5.70038237e-10 outputs/V1e27_D10_G8/solution/solution-00053 
 54 7.519886188628e+10 1.392571516413e+09 768 7235 3201 17 8 9 9 3.20622850e-10 5.41352480e-10 outputs/V1e27_D10_G8/solution/solution-00054 
 55 7.659143340269e+10 1.392571516413e+09 768 7235 3201 17 8 9 9 3.04498017e-10 5.14110838e-10 outputs/V1e27_D10_G8/solution/solution-00055 
 56 7.798400491911e+10 1.392571516413e+09 768 7235 3201 17 8 9 9 2.89184167e-10 4.88240564e-10 outputs/V1e27_D10_G8/solution/solution-00056 
 57 7.937657643552e+10 1.392571516413e+09 768 7235 3201 17 8 9 9 2.74640508e-10 4.63672578e-10 outputs/V1e27_D10_G8/solution/solution-00057 
 58 8.076914795193e+10 1.392571516413e+09 768 7235 3201 17 8 9 9 2.60828300e-10 4.40341284e-10 outputs/V1e27_D10_G8/solution/solution-00058 
 59 8.216171946834e+10 1.392571516413e+09 768 7235 3201 17 8 9 9 2.47710753e-10 4.18184393e-10 outputs/V1e27_D10_G8/solution/solution-00059 
 60 8.355429098476e+10 1.392571516413e+09 768 7235 3201 17 8 9 9 2.35252929e-10 3.97142757e-10 outputs/V1e27_D10_G8/solution/solution-00060 
 61 8.494686250117e+10 1.392571516413e+09 768 7235 3201 17 8 9 9 2.23421645e-10 3.77160210e-10 outputs/V1e27_D10_G8/solution/solution-00061 
 62 8.633943401758e+10 1.392571516413e+09 768 7235 3201 17 8 9 9 2.12185391e-10 3.58183416e-10 outputs/V1e27_D10_G8/solution/solution-00062 
 63 8.773200553399e+10 1.392571516413e+09 768 7235 3201 17 8 9 9 2.01514237e-10 3.40161727e-10 outputs/V1e27_D10_G8/solution/solution-00063 
 64 8.912457705041e+10 1.392571516413e+09 768 7235 3201 17 8 9 9 1.91379764e-10 3.23047049e-10 outputs/V1e27_D10_G8/solution/solution-00064 
 65 9.051714856682e+10 1.392571516413e+09 768 7235 3201 17 8 9 9 1.81754979e-10 3.06793711e-10 outputs/V1e27_D10_G8/solution/solution-00065 
 66 9.190972008323e+10 1.392571516413e+09 768 7235 3201 17 8 9 9 1.72614248e-10 2.91358344e-10 outputs/V1e27_D10_G8/solution/solution-00066 
 67 9.330229159964e+10 1.392571516413e+09 768 7235 3201 17 8 9 9 1.63933226e-10 2.76699764e-10 outputs/V1e27_D10_G8/solution/solution-00067 
 68 9.469486311606e+10 1.392571516413e+09 768 7235 3201 17 8 9 9 1.55688792e-10 2.62778861e-10 outputs/V1e27_D10_G8/solution/solution-00068 
 69 9.608743463247e+10 1.392571516413e+09 768 7235 3201 17 8 9 9 1.47858989e-10 2.49558497e-10 outputs/V1e27_D10_G8/solution/solution-00069 
 70 9.748000614888e+10 1.392571516413e+09 768 7235 3201 17 8 9 9 1.40422965e-10 2.37003405e-10 outputs/V1e27_D10_G8/solution/solution-00070 
 71 9.887257766530e+10 1.392571516413e+09 768 7235 3201 17 8 9 9 1.33360914e-10 2.25080094e-10 outputs/V1e27_D10_G8/solution/solution-00071 
 72 1.002651491817e+11 1.392571516413e+09 768 7235 3201 16 8 9 9 1.26654030e-10 2.13756763e-10 outputs/V1e27_D10_G8/solution/solution-00072 
 73 1.016577206981e+11 1.392571516413e+09 768 7235 3201 16 8 9 9 1.20284449e-10 2.03003207e-10 outputs/V1e27_D10_G8/solution/solution-00073 
 74 1.030502922145e+11 1.392571516413e+09 768 7235 3201 16 8 9 9 1.14235208e-10 1.92790747e-10 outputs/V1e27_D10_G8/solution/solution-00074 
 75 1.044428637309e+11 1.392571516413e+09 768 7235 3201 16 8 9 9 1.08490195e-10 1.83092144e-10 outputs/V1e27_D10_G8/solution/solution-00075 
 76 1.058354352474e+11 1.392571516413e+09 768 7235 3201 16 8 9 9 1.03034110e-10 1.73881536e-10 outputs/V1e27_D10_G8/solution/solution-00076 
 77 1.072280067638e+11 1.392571516413e+09 768 7235 3201 16 8 9 9 9.78524218e-11 1.65134360e-10 outputs/V1e27_D10_G8/solution/solution-00077 
 78 1.086205782802e+11 1.392571516413e+09 768 7235 3201 16 8 9 9 9.29313309e-11 1.56827292e-10 outputs/V1e27_D10_G8/solution/solution-00078 
 79 1.100131497966e+11 1.392571516413e+09 768 7235 3201 16 8 9 9 8.82577306e-11 1.48938182e-10 outputs/V1e27_D10_G8/solution/solution-00079 
 80 1.114057213130e+11 1.392571516413e+09 768 7235 3201 16 8 9 9 8.38191746e-11 1.41445993e-10 outputs/V1e27_D10_G8/solution/solution-00080 
 81 1.127982928294e+11 1.392571516413e+09 768 7235 3201 16 8 9 9 7.96038414e-11 1.34330752e-10 outputs/V1e27_D10_G8/solution/solution-00081 
 82 1.141908643458e+11 1.392571516413e+09 768 7235 3201 16 8 9 9 7.56005048e-11 1.27573487e-10 outputs/V1e27_D10_G8/solution/solution-00082 
 83 1.155834358622e+11 1.392571516413e+09 768 7235 3201 16 8 9 9 7.17985032e-11 1.21156184e-10 outputs/V1e27_D10_G8/solution/solution-00083 
 84 1.169760073787e+11 1.392571516413e+09 768 7235 3201 16 8 9 9 6.81877107e-11 1.15061735e-10 outputs/V1e27_D10_G8/solution/solution-00084 
 85 1.183685788951e+11 1.392571516413e+09 768 7235 3201 16 8 9 9 6.47585111e-11 1.09273892e-10 outputs/V1e27_D10_G8/solution/solution-00085 
 86 1.197611504115e+11 1.392571516413e+09 768 7235 3201 16 8 9 9 6.15017717e-11 1.03777229e-10 outputs/V1e27_D10_G8/solution/solution-00086 
 87 1.211537219279e+11 1.392571516413e+09 768 7235 3201 16 8 9 9 5.84088190e-11 9.85570917e-11 outputs/V1e27_D10_G8/solution/solution-00087 
 88 1.225462934443e+11 1.392571516413e+09 768 7235 3201 16 8 9 9 5.54714159e-11 9.35995667e-11 outputs/V1e27_D10_G8/solution/solution-00088 
 89 1.239388649607e+11 1.392571516413e+09 768 7235 3201 16 8 9 9 5.26817395e-11 8.88914397e-11 outputs/V1e27_D10_G8/solution/solution-00089 
 90 1.253314364771e+11 1.392571516413e+09 768 7235 3201 16 8 9 9 5.00323602e-11 8.44201614e-11 outputs/V1e27_D10_G8/solution/solution-00090 
 91 1.267240079935e+11 1.392571516413e+09 768 7235 3201 16 8 9 9 4.75162222e-11 8.01738150e-11 outputs/V1e27_D10_G8/solution/solution-00091 
 92 1.281165795100e+11 1.392571516413e+09 768 7235 3201 16 8 9 9 4.51266245e-11 7.61410825e-11 outputs/V1e27_D10_G8/solution/solution-00092 
 93 1.295091510264e+11 1.392571516413e+09 768 7235 3201 16 8 9 9 4.28572031e-11 7.23112166e-11 outputs/V1e27_D10_G8/solution/solution-00093 
 94 1.309017225428e+11 1.392571516413e+09 768 7235 3201 16 8 9 9 4.07019141e-11 6.86740099e-11 outputs/V1e27_D10_G8/solution/solution-00094 
 95 1.322942940592e+11 1.392571516413e+09 768 7235 3201 16 8 9 9 3.86550176e-11 6.52197695e-11 outputs/V1e27_D10_G8/solution/solution-00095 
 96 1.336868655756e+11 1.392571516413e+09 768 7235 3201 16 8 9 9 3.67110622e-11 6.19392898e-11 outputs/V1e27_D10_G8/solution/solution-00096 
 97 1.350794370920e+11 1.392571516413e+09 768 7235 3201 15 8 9 9 3.48648721e-11 5.88238315e-11 outputs/V1e27_D10_G8/solution/solution-00097 
 98 1.364720086084e+11 1.392571516413e+09 768 7235 3201 15 8 9 9 3.31115295e-11 5.58650901e-11 outputs/V1e27_D10_G8/solution/solution-00098 
 99 1.378645801248e+11 1.392571516413e+09 768 7235 3201 15 8 9 9 3.14463648e-11 5.30551808e-11 outputs/V1e27_D10_G8/solution/solution-00099 
100 1.392571516413e+11 1.392571516413e+09 768 7235 3201 15 8 9 9 2.98649432e-11 5.03866155e-11 outputs/V1e27_D10_G8/solution/solution-00100 
