# 1: Time step number
# 2: Time (years)
# 3: Time step size (years)
# 4: Number of mesh cells
# 5: Number of Stokes degrees of freedom
# 6: Number of temperature degrees of freedom
# 7: Iterations for temperature solver
# 8: Iterations for Stokes solver
# 9: Velocity iterations in Stokes preconditioner
# 10: Schur complement iterations in Stokes preconditioner
# 11: RMS velocity (m/year)
# 12: Max. velocity (m/year)
# 13: Visualization file name
  0 0.000000000000e+00 0.000000000000e+00 768 7235 3201  0 8 9 9 3.99886301e-09 6.74661797e-09 outputs/V3.3e26_D1000_G2/solution/solution-00000 
  1 1.392571516413e+09 1.392571516413e+09 768 7235 3201 19 6 7 7 3.80090904e-09 6.41264311e-09 outputs/V3.3e26_D1000_G2/solution/solution-00001 
  2 2.785143032825e+09 1.392571516413e+09 768 7235 3201 13 5 6 6 3.60934782e-09 6.08945364e-09 outputs/V3.3e26_D1000_G2/solution/solution-00002 
  3 4.177714549238e+09 1.392571516413e+09 768 7235 3201 13 5 6 6 3.42628347e-09 5.78059954e-09 outputs/V3.3e26_D1000_G2/solution/solution-00003 
  4 5.570286065650e+09 1.392571516413e+09 768 7235 3201 13 5 6 6 3.25211032e-09 5.48674609e-09 outputs/V3.3e26_D1000_G2/solution/solution-00004 
  5 6.962857582063e+09 1.392571516413e+09 768 7235 3201 13 5 6 6 3.08665719e-09 5.20760448e-09 outputs/V3.3e26_D1000_G2/solution/solution-00005 
  6 8.355429098476e+09 1.392571516413e+09 768 7235 3201 13 5 6 6 2.92957600e-09 4.94258746e-09 outputs/V3.3e26_D1000_G2/solution/solution-00006 
  7 9.748000614888e+09 1.392571516413e+09 768 7235 3201 13 5 6 6 2.78047323e-09 4.69103109e-09 outputs/V3.3e26_D1000_G2/solution/solution-00007 
  8 1.114057213130e+10 1.392571516413e+09 768 7235 3201 13 5 6 6 2.63895386e-09 4.45226894e-09 outputs/V3.3e26_D1000_G2/solution/solution-00008 
  9 1.253314364771e+10 1.392571516413e+09 768 7235 3201 13 5 6 6 2.50463568e-09 4.22565617e-09 outputs/V3.3e26_D1000_G2/solution/solution-00009 
 10 1.392571516413e+10 1.392571516413e+09 768 7235 3201 13 5 6 6 2.37715346e-09 4.01057658e-09 outputs/V3.3e26_D1000_G2/solution/solution-00010 
 11 1.531828668054e+10 1.392571516413e+09 768 7235 3201 13 5 6 6 2.25615969e-09 3.80644386e-09 outputs/V3.3e26_D1000_G2/solution/solution-00011 
 12 1.671085819695e+10 1.392571516413e+09 768 7235 3201 13 5 6 6 2.14132425e-09 3.61270109e-09 outputs/V3.3e26_D1000_G2/solution/solution-00012 
 13 1.810342971336e+10 1.392571516413e+09 768 7235 3201 13 5 6 6 2.03233376e-09 3.42881952e-09 outputs/V3.3e26_D1000_G2/solution/solution-00013 
 14 1.949600122978e+10 1.392571516413e+09 768 7235 3201 13 5 6 6 1.92889073e-09 3.25429726e-09 outputs/V3.3e26_D1000_G2/solution/solution-00014 
 15 2.088857274619e+10 1.392571516413e+09 768 7235 3201 13 5 6 6 1.83071281e-09 3.08865794e-09 outputs/V3.3e26_D1000_G2/solution/solution-00015 
 16 2.228114426260e+10 1.392571516413e+09 768 7235 3201 13 5 6 6 1.73753201e-09 2.93144943e-09 outputs/V3.3e26_D1000_G2/solution/solution-00016 
 17 2.367371577901e+10 1.392571516413e+09 768 7235 3201 13 5 6 6 1.64909398e-09 2.78224263e-09 outputs/V3.3e26_D1000_G2/solution/solution-00017 
 18 2.506628729543e+10 1.392571516413e+09 768 7235 3201 12 5 6 6 1.56515733e-09 2.64063025e-09 outputs/V3.3e26_D1000_G2/solution/solution-00018 
 19 2.645885881184e+10 1.392571516413e+09 768 7235 3201 12 5 6 6 1.48549294e-09 2.50622574e-09 outputs/V3.3e26_D1000_G2/solution/solution-00019 
 20 2.785143032825e+10 1.392571516413e+09 768 7235 3201 12 5 6 6 1.40988336e-09 2.37866225e-09 outputs/V3.3e26_D1000_G2/solution/solution-00020 
 21 2.924400184466e+10 1.392571516413e+09 768 7235 3201 12 5 6 6 1.33812221e-09 2.25759156e-09 outputs/V3.3e26_D1000_G2/solution/solution-00021 
 22 3.063657336108e+10 1.392571516413e+09 768 7235 3201 12 5 6 6 1.27001360e-09 2.14268321e-09 outputs/V3.3e26_D1000_G2/solution/solution-00022 
 23 3.202914487749e+10 1.392571516413e+09 768 7235 3201 12 5 6 6 1.20537163e-09 2.03362354e-09 outputs/V3.3e26_D1000_G2/solution/solution-00023 
 24 3.342171639390e+10 1.392571516413e+09 768 7235 3201 12 5 6 6 1.14401985e-09 1.93011486e-09 outputs/V3.3e26_D1000_G2/solution/solution-00024 
 25 3.481428791032e+10 1.392571516413e+09 768 7235 3201 12 5 6 6 1.08579079e-09 1.83187462e-09 outputs/V3.3e26_D1000_G2/solution/solution-00025 
 26 3.620685942673e+10 1.392571516413e+09 768 7235 3201 12 5 6 6 1.03052551e-09 1.73863469e-09 outputs/V3.3e26_D1000_G2/solution/solution-00026 
 27 3.759943094314e+10 1.392571516413e+09 768 7235 3201 12 5 6 6 9.78073154e-10 1.65014054e-09 outputs/V3.3e26_D1000_G2/solution/solution-00027 
 28 3.899200245955e+10 1.392571516413e+09 768 7235 3201 12 5 6 6 9.28290556e-10 1.56615062e-09 outputs/V3.3e26_D1000_G2/solution/solution-00028 
 29 4.038457397597e+10 1.392571516413e+09 768 7235 3201 12 5 6 6 8.81041824e-10 1.48643567e-09 outputs/V3.3e26_D1000_G2/solution/solution-00029 
 30 4.177714549238e+10 1.392571516413e+09 768 7235 3201 12 5 6 6 8.36197988e-10 1.41077811e-09 outputs/V3.3e26_D1000_G2/solution/solution-00030 
 31 4.316971700879e+10 1.392571516413e+09 768 7235 3201 12 5 6 6 7.93636644e-10 1.33897142e-09 outputs/V3.3e26_D1000_G2/solution/solution-00031 
 32 4.456228852520e+10 1.392571516413e+09 768 7235 3201 12 5 6 6 7.53241613e-10 1.27081959e-09 outputs/V3.3e26_D1000_G2/solution/solution-00032 
 33 4.595486004162e+10 1.392571516413e+09 768 7235 3201 12 5 6 6 7.14902636e-10 1.20613659e-09 outputs/V3.3e26_D1000_G2/solution/solution-00033 
 34 4.734743155803e+10 1.392571516413e+09 768 7235 3201 12 5 6 6 6.78515060e-10 1.14474587e-09 outputs/V3.3e26_D1000_G2/solution/solution-00034 
 35 4.874000307444e+10 1.392571516413e+09 768 7235 3201 12 5 6 6 6.43979563e-10 1.08647986e-09 outputs/V3.3e26_D1000_G2/solution/solution-00035 
 36 5.013257459085e+10 1.392571516413e+09 768 7235 3201 12 5 6 6 6.11201875e-10 1.03117951e-09 outputs/V3.3e26_D1000_G2/solution/solution-00036 
 37 5.152514610727e+10 1.392571516413e+09 768 7235 3201 12 5 6 6 5.80092528e-10 9.78693865e-10 outputs/V3.3e26_D1000_G2/solution/solution-00037 
 38 5.291771762368e+10 1.392571516413e+09 768 7235 3201 11 5 6 6 5.50566604e-10 9.28879674e-10 outputs/V3.3e26_D1000_G2/solution/solution-00038 
 39 5.431028914009e+10 1.392571516413e+09 768 7235 3201 11 5 6 6 5.22543509e-10 8.81600956e-10 outputs/V3.3e26_D1000_G2/solution/solution-00039 
 40 5.570286065650e+10 1.392571516413e+09 768 7235 3201 11 5 6 6 4.95946752e-10 8.36728662e-10 outputs/V3.3e26_D1000_G2/solution/solution-00040 
 41 5.709543217292e+10 1.392571516413e+09 768 7235 3201 11 5 6 6 4.70703734e-10 7.94140306e-10 outputs/V3.3e26_D1000_G2/solution/solution-00041 
 42 5.848800368933e+10 1.392571516413e+09 768 7235 3201 11 5 6 6 4.46745551e-10 7.53719640e-10 outputs/V3.3e26_D1000_G2/solution/solution-00042 
 43 5.988057520574e+10 1.392571516413e+09 768 7235 3201 11 5 6 6 4.24006808e-10 7.15356331e-10 outputs/V3.3e26_D1000_G2/solution/solution-00043 
 44 6.127314672215e+10 1.392571516413e+09 768 7235 3201 11 5 6 6 4.02425435e-10 6.78945663e-10 outputs/V3.3e26_D1000_G2/solution/solution-00044 
 45 6.266571823857e+10 1.392571516413e+09 768 7235 3201 11 5 6 6 3.81942526e-10 6.44388248e-10 outputs/V3.3e26_D1000_G2/solution/solution-00045 
 46 6.405828975498e+10 1.392571516413e+09 768 7235 3201 11 5 6 6 3.62502168e-10 6.11589759e-10 outputs/V3.3e26_D1000_G2/solution/solution-00046 
 47 6.545086127139e+10 1.392571516413e+09 768 7235 3201 11 5 6 6 3.44051299e-10 5.80460669e-10 outputs/V3.3e26_D1000_G2/solution/solution-00047 
 48 6.684343278781e+10 1.392571516413e+09 768 7235 3201 11 5 6 6 3.26539553e-10 5.50916007e-10 outputs/V3.3e26_D1000_G2/solution/solution-00048 
 49 6.823600430422e+10 1.392571516413e+09 768 7235 3201 11 5 6 6 3.09919132e-10 5.22875128e-10 outputs/V3.3e26_D1000_G2/solution/solution-00049 
 50 6.962857582063e+10 1.392571516413e+09 768 7235 3201 11 5 6 6 2.94144668e-10 4.96261492e-10 outputs/V3.3e26_D1000_G2/solution/solution-00050 
 51 7.102114733704e+10 1.392571516413e+09 768 7235 3201 11 5 6 6 2.79173103e-10 4.71002454e-10 outputs/V3.3e26_D1000_G2/solution/solution-00051 
 52 7.241371885346e+10 1.392571516413e+09 768 7235 3201 11 5 6 6 2.64963570e-10 4.47029067e-10 outputs/V3.3e26_D1000_G2/solution/solution-00052 
 53 7.380629036987e+10 1.392571516413e+09 768 7235 3201 11 5 6 6 2.51477283e-10 4.24275893e-10 outputs/V3.3e26_D1000_G2/solution/solution-00053 
 54 7.519886188628e+10 1.392571516413e+09 768 7235 3201 11 5 6 6 2.38677430e-10 4.02680825e-10 outputs/V3.3e26_D1000_G2/solution/solution-00054 
 55 7.659143340269e+10 1.392571516413e+09 768 7235 3201 11 5 6 6 2.26529072e-10 3.82184916e-10 outputs/V3.3e26_D1000_G2/solution/solution-00055 
 56 7.798400491911e+10 1.392571516413e+09 768 7235 3201 10 5 6 6 2.14999049e-10 3.62732221e-10 outputs/V3.3e26_D1000_G2/solution/solution-00056 
 57 7.937657643552e+10 1.392571516413e+09 768 7235 3201 10 5 6 6 2.04055888e-10 3.44269642e-10 outputs/V3.3e26_D1000_G2/solution/solution-00057 
 58 8.076914795193e+10 1.392571516413e+09 768 7235 3201 10 5 6 6 1.93669720e-10 3.26746784e-10 outputs/V3.3e26_D1000_G2/solution/solution-00058 
 59 8.216171946834e+10 1.392571516413e+09 768 7235 3201 10 5 6 6 1.83812193e-10 3.10115815e-10 outputs/V3.3e26_D1000_G2/solution/solution-00059 
 60 8.355429098476e+10 1.392571516413e+09 768 7235 3201 10 5 6 6 1.74456401e-10 2.94331340e-10 outputs/V3.3e26_D1000_G2/solution/solution-00060 
 61 8.494686250117e+10 1.392571516413e+09 768 7235 3201 10 5 6 6 1.65576806e-10 2.79350273e-10 outputs/V3.3e26_D1000_G2/solution/solution-00061 
 62 8.633943401758e+10 1.392571516413e+09 768 7235 3201 10 5 6 6 1.57149171e-10 2.65131722e-10 outputs/V3.3e26_D1000_G2/solution/solution-00062 
 63 8.773200553399e+10 1.392571516413e+09 768 7235 3201 10 5 6 6 1.49150491e-10 2.51636877e-10 outputs/V3.3e26_D1000_G2/solution/solution-00063 
 64 8.912457705041e+10 1.392571516413e+09 768 7235 3201 10 5 6 6 1.41558933e-10 2.38828900e-10 outputs/V3.3e26_D1000_G2/solution/solution-00064 
 65 9.051714856682e+10 1.392571516413e+09 768 7235 3201 10 5 6 6 1.34353775e-10 2.26672833e-10 outputs/V3.3e26_D1000_G2/solution/solution-00065 
 66 9.190972008323e+10 1.392571516413e+09 768 7235 3201 10 5 6 6 1.27515349e-10 2.15135492e-10 outputs/V3.3e26_D1000_G2/solution/solution-00066 
 67 9.330229159964e+10 1.392571516413e+09 768 7235 3201 10 5 6 6 1.21024991e-10 2.04185387e-10 outputs/V3.3e26_D1000_G2/solution/solution-00067 
 68 9.469486311606e+10 1.392571516413e+09 768 7235 3201 10 5 6 6 1.14864982e-10 1.93792627e-10 outputs/V3.3e26_D1000_G2/solution/solution-00068 
 69 9.608743463247e+10 1.392571516413e+09 768 7235 3201 10 5 6 6 1.09018510e-10 1.83928845e-10 outputs/V3.3e26_D1000_G2/solution/solution-00069 
 70 9.748000614888e+10 1.392571516413e+09 768 7235 3201 10 5 6 6 1.03469616e-10 1.74567115e-10 outputs/V3.3e26_D1000_G2/solution/solution-00070 
 71 9.887257766530e+10 1.392571516413e+09 768 7235 3201 10 5 6 6 9.82031522e-11 1.65681886e-10 outputs/V3.3e26_D1000_G2/solution/solution-00071 
 72 1.002651491817e+11 1.392571516413e+09 768 7235 3201 10 5 6 6 9.32047447e-11 1.57248902e-10 outputs/V3.3e26_D1000_G2/solution/solution-00072 
 73 1.016577206981e+11 1.392571516413e+09 768 7235 3201 10 5 6 6 8.84607493e-11 1.49245146e-10 outputs/V3.3e26_D1000_G2/solution/solution-00073 
 74 1.030502922145e+11 1.392571516413e+09 768 7235 3201 10 5 6 6 8.39582169e-11 1.41648770e-10 outputs/V3.3e26_D1000_G2/solution/solution-00074 
 75 1.044428637309e+11 1.392571516413e+09 768 7235 3201 10 5 6 6 7.96848573e-11 1.34439039e-10 outputs/V3.3e26_D1000_G2/solution/solution-00075 
 76 1.058354352474e+11 1.392571516413e+09 768 7235 3201 10 5 6 6 7.56290059e-11 1.27596274e-10 outputs/V3.3e26_D1000_G2/solution/solution-00076 
 77 1.072280067638e+11 1.392571516413e+09 768 7235 3201 10 5 6 6 7.17795918e-11 1.21101796e-10 outputs/V3.3e26_D1000_G2/solution/solution-00077 
 78 1.086205782802e+11 1.392571516413e+09 768 7235 3201  9 5 6 6 6.81261081e-11 1.14937879e-10 outputs/V3.3e26_D1000_G2/solution/solution-00078 
 79 1.100131497966e+11 1.392571516413e+09 768 7235 3201  9 5 6 6 6.46585818e-11 1.09087697e-10 outputs/V3.3e26_D1000_G2/solution/solution-00079 
 80 1.114057213130e+11 1.392571516413e+09 768 7235 3201  9 5 6 6 6.13675480e-11 1.03535282e-10 outputs/V3.3e26_D1000_G2/solution/solution-00080 
 81 1.127982928294e+11 1.392571516413e+09 768 7235 3201  9 5 6 6 5.82440233e-11 9.82654773e-11 outputs/V3.3e26_D1000_G2/solution/solution-00081 
 82 1.141908643458e+11 1.392571516413e+09 768 7235 3201  9 5 6 6 5.52794818e-11 9.32638983e-11 outputs/V3.3e26_D1000_G2/solution/solution-00082 
 83 1.155834358622e+11 1.392571516413e+09 768 7235 3201  9 5 6 6 5.24658313e-11 8.85168927e-11 outputs/V3.3e26_D1000_G2/solution/solution-00083 
 84 1.169760073787e+11 1.392571516413e+09 768 7235 3201  9 5 6 6 4.97953919e-11 8.40115033e-11 outputs/V3.3e26_D1000_G2/solution/solution-00084 
 85 1.183685788951e+11 1.392571516413e+09 768 7235 3201  9 5 6 6 4.72608742e-11 7.97354321e-11 outputs/V3.3e26_D1000_G2/solution/solution-00085 
 86 1.197611504115e+11 1.392571516413e+09 768 7235 3201  9 5 6 6 4.48553600e-11 7.56770073e-11 outputs/V3.3e26_D1000_G2/solution/solution-00086 
 87 1.211537219279e+11 1.392571516413e+09 768 7235 3201  9 5 6 6 4.25722832e-11 7.18251506e-11 outputs/V3.3e26_D1000_G2/solution/solution-00087 
 88 1.225462934443e+11 1.392571516413e+09 768 7235 3201  9 5 6 6 4.04054119e-11 6.81693482e-11 outputs/V3.3e26_D1000_G2/solution/solution-00088 
 89 1.239388649607e+11 1.392571516413e+09 768 7235 3201  9 5 6 6 3.83488315e-11 6.46996212e-11 outputs/V3.3e26_D1000_G2/solution/solution-00089 
 90 1.253314364771e+11 1.392571516413e+09 768 7235 3201  9 5 6 6 3.63969281e-11 6.14064985e-11 outputs/V3.3e26_D1000_G2/solution/solution-00090 
 91 1.267240079935e+11 1.392571516413e+09 768 7235 3201  9 5 6 6 3.45443740e-11 5.82809915e-11 outputs/V3.3e26_D1000_G2/solution/solution-00091 
 92 1.281165795100e+11 1.392571516413e+09 768 7235 3201  9 5 6 6 3.27861124e-11 5.53145682e-11 outputs/V3.3e26_D1000_G2/solution/solution-00092 
 93 1.295091510264e+11 1.392571516413e+09 768 7235 3201  9 5 6 6 3.11173438e-11 5.24991319e-11 outputs/V3.3e26_D1000_G2/solution/solution-00093 
 94 1.309017225428e+11 1.392571516413e+09 768 7235 3201  9 5 6 6 2.95335134e-11 4.98269975e-11 outputs/V3.3e26_D1000_G2/solution/solution-00094 
 95 1.322942940592e+11 1.392571516413e+09 768 7235 3201  9 5 6 6 2.80302977e-11 4.72908711e-11 outputs/V3.3e26_D1000_G2/solution/solution-00095 
 96 1.336868655756e+11 1.392571516413e+09 768 7235 3201  8 5 6 6 2.66035936e-11 4.48838299e-11 outputs/V3.3e26_D1000_G2/solution/solution-00096 
 97 1.350794370920e+11 1.392571516413e+09 768 7235 3201  8 5 6 6 2.52495068e-11 4.25993037e-11 outputs/V3.3e26_D1000_G2/solution/solution-00097 
 98 1.364720086084e+11 1.392571516413e+09 768 7235 3201  8 5 6 6 2.39643412e-11 4.04310569e-11 outputs/V3.3e26_D1000_G2/solution/solution-00098 
 99 1.378645801248e+11 1.392571516413e+09 768 7235 3201  8 5 6 6 2.27445887e-11 3.83731708e-11 outputs/V3.3e26_D1000_G2/solution/solution-00099 
100 1.392571516413e+11 1.392571516413e+09 768 7235 3201  8 5 6 6 2.15869200e-11 3.64200284e-11 outputs/V3.3e26_D1000_G2/solution/solution-00100 
