# 1: Time step number
# 2: Time (years)
# 3: Time step size (years)
# 4: Number of mesh cells
# 5: Number of Stokes degrees of freedom
# 6: Number of temperature degrees of freedom
# 7: Iterations for temperature solver
# 8: Iterations for Stokes solver
# 9: Velocity iterations in Stokes preconditioner
# 10: Schur complement iterations in Stokes preconditioner
# 11: RMS velocity (m/year)
# 12: Max. velocity (m/year)
# 13: Visualization file name
  0 0.000000000000e+00 0.000000000000e+00 768 7235 3201  0 8 9 9 6.62522896e-06 1.17554675e-05 outputs/V1e24_D30_G10/solution/solution-00000 
  1 1.392571516413e+09 1.392571516413e+09 768 7235 3201 31 8 9 9 9.57831906e-06 1.81441787e-05 outputs/V1e24_D30_G10/solution/solution-00001 
  2 2.785143032825e+09 1.392571516413e+09 768 7235 3201 25 8 9 9 1.85463209e-05 3.85337344e-05 outputs/V1e24_D30_G10/solution/solution-00002 
  3 4.177714549238e+09 1.392571516413e+09 768 7235 3201 24 8 9 9 4.67387951e-05 1.00518017e-04 outputs/V1e24_D30_G10/solution/solution-00003 
  4 5.110175559714e+09 9.324610104766e+08 768 7235 3201 21 8 9 9 1.03002396e-04 2.22730179e-04 outputs/V1e24_D30_G10/solution/solution-00004 
  5 5.531088434083e+09 4.209128743690e+08 768 7235 3201 15 8 9 9 1.60939585e-04 3.48860564e-04 outputs/V1e24_D30_G10/solution/solution-00005 
  6 5.799717169954e+09 2.686287358705e+08 768 7235 3201 12 8 9 9 2.22261609e-04 4.83554542e-04 outputs/V1e24_D30_G10/solution/solution-00006 
  7 5.993593954969e+09 1.938767850146e+08 768 7235 3201 11 7 8 8 2.86229867e-04 6.25028727e-04 outputs/V1e24_D30_G10/solution/solution-00007 
  8 6.143565072305e+09 1.499711173366e+08 768 7235 3201 11 7 8 8 3.52551396e-04 7.73096810e-04 outputs/V1e24_D30_G10/solution/solution-00008 
  9 6.264830609597e+09 1.212655372923e+08 768 7235 3201 10 7 8 8 4.21142149e-04 9.26598385e-04 outputs/V1e24_D30_G10/solution/solution-00009 
 10 6.365966422103e+09 1.011358125060e+08 768 7235 3201 10 7 8 8 4.91982027e-04 1.08590564e-03 outputs/V1e24_D30_G10/solution/solution-00010 
 11 6.452314101570e+09 8.634767946709e+07 768 7235 3201 10 6 7 7 5.65068677e-04 1.24959311e-03 outputs/V1e24_D30_G10/solution/solution-00011 
 12 6.527350695713e+09 7.503659414256e+07 768 7235 3201 10 6 7 7 6.40295819e-04 1.41654540e-03 outputs/V1e24_D30_G10/solution/solution-00012 
 13 6.593517823084e+09 6.616712737055e+07 768 7235 3201 10 6 7 7 7.17507065e-04 1.58623497e-03                                            "" 
 14 6.652640298210e+09 5.912247512651e+07 768 7235 3201 10 6 7 7 7.96550627e-04 1.75644235e-03 outputs/V1e24_D30_G10/solution/solution-00013 
 15 6.706015235228e+09 5.337493701812e+07 768 7235 3201 10 6 7 7 8.77109758e-04 1.92681953e-03 outputs/V1e24_D30_G10/solution/solution-00014 
 16 6.754670544369e+09 4.865530914110e+07 768 7235 3201 10 6 7 7 9.58847424e-04 2.09516019e-03                                            "" 
 17 6.799453338701e+09 4.478279433203e+07 768 7235 3201 10 6 7 7 1.04144189e-03 2.26007195e-03                                            "" 
 18 6.840949127275e+09 4.149578857403e+07 768 7235 3201 11 6 7 7 1.12433180e-03 2.41877103e-03 outputs/V1e24_D30_G10/solution/solution-00015 
 19 6.879684929501e+09 3.873580222548e+07 768 7235 3201 11 6 7 7 1.20700574e-03 2.64539952e-03                                            "" 
 20 6.915115365716e+09 3.543043621469e+07 768 7235 3201 11 6 7 7 1.28666875e-03 2.86593857e-03 outputs/V1e24_D30_G10/solution/solution-00016 
 21 6.947839219753e+09 3.272385403772e+07 768 7235 3201 11 6 7 7 1.36307758e-03 3.07772842e-03                                            "" 
 22 6.978329783176e+09 3.049056342301e+07 768 7235 3201 11 6 7 7 1.43600769e-03 3.27953039e-03                                            "" 
 23 7.006946831903e+09 2.861704872654e+07 768 7235 3201 11 6 7 7 1.50520547e-03 3.47019031e-03 outputs/V1e24_D30_G10/solution/solution-00017 
 24 7.033971070988e+09 2.702423908527e+07 768 7235 3201 11 6 7 7 1.57041628e-03 3.65023773e-03                                            "" 
 25 7.059654329711e+09 2.568325872324e+07 768 7235 3201 12 6 7 7 1.63146951e-03 3.81870191e-03                                            "" 
 26 7.084204557047e+09 2.455022733571e+07 768 7235 3201 12 6 7 7 1.68821353e-03 3.97395808e-03                                            "" 
 27 7.107795646379e+09 2.359108933159e+07 768 7235 3201 12 6 7 7 1.74051792e-03 4.11561558e-03 outputs/V1e24_D30_G10/solution/solution-00018 
 28 7.130574741773e+09 2.277909539423e+07 768 7235 3201 12 6 7 7 1.78827533e-03 4.24366186e-03                                            "" 
 29 7.152667756119e+09 2.209301434656e+07 768 7235 3201 12 6 7 7 1.83140334e-03 4.36006327e-03                                            "" 
 30 7.174183594938e+09 2.151583881858e+07 768 7235 3201 12 6 7 7 1.86984605e-03 4.46242086e-03                                            "" 
 31 7.195215018646e+09 2.103142370801e+07 768 7235 3201 12 6 7 7 1.90357186e-03 4.55079164e-03                                            "" 
 32 7.215829277190e+09 2.061425854429e+07 768 7235 3201 12 6 7 7 1.93256148e-03 4.62529462e-03 outputs/V1e24_D30_G10/solution/solution-00019 
 33 7.236103544342e+09 2.027426715197e+07 768 7235 3201 12 6 7 7 1.95686050e-03 4.68623712e-03                                            "" 
 34 7.256106966240e+09 2.000342189763e+07 768 7235 3201 12 6 7 7 1.97654261e-03 4.73400805e-03                                            "" 
 35 7.275902047242e+09 1.979508100233e+07 768 7235 3201 12 6 7 7 1.99170938e-03 4.76907049e-03                                            "" 
 36 7.295545761935e+09 1.964371469324e+07 768 7235 3201 12 6 7 7 2.00248942e-03 4.79300009e-03                                            "" 
 37 7.315090450621e+09 1.954468868597e+07 768 7235 3201 12 6 7 7 2.00903714e-03 4.80662103e-03 outputs/V1e24_D30_G10/solution/solution-00020 
 38 7.334584541678e+09 1.949409105683e+07 768 7235 3201 12 6 7 7 2.01153092e-03 4.80901843e-03                                            "" 
 39 7.354073133995e+09 1.948859231680e+07 768 7235 3201 12 6 7 7 2.01017089e-03 4.80087404e-03                                            "" 
 40 7.373598465120e+09 1.952533112510e+07 768 7235 3201 12 6 7 7 2.00517627e-03 4.78291105e-03                                            "" 
 41 7.393200285112e+09 1.960181999195e+07 768 7235 3201 12 6 7 7 1.99678244e-03 4.75588559e-03                                            "" 
 42 7.412916151862e+09 1.971586674994e+07 768 7235 3201 12 6 7 7 1.98523765e-03 4.72057797e-03 outputs/V1e24_D30_G10/solution/solution-00021 
 43 7.432781660514e+09 1.986550865212e+07 768 7235 3201 12 6 7 7 1.97079971e-03 4.67778381e-03                                            "" 
 44 7.452830617271e+09 2.004895675676e+07 768 7235 3201 12 6 7 7 1.95373254e-03 4.62830516e-03                                            "" 
 45 7.473095166110e+09 2.026454883919e+07 768 7235 3201 12 6 7 7 1.93430277e-03 4.57294181e-03                                            "" 
 46 7.493605875597e+09 2.051070948721e+07 768 7235 3201 12 6 7 7 1.91277653e-03 4.51248289e-03                                            "" 
 47 7.514391791940e+09 2.078591634275e+07 768 7235 3201 12 6 7 7 1.88941637e-03 4.44769907e-03 outputs/V1e24_D30_G10/solution/solution-00022 
 48 7.535480463632e+09 2.108867169185e+07 768 7235 3201 11 6 7 7 1.86447858e-03 4.37933534e-03                                            "" 
 49 7.556897942433e+09 2.141747880099e+07 768 7235 3201 11 6 7 7 1.83821073e-03 4.30810476e-03                                            "" 
 50 7.578668764994e+09 2.177082256086e+07 768 7235 3201 11 6 7 7 1.81084966e-03 4.23468303e-03                                            "" 
 51 7.600815919119e+09 2.214715412540e+07 768 7235 3201 11 6 7 7 1.78261979e-03 4.15970409e-03 outputs/V1e24_D30_G10/solution/solution-00023 
 52 7.623360798445e+09 2.254487932532e+07 768 7235 3201 11 6 7 7 1.75373184e-03 4.08375675e-03                                            "" 
 53 7.646323149135e+09 2.296235069093e+07 768 7235 3201 11 6 7 7 1.72438185e-03 4.00738234e-03                                            "" 
 54 7.669721012081e+09 2.339786294525e+07 768 7235 3201 11 6 7 7 1.69475059e-03 3.93107322e-03                                            "" 
 55 7.693570663912e+09 2.384965183112e+07 768 7235 3201 11 6 7 7 1.66500317e-03 3.85527234e-03                                            "" 
 56 7.717886560034e+09 2.431589612204e+07 768 7235 3201 11 6 7 7 1.63528902e-03 3.78037347e-03 outputs/V1e24_D30_G10/solution/solution-00024 
 57 7.742681282673e+09 2.479472263930e+07 768 7235 3201 11 6 7 7 1.60574201e-03 3.70672222e-03                                            "" 
 58 7.767965496735e+09 2.528421406177e+07 768 7235 3201 11 6 7 7 1.57648077e-03 3.63461761e-03                                            "" 
 59 7.793747916005e+09 2.578241927044e+07 768 7235 3201 11 6 7 7 1.54760925e-03 3.56431418e-03                                            "" 
 60 7.820035281926e+09 2.628736592072e+07 768 7235 3201 11 6 7 7 1.51921724e-03 3.49602439e-03 outputs/V1e24_D30_G10/solution/solution-00025 
 61 7.846832356810e+09 2.679707488392e+07 768 7235 3201 11 6 7 7 1.49138117e-03 3.43030405e-03                                            "" 
 62 7.874141932960e+09 2.730957614981e+07 768 7235 3201 11 6 7 7 1.46416487e-03 3.36752897e-03                                            "" 
 63 7.901964858698e+09 2.782292573864e+07 768 7235 3201 11 6 7 7 1.43762035e-03 3.30715685e-03 outputs/V1e24_D30_G10/solution/solution-00026 
 64 7.930300081837e+09 2.833522313879e+07 768 7235 3201 11 6 7 7 1.41178875e-03 3.24925805e-03                                            "" 
 65 7.959144710606e+09 2.884462876870e+07 768 7235 3201 11 6 7 7 1.38670120e-03 3.19387638e-03                                            "" 
 66 7.988494091569e+09 2.934938096305e+07 768 7235 3201 11 6 7 7 1.36237965e-03 3.14103189e-03                                            "" 
 67 8.018341903573e+09 2.984781200396e+07 768 7235 3201 10 6 7 7 1.33883785e-03 3.09072369e-03 outputs/V1e24_D30_G10/solution/solution-00027 
 68 8.048680266332e+09 3.033836275912e+07 768 7235 3201 10 6 7 7 1.31608215e-03 3.04293250e-03                                            "" 
 69 8.079499861880e+09 3.081959554749e+07 768 7235 3201 10 6 7 7 1.29411235e-03 2.99762317e-03                                            "" 
 70 8.110790066807e+09 3.129020492716e+07 768 7235 3201 10 6 7 7 1.27292252e-03 2.95474701e-03 outputs/V1e24_D30_G10/solution/solution-00028 
 71 8.142539092991e+09 3.174902618412e+07 768 7235 3201 10 6 7 7 1.25250180e-03 2.91424388e-03                                            "" 
 72 8.174734134381e+09 3.219504138982e+07 768 7235 3201 10 6 7 7 1.23283508e-03 2.87604423e-03                                            "" 
 73 8.207361517365e+09 3.262738298480e+07 768 7235 3201 10 6 7 7 1.21390373e-03 2.84007084e-03 outputs/V1e24_D30_G10/solution/solution-00029 
 74 8.240398074482e+09 3.303655711690e+07 768 7235 3201 10 6 7 7 1.19569091e-03 2.80624912e-03                                            "" 
 75 8.273827012056e+09 3.342893757340e+07 768 7235 3201 10 6 7 7 1.17817302e-03 2.77449106e-03                                            "" 
 76 8.307632918055e+09 3.380590599882e+07 768 7235 3201 10 6 7 7 1.16132368e-03 2.74470356e-03 outputs/V1e24_D30_G10/solution/solution-00030 
 77 8.341800161778e+09 3.416724372385e+07 768 7235 3201 10 6 7 7 1.14511532e-03 2.71679161e-03                                            "" 
 78 8.376313025673e+09 3.451286389469e+07 768 7235 3201 10 6 7 7 1.12951955e-03 2.69065925e-03                                            "" 
 79 8.411155828187e+09 3.484280251438e+07 768 7235 3201 10 6 7 7 1.11450755e-03 2.66659396e-03 outputs/V1e24_D30_G10/solution/solution-00031 
 80 8.446313036722e+09 3.515720853491e+07 768 7235 3201 10 6 7 7 1.10005046e-03 2.64409744e-03                                            "" 
 81 8.481769370022e+09 3.545633330005e+07 768 7235 3201 10 6 7 7 1.08611956e-03 2.62307322e-03                                            "" 
 82 8.517509889634e+09 3.574051961178e+07 768 7235 3201 10 6 7 7 1.07268659e-03 2.60342970e-03 outputs/V1e24_D30_G10/solution/solution-00032 
 83 8.553520080299e+09 3.601019066515e+07 768 7235 3201 10 6 7 7 1.05972394e-03 2.58507737e-03                                            "" 
 84 8.589785919364e+09 3.626583906486e+07 768 7235 3201 10 5 6 6 1.04720476e-03 2.56792918e-03                                            "" 
 85 8.626293935580e+09 3.650801621597e+07 768 7235 3201  9 5 6 6 1.03510315e-03 2.55190079e-03 outputs/V1e24_D30_G10/solution/solution-00033 
 86 8.663031257146e+09 3.673732156599e+07 768 7235 3201  9 5 6 6 1.02339422e-03 2.53691080e-03                                            "" 
 87 8.699985650657e+09 3.695439351061e+07 768 7235 3201  9 5 6 6 1.01205419e-03 2.52288086e-03                                            "" 
 88 8.737145550425e+09 3.715989976819e+07 768 7235 3201  9 5 6 6 1.00106042e-03 2.50973583e-03 outputs/V1e24_D30_G10/solution/solution-00034 
 89 8.774500079444e+09 3.735452901855e+07 768 7235 3201  9 5 6 6 9.90391437e-04 2.49740382e-03                                            "" 
 90 8.812039062586e+09 3.753898314232e+07 768 7235 3201  9 5 6 6 9.80026995e-04 2.48581625e-03 outputs/V1e24_D30_G10/solution/solution-00035 
 91 8.849753032785e+09 3.771397019937e+07 768 7235 3201  9 5 6 6 9.69948030e-04 2.47490786e-03                                            "" 
 92 8.887633230934e+09 3.788019814835e+07 768 7235 3201  9 5 6 6 9.60136676e-04 2.46461669e-03                                            "" 
 93 8.925671600230e+09 3.803836929636e+07 768 7235 3201  9 5 6 6 9.50576240e-04 2.45488411e-03 outputs/V1e24_D30_G10/solution/solution-00036 
 94 8.963860775687e+09 3.818917545705e+07 768 7235 3201  9 5 6 6 9.41251183e-04 2.44565470e-03                                            "" 
 95 9.002194069474e+09 3.833329378713e+07 768 7235 3201  9 5 6 6 9.32147083e-04 2.43687625e-03 outputs/V1e24_D30_G10/solution/solution-00037 
 96 9.040665452739e+09 3.847138326516e+07 768 7235 3201  9 5 6 6 9.23250603e-04 2.42849967e-03                                            "" 
 97 9.079269534512e+09 3.860408177286e+07 768 7235 3201  9 5 6 6 9.14549452e-04 2.42047896e-03                                            "" 
 98 9.118001538248e+09 3.873200373603e+07 768 7235 3201  9 5 6 6 9.06032342e-04 2.41277104e-03 outputs/V1e24_D30_G10/solution/solution-00038 
 99 9.156857276530e+09 3.885573828175e+07 768 7235 3201  9 5 6 6 8.97688938e-04 2.40533574e-03                                            "" 
100 9.195833124398e+09 3.897584786767e+07 768 7235 3201  9 5 6 6 8.89509814e-04 2.39813568e-03                                            "" 
