# 1: Time step number
# 2: Time (years)
# 3: Time step size (years)
# 4: Number of mesh cells
# 5: Number of Stokes degrees of freedom
# 6: Number of temperature degrees of freedom
# 7: Iterations for temperature solver
# 8: Iterations for Stokes solver
# 9: Velocity iterations in Stokes preconditioner
# 10: Schur complement iterations in Stokes preconditioner
# 11: RMS velocity (m/year)
# 12: Max. velocity (m/year)
# 13: Visualization file name
  0 0.000000000000e+00 0.000000000000e+00 768 7235 3201  0 8 9 9 9.27005059e-07 1.63000582e-06 outputs/V1e25_D100_G14/solution/solution-00000 
  1 1.392571516413e+09 1.392571516413e+09 768 7235 3201 32 8 9 9 9.65931128e-07 1.66550347e-06 outputs/V1e25_D100_G14/solution/solution-00001 
  2 2.785143032825e+09 1.392571516413e+09 768 7235 3201 25 8 9 9 1.04571113e-06 1.85535331e-06 outputs/V1e25_D100_G14/solution/solution-00002 
  3 4.177714549238e+09 1.392571516413e+09 768 7235 3201 24 8 9 9 1.18290679e-06 2.15830292e-06 outputs/V1e25_D100_G14/solution/solution-00003 
  4 5.570286065650e+09 1.392571516413e+09 768 7235 3201 23 8 9 9 1.39537137e-06 2.60502331e-06 outputs/V1e25_D100_G14/solution/solution-00004 
  5 6.962857582063e+09 1.392571516413e+09 768 7235 3201 23 8 9 9 1.70765085e-06 3.23926479e-06 outputs/V1e25_D100_G14/solution/solution-00005 
  6 8.355429098476e+09 1.392571516413e+09 768 7235 3201 22 8 9 9 2.15501024e-06 4.12593577e-06 outputs/V1e25_D100_G14/solution/solution-00006 
  7 9.748000614888e+09 1.392571516413e+09 768 7235 3201 21 8 9 9 2.78867270e-06 5.36006388e-06 outputs/V1e25_D100_G14/solution/solution-00007 
  8 1.114057213130e+10 1.392571516413e+09 768 7235 3201 21 8 9 9 3.68290911e-06 7.07923051e-06 outputs/V1e25_D100_G14/solution/solution-00008 
  9 1.253314364771e+10 1.392571516413e+09 768 7235 3201 21 8 9 9 4.94514187e-06 9.48159671e-06 outputs/V1e25_D100_G14/solution/solution-00009 
 10 1.392571516413e+10 1.392571516413e+09 768 7235 3201 21 8 9 9 6.73056176e-06 1.28520948e-05 outputs/V1e25_D100_G14/solution/solution-00010 
 11 1.531828668054e+10 1.392571516413e+09 768 7235 3201 21 8 9 9 9.26335294e-06 1.76032289e-05 outputs/V1e25_D100_G14/solution/solution-00011 
 12 1.671085819695e+10 1.392571516413e+09 768 7235 3201 20 8 9 9 1.28675075e-05 2.43259426e-05 outputs/V1e25_D100_G14/solution/solution-00012 
 13 1.810342971336e+10 1.392571516413e+09 768 7235 3201 21 7 8 8 1.80114475e-05 3.38699555e-05 outputs/V1e25_D100_G14/solution/solution-00013 
 14 1.949600122978e+10 1.392571516413e+09 768 7235 3201 20 7 8 8 2.53722268e-05 4.74560028e-05 outputs/V1e25_D100_G14/solution/solution-00014 
 15 2.088857274619e+10 1.392571516413e+09 768 7235 3201 21 7 8 8 3.59264752e-05 6.68487057e-05 outputs/V1e25_D100_G14/solution/solution-00015 
 16 2.228114426260e+10 1.392571516413e+09 768 7235 3201 22 7 8 8 5.10743127e-05 9.45955149e-05 outputs/V1e25_D100_G14/solution/solution-00016 
 17 2.327262318856e+10 9.914789259539e+08 768 7235 3201 19 7 8 8 6.60302508e-05 1.21878737e-04 outputs/V1e25_D100_G14/solution/solution-00017 
 18 2.404183037275e+10 7.692071841949e+08 768 7235 3201 17 7 8 8 8.09303834e-05 1.49020538e-04 outputs/V1e25_D100_G14/solution/solution-00018 
 19 2.467093828934e+10 6.291079165916e+08 768 7235 3201 15 6 7 7 9.57836946e-05 1.76001062e-04 outputs/V1e25_D100_G14/solution/solution-00019 
 20 2.520378897314e+10 5.328506838021e+08 768 7235 3201 14 6 7 7 1.10571826e-04 2.02793789e-04 outputs/V1e25_D100_G14/solution/solution-00020 
 21 2.566615039002e+10 4.623614168743e+08 768 7235 3201 13 6 7 7 1.25261350e-04 2.29246072e-04 outputs/V1e25_D100_G14/solution/solution-00021 
 22 2.607492663769e+10 4.087762476732e+08 768 7235 3201 12 6 7 7 1.39829682e-04 2.55554234e-04 outputs/V1e25_D100_G14/solution/solution-00022 
 23 2.644179469428e+10 3.668680565841e+08 768 7235 3201 12 6 7 7 1.54260144e-04 2.81468560e-04 outputs/V1e25_D100_G14/solution/solution-00023 
 24 2.677505729696e+10 3.332626026835e+08 768 7235 3201 11 6 7 7 1.68534448e-04 3.06936518e-04 outputs/V1e25_D100_G14/solution/solution-00024 
 25 2.708049504895e+10 3.054377519873e+08 768 7235 3201 11 6 7 7 1.82616459e-04 3.32041403e-04 outputs/V1e25_D100_G14/solution/solution-00025 
 26 2.736283935636e+10 2.823443074122e+08 768 7235 3201 11 6 7 7 1.96485783e-04 3.56574060e-04 outputs/V1e25_D100_G14/solution/solution-00026 
 27 2.762575808885e+10 2.629187324939e+08 768 7235 3201 10 6 7 7 2.10120133e-04 3.80589000e-04 outputs/V1e25_D100_G14/solution/solution-00027 
 28 2.787215411807e+10 2.463960292161e+08 768 7235 3201 10 6 7 7 2.23495617e-04 4.04040887e-04 outputs/V1e25_D100_G14/solution/solution-00028 
 29 2.810430513548e+10 2.321510174136e+08 768 7235 3201 10 6 7 7 2.36583577e-04 4.26780901e-04 outputs/V1e25_D100_G14/solution/solution-00029 
 30 2.832400200972e+10 2.196968742395e+08 768 7235 3201 10 6 7 7 2.49350431e-04 4.48748719e-04 outputs/V1e25_D100_G14/solution/solution-00030 
 31 2.853286821355e+10 2.088662038247e+08 768 7235 3201 10 6 7 7 2.61771120e-04 4.69955160e-04 outputs/V1e25_D100_G14/solution/solution-00031 
 32 2.873226392492e+10 1.993957113728e+08 768 7235 3201 10 6 7 7 2.73820416e-04 4.90571011e-04 outputs/V1e25_D100_G14/solution/solution-00032 
 33 2.892334130296e+10 1.910773780376e+08 768 7235 3201  9 6 7 7 2.85473312e-04 5.10300702e-04 outputs/V1e25_D100_G14/solution/solution-00033 
 34 2.910708600404e+10 1.837447010823e+08 768 7235 3201  9 6 7 7 2.96705389e-04 5.29107722e-04 outputs/V1e25_D100_G14/solution/solution-00034 
 35 2.928434885954e+10 1.772628555008e+08 768 7235 3201  9 6 7 7 3.07493175e-04 5.46959507e-04 outputs/V1e25_D100_G14/solution/solution-00035 
 36 2.945584482658e+10 1.714959670414e+08 768 7235 3201  9 6 7 7 3.17812959e-04 5.63825226e-04 outputs/V1e25_D100_G14/solution/solution-00036 
 37 2.962216100038e+10 1.663161737982e+08 768 7235 3201  9 6 7 7 3.27640612e-04 5.79691382e-04 outputs/V1e25_D100_G14/solution/solution-00037 
 38 2.978388498479e+10 1.617239844055e+08 768 7235 3201  9 6 7 7 3.36958689e-04 5.94659261e-04 outputs/V1e25_D100_G14/solution/solution-00038 
 39 2.994153829330e+10 1.576533085175e+08 768 7235 3201  9 6 7 7 3.45751805e-04 6.08574957e-04 outputs/V1e25_D100_G14/solution/solution-00039 
 40 3.009558669599e+10 1.540484026830e+08 768 7235 3201  9 6 7 7 3.54006840e-04 6.21429082e-04 outputs/V1e25_D100_G14/solution/solution-00040 
 41 3.024644864111e+10 1.508619451208e+08 768 7235 3201  9 6 7 7 3.61713094e-04 6.33216935e-04 outputs/V1e25_D100_G14/solution/solution-00041 
 42 3.039450216727e+10 1.480535261596e+08 768 7235 3201  9 5 6 6 3.68862400e-04 6.43938434e-04 outputs/V1e25_D100_G14/solution/solution-00042 
 43 3.054009061952e+10 1.455884522551e+08 768 7235 3201  9 5 6 6 3.75449192e-04 6.53598000e-04 outputs/V1e25_D100_G14/solution/solution-00043 
 44 3.068352741089e+10 1.434367913717e+08 768 7235 3201  9 5 6 6 3.81470546e-04 6.62204405e-04 outputs/V1e25_D100_G14/solution/solution-00044 
 45 3.082510001182e+10 1.415726009253e+08 768 7235 3201  9 5 6 6 3.86926161e-04 6.69770580e-04 outputs/V1e25_D100_G14/solution/solution-00045 
 46 3.096507331437e+10 1.399733025518e+08 768 7235 3201  9 5 6 6 3.91818320e-04 6.76313388e-04 outputs/V1e25_D100_G14/solution/solution-00046 
 47 3.110369248356e+10 1.386191691859e+08 768 7235 3201  9 5 6 6 3.96151806e-04 6.83552199e-04 outputs/V1e25_D100_G14/solution/solution-00047 
 48 3.124080060666e+10 1.371081231081e+08 768 7235 3201  9 5 6 6 3.99923925e-04 6.91611084e-04 outputs/V1e25_D100_G14/solution/solution-00048 
 49 3.137633359092e+10 1.355329842573e+08 768 7235 3201  9 5 6 6 4.03142393e-04 6.98530347e-04 outputs/V1e25_D100_G14/solution/solution-00049 
 50 3.151054904514e+10 1.342154542188e+08 768 7235 3201  9 5 6 6 4.05827164e-04 7.04321205e-04 outputs/V1e25_D100_G14/solution/solution-00050 
 51 3.164368820041e+10 1.331391552679e+08 768 7235 3201  9 5 6 6 4.07998902e-04 7.08998802e-04 outputs/V1e25_D100_G14/solution/solution-00051 
 52 3.177597812865e+10 1.322899282382e+08 768 7235 3201  9 5 6 6 4.09678763e-04 7.12582145e-04 outputs/V1e25_D100_G14/solution/solution-00052 
 53 3.190760935415e+10 1.316312255072e+08 768 7235 3201  9 5 6 6 4.10888010e-04 7.15093657e-04 outputs/V1e25_D100_G14/solution/solution-00053 
 54 3.203873638408e+10 1.311270299299e+08 768 7235 3201  9 5 6 6 4.11648231e-04 7.16659549e-04 outputs/V1e25_D100_G14/solution/solution-00054 
 55 3.216955163678e+10 1.308152526974e+08 768 7235 3201  9 5 6 6 4.11981625e-04 7.17357518e-04 outputs/V1e25_D100_G14/solution/solution-00055 
 56 3.230023960977e+10 1.306879729885e+08 768 7235 3201  9 5 6 6 4.11910177e-04 7.17081333e-04 outputs/V1e25_D100_G14/solution/solution-00056 
 57 3.243097791758e+10 1.307383078139e+08 768 7235 3201  9 5 6 6 4.11455529e-04 7.15865989e-04 outputs/V1e25_D100_G14/solution/solution-00057 
 58 3.256193818305e+10 1.309602654639e+08 768 7235 3201  9 5 6 6 4.10638886e-04 7.13895843e-04 outputs/V1e25_D100_G14/solution/solution-00058 
 59 3.269328680018e+10 1.313486171341e+08 768 7235 3201  9 5 6 6 4.09480930e-04 7.11184463e-04 outputs/V1e25_D100_G14/solution/solution-00059 
 60 3.282516993092e+10 1.318831307398e+08 768 7235 3201  9 5 6 6 4.08001957e-04 7.07650379e-04 outputs/V1e25_D100_G14/solution/solution-00060 
 61 3.295766963506e+10 1.324997041342e+08 768 7235 3201  9 5 6 6 4.06222641e-04 7.03338942e-04 outputs/V1e25_D100_G14/solution/solution-00061 
 62 3.309093983870e+10 1.332702036424e+08 768 7235 3201  9 5 6 6 4.04162339e-04 6.98415509e-04 outputs/V1e25_D100_G14/solution/solution-00062 
 63 3.322513137416e+10 1.341915354626e+08 768 7235 3201  9 5 6 6 4.01839652e-04 6.93113297e-04 outputs/V1e25_D100_G14/solution/solution-00063 
 64 3.336039230880e+10 1.352609346360e+08 768 7235 3201  9 5 6 6 3.99272420e-04 6.87153697e-04 outputs/V1e25_D100_G14/solution/solution-00064 
 65 3.349686820748e+10 1.364758986814e+08 768 7235 3201  9 5 6 6 3.96477734e-04 6.80582998e-04 outputs/V1e25_D100_G14/solution/solution-00065 
 66 3.363465000949e+10 1.377818020098e+08 768 7235 3201  9 5 6 6 3.93473127e-04 6.73547797e-04 outputs/V1e25_D100_G14/solution/solution-00066 
 67 3.377383834990e+10 1.391883404171e+08 768 7235 3201  9 5 6 6 3.90275381e-04 6.66143610e-04 outputs/V1e25_D100_G14/solution/solution-00067 
 68 3.391457376881e+10 1.407354189046e+08 768 7235 3201  9 5 6 6 3.86899695e-04 6.58258789e-04 outputs/V1e25_D100_G14/solution/solution-00068 
 69 3.405699495869e+10 1.424211898785e+08 768 7235 3201  9 5 6 6 3.83360558e-04 6.50077832e-04 outputs/V1e25_D100_G14/solution/solution-00069 
 70 3.420123878166e+10 1.442438229773e+08 768 7235 3201  9 5 6 6 3.79671803e-04 6.41581766e-04 outputs/V1e25_D100_G14/solution/solution-00070 
 71 3.434739768499e+10 1.461589033257e+08 768 7235 3201  9 5 6 6 3.75847783e-04 6.32728690e-04 outputs/V1e25_D100_G14/solution/solution-00071 
 72 3.449556203489e+10 1.481643499011e+08 768 7235 3201  9 5 6 6 3.71902381e-04 6.23567674e-04 outputs/V1e25_D100_G14/solution/solution-00072 
 73 3.464586614226e+10 1.503041073652e+08 768 7235 3201  9 5 6 6 3.67847775e-04 6.14419201e-04 outputs/V1e25_D100_G14/solution/solution-00073 
 74 3.479844235952e+10 1.525762172677e+08 768 7235 3201  9 5 6 6 3.63695661e-04 6.05030282e-04 outputs/V1e25_D100_G14/solution/solution-00074 
 75 3.495342088922e+10 1.549785296983e+08 768 7235 3201  9 5 6 6 3.59457322e-04 5.95430385e-04 outputs/V1e25_D100_G14/solution/solution-00075 
 76 3.511090374040e+10 1.574828511776e+08 768 7235 3201  9 5 6 6 3.55144405e-04 5.85683181e-04 outputs/V1e25_D100_G14/solution/solution-00076 
 77 3.527097321659e+10 1.600694761889e+08 768 7235 3201  9 5 6 6 3.50768735e-04 5.75917837e-04 outputs/V1e25_D100_G14/solution/solution-00077 
 78 3.543375685340e+10 1.627836368147e+08 768 7235 3201  9 5 6 6 3.46340577e-04 5.66047044e-04 outputs/V1e25_D100_G14/solution/solution-00078 
 79 3.559937912981e+10 1.656222764102e+08 768 7235 3201  9 5 6 6 3.41870015e-04 5.56109538e-04 outputs/V1e25_D100_G14/solution/solution-00079 
 80 3.576796102513e+10 1.685818953112e+08 768 7235 3201  9 5 6 6 3.37367013e-04 5.46199469e-04 outputs/V1e25_D100_G14/solution/solution-00080 
 81 3.593961950919e+10 1.716584840692e+08 768 7235 3201  9 5 6 6 3.32841478e-04 5.36303065e-04 outputs/V1e25_D100_G14/solution/solution-00081 
 82 3.611446696214e+10 1.748474529436e+08 768 7235 3201  9 5 6 6 3.28303309e-04 5.26594759e-04 outputs/V1e25_D100_G14/solution/solution-00082 
 83 3.629258522461e+10 1.781182624721e+08 768 7235 3201  9 5 6 6 3.23763083e-04 5.20635042e-04 outputs/V1e25_D100_G14/solution/solution-00083 
 84 3.647281324212e+10 1.802280175113e+08 768 7235 3201  9 5 6 6 3.19261910e-04 5.14789321e-04 outputs/V1e25_D100_G14/solution/solution-00084 
 85 3.665509947911e+10 1.822862369847e+08 768 7235 3201  9 5 6 6 3.14811144e-04 5.09069753e-04 outputs/V1e25_D100_G14/solution/solution-00085 
 86 3.683944496434e+10 1.843454852338e+08 768 7235 3201  9 5 6 6 3.10420193e-04 5.03485208e-04 outputs/V1e25_D100_G14/solution/solution-00086 
 87 3.702584590759e+10 1.864009432492e+08 768 7235 3201  9 5 6 6 3.06097998e-04 4.98043299e-04 outputs/V1e25_D100_G14/solution/solution-00087 
 88 3.721429381531e+10 1.884479077166e+08 768 7235 3201  9 5 6 6 3.01853026e-04 4.92750460e-04 outputs/V1e25_D100_G14/solution/solution-00088 
 89 3.740477562177e+10 1.904818064612e+08 768 7235 3201  9 5 6 6 2.97693273e-04 4.87612037e-04 outputs/V1e25_D100_G14/solution/solution-00089 
 90 3.759725831405e+10 1.924826922841e+08 768 7235 3201  9 5 6 6 2.93626574e-04 4.82632753e-04 outputs/V1e25_D100_G14/solution/solution-00090 
 91 3.779171622303e+10 1.944579089809e+08 768 7235 3201  9 5 6 6 2.89659998e-04 4.77816054e-04 outputs/V1e25_D100_G14/solution/solution-00091 
 92 3.798812459500e+10 1.964083719697e+08 768 7235 3201  9 5 6 6 2.85799999e-04 4.73164395e-04 outputs/V1e25_D100_G14/solution/solution-00092 
 93 3.818645491134e+10 1.983303163404e+08 768 7235 3201  9 5 6 6 2.82052522e-04 4.68679453e-04 outputs/V1e25_D100_G14/solution/solution-00093 
 94 3.838667508811e+10 2.002201767709e+08 768 7235 3201  9 5 6 6 2.78422984e-04 4.64362190e-04 outputs/V1e25_D100_G14/solution/solution-00094 
 95 3.858874968477e+10 2.020745966604e+08 768 7235 3201  9 5 6 6 2.74916271e-04 4.60212928e-04 outputs/V1e25_D100_G14/solution/solution-00095 
 96 3.879264012085e+10 2.038904360802e+08 768 7235 3201  9 5 6 6 2.71536731e-04 4.56231401e-04 outputs/V1e25_D100_G14/solution/solution-00096 
 97 3.899830489923e+10 2.056647783780e+08 768 7235 3201  9 5 6 6 2.68288172e-04 4.52416822e-04 outputs/V1e25_D100_G14/solution/solution-00097 
 98 3.920569983452e+10 2.073949352841e+08 768 7235 3201  9 5 6 6 2.65173860e-04 4.48767932e-04 outputs/V1e25_D100_G14/solution/solution-00098 
 99 3.941477828490e+10 2.090784503885e+08 768 7235 3201  9 5 6 6 2.62196532e-04 4.45283060e-04 outputs/V1e25_D100_G14/solution/solution-00099 
100 3.962549138579e+10 2.107131008840e+08 768 7235 3201  9 5 6 6 2.59358402e-04 4.41960165e-04 outputs/V1e25_D100_G14/solution/solution-00100 
