# 1: Time step number
# 2: Time (years)
# 3: Time step size (years)
# 4: Number of mesh cells
# 5: Number of Stokes degrees of freedom
# 6: Number of temperature degrees of freedom
# 7: Iterations for temperature solver
# 8: Iterations for Stokes solver
# 9: Velocity iterations in Stokes preconditioner
# 10: Schur complement iterations in Stokes preconditioner
# 11: RMS velocity (m/year)
# 12: Max. velocity (m/year)
# 13: Visualization file name
  0 0.000000000000e+00 0.000000000000e+00 768 7235 3201  0 8 9 9 2.40445582e-06 4.13180006e-06 outputs/V3.3e24_D300_G12/solution/solution-00000 
  1 1.392571516413e+09 1.392571516413e+09 768 7235 3201 31 8 9 9 3.34904948e-06 5.84254268e-06 outputs/V3.3e24_D300_G12/solution/solution-00001 
  2 2.785143032825e+09 1.392571516413e+09 768 7235 3201 25 8 9 9 5.14446437e-06 9.33015570e-06 outputs/V3.3e24_D300_G12/solution/solution-00002 
  3 4.177714549238e+09 1.392571516413e+09 768 7235 3201 24 8 9 9 8.58500418e-06 1.60518538e-05 outputs/V3.3e24_D300_G12/solution/solution-00003 
  4 5.570286065650e+09 1.392571516413e+09 768 7235 3201 23 8 9 9 1.53263885e-05 2.91743347e-05 outputs/V3.3e24_D300_G12/solution/solution-00004 
  5 6.962857582063e+09 1.392571516413e+09 768 7235 3201 22 8 9 9 2.88577619e-05 5.53433106e-05 outputs/V3.3e24_D300_G12/solution/solution-00005 
  6 8.355429098476e+09 1.392571516413e+09 768 7235 3201 23 8 9 9 5.66427185e-05 1.08653155e-04 outputs/V3.3e24_D300_G12/solution/solution-00006 
  7 9.218157908004e+09 8.627288095285e+08 768 7235 3201 19 8 9 9 8.98945237e-05 1.72264006e-04 outputs/V3.3e24_D300_G12/solution/solution-00007 
  8 9.762506324413e+09 5.443484164089e+08 768 7235 3201 16 7 8 8 1.23399562e-04 2.36240929e-04 outputs/V3.3e24_D300_G12/solution/solution-00008 
  9 1.015934695816e+10 3.968406337465e+08 768 7235 3201 13 7 8 8 1.57334359e-04 3.00944811e-04 outputs/V3.3e24_D300_G12/solution/solution-00009 
 10 1.047093357218e+10 3.115866140220e+08 768 7235 3201 12 7 8 8 1.91554387e-04 3.66052094e-04 outputs/V3.3e24_D300_G12/solution/solution-00010 
 11 1.072700709160e+10 2.560735194162e+08 768 7235 3201 11 6 7 7 2.25935935e-04 4.31444360e-04 outputs/V3.3e24_D300_G12/solution/solution-00011 
 12 1.094434385300e+10 2.173367614057e+08 768 7235 3201 10 6 7 7 2.60431806e-04 4.96806932e-04 outputs/V3.3e24_D300_G12/solution/solution-00012 
 13 1.113304894948e+10 1.887050964756e+08 768 7235 3201 10 6 7 7 2.94982867e-04 5.62117542e-04 outputs/V3.3e24_D300_G12/solution/solution-00013 
 14 1.129982901427e+10 1.667800647900e+08 768 7235 3201 10 6 7 7 3.29547939e-04 6.27264263e-04 outputs/V3.3e24_D300_G12/solution/solution-00014 
 15 1.144934767559e+10 1.495186613210e+08 768 7235 3201  9 6 7 7 3.64087985e-04 6.91679028e-04 outputs/V3.3e24_D300_G12/solution/solution-00015 
 16 1.158482950031e+10 1.354818247194e+08 768 7235 3201  9 6 7 7 3.98520598e-04 7.56059532e-04 outputs/V3.3e24_D300_G12/solution/solution-00016 
 17 1.170885289827e+10 1.240233979563e+08 768 7235 3201  9 6 7 7 4.32802326e-04 8.19398025e-04 outputs/V3.3e24_D300_G12/solution/solution-00017 
 18 1.182329120328e+10 1.144383050126e+08 768 7235 3201  9 6 7 7 4.66849957e-04 8.81921471e-04 outputs/V3.3e24_D300_G12/solution/solution-00018 
 19 1.192959318487e+10 1.063019815955e+08 768 7235 3201  9 6 7 7 5.00563999e-04 9.43035927e-04 outputs/V3.3e24_D300_G12/solution/solution-00019 
 20 1.202900615238e+10 9.941296750595e+07 768 7235 3201  9 6 7 7 5.33866694e-04 1.00298664e-03 outputs/V3.3e24_D300_G12/solution/solution-00020 
 21 1.212253497891e+10 9.352882653178e+07 768 7235 3201  9 6 7 7 5.66669316e-04 1.06114345e-03 outputs/V3.3e24_D300_G12/solution/solution-00021 
 22 1.221090272012e+10 8.836774121131e+07 768 7235 3201  9 6 7 7 5.98837019e-04 1.11709279e-03 outputs/V3.3e24_D300_G12/solution/solution-00022 
 23 1.229479870885e+10 8.389598873096e+07 768 7235 3201  9 6 7 7 6.30263586e-04 1.17122200e-03                                               "" 
 24 1.237481627642e+10 8.001756756577e+07 768 7235 3201  9 6 7 7 6.60843617e-04 1.22338040e-03 outputs/V3.3e24_D300_G12/solution/solution-00023 
 25 1.245145835399e+10 7.664207756787e+07 768 7235 3201  9 6 7 7 6.90468038e-04 1.27281054e-03 outputs/V3.3e24_D300_G12/solution/solution-00024 
 26 1.252515577364e+10 7.369741964815e+07 768 7235 3201  9 6 7 7 7.19026141e-04 1.31935501e-03 outputs/V3.3e24_D300_G12/solution/solution-00025 
 27 1.259624181254e+10 7.108603890015e+07 768 7235 3201  9 6 7 7 7.46392658e-04 1.36291700e-03                                               "" 
 28 1.266502809947e+10 6.878628693012e+07 768 7235 3201  9 6 7 7 7.72455777e-04 1.40381018e-03 outputs/V3.3e24_D300_G12/solution/solution-00026 
 29 1.273181063257e+10 6.678253310386e+07 768 7235 3201  9 6 7 7 7.97118255e-04 1.44140746e-03 outputs/V3.3e24_D300_G12/solution/solution-00027 
 30 1.279685122858e+10 6.504059600633e+07 768 7235 3201  9 6 7 7 8.20289374e-04 1.47563426e-03                                               "" 
 31 1.286038323146e+10 6.353200288528e+07 768 7235 3201  9 6 7 7 8.41886730e-04 1.50643857e-03 outputs/V3.3e24_D300_G12/solution/solution-00028 
 32 1.292261610419e+10 6.223287273163e+07 768 7235 3201  9 6 7 7 8.61837851e-04 1.53379121e-03 outputs/V3.3e24_D300_G12/solution/solution-00029 
 33 1.298372676559e+10 6.111066139444e+07 768 7235 3201  9 6 7 7 8.80078058e-04 1.57229946e-03                                               "" 
 34 1.304332222777e+10 5.959546218044e+07 768 7235 3201  9 6 7 7 8.96412293e-04 1.60720626e-03 outputs/V3.3e24_D300_G12/solution/solution-00030 
 35 1.310162633139e+10 5.830410361768e+07 768 7235 3201  9 6 7 7 9.10867867e-04 1.63798298e-03 outputs/V3.3e24_D300_G12/solution/solution-00031 
 36 1.315883690952e+10 5.721057813074e+07 768 7235 3201  9 6 7 7 9.23479917e-04 1.66470803e-03                                               "" 
 37 1.321513008578e+10 5.629317626344e+07 768 7235 3201  9 6 7 7 9.34291201e-04 1.68748290e-03 outputs/V3.3e24_D300_G12/solution/solution-00032 
 38 1.327066372656e+10 5.553364077967e+07 768 7235 3201  9 6 7 7 9.43351667e-04 1.70642959e-03                                               "" 
 39 1.332558023865e+10 5.491651208878e+07 768 7235 3201  9 5 6 6 9.50717871e-04 1.72168803e-03 outputs/V3.3e24_D300_G12/solution/solution-00033 
 40 1.338000885141e+10 5.442861276286e+07 768 7235 3201  9 5 6 6 9.56452286e-04 1.73341346e-03                                               "" 
 41 1.343406749033e+10 5.405863892167e+07 768 7235 3201  9 5 6 6 9.60622584e-04 1.74177403e-03 outputs/V3.3e24_D300_G12/solution/solution-00034 
 42 1.348786431816e+10 5.379682782665e+07 768 7235 3201  9 5 6 6 9.63300824e-04 1.74694834e-03                                               "" 
 43 1.354149901001e+10 5.363469185216e+07 768 7235 3201  9 5 6 6 9.64562637e-04 1.74912318e-03 outputs/V3.3e24_D300_G12/solution/solution-00035 
 44 1.359506380920e+10 5.356479918886e+07 768 7235 3201  9 6 7 7 9.64486400e-04 1.74849133e-03                                               "" 
 45 1.364864440302e+10 5.358059382091e+07 768 7235 3201  9 6 7 7 9.63152433e-04 1.74524958e-03 outputs/V3.3e24_D300_G12/solution/solution-00036 
 46 1.370232064796e+10 5.367624493720e+07 768 7235 3201  9 6 7 7 9.60642186e-04 1.73959669e-03 outputs/V3.3e24_D300_G12/solution/solution-00037 
 47 1.375616717185e+10 5.384652388871e+07 768 7235 3201  9 6 7 7 9.57037495e-04 1.73173172e-03                                               "" 
 48 1.381025387023e+10 5.408669838458e+07 768 7235 3201  9 6 7 7 9.52419865e-04 1.72210581e-03 outputs/V3.3e24_D300_G12/solution/solution-00038 
 49 1.386464631482e+10 5.439244459079e+07 768 7235 3201  9 6 7 7 9.46869813e-04 1.71070208e-03                                               "" 
 50 1.391940608735e+10 5.475977252666e+07 768 7235 3201  9 6 7 7 9.40466266e-04 1.69767227e-03 outputs/V3.3e24_D300_G12/solution/solution-00039 
 51 1.397459105017e+10 5.518496282273e+07 768 7235 3201  9 6 7 7 9.33286023e-04 1.68319952e-03                                               "" 
 52 1.403025556326e+10 5.566451308865e+07 768 7235 3201  9 6 7 7 9.25403287e-04 1.66746109e-03 outputs/V3.3e24_D300_G12/solution/solution-00040 
 53 1.408645065578e+10 5.619509252048e+07 768 7235 3201  9 6 7 7 9.16889259e-04 1.65062749e-03                                               "" 
 54 1.414322415946e+10 5.677350367591e+07 768 7235 3201  9 6 7 7 9.07811811e-04 1.63286171e-03 outputs/V3.3e24_D300_G12/solution/solution-00041 
 55 1.420062081004e+10 5.739665058211e+07 768 7235 3201  9 6 7 7 8.98235217e-04 1.61431864e-03 outputs/V3.3e24_D300_G12/solution/solution-00042 
 56 1.425868232256e+10 5.806151252400e+07 768 7235 3201  9 6 7 7 8.88219957e-04 1.59514460e-03                                               "" 
 57 1.431744744556e+10 5.876512300108e+07 768 7235 3201  9 6 7 7 8.77822590e-04 1.57547695e-03 outputs/V3.3e24_D300_G12/solution/solution-00043 
 58 1.437695199901e+10 5.950455344382e+07 768 7235 3201  9 6 7 7 8.67095685e-04 1.55544386e-03                                               "" 
 59 1.443722890036e+10 6.027690135216e+07 768 7235 3201  9 6 7 7 8.56087810e-04 1.53516412e-03 outputs/V3.3e24_D300_G12/solution/solution-00044 
 60 1.449830818292e+10 6.107928256213e+07 768 7235 3201  9 6 7 7 8.44843584e-04 1.51474716e-03                                               "" 
 61 1.456021701029e+10 6.190882736673e+07 768 7235 3201  9 6 7 7 8.33403773e-04 1.49429299e-03 outputs/V3.3e24_D300_G12/solution/solution-00045 
 62 1.462297969051e+10 6.276268021701e+07 768 7235 3201  9 6 7 7 8.21805435e-04 1.47389240e-03 outputs/V3.3e24_D300_G12/solution/solution-00046 
 63 1.468661769322e+10 6.363800271304e+07 768 7235 3201  9 6 7 7 8.10082105e-04 1.45362705e-03                                               "" 
 64 1.475114967279e+10 6.453197956610e+07 768 7235 3201  9 6 7 7 7.98264012e-04 1.43356975e-03 outputs/V3.3e24_D300_G12/solution/solution-00047 
 65 1.481659149996e+10 6.544182717721e+07 768 7235 3201  9 6 7 7 7.86378328e-04 1.41378476e-03 outputs/V3.3e24_D300_G12/solution/solution-00048 
 66 1.488295630440e+10 6.636480443745e+07 768 7235 3201  8 6 7 7 7.74449431e-04 1.39432810e-03                                               "" 
 67 1.495025452972e+10 6.729822531762e+07 768 7235 3201  8 6 7 7 7.62499189e-04 1.37524790e-03 outputs/V3.3e24_D300_G12/solution/solution-00049 
 68 1.501849400250e+10 6.823947278106e+07 768 7235 3201  8 6 7 7 7.50547247e-04 1.35658488e-03 outputs/V3.3e24_D300_G12/solution/solution-00050 
 69 1.508768001603e+10 6.918601353100e+07 768 7235 3201  8 6 7 7 7.38611313e-04 1.33837269e-03                                               "" 
 70 1.515779792981e+10 7.011791378135e+07 768 7235 3201  8 5 6 6 7.26710387e-04 1.32064275e-03 outputs/V3.3e24_D300_G12/solution/solution-00051 
 71 1.522884701341e+10 7.104908359490e+07 768 7235 3201  8 5 6 6 7.14859195e-04 1.30341579e-03 outputs/V3.3e24_D300_G12/solution/solution-00052 
 72 1.530082475444e+10 7.197774103193e+07 768 7235 3201  8 5 6 6 7.03071245e-04 1.28670677e-03 outputs/V3.3e24_D300_G12/solution/solution-00053 
 73 1.537372661968e+10 7.290186524471e+07 768 7235 3201  8 5 6 6 6.91359125e-04 1.27052544e-03                                               "" 
 74 1.544754621750e+10 7.381959781802e+07 768 7235 3201  8 5 6 6 6.79734705e-04 1.25487688e-03 outputs/V3.3e24_D300_G12/solution/solution-00054 
 75 1.552227546943e+10 7.472925193333e+07 768 7235 3201  8 5 6 6 6.68209319e-04 1.23976190e-03 outputs/V3.3e24_D300_G12/solution/solution-00055 
 76 1.559790478860e+10 7.562931916977e+07 768 7235 3201  8 5 6 6 6.56793899e-04 1.22519432e-03                                               "" 
 77 1.567442326256e+10 7.651847395988e+07 768 7235 3201  8 5 6 6 6.45499099e-04 1.21130955e-03 outputs/V3.3e24_D300_G12/solution/solution-00056 
 78 1.575181883823e+10 7.739557566372e+07 768 7235 3201  8 5 6 6 6.34335360e-04 1.19793505e-03 outputs/V3.3e24_D300_G12/solution/solution-00057 
 79 1.583007850653e+10 7.825966830481e+07 768 7235 3201  8 5 6 6 6.23312968e-04 1.18505911e-03 outputs/V3.3e24_D300_G12/solution/solution-00058 
 80 1.590918848462e+10 7.910997808640e+07 768 7235 3201  8 5 6 6 6.12442063e-04 1.17266789e-03 outputs/V3.3e24_D300_G12/solution/solution-00059 
 81 1.598913439349e+10 7.994590887145e+07 768 7235 3201  8 5 6 6 6.01732630e-04 1.16074583e-03                                               "" 
 82 1.606990142935e+10 8.076703586100e+07 768 7235 3201  8 5 6 6 5.91194461e-04 1.14927596e-03 outputs/V3.3e24_D300_G12/solution/solution-00060 
 83 1.615147452709e+10 8.157309774179e+07 768 7235 3201  8 5 6 6 5.80837100e-04 1.13824018e-03 outputs/V3.3e24_D300_G12/solution/solution-00061 
 84 1.623383851469e+10 8.236398759392e+07 768 7235 3201  8 5 6 6 5.70669765e-04 1.12761956e-03 outputs/V3.3e24_D300_G12/solution/solution-00062 
 85 1.631697825754e+10 8.313974285290e+07 768 7235 3201  8 5 6 6 5.60701260e-04 1.11739455e-03 outputs/V3.3e24_D300_G12/solution/solution-00063 
 86 1.640087879215e+10 8.390053460959e+07 768 7235 3201  8 5 6 6 5.50939885e-04 1.10754522e-03 outputs/V3.3e24_D300_G12/solution/solution-00064 
 87 1.648552544866e+10 8.464665650807e+07 768 7235 3201  8 5 6 6 5.41393332e-04 1.09805144e-03                                               "" 
 88 1.657090396212e+10 8.537851346753e+07 768 7235 3201  7 5 6 6 5.32068594e-04 1.08889304e-03 outputs/V3.3e24_D300_G12/solution/solution-00065 
 89 1.665700057254e+10 8.609661041507e+07 768 7235 3201  7 5 6 6 5.22971873e-04 1.08004995e-03 outputs/V3.3e24_D300_G12/solution/solution-00066 
 90 1.674380211371e+10 8.680154117266e+07 768 7235 3201  7 5 6 6 5.14108501e-04 1.07150232e-03 outputs/V3.3e24_D300_G12/solution/solution-00067 
 91 1.683129609131e+10 8.749397759947e+07 768 7235 3201  7 5 6 6 5.05482876e-04 1.06323065e-03 outputs/V3.3e24_D300_G12/solution/solution-00068 
 92 1.691947075036e+10 8.817465905079e+07 768 7235 3201  7 5 6 6 4.97098415e-04 1.05521585e-03 outputs/V3.3e24_D300_G12/solution/solution-00069 
 93 1.700831513254e+10 8.884438218133e+07 768 7235 3201  7 5 6 6 4.88957520e-04 1.04743932e-03 outputs/V3.3e24_D300_G12/solution/solution-00070 
 94 1.709781912364e+10 8.950399109303e+07 768 7235 3201  7 5 6 6 4.81061575e-04 1.03988306e-03                                               "" 
 95 1.718797349145e+10 9.015436780882e+07 768 7235 3201  7 5 6 6 4.73410950e-04 1.03252966e-03 outputs/V3.3e24_D300_G12/solution/solution-00071 
 96 1.727876991449e+10 9.079642304135e+07 768 7235 3201  7 5 6 6 4.66005033e-04 1.02536241e-03 outputs/V3.3e24_D300_G12/solution/solution-00072 
 97 1.737020100171e+10 9.143108722117e+07 768 7235 3201  7 5 6 6 4.58842277e-04 1.01836532e-03 outputs/V3.3e24_D300_G12/solution/solution-00073 
 98 1.746226030346e+10 9.205930174972e+07 768 7235 3201  7 5 6 6 4.51920265e-04 1.01152316e-03 outputs/V3.3e24_D300_G12/solution/solution-00074 
 99 1.755494231391e+10 9.268201044742e+07 768 7235 3201  7 5 6 6 4.45235785e-04 1.00482152e-03 outputs/V3.3e24_D300_G12/solution/solution-00075 
100 1.764824246508e+10 9.330015117570e+07 768 7235 3201  7 5 6 6 4.38784916e-04 9.98246838e-04 outputs/V3.3e24_D300_G12/solution/solution-00076 
