# 1: Time step number
# 2: Time (years)
# 3: Time step size (years)
# 4: Number of mesh cells
# 5: Number of Stokes degrees of freedom
# 6: Number of temperature degrees of freedom
# 7: Iterations for temperature solver
# 8: Iterations for Stokes solver
# 9: Velocity iterations in Stokes preconditioner
# 10: Schur complement iterations in Stokes preconditioner
# 11: RMS velocity (m/year)
# 12: Max. velocity (m/year)
# 13: Visualization file name
  0 0.000000000000e+00 0.000000000000e+00 768 7235 3201  0 8 9 9 2.40917417e-08 4.27471544e-08 outputs/V3.3e26_D30_G12/solution/solution-00000 
  1 1.392571516413e+09 1.392571516413e+09 768 7235 3201 32 8 9 9 2.28257342e-08 3.85678097e-08 outputs/V3.3e26_D30_G12/solution/solution-00001 
  2 2.785143032825e+09 1.392571516413e+09 768 7235 3201 25 8 9 9 2.16748659e-08 3.66233647e-08 outputs/V3.3e26_D30_G12/solution/solution-00002 
  3 4.177714549238e+09 1.392571516413e+09 768 7235 3201 24 8 9 9 2.06141772e-08 3.48712217e-08 outputs/V3.3e26_D30_G12/solution/solution-00003 
  4 5.570286065650e+09 1.392571516413e+09 768 7235 3201 23 8 9 9 1.96249692e-08 3.32364979e-08 outputs/V3.3e26_D30_G12/solution/solution-00004 
  5 6.962857582063e+09 1.392571516413e+09 768 7235 3201 23 8 9 9 1.87010593e-08 3.17068028e-08 outputs/V3.3e26_D30_G12/solution/solution-00005 
  6 8.355429098476e+09 1.392571516413e+09 768 7235 3201 22 8 9 9 1.78357477e-08 3.02702026e-08 outputs/V3.3e26_D30_G12/solution/solution-00006 
  7 9.748000614888e+09 1.392571516413e+09 768 7235 3201 21 8 9 9 1.70230191e-08 2.89165552e-08 outputs/V3.3e26_D30_G12/solution/solution-00007 
  8 1.114057213130e+10 1.392571516413e+09 768 7235 3201 21 8 9 9 1.62576494e-08 2.76374918e-08 outputs/V3.3e26_D30_G12/solution/solution-00008 
  9 1.253314364771e+10 1.392571516413e+09 768 7235 3201 21 8 9 9 1.55351543e-08 2.64261031e-08 outputs/V3.3e26_D30_G12/solution/solution-00009 
 10 1.392571516413e+10 1.392571516413e+09 768 7235 3201 20 8 9 9 1.48516920e-08 2.52766237e-08 outputs/V3.3e26_D30_G12/solution/solution-00010 
 11 1.531828668054e+10 1.392571516413e+09 768 7235 3201 20 8 9 9 1.42039615e-08 2.41841786e-08 outputs/V3.3e26_D30_G12/solution/solution-00011 
 12 1.671085819695e+10 1.392571516413e+09 768 7235 3201 20 8 9 9 1.35891115e-08 2.31445899e-08 outputs/V3.3e26_D30_G12/solution/solution-00012 
 13 1.810342971336e+10 1.392571516413e+09 768 7235 3201 20 8 9 9 1.30046632e-08 2.21542325e-08 outputs/V3.3e26_D30_G12/solution/solution-00013 
 14 1.949600122978e+10 1.392571516413e+09 768 7235 3201 20 8 9 9 1.24484479e-08 2.12099255e-08 outputs/V3.3e26_D30_G12/solution/solution-00014 
 15 2.088857274619e+10 1.392571516413e+09 768 7235 3201 20 8 9 9 1.19185551e-08 2.03088484e-08 outputs/V3.3e26_D30_G12/solution/solution-00015 
 16 2.228114426260e+10 1.392571516413e+09 768 7235 3201 19 8 9 9 1.14132900e-08 1.94484776e-08 outputs/V3.3e26_D30_G12/solution/solution-00016 
 17 2.367371577901e+10 1.392571516413e+09 768 7235 3201 19 8 9 9 1.09311395e-08 1.86265361e-08 outputs/V3.3e26_D30_G12/solution/solution-00017 
 18 2.506628729543e+10 1.392571516413e+09 768 7235 3201 19 8 9 9 1.04707438e-08 1.78409539e-08 outputs/V3.3e26_D30_G12/solution/solution-00018 
 19 2.645885881184e+10 1.392571516413e+09 768 7235 3201 19 8 9 9 1.00308733e-08 1.70898372e-08 outputs/V3.3e26_D30_G12/solution/solution-00019 
 20 2.785143032825e+10 1.392571516413e+09 768 7235 3201 19 8 9 9 9.61040947e-09 1.63714424e-08 outputs/V3.3e26_D30_G12/solution/solution-00020 
 21 2.924400184466e+10 1.392571516413e+09 768 7235 3201 19 8 9 9 9.20832937e-09 1.56841561e-08 outputs/V3.3e26_D30_G12/solution/solution-00021 
 22 3.063657336108e+10 1.392571516413e+09 768 7235 3201 19 8 9 9 8.82369247e-09 1.50264786e-08 outputs/V3.3e26_D30_G12/solution/solution-00022 
 23 3.202914487749e+10 1.392571516413e+09 768 7235 3201 19 8 9 9 8.45563000e-09 1.43970097e-08 outputs/V3.3e26_D30_G12/solution/solution-00023 
 24 3.342171639390e+10 1.392571516413e+09 768 7235 3201 19 8 9 9 8.10333591e-09 1.37944378e-08 outputs/V3.3e26_D30_G12/solution/solution-00024 
 25 3.481428791032e+10 1.392571516413e+09 768 7235 3201 19 8 9 9 7.76605943e-09 1.32175304e-08 outputs/V3.3e26_D30_G12/solution/solution-00025 
 26 3.620685942673e+10 1.392571516413e+09 768 7235 3201 18 8 9 9 7.44309877e-09 1.26651262e-08 outputs/V3.3e26_D30_G12/solution/solution-00026 
 27 3.759943094314e+10 1.392571516413e+09 768 7235 3201 18 8 9 9 7.13379580e-09 1.21361282e-08 outputs/V3.3e26_D30_G12/solution/solution-00027 
 28 3.899200245955e+10 1.392571516413e+09 768 7235 3201 18 8 9 9 6.83753164e-09 1.16294983e-08 outputs/V3.3e26_D30_G12/solution/solution-00028 
 29 4.038457397597e+10 1.392571516413e+09 768 7235 3201 18 8 9 9 6.55372279e-09 1.11442523e-08 outputs/V3.3e26_D30_G12/solution/solution-00029 
 30 4.177714549238e+10 1.392571516413e+09 768 7235 3201 18 8 9 9 6.28181792e-09 1.06794559e-08 outputs/V3.3e26_D30_G12/solution/solution-00030 
 31 4.316971700879e+10 1.392571516413e+09 768 7235 3201 18 8 9 9 6.02129507e-09 1.02342206e-08 outputs/V3.3e26_D30_G12/solution/solution-00031 
 32 4.456228852520e+10 1.392571516413e+09 768 7235 3201 18 8 9 9 5.77165924e-09 9.80770095e-09 outputs/V3.3e26_D30_G12/solution/solution-00032 
 33 4.595486004162e+10 1.392571516413e+09 768 7235 3201 18 8 9 9 5.53244032e-09 9.39909151e-09 outputs/V3.3e26_D30_G12/solution/solution-00033 
 34 4.734743155803e+10 1.392571516413e+09 768 7235 3201 18 8 9 9 5.30319122e-09 9.00762439e-09 outputs/V3.3e26_D30_G12/solution/solution-00034 
 35 4.874000307444e+10 1.392571516413e+09 768 7235 3201 18 8 9 9 5.08348629e-09 8.63256698e-09 outputs/V3.3e26_D30_G12/solution/solution-00035 
 36 5.013257459085e+10 1.392571516413e+09 768 7235 3201 18 8 9 9 4.87291991e-09 8.27321992e-09 outputs/V3.3e26_D30_G12/solution/solution-00036 
 37 5.152514610727e+10 1.392571516413e+09 768 7235 3201 18 8 9 9 4.67110520e-09 7.92891528e-09 outputs/V3.3e26_D30_G12/solution/solution-00037 
 38 5.291771762368e+10 1.392571516413e+09 768 7235 3201 18 8 9 9 4.47767289e-09 7.59901487e-09 outputs/V3.3e26_D30_G12/solution/solution-00038 
 39 5.431028914009e+10 1.392571516413e+09 768 7235 3201 18 8 9 9 4.29227030e-09 7.28290868e-09 outputs/V3.3e26_D30_G12/solution/solution-00039 
 40 5.570286065650e+10 1.392571516413e+09 768 7235 3201 18 8 9 9 4.11456043e-09 6.98001345e-09 outputs/V3.3e26_D30_G12/solution/solution-00040 
 41 5.709543217292e+10 1.392571516413e+09 768 7235 3201 18 8 9 9 3.94422109e-09 6.68977139e-09 outputs/V3.3e26_D30_G12/solution/solution-00041 
 42 5.848800368933e+10 1.392571516413e+09 768 7235 3201 18 8 9 9 3.78094413e-09 6.41164892e-09 outputs/V3.3e26_D30_G12/solution/solution-00042 
 43 5.988057520574e+10 1.392571516413e+09 768 7235 3201 18 8 9 9 3.62443476e-09 6.14513550e-09 outputs/V3.3e26_D30_G12/solution/solution-00043 
 44 6.127314672215e+10 1.392571516413e+09 768 7235 3201 18 8 9 9 3.47441084e-09 5.88974260e-09 outputs/V3.3e26_D30_G12/solution/solution-00044 
 45 6.266571823857e+10 1.392571516413e+09 768 7235 3201 17 8 9 9 3.33060231e-09 5.64500265e-09 outputs/V3.3e26_D30_G12/solution/solution-00045 
 46 6.405828975498e+10 1.392571516413e+09 768 7235 3201 17 8 9 9 3.19275061e-09 5.41046810e-09 outputs/V3.3e26_D30_G12/solution/solution-00046 
 47 6.545086127139e+10 1.392571516413e+09 768 7235 3201 17 8 9 9 3.06060810e-09 5.18571049e-09 outputs/V3.3e26_D30_G12/solution/solution-00047 
 48 6.684343278781e+10 1.392571516413e+09 768 7235 3201 17 8 9 9 2.93393765e-09 4.97031964e-09 outputs/V3.3e26_D30_G12/solution/solution-00048 
 49 6.823600430422e+10 1.392571516413e+09 768 7235 3201 17 8 9 9 2.81251206e-09 4.76390280e-09 outputs/V3.3e26_D30_G12/solution/solution-00049 
 50 6.962857582063e+10 1.392571516413e+09 768 7235 3201 17 8 9 9 2.69611372e-09 4.56608393e-09 outputs/V3.3e26_D30_G12/solution/solution-00050 
 51 7.102114733704e+10 1.392571516413e+09 768 7235 3201 17 8 9 9 2.58453411e-09 4.37650289e-09 outputs/V3.3e26_D30_G12/solution/solution-00051 
 52 7.241371885346e+10 1.392571516413e+09 768 7235 3201 17 8 9 9 2.47757343e-09 4.19481482e-09 outputs/V3.3e26_D30_G12/solution/solution-00052 
 53 7.380629036987e+10 1.392571516413e+09 768 7235 3201 17 8 9 9 2.37504025e-09 4.02068945e-09 outputs/V3.3e26_D30_G12/solution/solution-00053 
 54 7.519886188628e+10 1.392571516413e+09 768 7235 3201 17 8 9 9 2.27675108e-09 3.85381044e-09 outputs/V3.3e26_D30_G12/solution/solution-00054 
 55 7.659143340269e+10 1.392571516413e+09 768 7235 3201 17 8 9 9 2.18253011e-09 3.69387483e-09 outputs/V3.3e26_D30_G12/solution/solution-00055 
 56 7.798400491911e+10 1.392571516413e+09 768 7235 3201 17 8 9 9 2.09220882e-09 3.54059242e-09 outputs/V3.3e26_D30_G12/solution/solution-00056 
 57 7.937657643552e+10 1.392571516413e+09 768 7235 3201 17 8 9 9 2.00562572e-09 3.39368526e-09 outputs/V3.3e26_D30_G12/solution/solution-00057 
 58 8.076914795193e+10 1.392571516413e+09 768 7235 3201 17 8 9 9 1.92262600e-09 3.25288707e-09 outputs/V3.3e26_D30_G12/solution/solution-00058 
 59 8.216171946834e+10 1.392571516413e+09 768 7235 3201 17 8 9 9 1.84306130e-09 3.11794282e-09 outputs/V3.3e26_D30_G12/solution/solution-00059 
 60 8.355429098476e+10 1.392571516413e+09 768 7235 3201 17 8 9 9 1.76678941e-09 2.98860816e-09 outputs/V3.3e26_D30_G12/solution/solution-00060 
 61 8.494686250117e+10 1.392571516413e+09 768 7235 3201 17 8 9 9 1.69367401e-09 2.86464905e-09 outputs/V3.3e26_D30_G12/solution/solution-00061 
 62 8.633943401758e+10 1.392571516413e+09 768 7235 3201 17 8 9 9 1.62358444e-09 2.74584125e-09 outputs/V3.3e26_D30_G12/solution/solution-00062 
 63 8.773200553399e+10 1.392571516413e+09 768 7235 3201 17 8 9 9 1.55639545e-09 2.63196995e-09 outputs/V3.3e26_D30_G12/solution/solution-00063 
 64 8.912457705041e+10 1.392571516413e+09 768 7235 3201 17 8 9 9 1.49198699e-09 2.52282936e-09 outputs/V3.3e26_D30_G12/solution/solution-00064 
 65 9.051714856682e+10 1.392571516413e+09 768 7235 3201 17 8 9 9 1.43024398e-09 2.41822229e-09 outputs/V3.3e26_D30_G12/solution/solution-00065 
 66 9.190972008323e+10 1.392571516413e+09 768 7235 3201 17 8 9 9 1.37105609e-09 2.31795986e-09 outputs/V3.3e26_D30_G12/solution/solution-00066 
 67 9.330229159964e+10 1.392571516413e+09 768 7235 3201 17 8 9 9 1.31431758e-09 2.22186107e-09 outputs/V3.3e26_D30_G12/solution/solution-00067 
 68 9.469486311606e+10 1.392571516413e+09 768 7235 3201 17 8 9 9 1.25992708e-09 2.12975251e-09 outputs/V3.3e26_D30_G12/solution/solution-00068 
 69 9.608743463247e+10 1.392571516413e+09 768 7235 3201 17 8 9 9 1.20778742e-09 2.04146803e-09 outputs/V3.3e26_D30_G12/solution/solution-00069 
 70 9.748000614888e+10 1.392571516413e+09 768 7235 3201 17 8 9 9 1.15780545e-09 1.95684844e-09 outputs/V3.3e26_D30_G12/solution/solution-00070 
 71 9.887257766530e+10 1.392571516413e+09 768 7235 3201 16 8 9 9 1.10989189e-09 1.87574123e-09 outputs/V3.3e26_D30_G12/solution/solution-00071 
 72 1.002651491817e+11 1.392571516413e+09 768 7235 3201 16 8 9 9 1.06396112e-09 1.79800021e-09 outputs/V3.3e26_D30_G12/solution/solution-00072 
 73 1.016577206981e+11 1.392571516413e+09 768 7235 3201 16 8 9 9 1.01993110e-09 1.72348534e-09 outputs/V3.3e26_D30_G12/solution/solution-00073 
 74 1.030502922145e+11 1.392571516413e+09 768 7235 3201 16 8 9 9 9.77723160e-10 1.65206242e-09 outputs/V3.3e26_D30_G12/solution/solution-00074 
 75 1.044428637309e+11 1.392571516413e+09 768 7235 3201 16 8 9 9 9.37261906e-10 1.58360286e-09 outputs/V3.3e26_D30_G12/solution/solution-00075 
 76 1.058354352474e+11 1.392571516413e+09 768 7235 3201 16 8 9 9 8.98475052e-10 1.51798345e-09 outputs/V3.3e26_D30_G12/solution/solution-00076 
 77 1.072280067638e+11 1.392571516413e+09 768 7235 3201 16 8 9 9 8.61293308e-10 1.45508610e-09 outputs/V3.3e26_D30_G12/solution/solution-00077 
 78 1.086205782802e+11 1.392571516413e+09 768 7235 3201 16 8 9 9 8.25650251e-10 1.39479768e-09 outputs/V3.3e26_D30_G12/solution/solution-00078 
 79 1.100131497966e+11 1.392571516413e+09 768 7235 3201 16 8 9 9 7.91482206e-10 1.33700974e-09 outputs/V3.3e26_D30_G12/solution/solution-00079 
 80 1.114057213130e+11 1.392571516413e+09 768 7235 3201 16 8 9 9 7.58728133e-10 1.28161839e-09 outputs/V3.3e26_D30_G12/solution/solution-00080 
 81 1.127982928294e+11 1.392571516413e+09 768 7235 3201 16 8 9 9 7.27329519e-10 1.22852405e-09 outputs/V3.3e26_D30_G12/solution/solution-00081 
 82 1.141908643458e+11 1.392571516413e+09 768 7235 3201 16 8 9 9 6.97230271e-10 1.17763130e-09 outputs/V3.3e26_D30_G12/solution/solution-00082 
 83 1.155834358622e+11 1.392571516413e+09 768 7235 3201 16 8 9 9 6.68376621e-10 1.12884869e-09 outputs/V3.3e26_D30_G12/solution/solution-00083 
 84 1.169760073787e+11 1.392571516413e+09 768 7235 3201 16 8 9 9 6.40717020e-10 1.08208860e-09 outputs/V3.3e26_D30_G12/solution/solution-00084 
 85 1.183685788951e+11 1.392571516413e+09 768 7235 3201 16 8 9 9 6.14202058e-10 1.03726703e-09 outputs/V3.3e26_D30_G12/solution/solution-00085 
 86 1.197611504115e+11 1.392571516413e+09 768 7235 3201 16 8 9 9 5.88784364e-10 9.94303501e-10 outputs/V3.3e26_D30_G12/solution/solution-00086 
 87 1.211537219279e+11 1.392571516413e+09 768 7235 3201 16 8 9 9 5.64418533e-10 9.53120872e-10 outputs/V3.3e26_D30_G12/solution/solution-00087 
 88 1.225462934443e+11 1.392571516413e+09 768 7235 3201 16 8 9 9 5.41061035e-10 9.13645220e-10 outputs/V3.3e26_D30_G12/solution/solution-00088 
 89 1.239388649607e+11 1.392571516413e+09 768 7235 3201 16 8 9 9 5.18670143e-10 8.75805696e-10 outputs/V3.3e26_D30_G12/solution/solution-00089 
 90 1.253314364771e+11 1.392571516413e+09 768 7235 3201 16 8 9 9 4.97205856e-10 8.39534398e-10 outputs/V3.3e26_D30_G12/solution/solution-00090 
 91 1.267240079935e+11 1.392571516413e+09 768 7235 3201 16 8 9 9 4.76629829e-10 8.04766253e-10 outputs/V3.3e26_D30_G12/solution/solution-00091 
 92 1.281165795100e+11 1.392571516413e+09 768 7235 3201 16 8 9 9 4.56905303e-10 7.71438890e-10 outputs/V3.3e26_D30_G12/solution/solution-00092 
 93 1.295091510264e+11 1.392571516413e+09 768 7235 3201 16 8 9 9 4.37997041e-10 7.39492533e-10 outputs/V3.3e26_D30_G12/solution/solution-00093 
 94 1.309017225428e+11 1.392571516413e+09 768 7235 3201 16 8 9 9 4.19871263e-10 7.08869893e-10 outputs/V3.3e26_D30_G12/solution/solution-00094 
 95 1.322942940592e+11 1.392571516413e+09 768 7235 3201 16 8 9 9 4.02495588e-10 6.79516061e-10 outputs/V3.3e26_D30_G12/solution/solution-00095 
 96 1.336868655756e+11 1.392571516413e+09 768 7235 3201 15 8 9 9 3.85838980e-10 6.51378422e-10 outputs/V3.3e26_D30_G12/solution/solution-00096 
 97 1.350794370920e+11 1.392571516413e+09 768 7235 3201 15 8 9 9 3.69871678e-10 6.24406528e-10 outputs/V3.3e26_D30_G12/solution/solution-00097 
 98 1.364720086084e+11 1.392571516413e+09 768 7235 3201 15 8 9 9 3.54565155e-10 5.98552032e-10 outputs/V3.3e26_D30_G12/solution/solution-00098 
 99 1.378645801248e+11 1.392571516413e+09 768 7235 3201 15 8 9 9 3.39892067e-10 5.73768599e-10 outputs/V3.3e26_D30_G12/solution/solution-00099 
100 1.392571516413e+11 1.392571516413e+09 768 7235 3201 15 8 9 9 3.25826199e-10 5.50011818e-10 outputs/V3.3e26_D30_G12/solution/solution-00100 
