# 1: Time step number
# 2: Time (years)
# 3: Time step size (years)
# 4: Number of mesh cells
# 5: Number of Stokes degrees of freedom
# 6: Number of temperature degrees of freedom
# 7: Iterations for temperature solver
# 8: Iterations for Stokes solver
# 9: Velocity iterations in Stokes preconditioner
# 10: Schur complement iterations in Stokes preconditioner
# 11: RMS velocity (m/year)
# 12: Max. velocity (m/year)
# 13: Visualization file name
  0 0.000000000000e+00 0.000000000000e+00 768 7235 3201  0 8 9 9 8.62500623e-09 4.19043308e-08 outputs/V1e27_D10000_G10/solution/solution-00000 
  1 1.392571516413e+09 1.392571516413e+09 768 7235 3201 32 8 9 9 6.93290072e-09 2.27358055e-08 outputs/V1e27_D10000_G10/solution/solution-00001 
  2 2.785143032825e+09 1.392571516413e+09 768 7235 3201 26 8 9 9 6.33019096e-09 1.15605894e-08 outputs/V1e27_D10000_G10/solution/solution-00002 
  3 4.177714549238e+09 1.392571516413e+09 768 7235 3201 25 8 9 9 6.11171398e-09 1.02997131e-08 outputs/V1e27_D10000_G10/solution/solution-00003 
  4 5.570286065650e+09 1.392571516413e+09 768 7235 3201 24 8 9 9 5.89999398e-09 9.98524057e-09 outputs/V1e27_D10000_G10/solution/solution-00004 
  5 6.962857582063e+09 1.392571516413e+09 768 7235 3201 23 8 9 9 5.68924455e-09 9.65778736e-09 outputs/V1e27_D10000_G10/solution/solution-00005 
  6 8.355429098476e+09 1.392571516413e+09 768 7235 3201 23 8 9 9 5.47648153e-09 9.32117219e-09 outputs/V1e27_D10000_G10/solution/solution-00006 
  7 9.748000614888e+09 1.392571516413e+09 768 7235 3201 22 8 9 9 5.26277305e-09 8.97894090e-09 outputs/V1e27_D10000_G10/solution/solution-00007 
  8 1.114057213130e+10 1.392571516413e+09 768 7235 3201 22 8 9 9 5.04979171e-09 8.63427082e-09 outputs/V1e27_D10000_G10/solution/solution-00008 
  9 1.253314364771e+10 1.392571516413e+09 768 7235 3201 21 8 9 9 4.83905888e-09 8.28994235e-09 outputs/V1e27_D10000_G10/solution/solution-00009 
 10 1.392571516413e+10 1.392571516413e+09 768 7235 3201 21 8 9 9 4.63183488e-09 7.94834071e-09 outputs/V1e27_D10000_G10/solution/solution-00010 
 11 1.531828668054e+10 1.392571516413e+09 768 7235 3201 21 8 9 9 4.42911936e-09 7.61147257e-09 outputs/V1e27_D10000_G10/solution/solution-00011 
 12 1.671085819695e+10 1.392571516413e+09 768 7235 3201 21 8 9 9 4.23167920e-09 7.28099128e-09 outputs/V1e27_D10000_G10/solution/solution-00012 
 13 1.810342971336e+10 1.392571516413e+09 768 7235 3201 21 8 9 9 4.04008218e-09 6.95822719e-09 outputs/V1e27_D10000_G10/solution/solution-00013 
 14 1.949600122978e+10 1.392571516413e+09 768 7235 3201 21 8 9 9 3.85472955e-09 6.64422093e-09 outputs/V1e27_D10000_G10/solution/solution-00014 
 15 2.088857274619e+10 1.392571516413e+09 768 7235 3201 21 8 9 9 3.67588532e-09 6.33975775e-09 outputs/V1e27_D10000_G10/solution/solution-00015 
 16 2.228114426260e+10 1.392571516413e+09 768 7235 3201 20 8 9 9 3.50370168e-09 6.04540155e-09 outputs/V1e27_D10000_G10/solution/solution-00016 
 17 2.367371577901e+10 1.392571516413e+09 768 7235 3201 20 8 9 9 3.33824079e-09 5.76152738e-09 outputs/V1e27_D10000_G10/solution/solution-00017 
 18 2.506628729543e+10 1.392571516413e+09 768 7235 3201 20 8 9 9 3.17949296e-09 5.48835157e-09 outputs/V1e27_D10000_G10/solution/solution-00018 
 19 2.645885881184e+10 1.392571516413e+09 768 7235 3201 20 8 9 9 3.02739196e-09 5.22595900e-09 outputs/V1e27_D10000_G10/solution/solution-00019 
 20 2.785143032825e+10 1.392571516413e+09 768 7235 3201 20 8 9 9 2.88182762e-09 4.97432726e-09 outputs/V1e27_D10000_G10/solution/solution-00020 
 21 2.924400184466e+10 1.392571516413e+09 768 7235 3201 20 8 9 9 2.74265622e-09 4.73334765e-09 outputs/V1e27_D10000_G10/solution/solution-00021 
 22 3.063657336108e+10 1.392571516413e+09 768 7235 3201 20 8 9 9 2.60970897e-09 4.50284320e-09 outputs/V1e27_D10000_G10/solution/solution-00022 
 23 3.202914487749e+10 1.392571516413e+09 768 7235 3201 20 8 9 9 2.48279895e-09 4.28258399e-09 outputs/V1e27_D10000_G10/solution/solution-00023 
 24 3.342171639390e+10 1.392571516413e+09 768 7235 3201 20 8 9 9 2.36172672e-09 4.07229991e-09 outputs/V1e27_D10000_G10/solution/solution-00024 
 25 3.481428791032e+10 1.392571516413e+09 768 7235 3201 20 8 9 9 2.24628478e-09 3.87169132e-09 outputs/V1e27_D10000_G10/solution/solution-00025 
 26 3.620685942673e+10 1.392571516413e+09 768 7235 3201 20 8 9 9 2.13626120e-09 3.68043784e-09 outputs/V1e27_D10000_G10/solution/solution-00026 
 27 3.759943094314e+10 1.392571516413e+09 768 7235 3201 20 8 9 9 2.03144247e-09 3.49820545e-09 outputs/V1e27_D10000_G10/solution/solution-00027 
 28 3.899200245955e+10 1.392571516413e+09 768 7235 3201 20 8 9 9 1.93161573e-09 3.32465237e-09 outputs/V1e27_D10000_G10/solution/solution-00028 
 29 4.038457397597e+10 1.392571516413e+09 768 7235 3201 20 8 9 9 1.83657058e-09 3.15943369e-09 outputs/V1e27_D10000_G10/solution/solution-00029 
 30 4.177714549238e+10 1.392571516413e+09 768 7235 3201 20 8 9 9 1.74610033e-09 3.00220507e-09 outputs/V1e27_D10000_G10/solution/solution-00030 
 31 4.316971700879e+10 1.392571516413e+09 768 7235 3201 20 8 9 9 1.66000311e-09 2.85262571e-09 outputs/V1e27_D10000_G10/solution/solution-00031 
 32 4.456228852520e+10 1.392571516413e+09 768 7235 3201 19 8 9 9 1.57808253e-09 2.71036059e-09 outputs/V1e27_D10000_G10/solution/solution-00032 
 33 4.595486004162e+10 1.392571516413e+09 768 7235 3201 19 8 9 9 1.50014830e-09 2.57508221e-09 outputs/V1e27_D10000_G10/solution/solution-00033 
 34 4.734743155803e+10 1.392571516413e+09 768 7235 3201 19 8 9 9 1.42601652e-09 2.44647190e-09 outputs/V1e27_D10000_G10/solution/solution-00034 
 35 4.874000307444e+10 1.392571516413e+09 768 7235 3201 19 8 9 9 1.35550995e-09 2.32422076e-09 outputs/V1e27_D10000_G10/solution/solution-00035 
 36 5.013257459085e+10 1.392571516413e+09 768 7235 3201 19 8 9 9 1.28845812e-09 2.20803030e-09 outputs/V1e27_D10000_G10/solution/solution-00036 
 37 5.152514610727e+10 1.392571516413e+09 768 7235 3201 19 8 9 9 1.22469734e-09 2.09761287e-09 outputs/V1e27_D10000_G10/solution/solution-00037 
 38 5.291771762368e+10 1.392571516413e+09 768 7235 3201 19 8 9 9 1.16407065e-09 1.99269186e-09 outputs/V1e27_D10000_G10/solution/solution-00038 
 39 5.431028914009e+10 1.392571516413e+09 768 7235 3201 19 8 9 9 1.10642778e-09 1.89300182e-09 outputs/V1e27_D10000_G10/solution/solution-00039 
 40 5.570286065650e+10 1.392571516413e+09 768 7235 3201 19 8 9 9 1.05162500e-09 1.79828840e-09 outputs/V1e27_D10000_G10/solution/solution-00040 
 41 5.709543217292e+10 1.392571516413e+09 768 7235 3201 19 8 9 9 9.99524921e-10 1.70830821e-09 outputs/V1e27_D10000_G10/solution/solution-00041 
 42 5.848800368933e+10 1.392571516413e+09 768 7235 3201 19 8 9 9 9.49996367e-10 1.62282864e-09 outputs/V1e27_D10000_G10/solution/solution-00042 
 43 5.988057520574e+10 1.392571516413e+09 768 7235 3201 19 8 9 9 9.02914152e-10 1.54162759e-09 outputs/V1e27_D10000_G10/solution/solution-00043 
 44 6.127314672215e+10 1.392571516413e+09 768 7235 3201 19 8 9 9 8.58158881e-10 1.46449319e-09 outputs/V1e27_D10000_G10/solution/solution-00044 
 45 6.266571823857e+10 1.392571516413e+09 768 7235 3201 19 8 9 9 8.15616732e-10 1.39122346e-09 outputs/V1e27_D10000_G10/solution/solution-00045 
 46 6.405828975498e+10 1.392571516413e+09 768 7235 3201 19 8 9 9 7.75179246e-10 1.32162598e-09 outputs/V1e27_D10000_G10/solution/solution-00046 
 47 6.545086127139e+10 1.392571516413e+09 768 7235 3201 19 8 9 9 7.36743108e-10 1.25551753e-09 outputs/V1e27_D10000_G10/solution/solution-00047 
 48 6.684343278781e+10 1.392571516413e+09 768 7235 3201 19 8 9 9 7.00209935e-10 1.19272373e-09 outputs/V1e27_D10000_G10/solution/solution-00048 
 49 6.823600430422e+10 1.392571516413e+09 768 7235 3201 19 8 9 9 6.65486064e-10 1.13307869e-09 outputs/V1e27_D10000_G10/solution/solution-00049 
 50 6.962857582063e+10 1.392571516413e+09 768 7235 3201 19 8 9 9 6.32482349e-10 1.07642462e-09 outputs/V1e27_D10000_G10/solution/solution-00050 
 51 7.102114733704e+10 1.392571516413e+09 768 7235 3201 19 8 9 9 6.01113954e-10 1.02261150e-09 outputs/V1e27_D10000_G10/solution/solution-00051 
 52 7.241371885346e+10 1.392571516413e+09 768 7235 3201 19 8 9 9 5.71300165e-10 9.71496746e-10 outputs/V1e27_D10000_G10/solution/solution-00052 
 53 7.380629036987e+10 1.392571516413e+09 768 7235 3201 19 8 9 9 5.42964194e-10 9.22944824e-10 outputs/V1e27_D10000_G10/solution/solution-00053 
 54 7.519886188628e+10 1.392571516413e+09 768 7235 3201 19 8 9 9 5.16033006e-10 8.76826964e-10 outputs/V1e27_D10000_G10/solution/solution-00054 
 55 7.659143340269e+10 1.392571516413e+09 768 7235 3201 19 8 9 9 4.90437133e-10 8.33020822e-10 outputs/V1e27_D10000_G10/solution/solution-00055 
 56 7.798400491911e+10 1.392571516413e+09 768 7235 3201 19 8 9 9 4.66110517e-10 7.91410176e-10 outputs/V1e27_D10000_G10/solution/solution-00056 
 57 7.937657643552e+10 1.392571516413e+09 768 7235 3201 19 8 9 9 4.42990337e-10 7.51884633e-10 outputs/V1e27_D10000_G10/solution/solution-00057 
 58 8.076914795193e+10 1.392571516413e+09 768 7235 3201 19 8 9 9 4.21016865e-10 7.14339342e-10 outputs/V1e27_D10000_G10/solution/solution-00058 
 59 8.216171946834e+10 1.392571516413e+09 768 7235 3201 19 8 9 9 4.00133308e-10 6.78674727e-10 outputs/V1e27_D10000_G10/solution/solution-00059 
 60 8.355429098476e+10 1.392571516413e+09 768 7235 3201 19 8 9 9 3.80285673e-10 6.44796222e-10 outputs/V1e27_D10000_G10/solution/solution-00060 
 61 8.494686250117e+10 1.392571516413e+09 768 7235 3201 19 8 9 9 3.61422630e-10 6.12614024e-10 outputs/V1e27_D10000_G10/solution/solution-00061 
 62 8.633943401758e+10 1.392571516413e+09 768 7235 3201 19 8 9 9 3.43495381e-10 5.82042860e-10 outputs/V1e27_D10000_G10/solution/solution-00062 
 63 8.773200553399e+10 1.392571516413e+09 768 7235 3201 19 8 9 9 3.26457539e-10 5.53001754e-10 outputs/V1e27_D10000_G10/solution/solution-00063 
 64 8.912457705041e+10 1.392571516413e+09 768 7235 3201 19 8 9 9 3.10265008e-10 5.25413816e-10 outputs/V1e27_D10000_G10/solution/solution-00064 
 65 9.051714856682e+10 1.392571516413e+09 768 7235 3201 19 8 9 9 2.94875873e-10 4.99206037e-10 outputs/V1e27_D10000_G10/solution/solution-00065 
 66 9.190972008323e+10 1.392571516413e+09 768 7235 3201 19 8 9 9 2.80250292e-10 4.74309089e-10 outputs/V1e27_D10000_G10/solution/solution-00066 
 67 9.330229159964e+10 1.392571516413e+09 768 7235 3201 19 8 9 9 2.66350396e-10 4.50657146e-10 outputs/V1e27_D10000_G10/solution/solution-00067 
 68 9.469486311606e+10 1.392571516413e+09 768 7235 3201 19 8 9 9 2.53140188e-10 4.28187701e-10 outputs/V1e27_D10000_G10/solution/solution-00068 
 69 9.608743463247e+10 1.392571516413e+09 768 7235 3201 19 8 9 9 2.40585455e-10 4.06841403e-10 outputs/V1e27_D10000_G10/solution/solution-00069 
 70 9.748000614888e+10 1.392571516413e+09 768 7235 3201 18 8 9 9 2.28653679e-10 3.86561892e-10 outputs/V1e27_D10000_G10/solution/solution-00070 
 71 9.887257766530e+10 1.392571516413e+09 768 7235 3201 18 8 9 9 2.17313953e-10 3.67295652e-10 outputs/V1e27_D10000_G10/solution/solution-00071 
 72 1.002651491817e+11 1.392571516413e+09 768 7235 3201 18 8 9 9 2.06536902e-10 3.48991870e-10 outputs/V1e27_D10000_G10/solution/solution-00072 
 73 1.016577206981e+11 1.392571516413e+09 768 7235 3201 18 8 9 9 1.96294607e-10 3.31602289e-10 outputs/V1e27_D10000_G10/solution/solution-00073 
 74 1.030502922145e+11 1.392571516413e+09 768 7235 3201 18 8 9 9 1.86560533e-10 3.15081087e-10 outputs/V1e27_D10000_G10/solution/solution-00074 
 75 1.044428637309e+11 1.392571516413e+09 768 7235 3201 18 8 9 9 1.77309461e-10 2.99384750e-10 outputs/V1e27_D10000_G10/solution/solution-00075 
 76 1.058354352474e+11 1.392571516413e+09 768 7235 3201 18 8 9 9 1.68517421e-10 2.84471954e-10 outputs/V1e27_D10000_G10/solution/solution-00076 
 77 1.072280067638e+11 1.392571516413e+09 768 7235 3201 18 8 9 9 1.60161634e-10 2.70303458e-10 outputs/V1e27_D10000_G10/solution/solution-00077 
 78 1.086205782802e+11 1.392571516413e+09 768 7235 3201 18 8 9 9 1.52220450e-10 2.56841995e-10 outputs/V1e27_D10000_G10/solution/solution-00078 
 79 1.100131497966e+11 1.392571516413e+09 768 7235 3201 18 8 9 9 1.44673292e-10 2.44052173e-10 outputs/V1e27_D10000_G10/solution/solution-00079 
 80 1.114057213130e+11 1.392571516413e+09 768 7235 3201 18 8 9 9 1.37500605e-10 2.31900379e-10 outputs/V1e27_D10000_G10/solution/solution-00080 
 81 1.127982928294e+11 1.392571516413e+09 768 7235 3201 18 8 9 9 1.30683805e-10 2.20354693e-10 outputs/V1e27_D10000_G10/solution/solution-00081 
 82 1.141908643458e+11 1.392571516413e+09 768 7235 3201 18 8 9 9 1.24205228e-10 2.09384796e-10 outputs/V1e27_D10000_G10/solution/solution-00082 
 83 1.155834358622e+11 1.392571516413e+09 768 7235 3201 18 8 9 9 1.18048088e-10 1.98961895e-10 outputs/V1e27_D10000_G10/solution/solution-00083 
 84 1.169760073787e+11 1.392571516413e+09 768 7235 3201 18 8 9 9 1.12196432e-10 1.89058642e-10 outputs/V1e27_D10000_G10/solution/solution-00084 
 85 1.183685788951e+11 1.392571516413e+09 768 7235 3201 18 8 9 9 1.06635097e-10 1.79649063e-10 outputs/V1e27_D10000_G10/solution/solution-00085 
 86 1.197611504115e+11 1.392571516413e+09 768 7235 3201 18 8 9 9 1.01349675e-10 1.70708485e-10 outputs/V1e27_D10000_G10/solution/solution-00086 
 87 1.211537219279e+11 1.392571516413e+09 768 7235 3201 18 8 9 9 9.63264714e-11 1.62213477e-10 outputs/V1e27_D10000_G10/solution/solution-00087 
 88 1.225462934443e+11 1.392571516413e+09 768 7235 3201 18 8 9 9 9.15524714e-11 1.54141780e-10 outputs/V1e27_D10000_G10/solution/solution-00088 
 89 1.239388649607e+11 1.392571516413e+09 768 7235 3201 18 8 9 9 8.70153069e-11 1.46472253e-10 outputs/V1e27_D10000_G10/solution/solution-00089 
 90 1.253314364771e+11 1.392571516413e+09 768 7235 3201 18 8 9 9 8.27032230e-11 1.39184814e-10 outputs/V1e27_D10000_G10/solution/solution-00090 
 91 1.267240079935e+11 1.392571516413e+09 768 7235 3201 18 8 9 9 7.86050487e-11 1.32260388e-10 outputs/V1e27_D10000_G10/solution/solution-00091 
 92 1.281165795100e+11 1.392571516413e+09 768 7235 3201 18 8 9 9 7.47101674e-11 1.25680854e-10 outputs/V1e27_D10000_G10/solution/solution-00092 
 93 1.295091510264e+11 1.392571516413e+09 768 7235 3201 18 8 9 9 7.10084893e-11 1.19429001e-10 outputs/V1e27_D10000_G10/solution/solution-00093 
 94 1.309017225428e+11 1.392571516413e+09 768 7235 3201 18 8 9 9 6.74904257e-11 1.13488478e-10 outputs/V1e27_D10000_G10/solution/solution-00094 
 95 1.322942940592e+11 1.392571516413e+09 768 7235 3201 18 8 9 9 6.41468636e-11 1.07843753e-10 outputs/V1e27_D10000_G10/solution/solution-00095 
 96 1.336868655756e+11 1.392571516413e+09 768 7235 3201 18 8 9 9 6.09691426e-11 1.02480071e-10 outputs/V1e27_D10000_G10/solution/solution-00096 
 97 1.350794370920e+11 1.392571516413e+09 768 7235 3201 18 8 9 9 5.79490318e-11 9.73834150e-11 outputs/V1e27_D10000_G10/solution/solution-00097 
 98 1.364720086084e+11 1.392571516413e+09 768 7235 3201 18 8 9 9 5.50787096e-11 9.25404702e-11 outputs/V1e27_D10000_G10/solution/solution-00098 
 99 1.378645801248e+11 1.392571516413e+09 768 7235 3201 18 8 9 9 5.23507421e-11 8.79385862e-11 outputs/V1e27_D10000_G10/solution/solution-00099 
100 1.392571516413e+11 1.392571516413e+09 768 7235 3201 17 8 9 9 4.97580630e-11 8.35657426e-11 outputs/V1e27_D10000_G10/solution/solution-00100 
