# 1: Time step number
# 2: Time (years)
# 3: Time step size (years)
# 4: Number of mesh cells
# 5: Number of Stokes degrees of freedom
# 6: Number of temperature degrees of freedom
# 7: Iterations for temperature solver
# 8: Iterations for Stokes solver
# 9: Velocity iterations in Stokes preconditioner
# 10: Schur complement iterations in Stokes preconditioner
# 11: RMS velocity (m/year)
# 12: Max. velocity (m/year)
# 13: Visualization file name
  0 0.000000000000e+00 0.000000000000e+00 768 7235 3201  0 8 9 9 3.97287882e-09 6.98573922e-09 outputs/V1e27_D100_G6/solution/solution-00000 
  1 1.392571516413e+09 1.392571516413e+09 768 7235 3201 32 8 9 9 3.76020181e-09 6.34173898e-09 outputs/V1e27_D100_G6/solution/solution-00001 
  2 2.785143032825e+09 1.392571516413e+09 768 7235 3201 25 8 9 9 3.56303200e-09 6.01214353e-09 outputs/V1e27_D100_G6/solution/solution-00002 
  3 4.177714549238e+09 1.392571516413e+09 768 7235 3201 24 8 9 9 3.37791405e-09 5.70103694e-09 outputs/V1e27_D100_G6/solution/solution-00003 
  4 5.570286065650e+09 1.392571516413e+09 768 7235 3201 23 8 9 9 3.20264580e-09 5.40631174e-09 outputs/V1e27_D100_G6/solution/solution-00004 
  5 6.962857582063e+09 1.392571516413e+09 768 7235 3201 23 8 9 9 3.03683874e-09 5.12733850e-09 outputs/V1e27_D100_G6/solution/solution-00005 
  6 8.355429098476e+09 1.392571516413e+09 768 7235 3201 22 8 9 9 2.87995991e-09 4.86325592e-09 outputs/V1e27_D100_G6/solution/solution-00006 
  7 9.748000614888e+09 1.392571516413e+09 768 7235 3201 21 8 9 9 2.73148278e-09 4.61319039e-09 outputs/V1e27_D100_G6/solution/solution-00007 
  8 1.114057213130e+10 1.392571516413e+09 768 7235 3201 21 8 9 9 2.59090867e-09 4.37631707e-09 outputs/V1e27_D100_G6/solution/solution-00008 
  9 1.253314364771e+10 1.392571516413e+09 768 7235 3201 21 8 9 9 2.45777287e-09 4.15187140e-09 outputs/V1e27_D100_G6/solution/solution-00009 
 10 1.392571516413e+10 1.392571516413e+09 768 7235 3201 20 8 9 9 2.33164445e-09 3.93914632e-09 outputs/V1e27_D100_G6/solution/solution-00010 
 11 1.531828668054e+10 1.392571516413e+09 768 7235 3201 20 8 9 9 2.21212376e-09 3.73748646e-09 outputs/V1e27_D100_G6/solution/solution-00011 
 12 1.671085819695e+10 1.392571516413e+09 768 7235 3201 20 8 9 9 2.09883940e-09 3.54628223e-09 outputs/V1e27_D100_G6/solution/solution-00012 
 13 1.810342971336e+10 1.392571516413e+09 768 7235 3201 20 8 9 9 1.99144547e-09 3.36496480e-09 outputs/V1e27_D100_G6/solution/solution-00013 
 14 1.949600122978e+10 1.392571516413e+09 768 7235 3201 20 8 9 9 1.88961898e-09 3.19300190e-09 outputs/V1e27_D100_G6/solution/solution-00014 
 15 2.088857274619e+10 1.392571516413e+09 768 7235 3201 20 8 9 9 1.79305776e-09 3.02989426e-09 outputs/V1e27_D100_G6/solution/solution-00015 
 16 2.228114426260e+10 1.392571516413e+09 768 7235 3201 19 8 9 9 1.70147856e-09 2.87517271e-09 outputs/V1e27_D100_G6/solution/solution-00016 
 17 2.367371577901e+10 1.392571516413e+09 768 7235 3201 19 8 9 9 1.61461537e-09 2.72839558e-09 outputs/V1e27_D100_G6/solution/solution-00017 
 18 2.506628729543e+10 1.392571516413e+09 768 7235 3201 19 8 9 9 1.53221810e-09 2.58914662e-09 outputs/V1e27_D100_G6/solution/solution-00018 
 19 2.645885881184e+10 1.392571516413e+09 768 7235 3201 19 8 9 9 1.45405122e-09 2.45703304e-09 outputs/V1e27_D100_G6/solution/solution-00019 
 20 2.785143032825e+10 1.392571516413e+09 768 7235 3201 19 8 9 9 1.37989278e-09 2.33168391e-09 outputs/V1e27_D100_G6/solution/solution-00020 
 21 2.924400184466e+10 1.392571516413e+09 768 7235 3201 19 8 9 9 1.30953331e-09 2.21274860e-09 outputs/V1e27_D100_G6/solution/solution-00021 
 22 3.063657336108e+10 1.392571516413e+09 768 7235 3201 19 8 9 9 1.24277505e-09 2.09989551e-09 outputs/V1e27_D100_G6/solution/solution-00022 
 23 3.202914487749e+10 1.392571516413e+09 768 7235 3201 19 8 9 9 1.17943113e-09 1.99281088e-09 outputs/V1e27_D100_G6/solution/solution-00023 
 24 3.342171639390e+10 1.392571516413e+09 768 7235 3201 19 8 9 9 1.11932482e-09 1.89119762e-09 outputs/V1e27_D100_G6/solution/solution-00024 
 25 3.481428791032e+10 1.392571516413e+09 768 7235 3201 18 8 9 9 1.06228897e-09 1.79477442e-09 outputs/V1e27_D100_G6/solution/solution-00025 
 26 3.620685942673e+10 1.392571516413e+09 768 7235 3201 18 8 9 9 1.00816534e-09 1.70327472e-09 outputs/V1e27_D100_G6/solution/solution-00026 
 27 3.759943094314e+10 1.392571516413e+09 768 7235 3201 18 8 9 9 9.56804136e-10 1.61644597e-09 outputs/V1e27_D100_G6/solution/solution-00027 
 28 3.899200245955e+10 1.392571516413e+09 768 7235 3201 18 8 9 9 9.08063450e-10 1.53404876e-09 outputs/V1e27_D100_G6/solution/solution-00028 
 29 4.038457397597e+10 1.392571516413e+09 768 7235 3201 18 8 9 9 8.61808848e-10 1.45585615e-09 outputs/V1e27_D100_G6/solution/solution-00029 
 30 4.177714549238e+10 1.392571516413e+09 768 7235 3201 18 8 9 9 8.17912927e-10 1.38165293e-09 outputs/V1e27_D100_G6/solution/solution-00030 
 31 4.316971700879e+10 1.392571516413e+09 768 7235 3201 18 8 9 9 7.76254925e-10 1.31123506e-09 outputs/V1e27_D100_G6/solution/solution-00031 
 32 4.456228852520e+10 1.392571516413e+09 768 7235 3201 18 8 9 9 7.36720355e-10 1.24440898e-09 outputs/V1e27_D100_G6/solution/solution-00032 
 33 4.595486004162e+10 1.392571516413e+09 768 7235 3201 18 8 9 9 6.99200660e-10 1.18099113e-09 outputs/V1e27_D100_G6/solution/solution-00033 
 34 4.734743155803e+10 1.392571516413e+09 768 7235 3201 18 8 9 9 6.63592893e-10 1.12080738e-09 outputs/V1e27_D100_G6/solution/solution-00034 
 35 4.874000307444e+10 1.392571516413e+09 768 7235 3201 18 8 9 9 6.29799415e-10 1.06369255e-09 outputs/V1e27_D100_G6/solution/solution-00035 
 36 5.013257459085e+10 1.392571516413e+09 768 7235 3201 18 8 9 9 5.97727614e-10 1.00948993e-09 outputs/V1e27_D100_G6/solution/solution-00036 
 37 5.152514610727e+10 1.392571516413e+09 768 7235 3201 18 8 9 9 5.67289637e-10 9.58050845e-10 outputs/V1e27_D100_G6/solution/solution-00037 
 38 5.291771762368e+10 1.392571516413e+09 768 7235 3201 18 8 9 9 5.38402139e-10 9.09234234e-10 outputs/V1e27_D100_G6/solution/solution-00038 
 39 5.431028914009e+10 1.392571516413e+09 768 7235 3201 18 8 9 9 5.10986049e-10 8.62906261e-10 outputs/V1e27_D100_G6/solution/solution-00039 
 40 5.570286065650e+10 1.392571516413e+09 768 7235 3201 18 8 9 9 4.84966346e-10 8.18939937e-10 outputs/V1e27_D100_G6/solution/solution-00040 
 41 5.709543217292e+10 1.392571516413e+09 768 7235 3201 18 8 9 9 4.60271848e-10 7.77214766e-10 outputs/V1e27_D100_G6/solution/solution-00041 
 42 5.848800368933e+10 1.392571516413e+09 768 7235 3201 18 8 9 9 4.36835010e-10 7.37616413e-10 outputs/V1e27_D100_G6/solution/solution-00042 
 43 5.988057520574e+10 1.392571516413e+09 768 7235 3201 17 8 9 9 4.14591744e-10 7.00036390e-10 outputs/V1e27_D100_G6/solution/solution-00043 
 44 6.127314672215e+10 1.392571516413e+09 768 7235 3201 17 8 9 9 3.93481232e-10 6.64371748e-10 outputs/V1e27_D100_G6/solution/solution-00044 
 45 6.266571823857e+10 1.392571516413e+09 768 7235 3201 17 8 9 9 3.73445760e-10 6.30524795e-10 outputs/V1e27_D100_G6/solution/solution-00045 
 46 6.405828975498e+10 1.392571516413e+09 768 7235 3201 17 8 9 9 3.54430561e-10 5.98402833e-10 outputs/V1e27_D100_G6/solution/solution-00046 
 47 6.545086127139e+10 1.392571516413e+09 768 7235 3201 17 8 9 9 3.36383663e-10 5.67917894e-10 outputs/V1e27_D100_G6/solution/solution-00047 
 48 6.684343278781e+10 1.392571516413e+09 768 7235 3201 17 8 9 9 3.19255744e-10 5.38986501e-10 outputs/V1e27_D100_G6/solution/solution-00048 
 49 6.823600430422e+10 1.392571516413e+09 768 7235 3201 17 8 9 9 3.02999994e-10 5.11529441e-10 outputs/V1e27_D100_G6/solution/solution-00049 
 50 6.962857582063e+10 1.392571516413e+09 768 7235 3201 17 8 9 9 2.87571995e-10 4.85471542e-10 outputs/V1e27_D100_G6/solution/solution-00050 
 51 7.102114733704e+10 1.392571516413e+09 768 7235 3201 17 8 9 9 2.72929589e-10 4.60741467e-10 outputs/V1e27_D100_G6/solution/solution-00051 
 52 7.241371885346e+10 1.392571516413e+09 768 7235 3201 17 8 9 9 2.59032766e-10 4.37271523e-10 outputs/V1e27_D100_G6/solution/solution-00052 
 53 7.380629036987e+10 1.392571516413e+09 768 7235 3201 17 8 9 9 2.45843559e-10 4.14997467e-10 outputs/V1e27_D100_G6/solution/solution-00053 
 54 7.519886188628e+10 1.392571516413e+09 768 7235 3201 17 8 9 9 2.33325930e-10 3.93858336e-10 outputs/V1e27_D100_G6/solution/solution-00054 
 55 7.659143340269e+10 1.392571516413e+09 768 7235 3201 17 8 9 9 2.21445682e-10 3.73796277e-10 outputs/V1e27_D100_G6/solution/solution-00055 
 56 7.798400491911e+10 1.392571516413e+09 768 7235 3201 17 8 9 9 2.10170356e-10 3.54756387e-10 outputs/V1e27_D100_G6/solution/solution-00056 
 57 7.937657643552e+10 1.392571516413e+09 768 7235 3201 17 8 9 9 1.99469149e-10 3.36686565e-10 outputs/V1e27_D100_G6/solution/solution-00057 
 58 8.076914795193e+10 1.392571516413e+09 768 7235 3201 17 8 9 9 1.89312825e-10 3.19537367e-10 outputs/V1e27_D100_G6/solution/solution-00058 
 59 8.216171946834e+10 1.392571516413e+09 768 7235 3201 17 8 9 9 1.79673640e-10 3.03261869e-10 outputs/V1e27_D100_G6/solution/solution-00059 
 60 8.355429098476e+10 1.392571516413e+09 768 7235 3201 17 8 9 9 1.70525260e-10 2.87815544e-10 outputs/V1e27_D100_G6/solution/solution-00060 
 61 8.494686250117e+10 1.392571516413e+09 768 7235 3201 17 8 9 9 1.61842694e-10 2.73156132e-10 outputs/V1e27_D100_G6/solution/solution-00061 
 62 8.633943401758e+10 1.392571516413e+09 768 7235 3201 17 8 9 9 1.53602222e-10 2.59243530e-10 outputs/V1e27_D100_G6/solution/solution-00062 
 63 8.773200553399e+10 1.392571516413e+09 768 7235 3201 17 8 9 9 1.45781334e-10 2.46039679e-10 outputs/V1e27_D100_G6/solution/solution-00063 
 64 8.912457705041e+10 1.392571516413e+09 768 7235 3201 17 8 9 9 1.38358665e-10 2.33508461e-10 outputs/V1e27_D100_G6/solution/solution-00064 
 65 9.051714856682e+10 1.392571516413e+09 768 7235 3201 17 8 9 9 1.31313937e-10 2.21615600e-10 outputs/V1e27_D100_G6/solution/solution-00065 
 66 9.190972008323e+10 1.392571516413e+09 768 7235 3201 17 8 9 9 1.24627908e-10 2.10328567e-10 outputs/V1e27_D100_G6/solution/solution-00066 
 67 9.330229159964e+10 1.392571516413e+09 768 7235 3201 17 8 9 9 1.18282312e-10 1.99616491e-10 outputs/V1e27_D100_G6/solution/solution-00067 
 68 9.469486311606e+10 1.392571516413e+09 768 7235 3201 17 8 9 9 1.12259816e-10 1.89450076e-10 outputs/V1e27_D100_G6/solution/solution-00068 
 69 9.608743463247e+10 1.392571516413e+09 768 7235 3201 16 8 9 9 1.06543968e-10 1.79801522e-10 outputs/V1e27_D100_G6/solution/solution-00069 
 70 9.748000614888e+10 1.392571516413e+09 768 7235 3201 16 8 9 9 1.01119155e-10 1.70644439e-10 outputs/V1e27_D100_G6/solution/solution-00070 
 71 9.887257766530e+10 1.392571516413e+09 768 7235 3201 16 8 9 9 9.59705571e-11 1.61953787e-10 outputs/V1e27_D100_G6/solution/solution-00071 
 72 1.002651491817e+11 1.392571516413e+09 768 7235 3201 16 8 9 9 9.10841100e-11 1.53705802e-10 outputs/V1e27_D100_G6/solution/solution-00072 
 73 1.016577206981e+11 1.392571516413e+09 768 7235 3201 16 8 9 9 8.64464658e-11 1.45877930e-10 outputs/V1e27_D100_G6/solution/solution-00073 
 74 1.030502922145e+11 1.392571516413e+09 768 7235 3201 16 8 9 9 8.20449559e-11 1.38448767e-10 outputs/V1e27_D100_G6/solution/solution-00074 
 75 1.044428637309e+11 1.392571516413e+09 768 7235 3201 16 8 9 9 7.78675570e-11 1.31398001e-10 outputs/V1e27_D100_G6/solution/solution-00075 
 76 1.058354352474e+11 1.392571516413e+09 768 7235 3201 16 8 9 9 7.39028582e-11 1.24706355e-10 outputs/V1e27_D100_G6/solution/solution-00076 
 77 1.072280067638e+11 1.392571516413e+09 768 7235 3201 16 8 9 9 7.01400290e-11 1.18355532e-10 outputs/V1e27_D100_G6/solution/solution-00077 
 78 1.086205782802e+11 1.392571516413e+09 768 7235 3201 16 8 9 9 6.65687910e-11 1.12328172e-10 outputs/V1e27_D100_G6/solution/solution-00078 
 79 1.100131497966e+11 1.392571516413e+09 768 7235 3201 16 8 9 9 6.31793888e-11 1.06607795e-10 outputs/V1e27_D100_G6/solution/solution-00079 
 80 1.114057213130e+11 1.392571516413e+09 768 7235 3201 16 8 9 9 5.99625638e-11 1.01178763e-10 outputs/V1e27_D100_G6/solution/solution-00080 
 81 1.127982928294e+11 1.392571516413e+09 768 7235 3201 16 8 9 9 5.69095289e-11 9.60262359e-11 outputs/V1e27_D100_G6/solution/solution-00081 
 82 1.141908643458e+11 1.392571516413e+09 768 7235 3201 16 8 9 9 5.40119443e-11 9.11361276e-11 outputs/V1e27_D100_G6/solution/solution-00082 
 83 1.155834358622e+11 1.392571516413e+09 768 7235 3201 16 8 9 9 5.12618951e-11 8.64950713e-11 outputs/V1e27_D100_G6/solution/solution-00083 
 84 1.169760073787e+11 1.392571516413e+09 768 7235 3201 16 8 9 9 4.86518689e-11 8.20903804e-11 outputs/V1e27_D100_G6/solution/solution-00084 
 85 1.183685788951e+11 1.392571516413e+09 768 7235 3201 16 8 9 9 4.61747364e-11 7.79100152e-11 outputs/V1e27_D100_G6/solution/solution-00085 
 86 1.197611504115e+11 1.392571516413e+09 768 7235 3201 16 8 9 9 4.38237310e-11 7.39425495e-11 outputs/V1e27_D100_G6/solution/solution-00086 
 87 1.211537219279e+11 1.392571516413e+09 768 7235 3201 16 8 9 9 4.15924305e-11 7.01771388e-11 outputs/V1e27_D100_G6/solution/solution-00087 
 88 1.225462934443e+11 1.392571516413e+09 768 7235 3201 16 8 9 9 3.94747401e-11 6.66034915e-11 outputs/V1e27_D100_G6/solution/solution-00088 
 89 1.239388649607e+11 1.392571516413e+09 768 7235 3201 16 8 9 9 3.74648749e-11 6.32118401e-11 outputs/V1e27_D100_G6/solution/solution-00089 
 90 1.253314364771e+11 1.392571516413e+09 768 7235 3201 16 8 9 9 3.55573449e-11 5.99929149e-11 outputs/V1e27_D100_G6/solution/solution-00090 
 91 1.267240079935e+11 1.392571516413e+09 768 7235 3201 16 8 9 9 3.37469395e-11 5.69379185e-11 outputs/V1e27_D100_G6/solution/solution-00091 
 92 1.281165795100e+11 1.392571516413e+09 768 7235 3201 16 8 9 9 3.20287133e-11 5.40385013e-11 outputs/V1e27_D100_G6/solution/solution-00092 
 93 1.295091510264e+11 1.392571516413e+09 768 7235 3201 16 8 9 9 3.03979729e-11 5.12867394e-11 outputs/V1e27_D100_G6/solution/solution-00093 
 94 1.309017225428e+11 1.392571516413e+09 768 7235 3201 15 8 9 9 2.88502646e-11 4.86751147e-11 outputs/V1e27_D100_G6/solution/solution-00094 
 95 1.322942940592e+11 1.392571516413e+09 768 7235 3201 15 8 9 9 2.73813602e-11 4.61964881e-11 outputs/V1e27_D100_G6/solution/solution-00095 
 96 1.336868655756e+11 1.392571516413e+09 768 7235 3201 15 8 9 9 2.59872469e-11 4.38440856e-11 outputs/V1e27_D100_G6/solution/solution-00096 
 97 1.350794370920e+11 1.392571516413e+09 768 7235 3201 15 8 9 9 2.46641165e-11 4.16114781e-11 outputs/V1e27_D100_G6/solution/solution-00097 
 98 1.364720086084e+11 1.392571516413e+09 768 7235 3201 15 8 9 9 2.34083548e-11 3.94925650e-11 outputs/V1e27_D100_G6/solution/solution-00098 
 99 1.378645801248e+11 1.392571516413e+09 768 7235 3201 15 8 9 9 2.22165316e-11 3.74815555e-11 outputs/V1e27_D100_G6/solution/solution-00099 
100 1.392571516413e+11 1.392571516413e+09 768 7235 3201 15 8 9 9 2.10853913e-11 3.55729543e-11 outputs/V1e27_D100_G6/solution/solution-00100 
