# 1: Time step number
# 2: Time (years)
# 3: Time step size (years)
# 4: Number of mesh cells
# 5: Number of Stokes degrees of freedom
# 6: Number of temperature degrees of freedom
# 7: Iterations for temperature solver
# 8: Iterations for Stokes solver
# 9: Velocity iterations in Stokes preconditioner
# 10: Schur complement iterations in Stokes preconditioner
# 11: RMS velocity (m/year)
# 12: Max. velocity (m/year)
# 13: Visualization file name
  0 0.000000000000e+00 0.000000000000e+00 768 7235 3201  0 8 9 9 2.40958393e-07 4.28689110e-07 outputs/V3.3e25_D10_G12/solution/solution-00000 
  1 1.392571516413e+09 1.392571516413e+09 768 7235 3201 32 8 9 9 2.31705859e-07 3.93691296e-07 outputs/V3.3e25_D10_G12/solution/solution-00001 
  2 2.785143032825e+09 1.392571516413e+09 768 7235 3201 25 8 9 9 2.25270549e-07 3.86212701e-07 outputs/V3.3e25_D10_G12/solution/solution-00002 
  3 4.177714549238e+09 1.392571516413e+09 768 7235 3201 24 8 9 9 2.21706258e-07 3.84075412e-07 outputs/V3.3e25_D10_G12/solution/solution-00003 
  4 5.570286065650e+09 1.392571516413e+09 768 7235 3201 23 8 9 9 2.20714032e-07 3.86286862e-07 outputs/V3.3e25_D10_G12/solution/solution-00004 
  5 6.962857582063e+09 1.392571516413e+09 768 7235 3201 23 8 9 9 2.22032516e-07 3.92168472e-07 outputs/V3.3e25_D10_G12/solution/solution-00005 
  6 8.355429098476e+09 1.392571516413e+09 768 7235 3201 22 8 9 9 2.25408906e-07 4.01186570e-07 outputs/V3.3e25_D10_G12/solution/solution-00006 
  7 9.748000614888e+09 1.392571516413e+09 768 7235 3201 21 8 9 9 2.30638190e-07 4.12969398e-07 outputs/V3.3e25_D10_G12/solution/solution-00007 
  8 1.114057213130e+10 1.392571516413e+09 768 7235 3201 21 8 9 9 2.37566254e-07 4.27275113e-07 outputs/V3.3e25_D10_G12/solution/solution-00008 
  9 1.253314364771e+10 1.392571516413e+09 768 7235 3201 21 8 9 9 2.46084026e-07 4.43957613e-07 outputs/V3.3e25_D10_G12/solution/solution-00009 
 10 1.392571516413e+10 1.392571516413e+09 768 7235 3201 20 8 9 9 2.56119882e-07 4.62940159e-07 outputs/V3.3e25_D10_G12/solution/solution-00010 
 11 1.531828668054e+10 1.392571516413e+09 768 7235 3201 20 8 9 9 2.67632669e-07 4.84196847e-07 outputs/V3.3e25_D10_G12/solution/solution-00011 
 12 1.671085819695e+10 1.392571516413e+09 768 7235 3201 20 8 9 9 2.80605996e-07 5.07739966e-07 outputs/V3.3e25_D10_G12/solution/solution-00012 
 13 1.810342971336e+10 1.392571516413e+09 768 7235 3201 20 8 9 9 2.95043808e-07 5.33611477e-07 outputs/V3.3e25_D10_G12/solution/solution-00013 
 14 1.949600122978e+10 1.392571516413e+09 768 7235 3201 20 8 9 9 3.10967039e-07 5.61877277e-07 outputs/V3.3e25_D10_G12/solution/solution-00014 
 15 2.088857274619e+10 1.392571516413e+09 768 7235 3201 20 8 9 9 3.28411157e-07 5.92623363e-07 outputs/V3.3e25_D10_G12/solution/solution-00015 
 16 2.228114426260e+10 1.392571516413e+09 768 7235 3201 19 8 9 9 3.47424381e-07 6.25953313e-07 outputs/V3.3e25_D10_G12/solution/solution-00016 
 17 2.367371577901e+10 1.392571516413e+09 768 7235 3201 19 8 9 9 3.68066440e-07 6.61986679e-07 outputs/V3.3e25_D10_G12/solution/solution-00017 
 18 2.506628729543e+10 1.392571516413e+09 768 7235 3201 19 8 9 9 3.90407724e-07 7.00858044e-07 outputs/V3.3e25_D10_G12/solution/solution-00018 
 19 2.645885881184e+10 1.392571516413e+09 768 7235 3201 19 8 9 9 4.14528760e-07 7.42716559e-07 outputs/V3.3e25_D10_G12/solution/solution-00019 
 20 2.785143032825e+10 1.392571516413e+09 768 7235 3201 19 8 9 9 4.40519920e-07 7.87725834e-07 outputs/V3.3e25_D10_G12/solution/solution-00020 
 21 2.924400184466e+10 1.392571516413e+09 768 7235 3201 19 8 9 9 4.68481326e-07 8.36064101e-07 outputs/V3.3e25_D10_G12/solution/solution-00021 
 22 3.063657336108e+10 1.392571516413e+09 768 7235 3201 19 8 9 9 4.98522904e-07 8.87924601e-07 outputs/V3.3e25_D10_G12/solution/solution-00022 
 23 3.202914487749e+10 1.392571516413e+09 768 7235 3201 19 8 9 9 5.30764569e-07 9.43516124e-07 outputs/V3.3e25_D10_G12/solution/solution-00023 
 24 3.342171639390e+10 1.392571516413e+09 768 7235 3201 19 8 9 9 5.65336508e-07 1.00306372e-06 outputs/V3.3e25_D10_G12/solution/solution-00024 
 25 3.481428791032e+10 1.392571516413e+09 768 7235 3201 19 8 9 9 6.02379562e-07 1.06680948e-06 outputs/V3.3e25_D10_G12/solution/solution-00025 
 26 3.620685942673e+10 1.392571516413e+09 768 7235 3201 18 8 9 9 6.42045682e-07 1.13501354e-06 outputs/V3.3e25_D10_G12/solution/solution-00026 
 27 3.759943094314e+10 1.392571516413e+09 768 7235 3201 18 8 9 9 6.84498468e-07 1.20795503e-06 outputs/V3.3e25_D10_G12/solution/solution-00027 
 28 3.899200245955e+10 1.392571516413e+09 768 7235 3201 18 8 9 9 7.29913767e-07 1.28593326e-06 outputs/V3.3e25_D10_G12/solution/solution-00028 
 29 4.038457397597e+10 1.392571516413e+09 768 7235 3201 18 8 9 9 7.78480352e-07 1.36926895e-06 outputs/V3.3e25_D10_G12/solution/solution-00029 
 30 4.177714549238e+10 1.392571516413e+09 768 7235 3201 18 7 8 8 8.30400662e-07 1.45830551e-06 outputs/V3.3e25_D10_G12/solution/solution-00030 
 31 4.316971700879e+10 1.392571516413e+09 768 7235 3201 18 7 8 8 8.85891606e-07 1.55341055e-06 outputs/V3.3e25_D10_G12/solution/solution-00031 
 32 4.456228852520e+10 1.392571516413e+09 768 7235 3201 18 7 8 8 9.45185441e-07 1.65497735e-06 outputs/V3.3e25_D10_G12/solution/solution-00032 
 33 4.595486004162e+10 1.392571516413e+09 768 7235 3201 18 7 8 8 1.00853072e-06 1.76342653e-06 outputs/V3.3e25_D10_G12/solution/solution-00033 
 34 4.734743155803e+10 1.392571516413e+09 768 7235 3201 18 7 8 8 1.07619332e-06 1.87920782e-06 outputs/V3.3e25_D10_G12/solution/solution-00034 
 35 4.874000307444e+10 1.392571516413e+09 768 7235 3201 18 7 8 8 1.14845750e-06 2.00280190e-06 outputs/V3.3e25_D10_G12/solution/solution-00035 
 36 5.013257459085e+10 1.392571516413e+09 768 7235 3201 18 7 8 8 1.22562714e-06 2.13472248e-06 outputs/V3.3e25_D10_G12/solution/solution-00036 
 37 5.152514610727e+10 1.392571516413e+09 768 7235 3201 18 7 8 8 1.30802695e-06 2.27551837e-06 outputs/V3.3e25_D10_G12/solution/solution-00037 
 38 5.291771762368e+10 1.392571516413e+09 768 7235 3201 18 7 8 8 1.39600383e-06 2.42577581e-06 outputs/V3.3e25_D10_G12/solution/solution-00038 
 39 5.431028914009e+10 1.392571516413e+09 768 7235 3201 18 7 8 8 1.48992831e-06 2.58612091e-06 outputs/V3.3e25_D10_G12/solution/solution-00039 
 40 5.570286065650e+10 1.392571516413e+09 768 7235 3201 18 7 8 8 1.59019610e-06 2.75722226e-06 outputs/V3.3e25_D10_G12/solution/solution-00040 
 41 5.709543217292e+10 1.392571516413e+09 768 7235 3201 18 7 8 8 1.69722970e-06 2.93979367e-06 outputs/V3.3e25_D10_G12/solution/solution-00041 
 42 5.848800368933e+10 1.392571516413e+09 768 7235 3201 18 7 8 8 1.81148020e-06 3.13459717e-06 outputs/V3.3e25_D10_G12/solution/solution-00042 
 43 5.988057520574e+10 1.392571516413e+09 768 7235 3201 18 7 8 8 1.93342910e-06 3.34244617e-06 outputs/V3.3e25_D10_G12/solution/solution-00043 
 44 6.127314672215e+10 1.392571516413e+09 768 7235 3201 18 7 8 8 2.06359031e-06 3.56420875e-06 outputs/V3.3e25_D10_G12/solution/solution-00044 
 45 6.266571823857e+10 1.392571516413e+09 768 7235 3201 18 7 8 8 2.20251229e-06 3.80081131e-06 outputs/V3.3e25_D10_G12/solution/solution-00045 
 46 6.405828975498e+10 1.392571516413e+09 768 7235 3201 18 7 8 8 2.35078026e-06 4.05324231e-06 outputs/V3.3e25_D10_G12/solution/solution-00046 
 47 6.545086127139e+10 1.392571516413e+09 768 7235 3201 18 7 8 8 2.50901863e-06 4.32255633e-06 outputs/V3.3e25_D10_G12/solution/solution-00047 
 48 6.684343278781e+10 1.392571516413e+09 768 7235 3201 18 6 7 7 2.67789353e-06 4.60987835e-06 outputs/V3.3e25_D10_G12/solution/solution-00048 
 49 6.823600430422e+10 1.392571516413e+09 768 7235 3201 18 6 7 7 2.85811548e-06 4.91640831e-06 outputs/V3.3e25_D10_G12/solution/solution-00049 
 50 6.962857582063e+10 1.392571516413e+09 768 7235 3201 18 6 7 7 3.05044231e-06 5.24342590e-06 outputs/V3.3e25_D10_G12/solution/solution-00050 
 51 7.102114733704e+10 1.392571516413e+09 768 7235 3201 18 6 7 7 3.25568212e-06 5.59229572e-06 outputs/V3.3e25_D10_G12/solution/solution-00051 
 52 7.241371885346e+10 1.392571516413e+09 768 7235 3201 18 6 7 7 3.47469656e-06 5.96447262e-06 outputs/V3.3e25_D10_G12/solution/solution-00052 
 53 7.380629036987e+10 1.392571516413e+09 768 7235 3201 18 6 7 7 3.70840415e-06 6.36150745e-06 outputs/V3.3e25_D10_G12/solution/solution-00053 
 54 7.519886188628e+10 1.392571516413e+09 768 7235 3201 18 6 7 7 3.95778391e-06 6.78505307e-06 outputs/V3.3e25_D10_G12/solution/solution-00054 
 55 7.659143340269e+10 1.392571516413e+09 768 7235 3201 18 6 7 7 4.22387908e-06 7.23687068e-06 outputs/V3.3e25_D10_G12/solution/solution-00055 
 56 7.798400491911e+10 1.392571516413e+09 768 7235 3201 18 6 7 7 4.50780107e-06 7.71883648e-06 outputs/V3.3e25_D10_G12/solution/solution-00056 
 57 7.937657643552e+10 1.392571516413e+09 768 7235 3201 18 6 7 7 4.81073366e-06 8.23294866e-06 outputs/V3.3e25_D10_G12/solution/solution-00057 
 58 8.076914795193e+10 1.392571516413e+09 768 7235 3201 18 6 7 7 5.13393726e-06 8.78133464e-06 outputs/V3.3e25_D10_G12/solution/solution-00058 
 59 8.216171946834e+10 1.392571516413e+09 768 7235 3201 18 6 7 7 5.47875345e-06 9.36625873e-06 outputs/V3.3e25_D10_G12/solution/solution-00059 
 60 8.355429098476e+10 1.392571516413e+09 768 7235 3201 18 6 7 7 5.84660965e-06 9.99012993e-06 outputs/V3.3e25_D10_G12/solution/solution-00060 
 61 8.494686250117e+10 1.392571516413e+09 768 7235 3201 18 6 7 7 6.23902394e-06 1.06555101e-05 outputs/V3.3e25_D10_G12/solution/solution-00061 
 62 8.633943401758e+10 1.392571516413e+09 768 7235 3201 18 6 7 7 6.65761000e-06 1.13651222e-05 outputs/V3.3e25_D10_G12/solution/solution-00062 
 63 8.773200553399e+10 1.392571516413e+09 768 7235 3201 18 6 7 7 7.10408215e-06 1.21218590e-05 outputs/V3.3e25_D10_G12/solution/solution-00063 
 64 8.912457705041e+10 1.392571516413e+09 768 7235 3201 18 6 7 7 7.58026046e-06 1.29287913e-05 outputs/V3.3e25_D10_G12/solution/solution-00064 
 65 9.051714856682e+10 1.392571516413e+09 768 7235 3201 18 6 7 7 8.08807576e-06 1.37891766e-05 outputs/V3.3e25_D10_G12/solution/solution-00065 
 66 9.190972008323e+10 1.392571516413e+09 768 7235 3201 18 6 7 7 8.62957467e-06 1.47064676e-05 outputs/V3.3e25_D10_G12/solution/solution-00066 
 67 9.330229159964e+10 1.392571516413e+09 768 7235 3201 18 6 7 7 9.20692439e-06 1.56843204e-05 outputs/V3.3e25_D10_G12/solution/solution-00067 
 68 9.469486311606e+10 1.392571516413e+09 768 7235 3201 18 6 7 7 9.82241719e-06 1.67266014e-05 outputs/V3.3e25_D10_G12/solution/solution-00068 
 69 9.608743463247e+10 1.392571516413e+09 768 7235 3201 18 6 7 7 1.04784745e-05 1.78373949e-05 outputs/V3.3e25_D10_G12/solution/solution-00069 
 70 9.748000614888e+10 1.392571516413e+09 768 7235 3201 18 6 7 7 1.11776502e-05 1.90210086e-05 outputs/V3.3e25_D10_G12/solution/solution-00070 
 71 9.887257766530e+10 1.392571516413e+09 768 7235 3201 18 6 7 7 1.19226335e-05 2.02819779e-05 outputs/V3.3e25_D10_G12/solution/solution-00071 
 72 1.002651491817e+11 1.392571516413e+09 768 7235 3201 18 6 7 7 1.27162499e-05 2.16250682e-05 outputs/V3.3e25_D10_G12/solution/solution-00072 
 73 1.016577206981e+11 1.392571516413e+09 768 7235 3201 18 6 7 7 1.35614619e-05 2.30552754e-05 outputs/V3.3e25_D10_G12/solution/solution-00073 
 74 1.030502922145e+11 1.392571516413e+09 768 7235 3201 18 6 7 7 1.44613665e-05 2.45778225e-05 outputs/V3.3e25_D10_G12/solution/solution-00074 
 75 1.044428637309e+11 1.392571516413e+09 768 7235 3201 18 6 7 7 1.54191912e-05 2.61981528e-05 outputs/V3.3e25_D10_G12/solution/solution-00075 
 76 1.058354352474e+11 1.392571516413e+09 768 7235 3201 18 6 7 7 1.64382876e-05 2.79219181e-05 outputs/V3.3e25_D10_G12/solution/solution-00076 
 77 1.072280067638e+11 1.392571516413e+09 768 7235 3201 18 6 7 7 1.75221199e-05 2.97549611e-05 outputs/V3.3e25_D10_G12/solution/solution-00077 
 78 1.086205782802e+11 1.392571516413e+09 768 7235 3201 18 6 7 7 1.86742509e-05 3.17032909e-05 outputs/V3.3e25_D10_G12/solution/solution-00078 
 79 1.100131497966e+11 1.392571516413e+09 768 7235 3201 18 6 7 7 1.98983214e-05 3.37730487e-05 outputs/V3.3e25_D10_G12/solution/solution-00079 
 80 1.114057213130e+11 1.392571516413e+09 768 7235 3201 18 6 7 7 2.11980245e-05 3.59704646e-05 outputs/V3.3e25_D10_G12/solution/solution-00080 
 81 1.127982928294e+11 1.392571516413e+09 768 7235 3201 18 6 7 7 2.25770715e-05 3.83018009e-05 outputs/V3.3e25_D10_G12/solution/solution-00081 
 82 1.141908643458e+11 1.392571516413e+09 768 7235 3201 18 6 7 7 2.40391502e-05 4.07732813e-05 outputs/V3.3e25_D10_G12/solution/solution-00082 
 83 1.155834358622e+11 1.392571516413e+09 768 7235 3201 18 6 7 7 2.55878723e-05 4.33910033e-05 outputs/V3.3e25_D10_G12/solution/solution-00083 
 84 1.169760073787e+11 1.392571516413e+09 768 7235 3201 18 6 7 7 2.72267099e-05 4.61608311e-05 outputs/V3.3e25_D10_G12/solution/solution-00084 
 85 1.183685788951e+11 1.392571516413e+09 768 7235 3201 19 6 7 7 2.89589186e-05 4.90882662e-05 outputs/V3.3e25_D10_G12/solution/solution-00085 
 86 1.197611504115e+11 1.392571516413e+09 768 7235 3201 19 6 7 7 3.07874457e-05 5.21782936e-05 outputs/V3.3e25_D10_G12/solution/solution-00086 
 87 1.211537219279e+11 1.392571516413e+09 768 7235 3201 19 6 7 7 3.27148238e-05 5.54352014e-05 outputs/V3.3e25_D10_G12/solution/solution-00087 
 88 1.225462934443e+11 1.392571516413e+09 768 7235 3201 19 6 7 7 3.47430453e-05 5.88623703e-05 outputs/V3.3e25_D10_G12/solution/solution-00088 
 89 1.239388649607e+11 1.392571516413e+09 768 7235 3201 19 6 7 7 3.68734213e-05 6.24620339e-05 outputs/V3.3e25_D10_G12/solution/solution-00089 
 90 1.253314364771e+11 1.392571516413e+09 768 7235 3201 19 6 7 7 3.91064214e-05 6.62350086e-05 outputs/V3.3e25_D10_G12/solution/solution-00090 
 91 1.267240079935e+11 1.392571516413e+09 768 7235 3201 19 6 7 7 4.14414978e-05 7.01803946e-05 outputs/V3.3e25_D10_G12/solution/solution-00091 
 92 1.280598511528e+11 1.335843159211e+09 768 7235 3201 19 6 7 7 4.37762088e-05 7.41251348e-05 outputs/V3.3e25_D10_G12/solution/solution-00092 
 93 1.293246043330e+11 1.264753180281e+09 768 7235 3201 18 6 7 7 4.60701022e-05 7.80014629e-05 outputs/V3.3e25_D10_G12/solution/solution-00093 
 94 1.305265134607e+11 1.201909127684e+09 768 7235 3201 18 6 7 7 4.83221735e-05 8.18077551e-05 outputs/V3.3e25_D10_G12/solution/solution-00094 
 95 1.316725171273e+11 1.146003666603e+09 768 7235 3201 17 6 7 7 5.05312795e-05 8.55415380e-05 outputs/V3.3e25_D10_G12/solution/solution-00095 
 96 1.327685141818e+11 1.095997054451e+09 768 7235 3201 17 5 6 6 5.26962789e-05 8.92008719e-05 outputs/V3.3e25_D10_G12/solution/solution-00096 
 97 1.338195637100e+11 1.051049528223e+09 768 7235 3201 16 5 6 6 5.48160823e-05 9.27838959e-05 outputs/V3.3e25_D10_G12/solution/solution-00097 
 98 1.348300383442e+11 1.010474634162e+09 768 7235 3201 16 5 6 6 5.68896708e-05 9.62888598e-05 outputs/V3.3e25_D10_G12/solution/solution-00098 
 99 1.358037438625e+11 9.737055183427e+08 768 7235 3201 16 5 6 6 5.89161035e-05 9.97141382e-05 outputs/V3.3e25_D10_G12/solution/solution-00099 
100 1.367440137367e+11 9.402698741720e+08 768 7235 3201 15 5 6 6 6.08945217e-05 1.03058237e-04 outputs/V3.3e25_D10_G12/solution/solution-00100 
