# 1: Time step number
# 2: Time (years)
# 3: Time step size (years)
# 4: Number of mesh cells
# 5: Number of Stokes degrees of freedom
# 6: Number of temperature degrees of freedom
# 7: Iterations for temperature solver
# 8: Iterations for Stokes solver
# 9: Velocity iterations in Stokes preconditioner
# 10: Schur complement iterations in Stokes preconditioner
# 11: RMS velocity (m/year)
# 12: Max. velocity (m/year)
# 13: Visualization file name
  0 0.000000000000e+00 0.000000000000e+00 768 7235 3201  0 8 9 9 3.97513738e-09 7.05328047e-09 outputs/V1e27_D30_G6/solution/solution-00000 
  1 1.392571516413e+09 1.392571516413e+09 768 7235 3201 32 8 9 9 3.76026253e-09 6.35083544e-09 outputs/V1e27_D30_G6/solution/solution-00001 
  2 2.785143032825e+09 1.392571516413e+09 768 7235 3201 25 8 9 9 3.56228245e-09 6.01088665e-09 outputs/V1e27_D30_G6/solution/solution-00002 
  3 4.177714549238e+09 1.392571516413e+09 768 7235 3201 24 8 9 9 3.37685168e-09 5.69937424e-09 outputs/V1e27_D30_G6/solution/solution-00003 
  4 5.570286065650e+09 1.392571516413e+09 768 7235 3201 23 8 9 9 3.20136086e-09 5.40436151e-09 outputs/V1e27_D30_G6/solution/solution-00004 
  5 6.962857582063e+09 1.392571516413e+09 768 7235 3201 23 8 9 9 3.03539972e-09 5.12519218e-09 outputs/V1e27_D30_G6/solution/solution-00005 
  6 8.355429098476e+09 1.392571516413e+09 768 7235 3201 22 8 9 9 2.87841743e-09 4.86098314e-09 outputs/V1e27_D30_G6/solution/solution-00006 
  7 9.748000614888e+09 1.392571516413e+09 768 7235 3201 21 8 9 9 2.72987595e-09 4.61084400e-09 outputs/V1e27_D30_G6/solution/solution-00007 
  8 1.114057213130e+10 1.392571516413e+09 768 7235 3201 21 8 9 9 2.58926800e-09 4.37393713e-09 outputs/V1e27_D30_G6/solution/solution-00008 
  9 1.253314364771e+10 1.392571516413e+09 768 7235 3201 21 8 9 9 2.45612207e-09 4.14948822e-09 outputs/V1e27_D30_G6/solution/solution-00009 
 10 1.392571516413e+10 1.392571516413e+09 768 7235 3201 20 8 9 9 2.33000182e-09 3.93678274e-09 outputs/V1e27_D30_G6/solution/solution-00010 
 11 1.531828668054e+10 1.392571516413e+09 768 7235 3201 20 8 9 9 2.21050328e-09 3.73515955e-09 outputs/V1e27_D30_G6/solution/solution-00011 
 12 1.671085819695e+10 1.392571516413e+09 768 7235 3201 20 8 9 9 2.09725160e-09 3.54400460e-09 outputs/V1e27_D30_G6/solution/solution-00012 
 13 1.810342971336e+10 1.392571516413e+09 768 7235 3201 20 8 9 9 1.98989812e-09 3.36274559e-09 outputs/V1e27_D30_G6/solution/solution-00013 
 14 1.949600122978e+10 1.392571516413e+09 768 7235 3201 20 8 9 9 1.88811769e-09 3.19084756e-09 outputs/V1e27_D30_G6/solution/solution-00014 
 15 2.088857274619e+10 1.392571516413e+09 768 7235 3201 20 8 9 9 1.79160639e-09 3.02780913e-09 outputs/V1e27_D30_G6/solution/solution-00015 
 16 2.228114426260e+10 1.392571516413e+09 768 7235 3201 19 8 9 9 1.70007959e-09 2.87315949e-09 outputs/V1e27_D30_G6/solution/solution-00016 
 17 2.367371577901e+10 1.392571516413e+09 768 7235 3201 19 8 9 9 1.61327022e-09 2.72645572e-09 outputs/V1e27_D30_G6/solution/solution-00017 
 18 2.506628729543e+10 1.392571516413e+09 768 7235 3201 19 8 9 9 1.53092733e-09 2.58728058e-09 outputs/V1e27_D30_G6/solution/solution-00018 
 19 2.645885881184e+10 1.392571516413e+09 768 7235 3201 19 8 9 9 1.45281476e-09 2.45524053e-09 outputs/V1e27_D30_G6/solution/solution-00019 
 20 2.785143032825e+10 1.392571516413e+09 768 7235 3201 19 8 9 9 1.37871001e-09 2.32996406e-09 outputs/V1e27_D30_G6/solution/solution-00020 
 21 2.924400184466e+10 1.392571516413e+09 768 7235 3201 19 8 9 9 1.30840329e-09 2.21110012e-09 outputs/V1e27_D30_G6/solution/solution-00021 
 22 3.063657336108e+10 1.392571516413e+09 768 7235 3201 19 8 9 9 1.24169651e-09 2.09831680e-09 outputs/V1e27_D30_G6/solution/solution-00022 
 23 3.202914487749e+10 1.392571516413e+09 768 7235 3201 19 8 9 9 1.17840261e-09 1.99130007e-09 outputs/V1e27_D30_G6/solution/solution-00023 
 24 3.342171639390e+10 1.392571516413e+09 768 7235 3201 19 8 9 9 1.11834472e-09 1.88975272e-09 outputs/V1e27_D30_G6/solution/solution-00024 
 25 3.481428791032e+10 1.392571516413e+09 768 7235 3201 19 8 9 9 1.06135557e-09 1.79339329e-09 outputs/V1e27_D30_G6/solution/solution-00025 
 26 3.620685942673e+10 1.392571516413e+09 768 7235 3201 18 8 9 9 1.00727690e-09 1.70195519e-09 outputs/V1e27_D30_G6/solution/solution-00026 
 27 3.759943094314e+10 1.392571516413e+09 768 7235 3201 18 8 9 9 9.55958856e-10 1.61518581e-09 outputs/V1e27_D30_G6/solution/solution-00027 
 28 3.899200245955e+10 1.392571516413e+09 768 7235 3201 18 8 9 9 9.07259541e-10 1.53284576e-09 outputs/V1e27_D30_G6/solution/solution-00028 
 29 4.038457397597e+10 1.392571516413e+09 768 7235 3201 18 8 9 9 8.61044531e-10 1.45470809e-09 outputs/V1e27_D30_G6/solution/solution-00029 
 30 4.177714549238e+10 1.392571516413e+09 768 7235 3201 18 8 9 9 8.17186453e-10 1.38055763e-09 outputs/V1e27_D30_G6/solution/solution-00030 
 31 4.316971700879e+10 1.392571516413e+09 768 7235 3201 18 8 9 9 7.75564583e-10 1.31019036e-09 outputs/V1e27_D30_G6/solution/solution-00031 
 32 4.456228852520e+10 1.392571516413e+09 768 7235 3201 18 8 9 9 7.36064480e-10 1.24341280e-09 outputs/V1e27_D30_G6/solution/solution-00032 
 33 4.595486004162e+10 1.392571516413e+09 768 7235 3201 18 8 9 9 6.98577637e-10 1.18004143e-09 outputs/V1e27_D30_G6/solution/solution-00033 
 34 4.734743155803e+10 1.392571516413e+09 768 7235 3201 18 8 9 9 6.63001164e-10 1.11990217e-09 outputs/V1e27_D30_G6/solution/solution-00034 
 35 4.874000307444e+10 1.392571516413e+09 768 7235 3201 18 8 9 9 6.29237478e-10 1.06282991e-09 outputs/V1e27_D30_G6/solution/solution-00035 
 36 5.013257459085e+10 1.392571516413e+09 768 7235 3201 18 8 9 9 5.97194026e-10 1.00866801e-09 outputs/V1e27_D30_G6/solution/solution-00036 
 37 5.152514610727e+10 1.392571516413e+09 768 7235 3201 18 8 9 9 5.66783015e-10 9.57267841e-10 outputs/V1e27_D30_G6/solution/solution-00037 
 38 5.291771762368e+10 1.392571516413e+09 768 7235 3201 18 8 9 9 5.37921158e-10 9.08488423e-10 outputs/V1e27_D30_G6/solution/solution-00038 
 39 5.431028914009e+10 1.392571516413e+09 768 7235 3201 18 8 9 9 5.10529443e-10 8.62195980e-10 outputs/V1e27_D30_G6/solution/solution-00039 
 40 5.570286065650e+10 1.392571516413e+09 768 7235 3201 18 8 9 9 4.84532904e-10 8.18263585e-10 outputs/V1e27_D30_G6/solution/solution-00040 
 41 5.709543217292e+10 1.392571516413e+09 768 7235 3201 18 8 9 9 4.59860416e-10 7.76570806e-10 outputs/V1e27_D30_G6/solution/solution-00041 
 42 5.848800368933e+10 1.392571516413e+09 768 7235 3201 18 8 9 9 4.36444488e-10 7.37003371e-10 outputs/V1e27_D30_G6/solution/solution-00042 
 43 5.988057520574e+10 1.392571516413e+09 768 7235 3201 18 8 9 9 4.14221082e-10 6.99452848e-10 outputs/V1e27_D30_G6/solution/solution-00043 
 44 6.127314672215e+10 1.392571516413e+09 768 7235 3201 18 8 9 9 3.93129430e-10 6.63816348e-10 outputs/V1e27_D30_G6/solution/solution-00044 
 45 6.266571823857e+10 1.392571516413e+09 768 7235 3201 17 8 9 9 3.73111870e-10 6.29996239e-10 outputs/V1e27_D30_G6/solution/solution-00045 
 46 6.405828975498e+10 1.392571516413e+09 768 7235 3201 17 8 9 9 3.54113679e-10 5.97899875e-10 outputs/V1e27_D30_G6/solution/solution-00046 
 47 6.545086127139e+10 1.392571516413e+09 768 7235 3201 17 8 9 9 3.36082929e-10 5.67439342e-10 outputs/V1e27_D30_G6/solution/solution-00047 
 48 6.684343278781e+10 1.392571516413e+09 768 7235 3201 17 8 9 9 3.18970340e-10 5.38531214e-10 outputs/V1e27_D30_G6/solution/solution-00048 
 49 6.823600430422e+10 1.392571516413e+09 768 7235 3201 17 8 9 9 3.02729144e-10 5.11096328e-10 outputs/V1e27_D30_G6/solution/solution-00049 
 50 6.962857582063e+10 1.392571516413e+09 768 7235 3201 17 8 9 9 2.87314960e-10 4.85059558e-10 outputs/V1e27_D30_G6/solution/solution-00050 
 51 7.102114733704e+10 1.392571516413e+09 768 7235 3201 17 8 9 9 2.72685668e-10 4.60349615e-10 outputs/V1e27_D30_G6/solution/solution-00051 
 52 7.241371885346e+10 1.392571516413e+09 768 7235 3201 17 8 9 9 2.58801294e-10 4.36898848e-10 outputs/V1e27_D30_G6/solution/solution-00052 
 53 7.380629036987e+10 1.392571516413e+09 768 7235 3201 17 8 9 9 2.45623901e-10 4.14643059e-10 outputs/V1e27_D30_G6/solution/solution-00053 
 54 7.519886188628e+10 1.392571516413e+09 768 7235 3201 17 8 9 9 2.33117487e-10 3.93521326e-10 outputs/V1e27_D30_G6/solution/solution-00054 
 55 7.659143340269e+10 1.392571516413e+09 768 7235 3201 17 8 9 9 2.21247882e-10 3.73475833e-10 outputs/V1e27_D30_G6/solution/solution-00055 
 56 7.798400491911e+10 1.392571516413e+09 768 7235 3201 17 8 9 9 2.09982658e-10 3.54451716e-10 outputs/V1e27_D30_G6/solution/solution-00056 
 57 7.937657643552e+10 1.392571516413e+09 768 7235 3201 17 8 9 9 1.99291038e-10 3.36396910e-10 outputs/V1e27_D30_G6/solution/solution-00057 
 58 8.076914795193e+10 1.392571516413e+09 768 7235 3201 17 8 9 9 1.89143814e-10 3.19262005e-10 outputs/V1e27_D30_G6/solution/solution-00058 
 59 8.216171946834e+10 1.392571516413e+09 768 7235 3201 17 8 9 9 1.79513264e-10 3.03000113e-10 outputs/V1e27_D30_G6/solution/solution-00059 
 60 8.355429098476e+10 1.392571516413e+09 768 7235 3201 17 8 9 9 1.70373080e-10 2.87566734e-10 outputs/V1e27_D30_G6/solution/solution-00060 
 61 8.494686250117e+10 1.392571516413e+09 768 7235 3201 17 8 9 9 1.61698291e-10 2.72919643e-10 outputs/V1e27_D30_G6/solution/solution-00061 
 62 8.633943401758e+10 1.392571516413e+09 768 7235 3201 17 8 9 9 1.53465200e-10 2.59018764e-10 outputs/V1e27_D30_G6/solution/solution-00062 
 63 8.773200553399e+10 1.392571516413e+09 768 7235 3201 17 8 9 9 1.45651317e-10 2.45826066e-10 outputs/V1e27_D30_G6/solution/solution-00063 
 64 8.912457705041e+10 1.392571516413e+09 768 7235 3201 17 8 9 9 1.38235295e-10 2.33305458e-10 outputs/V1e27_D30_G6/solution/solution-00064 
 65 9.051714856682e+10 1.392571516413e+09 768 7235 3201 17 8 9 9 1.31196876e-10 2.21422690e-10 outputs/V1e27_D30_G6/solution/solution-00065 
 66 9.190972008323e+10 1.392571516413e+09 768 7235 3201 17 8 9 9 1.24516834e-10 2.10145257e-10 outputs/V1e27_D30_G6/solution/solution-00066 
 67 9.330229159964e+10 1.392571516413e+09 768 7235 3201 17 8 9 9 1.18176919e-10 1.99442311e-10 outputs/V1e27_D30_G6/solution/solution-00067 
 68 9.469486311606e+10 1.392571516413e+09 768 7235 3201 17 8 9 9 1.12159815e-10 1.89284579e-10 outputs/V1e27_D30_G6/solution/solution-00068 
 69 9.608743463247e+10 1.392571516413e+09 768 7235 3201 17 8 9 9 1.06449082e-10 1.79644279e-10 outputs/V1e27_D30_G6/solution/solution-00069 
 70 9.748000614888e+10 1.392571516413e+09 768 7235 3201 17 8 9 9 1.01029123e-10 1.70495045e-10 outputs/V1e27_D30_G6/solution/solution-00070 
 71 9.887257766530e+10 1.392571516413e+09 768 7235 3201 16 8 9 9 9.58851326e-11 1.61811857e-10 outputs/V1e27_D30_G6/solution/solution-00071 
 72 1.002651491817e+11 1.392571516413e+09 768 7235 3201 16 8 9 9 9.10030579e-11 1.53570969e-10 outputs/V1e27_D30_G6/solution/solution-00072 
 73 1.016577206981e+11 1.392571516413e+09 768 7235 3201 16 8 9 9 8.63695629e-11 1.45749843e-10 outputs/V1e27_D30_G6/solution/solution-00073 
 74 1.030502922145e+11 1.392571516413e+09 768 7235 3201 16 8 9 9 8.19719906e-11 1.38327094e-10 outputs/V1e27_D30_G6/solution/solution-00074 
 75 1.044428637309e+11 1.392571516413e+09 768 7235 3201 16 8 9 9 7.77983283e-11 1.31282425e-10 outputs/V1e27_D30_G6/solution/solution-00075 
 76 1.058354352474e+11 1.392571516413e+09 768 7235 3201 16 8 9 9 7.38371751e-11 1.24596573e-10 outputs/V1e27_D30_G6/solution/solution-00076 
 77 1.072280067638e+11 1.392571516413e+09 768 7235 3201 16 8 9 9 7.00777107e-11 1.18251258e-10 outputs/V1e27_D30_G6/solution/solution-00077 
 78 1.086205782802e+11 1.392571516413e+09 768 7235 3201 16 8 9 9 6.65096655e-11 1.12229131e-10 outputs/V1e27_D30_G6/solution/solution-00078 
 79 1.100131497966e+11 1.392571516413e+09 768 7235 3201 16 8 9 9 6.31232931e-11 1.06513728e-10 outputs/V1e27_D30_G6/solution/solution-00079 
 80 1.114057213130e+11 1.392571516413e+09 768 7235 3201 16 8 9 9 5.99093432e-11 1.01089423e-10 outputs/V1e27_D30_G6/solution/solution-00080 
 81 1.127982928294e+11 1.392571516413e+09 768 7235 3201 16 8 9 9 5.68590365e-11 9.59413870e-11 outputs/V1e27_D30_G6/solution/solution-00081 
 82 1.141908643458e+11 1.392571516413e+09 768 7235 3201 16 8 9 9 5.39640408e-11 9.10555466e-11 outputs/V1e27_D30_G6/solution/solution-00082 
 83 1.155834358622e+11 1.392571516413e+09 768 7235 3201 16 8 9 9 5.12164481e-11 8.64185451e-11 outputs/V1e27_D30_G6/solution/solution-00083 
 84 1.169760073787e+11 1.392571516413e+09 768 7235 3201 16 8 9 9 4.86087530e-11 8.20177070e-11 outputs/V1e27_D30_G6/solution/solution-00084 
 85 1.183685788951e+11 1.392571516413e+09 768 7235 3201 16 8 9 9 4.61338324e-11 7.78410021e-11 outputs/V1e27_D30_G6/solution/solution-00085 
 86 1.197611504115e+11 1.392571516413e+09 768 7235 3201 16 8 9 9 4.37849259e-11 7.38770137e-11 outputs/V1e27_D30_G6/solution/solution-00086 
 87 1.211537219279e+11 1.392571516413e+09 768 7235 3201 16 8 9 9 4.15556171e-11 7.01149066e-11 outputs/V1e27_D30_G6/solution/solution-00087 
 88 1.225462934443e+11 1.392571516413e+09 768 7235 3201 16 8 9 9 3.94398165e-11 6.65443974e-11 outputs/V1e27_D30_G6/solution/solution-00088 
 89 1.239388649607e+11 1.392571516413e+09 768 7235 3201 16 8 9 9 3.74317446e-11 6.31557271e-11 outputs/V1e27_D30_G6/solution/solution-00089 
 90 1.253314364771e+11 1.392571516413e+09 768 7235 3201 16 8 9 9 3.55259161e-11 5.99396335e-11 outputs/V1e27_D30_G6/solution/solution-00090 
 91 1.267240079935e+11 1.392571516413e+09 768 7235 3201 16 8 9 9 3.37171252e-11 5.68873268e-11 outputs/V1e27_D30_G6/solution/solution-00091 
 92 1.281165795100e+11 1.392571516413e+09 768 7235 3201 16 8 9 9 3.20004310e-11 5.39904644e-11 outputs/V1e27_D30_G6/solution/solution-00092 
 93 1.295091510264e+11 1.392571516413e+09 768 7235 3201 16 8 9 9 3.03711443e-11 5.12411291e-11 outputs/V1e27_D30_G6/solution/solution-00093 
 94 1.309017225428e+11 1.392571516413e+09 768 7235 3201 16 8 9 9 2.88248145e-11 4.86318069e-11 outputs/V1e27_D30_G6/solution/solution-00094 
 95 1.322942940592e+11 1.392571516413e+09 768 7235 3201 16 8 9 9 2.73572176e-11 4.61553668e-11 outputs/V1e27_D30_G6/solution/solution-00095 
 96 1.336868655756e+11 1.392571516413e+09 768 7235 3201 15 8 9 9 2.59643459e-11 4.38050426e-11 outputs/V1e27_D30_G6/solution/solution-00096 
 97 1.350794370920e+11 1.392571516413e+09 768 7235 3201 15 8 9 9 2.46423938e-11 4.15744098e-11 outputs/V1e27_D30_G6/solution/solution-00097 
 98 1.364720086084e+11 1.392571516413e+09 768 7235 3201 15 8 9 9 2.33877502e-11 3.94573720e-11 outputs/V1e27_D30_G6/solution/solution-00098 
 99 1.378645801248e+11 1.392571516413e+09 768 7235 3201 15 8 9 9 2.21969878e-11 3.74481435e-11 outputs/V1e27_D30_G6/solution/solution-00099 
100 1.392571516413e+11 1.392571516413e+09 768 7235 3201 15 8 9 9 2.10668541e-11 3.55412334e-11 outputs/V1e27_D30_G6/solution/solution-00100 
