# 1: Time step number
# 2: Time (years)
# 3: Time step size (years)
# 4: Number of mesh cells
# 5: Number of Stokes degrees of freedom
# 6: Number of temperature degrees of freedom
# 7: Iterations for temperature solver
# 8: Iterations for Stokes solver
# 9: Velocity iterations in Stokes preconditioner
# 10: Schur complement iterations in Stokes preconditioner
# 11: RMS velocity (m/year)
# 12: Max. velocity (m/year)
# 13: Visualization file name
  0 0.000000000000e+00 0.000000000000e+00 768 7235 3201  0 8 9 9 1.32527116e-07 2.35779010e-07 outputs/V1e25_D10_G2/solution/solution-00000 
  1 1.392571516413e+09 1.392571516413e+09 768 7235 3201 32 8 9 9 1.26479219e-07 2.14399060e-07 outputs/V1e25_D10_G2/solution/solution-00001 
  2 2.785143032825e+09 1.392571516413e+09 768 7235 3201 25 8 9 9 1.21508596e-07 2.06833452e-07 outputs/V1e25_D10_G2/solution/solution-00002 
  3 4.177714549238e+09 1.392571516413e+09 768 7235 3201 24 8 9 9 1.17534549e-07 2.01264682e-07 outputs/V1e25_D10_G2/solution/solution-00003 
  4 5.570286065650e+09 1.392571516413e+09 768 7235 3201 23 8 9 9 1.14391603e-07 1.97063567e-07 outputs/V1e25_D10_G2/solution/solution-00004 
  5 6.962857582063e+09 1.392571516413e+09 768 7235 3201 23 8 9 9 1.11959921e-07 1.93953109e-07 outputs/V1e25_D10_G2/solution/solution-00005 
  6 8.355429098476e+09 1.392571516413e+09 768 7235 3201 22 8 9 9 1.10121708e-07 1.91701918e-07 outputs/V1e25_D10_G2/solution/solution-00006 
  7 9.748000614888e+09 1.392571516413e+09 768 7235 3201 21 8 9 9 1.08775723e-07 1.90132413e-07 outputs/V1e25_D10_G2/solution/solution-00007 
  8 1.114057213130e+10 1.392571516413e+09 768 7235 3201 21 8 9 9 1.07838230e-07 1.89110996e-07 outputs/V1e25_D10_G2/solution/solution-00008 
  9 1.253314364771e+10 1.392571516413e+09 768 7235 3201 21 8 9 9 1.07240957e-07 1.88536795e-07 outputs/V1e25_D10_G2/solution/solution-00009 
 10 1.392571516413e+10 1.392571516413e+09 768 7235 3201 20 8 9 9 1.06928440e-07 1.88332699e-07 outputs/V1e25_D10_G2/solution/solution-00010 
 11 1.531828668054e+10 1.392571516413e+09 768 7235 3201 20 8 9 9 1.06855561e-07 1.88438879e-07 outputs/V1e25_D10_G2/solution/solution-00011 
 12 1.671085819695e+10 1.392571516413e+09 768 7235 3201 20 8 9 9 1.06985485e-07 1.88808211e-07 outputs/V1e25_D10_G2/solution/solution-00012 
 13 1.810342971336e+10 1.392571516413e+09 768 7235 3201 20 8 9 9 1.07288000e-07 1.89403061e-07 outputs/V1e25_D10_G2/solution/solution-00013 
 14 1.949600122978e+10 1.392571516413e+09 768 7235 3201 20 8 9 9 1.07738206e-07 1.90192989e-07 outputs/V1e25_D10_G2/solution/solution-00014 
 15 2.088857274619e+10 1.392571516413e+09 768 7235 3201 20 8 9 9 1.08315479e-07 1.91153097e-07 outputs/V1e25_D10_G2/solution/solution-00015 
 16 2.228114426260e+10 1.392571516413e+09 768 7235 3201 19 8 9 9 1.09002665e-07 1.92262816e-07 outputs/V1e25_D10_G2/solution/solution-00016 
 17 2.367371577901e+10 1.392571516413e+09 768 7235 3201 19 8 9 9 1.09785433e-07 1.93505010e-07 outputs/V1e25_D10_G2/solution/solution-00017 
 18 2.506628729543e+10 1.392571516413e+09 768 7235 3201 19 8 9 9 1.10651770e-07 1.94865293e-07 outputs/V1e25_D10_G2/solution/solution-00018 
 19 2.645885881184e+10 1.392571516413e+09 768 7235 3201 19 8 9 9 1.11591571e-07 1.96331515e-07 outputs/V1e25_D10_G2/solution/solution-00019 
 20 2.785143032825e+10 1.392571516413e+09 768 7235 3201 19 8 9 9 1.12596318e-07 1.97893362e-07 outputs/V1e25_D10_G2/solution/solution-00020 
 21 2.924400184466e+10 1.392571516413e+09 768 7235 3201 19 8 9 9 1.13658814e-07 1.99542041e-07 outputs/V1e25_D10_G2/solution/solution-00021 
 22 3.063657336108e+10 1.392571516413e+09 768 7235 3201 19 8 9 9 1.14772967e-07 2.01270034e-07 outputs/V1e25_D10_G2/solution/solution-00022 
 23 3.202914487749e+10 1.392571516413e+09 768 7235 3201 19 8 9 9 1.15933616e-07 2.03070893e-07 outputs/V1e25_D10_G2/solution/solution-00023 
 24 3.342171639390e+10 1.392571516413e+09 768 7235 3201 19 8 9 9 1.17136386e-07 2.04939085e-07 outputs/V1e25_D10_G2/solution/solution-00024 
 25 3.481428791032e+10 1.392571516413e+09 768 7235 3201 19 8 9 9 1.18377568e-07 2.06869855e-07 outputs/V1e25_D10_G2/solution/solution-00025 
 26 3.620685942673e+10 1.392571516413e+09 768 7235 3201 18 8 9 9 1.19654018e-07 2.08859116e-07 outputs/V1e25_D10_G2/solution/solution-00026 
 27 3.759943094314e+10 1.392571516413e+09 768 7235 3201 18 8 9 9 1.20963074e-07 2.10903355e-07 outputs/V1e25_D10_G2/solution/solution-00027 
 28 3.899200245955e+10 1.392571516413e+09 768 7235 3201 18 8 9 9 1.22302484e-07 2.12999562e-07 outputs/V1e25_D10_G2/solution/solution-00028 
 29 4.038457397597e+10 1.392571516413e+09 768 7235 3201 18 8 9 9 1.23670348e-07 2.15145154e-07 outputs/V1e25_D10_G2/solution/solution-00029 
 30 4.177714549238e+10 1.392571516413e+09 768 7235 3201 18 8 9 9 1.25065068e-07 2.17337928e-07 outputs/V1e25_D10_G2/solution/solution-00030 
 31 4.316971700879e+10 1.392571516413e+09 768 7235 3201 18 8 9 9 1.26485303e-07 2.19576006e-07 outputs/V1e25_D10_G2/solution/solution-00031 
 32 4.456228852520e+10 1.392571516413e+09 768 7235 3201 18 8 9 9 1.27929934e-07 2.21857796e-07 outputs/V1e25_D10_G2/solution/solution-00032 
 33 4.595486004162e+10 1.392571516413e+09 768 7235 3201 18 8 9 9 1.29398034e-07 2.24181956e-07 outputs/V1e25_D10_G2/solution/solution-00033 
 34 4.734743155803e+10 1.392571516413e+09 768 7235 3201 18 8 9 9 1.30888837e-07 2.26547361e-07 outputs/V1e25_D10_G2/solution/solution-00034 
 35 4.874000307444e+10 1.392571516413e+09 768 7235 3201 18 8 9 9 1.32401722e-07 2.28953076e-07 outputs/V1e25_D10_G2/solution/solution-00035 
 36 5.013257459085e+10 1.392571516413e+09 768 7235 3201 18 8 9 9 1.33936186e-07 2.31398335e-07 outputs/V1e25_D10_G2/solution/solution-00036 
 37 5.152514610727e+10 1.392571516413e+09 768 7235 3201 18 8 9 9 1.35491834e-07 2.33882516e-07 outputs/V1e25_D10_G2/solution/solution-00037 
 38 5.291771762368e+10 1.392571516413e+09 768 7235 3201 18 8 9 9 1.37068359e-07 2.36405124e-07 outputs/V1e25_D10_G2/solution/solution-00038 
 39 5.431028914009e+10 1.392571516413e+09 768 7235 3201 18 8 9 9 1.38665534e-07 2.38965778e-07 outputs/V1e25_D10_G2/solution/solution-00039 
 40 5.570286065650e+10 1.392571516413e+09 768 7235 3201 18 8 9 9 1.40283200e-07 2.41564195e-07 outputs/V1e25_D10_G2/solution/solution-00040 
 41 5.709543217292e+10 1.392571516413e+09 768 7235 3201 18 8 9 9 1.41921254e-07 2.44200175e-07 outputs/V1e25_D10_G2/solution/solution-00041 
 42 5.848800368933e+10 1.392571516413e+09 768 7235 3201 18 8 9 9 1.43579645e-07 2.46873597e-07 outputs/V1e25_D10_G2/solution/solution-00042 
 43 5.988057520574e+10 1.392571516413e+09 768 7235 3201 18 8 9 9 1.45258367e-07 2.49584405e-07 outputs/V1e25_D10_G2/solution/solution-00043 
 44 6.127314672215e+10 1.392571516413e+09 768 7235 3201 18 8 9 9 1.46957449e-07 2.52332601e-07 outputs/V1e25_D10_G2/solution/solution-00044 
 45 6.266571823857e+10 1.392571516413e+09 768 7235 3201 18 8 9 9 1.48676956e-07 2.55118238e-07 outputs/V1e25_D10_G2/solution/solution-00045 
 46 6.405828975498e+10 1.392571516413e+09 768 7235 3201 17 8 9 9 1.50416980e-07 2.57941415e-07 outputs/V1e25_D10_G2/solution/solution-00046 
 47 6.545086127139e+10 1.392571516413e+09 768 7235 3201 17 8 9 9 1.52177638e-07 2.60802271e-07 outputs/V1e25_D10_G2/solution/solution-00047 
 48 6.684343278781e+10 1.392571516413e+09 768 7235 3201 17 8 9 9 1.53959069e-07 2.63700979e-07 outputs/V1e25_D10_G2/solution/solution-00048 
 49 6.823600430422e+10 1.392571516413e+09 768 7235 3201 17 8 9 9 1.55761431e-07 2.66637744e-07 outputs/V1e25_D10_G2/solution/solution-00049 
 50 6.962857582063e+10 1.392571516413e+09 768 7235 3201 17 8 9 9 1.57584898e-07 2.69612798e-07 outputs/V1e25_D10_G2/solution/solution-00050 
 51 7.102114733704e+10 1.392571516413e+09 768 7235 3201 17 8 9 9 1.59429660e-07 2.72626398e-07 outputs/V1e25_D10_G2/solution/solution-00051 
 52 7.241371885346e+10 1.392571516413e+09 768 7235 3201 17 8 9 9 1.61295920e-07 2.75678825e-07 outputs/V1e25_D10_G2/solution/solution-00052 
 53 7.380629036987e+10 1.392571516413e+09 768 7235 3201 17 8 9 9 1.63183889e-07 2.78770377e-07 outputs/V1e25_D10_G2/solution/solution-00053 
 54 7.519886188628e+10 1.392571516413e+09 768 7235 3201 17 7 8 8 1.65093794e-07 2.81901371e-07 outputs/V1e25_D10_G2/solution/solution-00054 
 55 7.659143340269e+10 1.392571516413e+09 768 7235 3201 17 7 8 8 1.67025865e-07 2.85072140e-07 outputs/V1e25_D10_G2/solution/solution-00055 
 56 7.798400491911e+10 1.392571516413e+09 768 7235 3201 17 7 8 8 1.68980346e-07 2.88283033e-07 outputs/V1e25_D10_G2/solution/solution-00056 
 57 7.937657643552e+10 1.392571516413e+09 768 7235 3201 17 7 8 8 1.70957482e-07 2.91534410e-07 outputs/V1e25_D10_G2/solution/solution-00057 
 58 8.076914795193e+10 1.392571516413e+09 768 7235 3201 17 7 8 8 1.72957531e-07 2.94826646e-07 outputs/V1e25_D10_G2/solution/solution-00058 
 59 8.216171946834e+10 1.392571516413e+09 768 7235 3201 17 7 8 8 1.74980754e-07 2.98160127e-07 outputs/V1e25_D10_G2/solution/solution-00059 
 60 8.355429098476e+10 1.392571516413e+09 768 7235 3201 17 7 8 8 1.77027416e-07 3.01535247e-07 outputs/V1e25_D10_G2/solution/solution-00060 
 61 8.494686250117e+10 1.392571516413e+09 768 7235 3201 17 7 8 8 1.79097791e-07 3.04952413e-07 outputs/V1e25_D10_G2/solution/solution-00061 
 62 8.633943401758e+10 1.392571516413e+09 768 7235 3201 17 7 8 8 1.81192156e-07 3.08412042e-07 outputs/V1e25_D10_G2/solution/solution-00062 
 63 8.773200553399e+10 1.392571516413e+09 768 7235 3201 17 7 8 8 1.83310792e-07 3.11914557e-07 outputs/V1e25_D10_G2/solution/solution-00063 
 64 8.912457705041e+10 1.392571516413e+09 768 7235 3201 17 7 8 8 1.85453986e-07 3.15460392e-07 outputs/V1e25_D10_G2/solution/solution-00064 
 65 9.051714856682e+10 1.392571516413e+09 768 7235 3201 17 7 8 8 1.87622028e-07 3.19049990e-07 outputs/V1e25_D10_G2/solution/solution-00065 
 66 9.190972008323e+10 1.392571516413e+09 768 7235 3201 17 7 8 8 1.89815214e-07 3.22683799e-07 outputs/V1e25_D10_G2/solution/solution-00066 
 67 9.330229159964e+10 1.392571516413e+09 768 7235 3201 17 7 8 8 1.92033841e-07 3.26362277e-07 outputs/V1e25_D10_G2/solution/solution-00067 
 68 9.469486311606e+10 1.392571516413e+09 768 7235 3201 17 7 8 8 1.94278211e-07 3.30085889e-07 outputs/V1e25_D10_G2/solution/solution-00068 
 69 9.608743463247e+10 1.392571516413e+09 768 7235 3201 17 7 8 8 1.96548633e-07 3.33855108e-07 outputs/V1e25_D10_G2/solution/solution-00069 
 70 9.748000614888e+10 1.392571516413e+09 768 7235 3201 17 7 8 8 1.98845414e-07 3.37670415e-07 outputs/V1e25_D10_G2/solution/solution-00070 
 71 9.887257766530e+10 1.392571516413e+09 768 7235 3201 17 7 8 8 2.01168869e-07 3.41532296e-07 outputs/V1e25_D10_G2/solution/solution-00071 
 72 1.002651491817e+11 1.392571516413e+09 768 7235 3201 16 7 8 8 2.03519315e-07 3.45441247e-07 outputs/V1e25_D10_G2/solution/solution-00072 
 73 1.016577206981e+11 1.392571516413e+09 768 7235 3201 16 7 8 8 2.05897073e-07 3.49397768e-07 outputs/V1e25_D10_G2/solution/solution-00073 
 74 1.030502922145e+11 1.392571516413e+09 768 7235 3201 16 7 8 8 2.08302469e-07 3.53402369e-07 outputs/V1e25_D10_G2/solution/solution-00074 
 75 1.044428637309e+11 1.392571516413e+09 768 7235 3201 16 7 8 8 2.10735829e-07 3.57455567e-07 outputs/V1e25_D10_G2/solution/solution-00075 
 76 1.058354352474e+11 1.392571516413e+09 768 7235 3201 16 7 8 8 2.13197487e-07 3.61557883e-07 outputs/V1e25_D10_G2/solution/solution-00076 
 77 1.072280067638e+11 1.392571516413e+09 768 7235 3201 16 7 8 8 2.15687777e-07 3.65709850e-07 outputs/V1e25_D10_G2/solution/solution-00077 
 78 1.086205782802e+11 1.392571516413e+09 768 7235 3201 16 7 8 8 2.18207040e-07 3.69912004e-07 outputs/V1e25_D10_G2/solution/solution-00078 
 79 1.100131497966e+11 1.392571516413e+09 768 7235 3201 16 7 8 8 2.20755618e-07 3.74164891e-07 outputs/V1e25_D10_G2/solution/solution-00079 
 80 1.114057213130e+11 1.392571516413e+09 768 7235 3201 16 7 8 8 2.23333860e-07 3.78469062e-07 outputs/V1e25_D10_G2/solution/solution-00080 
 81 1.127982928294e+11 1.392571516413e+09 768 7235 3201 16 7 8 8 2.25942114e-07 3.82825078e-07 outputs/V1e25_D10_G2/solution/solution-00081 
 82 1.141908643458e+11 1.392571516413e+09 768 7235 3201 16 7 8 8 2.28580737e-07 3.87233505e-07 outputs/V1e25_D10_G2/solution/solution-00082 
 83 1.155834358622e+11 1.392571516413e+09 768 7235 3201 16 7 8 8 2.31250087e-07 3.91694918e-07 outputs/V1e25_D10_G2/solution/solution-00083 
 84 1.169760073787e+11 1.392571516413e+09 768 7235 3201 16 7 8 8 2.33950527e-07 3.96209898e-07 outputs/V1e25_D10_G2/solution/solution-00084 
 85 1.183685788951e+11 1.392571516413e+09 768 7235 3201 16 7 8 8 2.36682423e-07 4.00779036e-07 outputs/V1e25_D10_G2/solution/solution-00085 
 86 1.197611504115e+11 1.392571516413e+09 768 7235 3201 16 7 8 8 2.39446147e-07 4.05402927e-07 outputs/V1e25_D10_G2/solution/solution-00086 
 87 1.211537219279e+11 1.392571516413e+09 768 7235 3201 16 7 8 8 2.42242072e-07 4.10082177e-07 outputs/V1e25_D10_G2/solution/solution-00087 
 88 1.225462934443e+11 1.392571516413e+09 768 7235 3201 16 7 8 8 2.45070579e-07 4.14817399e-07 outputs/V1e25_D10_G2/solution/solution-00088 
 89 1.239388649607e+11 1.392571516413e+09 768 7235 3201 16 7 8 8 2.47932051e-07 4.19609213e-07 outputs/V1e25_D10_G2/solution/solution-00089 
 90 1.253314364771e+11 1.392571516413e+09 768 7235 3201 16 7 8 8 2.50826875e-07 4.24458247e-07 outputs/V1e25_D10_G2/solution/solution-00090 
 91 1.267240079935e+11 1.392571516413e+09 768 7235 3201 16 6 7 7 2.53755443e-07 4.29365138e-07 outputs/V1e25_D10_G2/solution/solution-00091 
 92 1.281165795100e+11 1.392571516413e+09 768 7235 3201 16 6 7 7 2.56718152e-07 4.34330530e-07 outputs/V1e25_D10_G2/solution/solution-00092 
 93 1.295091510264e+11 1.392571516413e+09 768 7235 3201 16 6 7 7 2.59715403e-07 4.39355076e-07 outputs/V1e25_D10_G2/solution/solution-00093 
 94 1.309017225428e+11 1.392571516413e+09 768 7235 3201 16 6 7 7 2.62747601e-07 4.44439437e-07 outputs/V1e25_D10_G2/solution/solution-00094 
 95 1.322942940592e+11 1.392571516413e+09 768 7235 3201 16 6 7 7 2.65815157e-07 4.49584282e-07 outputs/V1e25_D10_G2/solution/solution-00095 
 96 1.336868655756e+11 1.392571516413e+09 768 7235 3201 16 6 7 7 2.68918484e-07 4.54790289e-07 outputs/V1e25_D10_G2/solution/solution-00096 
 97 1.350794370920e+11 1.392571516413e+09 768 7235 3201 15 6 7 7 2.72058002e-07 4.60058144e-07 outputs/V1e25_D10_G2/solution/solution-00097 
 98 1.364720086084e+11 1.392571516413e+09 768 7235 3201 15 6 7 7 2.75234136e-07 4.65388542e-07 outputs/V1e25_D10_G2/solution/solution-00098 
 99 1.378645801248e+11 1.392571516413e+09 768 7235 3201 15 6 7 7 2.78447315e-07 4.70782186e-07 outputs/V1e25_D10_G2/solution/solution-00099 
100 1.392571516413e+11 1.392571516413e+09 768 7235 3201 15 6 7 7 2.81697972e-07 4.76239789e-07 outputs/V1e25_D10_G2/solution/solution-00100 
