# 1: Time step number
# 2: Time (years)
# 3: Time step size (years)
# 4: Number of mesh cells
# 5: Number of Stokes degrees of freedom
# 6: Number of temperature degrees of freedom
# 7: Iterations for temperature solver
# 8: Iterations for Stokes solver
# 9: Velocity iterations in Stokes preconditioner
# 10: Schur complement iterations in Stokes preconditioner
# 11: RMS velocity (m/year)
# 12: Max. velocity (m/year)
# 13: Visualization file name
  0 0.000000000000e+00 0.000000000000e+00 768 7235 3201  0 8 9 9 3.97513738e-07 7.05328047e-07 outputs/V1e25_D30_G6/solution/solution-00000 
  1 1.392571516413e+09 1.392571516413e+09 768 7235 3201 32 8 9 9 3.87740688e-07 6.61170144e-07 outputs/V1e25_D30_G6/solution/solution-00001 
  2 2.785143032825e+09 1.392571516413e+09 768 7235 3201 25 8 9 9 3.84745947e-07 6.65845954e-07 outputs/V1e25_D30_G6/solution/solution-00002 
  3 4.177714549238e+09 1.392571516413e+09 768 7235 3201 24 8 9 9 3.89402485e-07 6.84682740e-07 outputs/V1e25_D30_G6/solution/solution-00003 
  4 5.570286065650e+09 1.392571516413e+09 768 7235 3201 23 8 9 9 4.01661975e-07 7.16907334e-07 outputs/V1e25_D30_G6/solution/solution-00004 
  5 6.962857582063e+09 1.392571516413e+09 768 7235 3201 23 8 9 9 4.21494437e-07 7.61925394e-07 outputs/V1e25_D30_G6/solution/solution-00005 
  6 8.355429098476e+09 1.392571516413e+09 768 7235 3201 22 8 9 9 4.48961830e-07 8.19623742e-07 outputs/V1e25_D30_G6/solution/solution-00006 
  7 9.748000614888e+09 1.392571516413e+09 768 7235 3201 21 8 9 9 4.84324751e-07 8.90430435e-07 outputs/V1e25_D30_G6/solution/solution-00007 
  8 1.114057213130e+10 1.392571516413e+09 768 7235 3201 21 8 9 9 5.28069148e-07 9.75265764e-07 outputs/V1e25_D30_G6/solution/solution-00008 
  9 1.253314364771e+10 1.392571516413e+09 768 7235 3201 21 8 9 9 5.80912423e-07 1.07549338e-06 outputs/V1e25_D30_G6/solution/solution-00009 
 10 1.392571516413e+10 1.392571516413e+09 768 7235 3201 20 8 9 9 6.43806914e-07 1.19289487e-06 outputs/V1e25_D30_G6/solution/solution-00010 
 11 1.531828668054e+10 1.392571516413e+09 768 7235 3201 20 8 9 9 7.17947392e-07 1.32966820e-06 outputs/V1e25_D30_G6/solution/solution-00011 
 12 1.671085819695e+10 1.392571516413e+09 768 7235 3201 20 8 9 9 8.04784955e-07 1.48844610e-06 outputs/V1e25_D30_G6/solution/solution-00012 
 13 1.810342971336e+10 1.392571516413e+09 768 7235 3201 20 8 9 9 9.06048069e-07 1.67233098e-06 outputs/V1e25_D30_G6/solution/solution-00013 
 14 1.949600122978e+10 1.392571516413e+09 768 7235 3201 20 8 9 9 1.02377099e-06 1.88494438e-06 outputs/V1e25_D30_G6/solution/solution-00014 
 15 2.088857274619e+10 1.392571516413e+09 768 7235 3201 20 8 9 9 1.16032980e-06 2.13048995e-06 outputs/V1e25_D30_G6/solution/solution-00015 
 16 2.228114426260e+10 1.392571516413e+09 768 7235 3201 20 8 9 9 1.31848640e-06 2.41383022e-06 outputs/V1e25_D30_G6/solution/solution-00016 
 17 2.367371577901e+10 1.392571516413e+09 768 7235 3201 19 8 9 9 1.50144099e-06 2.74057769e-06 outputs/V1e25_D30_G6/solution/solution-00017 
 18 2.506628729543e+10 1.392571516413e+09 768 7235 3201 19 8 9 9 1.71289383e-06 3.11720163e-06 outputs/V1e25_D30_G6/solution/solution-00018 
 19 2.645885881184e+10 1.392571516413e+09 768 7235 3201 19 8 9 9 1.95711741e-06 3.55115220e-06 outputs/V1e25_D30_G6/solution/solution-00019 
 20 2.785143032825e+10 1.392571516413e+09 768 7235 3201 19 8 9 9 2.23904004e-06 4.05100416e-06 outputs/V1e25_D30_G6/solution/solution-00020 
 21 2.924400184466e+10 1.392571516413e+09 768 7235 3201 19 7 8 8 2.56434259e-06 4.62662256e-06 outputs/V1e25_D30_G6/solution/solution-00021 
 22 3.063657336108e+10 1.392571516413e+09 768 7235 3201 19 7 8 8 2.93957008e-06 5.28935344e-06 outputs/V1e25_D30_G6/solution/solution-00022 
 23 3.202914487749e+10 1.392571516413e+09 768 7235 3201 19 7 8 8 3.37225997e-06 6.05224284e-06 outputs/V1e25_D30_G6/solution/solution-00023 
 24 3.342171639390e+10 1.392571516413e+09 768 7235 3201 19 7 8 8 3.87108964e-06 6.93028785e-06 outputs/V1e25_D30_G6/solution/solution-00024 
 25 3.481428791032e+10 1.392571516413e+09 768 7235 3201 19 7 8 8 4.44604542e-06 7.94072391e-06 outputs/V1e25_D30_G6/solution/solution-00025 
 26 3.620685942673e+10 1.392571516413e+09 768 7235 3201 19 7 8 8 5.10861602e-06 9.10335264e-06 outputs/V1e25_D30_G6/solution/solution-00026 
 27 3.759943094314e+10 1.392571516413e+09 768 7235 3201 19 7 8 8 5.87201320e-06 1.04409150e-05 outputs/V1e25_D30_G6/solution/solution-00027 
 28 3.899200245955e+10 1.392571516413e+09 768 7235 3201 19 7 8 8 6.75142273e-06 1.19795139e-05 outputs/V1e25_D30_G6/solution/solution-00028 
 29 4.038457397597e+10 1.392571516413e+09 768 7235 3201 19 7 8 8 7.76428853e-06 1.37495675e-05 outputs/V1e25_D30_G6/solution/solution-00029 
 30 4.177714549238e+10 1.392571516413e+09 768 7235 3201 19 7 8 8 8.93063220e-06 1.57856659e-05 outputs/V1e25_D30_G6/solution/solution-00030 
 31 4.316971700879e+10 1.392571516413e+09 768 7235 3201 19 6 7 7 1.02734096e-05 1.81268253e-05 outputs/V1e25_D30_G6/solution/solution-00031 
 32 4.456228852520e+10 1.392571516413e+09 768 7235 3201 19 6 7 7 1.18189036e-05 2.08180900e-05 outputs/V1e25_D30_G6/solution/solution-00032 
 33 4.595486004162e+10 1.392571516413e+09 768 7235 3201 19 6 7 7 1.35971497e-05 2.39108513e-05 outputs/V1e25_D30_G6/solution/solution-00033 
 34 4.734743155803e+10 1.392571516413e+09 768 7235 3201 19 6 7 7 1.56423843e-05 2.74635765e-05 outputs/V1e25_D30_G6/solution/solution-00034 
 35 4.874000307444e+10 1.392571516413e+09 768 7235 3201 19 6 7 7 1.79934997e-05 3.15425323e-05 outputs/V1e25_D30_G6/solution/solution-00035 
 36 5.013257459085e+10 1.392571516413e+09 768 7235 3201 19 6 7 7 2.06944720e-05 3.62224397e-05 outputs/V1e25_D30_G6/solution/solution-00036 
 37 5.152514610727e+10 1.392571516413e+09 768 7235 3201 19 6 7 7 2.37947124e-05 4.15869650e-05 outputs/V1e25_D30_G6/solution/solution-00037 
 38 5.291771762368e+10 1.392571516413e+09 768 7235 3201 19 6 7 7 2.73492565e-05 4.77288937e-05 outputs/V1e25_D30_G6/solution/solution-00038 
 39 5.431028914009e+10 1.392571516413e+09 768 7235 3201 20 6 7 7 3.14186652e-05 5.47497540e-05 outputs/V1e25_D30_G6/solution/solution-00039 
 40 5.570286065650e+10 1.392571516413e+09 768 7235 3201 20 6 7 7 3.60684421e-05 6.27585460e-05 outputs/V1e25_D30_G6/solution/solution-00040 
 41 5.709543217292e+10 1.392571516413e+09 768 7235 3201 20 6 7 7 4.13676852e-05 7.18690817e-05 outputs/V1e25_D30_G6/solution/solution-00041 
 42 5.839945892534e+10 1.304026752424e+09 768 7235 3201 20 6 7 7 4.69872953e-05 8.15216573e-05 outputs/V1e25_D30_G6/solution/solution-00042 
 43 5.954903649374e+10 1.149577568403e+09 768 7235 3201 19 6 7 7 5.25239837e-05 9.10326158e-05 outputs/V1e25_D30_G6/solution/solution-00043 
 44 6.057867204560e+10 1.029635551855e+09 768 7235 3201 18 6 7 7 5.79812728e-05 1.00393114e-04 outputs/V1e25_D30_G6/solution/solution-00044 
 45 6.151244787544e+10 9.337758298416e+08 768 7235 3201 17 6 7 7 6.33567219e-05 1.09598774e-04 outputs/V1e25_D30_G6/solution/solution-00045 
 46 6.236791590783e+10 8.554680323855e+08 768 7235 3201 16 6 7 7 6.86461880e-05 1.18642320e-04 outputs/V1e25_D30_G6/solution/solution-00046 
 47 6.315828477930e+10 7.903688714761e+08 768 7235 3201 15 6 7 7 7.38450656e-05 1.27515774e-04 outputs/V1e25_D30_G6/solution/solution-00047 
 48 6.389375089218e+10 7.354661128803e+08 768 7235 3201 15 6 7 7 7.89486589e-05 1.36211107e-04 outputs/V1e25_D30_G6/solution/solution-00048 
 49 6.458235308222e+10 6.886021900366e+08 768 7235 3201 14 6 7 7 8.39523058e-05 1.44720451e-04 outputs/V1e25_D30_G6/solution/solution-00049 
 50 6.523044461946e+10 6.480915372441e+08 768 7235 3201 14 6 7 7 8.88506766e-05 1.53034902e-04 outputs/V1e25_D30_G6/solution/solution-00050 
 51 6.584323900068e+10 6.127943812212e+08 768 7235 3201 13 6 7 7 9.36388965e-05 1.61146429e-04 outputs/V1e25_D30_G6/solution/solution-00051 
 52 6.642511004233e+10 5.818710416467e+08 768 7235 3201 13 6 7 7 9.83128389e-05 1.69048354e-04 outputs/V1e25_D30_G6/solution/solution-00052 
 53 6.697971243165e+10 5.546023893171e+08 768 7235 3201 13 6 7 7 1.02868561e-04 1.76746722e-04 outputs/V1e25_D30_G6/solution/solution-00053 
 54 6.751013245128e+10 5.304200196362e+08 768 7235 3201 12 6 7 7 1.07302330e-04 1.84232193e-04 outputs/V1e25_D30_G6/solution/solution-00054 
 55 6.801900117058e+10 5.088687192987e+08 768 7235 3201 12 6 7 7 1.11610649e-04 1.91490813e-04 outputs/V1e25_D30_G6/solution/solution-00055 
 56 6.850858079413e+10 4.895796235507e+08 768 7235 3201 12 6 7 7 1.15790276e-04 1.98517453e-04 outputs/V1e25_D30_G6/solution/solution-00056 
 57 6.898083146428e+10 4.722506701496e+08 768 7235 3201 12 5 6 6 1.19838239e-04 2.05307495e-04 outputs/V1e25_D30_G6/solution/solution-00057 
 58 6.943746359974e+10 4.566321354573e+08 768 7235 3201 12 5 6 6 1.23751857e-04 2.11856855e-04 outputs/V1e25_D30_G6/solution/solution-00058 
 59 6.987997937353e+10 4.425157737912e+08 768 7235 3201 11 5 6 6 1.27528749e-04 2.18161989e-04 outputs/V1e25_D30_G6/solution/solution-00059 
 60 7.030970592915e+10 4.297265556136e+08 768 7235 3201 11 5 6 6 1.31166840e-04 2.24219910e-04 outputs/V1e25_D30_G6/solution/solution-00060 
 61 7.072782223383e+10 4.181163046829e+08 768 7235 3201 11 5 6 6 1.34664377e-04 2.30028189e-04 outputs/V1e25_D30_G6/solution/solution-00061 
 62 7.113538097837e+10 4.075587445421e+08 768 7235 3201 11 5 6 6 1.38019923e-04 2.35584963e-04 outputs/V1e25_D30_G6/solution/solution-00062 
 63 7.153332658077e+10 3.979456023998e+08 768 7235 3201 11 5 6 6 1.41232368e-04 2.40888928e-04 outputs/V1e25_D30_G6/solution/solution-00063 
 64 7.192251009666e+10 3.891835158865e+08 768 7235 3201 11 5 6 6 1.44300925e-04 2.45939341e-04 outputs/V1e25_D30_G6/solution/solution-00064 
 65 7.230370165247e+10 3.811915558136e+08 768 7235 3201 11 5 6 6 1.47225131e-04 2.50736010e-04 outputs/V1e25_D30_G6/solution/solution-00065 
 66 7.267760087864e+10 3.738992261741e+08 768 7235 3201 10 5 6 6 1.50004839e-04 2.55279286e-04 outputs/V1e25_D30_G6/solution/solution-00066 
 67 7.304484571588e+10 3.672448372333e+08 768 7235 3201 10 5 6 6 1.52640217e-04 2.59570055e-04 outputs/V1e25_D30_G6/solution/solution-00067 
 68 7.340601988863e+10 3.611741727500e+08 768 7235 3201 10 5 6 6 1.55131740e-04 2.63609719e-04 outputs/V1e25_D30_G6/solution/solution-00068 
 69 7.376165927953e+10 3.556393909026e+08 768 7235 3201 10 5 6 6 1.57480180e-04 2.67400185e-04 outputs/V1e25_D30_G6/solution/solution-00069 
 70 7.411225739181e+10 3.505981122755e+08 768 7235 3201 10 5 6 6 1.59686598e-04 2.70943845e-04 outputs/V1e25_D30_G6/solution/solution-00070 
 71 7.445827005041e+10 3.460126586023e+08 768 7235 3201 10 5 6 6 1.61752333e-04 2.74243559e-04 outputs/V1e25_D30_G6/solution/solution-00071 
 72 7.480011946420e+10 3.418494137908e+08 768 7235 3201 10 5 6 6 1.63678991e-04 2.77408065e-04 outputs/V1e25_D30_G6/solution/solution-00072 
 73 7.513819774893e+10 3.380782847334e+08 768 7235 3201 10 5 6 6 1.65468431e-04 2.80507452e-04 outputs/V1e25_D30_G6/solution/solution-00073 
 74 7.547253056673e+10 3.343328177979e+08 768 7235 3201 10 5 6 6 1.67121135e-04 2.83355281e-04 outputs/V1e25_D30_G6/solution/solution-00074 
 75 7.580347828713e+10 3.309477204020e+08 768 7235 3201 10 5 6 6 1.68639879e-04 2.85955387e-04 outputs/V1e25_D30_G6/solution/solution-00075 
 76 7.613139115024e+10 3.279128631081e+08 768 7235 3201 10 5 6 6 1.70027678e-04 2.88312213e-04 outputs/V1e25_D30_G6/solution/solution-00076 
 77 7.645659722513e+10 3.252060748925e+08 768 7235 3201 10 5 6 6 1.71287690e-04 2.90430647e-04 outputs/V1e25_D30_G6/solution/solution-00077 
 78 7.677940449469e+10 3.228072695617e+08 768 7235 3201 10 5 6 6 1.72423206e-04 2.92316002e-04 outputs/V1e25_D30_G6/solution/solution-00078 
 79 7.710010268344e+10 3.206981887410e+08 768 7235 3201 10 5 6 6 1.73437632e-04 2.93973988e-04 outputs/V1e25_D30_G6/solution/solution-00079 
 80 7.741896486224e+10 3.188621788002e+08 768 7235 3201 10 5 6 6 1.74334478e-04 2.95410689e-04 outputs/V1e25_D30_G6/solution/solution-00080 
 81 7.773624885873e+10 3.172839964947e+08 768 7235 3201 10 5 6 6 1.75117346e-04 2.96632536e-04 outputs/V1e25_D30_G6/solution/solution-00081 
 82 7.805219849769e+10 3.159496389600e+08 768 7235 3201 10 5 6 6 1.75789920e-04 2.97646279e-04 outputs/V1e25_D30_G6/solution/solution-00082 
 83 7.836704469212e+10 3.148461944296e+08 768 7235 3201 10 5 6 6 1.76355952e-04 2.98510796e-04 outputs/V1e25_D30_G6/solution/solution-00083 
 84 7.868100640278e+10 3.139617106574e+08 768 7235 3201 10 5 6 6 1.76819256e-04 2.99182811e-04 outputs/V1e25_D30_G6/solution/solution-00084 
 85 7.899429148130e+10 3.132850785209e+08 768 7235 3201 10 5 6 6 1.77183694e-04 2.99668164e-04 outputs/V1e25_D30_G6/solution/solution-00085 
 86 7.930709741000e+10 3.128059286979e+08 768 7235 3201 10 5 6 6 1.77453172e-04 2.99974308e-04 outputs/V1e25_D30_G6/solution/solution-00086 
 87 7.961961194965e+10 3.125145396510e+08 768 7235 3201 10 5 6 6 1.77631628e-04 3.00108889e-04 outputs/V1e25_D30_G6/solution/solution-00087 
 88 7.993201370508e+10 3.124017554323e+08 768 7235 3201 10 5 6 6 1.77723027e-04 3.00079723e-04 outputs/V1e25_D30_G6/solution/solution-00088 
 89 8.024447261714e+10 3.124589120651e+08 768 7235 3201 10 5 6 6 1.77731351e-04 2.99894766e-04 outputs/V1e25_D30_G6/solution/solution-00089 
 90 8.055715038860e+10 3.126777714555e+08 768 7235 3201 10 5 6 6 1.77660596e-04 2.99562088e-04 outputs/V1e25_D30_G6/solution/solution-00090 
 91 8.087020085055e+10 3.130504619524e+08 768 7235 3201 10 5 6 6 1.77514761e-04 2.99089845e-04 outputs/V1e25_D30_G6/solution/solution-00091 
 92 8.118377027538e+10 3.135694248232e+08 768 7235 3201 10 5 6 6 1.77297847e-04 2.98486255e-04 outputs/V1e25_D30_G6/solution/solution-00092 
 93 8.149799764140e+10 3.142273660275e+08 768 7235 3201 10 5 6 6 1.77013846e-04 2.97759569e-04 outputs/V1e25_D30_G6/solution/solution-00093 
 94 8.181296369842e+10 3.149660570148e+08 768 7235 3201 10 5 6 6 1.76666799e-04 2.96918193e-04 outputs/V1e25_D30_G6/solution/solution-00094 
 95 8.212879236613e+10 3.158286677109e+08 768 7235 3201 10 5 6 6 1.76260699e-04 2.95970424e-04 outputs/V1e25_D30_G6/solution/solution-00095 
 96 8.244560369961e+10 3.168113334830e+08 768 7235 3201 10 5 6 6 1.75799507e-04 2.94924501e-04 outputs/V1e25_D30_G6/solution/solution-00096 
 97 8.276351114373e+10 3.179074441188e+08 768 7235 3201 10 5 6 6 1.75287148e-04 2.93788592e-04 outputs/V1e25_D30_G6/solution/solution-00097 
 98 8.308262162483e+10 3.191104810959e+08 768 7235 3201 10 5 6 6 1.74727513e-04 2.92590218e-04 outputs/V1e25_D30_G6/solution/solution-00098 
 99 8.340303561730e+10 3.204139924740e+08 768 7235 3201 10 5 6 6 1.74124445e-04 2.91319544e-04 outputs/V1e25_D30_G6/solution/solution-00099 
100 8.372484718827e+10 3.218115709675e+08 768 7235 3201 10 5 6 6 1.73481743e-04 2.89981187e-04 outputs/V1e25_D30_G6/solution/solution-00100 
