# 1: Time step number
# 2: Time (years)
# 3: Time step size (years)
# 4: Number of mesh cells
# 5: Number of Stokes degrees of freedom
# 6: Number of temperature degrees of freedom
# 7: Iterations for temperature solver
# 8: Iterations for Stokes solver
# 9: Velocity iterations in Stokes preconditioner
# 10: Schur complement iterations in Stokes preconditioner
# 11: RMS velocity (m/year)
# 12: Max. velocity (m/year)
# 13: Visualization file name
  0 0.000000000000e+00 0.000000000000e+00 768 7235 3201  0 8 9 9 6.71259769e-07 1.41428113e-06 outputs/V1e25_D3000_G10/solution/solution-00000 
  1 1.392571516413e+09 1.392571516413e+09 768 7235 3201 32 8 9 9 1.19001071e-06 2.02667828e-06 outputs/V1e25_D3000_G10/solution/solution-00001 
  2 2.785143032825e+09 1.392571516413e+09 768 7235 3201 25 8 9 9 2.22708838e-06 3.85413254e-06 outputs/V1e25_D3000_G10/solution/solution-00002 
  3 4.177714549238e+09 1.392571516413e+09 768 7235 3201 24 8 9 9 4.07809420e-06 7.17226769e-06 outputs/V1e25_D3000_G10/solution/solution-00003 
  4 5.570286065650e+09 1.392571516413e+09 768 7235 3201 24 8 9 9 7.21916906e-06 1.28921106e-05 outputs/V1e25_D3000_G10/solution/solution-00004 
  5 6.962857582063e+09 1.392571516413e+09 768 7235 3201 23 8 9 9 1.23618613e-05 2.23787179e-05 outputs/V1e25_D3000_G10/solution/solution-00005 
  6 8.355429098476e+09 1.392571516413e+09 768 7235 3201 22 8 9 9 2.05325005e-05 3.76074465e-05 outputs/V1e25_D3000_G10/solution/solution-00006 
  7 9.748000614888e+09 1.392571516413e+09 768 7235 3201 22 8 9 9 3.31728190e-05 6.13611537e-05 outputs/V1e25_D3000_G10/solution/solution-00007 
  8 1.114057213130e+10 1.392571516413e+09 768 7235 3201 23 8 9 9 5.22536000e-05 9.74488083e-05 outputs/V1e25_D3000_G10/solution/solution-00008 
  9 1.210282908174e+10 9.622569504416e+08 768 7235 3201 20 7 8 8 7.11435812e-05 1.33272626e-04 outputs/V1e25_D3000_G10/solution/solution-00009 
 10 1.280600315155e+10 7.031740698104e+08 768 7235 3201 17 7 8 8 8.90330139e-05 1.67377180e-04 outputs/V1e25_D3000_G10/solution/solution-00010 
 11 1.336631455105e+10 5.603113995020e+08 768 7235 3201 15 7 8 8 1.06286619e-04 2.00246507e-04 outputs/V1e25_D3000_G10/solution/solution-00011 
 12 1.383448751172e+10 4.681729606602e+08 768 7235 3201 13 6 7 7 1.23017737e-04 2.32157618e-04 outputs/V1e25_D3000_G10/solution/solution-00012 
 13 1.423830798906e+10 4.038204773498e+08 768 7235 3201 12 6 7 7 1.39303963e-04 2.63239553e-04 outputs/V1e25_D3000_G10/solution/solution-00013 
 14 1.459460788590e+10 3.562998968335e+08 768 7235 3201 12 6 7 7 1.55199746e-04 2.93441937e-04 outputs/V1e25_D3000_G10/solution/solution-00014 
 15 1.491399204335e+10 3.193841574503e+08 768 7235 3201 11 6 7 7 1.70722980e-04 3.23066657e-04 outputs/V1e25_D3000_G10/solution/solution-00015 
 16 1.520421424108e+10 2.902221977277e+08 768 7235 3201 11 6 7 7 1.85901514e-04 3.51903649e-04 outputs/V1e25_D3000_G10/solution/solution-00016 
 17 1.547069182950e+10 2.664775884231e+08 768 7235 3201 10 6 7 7 2.00741456e-04 3.80061124e-04 outputs/V1e25_D3000_G10/solution/solution-00017 
 18 1.571736267825e+10 2.466708487461e+08 768 7235 3201 10 6 7 7 2.15233063e-04 4.07375751e-04 outputs/V1e25_D3000_G10/solution/solution-00018 
 19 1.594749419654e+10 2.301315182904e+08 768 7235 3201 10 6 7 7 2.29374395e-04 4.34063239e-04 outputs/V1e25_D3000_G10/solution/solution-00019 
 20 1.616359682860e+10 2.161026320612e+08 768 7235 3201 10 6 7 7 2.43152648e-04 4.59779782e-04 outputs/V1e25_D3000_G10/solution/solution-00020 
 21 1.636748034302e+10 2.038835144268e+08 768 7235 3201 10 6 7 7 2.56535830e-04 4.84595651e-04 outputs/V1e25_D3000_G10/solution/solution-00021 
 22 1.656086859592e+10 1.933882528939e+08 768 7235 3201  9 6 7 7 2.69505512e-04 5.08751941e-04 outputs/V1e25_D3000_G10/solution/solution-00022 
 23 1.674518529091e+10 1.843166949955e+08 768 7235 3201  9 6 7 7 2.82039127e-04 5.31779749e-04 outputs/V1e25_D3000_G10/solution/solution-00023 
 24 1.692157184537e+10 1.763865544516e+08 768 7235 3201  9 6 7 7 2.94107431e-04 5.53712936e-04 outputs/V1e25_D3000_G10/solution/solution-00024 
 25 1.709088340350e+10 1.693115581376e+08 768 7235 3201  9 6 7 7 3.05671785e-04 5.74679985e-04 outputs/V1e25_D3000_G10/solution/solution-00025 
 26 1.725401767372e+10 1.631342702192e+08 768 7235 3201  9 6 7 7 3.16705255e-04 5.94357690e-04 outputs/V1e25_D3000_G10/solution/solution-00026 
 27 1.741175097391e+10 1.577333001876e+08 768 7235 3201  9 6 7 7 3.27180249e-04 6.12872327e-04 outputs/V1e25_D3000_G10/solution/solution-00027 
 28 1.756476137676e+10 1.530104028542e+08 768 7235 3201  9 6 7 7 3.37069223e-04 6.30220669e-04 outputs/V1e25_D3000_G10/solution/solution-00028 
 29 1.771362713293e+10 1.488657561646e+08 768 7235 3201  9 6 7 7 3.46344142e-04 6.46166705e-04 outputs/V1e25_D3000_G10/solution/solution-00029 
 30 1.785875411660e+10 1.451269836692e+08 768 7235 3201  9 6 7 7 3.54972369e-04 6.60668304e-04 outputs/V1e25_D3000_G10/solution/solution-00030 
 31 1.800063464334e+10 1.418805267389e+08 768 7235 3201  9 6 7 7 3.62932605e-04 6.73706384e-04 outputs/V1e25_D3000_G10/solution/solution-00031 
 32 1.813971229878e+10 1.390776554477e+08 768 7235 3201  9 6 7 7 3.70205822e-04 6.85698194e-04 outputs/V1e25_D3000_G10/solution/solution-00032 
 33 1.827638990836e+10 1.366776095729e+08 768 7235 3201  9 6 7 7 3.76775658e-04 6.96304807e-04 outputs/V1e25_D3000_G10/solution/solution-00033 
 34 1.841103607249e+10 1.346461641290e+08 768 7235 3201  9 6 7 7 3.82628724e-04 7.05416406e-04 outputs/V1e25_D3000_G10/solution/solution-00034 
 35 1.854399057828e+10 1.329545057984e+08 768 7235 3201  9 6 7 7 3.87754867e-04 7.13036343e-04 outputs/V1e25_D3000_G10/solution/solution-00035 
 36 1.867556892207e+10 1.315783437846e+08 768 7235 3201  9 5 6 6 3.92147362e-04 7.19175004e-04 outputs/V1e25_D3000_G10/solution/solution-00036 
 37 1.880597995369e+10 1.304110316181e+08 768 7235 3201  9 5 6 6 3.95800857e-04 7.23847032e-04 outputs/V1e25_D3000_G10/solution/solution-00037 
 38 1.893549902761e+10 1.295190739252e+08 768 7235 3201  9 5 6 6 3.98717201e-04 7.27330508e-04 outputs/V1e25_D3000_G10/solution/solution-00038 
 39 1.906439503698e+10 1.288960093690e+08 768 7235 3201  9 5 6 6 4.00902082e-04 7.29409147e-04 outputs/V1e25_D3000_G10/solution/solution-00039 
 40 1.919292372411e+10 1.285286871314e+08 768 7235 3201  9 5 6 6 4.02364650e-04 7.30105034e-04 outputs/V1e25_D3000_G10/solution/solution-00040 
 41 1.932132990621e+10 1.284061820941e+08 768 7235 3201  9 5 6 6 4.03117422e-04 7.29461245e-04 outputs/V1e25_D3000_G10/solution/solution-00041 
 42 1.944984941375e+10 1.285195075418e+08 768 7235 3201  9 5 6 6 4.03176159e-04 7.27525996e-04 outputs/V1e25_D3000_G10/solution/solution-00042 
 43 1.957871078844e+10 1.288613746864e+08 768 7235 3201  9 5 6 6 4.02559698e-04 7.24352200e-04 outputs/V1e25_D3000_G10/solution/solution-00043 
 44 1.970813677768e+10 1.294259892486e+08 768 7235 3201  9 6 7 7 4.01289770e-04 7.20142631e-04 outputs/V1e25_D3000_G10/solution/solution-00044 
 45 1.983834565546e+10 1.302088777725e+08 768 7235 3201  9 6 7 7 3.99390791e-04 7.14847848e-04 outputs/V1e25_D3000_G10/solution/solution-00045 
 46 1.996955238956e+10 1.312067341051e+08 768 7235 3201  9 6 7 7 3.96889628e-04 7.10837041e-04 outputs/V1e25_D3000_G10/solution/solution-00046 
 47 2.010134442147e+10 1.317920319063e+08 768 7235 3201  9 6 7 7 3.93831033e-04 7.07991740e-04 outputs/V1e25_D3000_G10/solution/solution-00047 
 48 2.023368623464e+10 1.323418131769e+08 768 7235 3201  9 6 7 7 3.90259845e-04 7.04124931e-04 outputs/V1e25_D3000_G10/solution/solution-00048 
 49 2.036677525194e+10 1.330890172934e+08 768 7235 3201  9 6 7 7 3.86216920e-04 6.99308736e-04 outputs/V1e25_D3000_G10/solution/solution-00049 
 50 2.050080153279e+10 1.340262808482e+08 768 7235 3201  9 6 7 7 3.81742948e-04 6.93615125e-04 outputs/V1e25_D3000_G10/solution/solution-00050 
 51 2.063594884392e+10 1.351473111344e+08 768 7235 3201  9 6 7 7 3.76878211e-04 6.87115545e-04 outputs/V1e25_D3000_G10/solution/solution-00051 
 52 2.077239556189e+10 1.364467179727e+08 768 7235 3201  9 6 7 7 3.71662364e-04 6.79880609e-04 outputs/V1e25_D3000_G10/solution/solution-00052 
 53 2.091031542278e+10 1.379198608863e+08 768 7235 3201  9 6 7 7 3.66134255e-04 6.71979829e-04 outputs/V1e25_D3000_G10/solution/solution-00053 
 54 2.104987813278e+10 1.395627100023e+08 768 7235 3201  9 6 7 7 3.60331750e-04 6.63481375e-04 outputs/V1e25_D3000_G10/solution/solution-00054 
 55 2.119124985093e+10 1.413717181480e+08 768 7235 3201  9 6 7 7 3.54291597e-04 6.54451870e-04 outputs/V1e25_D3000_G10/solution/solution-00055 
 56 2.133459355264e+10 1.433437017072e+08 768 7235 3201  9 6 7 7 3.48049298e-04 6.44956210e-04 outputs/V1e25_D3000_G10/solution/solution-00056 
 57 2.148006928080e+10 1.454757281680e+08 768 7235 3201  9 6 7 7 3.41639011e-04 6.35057395e-04 outputs/V1e25_D3000_G10/solution/solution-00057 
 58 2.162783428952e+10 1.477650087129e+08 768 7235 3201  9 6 7 7 3.35093462e-04 6.24816393e-04 outputs/V1e25_D3000_G10/solution/solution-00058 
 59 2.177804308412e+10 1.502087946005e+08 768 7235 3201  9 6 7 7 3.28443886e-04 6.14292012e-04 outputs/V1e25_D3000_G10/solution/solution-00059 
 60 2.193082105674e+10 1.527779726168e+08 768 7235 3201  9 6 7 7 3.21721126e-04 6.03542633e-04 outputs/V1e25_D3000_G10/solution/solution-00060 
 61 2.208629258046e+10 1.554715237288e+08 768 7235 3201  9 6 7 7 3.14954304e-04 5.92624095e-04 outputs/V1e25_D3000_G10/solution/solution-00061 
 62 2.224460077371e+10 1.583081932421e+08 768 7235 3201  9 6 7 7 3.08169920e-04 5.81588138e-04 outputs/V1e25_D3000_G10/solution/solution-00062 
 63 2.240588492818e+10 1.612841544748e+08 768 7235 3201  9 6 7 7 3.01392829e-04 5.70483887e-04 outputs/V1e25_D3000_G10/solution/solution-00063 
 64 2.257028008988e+10 1.643951616950e+08 768 7235 3201  9 6 7 7 2.94646258e-04 5.59357793e-04 outputs/V1e25_D3000_G10/solution/solution-00064 
 65 2.273791655976e+10 1.676364698885e+08 768 7235 3201  9 6 7 7 2.87951820e-04 5.48253596e-04 outputs/V1e25_D3000_G10/solution/solution-00065 
 66 2.290891931941e+10 1.710027596413e+08 768 7235 3201  9 6 7 7 2.81329539e-04 5.37286021e-04 outputs/V1e25_D3000_G10/solution/solution-00066 
 67 2.308340738787e+10 1.744880684666e+08 768 7235 3201  9 6 7 7 2.74797890e-04 5.26431848e-04 outputs/V1e25_D3000_G10/solution/solution-00067 
 68 2.326149311785e+10 1.780857299787e+08 768 7235 3201  9 6 7 7 2.68373827e-04 5.15709693e-04 outputs/V1e25_D3000_G10/solution/solution-00068 
 69 2.344328144027e+10 1.817883224179e+08 768 7235 3201  9 6 7 7 2.62072832e-04 5.05152207e-04 outputs/V1e25_D3000_G10/solution/solution-00069 
 70 2.362886906838e+10 1.855876281100e+08 768 7235 3201  9 5 6 6 2.55908956e-04 4.94789260e-04 outputs/V1e25_D3000_G10/solution/solution-00070 
 71 2.381834367435e+10 1.894746059671e+08 768 7235 3201  9 5 6 6 2.49894870e-04 4.84647966e-04 outputs/V1e25_D3000_G10/solution/solution-00071 
 72 2.401178305001e+10 1.934393756668e+08 768 7235 3201  9 5 6 6 2.44041909e-04 4.74752721e-04 outputs/V1e25_D3000_G10/solution/solution-00072 
 73 2.420925427223e+10 1.974712222170e+08 768 7235 3201  9 5 6 6 2.38360128e-04 4.65125250e-04 outputs/V1e25_D3000_G10/solution/solution-00073 
 74 2.441081288487e+10 2.015586126357e+08 768 7235 3201  9 5 6 6 2.32858345e-04 4.55784674e-04 outputs/V1e25_D3000_G10/solution/solution-00074 
 75 2.461650211767e+10 2.056892328026e+08 768 7235 3201  9 5 6 6 2.27544200e-04 4.46747587e-04 outputs/V1e25_D3000_G10/solution/solution-00075 
 76 2.482635216000e+10 2.098500423275e+08 768 7235 3201  9 5 6 6 2.22424201e-04 4.38028134e-04 outputs/V1e25_D3000_G10/solution/solution-00076 
 77 2.504037950810e+10 2.140273481033e+08 768 7235 3201  9 5 6 6 2.17503779e-04 4.29638117e-04 outputs/V1e25_D3000_G10/solution/solution-00077 
 78 2.525858640436e+10 2.182068962566e+08 768 7235 3201  9 5 6 6 2.12787337e-04 4.21587091e-04 outputs/V1e25_D3000_G10/solution/solution-00078 
 79 2.548096038603e+10 2.223739816699e+08 768 7235 3201  9 5 6 6 2.08278301e-04 4.13882482e-04 outputs/V1e25_D3000_G10/solution/solution-00079 
 80 2.570747395971e+10 2.265135736823e+08 768 7235 3201  9 5 6 6 2.03979174e-04 4.06529702e-04 outputs/V1e25_D3000_G10/solution/solution-00080 
 81 2.593808441571e+10 2.306104560061e+08 768 7235 3201  9 5 6 6 1.99891583e-04 3.99532275e-04 outputs/V1e25_D3000_G10/solution/solution-00081 
 82 2.617273379407e+10 2.346493783547e+08 768 7235 3201  9 5 6 6 1.96016337e-04 3.92891959e-04 outputs/V1e25_D3000_G10/solution/solution-00082 
 83 2.641134901085e+10 2.386152167841e+08 768 7235 3201  9 5 6 6 1.92353470e-04 3.86608876e-04 outputs/V1e25_D3000_G10/solution/solution-00083 
 84 2.665384215019e+10 2.424931393354e+08 768 7235 3201  9 5 6 6 1.88902298e-04 3.80681638e-04 outputs/V1e25_D3000_G10/solution/solution-00084 
 85 2.690011092345e+10 2.462687732627e+08 768 7235 3201  9 5 6 6 1.85661469e-04 3.75107476e-04 outputs/V1e25_D3000_G10/solution/solution-00085 
 86 2.715003929339e+10 2.499283699409e+08 768 7235 3201  9 5 6 6 1.82629011e-04 3.69882362e-04 outputs/V1e25_D3000_G10/solution/solution-00086 
 87 2.740349825690e+10 2.534589635069e+08 768 7235 3201  9 5 6 6 1.79802386e-04 3.65001131e-04 outputs/V1e25_D3000_G10/solution/solution-00087 
 88 2.766034677629e+10 2.568485193871e+08 768 7235 3201  9 5 6 6 1.77178536e-04 3.60457599e-04 outputs/V1e25_D3000_G10/solution/solution-00088 
 89 2.792043284540e+10 2.600860691121e+08 768 7235 3201  9 5 6 6 1.74753934e-04 3.56244675e-04 outputs/V1e25_D3000_G10/solution/solution-00089 
 90 2.818359467360e+10 2.631618282036e+08 768 7235 3201  9 5 6 6 1.72524634e-04 3.52354468e-04 outputs/V1e25_D3000_G10/solution/solution-00090 
 91 2.844966196803e+10 2.660672944248e+08 768 7235 3201  9 5 6 6 1.70486310e-04 3.48778388e-04 outputs/V1e25_D3000_G10/solution/solution-00091 
 92 2.871845729232e+10 2.687953242887e+08 768 7235 3201  9 5 6 6 1.68634311e-04 3.45507244e-04 outputs/V1e25_D3000_G10/solution/solution-00092 
 93 2.898979747871e+10 2.713401863932e+08 768 7235 3201  9 5 6 6 1.66963696e-04 3.42531331e-04 outputs/V1e25_D3000_G10/solution/solution-00093 
 94 2.926349506957e+10 2.736975908647e+08 768 7235 3201  9 5 6 6 1.65469280e-04 3.39840515e-04 outputs/V1e25_D3000_G10/solution/solution-00094 
 95 2.953935976448e+10 2.758646949087e+08 768 7235 3201  9 5 6 6 1.64145672e-04 3.37424314e-04 outputs/V1e25_D3000_G10/solution/solution-00095 
 96 2.981719984964e+10 2.778400851597e+08 768 7235 3201  9 5 6 6 1.62987312e-04 3.35271964e-04 outputs/V1e25_D3000_G10/solution/solution-00096 
 97 3.009682358780e+10 2.796237381578e+08 768 7235 3201  9 5 6 6 1.61988505e-04 3.33372495e-04 outputs/V1e25_D3000_G10/solution/solution-00097 
 98 3.037804054863e+10 2.812169608358e+08 768 7235 3201  9 5 6 6 1.61143457e-04 3.31714785e-04 outputs/V1e25_D3000_G10/solution/solution-00098 
 99 3.066066286199e+10 2.826223133566e+08 768 7235 3201  9 5 6 6 1.60446302e-04 3.30287621e-04 outputs/V1e25_D3000_G10/solution/solution-00099 
100 3.094450637898e+10 2.838435169841e+08 768 7235 3201  9 5 6 6 1.59891129e-04 3.29079751e-04 outputs/V1e25_D3000_G10/solution/solution-00100 
